DATFILE : offices1_5r_500.dat
ENVIRONMENT : office
ALGORITHM : HBSS - TAU 9
RANGE : 500
STARTING_POS : 42
N_ROBOTS : 5
GREEDY SOLUTION : 2176.0
COMPUTATIONS T :
2220.0
2180.0
2180.0
2180.0
2180.0
2174.0
2180.0
2204.0
2180.0
2246.0
2143.0
2180.0
2180.0
2159.0
2180.0
2222.0
2236.0
2115.0
2146.0
2244.0
2168.0
2168.0
2180.0
2287.0
2180.0
2174.0
2280.0
2180.0
2200.0
2279.0
2363.0
2233.0
2212.0
2244.0
2183.0
2180.0
2179.0
2180.0
2231.0
2180.0
2253.0
2194.0
2166.0
2180.0
2170.0
2130.0
2298.0
2180.0
2180.0
2176.0
2180.0
2264.0
2137.0
2180.0
2143.0
2268.0
2242.0
2161.0
2180.0
2254.0
2171.0
2180.0
2177.0
2157.0
2180.0
2180.0
2235.0
2180.0
2255.0
2180.0
2321.0
2170.0
2171.0
2215.0
2213.0
2316.0
2174.0
2030.0
2193.0
2209.0
2284.0
2166.0
2180.0
2340.0
2180.0
2173.0
2180.0
2180.0
2180.0
2180.0
2180.0
2180.0
2180.0
2180.0
2162.0
2288.0
2180.0
2180.0
2190.0
2192.0
2180.0
2261.0
2179.0
2168.0
2180.0
2180.0
2180.0
2206.0
2192.0
2180.0
2217.0
2177.0
2151.0
2180.0
2304.0
2250.0
2319.0
2219.0
2180.0
2180.0
2180.0
2180.0
2193.0
2358.0
2135.0
2180.0
2180.0
2181.0
2180.0
2180.0
2180.0
2180.0
2328.0
2200.0
2131.0
2180.0
2295.0
2206.0
2283.0
2180.0
2180.0
2180.0
2180.0
2180.0
2180.0
2160.0
2180.0
2180.0
2215.0
2274.0
2180.0
2180.0
2176.0
2180.0
2283.0
2178.0
2200.0
2180.0
2180.0
2216.0
2180.0
2180.0
2180.0
2268.0
2180.0
2180.0
2180.0
2183.0
2180.0
2246.0
2180.0
2180.0
2237.0
2166.0
2175.0
2292.0
2180.0
2180.0
2180.0
2222.0
2149.0
2109.0
2180.0
2180.0
2186.0
2249.0
2240.0
2240.0
2128.0
2128.0
2234.0
2192.0
2197.0
2180.0
2180.0
2180.0
2180.0
2180.0
2268.0
2148.0
;
HBBS bestT : 2030.0
BEST_CONFIGURATIONS : 
42 42 42 42 42 
41 42 42 42 42 
41 42 5 24 42 
41 42 5 24 42 
41 42 5 24 42 
41 42 5 24 42 
41 42 5 24 42 
41 42 5 24 36 
41 42 5 24 36 
41 42 5 24 36 
41 42 5 24 36 
41 42 5 4 36 
41 42 5 4 36 
41 42 5 4 36 
41 42 5 4 36 
41 42 24 4 36 
36 42 24 4 35 
36 41 24 4 35 
36 41 24 4 35 
36 41 24 4 35 
36 41 24 4 34 
36 41 24 4 34 
36 41 4 4 34 
36 41 4 24 34 
36 41 4 5 34 
35 42 4 5 34 
35 42 4 5 34 
35 42 4 5 34 
35 42 4 5 34 
35 42 3 5 34 
35 42 3 5 34 
35 42 3 5 34 
35 42 3 5 34 
35 42 3 24 34 
34 42 3 24 33 
34 42 3 24 33 
34 42 3 24 33 
34 42 3 24 33 
34 42 3 4 33 
34 42 3 4 33 
35 42 3 4 33 
35 41 3 4 33 
35 41 3 4 33 
36 41 3 4 33 
36 41 3 4 33 
36 40 3 4 33 
36 40 3 4 33 
36 40 3 4 33 
36 40 3 4 33 
36 40 3 24 33 
41 40 3 24 33 
41 40 3 24 32 
41 40 3 24 32 
41 40 3 24 32 
41 40 3 24 32 
41 40 3 24 27 
41 40 3 24 27 
41 40 3 24 27 
41 40 3 24 27 
41 40 3 24 26 
41 40 3 24 26 
41 40 3 24 26 
41 40 3 4 26 
41 40 3 4 27 
36 40 3 4 27 
36 39 3 4 27 
36 39 3 4 27 
36 39 3 4 27 
36 39 3 4 27 
36 39 3 4 32 
36 39 3 4 32 
36 39 3 4 32 
36 39 23 4 32 
36 39 23 4 32 
36 39 23 24 32 
36 39 23 24 32 
36 39 23 24 27 
36 39 23 24 32 
36 39 23 4 32 
36 26 23 4 32 
36 26 23 4 32 
36 26 23 4 32 
36 26 23 24 32 
36 26 23 24 27 
36 26 2 24 27 
36 26 2 24 27 
36 26 2 24 27 
36 26 2 24 27 
36 26 2 24 32 
36 27 2 24 32 
36 27 2 4 32 
41 27 2 4 32 
41 31 2 4 32 
41 31 2 4 32 
41 31 2 4 32 
41 31 2 4 27 
41 31 2 4 32 
41 31 23 4 32 
41 31 23 4 32 
41 31 23 24 32 
41 30 23 24 32 
41 30 2 24 32 
41 30 2 4 32 
41 30 2 4 27 
41 30 2 4 32 
41 30 23 4 32 
41 30 23 24 32 
36 30 23 24 32 
36 30 26 24 32 
36 30 26 5 32 
36 30 26 5 33 
36 30 26 5 33 
36 30 26 5 33 
36 30 26 5 33 
35 30 26 5 33 
35 30 26 5 33 
35 30 26 5 32 
35 30 26 5 32 
35 30 27 5 32 
35 30 27 5 32 
35 29 27 5 32 
35 29 27 5 32 
35 29 27 5 32 
35 29 27 5 32 
35 29 31 5 32 
35 29 31 5 32 
35 29 31 5 32 
35 29 31 5 33 
35 29 31 5 33 
34 29 31 5 33 
34 29 31 5 33 
34 29 31 24 33 
34 29 31 24 32 
34 29 27 24 32 
34 29 27 4 32 
34 29 27 4 33 
34 30 27 4 33 
34 30 32 4 33 
34 30 32 3 33 
36 29 32 3 33 
36 29 32 3 33 
36 29 31 3 33 
36 29 31 3 33 
36 29 31 3 26 
36 29 31 3 26 
41 29 31 3 26 
41 29 31 3 38 
41 29 30 3 38 
41 29 30 23 38 
41 29 30 23 38 
41 29 30 23 38 
41 29 30 23 38 
41 29 30 2 38 
41 29 30 2 38 
41 29 31 2 38 
36 29 31 2 38 
36 30 31 2 38 
36 30 31 2 37 
36 30 31 2 37 
36 30 31 2 37 
36 30 31 2 37 
36 30 31 2 43 
36 30 31 2 43 
36 30 31 2 43 
36 30 31 2 43 
36 30 27 2 37 
36 30 27 23 37 
36 29 27 23 37 
41 29 27 23 37 
41 29 32 23 37 
41 29 32 26 37 
41 28 32 26 37 
41 28 32 26 37 
41 28 32 26 37 
41 28 32 26 37 
41 28 27 26 37 
41 28 27 26 43 
41 28 27 26 43 
41 28 27 26 43 
36 28 27 26 43 
36 28 32 26 43 
36 28 32 23 43 
36 28 32 23 43 
35 28 32 23 43 
35 28 32 23 43 
35 28 32 23 43 
35 28 33 23 43 
35 28 33 23 43 
35 28 33 23 43 
34 28 33 23 43 
34 28 33 23 43 
34 28 33 23 37 
34 28 33 23 37 
34 28 33 23 43 
34 28 33 2 43 
34 28 33 2 43 
34 28 33 2 43 
35 28 33 2 43 
35 28 33 2 37 
35 17 33 2 37 
35 17 32 2 37 
35 17 32 2 37 
35 17 32 2 37 
35 17 27 2 37 
35 17 27 2 43 
35 17 27 23 43 
34 17 27 23 43 
34 17 26 23 43 
34 17 26 23 43 
34 17 26 1 43 
34 17 26 1 25 
34 17 26 1 25 
34 17 26 1 25 
34 17 26 1 25 
34 17 26 1 25 
34 17 26 1 25 
34 17 27 1 25 
34 17 27 1 25 
35 17 27 1 25 
35 17 27 1 25 
35 28 27 1 25 
35 28 27 1 25 
35 28 32 1 25 
35 28 32 1 25 
36 28 32 1 25 
36 28 32 1 25 
36 29 32 1 25 
36 29 32 1 25 
36 29 33 1 25 
36 29 33 1 25 
41 29 33 1 25 
41 29 33 1 25 
41 30 33 1 25 
41 30 33 1 25 
41 31 33 1 25 
41 31 33 1 25 
42 31 33 1 25 
42 31 27 1 25 
42 31 27 1 25 
42 31 32 1 25 
42 30 32 1 25 
42 30 32 1 0 
42 30 32 1 0 
42 30 32 1 0 
42 30 32 1 0 
42 30 27 1 0 
42 29 27 1 0 
42 29 27 23 0 
42 29 27 23 0 
42 29 26 23 0 
42 29 26 23 0 
42 29 26 2 0 
42 28 26 2 0 
42 28 26 2 0 
42 28 38 2 0 
42 28 38 2 0 
42 28 38 2 0 
42 28 37 2 0 
41 28 37 2 0 
41 17 37 3 0 
41 17 37 3 0 
41 17 37 3 0 
41 17 37 3 0 
41 17 43 3 0 
41 17 43 3 0 
36 17 43 3 0 
36 17 43 3 0 
36 17 25 3 0 
36 17 25 3 0 
35 17 25 3 0 
35 28 25 3 0 
34 28 0 3 0 
34 17 0 24 0 
34 17 0 24 0 
34 17 0 24 25 
33 17 0 24 25 
33 17 0 24 25 
33 17 0 4 25 
33 17 0 4 25 
33 17 0 4 25 
33 28 0 4 25 
33 28 25 4 43 
33 28 25 4 43 
31 28 25 4 43 
31 28 25 4 37 
31 28 25 4 37 
30 28 25 4 37 
30 28 25 24 37 
30 28 25 24 37 
30 28 43 24 37 
30 28 43 24 37 
29 28 43 24 37 
29 28 43 24 37 
29 28 43 5 37 
29 28 43 5 37 
29 28 43 5 37 
29 28 37 5 38 
29 28 37 5 38 
28 17 37 5 38 
28 17 37 5 38 
28 17 43 5 38 
28 17 43 24 38 
29 17 43 24 38 
29 17 43 4 38 
29 17 25 4 38 
30 17 25 4 38 
31 17 25 4 38 
31 17 0 4 38 
31 17 0 4 39 
31 17 0 4 39 
31 17 0 4 39 
31 17 0 5 39 
31 17 0 5 39 
30 17 0 5 39 
30 28 0 5 39 
30 28 25 5 39 
30 28 25 5 39 
29 28 25 5 39 
29 28 43 5 39 
29 19 43 5 39 
29 19 43 5 39 
29 19 43 5 39 
29 19 43 41 39 
29 19 37 41 39 
29 19 37 41 39 
30 19 37 41 39 
30 19 37 42 39 
30 19 38 42 39 
30 19 38 42 39 
31 19 38 42 39 
27 19 38 42 39 
27 19 38 42 39 
27 19 38 42 26 
27 19 38 42 26 
32 19 38 42 26 
32 19 38 42 26 
32 19 38 42 23 
32 19 38 5 23 
33 19 38 5 23 
33 19 38 5 23 
33 19 38 5 2 
33 19 38 5 2 
34 19 38 5 2 
34 19 38 5 2 
34 19 38 5 3 
34 19 38 5 3 
35 19 38 5 3 
35 19 38 5 3 
35 19 38 40 3 
35 19 38 40 3 
35 19 38 40 3 
35 19 38 40 23 
34 19 38 40 23 
34 19 37 40 23 
34 17 37 40 23 
34 17 37 40 2 
34 17 43 40 2 
34 28 43 40 2 
34 28 25 40 2 
34 28 25 40 2 
31 28 25 40 2 
31 29 25 40 2 
31 29 25 40 23 
30 29 25 40 23 
30 29 0 40 23 
30 29 0 40 1 
30 19 0 40 1 
30 19 0 40 1 
28 19 0 40 1 
28 19 0 39 1 
28 19 25 39 1 
17 19 25 39 1 
17 19 25 23 1 
17 19 43 23 1 
17 19 43 2 1 
17 16 43 2 1 
17 16 43 2 1 
17 16 43 2 1 
17 16 43 2 1 
17 16 37 2 1 
17 16 37 2 1 
17 16 37 23 1 
28 16 37 23 1 
28 16 38 23 1 
28 16 38 26 1 
28 16 38 26 1 
29 16 38 26 1 
29 16 38 27 1 
30 16 38 27 1 
30 16 39 27 1 
30 16 39 32 1 
30 16 39 32 0 
31 16 39 32 0 
31 16 39 33 0 
31 16 39 33 0 
31 16 39 33 25 
31 16 39 34 25 
31 16 39 34 25 
26 16 39 34 25 
26 16 39 35 25 
26 16 39 35 25 
39 16 39 35 2 
39 16 39 36 2 
39 16 23 36 2 
40 16 23 36 2 
40 16 39 36 2 
40 16 39 36 3 
40 16 39 18 3 
40 16 39 18 3 
40 16 26 18 3 
40 16 26 18 3 
40 16 27 18 3 
39 16 27 18 3 
39 16 27 18 24 
39 16 32 18 24 
39 16 32 18 24 
39 16 32 18 4 
39 16 32 18 4 
23 16 32 18 4 
23 16 33 18 4 
2 16 33 18 4 
2 16 34 18 4 
2 16 34 18 3 
2 6 34 18 3 
23 6 34 18 3 
23 6 34 18 3 
23 6 35 18 3 
23 6 35 18 3 
26 6 35 18 3 
26 6 36 18 3 
27 6 36 18 3 
27 6 41 18 3 
32 6 41 18 3 
32 6 41 18 1 
32 6 41 18 1 
33 6 41 18 1 
33 6 42 18 1 
33 6 42 18 0 
33 6 42 18 25 
31 6 42 18 25 
31 6 42 18 25 
31 6 5 18 25 
30 6 5 18 25 
30 6 5 18 25 
30 6 5 18 43 
30 6 5 18 37 
29 6 5 18 37 
29 6 5 18 37 
29 6 5 18 38 
29 6 5 18 38 
28 6 5 18 38 
28 6 39 18 38 
17 6 39 18 38 
17 6 39 18 38 
19 6 39 18 38 
19 6 39 20 38 
19 6 39 20 38 
19 6 1 20 38 
19 6 1 20 2 
19 6 1 20 23 
17 22 1 20 23 
17 22 1 20 23 
17 22 1 20 23 
17 22 1 20 23 
17 22 1 20 23 
17 7 1 20 23 
17 7 1 20 23 
17 7 1 20 23 
17 7 1 20 23 
17 7 1 20 2 
17 7 1 9 2 
17 7 1 9 2 
17 7 23 9 2 
17 22 23 9 2 
17 22 23 9 2 
17 22 26 9 2 
17 22 26 9 2 
28 22 26 9 2 
28 7 26 9 2 
28 7 26 9 2 
28 7 26 20 2 
28 7 26 20 2 
28 7 26 20 3 
28 22 26 20 3 
28 22 27 20 3 
28 22 27 20 3 
29 22 27 20 3 
29 22 27 20 3 
29 22 32 20 3 
29 22 32 20 3 
30 22 32 20 3 
30 22 32 20 3 
30 22 32 20 24 
30 22 32 20 24 
30 22 33 20 24 
30 22 33 20 24 
30 22 33 20 4 
30 22 33 20 4 
31 22 33 20 4 
31 22 33 20 4 
31 7 33 20 4 
31 7 32 20 4 
31 7 32 9 4 
31 7 32 9 4 
31 7 32 9 4 
31 7 27 9 4 
31 7 27 9 4 
31 7 27 9 24 
30 7 27 9 24 
30 7 27 9 24 
30 7 27 9 5 
29 7 27 9 5 
29 7 27 9 5 
29 7 33 9 5 
29 7 33 9 5 
29 7 34 9 5 
29 7 34 9 5 
29 7 34 9 41 
29 22 34 9 41 
29 22 34 9 41 
19 22 34 9 41 
19 22 34 9 41 
19 22 35 9 41 
19 22 35 9 41 
19 22 35 9 36 
19 22 35 9 36 
19 7 35 9 36 
19 7 35 9 36 
19 7 35 9 36 
19 7 35 20 36 
19 7 35 20 36 
19 7 34 20 36 
19 7 34 20 41 
16 6 34 20 41 
16 6 34 20 41 
16 6 34 20 42 
16 22 34 20 42 
16 22 34 9 42 
16 22 34 9 42 
16 7 34 9 42 
16 7 18 9 42 
16 7 18 9 42 
16 22 18 9 42 
6 22 18 9 42 
6 22 18 9 42 
6 22 18 9 40 
6 22 18 9 40 
6 7 18 9 40 
6 7 18 9 40 
6 7 18 20 40 
6 7 18 20 40 
6 7 18 12 40 
6 7 18 12 40 
6 7 18 12 40 
6 7 18 12 40 
6 22 18 12 40 
6 22 18 12 39 
6 22 18 12 39 
16 22 18 12 39 
16 7 18 12 39 
16 7 36 12 39 
16 7 36 12 26 
16 7 41 12 26 
19 7 41 12 26 
19 7 41 12 27 
19 10 41 12 27 
19 10 41 12 27 
19 10 41 12 27 
19 10 41 12 27 
19 10 41 12 32 
19 10 41 12 32 
19 10 36 12 32 
17 10 36 12 32 
17 10 36 12 32 
17 10 36 12 33 
17 10 36 12 33 
17 10 35 12 33 
17 10 35 12 33 
28 10 35 12 33 
28 10 35 12 33 
28 10 35 12 34 
28 10 35 12 34 
29 10 35 12 34 
29 10 35 12 34 
30 10 35 12 34 
30 10 35 12 34 
30 10 18 12 34 
31 10 18 12 34 
31 10 18 12 34 
31 10 18 12 26 
31 10 18 12 23 
31 10 18 12 23 
31 10 20 12 23 
31 10 20 12 23 
31 10 20 12 2 
31 10 20 12 2 
38 10 20 12 2 
38 10 20 12 2 
38 10 20 12 2 
37 10 20 12 2 
37 10 20 12 2 
37 10 20 12 2 
37 10 20 12 3 
37 10 20 12 3 
43 10 20 12 3 
43 10 9 12 3 
43 10 9 12 3 
43 10 9 12 24 
43 10 9 12 24 
25 10 9 12 24 
25 10 9 12 4 
0 10 9 12 4 
0 10 21 12 4 
0 10 21 12 4 
0 10 21 12 4 
0 10 21 12 4 
0 10 8 12 4 
0 10 8 12 4 
0 10 8 12 4 
1 10 8 12 4 
1 10 8 12 4 
1 10 8 12 4 
1 10 8 20 4 
1 10 8 20 24 
1 10 8 20 24 
1 10 8 9 24 
1 11 8 9 24 
1 11 8 9 24 
1 11 8 9 24 
1 11 8 9 24 
1 11 21 9 24 
1 11 21 9 24 
1 11 21 9 24 
1 11 21 9 24 
1 11 21 9 5 
1 11 8 9 5 
1 11 8 20 5 
1 11 8 20 5 
1 11 21 20 5 
1 11 21 20 5 
23 11 21 20 5 
23 11 21 20 5 
2 11 21 20 5 
2 11 8 20 5 
2 11 8 12 5 
2 11 8 12 5 
2 11 21 12 5 
23 11 8 12 5 
23 21 8 12 5 
23 21 8 12 41 
23 21 8 12 41 
26 21 8 12 41 
26 21 8 12 41 
26 21 8 11 41 
26 21 8 11 41 
27 8 8 11 41 
27 8 21 11 41 
27 8 21 11 41 
27 8 21 11 36 
27 8 21 11 36 
27 8 21 11 36 
32 8 21 11 36 
32 8 21 11 36 
32 8 21 11 36 
32 8 21 11 35 
32 8 21 11 35 
32 8 21 11 35 
33 8 21 11 35 
33 8 21 11 35 
33 8 21 11 35 
33 8 21 11 34 
33 8 21 11 34 
33 8 21 11 34 
31 8 21 11 34 
31 8 11 11 34 
31 8 11 21 34 
30 8 11 21 34 
30 8 11 21 34 
30 8 11 21 34 
30 8 11 21 18 
30 8 11 21 18 
30 8 11 21 18 
29 8 11 21 18 
29 8 11 21 18 
29 8 11 21 18 
28 8 11 21 18 
28 8 11 21 18 
28 8 11 21 18 
17 8 11 21 18 
17 8 11 21 18 
17 8 11 21 18 
17 8 11 21 42 
17 8 11 21 42 
19 8 11 21 42 
19 8 11 21 42 
19 8 11 21 42 
19 8 11 21 40 
19 8 11 21 40 
19 8 11 21 40 
16 8 11 21 40 
16 8 11 21 40 
16 8 11 21 40 
16 8 11 21 39 
16 8 11 21 39 
16 8 11 21 39 
6 8 11 21 39 
6 8 11 21 39 
6 8 11 21 39 
6 8 11 21 38 
6 8 11 21 38 
6 8 11 21 38 
22 8 11 21 38 
22 8 11 21 38 
22 8 11 21 38 
22 8 11 21 38 
7 8 11 21 38 
7 8 11 21 38 
7 8 11 21 38 
7 8 11 21 38 
7 8 11 21 37 
7 8 11 21 37 
7 8 11 21 37 
7 8 11 21 37 
7 8 11 21 43 
7 8 11 21 43 
7 8 11 21 43 
7 8 11 21 43 
22 8 11 21 37 
22 8 11 21 43 
22 8 10 21 43 
22 8 10 11 43 
7 8 10 11 43 
7 22 10 11 43 
7 22 10 11 25 
7 22 10 11 25 
7 22 10 11 25 
7 22 21 11 25 
7 15 21 11 25 
7 15 21 11 25 
7 15 21 10 25 
7 15 21 10 25 
22 15 21 10 25 
22 15 8 10 25 
22 15 8 10 0 
22 15 8 10 0 
22 15 8 11 0 
22 15 8 11 0 
7 15 8 11 0 
7 15 12 11 0 
6 15 12 11 0 
6 15 12 10 0 
6 15 12 10 1 
6 15 20 10 1 
6 15 9 10 1 
6 15 9 10 23 
16 15 9 10 23 
16 15 9 10 23 
16 15 9 10 2 
19 15 9 10 2 
19 15 9 10 3 
19 15 8 10 3 
19 15 8 11 3 
19 15 21 11 3 
17 15 21 11 3 
28 15 21 11 3 
28 15 21 11 24 
28 15 21 11 4 
28 15 9 20 4 
29 15 9 20 4 
30 15 9 20 4 
30 15 9 20 5 
31 15 9 20 5 
31 15 9 18 5 
27 15 9 18 5 
32 15 9 18 5 
32 15 9 18 41 
32 15 9 36 41 
33 15 9 36 41 
33 15 9 36 42 
33 15 12 36 42 
33 15 12 35 42 
34 15 12 35 42 
34 15 12 35 40 
34 15 10 35 40 
26 15 10 35 40 
26 15 10 35 39 
26 15 10 35 39 
38 15 10 35 39 
38 15 10 20 39 
37 15 10 20 39 
43 15 10 20 39 
43 15 10 9 39 
43 15 10 9 38 
25 13 10 9 38 
25 13 14 9 38 
25 13 14 9 38 
25 13 14 9 38 
25 13 14 9 38 
25 13 14 9 38 
25 13 14 9 38 
25 13 14 9 26 
25 13 14 9 26 
25 13 14 20 26 
25 13 14 20 26 
0 13 14 20 26 
0 13 14 20 26 
0 13 14 20 27 
0 13 14 20 27 
0 13 14 12 27 
0 13 14 12 27 
0 13 14 12 32 
0 13 14 12 32 
1 13 14 12 32 
1 13 14 12 32 
1 13 14 12 33 
1 13 14 12 33 
1 13 14 21 33 
1 13 14 21 33 
23 13 14 21 33 
23 13 14 21 33 
23 13 14 8 33 
23 13 14 8 34 
23 13 14 8 34 
23 13 14 8 34 
2 13 14 8 34 
2 13 14 8 34 
2 13 14 8 35 
2 13 14 8 35 
3 13 14 8 35 
3 13 14 8 35 
3 13 14 11 35 
3 13 14 11 35 
3 13 14 11 36 
3 13 14 11 36 
3 13 14 11 41 
3 13 14 11 41 
24 13 14 11 41 
24 13 14 11 41 
24 13 14 10 41 
24 13 14 10 41 
4 13 14 10 41 
4 13 14 10 41 
4 13 14 10 42 
4 13 14 10 42 
4 13 14 22 42 
4 13 14 22 42 
4 13 14 7 42 
4 13 14 7 42 
5 13 14 7 42 
5 13 14 7 42 
5 13 14 7 40 
5 13 14 7 40 
5 13 14 7 40 
5 13 14 6 40 
5 13 14 6 40 
5 13 14 6 39 
5 13 14 6 39 
5 13 14 16 39 
5 13 14 16 39 
42 13 14 16 40 
42 13 15 16 40 
42 13 15 19 40 
42 13 15 17 40 
18 13 15 17 40 
18 13 14 17 40 
18 13 14 17 40 
18 13 14 17 37 
18 13 14 17 37 
18 13 14 28 37 
18 13 14 28 37 
18 13 14 28 43 
18 13 14 28 43 
18 13 14 29 43 
18 13 14 29 43 
18 13 14 30 43 
18 13 14 30 43 
18 13 14 30 19 
18 13 14 31 19 
18 13 14 31 19 
18 15 14 31 19 
16 15 14 19 19 
16 15 14 1 3 
42 42 42 42 42 
;
ROBOT MOVING BEST:
0 0 0 0 0 
1 1 0 0 0 
0 0 1 1 0 
1 0 1 0 0 
1 0 0 1 0 
0 1 1 0 0 
0 1 0 1 0 
0 0 1 0 1 
1 0 0 0 1 
0 1 0 0 1 
0 0 0 1 1 
1 0 0 1 0 
0 1 0 1 0 
0 0 1 1 0 
0 0 0 1 1 
0 0 1 1 0 
1 0 0 0 1 
0 1 0 0 1 
0 0 1 0 1 
0 0 0 1 1 
1 0 0 0 1 
0 1 0 0 1 
0 0 1 0 1 
0 0 0 1 1 
0 0 0 1 1 
1 1 0 0 0 
1 0 0 1 0 
1 0 0 0 1 
0 1 0 0 1 
1 0 1 0 0 
0 1 1 0 0 
0 0 1 1 0 
0 0 1 0 1 
0 0 1 1 0 
1 0 0 0 1 
0 1 0 0 1 
0 0 1 0 1 
0 0 0 1 1 
0 0 1 1 0 
0 0 0 1 1 
1 0 0 0 1 
0 1 1 0 0 
0 1 0 0 1 
1 0 1 0 0 
1 0 0 0 1 
1 1 0 0 0 
0 1 1 0 0 
0 1 0 1 0 
0 1 0 0 1 
0 1 0 1 0 
1 1 0 0 0 
1 0 0 0 1 
0 1 0 0 1 
0 0 1 0 1 
0 0 0 1 1 
1 0 0 0 1 
0 1 0 0 1 
0 0 1 0 1 
0 0 0 1 1 
1 0 0 0 1 
0 1 0 0 1 
0 0 1 0 1 
0 0 0 1 1 
0 0 0 1 1 
1 0 0 0 1 
1 1 0 0 0 
0 1 1 0 0 
0 1 0 1 0 
0 1 0 0 1 
1 0 0 0 1 
0 1 0 0 1 
0 0 0 1 1 
0 1 1 0 0 
1 0 1 0 0 
0 1 0 1 0 
0 0 1 1 0 
0 0 1 0 1 
0 0 1 0 1 
0 0 1 1 0 
1 1 0 0 0 
0 1 1 0 0 
0 1 0 0 1 
0 1 0 1 0 
0 1 0 0 1 
1 0 1 0 0 
0 1 1 0 0 
0 0 1 1 0 
0 0 1 0 1 
0 0 1 0 1 
0 1 0 0 1 
0 0 1 1 0 
1 0 1 0 0 
1 1 0 0 0 
0 1 1 0 0 
0 1 0 1 0 
0 1 0 0 1 
0 1 0 0 1 
1 0 1 0 0 
0 1 1 0 0 
0 1 0 1 0 
1 1 0 0 0 
0 1 1 0 0 
0 1 0 1 0 
0 1 0 0 1 
0 1 0 0 1 
0 1 1 0 0 
0 1 0 1 0 
1 1 0 0 0 
0 1 1 0 0 
0 1 0 1 0 
0 1 0 0 1 
0 0 1 1 0 
0 0 1 0 1 
0 0 0 1 1 
1 1 0 0 0 
1 0 1 0 0 
1 0 0 0 1 
0 0 0 1 1 
1 0 1 0 0 
0 0 1 1 0 
1 1 0 0 0 
0 1 1 0 0 
0 1 0 1 0 
0 1 0 0 1 
1 0 1 0 0 
0 1 1 0 0 
0 0 1 1 0 
0 1 0 0 1 
0 0 1 0 1 
1 1 0 0 0 
1 0 1 0 0 
0 1 0 1 0 
1 0 0 0 1 
1 0 1 0 0 
0 1 0 1 0 
0 0 1 0 1 
1 1 0 0 0 
0 0 1 0 1 
0 1 0 1 0 
1 1 0 0 0 
0 1 0 1 0 
1 0 1 0 0 
0 0 1 1 0 
0 1 0 0 1 
0 0 1 0 1 
1 1 0 0 0 
1 0 0 0 1 
0 1 1 0 0 
0 1 0 1 0 
0 1 0 0 1 
0 0 1 0 1 
0 0 0 1 1 
0 1 0 1 0 
0 0 0 1 1 
0 0 1 0 1 
1 0 0 0 1 
0 1 1 0 0 
1 0 0 0 1 
0 1 0 0 1 
0 0 1 0 1 
0 0 0 1 1 
1 0 0 0 1 
0 1 0 0 1 
0 0 1 0 1 
0 0 0 1 1 
0 0 1 0 1 
0 0 0 1 1 
0 1 0 0 1 
1 0 0 0 1 
0 0 1 0 1 
0 0 0 1 1 
1 1 0 0 0 
0 1 1 0 0 
0 1 0 1 0 
0 1 0 0 1 
0 1 1 0 0 
0 1 0 0 1 
0 0 1 0 1 
0 0 0 1 1 
1 1 0 0 0 
0 0 1 0 1 
0 1 0 1 0 
0 0 0 1 1 
1 1 0 0 0 
1 0 0 1 0 
1 0 0 0 1 
0 1 1 0 0 
0 0 1 1 0 
0 0 1 0 1 
1 1 0 0 0 
1 0 0 1 0 
1 0 0 0 1 
0 0 1 0 1 
1 0 0 0 1 
1 0 0 1 0 
0 1 0 1 0 
0 0 1 1 0 
1 0 0 1 0 
1 0 0 0 1 
1 1 0 0 0 
0 1 1 0 0 
0 1 0 1 0 
0 1 0 0 1 
0 1 1 0 0 
0 1 0 0 1 
0 1 0 1 0 
1 1 0 0 0 
1 0 1 0 0 
0 1 1 0 0 
1 0 0 1 0 
1 0 0 0 1 
0 1 0 1 0 
0 1 0 0 1 
0 0 1 1 0 
0 0 1 0 1 
0 0 0 1 1 
0 0 1 1 0 
0 0 1 0 1 
1 0 0 1 0 
1 0 0 0 1 
0 1 0 1 0 
0 1 0 0 1 
0 0 1 1 0 
0 0 1 0 1 
1 0 0 1 0 
1 0 0 0 1 
0 1 0 1 0 
0 1 0 0 1 
0 0 1 1 0 
0 0 1 0 1 
1 0 0 1 0 
1 0 0 0 1 
0 1 0 1 0 
0 1 0 0 1 
0 1 0 1 0 
0 1 0 0 1 
1 1 0 0 0 
1 0 1 0 0 
1 0 0 1 0 
1 0 1 0 0 
1 1 0 0 0 
1 0 0 0 1 
0 1 0 0 1 
0 0 1 0 1 
0 0 0 1 1 
0 0 1 0 1 
0 1 0 0 1 
1 0 0 1 0 
0 0 0 1 1 
1 0 1 0 0 
0 0 1 0 1 
1 0 0 1 0 
0 1 0 0 1 
0 0 0 1 1 
1 0 1 0 0 
0 1 1 0 0 
0 0 1 0 1 
0 0 1 0 1 
1 0 0 0 1 
0 1 0 1 0 
0 1 0 0 1 
0 0 1 1 0 
0 0 0 1 1 
0 0 1 1 0 
0 0 1 0 1 
1 1 0 0 0 
1 0 0 0 1 
0 0 1 1 0 
0 0 1 0 1 
1 0 0 0 1 
0 1 0 1 0 
1 0 1 0 0 
0 1 0 1 0 
0 0 1 1 0 
0 0 0 1 1 
1 1 0 0 0 
1 0 1 0 0 
0 1 0 1 0 
0 0 1 1 0 
0 0 0 1 1 
0 1 0 1 0 
0 0 1 0 1 
0 0 0 1 1 
1 1 0 0 0 
0 0 1 0 1 
0 0 0 1 1 
1 1 0 0 0 
0 1 0 1 0 
0 0 0 1 1 
0 0 1 1 0 
0 0 1 0 1 
1 1 0 0 0 
1 0 1 0 0 
0 1 0 1 0 
0 0 1 1 0 
0 0 0 1 1 
0 0 1 0 1 
0 0 0 1 1 
1 1 0 0 0 
0 1 0 0 1 
0 0 1 0 1 
0 0 0 1 1 
1 1 0 0 0 
0 0 0 1 1 
0 0 1 0 1 
1 1 0 0 0 
1 1 0 0 0 
1 0 1 0 0 
1 0 0 0 1 
0 1 0 0 1 
0 0 1 0 1 
0 0 1 1 0 
0 0 0 1 1 
1 0 0 0 1 
0 1 0 0 1 
0 0 1 1 0 
0 0 1 0 1 
1 0 0 0 1 
0 0 1 0 1 
1 1 0 0 0 
0 1 1 0 0 
0 1 0 0 1 
0 0 0 1 1 
0 1 1 0 0 
0 0 1 0 1 
1 1 0 0 0 
0 0 0 1 1 
0 1 1 0 0 
0 0 1 0 1 
1 1 0 0 0 
1 1 0 0 0 
1 0 1 0 0 
0 1 0 0 1 
0 0 1 0 1 
1 1 0 0 0 
1 0 1 0 0 
0 1 0 0 1 
0 0 0 1 1 
1 1 0 0 0 
1 0 1 0 0 
0 1 0 0 1 
0 0 0 1 1 
1 1 0 0 0 
1 0 1 0 0 
0 1 0 0 1 
0 0 1 0 1 
1 1 0 0 0 
1 0 1 0 0 
1 0 0 1 0 
0 1 0 1 0 
0 0 1 1 0 
0 0 0 1 1 
1 0 0 1 0 
0 0 1 1 0 
0 1 0 1 0 
0 0 0 1 1 
0 0 1 1 0 
0 1 0 1 0 
0 0 1 1 0 
0 0 1 0 1 
1 0 0 1 0 
0 1 0 1 0 
0 0 1 0 1 
1 0 0 1 0 
0 0 1 1 0 
0 0 0 1 1 
0 1 1 0 0 
0 1 0 0 1 
1 1 0 0 0 
0 0 0 1 1 
0 1 1 0 0 
1 1 0 0 0 
0 0 0 1 1 
0 0 1 0 1 
0 0 0 1 1 
1 1 0 0 0 
0 1 1 0 0 
0 1 0 1 0 
0 1 0 0 1 
0 1 1 0 0 
0 0 1 0 1 
0 1 0 1 0 
1 1 0 0 0 
0 1 1 0 0 
0 1 0 1 0 
0 0 1 0 1 
1 1 0 0 0 
0 1 0 1 0 
1 1 0 0 0 
0 1 1 0 0 
0 1 0 1 0 
0 1 0 0 1 
1 1 0 0 0 
0 1 0 1 0 
0 0 1 1 0 
0 1 0 0 1 
0 1 0 1 0 
0 0 1 1 0 
1 0 1 0 0 
0 1 0 1 0 
0 0 1 1 0 
1 0 0 0 1 
0 1 0 1 0 
0 0 1 0 1 
1 1 0 0 0 
1 0 1 0 0 
0 1 0 0 1 
1 0 0 1 0 
0 1 0 1 0 
0 0 1 1 0 
0 0 0 1 1 
0 0 1 1 0 
1 0 0 1 0 
0 1 0 0 1 
0 0 1 1 0 
0 0 0 1 1 
0 1 0 0 1 
0 0 0 1 1 
1 0 0 1 0 
0 0 1 1 0 
1 0 0 1 0 
0 0 1 1 0 
1 0 0 0 1 
0 1 1 0 0 
1 1 0 0 0 
1 0 0 0 1 
0 1 1 0 0 
0 0 1 1 0 
1 1 0 0 0 
0 0 1 1 0 
1 1 0 0 0 
0 0 1 1 0 
1 1 0 0 0 
0 1 0 0 1 
0 0 0 1 1 
1 1 0 0 0 
0 0 1 1 0 
0 1 0 0 1 
0 1 0 0 1 
1 1 0 0 0 
1 0 0 1 0 
0 0 1 1 0 
1 1 0 0 0 
1 0 0 1 0 
0 1 0 0 1 
0 1 0 0 1 
1 1 0 0 0 
1 0 0 1 0 
0 1 0 0 1 
0 0 0 1 1 
1 1 0 0 0 
0 1 1 0 0 
1 1 0 0 0 
1 0 0 1 0 
1 1 0 0 0 
1 0 0 1 0 
0 1 0 1 0 
0 0 1 1 0 
0 0 0 1 1 
0 0 0 1 1 
1 1 0 0 0 
1 0 0 1 0 
0 1 1 0 0 
0 1 0 1 0 
0 1 0 0 1 
1 1 0 0 0 
0 1 1 0 0 
0 1 0 1 0 
0 1 0 0 1 
0 1 0 0 1 
1 0 0 1 0 
0 1 0 1 0 
0 0 1 1 0 
0 1 0 1 0 
0 1 0 0 1 
0 1 1 0 0 
0 0 1 1 0 
1 1 0 0 0 
1 1 0 0 0 
0 1 1 0 0 
1 0 0 1 0 
0 0 1 1 0 
0 0 0 1 1 
0 1 0 0 1 
0 1 1 0 0 
0 0 1 1 0 
1 1 0 0 0 
1 0 0 1 0 
0 1 1 0 0 
0 0 1 1 0 
1 1 0 0 0 
1 0 0 1 0 
0 1 0 0 1 
0 0 0 1 1 
0 1 1 0 0 
0 0 1 1 0 
0 1 0 0 1 
0 0 0 1 1 
1 1 0 0 0 
1 0 0 1 0 
1 1 0 0 0 
0 1 1 0 0 
1 0 0 1 0 
0 0 1 1 0 
0 0 0 1 1 
0 1 1 0 0 
0 0 1 1 0 
0 0 0 1 1 
1 1 0 0 0 
1 0 0 1 0 
0 0 0 1 1 
1 1 0 0 0 
1 0 0 1 0 
0 1 1 0 0 
0 0 1 1 0 
0 1 1 0 0 
0 0 1 1 0 
0 0 0 1 1 
0 1 1 0 0 
0 1 0 0 1 
1 1 0 0 0 
1 0 0 1 0 
0 1 1 0 0 
0 0 1 1 0 
0 1 0 0 1 
0 0 0 1 1 
1 1 0 0 0 
0 1 1 0 0 
0 1 0 0 1 
0 0 1 1 0 
0 0 0 1 1 
0 0 1 1 0 
0 0 0 1 1 
1 1 0 0 0 
1 0 0 1 0 
0 0 0 1 1 
1 1 0 0 0 
1 0 0 1 0 
0 0 0 1 1 
1 1 0 0 0 
0 1 1 0 0 
0 0 1 1 0 
0 1 1 0 0 
1 1 0 0 0 
1 0 0 1 0 
0 1 0 0 1 
0 0 0 1 1 
1 1 0 0 0 
0 1 0 0 1 
0 0 1 1 0 
0 0 0 1 1 
1 0 0 1 0 
0 1 0 1 0 
0 0 1 1 0 
0 0 0 1 1 
0 1 0 1 0 
0 1 0 0 1 
0 0 0 1 1 
1 0 0 1 0 
0 1 0 0 1 
0 0 1 1 0 
0 0 0 1 1 
0 0 1 1 0 
1 0 0 1 0 
0 0 0 1 1 
1 1 0 0 0 
0 1 1 0 0 
0 1 0 1 0 
0 1 0 0 1 
0 1 0 0 1 
0 0 0 1 1 
0 1 1 0 0 
1 1 0 0 0 
1 0 0 1 0 
0 1 0 0 1 
0 0 0 1 1 
0 1 1 0 0 
0 0 1 1 0 
1 1 0 0 0 
1 0 0 1 0 
0 1 0 0 1 
0 0 0 1 1 
1 1 0 0 0 
1 0 0 1 0 
1 1 0 0 0 
1 0 0 1 0 
0 1 1 0 0 
1 1 0 0 0 
1 0 0 1 0 
0 1 0 0 1 
0 1 0 0 1 
0 0 0 1 1 
0 1 1 0 0 
0 0 1 1 0 
0 1 0 0 1 
0 0 0 1 1 
1 1 0 0 0 
1 0 1 0 0 
1 0 0 1 0 
1 1 0 0 0 
1 0 1 0 0 
1 0 0 1 0 
0 1 0 0 1 
0 0 0 1 1 
1 1 0 0 0 
0 1 1 0 0 
0 0 1 1 0 
0 1 0 0 1 
0 0 0 1 1 
1 1 0 0 0 
0 0 0 1 1 
1 1 0 0 0 
1 0 1 0 0 
0 1 1 0 0 
0 0 1 1 0 
0 0 1 0 1 
0 1 1 0 0 
0 0 1 1 0 
0 0 1 0 1 
1 1 0 0 0 
1 0 1 0 0 
1 0 0 0 1 
0 0 1 1 0 
1 0 0 0 1 
0 0 1 0 1 
0 0 1 1 0 
1 1 0 0 0 
0 1 1 0 0 
0 1 0 1 0 
0 1 0 0 1 
1 0 1 0 0 
0 1 1 0 0 
0 0 1 1 0 
0 0 1 0 1 
1 0 0 0 1 
0 0 1 0 1 
0 1 0 1 0 
0 0 0 1 1 
0 0 1 1 0 
0 0 1 0 1 
1 1 0 0 0 
1 0 1 0 0 
1 1 0 0 0 
1 0 1 0 0 
0 1 0 1 0 
0 0 0 1 1 
1 0 1 0 0 
1 0 1 0 0 
0 1 1 0 0 
0 1 0 0 1 
0 0 1 0 1 
1 1 0 0 0 
1 0 1 0 0 
1 0 0 1 0 
0 0 0 1 1 
1 1 0 0 0 
1 0 1 0 0 
1 0 0 1 0 
0 1 0 0 1 
0 0 1 0 1 
0 0 0 1 1 
1 1 0 0 0 
1 0 1 0 0 
1 0 0 1 0 
0 1 0 0 1 
0 0 1 0 1 
0 0 0 1 1 
1 1 0 0 0 
1 0 1 0 0 
1 0 0 1 0 
0 1 0 0 1 
0 0 1 0 1 
0 0 0 1 1 
1 1 0 0 0 
1 0 1 0 0 
1 0 0 1 0 
1 1 0 0 0 
1 0 1 0 0 
1 0 0 1 0 
0 1 0 0 1 
0 0 1 0 1 
0 0 0 1 1 
1 1 0 0 0 
1 0 1 0 0 
1 0 0 1 0 
1 1 0 0 0 
1 0 1 0 0 
1 0 0 1 0 
1 1 0 0 0 
1 0 1 0 0 
1 0 0 1 0 
0 1 0 0 1 
0 0 0 1 1 
1 1 0 0 0 
1 0 1 0 0 
1 0 0 1 0 
0 1 0 0 1 
0 0 1 0 1 
0 0 0 1 1 
1 1 0 0 0 
1 0 1 0 0 
1 0 0 1 0 
0 1 0 0 1 
0 0 1 0 1 
0 0 0 1 1 
1 1 0 0 0 
1 0 1 0 0 
1 0 0 1 0 
0 1 0 0 1 
0 0 1 0 1 
0 0 0 1 1 
1 1 0 0 0 
1 0 1 0 0 
1 0 0 1 0 
1 0 0 0 1 
1 1 0 0 0 
1 0 1 0 0 
1 0 0 1 0 
1 0 0 0 1 
1 0 0 0 1 
0 1 0 0 1 
0 0 1 0 1 
0 0 0 1 1 
1 0 0 0 1 
0 1 0 0 1 
0 0 1 0 1 
0 0 0 1 1 
1 0 0 0 1 
1 0 0 0 1 
1 0 1 0 0 
0 0 1 1 0 
1 0 1 0 0 
1 1 0 0 0 
1 0 0 0 1 
0 1 0 0 1 
0 0 0 1 1 
0 0 1 0 1 
1 1 0 0 0 
0 1 1 0 0 
0 1 0 1 0 
0 1 0 0 1 
1 1 0 0 0 
0 1 1 0 0 
1 0 0 0 1 
0 1 0 0 1 
0 1 0 1 0 
0 0 0 1 1 
1 0 0 0 1 
0 1 1 0 0 
1 1 0 0 0 
1 0 0 1 0 
0 1 0 0 1 
0 1 1 0 0 
0 1 1 0 0 
0 1 0 0 1 
1 1 0 0 0 
1 0 0 1 0 
0 1 0 0 1 
1 1 0 0 0 
0 1 0 0 1 
0 0 1 0 1 
0 0 0 1 1 
0 0 1 0 1 
1 1 0 0 0 
1 1 0 0 0 
0 1 0 0 1 
0 1 0 0 1 
0 0 1 1 0 
1 1 0 0 0 
1 1 0 0 0 
0 1 0 0 1 
1 1 0 0 0 
0 1 0 1 0 
1 1 0 0 0 
1 1 0 0 0 
0 1 0 0 1 
0 1 0 1 0 
1 1 0 0 0 
0 1 0 0 1 
0 0 1 0 1 
0 1 0 1 0 
1 1 0 0 0 
0 1 0 0 1 
0 0 1 0 1 
1 1 0 0 0 
0 1 0 0 1 
0 0 1 0 1 
1 1 0 0 0 
0 0 0 1 1 
1 1 0 0 0 
1 1 0 0 0 
0 0 0 1 1 
0 0 0 1 1 
1 1 0 0 0 
1 0 1 0 0 
0 1 1 0 0 
0 1 0 1 0 
0 1 0 0 1 
0 0 1 1 0 
0 0 1 0 1 
0 1 0 0 1 
0 0 1 0 1 
0 1 0 1 0 
0 0 1 1 0 
1 1 0 0 0 
1 0 1 0 0 
0 1 0 0 1 
0 0 1 0 1 
0 1 0 1 0 
0 0 1 1 0 
0 1 0 0 1 
0 0 1 0 1 
1 1 0 0 0 
1 0 1 0 0 
0 1 0 0 1 
0 0 1 0 1 
0 1 0 1 0 
0 0 1 1 0 
1 1 0 0 0 
1 0 1 0 0 
0 1 0 1 0 
0 1 0 0 1 
0 0 1 1 0 
0 0 1 0 1 
1 1 0 0 0 
1 0 1 0 0 
0 1 0 0 1 
0 0 1 0 1 
1 1 0 0 0 
1 0 1 0 0 
0 1 0 1 0 
0 0 1 1 0 
0 1 0 0 1 
0 0 1 0 1 
0 1 0 0 1 
0 0 1 0 1 
1 1 0 0 0 
1 0 1 0 0 
0 1 0 1 0 
0 0 1 1 0 
1 1 0 0 0 
1 0 1 0 0 
0 1 0 0 1 
0 0 1 0 1 
0 1 0 1 0 
0 0 1 1 0 
0 1 0 1 0 
0 0 1 1 0 
1 1 0 0 0 
1 0 1 0 0 
1 0 0 0 1 
0 1 0 0 1 
0 0 1 0 1 
0 1 0 1 0 
0 0 1 1 0 
0 1 0 0 1 
0 0 1 0 1 
0 1 0 1 0 
0 0 1 1 0 
1 0 0 0 1 
0 1 1 0 0 
0 1 0 1 0 
0 1 0 1 0 
1 1 0 0 0 
1 0 1 0 0 
0 0 1 1 0 
0 1 0 0 1 
0 0 1 0 1 
0 1 0 1 0 
0 0 1 1 0 
0 1 0 0 1 
0 0 1 0 1 
0 1 0 1 0 
0 0 1 1 0 
0 1 0 1 0 
0 0 1 1 0 
0 0 1 0 1 
0 1 0 1 0 
0 0 1 1 0 
0 1 1 0 0 
1 0 0 1 0 
0 0 0 1 1 
1 1 1 1 1 
;
TIMETABLE BEST: 
0.0 0.0 0.0 0.0 0.0 
10 10 0 0 0 
10 10 18 18 0 
18 10 18 18 0 
18 10 18 18 0 
18 18 18 18 0 
18 18 18 18 0 
18 18 19 18 19 
19 18 19 18 19 
19 19 19 18 19 
19 19 19 19 19 
26 19 19 26 19 
26 26 19 26 19 
26 26 26 26 19 
26 26 26 26 26 
26 26 34 34 26 
36 26 34 34 36 
36 36 34 34 36 
36 36 36 34 36 
36 36 36 36 36 
44 36 36 36 44 
44 44 36 36 44 
44 44 44 36 44 
44 44 44 44 44 
44 44 44 52 52 
54 54 44 52 52 
54 54 44 54 52 
54 54 44 54 54 
54 54 44 54 54 
58 54 58 54 54 
58 58 58 54 54 
58 58 58 58 54 
58 58 58 58 58 
58 58 66 66 58 
67 58 66 66 67 
67 67 66 66 67 
67 67 67 66 67 
67 67 67 67 67 
67 67 74 74 67 
67 67 74 74 74 
75 67 74 74 75 
75 77 77 74 75 
75 77 77 74 77 
85 77 85 74 77 
85 77 85 74 85 
88 88 85 74 85 
88 88 88 74 85 
88 88 88 88 85 
88 88 88 88 88 
88 95 88 95 88 
97 97 88 95 88 
97 97 88 95 97 
97 97 88 95 97 
97 97 97 95 97 
97 97 97 97 97 
103 97 97 97 103 
103 103 97 97 103 
103 103 103 97 103 
103 103 103 103 103 
110 103 103 103 110 
110 110 103 103 110 
110 110 110 103 110 
110 110 110 110 110 
110 110 110 117 117 
119 110 110 117 119 
121 121 110 117 119 
121 121 121 117 119 
121 121 121 121 119 
121 121 121 121 121 
127 121 121 121 127 
127 127 121 121 127 
127 127 121 127 127 
127 134 134 127 127 
134 134 134 127 127 
134 134 134 134 127 
134 134 134 134 127 
134 134 134 134 134 
134 134 140 134 140 
134 134 141 141 140 
142 142 141 141 140 
142 142 142 141 140 
142 142 142 141 142 
142 148 142 148 142 
142 148 142 148 148 
149 148 149 148 148 
149 149 149 148 148 
149 149 149 149 148 
149 149 149 149 149 
149 149 155 149 155 
149 156 155 149 156 
149 156 156 156 156 
158 156 158 156 156 
163 163 158 156 156 
163 163 163 156 156 
163 163 163 163 156 
163 163 163 163 163 
163 169 163 163 169 
170 169 170 163 169 
170 170 170 163 169 
170 170 170 170 169 
178 178 170 170 169 
178 178 178 170 169 
178 178 178 178 169 
178 178 178 178 178 
178 184 178 178 184 
178 185 185 178 184 
178 185 185 185 184 
187 187 185 185 184 
187 193 193 185 184 
187 193 193 193 184 
187 193 193 193 193 
187 193 193 193 193 
187 193 193 193 193 
187 193 193 193 193 
197 197 193 193 193 
197 197 197 193 193 
202 197 197 193 202 
202 197 197 202 202 
204 197 204 202 202 
204 197 204 204 202 
205 205 204 204 202 
205 205 205 204 202 
205 205 205 205 202 
205 205 205 205 205 
212 205 212 205 205 
212 212 212 205 205 
212 212 212 212 205 
212 214 212 212 214 
212 214 214 212 214 
220 220 214 212 214 
220 220 220 212 214 
220 220 220 220 214 
223 220 220 220 223 
227 220 227 220 223 
227 227 227 227 223 
227 227 232 227 232 
235 235 232 227 232 
235 235 238 227 238 
235 241 238 241 238 
249 249 238 241 238 
249 249 238 249 238 
251 249 251 249 238 
251 249 251 251 238 
251 256 251 251 256 
251 256 256 251 256 
260 260 256 251 256 
264 260 256 251 264 
264 264 264 251 264 
264 264 264 264 264 
264 264 264 264 264 
264 264 264 264 264 
264 264 264 264 264 
264 271 264 271 264 
264 271 264 271 271 
264 271 272 271 272 
273 271 272 271 273 
273 279 279 271 273 
282 279 279 271 282 
282 282 279 271 282 
282 282 282 271 282 
282 282 282 282 282 
288 282 282 282 288 
288 288 282 282 288 
288 288 288 282 288 
288 288 288 288 288 
288 288 295 288 295 
288 288 295 295 295 
288 296 295 295 296 
297 296 295 295 297 
297 296 301 295 301 
297 296 301 303 303 
305 305 301 303 303 
305 305 305 303 303 
305 305 305 305 303 
305 305 305 305 305 
305 311 311 305 305 
305 311 311 305 311 
305 311 311 305 311 
305 311 311 311 311 
314 314 311 311 311 
314 314 317 311 317 
314 319 317 319 317 
314 319 317 319 319 
324 324 317 319 319 
324 324 317 324 319 
324 324 317 324 324 
324 326 326 324 324 
324 326 326 326 324 
324 326 326 326 326 
332 332 326 326 326 
332 332 326 332 326 
332 332 326 332 332 
332 332 332 332 332 
338 332 332 332 338 
339 332 332 339 338 
339 339 332 339 338 
339 339 339 339 338 
347 339 339 347 338 
347 339 339 347 347 
349 349 339 347 347 
349 349 349 347 347 
349 349 349 349 347 
349 349 349 349 349 
349 355 355 349 349 
349 355 355 349 355 
349 356 355 356 355 
357 357 355 356 355 
362 357 362 356 355 
362 362 362 356 355 
366 362 362 366 355 
366 362 362 366 366 
366 366 362 366 366 
366 366 362 366 366 
366 366 366 366 366 
366 366 366 366 366 
366 366 366 366 366 
366 366 373 373 366 
366 366 373 373 373 
374 366 373 374 373 
374 366 373 374 374 
374 376 373 376 374 
374 376 373 376 376 
374 376 379 379 376 
374 376 379 379 379 
384 376 379 384 379 
384 376 379 384 384 
384 385 379 385 384 
384 385 379 385 385 
384 385 388 388 385 
384 385 388 388 388 
393 385 388 393 388 
393 385 388 393 393 
393 393 388 393 393 
393 393 388 393 393 
393 401 388 401 393 
393 401 388 401 401 
403 403 388 401 401 
403 403 403 401 401 
403 403 403 403 401 
409 403 409 403 401 
411 411 409 403 401 
411 411 409 403 411 
411 411 409 403 411 
411 411 411 403 411 
411 411 411 411 411 
411 411 417 411 417 
411 419 417 411 419 
421 419 417 421 419 
421 419 417 421 421 
424 419 424 421 421 
424 419 424 421 424 
428 419 424 428 424 
428 428 424 428 428 
428 428 424 428 428 
432 428 432 428 428 
432 432 432 428 428 
432 432 432 428 432 
432 432 441 428 441 
442 432 441 428 442 
442 442 441 442 442 
442 442 441 442 442 
442 442 442 442 442 
442 442 442 442 442 
442 442 448 448 442 
442 442 448 448 448 
451 451 448 448 448 
451 451 448 448 451 
451 451 459 459 451 
451 451 459 459 459 
461 451 459 459 461 
461 461 459 461 461 
469 461 469 461 461 
469 474 469 474 461 
469 474 474 474 461 
469 474 474 474 474 
478 478 474 474 474 
478 478 478 474 474 
478 481 478 481 474 
478 481 481 481 474 
478 481 481 481 481 
478 491 481 491 481 
478 491 492 491 492 
478 491 492 492 492 
496 496 492 492 492 
496 496 498 492 498 
496 496 498 498 498 
504 504 498 498 498 
504 505 498 505 498 
504 505 498 505 505 
504 505 509 509 505 
504 505 509 509 509 
512 512 509 509 509 
512 512 512 509 509 
512 517 512 517 509 
512 517 517 517 509 
512 517 517 517 517 
512 517 526 517 526 
512 517 526 526 526 
527 527 526 526 526 
527 527 526 526 527 
527 527 532 526 532 
527 527 532 534 534 
536 536 532 534 534 
536 536 532 541 541 
536 536 543 541 543 
544 544 543 541 543 
552 552 543 541 543 
553 552 553 541 543 
555 552 553 541 555 
555 555 553 541 555 
555 555 555 541 555 
555 555 556 556 555 
555 555 556 556 556 
563 555 556 556 563 
563 565 556 556 565 
563 565 566 566 565 
563 565 566 566 566 
571 565 566 566 571 
571 565 577 566 577 
579 579 577 566 577 
579 579 579 566 577 
579 579 579 566 579 
579 579 579 582 582 
579 585 585 582 582 
579 585 585 582 585 
587 587 585 582 585 
587 587 585 592 592 
587 594 594 592 592 
587 594 594 592 594 
595 595 594 592 594 
602 602 594 592 594 
602 602 602 592 594 
602 602 602 592 602 
602 602 602 592 602 
608 608 602 592 602 
608 608 608 592 602 
608 610 608 592 610 
608 610 608 610 610 
617 617 608 610 610 
617 617 617 610 610 
617 617 617 610 617 
617 617 617 617 617 
626 626 617 617 617 
626 626 626 617 617 
626 631 626 617 631 
626 631 631 617 631 
634 634 631 617 631 
634 634 634 617 631 
638 634 634 638 631 
638 638 634 638 631 
638 638 638 638 631 
638 638 638 644 644 
646 638 638 646 644 
646 638 647 647 644 
646 650 647 650 644 
646 650 647 651 651 
646 650 653 653 651 
646 660 653 660 651 
646 660 664 664 651 
646 660 664 664 664 
669 660 664 669 664 
669 669 664 669 664 
669 669 671 669 671 
677 669 671 677 671 
677 669 681 681 671 
677 669 681 681 681 
677 688 688 681 681 
677 688 688 681 688 
690 690 688 681 688 
690 690 688 692 692 
690 698 698 692 692 
700 700 698 692 692 
700 700 698 702 702 
700 700 709 702 709 
700 700 709 709 709 
714 714 709 709 709 
714 714 714 709 709 
714 714 714 714 709 
714 714 714 714 714 
714 720 720 714 714 
714 720 720 714 720 
714 721 720 721 720 
724 724 720 721 720 
724 729 729 721 720 
724 729 729 729 720 
724 729 729 729 729 
733 733 729 729 729 
733 736 729 736 729 
741 741 729 736 729 
741 741 741 736 729 
741 742 741 742 729 
741 743 741 742 743 
749 749 741 742 743 
749 751 741 751 743 
749 751 751 751 743 
749 753 751 751 753 
749 760 751 760 753 
749 760 760 760 753 
763 760 763 760 753 
763 768 763 768 753 
763 768 768 768 753 
776 768 768 768 776 
776 778 768 778 776 
776 778 778 778 778 
787 787 778 778 778 
788 787 788 778 778 
788 792 788 778 792 
796 792 788 796 792 
796 796 788 796 792 
796 796 796 796 792 
796 796 796 796 796 
796 796 803 803 796 
807 796 803 807 796 
807 809 803 807 809 
807 809 809 809 809 
807 809 809 809 809 
807 816 809 809 816 
807 816 809 816 816 
817 816 809 817 816 
817 816 818 818 816 
824 816 818 824 816 
824 816 827 827 816 
830 816 827 827 830 
830 830 830 827 830 
837 837 830 827 830 
837 837 830 827 837 
837 838 838 827 837 
837 838 838 838 837 
845 845 838 838 837 
845 845 848 848 837 
852 852 848 848 837 
852 852 857 857 837 
858 858 857 857 837 
858 858 857 857 858 
858 858 857 858 858 
867 867 857 858 858 
867 867 867 867 858 
867 872 867 867 872 
867 882 867 867 882 
885 885 867 867 882 
885 885 867 885 882 
885 885 885 885 882 
893 893 885 885 882 
893 893 885 893 882 
893 893 885 893 893 
893 899 885 893 899 
901 901 885 893 899 
901 901 885 901 899 
901 908 885 901 908 
901 908 885 908 908 
910 910 885 908 908 
910 917 917 908 908 
920 920 917 908 908 
920 920 917 920 908 
932 932 917 920 908 
939 932 917 939 908 
939 939 917 939 908 
939 939 939 939 908 
939 939 939 939 939 
939 939 939 946 946 
951 951 939 946 946 
951 951 939 951 946 
951 951 951 951 946 
951 951 951 951 946 
951 951 951 951 951 
957 957 951 951 951 
957 957 957 951 951 
957 957 957 957 951 
957 957 957 957 957 
957 964 957 957 964 
966 964 957 966 964 
966 966 957 966 964 
966 966 967 967 964 
966 972 967 972 964 
966 972 967 972 972 
966 975 975 972 972 
966 975 975 975 972 
976 976 975 975 972 
982 982 975 975 972 
982 982 982 975 972 
984 982 982 984 972 
984 982 984 984 972 
984 982 984 986 986 
984 988 984 986 988 
984 991 991 986 988 
984 991 991 991 988 
993 993 991 991 988 
993 993 991 993 988 
993 997 997 993 988 
993 997 997 997 988 
1001 1001 997 997 988 
1001 1001 997 1001 988 
1001 1001 997 1001 1001 
1001 1001 997 1001 1001 
1001 1006 1006 1001 1001 
1001 1006 1006 1006 1001 
1001 1008 1006 1006 1008 
1001 1008 1006 1008 1008 
1009 1009 1006 1008 1008 
1009 1009 1006 1009 1008 
1015 1015 1006 1009 1008 
1015 1015 1015 1009 1008 
1018 1015 1015 1018 1008 
1018 1015 1018 1018 1008 
1018 1015 1018 1018 1018 
1018 1024 1024 1018 1018 
1018 1024 1024 1024 1018 
1018 1024 1024 1025 1025 
1026 1026 1024 1025 1025 
1026 1026 1024 1026 1025 
1026 1026 1024 1033 1033 
1034 1034 1024 1033 1033 
1034 1034 1024 1034 1033 
1034 1035 1035 1034 1033 
1034 1035 1035 1035 1033 
1034 1044 1044 1035 1033 
1034 1044 1044 1044 1033 
1034 1044 1044 1049 1049 
1034 1050 1050 1049 1049 
1034 1050 1050 1049 1050 
1053 1053 1050 1049 1050 
1053 1053 1050 1053 1050 
1053 1058 1058 1053 1050 
1053 1058 1058 1058 1050 
1053 1059 1058 1058 1059 
1053 1059 1058 1059 1059 
1065 1065 1058 1059 1059 
1065 1065 1065 1059 1059 
1065 1065 1065 1059 1065 
1065 1065 1068 1068 1065 
1065 1065 1068 1068 1068 
1065 1065 1076 1076 1068 
1065 1065 1076 1077 1077 
1079 1079 1076 1077 1077 
1079 1079 1076 1079 1077 
1079 1079 1076 1087 1087 
1091 1091 1076 1087 1087 
1096 1091 1076 1096 1087 
1096 1091 1076 1096 1096 
1097 1097 1076 1096 1096 
1097 1102 1102 1096 1096 
1097 1102 1102 1102 1096 
1097 1108 1108 1102 1096 
1111 1111 1108 1102 1096 
1111 1111 1108 1111 1096 
1111 1115 1108 1111 1115 
1111 1115 1108 1115 1115 
1121 1121 1108 1115 1115 
1121 1121 1108 1115 1121 
1121 1121 1124 1124 1121 
1121 1121 1124 1124 1124 
1134 1121 1124 1134 1124 
1134 1134 1124 1134 1124 
1134 1134 1134 1134 1124 
1134 1134 1134 1134 1134 
1134 1140 1134 1140 1134 
1134 1145 1134 1140 1145 
1134 1145 1134 1145 1145 
1148 1145 1134 1148 1145 
1148 1151 1134 1148 1151 
1148 1151 1152 1152 1151 
1148 1151 1152 1159 1159 
1148 1151 1161 1161 1159 
1162 1151 1161 1162 1159 
1162 1151 1161 1166 1166 
1168 1168 1161 1166 1166 
1168 1168 1168 1166 1166 
1168 1168 1168 1168 1166 
1168 1168 1168 1168 1168 
1168 1174 1168 1168 1174 
1168 1174 1168 1174 1174 
1168 1177 1177 1174 1174 
1180 1180 1177 1174 1174 
1180 1180 1177 1180 1174 
1180 1183 1177 1180 1183 
1180 1183 1177 1183 1183 
1180 1187 1187 1183 1183 
1180 1187 1187 1187 1183 
1190 1190 1187 1187 1183 
1190 1190 1187 1190 1183 
1190 1192 1187 1190 1192 
1190 1192 1187 1192 1192 
1199 1199 1187 1192 1192 
1199 1199 1187 1199 1192 
1207 1207 1187 1199 1192 
1207 1207 1187 1207 1192 
1207 1209 1209 1207 1192 
1215 1215 1209 1207 1192 
1215 1215 1209 1215 1192 
1215 1215 1209 1215 1215 
1215 1223 1209 1215 1223 
1215 1223 1209 1223 1223 
1215 1228 1228 1223 1223 
1215 1228 1228 1228 1223 
1215 1230 1228 1228 1230 
1215 1230 1228 1230 1230 
1235 1235 1228 1230 1230 
1235 1235 1235 1230 1230 
1235 1235 1235 1235 1230 
1244 1244 1235 1235 1230 
1244 1244 1244 1235 1230 
1244 1244 1244 1244 1230 
1244 1244 1244 1244 1244 
1244 1244 1244 1244 1244 
1250 1250 1244 1244 1244 
1250 1253 1253 1244 1244 
1250 1253 1253 1253 1244 
1250 1257 1253 1253 1257 
1250 1257 1253 1257 1257 
1261 1261 1253 1257 1257 
1261 1261 1253 1264 1264 
1271 1271 1253 1264 1264 
1273 1271 1273 1264 1264 
1273 1273 1273 1264 1264 
1273 1273 1273 1273 1264 
1273 1273 1273 1273 1273 
1273 1280 1280 1273 1273 
1273 1280 1280 1280 1273 
1273 1280 1280 1280 1280 
1287 1287 1280 1280 1280 
1287 1287 1287 1280 1280 
1287 1287 1287 1280 1287 
1287 1287 1290 1290 1287 
1294 1287 1290 1290 1294 
1294 1287 1294 1290 1294 
1294 1287 1299 1299 1294 
1300 1300 1299 1299 1294 
1300 1300 1300 1299 1294 
1300 1300 1300 1300 1294 
1300 1300 1300 1300 1300 
1307 1300 1307 1300 1300 
1307 1307 1307 1300 1300 
1307 1307 1307 1307 1300 
1307 1307 1307 1307 1307 
1315 1307 1307 1307 1315 
1315 1307 1315 1307 1315 
1315 1316 1315 1316 1315 
1315 1316 1315 1316 1316 
1315 1316 1322 1322 1316 
1315 1316 1322 1322 1322 
1325 1325 1322 1322 1322 
1325 1325 1325 1322 1322 
1332 1332 1325 1322 1322 
1332 1332 1332 1322 1322 
1332 1332 1332 1332 1322 
1332 1332 1332 1332 1332 
1339 1332 1339 1332 1332 
1346 1332 1346 1332 1332 
1346 1346 1346 1332 1332 
1346 1348 1346 1332 1348 
1346 1348 1348 1332 1348 
1354 1354 1348 1332 1348 
1354 1354 1354 1332 1348 
1355 1354 1354 1355 1348 
1355 1354 1354 1355 1355 
1362 1362 1354 1355 1355 
1362 1362 1362 1355 1355 
1362 1362 1362 1362 1355 
1362 1364 1362 1362 1364 
1362 1364 1364 1362 1364 
1362 1364 1364 1364 1364 
1368 1368 1364 1364 1364 
1368 1368 1368 1364 1364 
1368 1368 1368 1368 1364 
1368 1374 1368 1368 1374 
1368 1374 1374 1368 1374 
1368 1374 1374 1374 1374 
1377 1377 1374 1374 1374 
1377 1377 1377 1374 1374 
1377 1377 1377 1377 1374 
1377 1382 1377 1377 1382 
1377 1382 1382 1377 1382 
1377 1382 1382 1382 1382 
1395 1395 1382 1382 1382 
1395 1395 1395 1382 1382 
1395 1395 1395 1395 1382 
1403 1403 1395 1395 1382 
1403 1403 1403 1395 1382 
1403 1403 1403 1403 1382 
1403 1408 1403 1403 1408 
1403 1408 1408 1403 1408 
1403 1408 1408 1408 1408 
1411 1411 1408 1408 1408 
1411 1411 1411 1408 1408 
1411 1411 1411 1411 1408 
1420 1420 1411 1411 1408 
1420 1420 1420 1411 1408 
1420 1420 1420 1420 1408 
1430 1430 1420 1420 1408 
1430 1430 1430 1420 1408 
1430 1430 1430 1430 1408 
1430 1435 1430 1430 1435 
1430 1435 1430 1435 1435 
1442 1442 1430 1435 1435 
1442 1442 1442 1435 1435 
1442 1442 1442 1442 1435 
1442 1454 1442 1442 1454 
1442 1454 1454 1442 1454 
1442 1454 1454 1454 1454 
1456 1456 1454 1454 1454 
1456 1456 1456 1454 1454 
1456 1456 1456 1456 1454 
1456 1465 1456 1456 1465 
1456 1465 1465 1456 1465 
1456 1465 1465 1465 1465 
1470 1470 1465 1465 1465 
1470 1470 1470 1465 1465 
1470 1470 1470 1470 1465 
1470 1477 1470 1470 1477 
1470 1477 1477 1470 1477 
1470 1477 1477 1477 1477 
1482 1482 1477 1477 1477 
1482 1482 1482 1477 1477 
1482 1482 1482 1482 1477 
1482 1482 1482 1482 1482 
1488 1488 1482 1482 1482 
1488 1488 1488 1482 1482 
1488 1488 1488 1488 1482 
1488 1488 1488 1488 1488 
1497 1488 1488 1488 1497 
1497 1497 1488 1488 1497 
1497 1497 1497 1488 1497 
1497 1497 1497 1497 1497 
1503 1497 1497 1497 1503 
1503 1503 1497 1497 1503 
1503 1503 1503 1497 1503 
1503 1503 1503 1503 1503 
1509 1503 1503 1503 1509 
1515 1503 1503 1503 1515 
1516 1503 1516 1503 1515 
1516 1503 1516 1516 1515 
1522 1503 1522 1516 1515 
1526 1526 1522 1516 1515 
1526 1526 1522 1516 1526 
1526 1526 1522 1516 1526 
1526 1526 1522 1526 1526 
1526 1526 1535 1526 1535 
1539 1539 1535 1526 1535 
1539 1539 1539 1526 1535 
1539 1539 1539 1539 1535 
1539 1539 1539 1539 1539 
1545 1545 1539 1539 1539 
1545 1546 1546 1539 1539 
1549 1546 1546 1539 1549 
1549 1549 1546 1539 1549 
1549 1552 1546 1552 1549 
1549 1552 1546 1552 1552 
1555 1552 1546 1552 1555 
1555 1560 1560 1552 1555 
1569 1569 1560 1552 1555 
1569 1569 1560 1569 1555 
1569 1569 1560 1569 1569 
1569 1570 1570 1569 1569 
1569 1579 1579 1569 1569 
1569 1579 1579 1569 1579 
1583 1583 1579 1569 1579 
1583 1583 1579 1583 1579 
1583 1586 1579 1583 1586 
1597 1597 1579 1583 1586 
1597 1600 1579 1583 1600 
1597 1600 1600 1583 1600 
1597 1600 1600 1600 1600 
1597 1600 1607 1600 1607 
1609 1609 1607 1600 1607 
1619 1619 1607 1600 1607 
1619 1620 1607 1600 1620 
1619 1627 1607 1600 1627 
1619 1627 1627 1627 1627 
1628 1628 1627 1627 1627 
1636 1636 1627 1627 1627 
1636 1642 1627 1627 1642 
1644 1644 1627 1627 1642 
1644 1646 1627 1646 1642 
1651 1651 1627 1646 1642 
1657 1657 1627 1646 1642 
1657 1658 1627 1646 1658 
1657 1664 1627 1664 1658 
1666 1666 1627 1664 1658 
1666 1668 1627 1664 1668 
1666 1668 1668 1664 1668 
1666 1674 1668 1674 1668 
1675 1675 1668 1674 1668 
1675 1687 1668 1674 1687 
1675 1687 1694 1674 1694 
1698 1698 1694 1674 1694 
1698 1705 1694 1674 1705 
1698 1705 1705 1674 1705 
1706 1706 1705 1674 1705 
1706 1706 1705 1713 1713 
1715 1715 1705 1713 1713 
1721 1721 1705 1713 1713 
1721 1721 1705 1722 1722 
1721 1721 1705 1734 1734 
1735 1735 1705 1734 1734 
1735 1735 1735 1734 1734 
1735 1735 1735 1734 1734 
1735 1735 1735 1735 1734 
1735 1735 1735 1735 1735 
1735 1735 1735 1735 1735 
1735 1735 1735 1735 1735 
1735 1743 1735 1735 1743 
1735 1743 1743 1735 1743 
1735 1744 1743 1744 1743 
1735 1744 1744 1744 1743 
1745 1745 1744 1744 1743 
1745 1745 1745 1744 1743 
1745 1750 1745 1744 1750 
1745 1750 1750 1744 1750 
1745 1754 1750 1754 1750 
1745 1754 1754 1754 1750 
1745 1756 1754 1754 1756 
1745 1756 1756 1754 1756 
1759 1759 1756 1754 1756 
1759 1759 1759 1754 1756 
1759 1765 1759 1754 1765 
1759 1765 1765 1754 1765 
1759 1767 1765 1767 1765 
1759 1767 1767 1767 1765 
1769 1769 1767 1767 1765 
1769 1769 1769 1767 1765 
1769 1774 1769 1774 1765 
1769 1774 1769 1774 1774 
1769 1774 1774 1774 1774 
1769 1774 1774 1774 1774 
1776 1776 1774 1774 1774 
1776 1776 1776 1774 1774 
1776 1782 1776 1774 1782 
1776 1782 1782 1774 1782 
1790 1790 1782 1774 1782 
1790 1790 1790 1774 1782 
1790 1791 1790 1791 1782 
1790 1791 1791 1791 1782 
1790 1792 1791 1791 1792 
1790 1792 1792 1791 1792 
1790 1801 1792 1791 1801 
1790 1801 1801 1791 1801 
1803 1803 1801 1791 1801 
1803 1803 1803 1791 1801 
1803 1804 1803 1804 1801 
1803 1804 1804 1804 1801 
1810 1810 1804 1804 1801 
1810 1810 1810 1804 1801 
1810 1811 1810 1804 1811 
1810 1811 1811 1804 1811 
1810 1817 1811 1817 1811 
1810 1817 1817 1817 1811 
1810 1823 1817 1823 1811 
1810 1823 1823 1823 1811 
1825 1825 1823 1823 1811 
1825 1825 1825 1823 1811 
1830 1825 1825 1823 1830 
1830 1830 1825 1823 1830 
1830 1830 1830 1823 1830 
1830 1837 1830 1837 1830 
1830 1837 1837 1837 1830 
1830 1841 1837 1837 1841 
1830 1841 1841 1837 1841 
1830 1851 1841 1851 1841 
1830 1851 1851 1851 1841 
1852 1851 1851 1851 1852 
1852 1865 1865 1851 1852 
1852 1865 1865 1865 1852 
1852 1877 1865 1877 1852 
1879 1879 1865 1877 1852 
1879 1879 1879 1877 1852 
1879 1879 1879 1879 1852 
1879 1884 1879 1879 1884 
1879 1884 1884 1879 1884 
1879 1889 1884 1889 1884 
1879 1889 1889 1889 1884 
1879 1890 1889 1889 1890 
1879 1890 1890 1889 1890 
1879 1898 1890 1898 1890 
1879 1898 1898 1898 1890 
1879 1906 1898 1906 1890 
1879 1906 1906 1906 1890 
1879 1906 1908 1906 1908 
1879 1914 1908 1914 1908 
1879 1914 1914 1914 1908 
1879 1928 1928 1914 1908 
1941 1928 1928 1941 1908 
1941 1928 1928 1986 1986 
2030.0 2012.0 2018.0 2030.0 2017.0 
;
EXECUTION TIME HBSS: 21033.2698789 seconds 

-------------------------------------------------------------------
