DATFILE : offices1_5r_500.dat
ENVIRONMENT : office
ALGORITHM : HBSS - TAU 9
RANGE : 500
STARTING_POS : 42
N_ROBOTS : 5
GREEDY SOLUTION : [ 6516.]
COMPUTATIONS D :
6418
6516
6516
6486
6516
6516
6538
6516
6516
6272
6388
6080
6516
6060
6332
5854
6370
6456
6516
6456
6250
6360
6516
6516
6400
6520
6516
6516
6516
6534
6516
6496
6516
6516
6516
6516
6516
6516
6136
6290
6516
6516
6728
6516
6472
6516
6516
6516
6516
6818
6516
6590
6516
6420
6062
6090
6516
6516
6696
6516
6308
6236
6574
6516
6314
6516
6516
6516
6420
6516
6516
6500
6320
6516
6516
6516
6390
6078
6254
6502
6298
6472
6502
6516
6516
6516
6516
6392
6516
6282
6516
6360
6468
6516
6340
6388
6722
6158
6608
6516
6516
6038
6084
6700
6516
6008
6568
6516
6332
6516
6516
6516
6620
6516
6516
6516
6516
6220
6516
6516
6516
5942
6462
6516
6468
5758
6144
6310
6210
6516
6334
6516
6360
6516
6190
6516
6516
6064
6056
6516
6516
6282
6334
6516
6256
6516
6086
6516
6352
6606
6516
6516
6640
6516
6160
6574
6516
6250
6368
6516
6516
6180
6364
6516
6056
6516
6640
6310
6516
5960
6390
6516
6516
6198
6516
6204
6516
6446
6358
6152
6004
6516
6516
6516
6072
6516
6516
6516
6416
6516
6516
6428
6516
6184
6420
6516
6072
6516
6162
6184
;
HBBS sumD : 5758
BEST_CONFIGURATIONS : 
42 42 42 42 42 
41 42 42 42 42 
41 5 42 42 42 
41 5 24 42 42 
36 5 24 42 42 
36 5 24 40 42 
36 5 4 40 42 
36 5 4 40 41 
36 5 4 40 41 
36 5 4 40 41 
36 5 4 40 41 
36 24 4 40 41 
36 24 4 40 41 
35 24 4 40 41 
35 24 4 39 41 
35 24 4 39 36 
35 24 4 39 36 
35 24 4 39 36 
35 24 4 39 36 
35 24 4 39 36 
35 5 4 39 36 
35 5 4 39 36 
35 5 4 39 36 
34 5 4 39 36 
34 5 4 26 36 
34 5 3 26 36 
34 5 3 26 35 
34 5 3 26 35 
34 5 3 26 35 
34 5 3 26 35 
34 5 3 26 35 
34 24 3 26 35 
34 24 3 27 35 
33 24 3 27 35 
33 24 3 27 34 
33 24 3 27 34 
33 24 3 27 34 
33 24 3 27 34 
33 24 3 27 34 
33 24 3 27 34 
33 24 3 27 33 
33 24 3 27 33 
33 24 3 27 33 
33 4 3 27 33 
33 4 3 32 33 
33 4 3 32 33 
33 4 3 32 33 
33 4 23 32 33 
33 4 23 32 33 
33 4 23 32 33 
33 4 23 27 33 
34 4 23 27 33 
34 4 2 27 33 
34 4 2 27 33 
34 4 2 27 33 
34 4 2 27 32 
34 24 2 27 32 
34 24 2 27 32 
34 24 2 27 32 
34 24 2 27 32 
34 24 2 27 32 
34 24 2 27 32 
35 24 2 27 32 
35 5 2 27 32 
35 5 2 26 32 
35 5 23 26 32 
35 5 23 26 27 
35 5 23 26 27 
35 5 23 26 27 
35 5 23 26 27 
35 5 23 26 27 
35 5 23 26 27 
35 5 23 26 27 
35 5 23 26 31 
35 5 23 26 31 
35 5 23 26 31 
35 5 23 26 31 
34 5 23 26 31 
34 5 23 38 31 
34 5 23 38 31 
34 5 2 38 31 
34 5 2 38 31 
34 5 2 38 30 
34 5 2 38 30 
33 5 2 38 30 
33 24 2 38 30 
33 24 2 38 30 
33 24 2 38 30 
33 24 2 38 30 
33 24 2 38 30 
33 4 2 38 30 
33 4 2 38 30 
33 4 23 38 30 
33 4 23 38 30 
33 4 23 38 30 
33 4 23 38 30 
33 4 23 26 30 
33 4 23 26 30 
33 4 23 26 30 
33 4 23 26 29 
33 4 23 26 29 
33 4 23 26 29 
33 4 23 26 29 
33 24 23 26 29 
33 24 23 26 29 
33 24 2 26 29 
33 24 2 39 29 
33 24 2 39 29 
33 24 2 39 29 
33 24 2 39 29 
33 24 2 39 28 
33 24 2 39 28 
33 24 2 39 28 
32 24 2 39 28 
32 24 2 39 28 
32 24 2 39 28 
32 24 2 39 28 
32 24 2 39 28 
32 5 2 39 28 
32 5 23 39 28 
27 5 23 39 28 
27 5 23 39 28 
27 5 23 39 28 
27 5 23 39 28 
27 5 23 26 28 
31 5 23 26 28 
31 5 23 26 29 
31 5 1 26 29 
31 5 1 26 29 
31 24 1 26 29 
31 24 1 26 29 
31 24 1 27 29 
31 24 1 27 29 
31 24 1 27 29 
31 24 1 27 29 
31 24 1 27 29 
31 24 1 27 29 
31 4 1 27 29 
31 4 1 32 29 
31 4 1 32 29 
30 4 1 32 29 
30 4 1 32 29 
30 4 1 32 29 
30 4 1 32 29 
30 4 1 32 28 
30 4 1 32 28 
30 4 1 32 28 
30 4 1 32 28 
30 4 1 33 28 
30 4 1 33 17 
30 4 0 33 17 
30 4 0 33 17 
30 4 0 33 17 
30 4 0 33 17 
30 3 0 33 17 
29 3 0 33 17 
29 3 0 33 17 
29 3 0 33 17 
29 3 0 33 17 
29 3 0 33 17 
29 3 0 33 17 
29 3 0 33 17 
29 3 0 33 17 
28 3 0 33 17 
28 3 0 32 17 
28 3 0 32 17 
28 3 0 32 17 
28 3 25 32 17 
28 3 25 32 17 
28 3 25 32 17 
28 3 25 27 17 
28 3 25 27 17 
28 3 25 27 19 
28 3 25 27 19 
28 3 25 27 19 
28 3 25 27 19 
28 3 43 27 19 
28 3 43 26 19 
28 3 43 26 19 
31 3 43 26 19 
31 23 43 26 19 
31 23 43 26 19 
31 23 43 26 19 
31 23 43 26 19 
31 2 43 26 19 
31 2 43 26 19 
31 2 37 26 19 
31 2 37 27 19 
30 2 37 27 19 
30 2 37 32 19 
30 2 38 32 19 
30 2 38 32 17 
30 23 38 32 17 
30 23 38 32 17 
30 26 38 32 17 
31 26 38 32 17 
31 26 38 32 17 
31 26 37 32 17 
31 39 37 32 17 
31 39 37 34 17 
31 39 43 34 17 
31 39 43 35 17 
31 40 43 35 17 
31 40 43 35 30 
31 40 43 35 30 
27 40 43 35 30 
27 40 43 35 30 
27 40 43 35 30 
27 40 37 35 30 
27 40 37 35 30 
27 40 37 35 30 
27 40 37 35 30 
27 40 37 35 30 
39 40 37 35 30 
39 40 37 35 29 
39 40 37 35 29 
39 40 37 35 29 
39 40 37 35 29 
39 40 37 35 29 
39 40 37 35 29 
39 40 43 35 29 
39 40 43 34 29 
39 40 43 34 29 
39 40 43 34 28 
39 40 43 34 28 
39 40 43 34 28 
39 40 43 34 28 
39 40 43 34 28 
39 40 43 34 28 
39 40 43 34 28 
26 40 43 34 28 
26 40 37 34 28 
26 40 37 33 28 
26 41 37 33 28 
26 41 37 33 28 
26 41 37 33 28 
26 41 38 33 28 
26 41 38 33 28 
26 36 38 33 28 
26 36 38 33 43 
26 36 38 33 43 
26 36 38 33 43 
26 36 38 33 43 
26 36 38 33 43 
26 36 38 33 43 
27 36 38 33 43 
27 36 38 33 43 
27 36 38 33 37 
27 36 38 33 37 
31 36 38 33 37 
31 36 38 33 37 
31 36 38 32 37 
31 36 38 32 37 
31 36 38 32 37 
31 36 38 32 37 
31 41 38 32 37 
31 41 38 32 37 
31 41 38 32 37 
31 41 38 32 37 
31 41 38 32 43 
31 41 38 32 43 
29 41 38 32 43 
29 42 38 32 43 
29 42 37 32 43 
29 42 37 32 43 
29 42 37 32 25 
29 42 37 34 25 
29 42 37 34 25 
29 42 43 34 25 
29 42 43 34 25 
29 42 43 34 25 
29 42 43 34 25 
29 42 43 35 25 
29 42 43 35 25 
29 42 43 35 0 
30 42 43 35 0 
30 42 43 35 0 
30 5 43 35 0 
30 5 25 35 0 
30 5 25 35 0 
30 5 25 35 0 
30 5 25 35 0 
31 5 25 35 0 
31 5 25 36 0 
31 5 25 36 0 
31 5 25 36 0 
31 5 25 36 0 
31 5 25 36 0 
31 24 25 36 0 
31 24 25 41 0 
31 24 25 41 1 
26 24 25 41 1 
26 4 25 41 1 
26 4 0 41 1 
26 4 0 41 1 
26 4 0 41 1 
26 4 0 41 23 
27 4 0 41 23 
27 4 0 40 23 
27 24 0 40 23 
27 24 0 40 2 
27 24 25 40 2 
27 24 25 40 2 
33 24 25 40 2 
33 24 25 39 2 
33 24 25 39 23 
33 24 43 39 23 
33 24 37 39 23 
33 4 37 39 23 
33 4 37 39 23 
33 4 37 39 23 
33 4 43 39 23 
33 4 43 40 23 
33 4 43 40 2 
33 4 37 40 2 
33 24 37 40 2 
32 24 37 40 2 
32 24 37 40 2 
32 5 37 40 2 
32 5 37 40 2 
32 5 38 40 2 
32 5 38 40 23 
31 5 38 40 23 
31 5 38 40 1 
31 5 38 39 1 
31 5 38 39 1 
31 5 38 39 1 
31 5 26 39 1 
31 5 26 39 1 
31 42 26 39 1 
31 42 26 39 1 
31 42 26 39 1 
31 42 26 39 1 
31 42 23 39 1 
27 42 23 39 1 
27 42 23 39 0 
27 42 23 39 0 
27 42 3 39 0 
27 41 3 39 0 
35 41 3 39 0 
35 41 3 23 0 
35 41 3 23 0 
35 41 3 2 0 
35 41 3 2 0 
35 41 3 2 0 
35 41 3 2 0 
35 36 3 2 0 
35 36 3 2 1 
35 36 3 23 1 
35 36 3 23 1 
35 36 3 23 1 
35 36 3 38 1 
35 36 3 38 1 
35 36 3 38 1 
34 36 3 38 1 
34 40 3 38 1 
34 40 3 37 1 
34 40 3 37 1 
34 40 2 37 23 
34 41 2 37 23 
34 41 0 37 23 
33 41 0 37 23 
33 41 0 37 23 
33 41 0 43 1 
33 41 0 43 1 
33 42 0 43 1 
33 42 0 19 1 
33 42 0 19 1 
34 42 0 19 1 
34 42 0 19 1 
34 42 0 19 38 
35 42 0 19 38 
35 42 25 19 38 
35 42 25 16 38 
18 42 25 16 38 
18 42 25 16 38 
18 42 25 16 38 
18 42 25 16 38 
18 42 25 16 2 
18 41 25 16 2 
18 41 0 16 2 
18 41 0 16 2 
18 36 0 16 2 
18 36 0 16 2 
18 36 0 16 2 
18 36 0 16 2 
18 36 1 16 2 
18 36 1 16 2 
18 35 1 16 2 
18 35 1 16 23 
18 35 1 16 23 
18 35 1 22 23 
18 34 1 22 23 
18 34 1 22 26 
18 34 1 7 26 
20 34 1 7 26 
20 34 1 7 26 
20 34 1 22 26 
20 34 23 22 26 
20 34 23 22 26 
20 34 23 22 26 
20 34 2 22 26 
20 35 2 22 26 
20 35 2 22 26 
20 35 2 22 27 
20 35 2 7 27 
20 35 2 7 32 
12 35 2 7 32 
12 35 2 7 32 
12 35 2 7 32 
12 35 23 7 32 
12 35 23 7 32 
12 35 23 7 32 
12 35 23 7 32 
12 34 23 7 32 
12 34 23 7 32 
12 34 23 7 32 
12 34 23 22 32 
12 34 23 22 27 
12 34 26 22 27 
12 33 26 22 27 
12 33 26 22 31 
12 33 38 22 31 
12 33 38 6 31 
20 33 38 6 31 
20 33 38 6 31 
20 33 38 6 31 
20 33 38 6 31 
9 33 38 6 31 
9 33 38 6 31 
9 33 38 6 31 
9 33 38 6 31 
9 33 38 6 31 
9 33 38 6 31 
9 33 38 6 31 
9 32 38 6 31 
9 32 38 6 27 
9 32 26 6 27 
9 32 26 6 27 
9 32 26 6 27 
9 32 26 6 27 
9 32 26 22 27 
9 32 23 22 27 
9 32 23 22 30 
9 34 23 22 30 
9 34 23 7 30 
9 34 23 7 29 
9 34 39 7 29 
9 35 39 7 29 
20 35 39 7 29 
20 35 39 7 29 
20 35 39 7 30 
21 35 39 7 30 
21 35 39 7 30 
21 35 39 7 30 
21 35 39 7 30 
21 35 39 22 30 
21 35 39 22 30 
21 35 39 22 30 
8 35 39 22 30 
8 35 39 22 30 
8 35 39 22 30 
8 35 39 22 30 
8 35 39 22 30 
8 35 39 22 30 
8 35 39 7 30 
8 35 26 7 30 
8 34 26 7 30 
8 34 26 7 30 
8 34 26 7 30 
8 34 26 7 30 
8 34 26 7 29 
8 34 26 7 29 
8 34 27 7 29 
21 34 27 7 29 
21 34 27 7 29 
21 34 27 22 29 
21 34 27 22 29 
21 34 27 22 29 
21 33 27 22 29 
21 33 27 22 29 
21 33 27 22 29 
21 33 32 22 29 
21 33 32 22 29 
11 33 32 22 29 
11 33 32 22 29 
11 33 32 22 29 
11 33 32 22 28 
11 33 32 22 28 
11 33 32 7 28 
11 33 32 7 28 
11 33 32 7 28 
11 33 32 7 28 
11 33 32 7 28 
11 34 32 7 28 
11 34 27 7 28 
11 34 27 7 28 
10 34 27 7 28 
10 34 27 7 17 
10 34 31 7 17 
10 34 31 22 17 
10 34 31 22 17 
10 34 31 22 17 
10 34 31 22 17 
10 34 31 6 17 
10 34 31 6 17 
10 34 31 6 17 
10 35 31 6 17 
10 35 31 6 17 
10 35 31 6 17 
10 35 31 6 17 
10 35 27 6 17 
10 35 27 6 28 
10 36 27 6 28 
10 36 32 6 28 
10 36 32 6 28 
11 36 32 6 28 
11 36 32 6 29 
11 36 32 6 29 
21 36 32 6 29 
21 36 32 22 29 
21 36 32 22 29 
21 36 32 22 29 
21 36 32 7 29 
21 36 32 7 30 
8 36 32 7 30 
8 36 32 7 30 
8 18 32 7 30 
8 18 27 7 30 
8 18 26 22 30 
8 18 26 22 30 
8 18 26 22 30 
21 18 26 22 30 
21 18 23 22 30 
21 18 23 22 29 
21 18 23 22 29 
21 18 2 22 29 
21 18 2 10 29 
11 18 2 10 29 
11 18 2 10 29 
11 18 2 10 31 
11 18 2 10 31 
11 18 3 10 31 
11 18 3 10 31 
11 20 3 10 31 
11 20 3 10 31 
11 20 3 10 31 
11 20 3 10 30 
21 20 3 10 30 
21 20 3 10 30 
21 9 3 10 30 
8 9 3 10 30 
8 9 3 11 30 
8 9 3 11 30 
8 9 3 11 30 
8 9 3 11 30 
8 9 3 11 30 
8 9 3 11 30 
8 9 3 21 30 
8 9 3 21 30 
8 20 3 21 30 
8 20 3 21 31 
8 20 3 21 31 
8 20 3 21 31 
8 20 3 21 31 
8 20 3 21 31 
8 20 23 21 31 
8 20 23 21 31 
8 20 2 21 31 
8 20 2 21 31 
8 12 2 21 31 
8 12 2 21 31 
12 12 2 21 31 
12 12 2 21 28 
12 12 2 11 28 
12 12 2 11 28 
12 12 2 11 28 
12 12 23 11 28 
12 20 23 11 28 
12 20 23 10 28 
12 20 23 10 29 
12 20 39 10 29 
12 9 39 10 29 
12 9 39 10 30 
12 9 39 10 30 
12 9 40 10 30 
20 9 40 10 30 
20 9 40 10 30 
20 9 40 10 30 
20 9 40 10 28 
20 9 40 15 28 
9 9 40 15 28 
9 9 40 15 28 
9 9 41 15 28 
9 18 41 15 28 
9 18 41 15 17 
9 18 36 15 17 
9 18 36 13 17 
20 18 36 13 17 
20 18 36 13 17 
20 18 36 13 17 
20 18 36 13 17 
12 18 36 13 17 
12 18 36 13 17 
12 18 36 13 17 
12 18 36 13 17 
12 18 36 13 17 
12 18 36 13 17 
12 18 36 13 17 
12 18 36 13 17 
12 18 36 13 19 
12 18 41 13 19 
21 18 41 13 19 
21 18 41 15 19 
21 18 41 15 19 
21 18 41 15 19 
21 18 40 15 19 
21 18 40 15 19 
8 18 40 15 19 
8 20 40 15 19 
8 20 40 15 19 
8 20 40 15 19 
8 20 40 15 19 
8 9 40 15 19 
8 9 40 15 19 
8 9 40 15 17 
8 9 40 15 17 
8 9 40 15 17 
21 9 40 15 17 
21 9 40 15 17 
11 9 40 15 17 
11 9 40 15 28 
11 9 39 15 28 
11 9 39 14 28 
11 9 39 14 28 
11 9 39 14 28 
11 9 39 14 28 
11 20 39 14 28 
11 20 39 14 28 
11 20 26 14 28 
21 20 26 14 28 
21 20 26 14 28 
21 20 26 14 29 
21 12 26 14 29 
8 12 26 14 29 
8 12 27 14 29 
8 12 27 14 30 
8 12 32 14 30 
8 12 32 15 30 
8 12 32 15 30 
8 12 32 15 30 
8 12 32 15 29 
8 12 27 15 29 
8 12 27 13 29 
8 12 27 13 28 
8 12 33 13 28 
11 21 33 13 28 
11 21 33 13 28 
11 21 33 13 28 
11 10 33 13 28 
11 10 33 13 28 
11 10 33 13 29 
22 10 33 13 29 
22 10 32 13 29 
22 10 32 15 29 
22 10 32 15 29 
22 10 32 14 29 
22 10 33 14 29 
22 10 33 14 19 
16 10 33 14 19 
16 22 33 14 19 
16 7 33 14 19 
16 7 33 14 19 
16 7 33 14 19 
16 7 33 14 19 
16 7 33 14 19 
16 7 33 14 19 
16 7 33 14 19 
16 7 34 14 19 
16 22 34 14 19 
16 22 34 14 19 
16 22 34 14 19 
16 6 34 14 19 
16 6 35 14 19 
16 6 35 14 17 
16 6 35 15 17 
16 6 35 15 17 
16 6 35 15 17 
16 6 35 15 17 
16 6 35 15 17 
16 6 34 15 17 
16 6 34 13 17 
16 6 34 13 28 
19 6 34 13 28 
19 6 34 13 28 
19 6 34 13 28 
19 6 34 13 28 
43 6 34 13 28 
43 7 34 13 28 
43 7 35 13 28 
43 7 35 13 28 
43 7 35 13 28 
43 7 35 13 30 
43 7 36 13 30 
43 7 36 13 30 
37 7 36 13 30 
37 7 36 15 30 
37 7 36 15 30 
37 22 36 15 30 
37 22 36 15 30 
37 22 36 15 30 
43 22 36 15 30 
43 22 36 15 31 
43 22 41 15 31 
43 22 41 15 31 
43 22 41 15 31 
43 7 41 22 31 
25 7 41 22 31 
25 7 40 22 31 
25 7 40 6 31 
25 22 40 6 31 
25 22 40 6 31 
25 16 40 6 31 
25 16 40 6 27 
25 16 40 6 32 
25 16 40 6 32 
25 16 40 6 32 
0 16 40 6 32 
0 16 39 6 32 
0 16 39 6 26 
0 16 39 6 26 
0 22 39 6 26 
0 22 39 6 23 
0 22 39 22 23 
0 22 39 7 23 
0 10 39 7 23 
0 10 38 7 23 
0 10 38 15 23 
25 10 38 15 23 
25 10 38 15 23 
25 10 38 15 23 
25 10 38 15 23 
25 10 38 15 26 
43 10 38 15 26 
43 10 38 15 26 
43 10 37 15 26 
43 10 37 15 26 
43 11 37 15 26 
43 11 37 15 23 
43 11 37 15 23 
43 11 37 15 2 
43 11 37 14 2 
43 21 37 14 2 
43 21 37 14 2 
43 21 37 14 2 
43 8 37 14 2 
43 8 37 14 2 
16 8 37 14 2 
16 8 38 14 2 
16 8 38 14 2 
16 8 38 14 2 
16 8 38 14 23 
16 21 38 14 23 
16 21 1 14 23 
16 21 1 14 3 
16 21 1 14 3 
16 21 0 14 3 
16 21 0 14 24 
16 21 0 14 24 
16 21 0 14 4 
16 21 25 14 4 
16 8 25 14 4 
15 8 25 14 4 
15 8 25 15 4 
15 8 25 15 24 
15 8 25 15 24 
15 8 25 13 24 
15 21 25 13 24 
15 21 25 13 24 
15 21 25 13 24 
15 21 25 13 24 
15 21 0 13 24 
15 21 0 13 24 
15 21 0 13 4 
15 21 0 13 4 
15 11 0 13 4 
14 11 0 13 4 
14 11 1 13 4 
14 11 1 13 3 
14 11 23 13 3 
14 11 2 13 3 
14 11 2 15 3 
14 11 2 15 24 
14 11 2 16 24 
14 10 2 16 24 
14 10 2 16 5 
14 10 1 16 5 
14 21 1 16 5 
15 21 1 16 5 
15 12 1 16 5 
15 12 1 16 5 
15 12 1 16 5 
15 12 1 16 24 
15 20 1 16 24 
15 20 1 16 4 
15 9 1 16 4 
15 9 1 6 4 
22 9 1 6 4 
22 9 1 6 24 
11 9 1 6 24 
21 9 1 6 24 
8 9 1 6 24 
8 9 1 6 24 
8 9 1 6 24 
8 9 37 6 24 
8 9 37 6 4 
8 20 37 6 4 
8 20 43 16 4 
8 20 43 16 4 
8 20 43 16 24 
8 20 43 16 5 
8 20 37 16 5 
8 20 37 16 5 
8 9 37 16 5 
11 9 37 19 5 
11 9 37 17 5 
11 9 37 17 42 
11 12 37 17 42 
11 12 38 17 42 
11 12 38 17 42 
22 12 38 17 42 
22 20 38 17 42 
22 20 39 19 42 
22 20 39 19 41 
22 8 39 19 41 
22 8 39 29 41 
10 8 39 29 41 
10 8 39 30 41 
10 8 39 30 18 
11 8 40 30 18 
11 8 42 30 18 
11 21 42 30 18 
11 6 42 30 18 
11 6 42 33 18 
11 6 41 33 18 
11 6 41 33 35 
15 6 41 33 35 
15 6 41 34 35 
15 6 42 34 35 
13 6 42 34 35 
13 14 42 34 35 
13 14 41 34 35 
13 14 41 34 36 
13 14 41 27 36 
13 14 41 27 36 
13 14 40 27 36 
13 14 40 26 36 
13 14 40 26 5 
13 14 40 26 5 
13 14 40 38 5 
13 14 39 38 5 
13 14 39 31 5 
13 14 39 31 5 
13 14 3 31 5 
13 14 3 31 18 
22 14 3 31 18 
16 14 3 30 18 
16 14 3 29 18 
16 12 3 29 18 
16 12 24 29 18 
16 12 4 29 18 
19 12 4 29 18 
19 12 4 29 18 
19 12 5 29 18 
28 12 5 29 18 
28 12 5 29 24 
28 12 5 17 24 
19 12 5 17 24 
19 12 5 17 24 
19 12 5 17 4 
19 11 5 25 4 
19 11 42 25 3 
42 42 42 42 42 
;
ROBOT MOVING BEST:
0 0 0 0 0 
1 1 0 0 0 
0 1 1 0 0 
0 0 1 1 0 
1 0 0 1 0 
0 0 0 1 1 
0 0 1 0 1 
0 1 0 0 1 
1 0 0 0 1 
0 0 0 1 1 
0 0 1 0 1 
0 1 0 0 1 
1 0 0 1 0 
1 0 0 0 1 
0 0 0 1 1 
0 0 1 0 1 
0 1 0 0 1 
1 0 0 0 1 
0 0 0 1 1 
0 1 1 0 0 
0 1 0 0 1 
1 0 1 0 0 
0 0 1 1 0 
1 0 0 0 1 
0 0 0 1 1 
0 0 1 0 1 
0 1 0 0 1 
1 0 0 0 1 
0 0 0 1 1 
0 0 1 0 1 
1 1 0 0 0 
0 1 0 0 1 
0 0 0 1 1 
1 0 0 0 1 
0 0 1 0 1 
0 1 0 0 1 
0 1 1 0 0 
0 0 0 1 1 
1 0 0 0 1 
0 0 1 1 0 
0 0 1 0 1 
0 1 0 1 0 
1 1 0 0 0 
0 1 1 0 0 
0 0 1 1 0 
1 1 0 0 0 
1 0 0 1 0 
1 0 1 0 0 
0 1 0 1 0 
0 1 1 0 0 
1 0 0 1 0 
1 1 0 0 0 
0 0 1 0 1 
0 1 0 1 0 
0 1 1 0 0 
1 0 0 0 1 
0 1 0 0 1 
0 0 0 1 1 
1 0 1 0 0 
0 0 1 0 1 
0 1 1 0 0 
0 0 1 1 0 
1 0 0 0 1 
0 1 0 0 1 
0 0 0 1 1 
0 0 1 0 1 
0 1 0 0 1 
0 0 0 1 1 
0 0 1 0 1 
0 1 0 1 0 
1 0 1 0 0 
0 1 1 0 0 
0 0 1 1 0 
1 0 0 0 1 
0 1 0 0 1 
0 0 0 1 1 
0 0 1 0 1 
1 0 0 1 0 
0 1 0 1 0 
1 0 1 0 0 
0 1 1 0 0 
1 0 0 0 1 
0 1 0 0 1 
1 0 0 1 0 
1 1 0 0 0 
0 1 0 1 0 
0 0 1 1 0 
0 1 0 0 1 
0 0 0 1 1 
0 0 1 0 1 
0 1 0 1 0 
1 0 0 1 0 
0 0 1 1 0 
0 1 0 0 1 
1 0 0 0 1 
0 0 1 0 1 
0 0 0 1 1 
0 1 0 1 0 
1 0 0 1 0 
0 1 0 0 1 
1 0 0 0 1 
0 0 1 0 1 
0 0 0 1 1 
0 1 1 0 0 
0 1 0 1 0 
0 0 1 1 0 
1 0 0 1 0 
0 1 0 0 1 
0 0 1 0 1 
0 0 0 1 1 
1 0 0 0 1 
0 1 0 1 0 
0 0 1 1 0 
1 0 0 1 0 
0 1 0 0 1 
0 0 1 0 1 
0 0 0 1 1 
1 0 0 0 1 
0 1 0 1 0 
0 0 1 1 0 
1 0 0 1 0 
0 1 0 0 1 
0 0 1 0 1 
1 0 0 0 1 
0 0 0 1 1 
1 0 0 0 1 
0 1 0 0 1 
0 1 1 0 0 
0 0 1 1 0 
1 1 0 0 0 
1 0 0 0 1 
1 0 0 1 0 
0 0 0 1 1 
1 0 1 0 0 
0 1 1 0 0 
0 0 1 0 1 
0 0 1 1 0 
1 1 0 0 0 
1 0 0 1 0 
0 0 0 1 1 
1 0 0 0 1 
0 1 1 0 0 
0 0 1 1 0 
1 0 1 0 0 
0 0 1 0 1 
1 0 0 1 0 
0 1 0 0 1 
1 0 0 0 1 
0 0 1 1 0 
0 0 1 0 1 
0 1 1 0 0 
1 0 1 0 0 
0 1 0 0 1 
1 0 0 0 1 
1 1 0 0 0 
1 0 1 0 0 
0 0 1 1 0 
1 0 0 0 1 
0 0 1 0 1 
0 0 0 1 1 
1 1 0 0 0 
0 1 1 0 0 
0 1 0 0 1 
1 0 1 0 0 
0 0 1 1 0 
1 0 0 0 1 
0 0 0 1 1 
0 0 1 0 1 
1 1 0 0 0 
0 1 1 0 0 
0 0 0 1 1 
1 0 1 0 0 
0 1 0 0 1 
1 0 0 0 1 
0 0 1 1 0 
0 0 1 0 1 
0 1 1 0 0 
0 1 0 1 0 
1 0 1 0 0 
1 1 0 0 0 
0 1 0 0 1 
0 0 1 0 1 
0 0 0 1 1 
0 1 1 0 0 
0 1 0 0 1 
1 0 0 0 1 
0 0 1 0 1 
0 0 0 1 1 
1 0 0 0 1 
0 0 0 1 1 
0 0 1 0 1 
0 1 0 0 1 
0 1 0 0 1 
0 0 1 0 1 
0 1 0 0 1 
1 0 0 0 1 
0 0 1 1 0 
0 0 1 0 1 
0 1 0 0 1 
0 0 0 1 1 
0 0 1 0 1 
0 0 0 1 1 
0 1 0 0 1 
1 0 0 0 1 
1 0 1 0 0 
1 0 0 0 1 
0 0 1 0 1 
1 0 1 0 0 
0 0 1 0 1 
0 0 0 1 1 
0 1 0 0 1 
1 0 1 0 0 
1 1 0 0 0 
1 0 0 0 1 
0 0 1 0 1 
0 0 0 1 1 
0 1 0 0 1 
0 0 1 1 0 
0 1 1 0 0 
0 1 0 1 0 
0 0 1 0 1 
0 0 0 1 1 
0 1 1 0 0 
0 1 0 0 1 
1 1 0 0 0 
0 1 0 1 0 
1 0 1 0 0 
0 0 1 1 0 
0 0 0 1 1 
1 0 0 1 0 
1 1 0 0 0 
0 0 1 0 1 
0 1 0 1 0 
0 1 0 0 1 
0 1 1 0 0 
1 0 1 0 0 
0 0 1 0 1 
1 1 0 0 0 
0 1 0 0 1 
1 0 0 0 1 
1 0 1 0 0 
0 0 0 1 1 
0 1 0 1 0 
0 0 1 0 1 
0 1 0 0 1 
1 0 1 0 0 
0 1 1 0 0 
0 0 0 1 1 
1 1 0 0 0 
1 0 0 1 0 
0 0 1 0 1 
0 1 0 1 0 
0 1 0 0 1 
1 0 1 0 0 
1 1 0 0 0 
0 1 1 0 0 
0 0 0 1 1 
1 0 0 0 1 
0 1 0 1 0 
0 0 0 1 1 
1 1 0 0 0 
1 0 1 0 0 
0 1 1 0 0 
0 0 1 0 1 
0 1 0 1 0 
0 0 0 1 1 
0 0 1 1 0 
0 0 1 0 1 
0 0 1 0 1 
0 1 0 1 0 
0 0 0 1 1 
1 0 0 0 1 
0 0 1 1 0 
0 1 0 1 0 
0 0 1 0 1 
1 1 0 0 0 
0 1 0 0 1 
0 1 1 0 0 
0 0 1 1 0 
1 0 1 0 0 
0 0 1 0 1 
0 0 0 1 1 
1 0 1 0 0 
0 0 1 1 0 
0 1 1 0 0 
1 0 0 0 1 
0 0 0 1 1 
0 1 0 0 1 
0 1 1 0 0 
0 0 1 1 0 
0 0 1 0 1 
1 0 1 0 0 
0 1 1 0 0 
0 0 1 1 0 
0 0 1 0 1 
1 0 1 0 0 
0 0 1 0 1 
1 0 1 0 0 
0 0 1 1 0 
0 1 1 0 0 
0 0 1 0 1 
0 0 1 1 0 
0 0 1 0 1 
1 0 1 0 0 
0 0 1 1 0 
0 0 1 0 1 
0 1 1 0 0 
0 1 1 0 0 
0 1 1 0 0 
0 0 1 1 0 
0 0 1 0 1 
0 1 1 0 0 
0 1 0 1 0 
0 0 1 0 1 
0 0 1 0 1 
0 1 0 1 0 
1 0 0 1 0 
0 0 0 1 1 
0 1 1 0 0 
0 1 0 1 0 
0 0 1 1 0 
0 0 0 1 1 
1 0 0 1 0 
0 0 0 1 1 
0 0 1 1 0 
0 0 1 0 1 
1 0 0 1 0 
0 0 1 1 0 
0 0 0 1 1 
1 1 0 0 0 
0 1 0 1 0 
0 1 1 0 0 
0 1 0 0 1 
0 0 1 0 1 
1 1 0 0 0 
0 0 0 1 1 
0 1 1 0 0 
0 0 1 1 0 
1 1 0 0 0 
1 0 0 1 0 
0 1 0 1 0 
0 0 1 1 0 
0 1 0 1 0 
0 0 1 1 0 
0 1 1 0 0 
1 0 0 1 0 
0 1 0 1 0 
0 0 0 1 1 
0 1 0 1 0 
0 0 1 0 1 
1 0 0 0 1 
0 0 1 1 0 
0 1 0 0 1 
1 0 0 1 0 
1 0 0 0 1 
0 1 1 0 0 
0 0 1 1 0 
0 0 0 1 1 
0 0 1 0 1 
1 1 0 0 0 
1 0 1 0 0 
1 1 0 0 0 
0 0 1 1 0 
0 0 0 1 1 
0 1 0 0 1 
1 1 0 0 0 
1 0 0 1 0 
0 0 0 1 1 
1 0 0 1 0 
0 0 1 1 0 
0 0 1 0 1 
1 0 0 1 0 
0 0 1 0 1 
1 0 0 1 0 
1 1 0 0 0 
0 0 1 1 0 
1 0 0 0 1 
0 0 0 1 1 
0 1 0 0 1 
1 1 0 0 0 
0 0 1 1 0 
1 0 0 1 0 
1 1 0 0 0 
0 1 0 1 0 
1 0 0 0 1 
0 0 0 1 1 
1 0 1 0 0 
0 0 1 1 0 
1 1 0 0 0 
1 0 0 0 1 
0 0 0 1 1 
1 0 0 1 0 
1 1 0 0 0 
1 0 0 0 1 
1 0 0 1 0 
1 0 1 0 0 
0 0 1 1 0 
0 0 1 1 0 
1 0 1 0 0 
1 1 0 0 0 
1 0 0 0 1 
1 0 1 0 0 
1 1 0 0 0 
1 0 0 1 0 
1 0 0 0 1 
1 0 0 1 0 
1 0 0 0 1 
1 0 1 0 0 
1 1 0 0 0 
0 0 1 1 0 
1 0 1 0 0 
0 1 0 1 0 
1 0 0 1 0 
1 0 0 0 1 
1 1 0 0 0 
0 0 1 1 0 
0 0 0 1 1 
1 0 0 1 0 
1 0 0 0 1 
1 0 1 0 0 
1 1 0 0 0 
1 0 0 0 1 
1 0 1 0 0 
1 0 0 1 0 
1 1 0 0 0 
1 0 0 0 1 
1 0 1 0 0 
1 0 0 1 0 
1 1 0 0 0 
1 0 0 0 1 
1 0 1 0 0 
0 1 0 1 0 
0 0 0 1 1 
1 0 0 1 0 
0 0 1 1 0 
1 1 0 0 0 
1 0 0 0 1 
1 0 1 0 0 
0 1 0 1 0 
0 0 0 1 1 
0 0 1 1 0 
1 0 0 1 0 
1 0 1 0 0 
1 0 0 0 1 
1 1 0 0 0 
1 0 0 1 0 
1 0 0 0 1 
1 0 1 0 0 
1 1 0 0 0 
1 0 0 0 1 
1 0 1 0 0 
1 0 0 0 1 
1 0 0 1 0 
1 0 1 0 0 
0 0 1 1 0 
1 1 0 0 0 
1 0 0 1 0 
1 0 0 0 1 
0 0 1 1 0 
1 0 1 0 0 
0 1 0 1 0 
1 1 0 0 0 
1 0 0 1 0 
0 0 0 1 1 
1 0 0 0 1 
1 0 0 1 0 
1 0 1 0 0 
1 1 0 0 0 
0 0 0 1 1 
0 1 0 0 1 
0 0 1 1 0 
1 0 0 0 1 
0 1 0 1 0 
1 0 1 0 0 
1 1 0 0 0 
0 0 0 1 1 
0 1 0 1 0 
1 0 0 0 1 
1 0 1 0 0 
1 1 0 0 0 
0 0 0 1 1 
0 0 1 1 0 
1 0 1 0 0 
0 1 0 1 0 
1 0 0 1 0 
1 0 0 0 1 
0 0 1 1 0 
0 0 0 1 1 
1 1 0 0 0 
0 1 0 1 0 
1 0 0 1 0 
1 0 1 0 0 
1 0 0 0 1 
0 0 0 1 1 
1 1 0 0 0 
1 0 1 0 0 
0 0 1 1 0 
1 0 0 1 0 
0 0 0 1 1 
0 0 1 1 0 
1 0 0 1 0 
0 0 0 1 1 
1 1 0 0 0 
0 0 1 1 0 
0 1 0 1 0 
1 0 0 0 1 
1 0 1 0 0 
1 1 0 0 0 
1 0 0 1 0 
0 0 0 1 1 
0 1 0 1 0 
1 0 1 0 0 
1 0 0 0 1 
1 1 0 0 0 
1 0 1 0 0 
0 0 0 1 1 
1 0 0 1 0 
0 0 0 1 1 
1 1 0 0 0 
1 0 0 1 0 
0 1 0 1 0 
0 1 0 0 1 
1 1 0 0 0 
0 1 0 1 0 
0 1 0 0 1 
1 1 0 0 0 
1 0 1 0 0 
0 1 1 0 0 
0 1 1 0 0 
0 0 1 1 0 
0 1 0 0 1 
1 1 0 0 0 
1 0 1 0 0 
0 0 1 1 0 
0 1 0 0 1 
1 1 0 0 0 
0 0 1 1 0 
0 1 0 1 0 
1 1 0 0 0 
0 0 0 1 1 
0 1 0 0 1 
0 0 1 1 0 
0 1 1 0 0 
1 0 0 1 0 
0 1 0 1 0 
1 0 0 0 1 
1 1 0 0 0 
0 0 0 1 1 
1 0 0 1 0 
0 0 1 1 0 
0 1 0 1 0 
1 0 0 1 0 
0 0 0 1 1 
0 0 1 1 0 
0 1 0 1 0 
1 0 0 1 0 
1 0 1 0 0 
1 1 0 0 0 
0 0 1 1 0 
0 1 0 1 0 
0 1 1 0 0 
1 0 0 0 1 
1 0 0 1 0 
0 0 0 1 1 
1 1 0 0 0 
0 1 0 1 0 
1 0 1 0 0 
0 0 1 1 0 
1 0 1 0 0 
0 0 1 0 1 
1 1 0 0 0 
0 0 1 1 0 
1 0 0 1 0 
0 0 0 1 1 
0 0 1 1 0 
1 0 0 1 0 
1 0 0 0 1 
0 0 1 1 0 
1 1 0 0 0 
1 0 0 1 0 
1 0 0 0 1 
1 0 1 0 0 
1 1 0 0 0 
1 0 0 0 1 
0 0 1 1 0 
1 0 1 0 0 
1 1 0 0 0 
1 0 1 0 0 
0 0 1 1 0 
1 0 0 0 1 
1 0 0 1 0 
1 0 1 0 0 
1 0 0 1 0 
1 0 1 0 0 
1 1 0 0 0 
1 0 0 0 1 
1 0 1 0 0 
1 0 0 1 0 
1 1 0 0 0 
1 0 0 0 1 
1 0 1 0 0 
1 0 0 1 0 
1 1 0 0 0 
1 0 0 0 1 
0 1 0 0 1 
1 0 1 0 0 
1 0 0 1 0 
0 1 0 1 0 
0 0 1 0 1 
0 0 0 1 1 
1 0 0 0 1 
1 0 1 0 0 
1 0 0 1 0 
0 1 0 1 0 
1 0 0 0 1 
1 0 1 0 0 
0 1 1 0 0 
1 0 0 1 0 
1 0 0 0 1 
0 1 0 0 1 
0 0 0 1 1 
1 0 0 1 0 
0 0 1 0 1 
0 1 0 0 1 
1 0 1 0 0 
1 0 0 0 1 
0 0 1 1 0 
0 0 0 1 1 
1 0 1 0 0 
1 0 0 0 1 
1 0 0 1 0 
0 0 0 1 1 
0 0 1 1 0 
0 1 0 1 0 
1 0 0 1 0 
1 0 1 0 0 
0 0 0 1 1 
0 1 0 1 0 
0 0 1 1 0 
1 0 1 0 0 
1 0 0 1 0 
0 0 1 1 0 
0 0 0 1 1 
0 1 0 1 0 
1 0 0 1 0 
0 0 1 1 0 
0 0 0 1 1 
0 0 1 1 0 
0 1 0 1 0 
0 0 0 1 1 
0 0 1 1 0 
0 0 0 1 1 
0 0 1 1 0 
1 0 0 1 0 
1 0 0 0 1 
1 0 1 0 0 
1 1 0 0 0 
1 0 0 1 0 
0 0 0 1 1 
0 1 0 1 0 
0 0 1 1 0 
0 0 0 1 1 
1 0 0 1 0 
0 0 1 1 0 
0 1 0 1 0 
1 0 0 1 0 
0 1 0 1 0 
0 1 1 0 0 
0 1 0 0 1 
1 1 0 0 0 
0 1 0 1 0 
0 1 0 1 0 
0 0 1 1 0 
0 0 0 1 1 
0 1 0 0 1 
1 0 0 1 0 
1 1 0 0 0 
1 0 1 0 0 
0 0 1 1 0 
0 1 0 0 1 
1 1 0 0 0 
1 0 0 0 1 
0 1 0 1 0 
0 0 1 1 0 
0 0 0 1 1 
1 0 0 1 0 
1 1 0 0 0 
1 0 0 0 1 
0 1 0 1 0 
0 0 1 1 0 
1 0 1 0 0 
1 0 0 1 0 
1 0 0 0 1 
1 1 0 0 0 
0 1 0 1 0 
1 0 0 1 0 
0 0 1 1 0 
1 1 0 0 0 
0 1 0 1 0 
0 0 1 1 0 
0 0 1 0 1 
1 0 0 1 0 
0 0 0 1 1 
0 0 1 1 0 
1 1 0 0 0 
1 0 0 1 0 
0 1 0 1 0 
1 1 0 0 0 
1 1 0 0 0 
0 0 1 1 0 
1 0 0 1 0 
1 1 0 0 0 
0 0 0 1 1 
0 1 1 0 0 
1 0 0 1 0 
0 0 1 1 0 
0 1 0 1 0 
1 1 0 0 0 
0 1 1 0 0 
0 1 0 1 0 
1 1 0 0 0 
0 1 1 0 0 
0 1 0 0 1 
0 1 0 0 1 
0 1 0 0 1 
1 0 0 1 0 
0 1 1 0 0 
1 0 0 1 0 
0 1 1 0 0 
0 1 0 0 1 
0 0 1 1 0 
0 1 0 1 0 
0 0 0 1 1 
1 0 0 1 0 
1 0 0 1 0 
1 1 0 0 0 
0 0 1 1 0 
1 0 0 1 0 
1 1 0 0 0 
0 1 0 0 1 
0 1 1 0 0 
1 0 0 1 0 
0 1 0 0 1 
1 1 0 0 0 
0 0 1 1 0 
0 1 1 0 0 
0 0 0 1 1 
1 1 0 0 0 
0 0 0 1 1 
0 1 1 0 0 
0 0 0 1 1 
1 0 0 1 0 
1 1 0 0 0 
0 0 1 1 0 
0 1 1 0 0 
1 1 0 0 0 
0 1 1 0 0 
1 0 1 0 0 
0 0 1 1 0 
0 0 0 1 1 
0 1 1 0 0 
0 0 0 1 1 
0 1 1 0 0 
0 0 1 1 0 
0 0 0 1 1 
1 0 0 0 1 
0 0 1 1 0 
0 0 0 1 1 
1 1 0 0 0 
0 0 0 1 1 
0 0 1 1 0 
1 1 0 0 0 
1 0 0 1 0 
0 0 0 1 1 
0 0 0 1 1 
0 1 0 0 1 
0 0 1 1 0 
0 1 1 0 0 
0 0 0 1 1 
0 1 0 0 1 
1 0 0 1 0 
0 0 1 1 0 
0 1 1 0 0 
0 0 0 1 1 
0 1 0 0 1 
0 1 1 0 0 
1 0 0 1 0 
0 0 1 1 0 
0 0 0 1 1 
0 0 1 1 0 
0 0 1 1 0 
0 0 0 1 1 
0 1 0 0 1 
0 1 0 1 0 
0 1 0 0 1 
1 0 0 0 1 
0 1 1 0 0 
0 1 0 0 1 
1 0 0 0 1 
0 1 0 1 0 
1 0 1 0 0 
0 1 0 0 1 
0 0 0 1 1 
0 1 0 1 0 
0 0 0 1 1 
0 1 0 1 0 
0 0 1 1 0 
1 0 0 0 1 
1 0 0 0 1 
1 0 1 0 0 
1 0 1 0 0 
1 0 0 1 0 
0 1 0 0 1 
1 0 1 0 0 
0 0 1 1 0 
0 1 0 0 1 
0 1 0 0 1 
0 0 1 1 0 
1 0 0 0 1 
0 1 0 0 1 
0 1 0 0 1 
0 1 1 0 0 
1 0 0 0 1 
0 1 0 0 1 
1 0 0 1 0 
1 0 0 1 0 
0 1 0 0 1 
0 1 1 0 0 
1 0 1 0 0 
0 1 0 0 1 
1 0 1 0 0 
0 1 0 0 1 
0 0 1 1 0 
0 1 0 0 1 
0 1 0 0 1 
0 0 0 1 1 
1 0 0 0 1 
0 0 0 1 1 
0 0 1 0 1 
1 0 1 0 0 
0 1 1 0 0 
0 1 1 0 0 
0 1 0 1 0 
0 0 0 1 1 
1 0 1 0 0 
1 0 0 0 1 
1 0 0 1 0 
1 0 0 1 0 
1 0 1 0 0 
1 0 1 0 0 
0 1 1 0 0 
1 0 1 0 0 
0 1 0 0 1 
1 0 0 1 0 
0 1 1 0 0 
1 0 1 0 0 
1 0 0 1 0 
1 0 0 0 1 
0 1 1 0 0 
1 0 0 1 0 
1 0 1 0 0 
1 0 0 1 0 
0 1 0 1 0 
0 0 1 0 1 
0 1 0 0 1 
1 0 1 0 0 
1 0 0 1 0 
1 0 0 1 0 
0 1 1 0 0 
0 0 1 0 1 
0 0 1 0 1 
1 0 0 1 0 
0 1 1 0 0 
0 0 1 0 1 
1 0 0 1 0 
0 1 0 0 1 
0 0 0 1 1 
1 0 0 1 0 
0 0 1 0 1 
0 0 1 0 1 
0 1 0 1 0 
0 0 1 0 1 
1 1 0 1 1 
;
TIMETABLE BEST: 
0.0 0.0 0.0 0.0 0.0 
10.0 0.0 0.0 0.0 0.0 
10.0 18.0 0.0 0.0 0.0 
10.0 18.0 18.0 0.0 0.0 
19.0 18.0 18.0 0.0 0.0 
19.0 18.0 18.0 19.0 0.0 
19.0 18.0 25.0 19.0 0.0 
19.0 18.0 25.0 19.0 10.0 
19.0 18.0 25.0 19.0 10.0 
19.0 18.0 25.0 19.0 10.0 
19.0 18.0 25.0 19.0 10.0 
19.0 26.0 25.0 19.0 10.0 
19.0 26.0 25.0 19.0 10.0 
29.0 26.0 25.0 19.0 10.0 
29.0 26.0 25.0 30.0 10.0 
29.0 26.0 25.0 30.0 19.0 
29.0 26.0 25.0 30.0 19.0 
29.0 26.0 25.0 30.0 19.0 
29.0 26.0 25.0 30.0 19.0 
29.0 26.0 25.0 30.0 19.0 
29.0 34.0 25.0 30.0 19.0 
29.0 34.0 25.0 30.0 19.0 
29.0 34.0 25.0 30.0 19.0 
37.0 34.0 25.0 30.0 19.0 
37.0 34.0 25.0 38.0 19.0 
37.0 34.0 39.0 38.0 19.0 
37.0 34.0 39.0 38.0 29.0 
37.0 34.0 39.0 38.0 29.0 
37.0 34.0 39.0 38.0 29.0 
37.0 34.0 39.0 38.0 29.0 
37.0 34.0 39.0 38.0 29.0 
37.0 42.0 39.0 38.0 29.0 
37.0 42.0 39.0 45.0 29.0 
46.0 42.0 39.0 45.0 29.0 
46.0 42.0 39.0 45.0 37.0 
46.0 42.0 39.0 45.0 37.0 
46.0 42.0 39.0 45.0 37.0 
46.0 42.0 39.0 45.0 37.0 
46.0 42.0 39.0 45.0 37.0 
46.0 42.0 39.0 45.0 37.0 
46.0 42.0 39.0 45.0 46.0 
46.0 42.0 39.0 45.0 46.0 
46.0 42.0 39.0 45.0 46.0 
46.0 49.0 39.0 45.0 46.0 
46.0 49.0 39.0 51.0 46.0 
46.0 49.0 39.0 51.0 46.0 
46.0 49.0 39.0 51.0 46.0 
46.0 49.0 52.0 51.0 46.0 
46.0 49.0 52.0 51.0 46.0 
46.0 49.0 52.0 51.0 46.0 
46.0 49.0 52.0 57.0 46.0 
55.0 49.0 52.0 57.0 46.0 
55.0 49.0 59.0 57.0 46.0 
55.0 49.0 59.0 57.0 46.0 
55.0 49.0 59.0 57.0 46.0 
55.0 49.0 59.0 57.0 55.0 
55.0 56.0 59.0 57.0 55.0 
55.0 56.0 59.0 57.0 55.0 
55.0 56.0 59.0 57.0 55.0 
55.0 56.0 59.0 57.0 55.0 
55.0 56.0 59.0 57.0 55.0 
55.0 56.0 59.0 57.0 55.0 
63.0 56.0 59.0 57.0 55.0 
63.0 64.0 59.0 57.0 55.0 
63.0 64.0 59.0 64.0 55.0 
63.0 64.0 66.0 64.0 55.0 
63.0 64.0 66.0 64.0 61.0 
63.0 64.0 66.0 64.0 61.0 
63.0 64.0 66.0 64.0 61.0 
63.0 64.0 66.0 64.0 61.0 
63.0 64.0 66.0 64.0 61.0 
63.0 64.0 66.0 64.0 61.0 
63.0 64.0 66.0 64.0 61.0 
63.0 64.0 66.0 64.0 68.0 
63.0 64.0 66.0 64.0 68.0 
63.0 64.0 66.0 64.0 68.0 
63.0 64.0 66.0 64.0 68.0 
71.0 64.0 66.0 64.0 68.0 
71.0 64.0 66.0 72.0 68.0 
71.0 64.0 66.0 72.0 68.0 
71.0 64.0 73.0 72.0 68.0 
71.0 64.0 73.0 72.0 68.0 
71.0 64.0 73.0 72.0 76.0 
71.0 64.0 73.0 72.0 76.0 
80.0 64.0 73.0 72.0 76.0 
80.0 72.0 73.0 72.0 76.0 
80.0 72.0 73.0 72.0 76.0 
80.0 72.0 73.0 72.0 76.0 
80.0 72.0 73.0 72.0 76.0 
80.0 72.0 73.0 72.0 76.0 
80.0 79.0 73.0 72.0 76.0 
80.0 79.0 73.0 72.0 76.0 
80.0 79.0 80.0 72.0 76.0 
80.0 79.0 80.0 72.0 76.0 
80.0 79.0 80.0 72.0 76.0 
80.0 79.0 80.0 72.0 76.0 
80.0 79.0 80.0 80.0 76.0 
80.0 79.0 80.0 80.0 76.0 
80.0 79.0 80.0 80.0 76.0 
80.0 79.0 80.0 80.0 84.0 
80.0 79.0 80.0 80.0 84.0 
80.0 79.0 80.0 80.0 84.0 
80.0 79.0 80.0 80.0 84.0 
80.0 86.0 80.0 80.0 84.0 
80.0 86.0 80.0 80.0 84.0 
80.0 86.0 87.0 80.0 84.0 
80.0 86.0 87.0 88.0 84.0 
80.0 86.0 87.0 88.0 84.0 
80.0 86.0 87.0 88.0 84.0 
80.0 86.0 87.0 88.0 84.0 
80.0 86.0 87.0 88.0 93.0 
80.0 86.0 87.0 88.0 93.0 
80.0 86.0 87.0 88.0 93.0 
89.0 86.0 87.0 88.0 93.0 
89.0 86.0 87.0 88.0 93.0 
89.0 86.0 87.0 88.0 93.0 
89.0 86.0 87.0 88.0 93.0 
89.0 86.0 87.0 88.0 93.0 
89.0 94.0 87.0 88.0 93.0 
89.0 94.0 94.0 88.0 93.0 
95.0 94.0 94.0 88.0 93.0 
95.0 94.0 94.0 88.0 93.0 
95.0 94.0 94.0 88.0 93.0 
95.0 94.0 94.0 88.0 93.0 
95.0 94.0 94.0 96.0 93.0 
102.0 94.0 94.0 96.0 93.0 
102.0 94.0 94.0 96.0 102.0 
102.0 94.0 104.0 96.0 102.0 
102.0 94.0 104.0 96.0 102.0 
102.0 102.0 104.0 96.0 102.0 
102.0 102.0 104.0 96.0 102.0 
102.0 102.0 104.0 103.0 102.0 
102.0 102.0 104.0 103.0 102.0 
102.0 102.0 104.0 103.0 102.0 
102.0 102.0 104.0 103.0 102.0 
102.0 102.0 104.0 103.0 102.0 
102.0 102.0 104.0 103.0 102.0 
102.0 109.0 104.0 103.0 102.0 
102.0 109.0 104.0 109.0 102.0 
102.0 109.0 104.0 109.0 102.0 
110.0 109.0 104.0 109.0 102.0 
110.0 109.0 104.0 109.0 102.0 
110.0 109.0 104.0 109.0 102.0 
110.0 109.0 104.0 109.0 102.0 
110.0 109.0 104.0 109.0 111.0 
110.0 109.0 104.0 109.0 111.0 
110.0 109.0 104.0 109.0 111.0 
110.0 109.0 104.0 109.0 111.0 
110.0 109.0 104.0 118.0 111.0 
110.0 109.0 104.0 118.0 121.0 
110.0 109.0 118.0 118.0 121.0 
110.0 109.0 118.0 118.0 121.0 
110.0 109.0 118.0 118.0 121.0 
110.0 109.0 118.0 118.0 121.0 
110.0 123.0 118.0 118.0 121.0 
118.0 123.0 118.0 118.0 121.0 
118.0 123.0 118.0 118.0 121.0 
118.0 123.0 118.0 118.0 121.0 
118.0 123.0 118.0 118.0 121.0 
118.0 123.0 118.0 118.0 121.0 
118.0 123.0 118.0 118.0 121.0 
118.0 123.0 118.0 118.0 121.0 
118.0 123.0 118.0 118.0 121.0 
127.0 123.0 118.0 118.0 121.0 
127.0 123.0 118.0 127.0 121.0 
127.0 123.0 118.0 127.0 121.0 
127.0 123.0 118.0 127.0 121.0 
127.0 123.0 128.0 127.0 121.0 
127.0 123.0 128.0 127.0 121.0 
127.0 123.0 128.0 127.0 121.0 
127.0 123.0 128.0 133.0 121.0 
127.0 123.0 128.0 133.0 121.0 
127.0 123.0 128.0 133.0 133.0 
127.0 123.0 128.0 133.0 133.0 
127.0 123.0 128.0 133.0 133.0 
127.0 123.0 128.0 133.0 133.0 
127.0 123.0 139.0 133.0 133.0 
127.0 123.0 139.0 140.0 133.0 
127.0 123.0 139.0 140.0 133.0 
144.0 123.0 139.0 140.0 133.0 
144.0 136.0 139.0 140.0 133.0 
144.0 136.0 139.0 140.0 133.0 
144.0 136.0 139.0 140.0 133.0 
144.0 136.0 139.0 140.0 133.0 
144.0 143.0 139.0 140.0 133.0 
144.0 143.0 139.0 140.0 133.0 
144.0 143.0 145.0 140.0 133.0 
144.0 143.0 145.0 147.0 133.0 
152.0 143.0 145.0 147.0 133.0 
152.0 143.0 145.0 153.0 133.0 
152.0 143.0 154.0 153.0 133.0 
152.0 143.0 154.0 153.0 145.0 
152.0 150.0 154.0 153.0 145.0 
152.0 150.0 154.0 153.0 145.0 
152.0 158.0 154.0 153.0 145.0 
160.0 158.0 154.0 153.0 145.0 
160.0 158.0 154.0 153.0 145.0 
160.0 158.0 163.0 153.0 145.0 
160.0 166.0 163.0 153.0 145.0 
160.0 166.0 163.0 167.0 145.0 
160.0 166.0 169.0 167.0 145.0 
160.0 166.0 169.0 175.0 145.0 
160.0 177.0 169.0 175.0 145.0 
160.0 177.0 169.0 175.0 164.0 
160.0 177.0 169.0 175.0 164.0 
167.0 177.0 169.0 175.0 164.0 
167.0 177.0 169.0 175.0 164.0 
167.0 177.0 169.0 175.0 164.0 
167.0 177.0 175.0 175.0 164.0 
167.0 177.0 175.0 175.0 164.0 
167.0 177.0 175.0 175.0 164.0 
167.0 177.0 175.0 175.0 164.0 
167.0 177.0 175.0 175.0 164.0 
182.0 177.0 175.0 175.0 164.0 
182.0 177.0 175.0 175.0 172.0 
182.0 177.0 175.0 175.0 172.0 
182.0 177.0 175.0 175.0 172.0 
182.0 177.0 175.0 175.0 172.0 
182.0 177.0 175.0 175.0 172.0 
182.0 177.0 175.0 175.0 172.0 
182.0 177.0 181.0 175.0 172.0 
182.0 177.0 181.0 183.0 172.0 
182.0 177.0 181.0 183.0 172.0 
182.0 177.0 181.0 183.0 181.0 
182.0 177.0 181.0 183.0 181.0 
182.0 177.0 181.0 183.0 181.0 
182.0 177.0 181.0 183.0 181.0 
182.0 177.0 181.0 183.0 181.0 
182.0 177.0 181.0 183.0 181.0 
182.0 177.0 181.0 183.0 181.0 
190.0 177.0 181.0 183.0 181.0 
190.0 177.0 187.0 183.0 181.0 
190.0 177.0 187.0 192.0 181.0 
190.0 188.0 187.0 192.0 181.0 
190.0 188.0 187.0 192.0 181.0 
190.0 188.0 187.0 192.0 181.0 
190.0 188.0 196.0 192.0 181.0 
190.0 188.0 196.0 192.0 181.0 
190.0 197.0 196.0 192.0 181.0 
190.0 197.0 196.0 192.0 195.0 
190.0 197.0 196.0 192.0 195.0 
190.0 197.0 196.0 192.0 195.0 
190.0 197.0 196.0 192.0 195.0 
190.0 197.0 196.0 192.0 195.0 
190.0 197.0 196.0 192.0 195.0 
197.0 197.0 196.0 192.0 195.0 
197.0 197.0 196.0 192.0 195.0 
197.0 197.0 196.0 192.0 201.0 
197.0 197.0 196.0 192.0 201.0 
204.0 197.0 196.0 192.0 201.0 
204.0 197.0 196.0 192.0 201.0 
204.0 197.0 196.0 201.0 201.0 
204.0 197.0 196.0 201.0 201.0 
204.0 197.0 196.0 201.0 201.0 
204.0 197.0 196.0 201.0 201.0 
204.0 206.0 196.0 201.0 201.0 
204.0 206.0 196.0 201.0 201.0 
204.0 206.0 196.0 201.0 201.0 
204.0 206.0 196.0 201.0 201.0 
204.0 206.0 196.0 201.0 207.0 
204.0 206.0 196.0 201.0 207.0 
216.0 206.0 196.0 201.0 207.0 
216.0 216.0 196.0 201.0 207.0 
216.0 216.0 205.0 201.0 207.0 
216.0 216.0 205.0 201.0 207.0 
216.0 216.0 205.0 201.0 218.0 
216.0 216.0 205.0 215.0 218.0 
216.0 216.0 205.0 215.0 218.0 
216.0 216.0 211.0 215.0 218.0 
216.0 216.0 211.0 215.0 218.0 
216.0 216.0 211.0 215.0 218.0 
216.0 216.0 211.0 215.0 218.0 
216.0 216.0 211.0 223.0 218.0 
216.0 216.0 211.0 223.0 218.0 
216.0 216.0 211.0 223.0 228.0 
224.0 216.0 211.0 223.0 228.0 
224.0 216.0 211.0 223.0 228.0 
224.0 234.0 211.0 223.0 228.0 
224.0 234.0 222.0 223.0 228.0 
224.0 234.0 222.0 223.0 228.0 
224.0 234.0 222.0 223.0 228.0 
224.0 234.0 222.0 223.0 228.0 
232.0 234.0 222.0 223.0 228.0 
232.0 234.0 222.0 233.0 228.0 
232.0 234.0 222.0 233.0 228.0 
232.0 234.0 222.0 233.0 228.0 
232.0 234.0 222.0 233.0 228.0 
232.0 234.0 222.0 233.0 228.0 
232.0 242.0 222.0 233.0 228.0 
232.0 242.0 222.0 242.0 228.0 
232.0 242.0 222.0 242.0 242.0 
246.0 242.0 222.0 242.0 242.0 
246.0 249.0 222.0 242.0 242.0 
246.0 249.0 232.0 242.0 242.0 
246.0 249.0 232.0 242.0 242.0 
246.0 249.0 232.0 242.0 242.0 
246.0 249.0 232.0 242.0 252.0 
253.0 249.0 232.0 242.0 252.0 
253.0 249.0 232.0 253.0 252.0 
253.0 256.0 232.0 253.0 252.0 
253.0 256.0 232.0 253.0 259.0 
253.0 256.0 242.0 253.0 259.0 
253.0 256.0 242.0 253.0 259.0 
264.0 256.0 242.0 253.0 259.0 
264.0 256.0 242.0 264.0 259.0 
264.0 256.0 242.0 264.0 266.0 
264.0 256.0 253.0 264.0 266.0 
264.0 256.0 259.0 264.0 266.0 
264.0 263.0 259.0 264.0 266.0 
264.0 263.0 259.0 264.0 266.0 
264.0 263.0 259.0 264.0 266.0 
264.0 263.0 265.0 264.0 266.0 
264.0 263.0 265.0 275.0 266.0 
264.0 263.0 265.0 275.0 273.0 
264.0 263.0 271.0 275.0 273.0 
264.0 270.0 271.0 275.0 273.0 
273.0 270.0 271.0 275.0 273.0 
273.0 270.0 271.0 275.0 273.0 
273.0 278.0 271.0 275.0 273.0 
273.0 278.0 271.0 275.0 273.0 
273.0 278.0 280.0 275.0 273.0 
273.0 278.0 280.0 275.0 280.0 
286.0 278.0 280.0 275.0 280.0 
286.0 278.0 280.0 275.0 290.0 
286.0 278.0 280.0 286.0 290.0 
286.0 278.0 280.0 286.0 290.0 
286.0 278.0 280.0 286.0 290.0 
286.0 278.0 288.0 286.0 290.0 
286.0 278.0 288.0 286.0 290.0 
286.0 296.0 288.0 286.0 290.0 
286.0 296.0 288.0 286.0 290.0 
286.0 296.0 288.0 286.0 290.0 
286.0 296.0 288.0 286.0 290.0 
286.0 296.0 296.0 286.0 290.0 
293.0 296.0 296.0 286.0 290.0 
293.0 296.0 296.0 286.0 304.0 
293.0 296.0 296.0 286.0 304.0 
293.0 296.0 309.0 286.0 304.0 
293.0 306.0 309.0 286.0 304.0 
313.0 306.0 309.0 286.0 304.0 
313.0 306.0 309.0 296.0 304.0 
313.0 306.0 309.0 296.0 304.0 
313.0 306.0 309.0 303.0 304.0 
313.0 306.0 309.0 303.0 304.0 
313.0 306.0 309.0 303.0 304.0 
313.0 306.0 309.0 303.0 304.0 
313.0 315.0 309.0 303.0 304.0 
313.0 315.0 309.0 303.0 318.0 
313.0 315.0 309.0 310.0 318.0 
313.0 315.0 309.0 310.0 318.0 
313.0 315.0 309.0 310.0 318.0 
313.0 315.0 309.0 322.0 318.0 
313.0 315.0 309.0 322.0 318.0 
313.0 315.0 309.0 322.0 318.0 
321.0 315.0 309.0 322.0 318.0 
321.0 331.0 309.0 322.0 318.0 
321.0 331.0 309.0 331.0 318.0 
321.0 331.0 309.0 331.0 318.0 
321.0 331.0 323.0 331.0 328.0 
321.0 342.0 323.0 331.0 328.0 
321.0 342.0 344.0 331.0 328.0 
330.0 342.0 344.0 331.0 328.0 
330.0 342.0 344.0 331.0 328.0 
330.0 342.0 344.0 337.0 338.0 
330.0 342.0 344.0 337.0 338.0 
330.0 352.0 344.0 337.0 338.0 
330.0 352.0 344.0 355.0 338.0 
330.0 352.0 344.0 355.0 338.0 
339.0 352.0 344.0 355.0 338.0 
339.0 352.0 344.0 355.0 338.0 
339.0 352.0 344.0 355.0 356.0 
347.0 352.0 344.0 355.0 356.0 
347.0 352.0 354.0 355.0 356.0 
347.0 352.0 354.0 369.0 356.0 
369.0 352.0 354.0 369.0 356.0 
369.0 352.0 354.0 369.0 356.0 
369.0 352.0 354.0 369.0 356.0 
369.0 352.0 354.0 369.0 356.0 
369.0 352.0 354.0 369.0 375.0 
369.0 362.0 354.0 369.0 375.0 
369.0 362.0 364.0 369.0 375.0 
369.0 362.0 364.0 369.0 375.0 
369.0 371.0 364.0 369.0 375.0 
369.0 371.0 364.0 369.0 375.0 
369.0 371.0 364.0 369.0 375.0 
369.0 371.0 364.0 369.0 375.0 
369.0 371.0 378.0 369.0 375.0 
369.0 371.0 378.0 369.0 375.0 
369.0 381.0 378.0 369.0 375.0 
369.0 381.0 378.0 369.0 382.0 
369.0 381.0 378.0 369.0 382.0 
369.0 381.0 378.0 385.0 382.0 
369.0 389.0 378.0 385.0 382.0 
369.0 389.0 378.0 385.0 390.0 
369.0 389.0 378.0 391.0 390.0 
388.0 389.0 378.0 391.0 390.0 
388.0 389.0 378.0 391.0 390.0 
388.0 389.0 378.0 397.0 390.0 
388.0 389.0 388.0 397.0 390.0 
388.0 389.0 388.0 397.0 390.0 
388.0 389.0 388.0 397.0 390.0 
388.0 389.0 395.0 397.0 390.0 
388.0 397.0 395.0 397.0 390.0 
388.0 397.0 395.0 397.0 390.0 
388.0 397.0 395.0 397.0 397.0 
388.0 397.0 395.0 403.0 397.0 
388.0 397.0 395.0 403.0 403.0 
398.0 397.0 395.0 403.0 403.0 
398.0 397.0 395.0 403.0 403.0 
398.0 397.0 395.0 403.0 403.0 
398.0 397.0 402.0 403.0 403.0 
398.0 397.0 402.0 403.0 403.0 
398.0 397.0 402.0 403.0 403.0 
398.0 397.0 402.0 403.0 403.0 
398.0 405.0 402.0 403.0 403.0 
398.0 405.0 402.0 403.0 403.0 
398.0 405.0 402.0 403.0 403.0 
398.0 405.0 402.0 409.0 403.0 
398.0 405.0 402.0 409.0 409.0 
398.0 405.0 410.0 409.0 409.0 
398.0 414.0 410.0 409.0 409.0 
398.0 414.0 410.0 409.0 416.0 
398.0 414.0 418.0 409.0 416.0 
398.0 414.0 418.0 421.0 416.0 
408.0 414.0 418.0 421.0 416.0 
408.0 414.0 418.0 421.0 416.0 
408.0 414.0 418.0 421.0 416.0 
408.0 414.0 418.0 421.0 416.0 
417.0 414.0 418.0 421.0 416.0 
417.0 414.0 418.0 421.0 416.0 
417.0 414.0 418.0 421.0 416.0 
417.0 414.0 418.0 421.0 416.0 
417.0 414.0 418.0 421.0 416.0 
417.0 414.0 418.0 421.0 416.0 
417.0 414.0 418.0 421.0 416.0 
417.0 423.0 418.0 421.0 416.0 
417.0 423.0 418.0 421.0 423.0 
417.0 423.0 426.0 421.0 423.0 
417.0 423.0 426.0 421.0 423.0 
417.0 423.0 426.0 421.0 423.0 
417.0 423.0 426.0 421.0 423.0 
417.0 423.0 426.0 433.0 423.0 
417.0 423.0 434.0 433.0 423.0 
417.0 423.0 434.0 433.0 434.0 
417.0 437.0 434.0 433.0 434.0 
417.0 437.0 434.0 439.0 434.0 
417.0 437.0 434.0 439.0 442.0 
417.0 437.0 444.0 439.0 442.0 
417.0 445.0 444.0 439.0 442.0 
426.0 445.0 444.0 439.0 442.0 
426.0 445.0 444.0 439.0 442.0 
426.0 445.0 444.0 439.0 450.0 
439.0 445.0 444.0 439.0 450.0 
439.0 445.0 444.0 439.0 450.0 
439.0 445.0 444.0 439.0 450.0 
439.0 445.0 444.0 439.0 450.0 
439.0 445.0 444.0 445.0 450.0 
439.0 445.0 444.0 445.0 450.0 
439.0 445.0 444.0 445.0 450.0 
446.0 445.0 444.0 445.0 450.0 
446.0 445.0 444.0 445.0 450.0 
446.0 445.0 444.0 445.0 450.0 
446.0 445.0 444.0 445.0 450.0 
446.0 445.0 444.0 445.0 450.0 
446.0 445.0 444.0 445.0 450.0 
446.0 445.0 444.0 451.0 450.0 
446.0 445.0 452.0 451.0 450.0 
446.0 453.0 452.0 451.0 450.0 
446.0 453.0 452.0 451.0 450.0 
446.0 453.0 452.0 451.0 450.0 
446.0 453.0 452.0 451.0 450.0 
446.0 453.0 452.0 451.0 458.0 
446.0 453.0 452.0 451.0 458.0 
446.0 453.0 459.0 451.0 458.0 
453.0 453.0 459.0 451.0 458.0 
453.0 453.0 459.0 451.0 458.0 
453.0 453.0 459.0 457.0 458.0 
453.0 453.0 459.0 457.0 458.0 
453.0 453.0 459.0 457.0 458.0 
453.0 462.0 459.0 457.0 458.0 
453.0 462.0 459.0 457.0 458.0 
453.0 462.0 459.0 457.0 458.0 
453.0 462.0 465.0 457.0 458.0 
453.0 462.0 465.0 457.0 458.0 
463.0 462.0 465.0 457.0 458.0 
463.0 462.0 465.0 457.0 458.0 
463.0 462.0 465.0 457.0 458.0 
463.0 462.0 465.0 457.0 467.0 
463.0 462.0 465.0 457.0 467.0 
463.0 462.0 465.0 463.0 467.0 
463.0 462.0 465.0 463.0 467.0 
463.0 462.0 465.0 463.0 467.0 
463.0 462.0 465.0 463.0 467.0 
463.0 462.0 465.0 463.0 467.0 
463.0 471.0 465.0 463.0 467.0 
463.0 471.0 471.0 463.0 467.0 
463.0 471.0 471.0 463.0 467.0 
476.0 471.0 471.0 463.0 467.0 
476.0 471.0 471.0 463.0 477.0 
476.0 471.0 478.0 463.0 477.0 
476.0 471.0 478.0 469.0 477.0 
476.0 471.0 478.0 469.0 477.0 
476.0 471.0 478.0 469.0 477.0 
476.0 471.0 478.0 469.0 477.0 
476.0 471.0 478.0 481.0 477.0 
476.0 471.0 478.0 481.0 477.0 
476.0 471.0 478.0 481.0 477.0 
476.0 479.0 478.0 481.0 477.0 
476.0 479.0 478.0 481.0 477.0 
476.0 479.0 478.0 481.0 477.0 
476.0 479.0 478.0 481.0 477.0 
476.0 479.0 485.0 481.0 477.0 
476.0 479.0 485.0 481.0 487.0 
476.0 489.0 485.0 481.0 487.0 
476.0 489.0 491.0 481.0 487.0 
476.0 489.0 491.0 481.0 487.0 
489.0 489.0 491.0 481.0 487.0 
489.0 489.0 491.0 481.0 496.0 
489.0 489.0 491.0 481.0 496.0 
499.0 489.0 491.0 481.0 496.0 
499.0 489.0 491.0 493.0 496.0 
499.0 489.0 491.0 493.0 496.0 
499.0 489.0 491.0 493.0 496.0 
499.0 489.0 491.0 499.0 496.0 
499.0 489.0 491.0 499.0 504.0 
506.0 489.0 491.0 499.0 504.0 
506.0 489.0 491.0 499.0 504.0 
506.0 507.0 491.0 499.0 504.0 
506.0 507.0 497.0 499.0 504.0 
506.0 507.0 504.0 505.0 504.0 
506.0 507.0 504.0 505.0 504.0 
506.0 507.0 504.0 505.0 504.0 
513.0 507.0 504.0 505.0 504.0 
513.0 507.0 512.0 505.0 504.0 
513.0 507.0 512.0 505.0 512.0 
513.0 507.0 512.0 505.0 512.0 
513.0 507.0 519.0 505.0 512.0 
513.0 507.0 519.0 518.0 512.0 
523.0 507.0 519.0 518.0 512.0 
523.0 507.0 519.0 518.0 512.0 
523.0 507.0 519.0 518.0 524.0 
523.0 507.0 519.0 518.0 524.0 
523.0 507.0 533.0 518.0 524.0 
523.0 507.0 533.0 518.0 524.0 
523.0 526.0 533.0 518.0 524.0 
523.0 526.0 533.0 518.0 524.0 
523.0 526.0 533.0 518.0 524.0 
523.0 526.0 533.0 518.0 532.0 
533.0 526.0 533.0 518.0 532.0 
533.0 526.0 533.0 518.0 532.0 
533.0 535.0 533.0 518.0 532.0 
540.0 535.0 533.0 518.0 532.0 
540.0 535.0 533.0 531.0 532.0 
540.0 535.0 533.0 531.0 532.0 
540.0 535.0 533.0 531.0 532.0 
540.0 535.0 533.0 531.0 532.0 
540.0 535.0 533.0 531.0 532.0 
540.0 535.0 533.0 531.0 532.0 
540.0 535.0 533.0 541.0 532.0 
540.0 535.0 533.0 541.0 532.0 
540.0 544.0 533.0 541.0 532.0 
540.0 544.0 533.0 541.0 540.0 
540.0 544.0 533.0 541.0 540.0 
540.0 544.0 533.0 541.0 540.0 
540.0 544.0 533.0 541.0 540.0 
540.0 544.0 533.0 541.0 540.0 
540.0 544.0 546.0 541.0 540.0 
540.0 544.0 546.0 541.0 540.0 
540.0 544.0 553.0 541.0 540.0 
540.0 544.0 553.0 541.0 540.0 
540.0 554.0 553.0 541.0 540.0 
540.0 554.0 553.0 541.0 540.0 
554.0 554.0 553.0 541.0 540.0 
554.0 554.0 553.0 541.0 557.0 
554.0 554.0 553.0 551.0 557.0 
554.0 554.0 553.0 551.0 557.0 
554.0 554.0 553.0 551.0 557.0 
554.0 554.0 560.0 551.0 557.0 
554.0 564.0 560.0 551.0 557.0 
554.0 564.0 560.0 564.0 557.0 
554.0 564.0 560.0 564.0 566.0 
554.0 564.0 570.0 564.0 566.0 
554.0 573.0 570.0 564.0 566.0 
554.0 573.0 570.0 564.0 574.0 
554.0 573.0 570.0 564.0 574.0 
554.0 573.0 581.0 564.0 574.0 
564.0 573.0 581.0 564.0 574.0 
564.0 573.0 581.0 564.0 574.0 
564.0 573.0 581.0 564.0 574.0 
564.0 573.0 581.0 564.0 587.0 
564.0 573.0 581.0 588.0 587.0 
573.0 573.0 581.0 588.0 587.0 
573.0 573.0 581.0 588.0 587.0 
573.0 573.0 592.0 588.0 587.0 
573.0 595.0 592.0 588.0 587.0 
573.0 595.0 592.0 588.0 597.0 
573.0 595.0 601.0 588.0 597.0 
573.0 595.0 601.0 602.0 597.0 
582.0 595.0 601.0 602.0 597.0 
582.0 595.0 601.0 602.0 597.0 
582.0 595.0 601.0 602.0 597.0 
582.0 595.0 601.0 602.0 597.0 
592.0 595.0 601.0 602.0 597.0 
592.0 595.0 601.0 602.0 597.0 
592.0 595.0 601.0 602.0 597.0 
592.0 595.0 601.0 602.0 597.0 
592.0 595.0 601.0 602.0 597.0 
592.0 595.0 601.0 602.0 597.0 
592.0 595.0 601.0 602.0 597.0 
592.0 595.0 601.0 602.0 597.0 
592.0 595.0 601.0 602.0 609.0 
592.0 595.0 610.0 602.0 609.0 
605.0 595.0 610.0 602.0 609.0 
605.0 595.0 610.0 616.0 609.0 
605.0 595.0 610.0 616.0 609.0 
605.0 595.0 610.0 616.0 609.0 
605.0 595.0 621.0 616.0 609.0 
605.0 595.0 621.0 616.0 609.0 
612.0 595.0 621.0 616.0 609.0 
612.0 614.0 621.0 616.0 609.0 
612.0 614.0 621.0 616.0 609.0 
612.0 614.0 621.0 616.0 609.0 
612.0 614.0 621.0 616.0 609.0 
612.0 623.0 621.0 616.0 609.0 
612.0 623.0 621.0 616.0 609.0 
612.0 623.0 621.0 616.0 621.0 
612.0 623.0 621.0 616.0 621.0 
612.0 623.0 621.0 616.0 621.0 
619.0 623.0 621.0 616.0 621.0 
619.0 623.0 621.0 616.0 621.0 
629.0 623.0 621.0 616.0 621.0 
629.0 623.0 621.0 616.0 631.0 
629.0 623.0 632.0 616.0 631.0 
629.0 623.0 632.0 630.0 631.0 
629.0 623.0 632.0 630.0 631.0 
629.0 623.0 632.0 630.0 631.0 
629.0 623.0 632.0 630.0 631.0 
629.0 632.0 632.0 630.0 631.0 
629.0 632.0 632.0 630.0 631.0 
629.0 632.0 640.0 630.0 631.0 
639.0 632.0 640.0 630.0 631.0 
639.0 632.0 640.0 630.0 631.0 
639.0 632.0 640.0 630.0 640.0 
639.0 642.0 640.0 630.0 640.0 
646.0 642.0 640.0 630.0 640.0 
646.0 642.0 647.0 630.0 640.0 
646.0 642.0 647.0 630.0 648.0 
646.0 642.0 653.0 630.0 648.0 
646.0 642.0 653.0 644.0 648.0 
646.0 642.0 653.0 644.0 648.0 
646.0 642.0 653.0 644.0 648.0 
646.0 642.0 653.0 644.0 656.0 
646.0 642.0 659.0 644.0 656.0 
646.0 642.0 659.0 658.0 656.0 
646.0 642.0 659.0 658.0 665.0 
646.0 642.0 670.0 658.0 665.0 
663.0 655.0 670.0 658.0 665.0 
663.0 655.0 670.0 658.0 665.0 
663.0 655.0 670.0 658.0 665.0 
663.0 668.0 670.0 658.0 665.0 
663.0 668.0 670.0 658.0 665.0 
663.0 668.0 670.0 658.0 674.0 
679.0 668.0 670.0 658.0 674.0 
679.0 668.0 679.0 658.0 674.0 
679.0 668.0 679.0 672.0 674.0 
679.0 668.0 679.0 672.0 674.0 
679.0 668.0 679.0 686.0 674.0 
679.0 668.0 688.0 686.0 674.0 
679.0 668.0 688.0 686.0 693.0 
695.0 668.0 688.0 686.0 693.0 
695.0 681.0 688.0 686.0 693.0 
695.0 687.0 688.0 686.0 693.0 
695.0 687.0 688.0 686.0 693.0 
695.0 687.0 688.0 686.0 693.0 
695.0 687.0 688.0 686.0 693.0 
695.0 687.0 688.0 686.0 693.0 
695.0 687.0 688.0 686.0 693.0 
695.0 687.0 688.0 686.0 693.0 
695.0 687.0 697.0 686.0 693.0 
695.0 693.0 697.0 686.0 693.0 
695.0 693.0 697.0 686.0 693.0 
695.0 693.0 697.0 686.0 693.0 
695.0 705.0 697.0 686.0 693.0 
695.0 705.0 705.0 686.0 693.0 
695.0 705.0 705.0 686.0 705.0 
695.0 705.0 705.0 700.0 705.0 
695.0 705.0 705.0 700.0 705.0 
695.0 705.0 705.0 700.0 705.0 
695.0 705.0 705.0 700.0 705.0 
695.0 705.0 705.0 700.0 705.0 
695.0 705.0 713.0 700.0 705.0 
695.0 705.0 713.0 714.0 705.0 
695.0 705.0 713.0 714.0 715.0 
709.0 705.0 713.0 714.0 715.0 
709.0 705.0 713.0 714.0 715.0 
709.0 705.0 713.0 714.0 715.0 
709.0 705.0 713.0 714.0 715.0 
727.0 705.0 713.0 714.0 715.0 
727.0 719.0 713.0 714.0 715.0 
727.0 719.0 721.0 714.0 715.0 
727.0 719.0 721.0 714.0 715.0 
727.0 719.0 721.0 714.0 715.0 
727.0 719.0 721.0 714.0 728.0 
727.0 719.0 731.0 714.0 728.0 
727.0 719.0 731.0 714.0 728.0 
733.0 719.0 731.0 714.0 728.0 
733.0 719.0 731.0 728.0 728.0 
733.0 719.0 731.0 728.0 728.0 
733.0 725.0 731.0 728.0 728.0 
733.0 725.0 731.0 728.0 728.0 
733.0 725.0 731.0 728.0 728.0 
739.0 725.0 731.0 728.0 728.0 
739.0 725.0 731.0 728.0 736.0 
739.0 725.0 740.0 728.0 736.0 
739.0 725.0 740.0 728.0 736.0 
739.0 725.0 740.0 728.0 736.0 
739.0 731.0 740.0 741.0 736.0 
750.0 731.0 740.0 741.0 736.0 
750.0 731.0 751.0 741.0 736.0 
750.0 731.0 751.0 753.0 736.0 
750.0 737.0 751.0 753.0 736.0 
750.0 737.0 751.0 753.0 736.0 
750.0 753.0 751.0 753.0 736.0 
750.0 753.0 751.0 753.0 743.0 
750.0 753.0 751.0 753.0 749.0 
750.0 753.0 751.0 753.0 749.0 
750.0 753.0 751.0 753.0 749.0 
760.0 753.0 751.0 753.0 749.0 
760.0 753.0 762.0 753.0 749.0 
760.0 753.0 762.0 753.0 762.0 
760.0 753.0 762.0 753.0 762.0 
760.0 769.0 762.0 753.0 762.0 
760.0 769.0 762.0 753.0 770.0 
760.0 769.0 762.0 765.0 770.0 
760.0 769.0 762.0 771.0 770.0 
760.0 782.0 762.0 771.0 770.0 
760.0 782.0 774.0 771.0 770.0 
760.0 782.0 774.0 790.0 770.0 
770.0 782.0 774.0 790.0 770.0 
770.0 782.0 774.0 790.0 770.0 
770.0 782.0 774.0 790.0 770.0 
770.0 782.0 774.0 790.0 770.0 
770.0 782.0 774.0 790.0 778.0 
781.0 782.0 774.0 790.0 778.0 
781.0 782.0 774.0 790.0 778.0 
781.0 782.0 783.0 790.0 778.0 
781.0 782.0 783.0 790.0 778.0 
781.0 795.0 783.0 790.0 778.0 
781.0 795.0 783.0 790.0 786.0 
781.0 795.0 783.0 790.0 786.0 
781.0 795.0 783.0 790.0 793.0 
781.0 795.0 783.0 804.0 793.0 
781.0 805.0 783.0 804.0 793.0 
781.0 805.0 783.0 804.0 793.0 
781.0 805.0 783.0 804.0 793.0 
781.0 812.0 783.0 804.0 793.0 
781.0 812.0 783.0 804.0 793.0 
813.0 812.0 783.0 804.0 793.0 
813.0 812.0 792.0 804.0 793.0 
813.0 812.0 792.0 804.0 793.0 
813.0 812.0 792.0 804.0 793.0 
813.0 812.0 792.0 804.0 800.0 
813.0 819.0 792.0 804.0 800.0 
813.0 819.0 810.0 804.0 800.0 
813.0 819.0 810.0 804.0 813.0 
813.0 819.0 810.0 804.0 813.0 
813.0 819.0 824.0 804.0 813.0 
813.0 819.0 824.0 804.0 826.0 
813.0 819.0 824.0 804.0 826.0 
813.0 819.0 824.0 804.0 833.0 
813.0 819.0 834.0 804.0 833.0 
813.0 826.0 834.0 804.0 833.0 
842.0 826.0 834.0 804.0 833.0 
842.0 826.0 834.0 818.0 833.0 
842.0 826.0 834.0 818.0 840.0 
842.0 826.0 834.0 818.0 840.0 
842.0 826.0 834.0 832.0 840.0 
842.0 833.0 834.0 832.0 840.0 
842.0 833.0 834.0 832.0 840.0 
842.0 833.0 834.0 832.0 840.0 
842.0 833.0 834.0 832.0 840.0 
842.0 833.0 844.0 832.0 840.0 
842.0 833.0 844.0 832.0 840.0 
842.0 833.0 844.0 832.0 847.0 
842.0 833.0 844.0 832.0 847.0 
842.0 843.0 844.0 832.0 847.0 
856.0 843.0 844.0 832.0 847.0 
856.0 843.0 858.0 832.0 847.0 
856.0 843.0 858.0 832.0 861.0 
856.0 843.0 868.0 832.0 861.0 
856.0 843.0 875.0 832.0 861.0 
856.0 843.0 875.0 846.0 861.0 
856.0 843.0 875.0 846.0 874.0 
856.0 843.0 875.0 875.0 874.0 
856.0 856.0 875.0 875.0 874.0 
856.0 856.0 875.0 875.0 882.0 
856.0 856.0 890.0 875.0 882.0 
856.0 869.0 890.0 875.0 882.0 
870.0 869.0 890.0 875.0 882.0 
870.0 882.0 890.0 875.0 882.0 
870.0 882.0 890.0 875.0 882.0 
870.0 882.0 890.0 875.0 882.0 
870.0 882.0 890.0 875.0 890.0 
870.0 892.0 890.0 875.0 890.0 
870.0 892.0 890.0 875.0 897.0 
870.0 901.0 890.0 875.0 897.0 
870.0 901.0 890.0 889.0 897.0 
883.0 901.0 890.0 889.0 897.0 
883.0 901.0 890.0 889.0 904.0 
899.0 901.0 890.0 889.0 904.0 
909.0 901.0 890.0 889.0 904.0 
916.0 901.0 890.0 889.0 904.0 
916.0 901.0 890.0 889.0 904.0 
916.0 901.0 890.0 889.0 904.0 
916.0 901.0 917.0 889.0 904.0 
916.0 901.0 917.0 889.0 911.0 
916.0 910.0 917.0 889.0 911.0 
916.0 910.0 923.0 903.0 911.0 
916.0 910.0 923.0 903.0 911.0 
916.0 910.0 923.0 903.0 918.0 
916.0 910.0 923.0 903.0 926.0 
916.0 910.0 929.0 903.0 926.0 
916.0 910.0 929.0 903.0 926.0 
916.0 919.0 929.0 903.0 926.0 
933.0 919.0 929.0 917.0 926.0 
933.0 919.0 929.0 929.0 926.0 
933.0 919.0 929.0 929.0 944.0 
933.0 936.0 929.0 929.0 944.0 
933.0 936.0 938.0 929.0 944.0 
933.0 936.0 938.0 929.0 944.0 
949.0 936.0 938.0 929.0 944.0 
949.0 946.0 938.0 929.0 944.0 
949.0 946.0 950.0 941.0 944.0 
949.0 946.0 950.0 941.0 954.0 
949.0 960.0 950.0 941.0 954.0 
949.0 960.0 950.0 960.0 954.0 
962.0 960.0 950.0 960.0 954.0 
962.0 960.0 950.0 968.0 954.0 
962.0 960.0 950.0 968.0 973.0 
975.0 960.0 961.0 968.0 973.0 
975.0 960.0 980.0 968.0 973.0 
975.0 967.0 980.0 968.0 973.0 
975.0 993.0 980.0 968.0 973.0 
975.0 993.0 980.0 990.0 973.0 
975.0 993.0 990.0 990.0 973.0 
975.0 993.0 990.0 990.0 995.0 
1002.0 993.0 990.0 990.0 995.0 
1002.0 993.0 990.0 999.0 995.0 
1002.0 993.0 1000.0 999.0 995.0 
1016.0 993.0 1000.0 999.0 995.0 
1016.0 1024.0 1000.0 999.0 995.0 
1016.0 1024.0 1010.0 999.0 995.0 
1016.0 1024.0 1010.0 999.0 1005.0 
1016.0 1024.0 1010.0 1015.0 1005.0 
1016.0 1024.0 1010.0 1015.0 1005.0 
1016.0 1024.0 1021.0 1015.0 1005.0 
1016.0 1024.0 1021.0 1022.0 1005.0 
1016.0 1024.0 1021.0 1022.0 1026.0 
1016.0 1024.0 1021.0 1022.0 1026.0 
1016.0 1024.0 1021.0 1030.0 1026.0 
1016.0 1024.0 1032.0 1030.0 1026.0 
1016.0 1024.0 1032.0 1050.0 1026.0 
1016.0 1024.0 1032.0 1050.0 1026.0 
1016.0 1024.0 1055.0 1050.0 1026.0 
1016.0 1024.0 1055.0 1050.0 1061.0 
1043.0 1024.0 1055.0 1050.0 1061.0 
1059.0 1024.0 1055.0 1058.0 1061.0 
1059.0 1024.0 1055.0 1066.0 1061.0 
1059.0 1070.0 1055.0 1066.0 1061.0 
1059.0 1070.0 1068.0 1066.0 1061.0 
1059.0 1070.0 1075.0 1066.0 1061.0 
1073.0 1070.0 1075.0 1066.0 1061.0 
1073.0 1070.0 1075.0 1066.0 1061.0 
1073.0 1070.0 1090.0 1066.0 1061.0 
1087.0 1070.0 1090.0 1066.0 1061.0 
1087.0 1070.0 1090.0 1066.0 1096.0 
1087.0 1070.0 1090.0 1081.0 1096.0 
1101.0 1070.0 1090.0 1081.0 1096.0 
1101.0 1070.0 1090.0 1081.0 1096.0 
1101.0 1070.0 1090.0 1081.0 1103.0 
1101.0 1093.0 1090.0 1112.0 1103.0 
1101.0 1093.0 1108.0 1112.0 1117.0 
1176.0 1162.0 1108.0 1164.0 1148.0 
;
EXECUTION TIME HBSS: 14568.772454 seconds 

-------------------------------------------------------------------
