DATFILE : offices1_2r_500.dat
ENVIRONMENT : office
ALGORITHM : HBSS - TAU 5
RANGE : 500
STARTING_POS : 42
N_ROBOTS : 2
GREEDY SOLUTION : 8632.0
COMPUTATIONS T :
9015.0
8884.0
8793.0
8816.0
8901.0
8824.0
8899.0
8751.0
8801.0
8895.0
8979.0
8828.0
8781.0
8890.0
8783.0
8942.0
8864.0
8806.0
8923.0
8756.0
8847.0
8914.0
8881.0
8867.0
8802.0
8844.0
8791.0
8816.0
8900.0
8863.0
8858.0
8766.0
8838.0
8763.0
8852.0
8862.0
8810.0
8704.0
8757.0
8733.0
8834.0
8795.0
8965.0
8800.0
8859.0
8767.0
8893.0
8896.0
8826.0
8907.0
;
HBBS bestT : 8704.0
BEST_CONFIGURATIONS : 
42 42 
41 42 
36 42 
35 41 
34 41 
33 36 
32 36 
27 36 
26 36 
23 36 
2 36 
2 41 
23 41 
26 41 
27 41 
32 41 
33 41 
34 36 
35 36 
34 35 
33 34 
33 35 
32 34 
32 35 
27 35 
26 35 
23 34 
2 34 
2 35 
23 35 
1 34 
1 35 
1 36 
0 34 
0 35 
0 36 
0 41 
0 42 
25 41 
25 36 
25 35 
25 34 
25 33 
25 32 
25 27 
25 26 
25 23 
25 2 
0 2 
0 23 
0 26 
0 27 
0 32 
0 33 
1 27 
1 32 
1 33 
23 32 
23 27 
2 26 
2 27 
2 32 
2 33 
23 33 
26 33 
27 33 
32 33 
27 32 
26 27 
26 32 
38 27 
38 32 
37 32 
37 27 
43 27 
43 32 
37 33 
43 33 
37 34 
43 34 
37 35 
43 35 
37 36 
43 36 
37 41 
38 36 
38 41 
26 42 
27 42 
32 42 
33 42 
34 42 
35 42 
36 41 
35 40 
34 40 
33 40 
32 40 
27 40 
31 40 
30 40 
29 40 
28 40 
17 40 
17 39 
17 26 
17 27 
17 32 
17 33 
17 34 
17 35 
17 36 
28 35 
28 34 
28 33 
28 32 
28 27 
28 26 
28 23 
28 2 
29 2 
29 23 
30 2 
30 23 
31 2 
31 23 
30 26 
30 27 
30 32 
29 27 
29 32 
29 33 
30 33 
31 33 
27 34 
26 34 
38 34 
38 35 
39 34 
39 35 
39 36 
39 41 
23 42 
2 42 
3 41 
3 36 
3 35 
3 34 
3 33 
3 32 
3 26 
3 27 
3 31 
3 30 
3 29 
3 28 
3 17 
3 19 
23 17 
2 17 
2 19 
23 19 
26 19 
27 19 
31 19 
30 19 
29 19 
28 19 
17 19 
28 17 
29 17 
30 17 
31 17 
30 28 
29 28 
30 29 
31 29 
31 30 
27 31 
32 31 
26 29 
39 29 
39 30 
26 31 
39 27 
39 32 
39 33 
38 33 
1 26 
1 23 
1 2 
23 2 
26 23 
38 2 
38 23 
38 26 
26 39 
23 39 
2 39 
2 40 
23 40 
26 40 
38 40 
37 40 
43 40 
25 39 
0 39 
0 40 
25 40 
43 39 
37 39 
37 26 
43 26 
37 23 
43 23 
37 2 
43 2 
25 3 
0 3 
0 24 
0 4 
25 4 
25 24 
25 5 
0 5 
1 5 
1 24 
1 4 
23 4 
2 4 
2 24 
23 24 
2 5 
23 5 
26 5 
27 5 
32 5 
27 24 
32 24 
27 4 
32 4 
33 4 
33 24 
33 5 
34 5 
35 5 
34 24 
34 4 
35 4 
35 24 
36 4 
36 24 
36 5 
41 5 
41 24 
41 4 
42 4 
42 24 
42 5 
5 4 
5 24 
5 3 
24 3 
4 3 
4 24 
3 23 
3 2 
3 1 
4 26 
24 26 
4 38 
24 38 
5 38 
5 37 
5 43 
24 37 
24 43 
4 37 
4 43 
3 37 
3 43 
4 28 
24 28 
5 28 
5 29 
5 30 
24 29 
4 29 
4 30 
24 30 
4 31 
24 31 
5 31 
41 29 
41 30 
36 29 
36 30 
36 31 
41 31 
42 30 
42 31 
41 28 
36 28 
35 29 
34 29 
34 30 
34 31 
35 30 
35 31 
18 23 
18 2 
18 3 
18 24 
18 4 
18 5 
18 41 
18 42 
20 5 
20 24 
20 4 
9 4 
9 24 
9 5 
9 41 
9 36 
20 36 
20 41 
9 42 
20 42 
12 41 
12 36 
12 35 
12 34 
12 33 
12 32 
12 27 
12 26 
12 23 
12 2 
20 2 
20 23 
20 26 
20 27 
20 32 
9 32 
9 27 
9 26 
9 23 
20 1 
21 1 
8 1 
8 23 
8 2 
21 2 
21 23 
8 26 
21 26 
8 27 
8 32 
21 27 
21 32 
21 33 
8 33 
8 34 
21 34 
8 35 
21 35 
8 36 
21 36 
8 41 
21 41 
8 42 
21 42 
11 41 
11 36 
11 35 
11 34 
11 33 
11 32 
11 27 
11 26 
11 23 
11 2 
10 2 
10 23 
10 26 
10 27 
10 32 
10 33 
10 34 
10 35 
10 36 
10 41 
10 40 
11 39 
21 39 
8 39 
8 40 
21 40 
11 40 
10 39 
10 38 
10 37 
10 43 
10 25 
10 0 
11 0 
11 25 
21 0 
21 25 
8 43 
8 37 
21 37 
8 38 
21 38 
11 37 
11 43 
21 43 
12 37 
12 38 
20 37 
9 38 
20 38 
9 39 
20 39 
12 39 
12 40 
20 40 
9 40 
12 42 
8 5 
21 5 
8 24 
8 4 
21 4 
21 24 
11 24 
10 3 
11 3 
21 3 
8 3 
12 3 
20 3 
12 24 
12 4 
12 5 
10 24 
22 3 
15 3 
15 23 
15 2 
22 2 
7 2 
7 23 
22 23 
7 26 
22 26 
7 27 
7 32 
22 27 
22 32 
7 33 
22 33 
7 34 
22 34 
7 35 
22 35 
7 36 
22 36 
22 41 
7 40 
22 40 
7 39 
22 39 
6 23 
6 26 
6 27 
6 32 
6 33 
6 34 
6 35 
16 33 
16 32 
16 27 
16 26 
16 23 
16 2 
16 3 
16 24 
16 4 
22 24 
22 4 
15 4 
15 24 
15 5 
13 5 
13 4 
13 24 
13 3 
13 23 
13 2 
13 1 
13 0 
13 25 
13 43 
13 37 
13 38 
13 26 
13 27 
13 32 
13 33 
13 34 
13 35 
13 36 
13 41 
13 42 
15 41 
15 36 
15 35 
15 34 
15 33 
15 32 
15 27 
15 26 
15 38 
15 37 
15 43 
15 25 
15 0 
22 0 
7 0 
7 25 
22 25 
7 43 
7 37 
22 37 
22 43 
6 25 
6 0 
16 0 
16 25 
16 43 
16 37 
16 38 
16 39 
16 40 
6 39 
6 38 
6 37 
6 43 
6 28 
6 29 
6 30 
6 31 
22 29 
7 29 
7 30 
22 30 
7 31 
22 31 
10 29 
10 30 
10 31 
11 29 
11 30 
11 31 
21 30 
8 30 
8 29 
21 29 
8 28 
21 28 
8 17 
21 17 
11 17 
11 28 
10 17 
10 19 
11 19 
21 19 
8 19 
8 16 
21 16 
11 16 
10 16 
22 16 
7 16 
7 6 
22 6 
7 22 
7 10 
22 10 
6 10 
6 11 
6 21 
6 8 
22 8 
7 8 
7 21 
22 21 
7 11 
22 11 
10 11 
10 21 
10 8 
11 8 
11 21 
21 8 
12 8 
12 21 
20 8 
20 21 
9 8 
9 21 
9 11 
20 11 
12 11 
12 10 
20 10 
9 10 
9 22 
9 7 
20 7 
20 22 
12 7 
12 22 
12 6 
20 6 
9 16 
20 16 
12 16 
12 19 
12 17 
12 28 
12 29 
12 30 
12 31 
20 30 
20 31 
9 30 
9 29 
20 28 
20 29 
9 31 
9 33 
9 34 
9 35 
20 34 
20 35 
20 33 
21 31 
8 31 
10 28 
22 17 
7 17 
7 28 
22 28 
6 17 
6 19 
22 19 
7 19 
6 16 
16 19 
16 17 
16 28 
16 29 
16 30 
16 31 
19 32 
19 33 
19 34 
19 35 
16 34 
16 35 
16 36 
19 40 
19 39 
17 38 
17 37 
17 43 
28 37 
28 43 
29 37 
30 37 
30 43 
29 43 
28 25 
29 25 
30 25 
31 25 
30 0 
29 0 
28 0 
17 0 
17 25 
19 0 
19 25 
19 43 
19 37 
28 38 
29 38 
30 38 
31 38 
31 37 
31 43 
31 28 
38 19 
39 28 
38 43 
38 37 
37 43 
37 25 
43 25 
37 0 
43 0 
25 0 
0 1 
25 1 
43 1 
37 1 
38 1 
39 1 
38 0 
38 25 
31 1 
30 1 
29 1 
28 1 
17 1 
19 1 
16 1 
6 1 
22 1 
7 1 
10 1 
11 1 
11 38 
22 38 
7 38 
15 1 
14 0 
14 25 
14 1 
14 23 
14 2 
14 3 
14 24 
14 4 
14 5 
14 41 
14 36 
14 35 
14 34 
14 33 
14 32 
14 27 
14 26 
14 38 
14 37 
14 43 
14 28 
14 29 
14 30 
14 31 
15 29 
15 30 
15 31 
13 29 
13 30 
13 31 
13 28 
13 17 
13 19 
13 16 
13 6 
13 22 
13 7 
15 6 
15 22 
15 7 
14 6 
14 22 
14 7 
14 10 
14 11 
15 10 
15 11 
15 21 
15 8 
14 8 
14 21 
14 12 
14 20 
14 9 
15 9 
15 20 
15 12 
13 8 
13 21 
13 11 
13 10 
14 15 
14 13 
15 13 
16 15 
16 14 
19 14 
17 14 
19 15 
17 15 
28 15 
39 13 
40 13 
39 15 
40 15 
39 14 
40 14 
42 14 
42 15 
18 7 
18 22 
18 10 
18 11 
18 21 
18 8 
18 12 
18 20 
18 9 
20 9 
12 9 
12 20 
18 36 
18 35 
18 34 
18 33 
18 32 
18 27 
18 26 
18 38 
18 39 
18 40 
36 40 
41 40 
42 40 
42 39 
42 38 
41 1 
42 1 
40 1 
39 38 
40 39 
5 39 
24 39 
4 39 
4 40 
24 40 
5 40 
3 39 
3 40 
3 42 
1 18 
31 18 
30 18 
29 18 
17 18 
17 20 
17 9 
19 9 
19 20 
16 18 
6 9 
15 18 
13 18 
14 18 
13 20 
13 9 
13 12 
17 24 
17 4 
31 39 
38 3 
31 0 
42 42 
;
ROBOT MOVING BEST:
0 0 
1 1 
1 1 
1 1 
1 1 
1 1 
1 1 
1 1 
1 1 
1 1 
1 1 
1 1 
1 1 
1 1 
1 1 
1 1 
1 1 
1 1 
1 1 
1 1 
1 1 
1 1 
1 1 
1 1 
1 1 
1 1 
1 1 
1 1 
1 1 
1 1 
1 1 
1 1 
1 1 
1 1 
1 1 
1 1 
1 1 
1 1 
1 1 
1 1 
1 1 
1 1 
1 1 
1 1 
1 1 
1 1 
1 1 
1 1 
1 1 
1 1 
1 1 
1 1 
1 1 
1 1 
1 1 
1 1 
1 1 
1 1 
1 1 
1 1 
1 1 
1 1 
1 1 
1 1 
1 1 
1 1 
1 1 
1 1 
1 1 
1 1 
1 1 
1 1 
1 1 
1 1 
1 1 
1 1 
1 1 
1 1 
1 1 
1 1 
1 1 
1 1 
1 1 
1 1 
1 1 
1 1 
1 1 
1 1 
1 1 
1 1 
1 1 
1 1 
1 1 
1 1 
1 1 
1 1 
1 1 
1 1 
1 1 
1 1 
1 1 
1 1 
1 1 
1 1 
1 1 
1 1 
1 1 
1 1 
1 1 
1 1 
1 1 
1 1 
1 1 
1 1 
1 1 
1 1 
1 1 
1 1 
1 1 
1 1 
1 1 
1 1 
1 1 
1 1 
1 1 
1 1 
1 1 
1 1 
1 1 
1 1 
1 1 
1 1 
1 1 
1 1 
1 1 
1 1 
1 1 
1 1 
1 1 
1 1 
1 1 
1 1 
1 1 
1 1 
1 1 
1 1 
1 1 
1 1 
1 1 
1 1 
1 1 
1 1 
1 1 
1 1 
1 1 
1 1 
1 1 
1 1 
1 1 
1 1 
1 1 
1 1 
1 1 
1 1 
1 1 
1 1 
1 1 
1 1 
1 1 
1 1 
1 1 
1 1 
1 1 
1 1 
1 1 
1 1 
1 1 
1 1 
1 1 
1 1 
1 1 
1 1 
1 1 
1 1 
1 1 
1 1 
1 1 
1 1 
1 1 
1 1 
1 1 
1 1 
1 1 
1 1 
1 1 
1 1 
1 1 
1 1 
1 1 
1 1 
1 1 
1 1 
1 1 
1 1 
1 1 
1 1 
1 1 
1 1 
1 1 
1 1 
1 1 
1 1 
1 1 
1 1 
1 1 
1 1 
1 1 
1 1 
1 1 
1 1 
1 1 
1 1 
1 1 
1 1 
1 1 
1 1 
1 1 
1 1 
1 1 
1 1 
1 1 
1 1 
1 1 
1 1 
1 1 
1 1 
1 1 
1 1 
1 1 
1 1 
1 1 
1 1 
1 1 
1 1 
1 1 
1 1 
1 1 
1 1 
1 1 
1 1 
1 1 
1 1 
1 1 
1 1 
1 1 
1 1 
1 1 
1 1 
1 1 
1 1 
1 1 
1 1 
1 1 
1 1 
1 1 
1 1 
1 1 
1 1 
1 1 
1 1 
1 1 
1 1 
1 1 
1 1 
1 1 
1 1 
1 1 
1 1 
1 1 
1 1 
1 1 
1 1 
1 1 
1 1 
1 1 
1 1 
1 1 
1 1 
1 1 
1 1 
1 1 
1 1 
1 1 
1 1 
1 1 
1 1 
1 1 
1 1 
1 1 
1 1 
1 1 
1 1 
1 1 
1 1 
1 1 
1 1 
1 1 
1 1 
1 1 
1 1 
1 1 
1 1 
1 1 
1 1 
1 1 
1 1 
1 1 
1 1 
1 1 
1 1 
1 1 
1 1 
1 1 
1 1 
1 1 
1 1 
1 1 
1 1 
1 1 
1 1 
1 1 
1 1 
1 1 
1 1 
1 1 
1 1 
1 1 
1 1 
1 1 
1 1 
1 1 
1 1 
1 1 
1 1 
1 1 
1 1 
1 1 
1 1 
1 1 
1 1 
1 1 
1 1 
1 1 
1 1 
1 1 
1 1 
1 1 
1 1 
1 1 
1 1 
1 1 
1 1 
1 1 
1 1 
1 1 
1 1 
1 1 
1 1 
1 1 
1 1 
1 1 
1 1 
1 1 
1 1 
1 1 
1 1 
1 1 
1 1 
1 1 
1 1 
1 1 
1 1 
1 1 
1 1 
1 1 
1 1 
1 1 
1 1 
1 1 
1 1 
1 1 
1 1 
1 1 
1 1 
1 1 
1 1 
1 1 
1 1 
1 1 
1 1 
1 1 
1 1 
1 1 
1 1 
1 1 
1 1 
1 1 
1 1 
1 1 
1 1 
1 1 
1 1 
1 1 
1 1 
1 1 
1 1 
1 1 
1 1 
1 1 
1 1 
1 1 
1 1 
1 1 
1 1 
1 1 
1 1 
1 1 
1 1 
1 1 
1 1 
1 1 
1 1 
1 1 
1 1 
1 1 
1 1 
1 1 
1 1 
1 1 
1 1 
1 1 
1 1 
1 1 
1 1 
1 1 
1 1 
1 1 
1 1 
1 1 
1 1 
1 1 
1 1 
1 1 
1 1 
1 1 
1 1 
1 1 
1 1 
1 1 
1 1 
1 1 
1 1 
1 1 
1 1 
1 1 
1 1 
1 1 
1 1 
1 1 
1 1 
1 1 
1 1 
1 1 
1 1 
1 1 
1 1 
1 1 
1 1 
1 1 
1 1 
1 1 
1 1 
1 1 
1 1 
1 1 
1 1 
1 1 
1 1 
1 1 
1 1 
1 1 
1 1 
1 1 
1 1 
1 1 
1 1 
1 1 
1 1 
1 1 
1 1 
1 1 
1 1 
1 1 
1 1 
1 1 
1 1 
1 1 
1 1 
1 1 
1 1 
1 1 
1 1 
1 1 
1 1 
1 1 
1 1 
1 1 
1 1 
1 1 
1 1 
1 1 
1 1 
1 1 
1 1 
1 1 
1 1 
1 1 
1 1 
1 1 
1 1 
1 1 
1 1 
1 1 
1 1 
1 1 
1 1 
1 1 
1 1 
1 1 
1 1 
1 1 
1 1 
1 1 
1 1 
1 1 
1 1 
1 1 
1 1 
1 1 
1 1 
1 1 
1 1 
1 1 
1 1 
1 1 
1 1 
1 1 
1 1 
1 1 
1 1 
1 1 
1 1 
1 1 
1 1 
1 1 
1 1 
1 1 
1 1 
1 1 
1 1 
1 1 
1 1 
1 1 
1 1 
1 1 
1 1 
1 1 
1 1 
1 1 
1 1 
1 1 
1 1 
1 1 
1 1 
1 1 
1 1 
1 1 
1 1 
1 1 
1 1 
1 1 
1 1 
1 1 
1 1 
1 1 
1 1 
1 1 
1 1 
1 1 
1 1 
1 1 
1 1 
1 1 
1 1 
1 1 
1 1 
1 1 
1 1 
1 1 
1 1 
1 1 
1 1 
1 1 
1 1 
1 1 
1 1 
1 1 
1 1 
1 1 
1 1 
1 1 
1 1 
1 1 
1 1 
1 1 
1 1 
1 1 
1 1 
1 1 
1 1 
1 1 
1 1 
1 1 
1 1 
1 1 
1 1 
1 1 
1 1 
1 1 
1 1 
1 1 
1 1 
1 1 
1 1 
1 1 
1 1 
1 1 
1 1 
1 1 
1 1 
1 1 
1 1 
1 1 
1 1 
1 1 
1 1 
1 1 
1 1 
1 1 
1 1 
1 1 
1 1 
1 1 
1 1 
1 1 
1 1 
1 1 
1 1 
1 1 
1 1 
1 1 
1 1 
1 1 
1 1 
1 1 
1 1 
1 1 
1 1 
1 1 
1 1 
1 1 
1 1 
1 1 
1 1 
1 1 
1 1 
1 1 
1 1 
1 1 
1 1 
1 1 
1 1 
1 1 
1 1 
1 1 
1 1 
1 1 
1 1 
1 1 
1 1 
1 1 
1 1 
1 1 
1 1 
1 1 
1 1 
1 1 
1 1 
1 1 
1 1 
1 1 
1 1 
1 1 
1 1 
1 1 
1 1 
1 1 
1 1 
1 1 
1 1 
1 1 
1 1 
1 1 
1 1 
1 1 
1 1 
1 1 
1 1 
1 1 
1 1 
1 1 
1 1 
1 1 
1 1 
1 1 
1 1 
1 1 
1 1 
1 1 
1 1 
1 1 
1 1 
1 1 
1 1 
1 1 
1 1 
1 1 
1 1 
1 1 
1 1 
1 1 
1 1 
1 1 
1 1 
1 1 
1 1 
1 1 
1 1 
1 1 
1 1 
1 1 
1 1 
1 1 
1 1 
1 1 
1 1 
1 1 
1 1 
1 1 
1 1 
1 1 
1 1 
1 1 
1 1 
1 1 
1 1 
1 1 
1 1 
1 1 
1 1 
1 1 
1 1 
1 1 
1 1 
1 1 
1 1 
1 1 
1 1 
1 1 
1 1 
1 1 
1 1 
1 1 
1 1 
1 1 
1 1 
1 1 
1 1 
1 1 
1 1 
1 1 
1 1 
1 1 
1 1 
1 1 
1 1 
1 1 
1 1 
1 1 
1 1 
1 1 
1 1 
1 1 
1 1 
1 1 
1 1 
1 1 
1 1 
1 1 
1 1 
1 1 
1 1 
1 1 
1 1 
1 1 
1 1 
1 1 
1 1 
1 1 
1 1 
1 1 
1 1 
1 1 
1 1 
1 1 
1 1 
1 1 
1 1 
1 1 
1 1 
1 1 
1 1 
1 1 
1 1 
1 1 
1 1 
1 1 
1 1 
1 1 
1 1 
1 1 
1 1 
1 1 
1 1 
1 1 
1 1 
1 1 
1 1 
1 1 
1 1 
1 1 
1 1 
1 1 
1 1 
1 1 
1 1 
1 1 
1 1 
1 1 
1 1 
1 1 
1 1 
1 1 
1 1 
1 1 
1 1 
1 1 
1 1 
1 1 
1 1 
1 1 
1 1 
1 1 
;
TIMETABLE BEST: 
0.0 0.0 
10 10 
19 19 
29 29 
37 37 
46 46 
55 55 
61 61 
68 68 
76 76 
83 83 
92 92 
99 99 
107 107 
114 114 
120 120 
129 129 
138 138 
146 146 
156 156 
165 165 
173 173 
182 182 
190 190 
196 196 
203 203 
211 211 
218 218 
226 226 
233 233 
243 243 
251 251 
261 261 
275 275 
283 283 
293 293 
302 302 
312 312 
322 322 
331 331 
341 341 
349 349 
358 358 
367 367 
373 373 
380 380 
388 388 
395 395 
405 405 
412 412 
420 420 
427 427 
433 433 
442 442 
456 456 
462 462 
471 471 
481 481 
487 487 
494 494 
501 501 
507 507 
516 516 
523 523 
531 531 
538 538 
544 544 
553 553 
560 560 
566 566 
574 574 
580 580 
589 589 
595 595 
601 601 
607 607 
616 616 
622 622 
631 631 
637 637 
645 645 
651 651 
661 661 
667 667 
676 676 
685 685 
694 694 
704 704 
711 711 
717 717 
726 726 
735 735 
743 743 
753 753 
764 764 
772 772 
781 781 
790 790 
796 796 
803 803 
811 811 
819 819 
828 828 
838 838 
849 849 
857 857 
864 864 
870 870 
879 879 
888 888 
896 896 
906 906 
916 916 
924 924 
933 933 
942 942 
948 948 
955 955 
963 963 
970 970 
979 979 
986 986 
994 994 
1001 1001 
1009 1009 
1016 1016 
1024 1024 
1031 1031 
1037 1037 
1045 1045 
1051 1051 
1060 1060 
1068 1068 
1076 1076 
1085 1085 
1092 1092 
1100 1100 
1108 1108 
1120 1120 
1128 1128 
1138 1138 
1147 1147 
1157 1157 
1164 1164 
1178 1178 
1187 1187 
1197 1197 
1205 1205 
1214 1214 
1223 1223 
1236 1236 
1243 1243 
1250 1250 
1258 1258 
1266 1266 
1275 1275 
1285 1285 
1297 1297 
1310 1310 
1317 1317 
1329 1329 
1336 1336 
1344 1344 
1351 1351 
1358 1358 
1366 1366 
1374 1374 
1383 1383 
1393 1393 
1405 1405 
1414 1414 
1422 1422 
1430 1430 
1440 1440 
1448 1448 
1457 1457 
1465 1465 
1473 1473 
1481 1481 
1487 1487 
1500 1500 
1508 1508 
1516 1516 
1524 1524 
1532 1532 
1538 1538 
1547 1547 
1559 1559 
1577 1577 
1585 1585 
1592 1592 
1602 1602 
1610 1610 
1618 1618 
1625 1625 
1633 1633 
1641 1641 
1649 1649 
1656 1656 
1667 1667 
1674 1674 
1682 1682 
1690 1690 
1699 1699 
1705 1705 
1716 1716 
1726 1726 
1737 1737 
1747 1747 
1758 1758 
1764 1764 
1772 1772 
1778 1778 
1786 1786 
1792 1792 
1799 1799 
1805 1805 
1819 1819 
1829 1829 
1842 1842 
1849 1849 
1859 1859 
1866 1866 
1874 1874 
1884 1884 
1898 1898 
1906 1906 
1913 1913 
1923 1923 
1930 1930 
1937 1937 
1944 1944 
1952 1952 
1959 1959 
1967 1967 
1974 1974 
1980 1980 
1988 1988 
1994 1994 
2001 2001 
2007 2007 
2016 2016 
2023 2023 
2031 2031 
2040 2040 
2048 2048 
2056 2056 
2063 2063 
2071 2071 
2078 2078 
2088 2088 
2095 2095 
2103 2103 
2112 2112 
2120 2120 
2127 2127 
2137 2137 
2144 2144 
2152 2152 
2170 2170 
2177 2177 
2190 2190 
2198 2198 
2205 2205 
2218 2218 
2236 2236 
2243 2243 
2258 2258 
2274 2274 
2281 2281 
2289 2289 
2296 2296 
2304 2304 
2313 2313 
2319 2319 
2327 2327 
2333 2333 
2340 2340 
2346 2346 
2360 2360 
2366 2366 
2380 2380 
2387 2387 
2395 2395 
2404 2404 
2412 2412 
2420 2420 
2427 2427 
2435 2435 
2442 2442 
2450 2450 
2457 2457 
2465 2465 
2481 2481 
2489 2489 
2498 2498 
2506 2506 
2514 2514 
2523 2523 
2533 2533 
2541 2541 
2558 2558 
2567 2567 
2577 2577 
2585 2585 
2593 2593 
2601 2601 
2609 2609 
2617 2617 
2639 2639 
2646 2646 
2660 2660 
2673 2673 
2680 2680 
2695 2695 
2711 2711 
2721 2721 
2740 2740 
2748 2748 
2755 2755 
2764 2764 
2771 2771 
2779 2779 
2795 2795 
2804 2804 
2813 2813 
2822 2822 
2832 2832 
2841 2841 
2851 2851 
2860 2860 
2870 2870 
2878 2878 
2887 2887 
2896 2896 
2902 2902 
2909 2909 
2917 2917 
2924 2924 
2934 2934 
2941 2941 
2949 2949 
2956 2956 
2962 2962 
2971 2971 
2977 2977 
2984 2984 
2992 2992 
3002 3002 
3015 3015 
3022 3022 
3032 3032 
3039 3039 
3046 3046 
3053 3053 
3061 3061 
3068 3068 
3075 3075 
3081 3081 
3088 3088 
3094 3094 
3103 3103 
3110 3110 
3119 3119 
3126 3126 
3134 3134 
3141 3141 
3151 3151 
3158 3158 
3167 3167 
3174 3174 
3184 3184 
3191 3191 
3201 3201 
3210 3210 
3220 3220 
3228 3228 
3237 3237 
3246 3246 
3252 3252 
3259 3259 
3267 3267 
3274 3274 
3287 3287 
3294 3294 
3302 3302 
3309 3309 
3315 3315 
3324 3324 
3333 3333 
3341 3341 
3351 3351 
3360 3360 
3371 3371 
3384 3384 
3394 3394 
3401 3401 
3412 3412 
3419 3419 
3429 3429 
3442 3442 
3454 3454 
3463 3463 
3469 3469 
3480 3480 
3490 3490 
3503 3503 
3513 3513 
3523 3523 
3533 3533 
3544 3544 
3550 3550 
3557 3557 
3566 3566 
3573 3573 
3583 3583 
3589 3589 
3599 3599 
3612 3612 
3621 3621 
3631 3631 
3640 3640 
3649 3649 
3661 3661 
3670 3670 
3680 3680 
3691 3691 
3701 3701 
3710 3710 
3729 3729 
3747 3747 
3754 3754 
3762 3762 
3769 3769 
3776 3776 
3783 3783 
3793 3793 
3806 3806 
3819 3819 
3829 3829 
3836 3836 
3850 3850 
3860 3860 
3873 3873 
3880 3880 
3895 3895 
3921 3921 
3934 3934 
3947 3947 
3960 3960 
3967 3967 
3980 3980 
3986 3986 
3993 3993 
3999 3999 
4007 4007 
4013 4013 
4020 4020 
4026 4026 
4032 4032 
4038 4038 
4047 4047 
4053 4053 
4062 4062 
4068 4068 
4076 4076 
4082 4082 
4092 4092 
4098 4098 
4107 4107 
4118 4118 
4124 4124 
4135 4135 
4141 4141 
4153 4153 
4161 4161 
4168 4168 
4174 4174 
4183 4183 
4192 4192 
4200 4200 
4214 4214 
4223 4223 
4229 4229 
4236 4236 
4244 4244 
4251 4251 
4265 4265 
4278 4278 
4285 4285 
4301 4301 
4308 4308 
4321 4321 
4328 4328 
4336 4336 
4350 4350 
4365 4365 
4372 4372 
4385 4385 
4398 4398 
4405 4405 
4420 4420 
4434 4434 
4444 4444 
4455 4455 
4461 4461 
4470 4470 
4478 4478 
4485 4485 
4491 4491 
4500 4500 
4509 4509 
4517 4517 
4527 4527 
4536 4536 
4546 4546 
4560 4560 
4569 4569 
4579 4579 
4587 4587 
4596 4596 
4605 4605 
4611 4611 
4618 4618 
4626 4626 
4635 4635 
4641 4641 
4652 4652 
4662 4662 
4675 4675 
4681 4681 
4691 4691 
4697 4697 
4708 4708 
4714 4714 
4720 4720 
4726 4726 
4738 4738 
4748 4748 
4762 4762 
4772 4772 
4783 4783 
4789 4789 
4798 4798 
4810 4810 
4821 4821 
4835 4835 
4847 4847 
4856 4856 
4862 4862 
4876 4876 
4885 4885 
4893 4893 
4901 4901 
4913 4913 
4919 4919 
4927 4927 
4933 4933 
4941 4941 
4947 4947 
4960 4960 
4968 4968 
4976 4976 
4989 4989 
4997 4997 
5005 5005 
5015 5015 
5022 5022 
5030 5030 
5037 5037 
5046 5046 
5053 5053 
5063 5063 
5070 5070 
5080 5080 
5090 5090 
5103 5103 
5115 5115 
5128 5128 
5138 5138 
5145 5145 
5159 5159 
5166 5166 
5176 5176 
5189 5189 
5202 5202 
5208 5208 
5222 5222 
5228 5228 
5240 5240 
5253 5253 
5259 5259 
5271 5271 
5284 5284 
5294 5294 
5301 5301 
5313 5313 
5319 5319 
5326 5326 
5332 5332 
5342 5342 
5348 5348 
5361 5361 
5371 5371 
5378 5378 
5391 5391 
5398 5398 
5408 5408 
5421 5421 
5428 5428 
5438 5438 
5445 5445 
5454 5454 
5461 5461 
5471 5471 
5480 5480 
5490 5490 
5503 5503 
5513 5513 
5522 5522 
5535 5535 
5541 5541 
5550 5550 
5556 5556 
5566 5566 
5572 5572 
5584 5584 
5594 5594 
5608 5608 
5617 5617 
5627 5627 
5641 5641 
5653 5653 
5663 5663 
5672 5672 
5680 5680 
5688 5688 
5698 5698 
5706 5706 
5715 5715 
5723 5723 
5732 5732 
5741 5741 
5753 5753 
5771 5771 
5780 5780 
5788 5788 
5797 5797 
5805 5805 
5818 5818 
5836 5836 
5843 5843 
5863 5863 
5876 5876 
5882 5882 
5892 5892 
5898 5898 
5910 5910 
5922 5922 
5934 5934 
5940 5940 
5954 5954 
5968 5968 
5980 5980 
5990 5990 
5999 5999 
6007 6007 
6015 6015 
6029 6029 
6038 6038 
6047 6047 
6055 6055 
6069 6069 
6077 6077 
6087 6087 
6103 6103 
6114 6114 
6126 6126 
6135 6135 
6141 6141 
6151 6151 
6157 6157 
6166 6166 
6174 6174 
6180 6180 
6188 6188 
6199 6199 
6208 6208 
6216 6216 
6224 6224 
6234 6234 
6242 6242 
6251 6251 
6261 6261 
6271 6271 
6283 6283 
6293 6293 
6304 6304 
6310 6310 
6324 6324 
6333 6333 
6341 6341 
6349 6349 
6358 6358 
6364 6364 
6378 6378 
6398 6398 
6412 6412 
6426 6426 
6432 6432 
6441 6441 
6452 6452 
6458 6458 
6468 6468 
6474 6474 
6485 6485 
6499 6499 
6509 6509 
6520 6520 
6526 6526 
6535 6535 
6547 6547 
6561 6561 
6571 6571 
6591 6591 
6599 6599 
6607 6607 
6616 6616 
6626 6626 
6638 6638 
6652 6652 
6666 6666 
6678 6678 
6684 6684 
6701 6701 
6714 6714 
6732 6732 
6748 6748 
6754 6754 
6773 6773 
6787 6787 
6797 6797 
6813 6813 
6823 6823 
6830 6830 
6844 6844 
6857 6857 
6864 6864 
6879 6879 
6895 6895 
6904 6904 
6914 6914 
6922 6922 
6931 6931 
6940 6940 
6946 6946 
6953 6953 
6961 6961 
6970 6970 
6976 6976 
6990 6990 
6999 6999 
7007 7007 
7015 7015 
7029 7029 
7037 7037 
7045 7045 
7059 7059 
7067 7067 
7075 7075 
7092 7092 
7102 7102 
7114 7114 
7128 7128 
7142 7142 
7154 7154 
7160 7160 
7174 7174 
7186 7186 
7192 7192 
7206 7206 
7218 7218 
7224 7224 
7241 7241 
7254 7254 
7268 7268 
7281 7281 
7291 7291 
7298 7298 
7312 7312 
7319 7319 
7332 7332 
7342 7342 
7351 7351 
7365 7365 
7374 7374 
7384 7384 
7398 7398 
7405 7405 
7415 7415 
7428 7428 
7452 7452 
7466 7466 
7480 7480 
7509 7509 
7523 7523 
7537 7537 
7549 7549 
7563 7563 
7575 7575 
7585 7585 
7620 7620 
7631 7631 
7645 7645 
7656 7656 
7670 7670 
7681 7681 
7700 7700 
7714 7714 
7741 7741 
7747 7747 
7760 7760 
7773 7773 
7783 7783 
7790 7790 
7804 7804 
7814 7814 
7823 7823 
7842 7842 
7852 7852 
7861 7861 
7896 7896 
7906 7906 
7914 7914 
7923 7923 
7932 7932 
7938 7938 
7945 7945 
7953 7953 
7965 7965 
7976 7976 
7994 7994 
8003 8003 
8013 8013 
8024 8024 
8036 8036 
8054 8054 
8064 8064 
8083 8083 
8101 8101 
8113 8113 
8134 8134 
8142 8142 
8149 8149 
8160 8160 
8167 8167 
8175 8175 
8196 8196 
8207 8207 
8226 8226 
8253 8253 
8281 8281 
8289 8289 
8297 8297 
8312 8312 
8331 8331 
8340 8340 
8352 8352 
8361 8361 
8380 8380 
8402 8402 
8427 8427 
8441 8441 
8459 8459 
8478 8478 
8487 8487 
8504 8504 
8566 8566 
8573 8573 
8602 8602 
8625 8625 
8652 8652 
8704.0 8702.0 
;
EXECUTION TIME HBSS: 860.376688004 seconds 

-------------------------------------------------------------------
