DATFILE : offices1_5r_500.dat
ENVIRONMENT : office
ALGORITHM : HBSS - TAU 5
RANGE : 500
STARTING_POS : 42
N_ROBOTS : 5
GREEDY SOLUTION : [ 6516.]
COMPUTATIONS D :
6098
6060
6190
5788
6020
6084
6198
6238
6322
5910
6292
6066
6064
6182
6136
6380
6178
6174
6118
6130
6148
6330
5878
6028
6072
6182
6170
6394
6242
6186
5892
6060
5724
6360
5664
6108
6224
6434
5962
6360
6110
6506
5990
6054
5982
5926
6098
6102
6216
6356
6020
6122
6166
6052
6022
6132
6360
5864
5990
5850
6042
6476
6018
5856
6188
6234
6326
6708
6504
5950
6032
6040
6010
6006
6098
6148
6620
5890
5972
6264
6156
5958
5982
5832
6162
6236
6336
6126
6168
6308
6138
6108
6136
5964
6070
5746
6208
6290
5792
6164
6148
6252
6300
5920
6210
5966
6038
6258
6254
6118
5822
6674
6116
5814
6446
6394
6120
6226
6346
6190
6142
6492
6316
6326
6190
6504
6050
6118
6102
6016
5820
6174
6022
6244
5962
6154
5960
6406
5860
6388
5928
6206
6338
6222
6222
5842
6510
6310
6086
6338
6088
6420
6116
6696
6356
6362
6040
5790
6036
5898
6234
6296
6286
6354
5842
6450
6314
6344
6234
5894
6190
5904
6124
6274
6358
5986
6128
6216
6220
6422
6110
6226
6420
6388
6258
6474
6152
6098
6200
6208
6294
6584
6228
5920
6248
6370
6328
6278
6232
6080
;
HBBS sumD : 5664
BEST_CONFIGURATIONS : 
42 42 42 42 42 
41 42 42 42 42 
41 5 42 42 42 
41 5 24 42 42 
36 5 24 42 42 
36 5 24 40 42 
36 5 4 40 42 
36 5 4 40 41 
36 5 4 40 41 
36 5 4 40 41 
36 5 4 40 41 
36 24 4 40 41 
36 24 4 40 41 
35 24 4 40 41 
35 24 4 39 41 
35 24 4 39 36 
35 24 4 39 36 
35 24 4 39 36 
35 24 4 39 36 
35 24 4 39 36 
35 5 4 39 36 
35 5 4 39 36 
35 5 4 39 36 
34 5 4 39 36 
34 5 4 26 36 
34 5 4 26 34 
34 5 4 26 34 
34 5 4 26 34 
34 5 24 26 34 
34 5 24 26 34 
34 5 24 26 34 
34 5 24 26 34 
34 5 24 26 34 
34 5 24 26 34 
34 5 24 26 35 
34 5 24 26 35 
34 5 24 27 35 
33 5 24 27 35 
33 5 3 27 35 
33 5 3 27 35 
33 5 3 27 35 
33 5 3 32 35 
33 5 3 32 35 
33 5 3 32 35 
33 24 3 32 35 
33 24 3 32 35 
33 24 3 32 35 
33 24 3 32 35 
33 4 3 32 35 
33 4 3 32 34 
33 4 3 32 34 
33 4 3 32 34 
33 4 3 32 34 
33 4 3 32 34 
33 4 3 32 34 
33 4 3 32 34 
27 4 3 32 34 
27 4 3 32 34 
27 4 3 32 34 
27 4 23 32 34 
27 4 23 32 34 
27 4 23 32 34 
27 4 23 32 34 
31 4 23 32 34 
31 4 23 32 34 
31 4 2 32 34 
31 4 2 32 34 
31 4 2 27 35 
31 4 2 30 35 
31 24 2 30 35 
31 24 2 30 35 
31 24 2 30 35 
31 24 2 30 35 
31 24 2 30 35 
31 24 2 30 35 
31 5 2 30 35 
31 5 2 30 35 
31 5 2 30 35 
31 5 23 30 35 
31 5 23 30 36 
31 5 23 30 36 
31 5 23 30 36 
31 5 23 30 36 
31 5 23 30 36 
31 5 23 30 36 
27 5 23 30 36 
27 5 23 30 36 
27 5 23 30 36 
27 5 23 29 36 
27 5 23 29 36 
27 5 23 29 36 
32 5 23 29 36 
32 24 23 29 36 
32 24 2 29 36 
32 24 2 29 36 
32 3 2 29 36 
32 3 2 28 36 
32 3 2 28 41 
32 3 2 28 41 
32 3 2 28 41 
27 3 2 28 41 
27 3 2 28 41 
27 3 2 28 41 
27 3 2 28 41 
27 3 23 28 41 
26 3 23 28 41 
26 3 23 28 41 
26 3 23 29 41 
26 3 23 29 41 
26 3 23 29 42 
26 3 23 29 42 
26 3 23 29 42 
26 3 23 29 42 
26 3 2 29 42 
26 3 2 29 42 
26 3 2 29 42 
26 3 2 29 42 
38 3 2 29 42 
38 3 2 29 42 
38 3 2 29 42 
38 3 2 30 42 
38 3 2 30 42 
38 3 2 30 40 
38 3 2 30 40 
38 23 2 30 40 
38 23 2 30 40 
38 23 2 30 40 
38 23 2 30 40 
26 23 2 30 40 
26 23 2 30 40 
26 1 2 30 40 
26 1 23 30 40 
26 1 23 30 40 
26 1 23 30 40 
26 1 23 30 40 
26 1 23 30 40 
26 1 23 29 40 
26 1 23 29 40 
26 1 23 29 40 
26 1 23 29 40 
39 1 23 29 40 
39 1 39 29 40 
39 1 39 29 40 
39 1 39 29 40 
39 1 39 29 40 
39 1 39 29 40 
39 1 39 29 41 
39 1 39 28 41 
39 1 39 28 41 
39 1 38 28 41 
39 1 38 28 42 
39 0 38 28 42 
39 0 38 28 42 
39 0 38 28 42 
26 0 38 28 42 
26 0 38 28 42 
26 0 38 28 42 
26 0 38 28 42 
26 0 38 28 42 
26 0 38 28 42 
27 0 38 28 42 
27 0 38 28 42 
27 0 38 29 42 
27 0 38 29 42 
27 0 38 29 42 
27 0 38 29 42 
27 25 38 29 42 
27 25 38 29 42 
27 25 38 29 42 
32 25 38 29 42 
32 25 26 29 42 
32 25 26 29 42 
32 25 26 29 42 
32 25 26 29 42 
32 25 26 29 42 
32 25 26 29 42 
32 25 26 31 42 
32 25 26 31 42 
32 25 26 31 41 
32 25 27 31 41 
32 25 27 31 41 
32 25 27 31 41 
33 25 27 31 41 
33 25 27 31 41 
33 25 27 31 36 
33 25 27 31 36 
33 25 30 31 36 
33 0 30 31 36 
33 0 30 31 36 
33 0 30 31 36 
33 0 30 31 36 
33 0 30 31 36 
33 0 30 31 36 
33 0 30 27 36 
33 0 30 27 36 
32 0 30 27 36 
32 0 30 27 41 
32 0 30 27 41 
32 0 30 27 41 
32 1 30 27 41 
32 1 30 27 41 
32 1 30 31 41 
32 1 29 31 41 
33 1 29 31 41 
33 1 29 31 41 
33 1 29 31 41 
33 1 29 30 41 
33 1 29 30 36 
34 1 29 30 36 
34 1 29 30 36 
34 1 28 30 36 
34 1 28 30 35 
34 1 17 30 35 
34 1 17 30 35 
34 1 17 30 35 
34 38 17 30 35 
34 38 17 29 35 
34 38 17 29 35 
34 38 17 29 35 
34 38 17 29 35 
34 38 17 29 35 
34 38 17 29 35 
34 38 17 29 35 
34 38 17 29 35 
34 38 17 28 35 
34 38 17 28 35 
33 38 17 28 35 
33 38 17 28 35 
33 38 17 28 35 
33 26 17 28 35 
33 26 17 28 35 
33 26 17 28 36 
33 26 17 28 36 
33 26 17 28 36 
32 26 17 28 36 
32 27 17 28 36 
32 27 19 28 36 
32 27 19 28 36 
32 31 19 28 36 
32 31 19 29 36 
32 31 19 29 36 
32 31 19 29 35 
27 31 19 29 35 
27 31 19 29 35 
27 31 19 30 35 
27 31 19 30 34 
26 31 19 30 34 
23 31 19 30 34 
23 31 17 30 34 
23 31 17 30 34 
23 31 17 26 34 
23 31 43 26 34 
39 31 43 26 34 
39 27 43 26 34 
39 39 43 26 34 
39 39 43 26 34 
39 39 43 26 35 
39 39 43 26 35 
39 39 43 26 35 
39 39 43 26 35 
39 39 37 26 35 
39 40 37 26 35 
39 40 37 26 35 
39 40 37 27 35 
39 40 37 27 33 
39 40 37 27 33 
39 40 37 27 33 
39 40 37 32 33 
39 40 37 32 33 
39 40 43 32 33 
39 40 43 32 33 
23 40 43 32 33 
23 40 43 32 33 
23 40 43 32 33 
2 40 43 32 33 
2 40 43 32 33 
2 40 43 32 33 
2 40 43 32 34 
2 40 43 27 34 
2 40 43 27 34 
2 40 37 27 34 
2 40 37 27 34 
2 40 37 31 34 
2 41 37 31 34 
2 41 37 31 34 
2 41 37 31 34 
2 41 37 31 34 
2 41 43 31 34 
2 42 43 31 34 
2 42 25 31 34 
0 42 25 31 34 
0 42 25 31 35 
0 42 25 31 35 
0 42 25 31 35 
0 42 25 31 18 
0 42 25 33 18 
0 42 25 33 18 
0 42 25 33 18 
0 42 25 33 18 
0 41 25 33 18 
0 41 43 33 18 
0 41 43 32 18 
0 40 43 32 18 
0 40 37 32 18 
0 40 37 32 18 
1 40 37 32 18 
1 40 37 27 18 
1 40 38 27 18 
1 40 38 26 18 
23 40 38 26 18 
23 39 38 26 18 
2 39 38 26 18 
2 39 38 26 36 
2 39 37 26 36 
2 39 37 26 36 
2 39 43 26 36 
2 39 43 30 36 
2 39 43 30 5 
3 39 43 30 5 
3 23 43 30 5 
3 23 37 30 5 
3 23 37 30 5 
3 23 37 30 5 
3 1 37 30 5 
3 1 37 30 5 
3 1 37 30 5 
3 1 37 30 5 
3 1 43 30 5 
3 1 43 30 5 
3 1 43 31 5 
3 1 43 31 5 
3 1 43 31 5 
3 1 43 31 24 
3 1 43 31 24 
3 1 43 31 4 
3 0 43 31 4 
3 0 25 31 4 
3 0 25 31 4 
23 0 25 31 4 
23 0 25 31 4 
23 0 25 29 4 
23 0 25 29 4 
23 0 25 29 24 
2 0 25 29 24 
2 0 25 29 24 
2 0 25 29 24 
2 0 25 28 24 
2 0 25 28 5 
2 1 25 28 5 
2 1 25 28 5 
2 1 25 28 5 
2 1 25 17 5 
39 1 25 17 5 
39 1 0 17 5 
39 1 0 17 5 
39 1 0 17 24 
39 1 0 17 24 
39 1 0 19 24 
39 1 0 19 24 
39 1 0 19 24 
39 38 0 19 24 
39 38 25 19 24 
40 38 25 19 24 
40 38 25 19 24 
40 38 25 19 4 
40 38 43 19 4 
40 38 43 19 4 
40 38 43 19 4 
40 38 43 19 4 
40 38 43 19 4 
40 38 43 19 4 
40 38 43 19 4 
40 38 37 19 4 
40 38 37 19 4 
40 38 37 19 4 
40 38 37 17 4 
40 38 37 17 24 
40 38 37 17 5 
41 38 37 17 5 
41 38 37 17 5 
41 37 43 17 5 
41 37 43 17 5 
41 37 43 28 5 
41 37 25 28 5 
41 37 25 28 5 
40 37 25 28 5 
40 43 25 28 5 
40 43 25 28 5 
40 43 25 28 24 
40 43 25 29 24 
40 37 25 29 24 
40 28 25 29 24 
40 28 25 29 4 
40 28 25 17 4 
18 28 25 17 4 
18 28 23 17 4 
18 28 23 17 3 
18 28 23 17 3 
18 19 23 17 3 
18 19 2 17 3 
18 19 2 17 3 
18 19 2 17 3 
18 19 2 17 3 
18 19 2 17 24 
18 16 2 17 24 
18 16 2 29 24 
18 16 2 29 5 
18 16 2 29 5 
20 16 2 29 5 
20 16 23 29 5 
20 16 23 29 5 
20 16 23 29 5 
20 16 26 29 5 
20 16 26 29 5 
20 16 26 29 5 
20 16 26 29 5 
20 16 26 30 5 
20 16 26 30 24 
20 16 27 30 24 
20 16 27 30 24 
20 16 27 30 24 
20 16 27 30 24 
20 16 27 30 24 
20 16 32 30 24 
20 16 32 31 24 
20 16 32 31 4 
20 16 32 31 4 
20 16 32 31 4 
9 16 32 31 4 
9 16 33 31 4 
9 16 33 31 4 
9 16 33 31 3 
9 16 33 31 3 
9 6 33 31 3 
9 6 33 31 3 
9 6 33 27 3 
9 6 33 27 3 
9 6 33 27 3 
9 6 33 27 3 
9 6 33 32 3 
9 6 33 32 3 
20 6 33 32 3 
20 6 33 32 3 
20 6 34 32 3 
20 6 34 32 3 
12 6 34 32 3 
12 6 35 32 3 
12 22 35 32 3 
12 22 35 32 3 
12 7 35 32 3 
12 7 35 32 3 
12 7 35 32 3 
12 7 35 27 3 
12 7 35 27 3 
12 7 35 27 3 
12 7 35 27 3 
12 22 35 27 3 
12 22 35 27 3 
12 22 35 26 3 
21 22 35 26 3 
21 22 35 26 3 
21 22 35 26 3 
21 10 35 26 3 
8 10 35 26 3 
8 10 35 26 3 
8 10 35 26 3 
8 11 35 26 3 
8 11 35 26 3 
8 11 35 26 3 
8 11 35 26 23 
21 11 35 26 23 
21 11 35 26 23 
21 11 35 26 23 
21 11 35 31 38 
21 11 35 31 38 
21 11 34 31 38 
21 11 34 31 38 
21 11 34 31 38 
8 11 34 31 38 
8 11 34 31 38 
8 11 34 31 38 
8 11 32 31 37 
8 11 32 31 37 
8 11 32 31 37 
8 11 32 27 37 
8 11 32 27 37 
8 11 32 27 37 
8 11 32 27 37 
8 11 32 27 37 
8 11 32 27 43 
8 11 32 26 43 
8 11 32 26 43 
21 11 32 26 43 
21 11 33 26 43 
21 11 33 23 43 
21 11 33 23 43 
21 11 33 23 25 
21 11 33 23 25 
21 11 33 23 25 
21 10 33 23 25 
8 10 33 23 25 
8 10 33 23 25 
8 10 33 23 25 
8 10 32 23 25 
8 10 32 2 25 
8 10 27 2 25 
8 10 27 2 25 
8 10 27 2 25 
8 10 27 2 0 
8 10 31 2 0 
21 10 31 2 0 
21 10 31 2 0 
21 11 31 2 0 
21 11 31 2 0 
21 11 31 2 0 
21 11 31 2 0 
12 11 31 2 0 
12 11 31 1 0 
12 11 31 1 0 
12 11 30 1 0 
12 22 30 1 0 
12 7 30 1 0 
12 7 30 1 0 
12 7 30 1 23 
12 7 29 1 23 
20 7 29 1 23 
20 7 29 1 23 
20 22 29 1 23 
21 22 29 1 23 
21 22 29 1 23 
21 22 29 1 23 
21 6 29 1 23 
8 6 29 1 23 
8 6 29 1 23 
8 6 16 1 23 
8 6 16 0 23 
8 6 16 0 26 
8 6 16 0 26 
8 6 16 0 38 
8 6 16 0 38 
8 6 16 25 38 
8 6 16 25 38 
8 6 16 25 38 
8 6 16 25 37 
21 6 16 25 37 
21 6 16 43 37 
21 6 16 43 37 
21 6 16 43 37 
21 6 16 43 37 
21 6 16 43 37 
21 22 16 43 37 
21 22 16 43 37 
21 7 16 43 37 
21 7 16 43 37 
10 7 16 43 37 
10 7 16 43 37 
10 7 16 28 37 
10 7 16 28 43 
10 7 16 28 43 
10 7 16 28 19 
10 7 16 28 19 
10 22 16 28 19 
10 22 6 28 19 
10 22 6 28 19 
10 22 6 28 19 
10 22 6 28 19 
10 22 6 28 19 
10 22 6 28 19 
10 22 6 29 19 
10 22 6 29 19 
10 22 6 29 19 
10 22 6 29 19 
10 22 6 29 19 
10 7 6 29 19 
10 7 6 30 19 
10 7 6 30 19 
10 7 6 30 17 
10 7 6 30 17 
10 7 6 30 17 
10 7 6 30 17 
11 7 6 30 17 
11 7 6 30 17 
11 7 6 30 17 
11 7 22 30 17 
11 7 22 30 17 
11 7 22 30 17 
11 7 22 30 17 
11 7 22 30 17 
11 7 22 30 17 
11 7 22 29 17 
11 7 22 29 28 
11 7 22 29 28 
21 7 22 29 28 
21 7 15 29 28 
21 7 15 29 28 
21 7 15 31 28 
21 22 15 31 28 
21 22 15 31 28 
21 22 15 31 28 
21 22 15 31 28 
21 22 15 31 28 
8 22 15 31 28 
8 22 15 31 28 
8 11 15 31 28 
8 11 15 31 28 
8 11 15 31 29 
8 11 15 31 29 
8 11 15 31 29 
8 11 15 31 29 
8 11 15 27 29 
8 11 15 27 30 
8 11 15 27 30 
21 11 15 27 30 
21 11 15 32 30 
21 10 15 32 30 
21 10 15 32 30 
12 10 15 32 30 
12 10 15 33 30 
12 10 13 33 30 
12 10 13 33 30 
12 10 13 33 29 
12 10 13 33 29 
12 10 13 33 29 
12 10 13 33 28 
12 10 13 33 28 
12 11 13 33 28 
12 11 13 32 28 
20 11 13 32 28 
20 11 13 32 17 
20 11 13 27 17 
20 21 13 27 17 
9 21 13 27 17 
9 21 13 26 17 
9 8 13 26 17 
9 8 13 26 19 
9 8 13 23 19 
9 8 15 23 19 
9 8 15 23 19 
20 8 15 23 19 
20 8 15 23 19 
20 8 15 2 19 
20 8 15 2 17 
20 8 14 2 17 
20 8 14 2 17 
20 21 14 2 17 
9 21 14 2 17 
9 21 14 2 17 
9 21 14 2 17 
9 11 14 2 17 
9 11 14 23 17 
9 11 14 23 28 
9 11 14 26 28 
12 11 14 26 28 
12 10 14 26 28 
12 10 14 38 28 
12 10 14 38 29 
12 10 14 38 30 
12 22 14 38 30 
12 22 14 37 30 
12 22 14 37 31 
12 22 22 37 31 
20 22 22 37 31 
20 22 7 37 31 
9 22 7 37 31 
9 22 7 38 31 
9 22 22 38 31 
9 22 22 38 31 
9 22 10 38 31 
20 22 10 38 31 
20 22 10 38 31 
20 11 10 38 31 
20 11 10 39 31 
20 11 21 39 27 
20 11 21 39 27 
20 11 8 39 27 
20 11 8 39 27 
20 11 8 39 31 
20 11 8 39 31 
9 11 8 39 31 
9 21 8 39 31 
9 21 8 39 30 
9 21 21 39 30 
9 21 21 39 30 
9 21 21 39 30 
9 21 11 39 30 
9 21 11 39 30 
9 21 11 39 30 
9 21 11 26 30 
9 21 11 26 29 
9 21 11 26 29 
9 12 11 26 29 
9 12 11 23 29 
9 12 11 23 29 
20 12 11 23 29 
20 12 11 23 28 
20 12 21 23 28 
20 12 21 39 28 
20 12 21 39 28 
8 12 21 39 28 
8 12 21 39 28 
8 12 21 39 17 
8 12 21 39 17 
8 12 21 40 17 
8 12 21 40 17 
8 12 21 40 17 
8 20 21 40 17 
8 20 21 40 19 
8 20 7 40 19 
8 20 7 40 19 
8 20 7 40 19 
8 20 7 40 19 
8 20 7 41 19 
8 18 7 41 19 
8 18 6 41 19 
21 18 6 41 19 
21 18 6 41 19 
21 18 6 41 19 
11 18 6 41 19 
11 18 6 41 19 
11 18 6 41 19 
11 18 6 36 19 
11 18 6 36 16 
10 18 6 36 16 
10 18 6 36 16 
10 18 6 36 16 
10 18 22 36 16 
10 18 22 36 16 
10 18 22 35 16 
10 18 7 35 16 
10 41 7 35 16 
10 41 7 35 16 
10 40 7 35 16 
10 40 7 34 16 
8 40 7 34 16 
8 40 7 34 16 
8 40 7 34 16 
8 39 7 34 16 
8 39 7 34 16 
12 39 7 34 16 
12 39 15 34 16 
12 39 15 36 16 
12 39 15 36 6 
12 39 15 36 6 
12 39 15 36 22 
12 39 15 36 22 
12 39 15 36 22 
12 39 15 36 7 
12 39 15 36 7 
12 39 15 36 7 
12 39 15 36 7 
12 26 15 36 7 
12 26 15 36 7 
12 26 15 41 7 
12 26 15 41 7 
12 38 15 41 7 
12 38 13 41 7 
12 38 13 41 22 
12 38 13 42 22 
20 38 13 42 22 
20 38 13 42 22 
20 38 13 42 22 
20 38 13 42 22 
9 38 13 42 22 
9 38 13 42 6 
9 38 13 42 6 
9 37 13 42 6 
9 37 13 42 6 
9 43 13 42 6 
9 43 13 41 6 
9 43 13 41 16 
9 43 13 41 16 
9 43 13 36 16 
9 25 13 36 16 
18 25 13 36 16 
18 25 13 35 16 
18 0 13 35 16 
18 0 14 35 16 
18 0 14 35 16 
18 0 14 35 6 
18 0 14 35 6 
18 0 14 35 6 
18 0 15 35 6 
18 0 15 35 6 
18 0 15 35 6 
18 0 15 34 6 
18 25 15 34 6 
18 25 15 34 6 
42 25 15 34 6 
42 25 22 34 6 
42 25 22 34 6 
42 25 22 34 7 
42 25 22 33 7 
42 25 22 33 7 
42 25 14 33 7 
42 23 14 33 7 
42 23 14 33 7 
42 23 14 33 7 
42 23 14 33 7 
42 2 14 33 7 
40 2 14 33 7 
40 2 14 33 22 
40 2 14 34 22 
40 2 14 34 22 
40 2 14 34 15 
40 2 14 34 15 
40 2 14 34 15 
40 2 14 32 15 
40 2 14 32 13 
40 2 14 27 13 
39 2 14 27 13 
39 3 14 27 13 
39 3 15 27 13 
39 3 15 27 13 
39 3 15 27 13 
39 3 15 31 13 
39 3 15 31 13 
38 3 15 31 13 
38 24 15 31 13 
38 24 15 31 13 
37 24 15 31 13 
37 4 15 31 13 
37 4 15 31 13 
43 4 15 31 13 
43 4 15 34 13 
43 4 22 34 13 
43 5 22 34 13 
43 5 22 34 14 
43 5 19 34 14 
43 5 19 34 14 
43 5 19 36 14 
43 24 19 36 14 
43 24 19 41 14 
43 4 19 41 14 
1 4 19 41 14 
1 4 19 41 15 
1 5 19 41 15 
1 5 19 41 20 
1 5 19 39 20 
1 5 19 39 9 
1 5 17 39 9 
33 5 19 39 9 
33 5 19 39 9 
33 5 19 39 12 
33 24 22 39 12 
33 24 10 39 12 
33 24 10 39 12 
33 4 10 39 12 
33 4 10 39 12 
33 4 10 1 12 
33 4 21 1 12 
33 4 21 1 8 
33 24 21 1 8 
33 24 21 1 8 
33 5 21 1 8 
33 5 21 1 8 
36 5 21 1 8 
36 5 12 1 8 
36 5 12 1 8 
36 42 12 1 8 
36 42 12 1 21 
36 42 20 1 21 
36 42 9 1 21 
36 42 9 24 11 
40 42 9 24 11 
40 42 9 24 11 
40 42 9 24 11 
40 41 20 24 11 
40 18 20 24 11 
40 18 20 24 13 
35 18 20 24 13 
35 18 9 24 13 
35 18 9 24 13 
35 18 9 2 13 
34 18 9 2 13 
34 18 12 2 13 
34 18 12 1 13 
34 20 12 1 13 
34 12 12 1 13 
34 12 12 37 13 
34 12 20 37 13 
34 9 20 37 13 
30 9 18 37 13 
42 42 42 42 42 
;
ROBOT MOVING BEST:
0 0 0 0 0 
1 1 0 0 0 
0 1 1 0 0 
0 0 1 1 0 
1 0 0 1 0 
0 0 0 1 1 
0 0 1 0 1 
0 1 0 0 1 
1 0 0 0 1 
0 0 0 1 1 
0 0 1 0 1 
0 1 0 0 1 
1 0 0 1 0 
1 0 0 0 1 
0 0 0 1 1 
0 0 1 0 1 
0 1 0 0 1 
1 0 0 0 1 
0 0 0 1 1 
0 1 1 0 0 
0 1 0 0 1 
1 0 1 0 0 
0 0 1 1 0 
1 0 0 0 1 
0 0 0 1 1 
0 0 1 0 1 
0 1 1 0 0 
0 0 1 1 0 
0 0 1 0 1 
0 1 1 0 0 
0 1 0 0 1 
0 0 1 1 0 
0 0 0 1 1 
0 1 0 1 0 
0 0 1 0 1 
0 1 0 0 1 
0 0 1 1 0 
1 0 1 0 0 
0 1 1 0 0 
0 1 0 1 0 
1 1 0 0 0 
0 1 0 1 0 
0 0 1 0 1 
1 0 0 0 1 
0 1 1 0 0 
1 0 1 0 0 
0 0 0 1 1 
0 1 0 1 0 
0 1 1 0 0 
0 0 1 0 1 
1 1 0 0 0 
1 0 0 0 1 
0 0 1 1 0 
1 0 0 1 0 
0 1 0 1 0 
0 0 0 1 1 
1 0 1 0 0 
1 1 0 0 0 
1 0 0 0 1 
0 1 1 0 0 
0 0 1 0 1 
1 0 0 1 0 
0 0 1 1 0 
1 1 0 0 0 
1 0 0 0 1 
0 1 1 0 0 
0 0 1 0 1 
0 0 0 1 1 
0 1 0 1 0 
1 1 0 0 0 
1 0 0 0 1 
0 1 1 0 0 
0 0 1 0 1 
0 1 0 1 0 
0 0 0 1 1 
1 1 0 0 0 
1 0 1 0 0 
0 1 1 0 0 
0 0 1 0 1 
1 0 0 0 1 
1 0 0 1 0 
0 1 0 1 0 
0 0 0 1 1 
1 0 1 0 0 
0 1 1 0 0 
1 0 0 0 1 
1 0 0 1 0 
0 0 1 0 1 
0 1 0 1 0 
1 0 1 0 0 
0 0 0 1 1 
1 0 0 0 1 
0 1 1 0 0 
0 0 1 0 1 
0 1 0 1 0 
0 1 0 0 1 
0 0 0 1 1 
1 0 0 0 1 
0 0 1 0 1 
1 0 1 0 0 
1 0 0 0 1 
0 1 0 0 1 
0 0 0 1 1 
1 0 1 0 0 
0 0 1 0 1 
1 0 0 0 1 
0 1 0 1 0 
0 0 0 1 1 
0 1 1 0 0 
0 1 0 0 1 
0 0 1 0 1 
1 1 0 0 0 
1 0 1 0 0 
0 1 1 0 0 
1 0 0 0 1 
0 1 0 1 0 
0 0 1 0 1 
1 1 0 0 0 
1 0 0 0 1 
0 0 1 1 0 
0 1 0 1 0 
0 0 0 1 1 
0 1 0 0 1 
1 0 1 0 0 
0 1 1 0 0 
0 0 1 1 0 
1 1 0 0 0 
0 0 1 0 1 
1 0 1 0 0 
0 1 0 1 0 
0 1 1 0 0 
0 0 1 0 1 
0 0 0 1 1 
1 0 0 1 0 
0 1 1 0 0 
0 1 0 1 0 
0 0 1 1 0 
1 0 0 0 1 
0 1 0 0 1 
1 1 0 0 0 
1 0 1 0 0 
0 0 1 0 1 
0 0 0 1 1 
0 1 0 1 0 
0 1 1 0 0 
1 0 0 1 0 
0 1 0 0 1 
0 1 0 1 0 
0 0 1 1 0 
0 1 1 0 0 
0 1 0 0 1 
1 1 0 0 0 
1 0 1 0 0 
1 0 0 0 1 
1 0 0 1 0 
0 1 0 1 0 
0 0 1 1 0 
1 1 0 0 0 
1 0 1 0 0 
0 1 1 0 0 
1 0 0 1 0 
0 1 0 0 1 
0 1 0 1 0 
0 0 1 1 0 
1 1 0 0 0 
1 0 1 0 0 
0 1 1 0 0 
1 0 0 0 1 
1 0 0 1 0 
1 0 1 0 0 
0 0 1 1 0 
0 1 0 1 0 
0 1 1 0 0 
1 0 0 0 1 
1 0 0 1 0 
1 0 1 0 0 
0 0 0 1 1 
1 1 0 0 0 
0 1 0 0 1 
0 1 1 0 0 
0 1 0 1 0 
1 0 0 1 0 
1 1 0 0 0 
0 0 0 1 1 
0 1 0 0 1 
0 0 1 1 0 
0 1 1 0 0 
0 1 0 1 0 
1 1 0 0 0 
1 0 0 1 0 
0 1 0 0 1 
1 0 0 0 1 
0 1 1 0 0 
1 0 0 1 0 
1 0 1 0 0 
1 1 0 0 0 
0 1 0 0 1 
1 0 1 0 0 
0 0 1 0 1 
0 1 0 1 0 
1 1 0 0 0 
0 1 0 1 0 
0 0 1 1 0 
1 0 0 0 1 
1 1 0 0 0 
1 0 1 0 0 
0 0 1 1 0 
0 1 0 0 1 
1 1 0 0 0 
1 0 1 0 0 
0 0 1 1 0 
0 1 0 0 1 
0 1 1 0 0 
1 0 0 1 0 
0 0 1 1 0 
0 1 0 1 0 
0 0 0 1 1 
1 0 0 0 1 
1 1 0 0 0 
0 0 1 1 0 
1 0 1 0 0 
0 1 0 0 1 
0 0 1 0 1 
0 1 1 0 0 
1 0 0 1 0 
0 0 0 1 1 
1 1 0 0 0 
0 0 1 1 0 
1 0 1 0 0 
0 1 0 0 1 
0 1 1 0 0 
0 0 1 0 1 
1 0 0 1 0 
1 1 0 0 0 
1 0 1 0 0 
0 1 1 0 0 
0 0 1 1 0 
1 0 0 1 0 
0 1 0 1 0 
0 0 1 1 0 
1 0 1 0 0 
0 0 1 0 1 
1 0 1 0 0 
0 1 1 0 0 
0 0 1 1 0 
0 0 1 0 1 
1 0 1 0 0 
1 0 1 0 0 
0 1 1 0 0 
1 0 1 0 0 
0 1 0 1 0 
0 1 1 0 0 
1 1 0 0 0 
0 1 0 1 0 
0 1 0 0 1 
0 0 1 0 1 
0 1 0 0 1 
0 0 1 0 1 
0 1 0 1 0 
0 0 1 1 0 
0 0 1 0 1 
0 1 0 0 1 
0 0 1 1 0 
1 0 0 1 0 
1 0 0 0 1 
1 0 1 0 0 
0 0 1 1 0 
1 0 0 1 0 
0 0 1 0 1 
1 0 1 0 0 
0 1 0 0 1 
1 0 0 0 1 
0 0 1 0 1 
0 1 0 1 0 
1 0 0 0 1 
0 0 1 1 0 
0 1 1 0 0 
0 1 0 0 1 
0 1 0 1 0 
0 0 1 1 0 
0 1 1 0 0 
0 0 1 0 1 
0 1 0 1 0 
0 1 0 0 1 
1 0 1 0 0 
0 1 1 0 0 
0 0 1 1 0 
1 0 1 0 0 
0 1 0 0 1 
0 0 1 0 1 
1 0 0 0 1 
0 1 0 0 1 
0 0 1 0 1 
1 0 0 0 1 
0 0 0 1 1 
0 1 0 1 0 
0 1 0 0 1 
1 0 1 0 0 
0 0 0 1 1 
0 1 0 0 1 
1 0 1 0 0 
0 0 0 1 1 
1 1 0 0 0 
1 0 1 0 0 
0 1 0 0 1 
1 0 0 0 1 
0 0 0 1 1 
0 0 1 0 1 
0 0 0 1 1 
1 0 0 0 1 
0 1 0 0 1 
1 0 0 0 1 
0 0 1 0 1 
0 0 1 0 1 
1 1 0 0 0 
0 0 1 0 1 
0 1 0 1 0 
0 1 0 0 1 
1 1 0 0 0 
0 1 1 0 0 
0 1 1 0 0 
0 0 1 0 1 
0 0 1 1 0 
0 1 0 0 1 
0 1 1 0 0 
1 0 1 0 0 
1 1 0 0 0 
0 0 1 1 0 
0 0 1 0 1 
1 0 0 1 0 
0 1 1 0 0 
1 0 1 0 0 
0 1 0 0 1 
0 0 1 0 1 
0 1 0 0 1 
1 1 0 0 0 
1 0 1 0 0 
0 1 0 0 1 
1 1 0 0 0 
0 0 1 0 1 
0 0 0 1 1 
1 0 1 0 0 
0 1 0 0 1 
1 1 0 0 0 
0 0 1 0 1 
1 0 1 0 0 
0 0 1 1 0 
0 1 0 0 1 
0 1 1 0 0 
0 0 1 0 1 
1 0 0 1 0 
0 0 1 1 0 
1 0 1 0 0 
0 1 1 0 0 
0 0 1 1 0 
0 0 0 1 1 
1 0 0 1 0 
0 0 1 1 0 
1 0 0 0 1 
0 1 0 1 0 
0 1 0 0 1 
0 0 1 1 0 
1 0 1 0 0 
1 0 0 0 1 
0 1 0 0 1 
0 0 1 0 1 
0 1 1 0 0 
1 0 0 0 1 
0 1 0 1 0 
0 0 1 1 0 
1 1 0 0 0 
1 0 0 1 0 
0 0 1 0 1 
0 1 1 0 0 
0 0 1 1 0 
0 0 0 1 1 
0 0 1 0 1 
0 1 0 0 1 
1 1 0 0 0 
0 0 1 1 0 
0 1 1 0 0 
0 0 1 1 0 
0 1 0 1 0 
0 1 1 0 0 
0 0 0 1 1 
1 0 0 0 1 
0 1 0 1 0 
0 1 1 0 0 
0 0 0 1 1 
0 1 0 1 0 
0 1 0 1 0 
1 1 0 0 0 
0 1 0 0 1 
1 0 0 1 0 
1 0 0 0 1 
0 1 1 0 0 
0 0 0 1 1 
1 0 0 0 1 
0 1 0 0 1 
0 0 1 1 0 
1 0 0 1 0 
0 1 0 1 0 
0 1 1 0 0 
1 0 0 0 1 
0 1 0 1 0 
1 0 0 1 0 
1 0 0 0 1 
0 1 1 0 0 
1 0 1 0 0 
0 1 1 0 0 
1 0 1 0 0 
0 1 0 1 0 
0 1 1 0 0 
1 0 0 1 0 
1 0 0 0 1 
1 0 1 0 0 
0 1 0 1 0 
0 1 0 0 1 
0 1 1 0 0 
1 1 0 0 0 
1 0 0 1 0 
1 0 0 0 1 
1 0 1 0 0 
0 1 1 0 0 
0 1 0 1 0 
0 1 0 0 1 
1 0 1 0 0 
1 0 0 0 1 
1 1 0 0 0 
0 1 1 0 0 
1 0 0 0 1 
0 1 0 0 1 
1 0 0 1 0 
0 1 0 1 0 
1 1 0 0 0 
1 0 0 1 0 
0 1 0 1 0 
1 0 1 0 0 
0 1 1 0 0 
1 0 0 1 0 
0 1 0 1 0 
1 1 0 0 0 
1 0 1 0 0 
0 1 1 0 0 
1 0 0 0 1 
1 1 0 0 0 
0 1 1 0 0 
0 1 0 1 0 
0 1 0 0 1 
0 1 0 1 0 
1 0 0 1 0 
1 0 0 0 1 
0 1 0 1 0 
1 0 0 1 0 
1 1 0 0 0 
0 1 1 0 0 
0 1 0 1 0 
1 0 1 0 0 
1 0 0 1 0 
1 0 0 0 1 
0 1 1 0 0 
0 1 0 1 0 
0 1 0 0 1 
1 0 0 0 1 
0 1 1 0 0 
0 1 0 1 0 
0 1 0 0 1 
1 0 1 0 0 
1 0 0 1 0 
1 0 0 0 1 
1 0 1 0 0 
1 0 0 1 0 
1 0 0 0 1 
0 0 0 1 1 
0 1 1 0 0 
1 0 1 0 0 
0 1 1 0 0 
1 0 0 0 1 
1 0 1 0 0 
0 1 0 0 1 
0 1 0 1 0 
0 0 1 0 1 
1 0 0 1 0 
0 1 1 0 0 
0 1 0 1 0 
0 1 0 0 1 
1 0 1 0 0 
1 0 0 1 0 
1 0 0 0 1 
0 1 0 0 1 
0 1 0 1 0 
1 0 0 0 1 
1 0 1 0 0 
0 1 1 0 0 
0 1 0 1 0 
1 0 0 0 1 
0 1 0 0 1 
1 1 0 0 0 
1 0 1 0 0 
0 1 1 0 0 
1 0 1 0 0 
0 1 0 1 0 
0 1 0 0 1 
0 1 1 0 0 
0 1 0 1 0 
0 1 1 0 0 
1 1 0 0 0 
1 0 0 1 0 
0 1 0 0 1 
0 1 1 0 0 
1 1 0 0 0 
1 0 0 1 0 
0 1 0 1 0 
1 0 0 0 1 
0 1 0 0 1 
1 0 1 0 0 
1 0 0 1 0 
0 1 0 1 0 
1 0 1 0 0 
0 1 1 0 0 
0 1 0 0 1 
0 1 0 0 1 
1 0 1 0 0 
1 0 0 0 1 
1 0 1 0 0 
1 0 0 1 0 
0 1 0 1 0 
0 1 0 1 0 
1 0 0 1 0 
0 1 0 0 1 
0 1 1 0 0 
0 1 0 1 0 
1 0 0 1 0 
0 1 0 0 1 
0 0 1 1 0 
0 1 0 1 0 
0 1 0 0 1 
0 0 1 1 0 
0 1 0 0 1 
1 0 0 0 1 
0 1 0 1 0 
0 0 1 0 1 
0 0 1 1 0 
0 1 0 0 1 
1 0 0 1 0 
0 1 0 1 0 
1 0 0 0 1 
0 0 1 0 1 
0 0 1 1 0 
0 1 1 0 0 
0 1 0 0 1 
0 1 0 1 0 
0 1 0 0 1 
1 0 1 0 0 
1 0 0 0 1 
0 1 0 1 0 
0 0 1 1 0 
1 0 0 0 1 
0 1 1 0 0 
0 0 1 0 1 
1 0 1 0 0 
0 1 1 0 0 
0 0 1 1 0 
1 0 0 1 0 
0 1 0 1 0 
0 0 1 0 1 
1 0 0 0 1 
1 0 1 0 0 
0 0 1 1 0 
1 0 0 1 0 
0 1 0 0 1 
0 1 1 0 0 
1 1 0 0 0 
0 1 0 0 1 
0 0 1 1 0 
1 0 0 1 0 
0 0 1 0 1 
0 1 1 0 0 
1 1 0 0 0 
1 0 0 0 1 
1 0 1 0 0 
0 1 0 1 0 
0 1 0 0 1 
0 0 1 1 0 
0 1 1 0 0 
0 0 1 0 1 
1 1 0 0 0 
1 0 0 0 1 
1 0 1 0 0 
0 1 0 1 0 
0 1 0 0 1 
1 0 0 1 0 
1 1 0 0 0 
0 1 1 0 0 
0 0 0 1 1 
0 1 0 1 0 
1 1 0 0 0 
0 1 1 0 0 
1 0 0 0 1 
0 1 0 1 0 
0 0 1 0 1 
1 1 0 0 0 
1 0 0 0 1 
0 1 0 0 1 
0 0 1 1 0 
0 0 1 0 1 
1 0 1 0 0 
0 1 1 0 0 
1 0 0 0 1 
0 0 1 1 0 
0 0 1 0 1 
1 1 0 0 0 
1 0 1 0 0 
0 0 1 1 0 
0 1 1 0 0 
1 0 0 0 1 
1 0 1 0 0 
0 0 1 1 0 
0 0 1 0 1 
0 1 1 0 0 
0 0 1 0 1 
1 0 1 0 0 
0 0 1 1 0 
0 0 1 0 1 
1 1 0 0 0 
0 1 1 0 0 
0 0 1 1 0 
1 0 1 0 0 
0 0 1 0 1 
0 0 1 1 0 
0 1 1 0 0 
1 0 1 0 0 
0 0 1 1 0 
0 1 1 0 0 
0 0 1 0 1 
0 0 1 1 0 
1 0 1 0 0 
0 0 1 0 1 
1 0 1 0 0 
0 0 1 1 0 
0 0 1 1 0 
0 0 1 0 1 
0 1 1 0 0 
1 0 1 0 0 
0 1 1 0 0 
1 0 1 0 0 
0 0 1 1 0 
0 0 1 0 1 
0 1 1 0 0 
0 0 1 1 0 
0 0 1 0 1 
0 0 1 1 0 
1 0 1 0 0 
0 1 1 0 0 
0 0 1 1 0 
0 0 1 0 1 
0 0 1 0 1 
0 1 1 0 0 
0 0 1 1 0 
0 0 1 0 1 
1 0 1 0 0 
1 0 1 0 0 
1 0 1 0 0 
1 0 1 0 0 
0 0 1 1 0 
0 0 1 1 0 
1 0 1 0 0 
1 0 1 0 0 
1 0 1 0 0 
0 0 1 1 0 
0 1 1 0 0 
0 0 1 1 0 
0 0 1 0 1 
1 0 1 0 0 
1 0 1 0 0 
1 1 0 0 0 
1 0 0 0 1 
0 0 1 1 0 
1 0 1 0 0 
0 1 1 0 0 
0 0 1 0 1 
0 0 1 1 0 
1 0 1 0 0 
1 0 0 1 0 
0 0 1 1 0 
1 0 0 0 1 
1 0 1 0 0 
1 0 0 1 0 
1 0 0 0 1 
0 1 0 0 1 
1 1 0 0 0 
1 0 0 1 0 
0 1 1 0 0 
1 1 0 0 0 
1 0 0 0 1 
0 1 1 0 0 
1 0 0 1 0 
0 1 0 0 1 
1 1 0 0 0 
0 1 0 1 0 
0 1 0 0 1 
0 0 1 0 1 
0 1 0 1 0 
0 0 1 1 0 
1 0 0 0 1 
0 1 0 0 1 
0 0 1 0 1 
1 0 1 0 0 
1 0 0 1 0 
0 1 0 1 0 
1 0 0 0 1 
1 0 0 1 0 
1 1 0 0 0 
1 0 1 0 0 
1 1 0 0 0 
1 0 0 1 0 
1 0 1 0 0 
1 0 0 0 1 
1 0 0 1 0 
1 1 0 0 0 
1 0 0 1 0 
1 0 0 0 1 
1 1 0 0 0 
0 1 0 1 0 
0 1 0 0 1 
0 1 1 0 0 
1 0 0 1 0 
0 1 0 1 0 
0 1 1 0 0 
1 1 0 0 0 
0 0 0 1 1 
1 1 0 0 0 
1 0 0 1 0 
1 0 0 0 1 
0 1 0 0 1 
0 0 0 1 1 
0 1 0 0 1 
0 0 1 1 0 
1 0 0 0 1 
0 0 1 0 1 
0 0 0 1 1 
0 1 0 0 1 
0 0 1 0 1 
0 1 0 0 1 
0 0 0 1 1 
0 1 1 0 0 
0 1 0 0 1 
1 0 0 1 0 
0 0 1 1 0 
0 0 0 1 1 
0 1 1 0 0 
0 1 0 0 1 
1 0 0 1 0 
0 0 1 1 0 
1 1 0 0 0 
0 0 1 0 1 
0 0 0 1 1 
1 0 0 1 0 
1 1 0 0 0 
0 0 1 0 1 
0 1 1 0 0 
1 0 0 1 0 
1 1 0 0 0 
0 0 1 0 1 
0 0 1 1 0 
0 1 1 0 0 
1 0 0 1 0 
0 1 1 0 0 
0 0 1 1 0 
0 0 1 0 1 
1 0 0 1 0 
0 0 1 1 0 
0 1 1 0 0 
1 0 1 0 0 
0 0 1 1 0 
0 1 1 0 0 
0 0 1 0 1 
1 0 1 0 0 
0 0 1 0 1 
0 0 1 1 0 
0 1 1 0 0 
1 0 1 0 0 
0 0 1 1 0 
0 1 1 0 0 
1 0 0 1 0 
0 1 1 0 0 
0 0 1 1 0 
1 0 1 0 0 
0 0 1 1 0 
0 1 1 0 0 
0 1 0 0 1 
0 0 1 1 0 
0 0 0 1 1 
0 1 1 0 0 
0 1 0 0 1 
0 0 1 0 1 
0 0 1 1 0 
1 0 1 0 0 
0 1 0 0 1 
1 0 0 0 1 
0 1 0 0 1 
0 0 1 1 0 
1 0 0 0 1 
0 0 1 0 1 
1 0 1 0 0 
1 0 0 0 1 
0 0 1 1 0 
0 0 1 0 1 
0 0 1 1 0 
1 0 1 0 0 
0 1 1 0 0 
0 0 1 0 1 
0 1 1 0 0 
1 0 0 0 1 
0 0 0 1 1 
0 1 0 0 1 
1 0 1 0 0 
0 1 1 0 0 
0 1 0 0 1 
1 0 1 0 0 
0 1 1 0 0 
0 1 0 0 1 
1 0 1 0 0 
0 0 0 1 1 
0 1 1 0 0 
0 1 0 0 1 
1 0 0 0 1 
0 0 1 0 1 
0 1 0 0 1 
0 0 0 1 1 
0 1 0 0 1 
0 0 0 1 1 
0 1 0 0 1 
1 0 0 0 1 
1 0 0 0 1 
0 1 0 0 1 
0 0 1 0 1 
0 0 1 1 0 
0 0 1 0 1 
0 0 1 0 1 
1 0 1 0 0 
0 1 0 0 1 
0 0 1 0 1 
0 1 1 0 0 
0 1 1 0 0 
0 1 0 0 1 
0 1 0 0 1 
1 0 0 0 1 
0 0 1 1 0 
0 1 1 0 0 
0 1 0 0 1 
0 1 1 0 0 
0 1 0 0 1 
0 1 1 0 0 
0 1 0 0 1 
1 0 1 0 0 
0 1 1 0 0 
1 0 0 0 1 
0 1 0 0 1 
0 1 0 0 1 
1 0 1 0 0 
1 0 1 0 0 
0 0 0 1 1 
1 0 0 0 1 
0 0 1 1 0 
1 0 1 0 0 
0 1 1 0 0 
0 1 1 0 0 
1 0 0 0 1 
1 0 1 0 0 
0 1 1 0 0 
1 0 1 0 0 
0 0 0 1 1 
1 0 1 0 0 
0 1 1 0 0 
0 0 0 1 1 
1 1 0 0 0 
1 1 0 0 0 
0 1 0 1 0 
0 0 1 1 0 
0 1 1 0 0 
1 0 1 0 0 
1 1 1 1 1 
;
TIMETABLE BEST: 
0.0 0.0 0.0 0.0 0.0 
10.0 0.0 0.0 0.0 0.0 
10.0 18.0 0.0 0.0 0.0 
10.0 18.0 18.0 0.0 0.0 
19.0 18.0 18.0 0.0 0.0 
19.0 18.0 18.0 19.0 0.0 
19.0 18.0 25.0 19.0 0.0 
19.0 18.0 25.0 19.0 10.0 
19.0 18.0 25.0 19.0 10.0 
19.0 18.0 25.0 19.0 10.0 
19.0 18.0 25.0 19.0 10.0 
19.0 26.0 25.0 19.0 10.0 
19.0 26.0 25.0 19.0 10.0 
29.0 26.0 25.0 19.0 10.0 
29.0 26.0 25.0 30.0 10.0 
29.0 26.0 25.0 30.0 19.0 
29.0 26.0 25.0 30.0 19.0 
29.0 26.0 25.0 30.0 19.0 
29.0 26.0 25.0 30.0 19.0 
29.0 26.0 25.0 30.0 19.0 
29.0 34.0 25.0 30.0 19.0 
29.0 34.0 25.0 30.0 19.0 
29.0 34.0 25.0 30.0 19.0 
37.0 34.0 25.0 30.0 19.0 
37.0 34.0 25.0 38.0 19.0 
37.0 34.0 25.0 38.0 33.0 
37.0 34.0 25.0 38.0 33.0 
37.0 34.0 25.0 38.0 33.0 
37.0 34.0 32.0 38.0 33.0 
37.0 34.0 32.0 38.0 33.0 
37.0 34.0 32.0 38.0 33.0 
37.0 34.0 32.0 38.0 33.0 
37.0 34.0 32.0 38.0 33.0 
37.0 34.0 32.0 38.0 33.0 
37.0 34.0 32.0 38.0 41.0 
37.0 34.0 32.0 38.0 41.0 
37.0 34.0 32.0 45.0 41.0 
46.0 34.0 32.0 45.0 41.0 
46.0 34.0 45.0 45.0 41.0 
46.0 34.0 45.0 45.0 41.0 
46.0 34.0 45.0 45.0 41.0 
46.0 34.0 45.0 51.0 41.0 
46.0 34.0 45.0 51.0 41.0 
46.0 34.0 45.0 51.0 41.0 
46.0 42.0 45.0 51.0 41.0 
46.0 42.0 45.0 51.0 41.0 
46.0 42.0 45.0 51.0 41.0 
46.0 42.0 45.0 51.0 41.0 
46.0 49.0 45.0 51.0 41.0 
46.0 49.0 45.0 51.0 49.0 
46.0 49.0 45.0 51.0 49.0 
46.0 49.0 45.0 51.0 49.0 
46.0 49.0 45.0 51.0 49.0 
46.0 49.0 45.0 51.0 49.0 
46.0 49.0 45.0 51.0 49.0 
46.0 49.0 45.0 51.0 49.0 
57.0 49.0 45.0 51.0 49.0 
57.0 49.0 45.0 51.0 49.0 
57.0 49.0 45.0 51.0 49.0 
57.0 49.0 58.0 51.0 49.0 
57.0 49.0 58.0 51.0 49.0 
57.0 49.0 58.0 51.0 49.0 
57.0 49.0 58.0 51.0 49.0 
64.0 49.0 58.0 51.0 49.0 
64.0 49.0 58.0 51.0 49.0 
64.0 49.0 65.0 51.0 49.0 
64.0 49.0 65.0 51.0 49.0 
64.0 49.0 65.0 57.0 57.0 
64.0 49.0 65.0 68.0 57.0 
64.0 56.0 65.0 68.0 57.0 
64.0 56.0 65.0 68.0 57.0 
64.0 56.0 65.0 68.0 57.0 
64.0 56.0 65.0 68.0 57.0 
64.0 56.0 65.0 68.0 57.0 
64.0 56.0 65.0 68.0 57.0 
64.0 64.0 65.0 68.0 57.0 
64.0 64.0 65.0 68.0 57.0 
64.0 64.0 65.0 68.0 57.0 
64.0 64.0 72.0 68.0 57.0 
64.0 64.0 72.0 68.0 67.0 
64.0 64.0 72.0 68.0 67.0 
64.0 64.0 72.0 68.0 67.0 
64.0 64.0 72.0 68.0 67.0 
64.0 64.0 72.0 68.0 67.0 
64.0 64.0 72.0 68.0 67.0 
71.0 64.0 72.0 68.0 67.0 
71.0 64.0 72.0 68.0 67.0 
71.0 64.0 72.0 68.0 67.0 
71.0 64.0 72.0 76.0 67.0 
71.0 64.0 72.0 76.0 67.0 
71.0 64.0 72.0 76.0 67.0 
77.0 64.0 72.0 76.0 67.0 
77.0 72.0 72.0 76.0 67.0 
77.0 72.0 79.0 76.0 67.0 
77.0 72.0 79.0 76.0 67.0 
77.0 85.0 79.0 76.0 67.0 
77.0 85.0 79.0 85.0 67.0 
77.0 85.0 79.0 85.0 76.0 
77.0 85.0 79.0 85.0 76.0 
77.0 85.0 79.0 85.0 76.0 
83.0 85.0 79.0 85.0 76.0 
83.0 85.0 79.0 85.0 76.0 
83.0 85.0 79.0 85.0 76.0 
83.0 85.0 79.0 85.0 76.0 
83.0 85.0 86.0 85.0 76.0 
90.0 85.0 86.0 85.0 76.0 
90.0 85.0 86.0 85.0 76.0 
90.0 85.0 86.0 94.0 76.0 
90.0 85.0 86.0 94.0 76.0 
90.0 85.0 86.0 94.0 86.0 
90.0 85.0 86.0 94.0 86.0 
90.0 85.0 86.0 94.0 86.0 
90.0 85.0 86.0 94.0 86.0 
90.0 85.0 93.0 94.0 86.0 
90.0 85.0 93.0 94.0 86.0 
90.0 85.0 93.0 94.0 86.0 
90.0 85.0 93.0 94.0 86.0 
98.0 85.0 93.0 94.0 86.0 
98.0 85.0 93.0 94.0 86.0 
98.0 85.0 93.0 94.0 86.0 
98.0 85.0 93.0 102.0 86.0 
98.0 85.0 93.0 102.0 86.0 
98.0 85.0 93.0 102.0 105.0 
98.0 85.0 93.0 102.0 105.0 
98.0 98.0 93.0 102.0 105.0 
98.0 98.0 93.0 102.0 105.0 
98.0 98.0 93.0 102.0 105.0 
98.0 98.0 93.0 102.0 105.0 
106.0 98.0 93.0 102.0 105.0 
106.0 98.0 93.0 102.0 105.0 
106.0 108.0 93.0 102.0 105.0 
106.0 108.0 100.0 102.0 105.0 
106.0 108.0 100.0 102.0 105.0 
106.0 108.0 100.0 102.0 105.0 
106.0 108.0 100.0 102.0 105.0 
106.0 108.0 100.0 102.0 105.0 
106.0 108.0 100.0 110.0 105.0 
106.0 108.0 100.0 110.0 105.0 
106.0 108.0 100.0 110.0 105.0 
106.0 108.0 100.0 110.0 105.0 
114.0 108.0 100.0 110.0 105.0 
114.0 108.0 110.0 110.0 105.0 
114.0 108.0 110.0 110.0 105.0 
114.0 108.0 110.0 110.0 105.0 
114.0 108.0 110.0 110.0 105.0 
114.0 108.0 110.0 110.0 105.0 
114.0 108.0 110.0 110.0 116.0 
114.0 108.0 110.0 119.0 116.0 
114.0 108.0 110.0 119.0 116.0 
114.0 108.0 122.0 119.0 116.0 
114.0 108.0 122.0 119.0 126.0 
114.0 122.0 122.0 119.0 126.0 
114.0 122.0 122.0 119.0 126.0 
114.0 122.0 122.0 119.0 126.0 
122.0 122.0 122.0 119.0 126.0 
122.0 122.0 122.0 119.0 126.0 
122.0 122.0 122.0 119.0 126.0 
122.0 122.0 122.0 119.0 126.0 
122.0 122.0 122.0 119.0 126.0 
122.0 122.0 122.0 119.0 126.0 
129.0 122.0 122.0 119.0 126.0 
129.0 122.0 122.0 119.0 126.0 
129.0 122.0 122.0 128.0 126.0 
129.0 122.0 122.0 128.0 126.0 
129.0 122.0 122.0 128.0 126.0 
129.0 122.0 122.0 128.0 126.0 
129.0 132.0 122.0 128.0 126.0 
129.0 132.0 122.0 128.0 126.0 
129.0 132.0 122.0 128.0 126.0 
135.0 132.0 122.0 128.0 126.0 
135.0 132.0 130.0 128.0 126.0 
135.0 132.0 130.0 128.0 126.0 
135.0 132.0 130.0 128.0 126.0 
135.0 132.0 130.0 128.0 126.0 
135.0 132.0 130.0 128.0 126.0 
135.0 132.0 130.0 128.0 126.0 
135.0 132.0 130.0 140.0 126.0 
135.0 132.0 130.0 140.0 126.0 
135.0 132.0 130.0 140.0 136.0 
135.0 132.0 137.0 140.0 136.0 
135.0 132.0 137.0 140.0 136.0 
135.0 132.0 137.0 140.0 136.0 
144.0 132.0 137.0 140.0 136.0 
144.0 132.0 137.0 140.0 136.0 
144.0 132.0 137.0 140.0 145.0 
144.0 132.0 137.0 140.0 145.0 
144.0 132.0 148.0 140.0 145.0 
144.0 142.0 148.0 140.0 145.0 
144.0 142.0 148.0 140.0 145.0 
144.0 142.0 148.0 140.0 145.0 
144.0 142.0 148.0 140.0 145.0 
144.0 142.0 148.0 140.0 145.0 
144.0 142.0 148.0 140.0 145.0 
144.0 142.0 148.0 147.0 145.0 
144.0 142.0 148.0 147.0 145.0 
153.0 142.0 148.0 147.0 145.0 
153.0 142.0 148.0 147.0 154.0 
153.0 142.0 148.0 147.0 154.0 
153.0 142.0 148.0 147.0 154.0 
153.0 156.0 148.0 147.0 154.0 
153.0 156.0 148.0 147.0 154.0 
153.0 156.0 148.0 154.0 154.0 
153.0 156.0 156.0 154.0 154.0 
162.0 156.0 156.0 154.0 154.0 
162.0 156.0 156.0 154.0 154.0 
162.0 156.0 156.0 154.0 154.0 
162.0 156.0 156.0 162.0 154.0 
162.0 156.0 156.0 162.0 163.0 
171.0 156.0 156.0 162.0 163.0 
171.0 156.0 156.0 162.0 163.0 
171.0 156.0 165.0 162.0 163.0 
171.0 156.0 165.0 162.0 173.0 
171.0 156.0 175.0 162.0 173.0 
171.0 156.0 175.0 162.0 173.0 
171.0 156.0 175.0 162.0 173.0 
171.0 174.0 175.0 162.0 173.0 
171.0 174.0 175.0 170.0 173.0 
171.0 174.0 175.0 170.0 173.0 
171.0 174.0 175.0 170.0 173.0 
171.0 174.0 175.0 170.0 173.0 
171.0 174.0 175.0 170.0 173.0 
171.0 174.0 175.0 170.0 173.0 
171.0 174.0 175.0 170.0 173.0 
171.0 174.0 175.0 170.0 173.0 
171.0 174.0 175.0 179.0 173.0 
171.0 174.0 175.0 179.0 173.0 
180.0 174.0 175.0 179.0 173.0 
180.0 174.0 175.0 179.0 173.0 
180.0 174.0 175.0 179.0 173.0 
180.0 182.0 175.0 179.0 173.0 
180.0 182.0 175.0 179.0 173.0 
180.0 182.0 175.0 179.0 183.0 
180.0 182.0 175.0 179.0 183.0 
180.0 182.0 175.0 179.0 183.0 
189.0 182.0 175.0 179.0 183.0 
189.0 189.0 175.0 179.0 183.0 
189.0 189.0 187.0 179.0 183.0 
189.0 189.0 187.0 179.0 183.0 
189.0 196.0 187.0 179.0 183.0 
189.0 196.0 187.0 188.0 183.0 
189.0 196.0 187.0 188.0 183.0 
189.0 196.0 187.0 188.0 193.0 
195.0 196.0 187.0 188.0 193.0 
195.0 196.0 187.0 188.0 193.0 
195.0 196.0 187.0 196.0 193.0 
195.0 196.0 187.0 196.0 201.0 
202.0 196.0 187.0 196.0 201.0 
210.0 196.0 187.0 196.0 201.0 
210.0 196.0 199.0 196.0 201.0 
210.0 196.0 199.0 196.0 201.0 
210.0 196.0 199.0 214.0 201.0 
210.0 196.0 219.0 214.0 201.0 
220.0 196.0 219.0 214.0 201.0 
220.0 203.0 219.0 214.0 201.0 
220.0 218.0 219.0 214.0 201.0 
220.0 218.0 219.0 214.0 201.0 
220.0 218.0 219.0 214.0 209.0 
220.0 218.0 219.0 214.0 209.0 
220.0 218.0 219.0 214.0 209.0 
220.0 218.0 219.0 214.0 209.0 
220.0 218.0 225.0 214.0 209.0 
220.0 229.0 225.0 214.0 209.0 
220.0 229.0 225.0 214.0 209.0 
220.0 229.0 225.0 221.0 209.0 
220.0 229.0 225.0 221.0 222.0 
220.0 229.0 225.0 221.0 222.0 
220.0 229.0 225.0 221.0 222.0 
220.0 229.0 225.0 227.0 222.0 
220.0 229.0 225.0 227.0 222.0 
220.0 229.0 231.0 227.0 222.0 
220.0 229.0 231.0 227.0 222.0 
230.0 229.0 231.0 227.0 222.0 
230.0 229.0 231.0 227.0 222.0 
230.0 229.0 231.0 227.0 222.0 
237.0 229.0 231.0 227.0 222.0 
237.0 229.0 231.0 227.0 222.0 
237.0 229.0 231.0 227.0 222.0 
237.0 229.0 231.0 227.0 231.0 
237.0 229.0 231.0 233.0 231.0 
237.0 229.0 231.0 233.0 231.0 
237.0 229.0 237.0 233.0 231.0 
237.0 229.0 237.0 233.0 231.0 
237.0 229.0 237.0 240.0 231.0 
237.0 240.0 237.0 240.0 231.0 
237.0 240.0 237.0 240.0 231.0 
237.0 240.0 237.0 240.0 231.0 
237.0 240.0 237.0 240.0 231.0 
237.0 240.0 243.0 240.0 231.0 
237.0 250.0 243.0 240.0 231.0 
237.0 250.0 254.0 240.0 231.0 
258.0 250.0 254.0 240.0 231.0 
258.0 250.0 254.0 240.0 239.0 
258.0 250.0 254.0 240.0 239.0 
258.0 250.0 254.0 240.0 239.0 
258.0 250.0 254.0 240.0 261.0 
258.0 250.0 254.0 258.0 261.0 
258.0 250.0 254.0 258.0 261.0 
258.0 250.0 254.0 258.0 261.0 
258.0 250.0 254.0 258.0 261.0 
258.0 260.0 254.0 258.0 261.0 
258.0 260.0 265.0 258.0 261.0 
258.0 260.0 265.0 267.0 261.0 
258.0 271.0 265.0 267.0 261.0 
258.0 271.0 271.0 267.0 261.0 
258.0 271.0 271.0 267.0 261.0 
272.0 271.0 271.0 267.0 261.0 
272.0 271.0 271.0 273.0 261.0 
272.0 271.0 280.0 273.0 261.0 
272.0 271.0 280.0 280.0 261.0 
282.0 271.0 280.0 280.0 261.0 
282.0 282.0 280.0 280.0 261.0 
289.0 282.0 280.0 280.0 261.0 
289.0 282.0 280.0 280.0 279.0 
289.0 282.0 289.0 280.0 279.0 
289.0 282.0 289.0 280.0 279.0 
289.0 282.0 295.0 280.0 279.0 
289.0 282.0 295.0 298.0 279.0 
289.0 282.0 295.0 298.0 300.0 
303.0 282.0 295.0 298.0 300.0 
303.0 292.0 295.0 298.0 300.0 
303.0 292.0 301.0 298.0 300.0 
303.0 292.0 301.0 298.0 300.0 
303.0 292.0 301.0 298.0 300.0 
303.0 302.0 301.0 298.0 300.0 
303.0 302.0 301.0 298.0 300.0 
303.0 302.0 301.0 298.0 300.0 
303.0 302.0 301.0 298.0 300.0 
303.0 302.0 307.0 298.0 300.0 
303.0 302.0 307.0 298.0 300.0 
303.0 302.0 307.0 306.0 300.0 
303.0 302.0 307.0 306.0 300.0 
303.0 302.0 307.0 306.0 300.0 
303.0 302.0 307.0 306.0 308.0 
303.0 302.0 307.0 306.0 308.0 
303.0 302.0 307.0 306.0 315.0 
303.0 316.0 307.0 306.0 315.0 
303.0 316.0 318.0 306.0 315.0 
303.0 316.0 318.0 306.0 315.0 
316.0 316.0 318.0 306.0 315.0 
316.0 316.0 318.0 306.0 315.0 
316.0 316.0 318.0 318.0 315.0 
316.0 316.0 318.0 318.0 315.0 
316.0 316.0 318.0 318.0 322.0 
323.0 316.0 318.0 318.0 322.0 
323.0 316.0 318.0 318.0 322.0 
323.0 316.0 318.0 318.0 322.0 
323.0 316.0 318.0 327.0 322.0 
323.0 316.0 318.0 327.0 330.0 
323.0 330.0 318.0 327.0 330.0 
323.0 330.0 318.0 327.0 330.0 
323.0 330.0 318.0 327.0 330.0 
323.0 330.0 318.0 337.0 330.0 
340.0 330.0 318.0 337.0 330.0 
340.0 330.0 328.0 337.0 330.0 
340.0 330.0 328.0 337.0 330.0 
340.0 330.0 328.0 337.0 338.0 
340.0 330.0 328.0 337.0 338.0 
340.0 330.0 328.0 349.0 338.0 
340.0 330.0 328.0 349.0 338.0 
340.0 330.0 328.0 349.0 338.0 
340.0 348.0 328.0 349.0 338.0 
340.0 348.0 338.0 349.0 338.0 
351.0 348.0 338.0 349.0 338.0 
351.0 348.0 338.0 349.0 338.0 
351.0 348.0 338.0 349.0 345.0 
351.0 348.0 349.0 349.0 345.0 
351.0 348.0 349.0 349.0 345.0 
351.0 348.0 349.0 349.0 345.0 
351.0 348.0 349.0 349.0 345.0 
351.0 348.0 349.0 349.0 345.0 
351.0 348.0 349.0 349.0 345.0 
351.0 348.0 349.0 349.0 345.0 
351.0 348.0 355.0 349.0 345.0 
351.0 348.0 355.0 349.0 345.0 
351.0 348.0 355.0 349.0 345.0 
351.0 348.0 355.0 361.0 345.0 
351.0 348.0 355.0 361.0 352.0 
351.0 348.0 355.0 361.0 360.0 
362.0 348.0 355.0 361.0 360.0 
362.0 348.0 355.0 361.0 360.0 
362.0 357.0 361.0 361.0 360.0 
362.0 357.0 361.0 361.0 360.0 
362.0 357.0 361.0 371.0 360.0 
362.0 357.0 372.0 371.0 360.0 
362.0 357.0 372.0 371.0 360.0 
373.0 357.0 372.0 371.0 360.0 
373.0 363.0 372.0 371.0 360.0 
373.0 363.0 372.0 371.0 360.0 
373.0 363.0 372.0 371.0 368.0 
373.0 363.0 372.0 380.0 368.0 
373.0 369.0 372.0 380.0 368.0 
373.0 389.0 372.0 380.0 368.0 
373.0 389.0 372.0 380.0 375.0 
373.0 389.0 372.0 395.0 375.0 
403.0 389.0 372.0 395.0 375.0 
403.0 389.0 390.0 395.0 375.0 
403.0 389.0 390.0 395.0 389.0 
403.0 389.0 390.0 395.0 389.0 
403.0 403.0 390.0 395.0 389.0 
403.0 403.0 397.0 395.0 389.0 
403.0 403.0 397.0 395.0 389.0 
403.0 403.0 397.0 395.0 389.0 
403.0 403.0 397.0 395.0 389.0 
403.0 403.0 397.0 395.0 402.0 
403.0 417.0 397.0 395.0 402.0 
403.0 417.0 397.0 410.0 402.0 
403.0 417.0 397.0 410.0 410.0 
403.0 417.0 397.0 410.0 410.0 
422.0 417.0 397.0 410.0 410.0 
422.0 417.0 404.0 410.0 410.0 
422.0 417.0 404.0 410.0 410.0 
422.0 417.0 404.0 410.0 410.0 
422.0 417.0 412.0 410.0 410.0 
422.0 417.0 412.0 410.0 410.0 
422.0 417.0 412.0 410.0 410.0 
422.0 417.0 412.0 410.0 410.0 
422.0 417.0 412.0 418.0 410.0 
422.0 417.0 412.0 418.0 418.0 
422.0 417.0 419.0 418.0 418.0 
422.0 417.0 419.0 418.0 418.0 
422.0 417.0 419.0 418.0 418.0 
422.0 417.0 419.0 418.0 418.0 
422.0 417.0 419.0 418.0 418.0 
422.0 417.0 425.0 418.0 418.0 
422.0 417.0 425.0 426.0 418.0 
422.0 417.0 425.0 426.0 425.0 
422.0 417.0 425.0 426.0 425.0 
422.0 417.0 425.0 426.0 425.0 
431.0 417.0 425.0 426.0 425.0 
431.0 417.0 434.0 426.0 425.0 
431.0 417.0 434.0 426.0 425.0 
431.0 417.0 434.0 426.0 439.0 
431.0 417.0 434.0 426.0 439.0 
431.0 431.0 434.0 426.0 439.0 
431.0 431.0 434.0 426.0 439.0 
431.0 431.0 434.0 433.0 439.0 
431.0 431.0 434.0 433.0 439.0 
431.0 431.0 434.0 433.0 439.0 
431.0 431.0 434.0 433.0 439.0 
431.0 431.0 434.0 439.0 439.0 
431.0 431.0 434.0 439.0 439.0 
440.0 431.0 434.0 439.0 439.0 
440.0 431.0 434.0 439.0 439.0 
440.0 431.0 443.0 439.0 439.0 
440.0 431.0 443.0 439.0 439.0 
450.0 431.0 443.0 439.0 439.0 
450.0 431.0 451.0 439.0 439.0 
450.0 443.0 451.0 439.0 439.0 
450.0 443.0 451.0 439.0 439.0 
450.0 449.0 451.0 439.0 439.0 
450.0 449.0 451.0 439.0 439.0 
450.0 449.0 451.0 439.0 439.0 
450.0 449.0 451.0 445.0 439.0 
450.0 449.0 451.0 445.0 439.0 
450.0 449.0 451.0 445.0 439.0 
450.0 449.0 451.0 445.0 439.0 
450.0 455.0 451.0 445.0 439.0 
450.0 455.0 451.0 445.0 439.0 
450.0 455.0 451.0 452.0 439.0 
463.0 455.0 451.0 452.0 439.0 
463.0 455.0 451.0 452.0 439.0 
463.0 455.0 451.0 452.0 439.0 
463.0 468.0 451.0 452.0 439.0 
470.0 468.0 451.0 452.0 439.0 
470.0 468.0 451.0 452.0 439.0 
470.0 468.0 451.0 452.0 439.0 
470.0 481.0 451.0 452.0 439.0 
470.0 481.0 451.0 452.0 439.0 
470.0 481.0 451.0 452.0 439.0 
470.0 481.0 451.0 452.0 452.0 
477.0 481.0 451.0 452.0 452.0 
477.0 481.0 451.0 452.0 452.0 
477.0 481.0 451.0 452.0 452.0 
477.0 481.0 451.0 466.0 464.0 
477.0 481.0 451.0 466.0 464.0 
477.0 481.0 459.0 466.0 464.0 
477.0 481.0 459.0 466.0 464.0 
477.0 481.0 459.0 466.0 464.0 
484.0 481.0 459.0 466.0 464.0 
484.0 481.0 459.0 466.0 464.0 
484.0 481.0 459.0 466.0 464.0 
484.0 481.0 473.0 466.0 473.0 
484.0 481.0 473.0 466.0 473.0 
484.0 481.0 473.0 466.0 473.0 
484.0 481.0 473.0 473.0 473.0 
484.0 481.0 473.0 473.0 473.0 
484.0 481.0 473.0 473.0 473.0 
484.0 481.0 473.0 473.0 473.0 
484.0 481.0 473.0 473.0 473.0 
484.0 481.0 473.0 473.0 479.0 
484.0 481.0 473.0 480.0 479.0 
484.0 481.0 473.0 480.0 479.0 
491.0 481.0 473.0 480.0 479.0 
491.0 481.0 482.0 480.0 479.0 
491.0 481.0 482.0 488.0 479.0 
491.0 481.0 482.0 488.0 479.0 
491.0 481.0 482.0 488.0 490.0 
491.0 481.0 482.0 488.0 490.0 
491.0 481.0 482.0 488.0 490.0 
491.0 494.0 482.0 488.0 490.0 
498.0 494.0 482.0 488.0 490.0 
498.0 494.0 482.0 488.0 490.0 
498.0 494.0 482.0 488.0 490.0 
498.0 494.0 491.0 488.0 490.0 
498.0 494.0 491.0 495.0 490.0 
498.0 494.0 497.0 495.0 490.0 
498.0 494.0 497.0 495.0 490.0 
498.0 494.0 497.0 495.0 490.0 
498.0 494.0 497.0 495.0 500.0 
498.0 494.0 504.0 495.0 500.0 
505.0 494.0 504.0 495.0 500.0 
505.0 494.0 504.0 495.0 500.0 
505.0 507.0 504.0 495.0 500.0 
505.0 507.0 504.0 495.0 500.0 
505.0 507.0 504.0 495.0 500.0 
505.0 507.0 504.0 495.0 500.0 
518.0 507.0 504.0 495.0 500.0 
518.0 507.0 504.0 510.0 500.0 
518.0 507.0 504.0 510.0 500.0 
518.0 507.0 512.0 510.0 500.0 
518.0 523.0 512.0 510.0 500.0 
518.0 529.0 512.0 510.0 500.0 
518.0 529.0 512.0 510.0 500.0 
518.0 529.0 512.0 510.0 516.0 
518.0 529.0 520.0 510.0 516.0 
528.0 529.0 520.0 510.0 516.0 
528.0 529.0 520.0 510.0 516.0 
528.0 535.0 520.0 510.0 516.0 
541.0 535.0 520.0 510.0 516.0 
541.0 535.0 520.0 510.0 516.0 
541.0 535.0 520.0 510.0 516.0 
541.0 547.0 520.0 510.0 516.0 
548.0 547.0 520.0 510.0 516.0 
548.0 547.0 520.0 510.0 516.0 
548.0 547.0 553.0 510.0 516.0 
548.0 547.0 553.0 524.0 516.0 
548.0 547.0 553.0 524.0 524.0 
548.0 547.0 553.0 524.0 524.0 
548.0 547.0 553.0 524.0 532.0 
548.0 547.0 553.0 524.0 532.0 
548.0 547.0 553.0 534.0 532.0 
548.0 547.0 553.0 534.0 532.0 
548.0 547.0 553.0 534.0 532.0 
548.0 547.0 553.0 534.0 541.0 
555.0 547.0 553.0 534.0 541.0 
555.0 547.0 553.0 545.0 541.0 
555.0 547.0 553.0 545.0 541.0 
555.0 547.0 553.0 545.0 541.0 
555.0 547.0 553.0 545.0 541.0 
555.0 547.0 553.0 545.0 541.0 
555.0 559.0 553.0 545.0 541.0 
555.0 559.0 553.0 545.0 541.0 
555.0 565.0 553.0 545.0 541.0 
555.0 565.0 553.0 545.0 541.0 
568.0 565.0 553.0 545.0 541.0 
568.0 565.0 553.0 545.0 541.0 
568.0 565.0 553.0 559.0 541.0 
568.0 565.0 553.0 559.0 547.0 
568.0 565.0 553.0 559.0 547.0 
568.0 565.0 553.0 559.0 565.0 
568.0 565.0 553.0 559.0 565.0 
568.0 571.0 553.0 559.0 565.0 
568.0 571.0 567.0 559.0 565.0 
568.0 571.0 567.0 559.0 565.0 
568.0 571.0 567.0 559.0 565.0 
568.0 571.0 567.0 559.0 565.0 
568.0 571.0 567.0 559.0 565.0 
568.0 571.0 567.0 559.0 565.0 
568.0 571.0 567.0 568.0 565.0 
568.0 571.0 567.0 568.0 565.0 
568.0 571.0 567.0 568.0 565.0 
568.0 571.0 567.0 568.0 565.0 
568.0 571.0 567.0 568.0 565.0 
568.0 577.0 567.0 568.0 565.0 
568.0 577.0 567.0 576.0 565.0 
568.0 577.0 567.0 576.0 565.0 
568.0 577.0 567.0 576.0 577.0 
568.0 577.0 567.0 576.0 577.0 
568.0 577.0 567.0 576.0 577.0 
568.0 577.0 567.0 576.0 577.0 
581.0 577.0 567.0 576.0 577.0 
581.0 577.0 567.0 576.0 577.0 
581.0 577.0 567.0 576.0 577.0 
581.0 577.0 579.0 576.0 577.0 
581.0 577.0 579.0 576.0 577.0 
581.0 577.0 579.0 576.0 577.0 
581.0 577.0 579.0 576.0 577.0 
581.0 577.0 579.0 576.0 577.0 
581.0 577.0 579.0 576.0 577.0 
581.0 577.0 579.0 584.0 577.0 
581.0 577.0 579.0 584.0 587.0 
581.0 577.0 579.0 584.0 587.0 
591.0 577.0 579.0 584.0 587.0 
591.0 577.0 592.0 584.0 587.0 
591.0 577.0 592.0 584.0 587.0 
591.0 577.0 592.0 596.0 587.0 
591.0 583.0 592.0 596.0 587.0 
591.0 583.0 592.0 596.0 587.0 
591.0 583.0 592.0 596.0 587.0 
591.0 583.0 592.0 596.0 587.0 
591.0 583.0 592.0 596.0 587.0 
598.0 583.0 592.0 596.0 587.0 
598.0 583.0 592.0 596.0 587.0 
598.0 599.0 592.0 596.0 587.0 
598.0 599.0 592.0 596.0 587.0 
598.0 599.0 592.0 596.0 596.0 
598.0 599.0 592.0 596.0 596.0 
598.0 599.0 592.0 596.0 596.0 
598.0 599.0 592.0 596.0 596.0 
598.0 599.0 592.0 603.0 596.0 
598.0 599.0 592.0 603.0 604.0 
598.0 599.0 592.0 603.0 604.0 
605.0 599.0 592.0 603.0 604.0 
605.0 599.0 592.0 609.0 604.0 
605.0 612.0 592.0 609.0 604.0 
605.0 612.0 592.0 609.0 604.0 
618.0 612.0 592.0 609.0 604.0 
618.0 612.0 592.0 618.0 604.0 
618.0 612.0 606.0 618.0 604.0 
618.0 612.0 606.0 618.0 604.0 
618.0 612.0 606.0 618.0 612.0 
618.0 612.0 606.0 618.0 612.0 
618.0 612.0 606.0 618.0 612.0 
618.0 612.0 606.0 618.0 621.0 
618.0 612.0 606.0 618.0 621.0 
618.0 625.0 606.0 618.0 621.0 
618.0 625.0 606.0 627.0 621.0 
628.0 625.0 606.0 627.0 621.0 
628.0 625.0 606.0 627.0 631.0 
628.0 625.0 606.0 633.0 631.0 
628.0 635.0 606.0 633.0 631.0 
637.0 635.0 606.0 633.0 631.0 
637.0 635.0 606.0 640.0 631.0 
637.0 642.0 606.0 640.0 631.0 
637.0 642.0 606.0 640.0 643.0 
637.0 642.0 606.0 648.0 643.0 
637.0 642.0 620.0 648.0 643.0 
637.0 642.0 620.0 648.0 643.0 
646.0 642.0 620.0 648.0 643.0 
646.0 642.0 620.0 648.0 643.0 
646.0 642.0 620.0 655.0 643.0 
646.0 642.0 620.0 655.0 655.0 
646.0 642.0 634.0 655.0 655.0 
646.0 642.0 634.0 655.0 655.0 
646.0 649.0 634.0 655.0 655.0 
655.0 649.0 634.0 655.0 655.0 
655.0 649.0 634.0 655.0 655.0 
655.0 649.0 634.0 655.0 655.0 
655.0 659.0 634.0 655.0 655.0 
655.0 659.0 634.0 662.0 655.0 
655.0 659.0 634.0 662.0 665.0 
655.0 659.0 634.0 670.0 665.0 
672.0 659.0 634.0 670.0 665.0 
672.0 672.0 634.0 670.0 665.0 
672.0 672.0 634.0 678.0 665.0 
672.0 672.0 634.0 678.0 674.0 
672.0 672.0 634.0 678.0 682.0 
672.0 685.0 634.0 678.0 682.0 
672.0 685.0 634.0 687.0 682.0 
672.0 685.0 634.0 687.0 690.0 
672.0 685.0 653.0 687.0 690.0 
682.0 685.0 653.0 687.0 690.0 
682.0 685.0 659.0 687.0 690.0 
691.0 685.0 659.0 687.0 690.0 
691.0 685.0 659.0 696.0 690.0 
691.0 685.0 665.0 696.0 690.0 
691.0 685.0 665.0 696.0 690.0 
691.0 685.0 678.0 696.0 690.0 
700.0 685.0 678.0 696.0 690.0 
700.0 685.0 678.0 696.0 690.0 
700.0 701.0 678.0 696.0 690.0 
700.0 701.0 678.0 708.0 690.0 
700.0 701.0 691.0 708.0 697.0 
700.0 701.0 691.0 708.0 697.0 
700.0 701.0 698.0 708.0 697.0 
700.0 701.0 698.0 708.0 697.0 
700.0 701.0 698.0 708.0 704.0 
700.0 701.0 698.0 708.0 704.0 
709.0 701.0 698.0 708.0 704.0 
709.0 711.0 698.0 708.0 704.0 
709.0 711.0 698.0 708.0 712.0 
709.0 711.0 705.0 708.0 712.0 
709.0 711.0 705.0 708.0 712.0 
709.0 711.0 705.0 708.0 712.0 
709.0 711.0 715.0 708.0 712.0 
709.0 711.0 715.0 708.0 712.0 
709.0 711.0 715.0 708.0 712.0 
709.0 711.0 715.0 716.0 712.0 
709.0 711.0 715.0 716.0 720.0 
709.0 711.0 715.0 716.0 720.0 
709.0 724.0 715.0 716.0 720.0 
709.0 724.0 715.0 724.0 720.0 
709.0 724.0 715.0 724.0 720.0 
718.0 724.0 715.0 724.0 720.0 
718.0 724.0 715.0 724.0 729.0 
718.0 724.0 725.0 724.0 729.0 
718.0 724.0 725.0 734.0 729.0 
718.0 724.0 725.0 734.0 729.0 
732.0 724.0 725.0 734.0 729.0 
732.0 724.0 725.0 734.0 729.0 
732.0 724.0 725.0 734.0 739.0 
732.0 724.0 725.0 734.0 739.0 
732.0 724.0 725.0 745.0 739.0 
732.0 724.0 725.0 745.0 739.0 
732.0 724.0 725.0 745.0 739.0 
732.0 734.0 725.0 745.0 739.0 
732.0 734.0 725.0 745.0 751.0 
732.0 734.0 745.0 745.0 751.0 
732.0 734.0 745.0 745.0 751.0 
732.0 734.0 745.0 745.0 751.0 
732.0 734.0 745.0 745.0 751.0 
732.0 734.0 745.0 756.0 751.0 
732.0 753.0 745.0 756.0 751.0 
732.0 753.0 759.0 756.0 751.0 
739.0 753.0 759.0 756.0 751.0 
739.0 753.0 759.0 756.0 751.0 
739.0 753.0 759.0 756.0 751.0 
749.0 753.0 759.0 756.0 751.0 
749.0 753.0 759.0 756.0 751.0 
749.0 753.0 759.0 756.0 751.0 
749.0 753.0 759.0 765.0 751.0 
749.0 753.0 759.0 765.0 765.0 
762.0 753.0 759.0 765.0 765.0 
762.0 753.0 759.0 765.0 765.0 
762.0 753.0 759.0 765.0 765.0 
762.0 753.0 771.0 765.0 765.0 
762.0 753.0 771.0 765.0 765.0 
762.0 753.0 771.0 775.0 765.0 
762.0 753.0 777.0 775.0 765.0 
762.0 772.0 777.0 775.0 765.0 
762.0 772.0 777.0 775.0 765.0 
762.0 783.0 777.0 775.0 765.0 
762.0 783.0 777.0 783.0 765.0 
782.0 783.0 777.0 783.0 765.0 
782.0 783.0 777.0 783.0 765.0 
782.0 783.0 777.0 783.0 765.0 
782.0 794.0 777.0 783.0 765.0 
782.0 794.0 777.0 783.0 765.0 
796.0 794.0 777.0 783.0 765.0 
796.0 794.0 796.0 783.0 765.0 
796.0 794.0 796.0 797.0 765.0 
796.0 794.0 796.0 797.0 779.0 
796.0 794.0 796.0 797.0 779.0 
796.0 794.0 796.0 797.0 791.0 
796.0 794.0 796.0 797.0 791.0 
796.0 794.0 796.0 797.0 791.0 
796.0 794.0 796.0 797.0 797.0 
796.0 794.0 796.0 797.0 797.0 
796.0 794.0 796.0 797.0 797.0 
796.0 794.0 796.0 797.0 797.0 
796.0 802.0 796.0 797.0 797.0 
796.0 802.0 796.0 797.0 797.0 
796.0 802.0 796.0 806.0 797.0 
796.0 802.0 796.0 806.0 797.0 
796.0 810.0 796.0 806.0 797.0 
796.0 810.0 810.0 806.0 797.0 
796.0 810.0 810.0 806.0 803.0 
796.0 810.0 810.0 816.0 803.0 
806.0 810.0 810.0 816.0 803.0 
806.0 810.0 810.0 816.0 803.0 
806.0 810.0 810.0 816.0 803.0 
806.0 810.0 810.0 816.0 803.0 
815.0 810.0 810.0 816.0 803.0 
815.0 810.0 810.0 816.0 815.0 
815.0 810.0 810.0 816.0 815.0 
815.0 819.0 810.0 816.0 815.0 
815.0 819.0 810.0 816.0 815.0 
815.0 825.0 810.0 816.0 815.0 
815.0 825.0 810.0 826.0 815.0 
815.0 825.0 810.0 826.0 829.0 
815.0 825.0 810.0 826.0 829.0 
815.0 825.0 810.0 835.0 829.0 
815.0 836.0 810.0 835.0 829.0 
837.0 836.0 810.0 835.0 829.0 
837.0 836.0 810.0 845.0 829.0 
837.0 846.0 810.0 845.0 829.0 
837.0 846.0 828.0 845.0 829.0 
837.0 846.0 828.0 845.0 829.0 
837.0 846.0 828.0 845.0 843.0 
837.0 846.0 828.0 845.0 843.0 
837.0 846.0 828.0 845.0 843.0 
837.0 846.0 842.0 845.0 843.0 
837.0 846.0 842.0 845.0 843.0 
837.0 846.0 842.0 845.0 843.0 
837.0 846.0 842.0 853.0 843.0 
837.0 856.0 842.0 853.0 843.0 
837.0 856.0 842.0 853.0 843.0 
864.0 856.0 842.0 853.0 843.0 
864.0 856.0 855.0 853.0 843.0 
864.0 856.0 855.0 853.0 843.0 
864.0 856.0 855.0 853.0 857.0 
864.0 856.0 855.0 862.0 857.0 
864.0 856.0 855.0 862.0 857.0 
864.0 856.0 874.0 862.0 857.0 
864.0 874.0 874.0 862.0 857.0 
864.0 874.0 874.0 862.0 857.0 
864.0 874.0 874.0 862.0 857.0 
864.0 874.0 874.0 862.0 857.0 
864.0 881.0 874.0 862.0 857.0 
883.0 881.0 874.0 862.0 857.0 
883.0 881.0 874.0 862.0 863.0 
883.0 881.0 874.0 871.0 863.0 
883.0 881.0 874.0 871.0 863.0 
883.0 881.0 874.0 871.0 876.0 
883.0 881.0 874.0 871.0 876.0 
883.0 881.0 874.0 871.0 876.0 
883.0 881.0 874.0 885.0 876.0 
883.0 881.0 874.0 885.0 890.0 
883.0 881.0 874.0 891.0 890.0 
894.0 881.0 874.0 891.0 890.0 
894.0 895.0 874.0 891.0 890.0 
894.0 895.0 888.0 891.0 890.0 
894.0 895.0 888.0 891.0 890.0 
894.0 895.0 888.0 891.0 890.0 
894.0 895.0 888.0 898.0 890.0 
894.0 895.0 888.0 898.0 890.0 
906.0 895.0 888.0 898.0 890.0 
906.0 908.0 888.0 898.0 890.0 
906.0 908.0 888.0 898.0 890.0 
915.0 908.0 888.0 898.0 890.0 
915.0 915.0 888.0 898.0 890.0 
915.0 915.0 888.0 898.0 890.0 
921.0 915.0 888.0 898.0 890.0 
921.0 915.0 888.0 921.0 890.0 
921.0 915.0 901.0 921.0 890.0 
921.0 930.0 901.0 921.0 890.0 
921.0 930.0 901.0 921.0 908.0 
921.0 930.0 923.0 921.0 908.0 
921.0 930.0 923.0 921.0 908.0 
921.0 930.0 923.0 935.0 908.0 
921.0 938.0 923.0 935.0 908.0 
921.0 938.0 923.0 944.0 908.0 
921.0 945.0 923.0 944.0 908.0 
948.0 945.0 923.0 944.0 908.0 
948.0 945.0 923.0 944.0 922.0 
948.0 960.0 923.0 944.0 922.0 
948.0 960.0 923.0 944.0 960.0 
948.0 960.0 923.0 966.0 960.0 
948.0 960.0 923.0 966.0 969.0 
948.0 960.0 935.0 966.0 969.0 
982.0 960.0 947.0 966.0 969.0 
982.0 960.0 947.0 966.0 969.0 
982.0 960.0 947.0 966.0 986.0 
982.0 968.0 969.0 966.0 986.0 
982.0 968.0 982.0 966.0 986.0 
982.0 968.0 982.0 966.0 986.0 
982.0 975.0 982.0 966.0 986.0 
982.0 975.0 982.0 966.0 986.0 
982.0 975.0 982.0 986.0 986.0 
982.0 975.0 995.0 986.0 986.0 
982.0 975.0 995.0 986.0 1000.0 
982.0 982.0 995.0 986.0 1000.0 
982.0 982.0 995.0 986.0 1000.0 
982.0 990.0 995.0 986.0 1000.0 
982.0 990.0 995.0 986.0 1000.0 
1001.0 990.0 995.0 986.0 1000.0 
1001.0 990.0 1008.0 986.0 1000.0 
1001.0 990.0 1008.0 986.0 1000.0 
1001.0 1008.0 1008.0 986.0 1000.0 
1001.0 1008.0 1008.0 986.0 1007.0 
1001.0 1008.0 1018.0 986.0 1007.0 
1001.0 1008.0 1027.0 986.0 1007.0 
1001.0 1008.0 1027.0 1012.0 1017.0 
1017.0 1008.0 1027.0 1012.0 1017.0 
1017.0 1008.0 1027.0 1012.0 1017.0 
1017.0 1008.0 1027.0 1012.0 1017.0 
1017.0 1018.0 1036.0 1012.0 1017.0 
1017.0 1037.0 1036.0 1012.0 1017.0 
1017.0 1037.0 1036.0 1012.0 1058.0 
1043.0 1037.0 1036.0 1012.0 1058.0 
1043.0 1037.0 1045.0 1012.0 1058.0 
1043.0 1037.0 1045.0 1012.0 1058.0 
1043.0 1037.0 1045.0 1031.0 1058.0 
1051.0 1037.0 1045.0 1031.0 1058.0 
1051.0 1037.0 1062.0 1031.0 1058.0 
1051.0 1037.0 1062.0 1046.0 1058.0 
1051.0 1056.0 1062.0 1046.0 1058.0 
1051.0 1066.0 1062.0 1046.0 1058.0 
1051.0 1066.0 1062.0 1073.0 1058.0 
1051.0 1066.0 1072.0 1073.0 1058.0 
1051.0 1083.0 1072.0 1073.0 1058.0 
1078.0 1083.0 1091.0 1073.0 1058.0 
1134.0 1132.0 1118.0 1124.0 1156.0 
;
EXECUTION TIME HBSS: 14439.0446639 seconds 

-------------------------------------------------------------------
