DATFILE : offices1_3r_500.dat
ENVIRONMENT : office
ALGORITHM : HBSS - TAU 5
RANGE : 500
STARTING_POS : 42
N_ROBOTS : 3
GREEDY SOLUTION : [ 8078.]
COMPUTATIONS D :
8334
8226
8142
8100
8526
8468
8556
8502
8142
8394
8102
8566
8420
8214
8312
8356
8232
8248
8138
8748
8140
8498
8378
8178
8290
8198
8320
7960
8000
8326
8344
8342
8262
8186
8276
8052
8160
8068
8148
8304
8084
8192
8276
8104
8350
8110
8158
8496
8396
8120
;
HBBS sumD : 7960
BEST_CONFIGURATIONS : 
42 42 42 
41 42 42 
41 5 42 
36 5 42 
36 5 41 
36 5 41 
36 5 41 
36 24 41 
35 24 41 
35 4 41 
34 4 41 
34 4 36 
34 4 36 
34 24 36 
35 24 36 
35 24 35 
35 4 35 
34 4 35 
34 4 34 
34 24 34 
33 24 34 
33 5 34 
33 5 35 
33 5 35 
32 5 35 
32 5 33 
32 24 33 
32 24 33 
27 24 33 
27 4 33 
26 4 33 
26 4 32 
26 4 27 
26 4 27 
26 4 26 
26 24 26 
26 24 27 
26 5 27 
26 5 32 
27 5 32 
27 5 32 
27 5 32 
31 5 32 
31 5 32 
31 24 32 
31 24 27 
31 24 27 
31 24 26 
31 4 26 
31 4 23 
30 4 23 
30 24 23 
30 24 23 
30 24 2 
30 5 2 
29 5 2 
29 5 2 
29 5 23 
29 24 23 
29 24 26 
29 4 26 
29 4 27 
28 4 27 
28 4 27 
28 24 27 
28 24 32 
28 5 32 
28 5 33 
43 5 33 
37 5 33 
37 5 33 
37 24 33 
43 24 33 
43 24 33 
43 4 33 
43 4 32 
37 4 32 
37 4 32 
37 4 27 
38 4 27 
38 4 27 
38 24 27 
38 24 32 
38 5 32 
38 5 33 
23 5 33 
23 5 33 
2 5 33 
2 5 33 
2 24 33 
2 4 33 
2 4 32 
2 4 27 
23 4 27 
23 4 27 
1 4 27 
1 4 27 
1 24 27 
1 24 32 
1 5 32 
1 5 33 
0 5 33 
0 5 33 
0 24 33 
0 4 33 
0 4 32 
0 4 27 
25 4 27 
25 24 27 
25 24 27 
25 24 32 
25 5 32 
25 5 33 
25 5 34 
25 41 34 
25 41 35 
25 36 35 
0 36 35 
0 36 35 
0 36 34 
0 41 34 
0 42 34 
1 42 34 
1 42 35 
1 42 35 
1 42 36 
1 41 36 
23 41 36 
23 41 36 
2 41 36 
2 41 36 
2 41 35 
2 42 35 
23 42 35 
23 42 35 
23 42 34 
26 42 34 
26 42 34 
27 42 34 
27 42 34 
32 42 34 
32 42 34 
33 42 34 
33 42 34 
33 41 34 
33 41 36 
32 41 36 
27 41 36 
26 41 36 
26 41 36 
38 41 36 
38 40 36 
38 40 36 
38 40 36 
38 40 41 
26 40 41 
26 40 42 
27 40 42 
32 40 42 
32 39 42 
32 39 41 
32 39 41 
27 39 41 
27 39 36 
26 39 36 
26 39 35 
38 39 35 
38 26 35 
38 26 35 
38 27 35 
38 31 35 
38 31 35 
38 30 35 
38 30 35 
38 30 35 
38 29 35 
38 29 35 
38 29 34 
38 29 34 
38 28 34 
37 28 34 
37 28 34 
37 28 34 
43 28 34 
43 28 35 
43 28 35 
43 28 35 
43 17 35 
37 17 35 
37 17 35 
37 17 34 
43 17 34 
43 17 33 
25 17 33 
25 17 32 
25 17 27 
0 17 27 
0 17 26 
0 28 26 
0 28 26 
0 29 26 
0 30 26 
0 30 26 
0 30 26 
0 31 26 
0 31 23 
25 31 23 
25 31 23 
25 30 23 
25 30 2 
25 29 2 
0 29 2 
0 28 2 
0 28 3 
25 28 3 
25 28 3 
25 28 3 
43 28 3 
43 17 3 
37 17 3 
37 19 3 
38 19 3 
26 19 3 
26 19 23 
26 19 2 
26 19 2 
26 17 2 
26 17 23 
26 17 23 
38 17 23 
38 17 1 
38 17 1 
38 17 1 
38 28 1 
26 28 1 
26 29 1 
23 29 1 
23 30 1 
2 30 1 
2 31 1 
2 31 23 
2 31 39 
23 31 39 
23 31 39 
23 30 39 
1 30 39 
1 29 39 
1 29 40 
1 29 40 
23 29 40 
23 30 40 
2 30 40 
2 31 40 
3 31 40 
3 31 36 
3 27 36 
3 27 36 
3 32 36 
3 32 41 
3 32 42 
3 32 42 
24 32 42 
24 31 42 
4 31 42 
4 30 42 
4 30 41 
4 30 40 
24 30 40 
5 30 40 
5 28 40 
5 28 39 
5 28 39 
24 28 39 
24 17 39 
4 17 39 
4 17 40 
4 19 40 
4 19 5 
24 19 5 
3 19 5 
3 19 24 
3 17 24 
3 17 4 
3 17 4 
24 17 4 
24 16 4 
24 16 23 
24 16 23 
3 16 23 
3 16 23 
3 16 23 
3 16 2 
3 16 2 
3 16 1 
3 22 1 
3 10 1 
3 10 39 
3 11 39 
3 11 27 
3 21 27 
3 21 31 
3 8 31 
3 8 30 
23 8 30 
2 8 30 
2 21 30 
23 21 30 
26 21 30 
27 21 30 
27 21 30 
32 21 30 
32 21 30 
32 8 30 
32 8 29 
27 8 29 
26 8 29 
38 8 29 
38 8 29 
38 21 29 
38 21 29 
37 21 29 
43 21 29 
43 21 30 
43 21 30 
43 21 30 
37 21 30 
37 8 30 
37 8 30 
37 8 31 
37 8 31 
37 8 31 
43 8 31 
43 8 31 
43 21 31 
43 21 27 
43 21 26 
43 11 26 
37 11 26 
37 11 26 
37 11 26 
37 11 23 
38 11 23 
38 11 23 
38 11 2 
39 11 2 
39 21 2 
39 8 2 
38 8 2 
38 12 2 
37 12 2 
37 12 23 
37 12 26 
37 12 27 
37 12 27 
37 12 32 
38 12 32 
38 12 33 
38 20 33 
38 20 33 
26 20 33 
26 9 33 
26 9 33 
26 9 32 
27 9 32 
31 9 32 
31 20 32 
31 20 27 
31 20 27 
30 20 27 
30 20 23 
30 9 23 
30 9 23 
29 9 23 
29 9 39 
29 20 39 
29 20 39 
28 20 39 
28 12 39 
28 12 39 
28 12 40 
17 12 40 
17 20 40 
17 20 40 
17 9 40 
17 9 40 
17 9 41 
19 9 41 
19 9 36 
19 20 36 
19 20 36 
19 12 36 
19 12 36 
19 12 35 
19 21 35 
19 21 34 
19 8 34 
19 8 33 
17 8 33 
17 21 33 
17 11 33 
29 11 33 
30 11 33 
31 11 33 
31 11 33 
31 11 34 
31 11 34 
31 11 34 
30 11 34 
30 11 36 
30 11 36 
29 11 36 
29 11 41 
28 11 41 
28 21 41 
28 21 41 
28 8 41 
28 8 41 
28 8 42 
28 21 42 
28 10 42 
28 10 41 
29 10 41 
29 10 41 
30 10 41 
30 10 41 
31 10 41 
31 10 36 
27 10 36 
27 10 35 
32 10 35 
32 10 34 
33 10 34 
33 21 34 
33 21 34 
33 8 34 
33 8 34 
33 8 35 
33 21 35 
33 11 35 
32 11 35 
27 11 35 
27 7 35 
27 22 35 
30 22 36 
30 22 36 
29 22 36 
29 7 36 
28 7 36 
28 7 34 
28 22 34 
28 22 33 
28 22 33 
28 7 33 
28 7 33 
28 7 32 
29 7 32 
29 7 27 
29 22 27 
29 22 27 
29 22 31 
30 22 31 
30 22 31 
30 22 31 
30 7 31 
30 7 31 
30 7 29 
30 6 29 
30 6 28 
29 6 28 
29 6 28 
28 6 28 
17 6 28 
17 6 28 
17 6 19 
17 22 19 
17 7 19 
17 7 19 
17 7 19 
28 7 19 
28 22 19 
29 22 19 
29 10 19 
30 10 19 
31 10 19 
31 10 17 
31 10 17 
30 10 17 
30 10 43 
30 10 37 
30 10 38 
26 10 38 
26 10 23 
39 10 23 
39 10 2 
40 10 2 
40 22 2 
40 22 2 
40 7 2 
40 7 2 
40 7 23 
40 22 23 
40 22 26 
39 22 26 
39 7 26 
39 7 38 
39 7 38 
39 22 38 
39 15 38 
39 15 38 
26 15 38 
27 15 38 
27 15 37 
32 15 37 
32 15 43 
33 15 43 
33 15 25 
34 15 25 
34 15 0 
34 13 0 
34 13 0 
35 13 0 
35 13 25 
36 13 25 
36 13 43 
41 13 43 
42 13 43 
42 13 37 
42 13 38 
42 13 26 
42 15 26 
41 15 26 
41 15 23 
36 15 23 
36 15 2 
35 15 2 
35 13 2 
35 13 23 
33 13 23 
33 13 1 
32 13 1 
32 15 1 
32 22 1 
32 7 1 
32 7 0 
32 22 0 
32 22 0 
32 6 0 
32 6 0 
27 6 0 
26 6 0 
26 6 25 
23 6 25 
23 6 43 
1 6 43 
1 6 37 
1 6 38 
1 16 38 
1 16 38 
0 16 38 
0 16 26 
25 16 26 
25 16 27 
25 16 32 
43 16 32 
37 16 32 
37 16 33 
37 16 34 
37 19 34 
43 19 34 
25 19 34 
25 19 32 
0 19 32 
0 19 27 
0 19 26 
1 19 26 
1 19 38 
1 19 39 
1 43 39 
1 37 39 
0 37 39 
0 37 39 
0 43 39 
0 43 39 
25 43 39 
25 43 23 
25 37 23 
25 38 23 
25 26 23 
25 39 23 
25 40 23 
0 40 23 
0 40 39 
0 39 39 
0 38 39 
0 1 39 
25 1 39 
25 0 39 
25 43 40 
25 37 40 
43 37 40 
43 37 41 
43 38 41 
37 38 41 
37 38 42 
43 2 42 
28 23 42 
28 23 18 
28 2 18 
31 2 18 
31 3 18 
31 24 18 
31 4 18 
31 4 18 
27 4 18 
27 5 18 
32 5 18 
33 5 18 
33 41 18 
34 41 18 
34 36 18 
35 36 18 
35 40 18 
35 40 20 
34 40 20 
34 40 9 
35 40 9 
35 40 12 
34 40 12 
34 41 12 
34 42 12 
34 42 20 
34 42 9 
35 42 9 
35 24 9 
18 24 9 
18 4 9 
18 4 20 
18 4 20 
18 4 12 
18 4 12 
18 4 21 
18 4 21 
18 4 8 
18 4 8 
18 24 8 
18 24 11 
18 42 11 
18 42 10 
18 42 22 
18 42 7 
20 41 7 
20 41 7 
20 5 7 
20 5 22 
20 24 22 
9 24 22 
9 24 7 
9 5 7 
9 5 6 
20 5 6 
12 5 6 
12 5 6 
12 24 6 
12 24 22 
12 3 22 
20 3 22 
20 3 10 
20 2 10 
9 2 10 
9 2 11 
9 38 11 
20 38 11 
12 38 11 
12 38 21 
12 38 8 
20 38 8 
20 37 8 
20 37 21 
9 37 21 
9 37 12 
20 37 12 
20 1 12 
20 1 9 
21 1 9 
8 1 9 
8 1 9 
11 1 9 
10 1 9 
10 0 9 
10 25 9 
10 25 12 
11 25 12 
11 0 12 
11 0 21 
21 0 21 
21 25 21 
8 25 21 
8 25 11 
8 25 10 
22 25 10 
7 25 10 
7 43 10 
7 37 10 
7 37 10 
22 37 10 
22 37 10 
22 43 10 
6 43 10 
6 43 11 
6 19 11 
6 19 21 
6 19 8 
6 16 8 
22 16 8 
7 16 8 
7 16 8 
7 16 8 
7 16 21 
7 16 21 
22 16 21 
22 16 21 
22 16 11 
22 16 11 
10 16 11 
10 16 11 
10 7 11 
10 7 21 
22 7 21 
22 7 12 
6 7 12 
6 22 12 
6 15 12 
6 15 12 
6 15 20 
22 15 20 
22 15 9 
7 15 9 
7 13 9 
7 13 9 
7 13 20 
22 13 20 
22 13 12 
6 13 12 
6 13 21 
16 13 21 
16 13 8 
19 13 8 
19 15 8 
19 15 21 
19 15 21 
19 15 11 
17 15 11 
17 15 10 
28 15 10 
29 15 10 
29 13 10 
29 13 11 
29 13 11 
30 13 11 
31 13 11 
31 14 11 
31 14 21 
31 14 21 
31 14 8 
27 14 8 
32 14 8 
32 14 12 
33 14 12 
33 14 20 
34 14 20 
34 14 9 
35 14 9 
36 14 9 
36 14 18 
41 14 18 
42 14 18 
42 15 18 
42 13 18 
42 13 40 
5 13 40 
24 13 40 
24 13 39 
4 13 39 
4 13 27 
3 13 27 
3 15 27 
3 15 31 
3 15 30 
24 15 30 
4 15 30 
4 14 30 
4 14 29 
4 14 29 
24 14 29 
24 14 28 
5 14 28 
5 14 17 
5 15 17 
5 13 17 
5 13 28 
40 15 28 
40 14 28 
40 14 19 
39 14 19 
26 14 19 
26 14 16 
23 14 16 
2 14 16 
2 14 6 
2 14 22 
3 14 22 
3 14 7 
1 14 7 
1 14 10 
0 14 10 
0 14 15 
25 14 15 
43 14 15 
43 14 13 
37 14 13 
38 14 13 
38 15 13 
38 15 16 
39 6 16 
39 16 16 
40 16 16 
36 16 16 
36 16 19 
35 16 19 
35 16 17 
35 6 17 
34 6 17 
33 6 17 
33 6 31 
33 16 31 
30 16 31 
30 16 29 
28 16 29 
28 17 29 
28 28 31 
28 17 36 
28 17 18 
3 29 18 
3 29 18 
3 30 18 
3 26 18 
3 38 18 
3 39 18 
3 33 18 
3 34 18 
3 35 18 
2 34 18 
39 34 18 
39 34 40 
39 35 40 
39 33 40 
39 33 40 
23 32 40 
23 31 41 
23 37 36 
23 43 36 
24 22 36 
24 22 41 
4 22 41 
24 10 41 
24 11 41 
24 11 40 
24 21 40 
24 21 40 
5 21 40 
5 8 40 
5 8 40 
5 8 36 
5 21 36 
5 12 31 
30 12 31 
30 12 29 
16 12 29 
16 20 29 
16 9 29 
16 18 29 
16 18 1 
42 42 42 
;
ROBOT MOVING BEST:
0 0 0 
1 1 0 
0 1 1 
1 0 1 
0 1 1 
1 0 1 
1 1 0 
0 1 1 
1 0 1 
0 1 1 
1 0 1 
0 1 1 
1 0 1 
0 1 1 
1 0 1 
0 1 1 
0 1 1 
1 0 1 
0 1 1 
0 1 1 
1 0 1 
0 1 1 
1 0 1 
0 1 1 
1 0 1 
0 1 1 
0 1 1 
1 0 1 
1 0 1 
0 1 1 
1 0 1 
0 1 1 
0 1 1 
1 0 1 
0 1 1 
0 1 1 
0 1 1 
1 1 0 
1 0 1 
1 1 0 
1 0 1 
0 1 1 
1 1 0 
1 0 1 
0 1 1 
1 0 1 
1 1 0 
1 0 1 
1 1 0 
1 0 1 
1 1 0 
1 1 0 
1 0 1 
1 0 1 
1 1 0 
1 0 1 
1 1 0 
1 0 1 
1 1 0 
1 0 1 
1 1 0 
1 0 1 
1 1 0 
1 0 1 
1 1 0 
1 0 1 
1 1 0 
1 0 1 
1 1 0 
1 1 0 
1 0 1 
1 1 0 
1 0 1 
1 1 0 
1 1 0 
1 0 1 
1 1 0 
1 0 1 
1 0 1 
1 1 0 
1 0 1 
1 1 0 
1 0 1 
1 1 0 
1 0 1 
1 1 0 
1 0 1 
1 1 0 
1 0 1 
1 1 0 
1 1 0 
1 0 1 
1 0 1 
1 1 0 
1 0 1 
1 1 0 
1 0 1 
1 1 0 
1 0 1 
1 1 0 
1 0 1 
1 1 0 
1 0 1 
1 1 0 
1 1 0 
1 0 1 
1 0 1 
1 1 0 
1 1 0 
1 0 1 
1 0 1 
1 1 0 
1 0 1 
1 0 1 
1 1 0 
1 0 1 
1 1 0 
1 0 1 
1 1 0 
1 0 1 
1 1 0 
1 1 0 
1 0 1 
1 0 1 
1 1 0 
1 0 1 
1 1 0 
1 0 1 
1 1 0 
1 0 1 
1 1 0 
1 0 1 
1 1 0 
1 0 1 
1 1 0 
1 0 1 
1 1 0 
1 0 1 
1 1 0 
1 0 1 
1 1 0 
1 0 1 
1 1 0 
0 1 1 
1 1 0 
1 0 1 
1 1 0 
1 1 0 
1 1 0 
1 0 1 
1 1 0 
0 1 1 
1 0 1 
1 1 0 
0 1 1 
1 1 0 
0 1 1 
1 1 0 
1 1 0 
0 1 1 
0 1 1 
1 1 0 
1 1 0 
0 1 1 
1 1 0 
0 1 1 
1 1 0 
0 1 1 
1 1 0 
0 1 1 
0 1 1 
1 1 0 
0 1 1 
1 1 0 
1 0 1 
0 1 1 
1 1 0 
1 0 1 
0 1 1 
1 1 0 
1 0 1 
0 1 1 
1 1 0 
1 0 1 
0 1 1 
1 1 0 
1 0 1 
0 1 1 
1 0 1 
1 1 0 
0 1 1 
1 1 0 
0 1 1 
1 1 0 
0 1 1 
0 1 1 
1 1 0 
0 1 1 
1 1 0 
0 1 1 
1 1 0 
1 1 0 
1 0 1 
0 1 1 
1 1 0 
1 0 1 
1 1 0 
1 0 1 
1 1 0 
1 0 1 
1 1 0 
1 0 1 
0 1 1 
1 0 1 
1 1 0 
1 0 1 
0 1 1 
1 0 1 
0 1 1 
1 0 1 
0 1 1 
1 0 1 
1 0 1 
0 1 1 
0 1 1 
1 0 1 
0 1 1 
1 0 1 
0 1 1 
1 0 1 
0 1 1 
1 1 0 
1 0 1 
0 1 1 
1 0 1 
0 1 1 
1 0 1 
0 1 1 
1 0 1 
0 1 1 
1 0 1 
1 0 1 
1 0 1 
0 1 1 
0 1 1 
1 0 1 
0 1 1 
1 0 1 
0 1 1 
1 0 1 
0 1 1 
1 0 1 
0 1 1 
1 0 1 
0 1 1 
0 1 1 
1 0 1 
0 1 1 
1 0 1 
1 0 1 
1 1 0 
1 0 1 
0 1 1 
1 0 1 
0 1 1 
0 1 1 
1 0 1 
1 0 1 
1 0 1 
0 1 1 
1 0 1 
0 1 1 
1 0 1 
0 1 1 
1 0 1 
0 1 1 
0 1 1 
1 0 1 
1 0 1 
1 0 1 
1 0 1 
0 1 1 
1 0 1 
0 1 1 
1 0 1 
0 1 1 
1 0 1 
1 1 0 
1 0 1 
0 1 1 
1 1 0 
1 0 1 
0 1 1 
1 0 1 
1 1 0 
1 1 0 
1 0 1 
1 1 0 
1 0 1 
1 1 0 
1 0 1 
1 1 0 
1 0 1 
1 1 0 
1 1 0 
1 1 0 
1 1 0 
1 1 0 
1 0 1 
1 1 0 
1 0 1 
1 1 0 
1 1 0 
1 0 1 
1 1 0 
1 1 0 
1 1 0 
0 1 1 
0 1 1 
1 1 0 
1 0 1 
1 0 1 
0 1 1 
1 1 0 
1 0 1 
1 1 0 
0 1 1 
1 0 1 
0 1 1 
1 1 0 
1 0 1 
1 1 0 
1 0 1 
0 1 1 
1 0 1 
1 0 1 
1 1 0 
1 0 1 
1 1 0 
0 1 1 
1 0 1 
1 1 0 
0 1 1 
0 1 1 
1 1 0 
1 1 0 
1 1 0 
1 0 1 
0 1 1 
1 0 1 
0 1 1 
0 1 1 
0 1 1 
1 1 0 
0 1 1 
1 1 0 
0 1 1 
1 1 0 
0 1 1 
1 1 0 
0 1 1 
1 1 0 
0 1 1 
1 1 0 
1 1 0 
0 1 1 
0 1 1 
1 1 0 
1 1 0 
0 1 1 
1 1 0 
0 1 1 
1 1 0 
0 1 1 
1 1 0 
0 1 1 
1 1 0 
0 1 1 
1 1 0 
0 1 1 
1 1 0 
0 1 1 
1 1 0 
0 1 1 
1 1 0 
0 1 1 
1 1 0 
0 1 1 
1 1 0 
0 1 1 
1 1 0 
0 1 1 
1 0 1 
1 1 0 
1 0 1 
1 1 0 
1 0 1 
1 1 0 
1 1 0 
1 1 0 
1 0 1 
1 0 1 
1 0 1 
0 1 1 
1 0 1 
0 1 1 
1 1 0 
1 0 1 
0 1 1 
1 1 0 
1 1 0 
0 1 1 
1 1 0 
0 1 1 
1 1 0 
0 1 1 
1 1 0 
0 1 1 
0 1 1 
1 1 0 
1 0 1 
1 1 0 
1 0 1 
1 1 0 
0 1 1 
1 1 0 
0 1 1 
1 1 0 
0 1 1 
1 1 0 
0 1 1 
1 1 0 
0 1 1 
1 1 0 
0 1 1 
1 1 0 
0 1 1 
0 1 1 
0 1 1 
1 1 0 
1 1 0 
0 1 1 
0 1 1 
1 0 1 
0 1 1 
1 0 1 
0 1 1 
1 0 1 
0 1 1 
0 1 1 
0 1 1 
1 1 0 
0 1 1 
1 1 0 
0 1 1 
1 1 0 
0 1 1 
1 1 0 
0 1 1 
1 0 1 
1 1 0 
0 1 1 
1 0 1 
1 1 0 
0 1 1 
1 0 1 
1 1 0 
1 0 1 
1 1 0 
1 0 1 
1 1 0 
1 1 0 
1 0 1 
0 1 1 
1 1 0 
1 1 0 
1 0 1 
0 1 1 
1 0 1 
0 1 1 
1 0 1 
0 1 1 
1 0 1 
1 0 1 
0 1 1 
1 0 1 
1 0 1 
0 1 1 
0 1 1 
0 1 1 
1 1 0 
0 1 1 
1 1 0 
0 1 1 
1 1 0 
0 1 1 
1 1 0 
0 1 1 
1 1 0 
0 1 1 
0 1 1 
0 1 1 
1 1 0 
0 1 1 
0 1 1 
1 1 0 
0 1 1 
1 1 0 
0 1 1 
1 1 0 
1 1 0 
0 1 1 
1 1 0 
0 1 1 
1 1 0 
0 1 1 
1 1 0 
0 1 1 
1 1 0 
0 1 1 
1 1 0 
0 1 1 
1 1 0 
0 1 1 
1 1 0 
1 1 0 
0 1 1 
0 1 1 
0 1 1 
1 1 0 
1 1 0 
0 1 1 
1 1 0 
0 1 1 
1 1 0 
0 1 1 
0 1 1 
1 1 0 
0 1 1 
1 1 0 
0 1 1 
0 1 1 
0 1 1 
0 1 1 
1 1 0 
0 1 1 
1 1 0 
0 1 1 
1 1 0 
1 1 0 
0 1 1 
1 1 0 
0 1 1 
1 1 0 
0 1 1 
0 1 1 
1 1 0 
0 1 1 
1 1 0 
0 1 1 
1 1 0 
0 1 1 
0 1 1 
1 1 0 
1 1 0 
0 1 1 
0 1 1 
1 1 0 
1 1 0 
1 1 0 
0 1 1 
1 1 0 
0 1 1 
0 1 1 
1 1 0 
0 1 1 
0 1 1 
1 1 0 
1 1 0 
1 1 0 
0 1 1 
1 1 0 
0 1 1 
1 1 0 
0 1 1 
1 1 0 
1 1 0 
1 1 0 
1 1 0 
1 1 0 
1 1 0 
0 1 1 
1 1 0 
1 1 0 
1 1 0 
1 1 0 
1 1 0 
0 1 1 
0 1 1 
1 1 0 
0 1 1 
1 1 0 
1 1 0 
0 1 1 
1 1 0 
1 1 0 
0 1 1 
0 1 1 
1 1 0 
0 1 1 
0 1 1 
0 1 1 
1 0 1 
1 0 1 
0 1 1 
1 0 1 
1 0 1 
0 1 1 
1 0 1 
0 1 1 
1 0 1 
0 1 1 
1 0 1 
1 0 1 
1 0 1 
1 0 1 
1 0 1 
1 0 1 
0 1 1 
0 1 1 
0 1 1 
0 1 1 
1 1 0 
0 1 1 
1 0 1 
0 1 1 
1 0 1 
0 1 1 
1 0 1 
0 1 1 
1 0 1 
0 1 1 
1 0 1 
0 1 1 
0 1 1 
1 0 1 
1 1 0 
1 0 1 
1 0 1 
1 0 1 
1 1 0 
1 0 1 
1 1 0 
1 0 1 
1 1 0 
1 0 1 
1 0 1 
1 1 0 
1 0 1 
1 0 1 
1 1 0 
1 0 1 
1 1 0 
1 0 1 
1 1 0 
1 1 0 
1 0 1 
1 1 0 
1 0 1 
1 0 1 
1 1 0 
1 0 1 
1 0 1 
1 0 1 
1 0 1 
1 0 1 
1 1 0 
1 0 1 
1 0 1 
1 0 1 
1 0 1 
1 1 0 
1 0 1 
1 1 0 
1 1 0 
1 0 1 
1 1 0 
1 1 0 
1 1 0 
1 1 0 
1 0 1 
1 1 0 
1 1 0 
1 0 1 
1 1 0 
1 1 0 
1 0 1 
1 0 1 
1 0 1 
1 1 0 
1 1 0 
1 1 0 
1 1 0 
1 0 1 
1 1 0 
1 0 1 
1 1 0 
1 0 1 
1 0 1 
0 1 1 
1 0 1 
1 0 1 
1 1 0 
1 0 1 
1 0 1 
0 1 1 
1 1 0 
1 0 1 
0 1 1 
1 1 0 
1 0 1 
0 1 1 
1 0 1 
1 1 0 
1 0 1 
0 1 1 
1 0 1 
1 1 0 
0 1 1 
1 1 0 
1 1 0 
0 1 1 
1 1 0 
0 1 1 
1 1 0 
0 1 1 
1 1 0 
0 1 1 
1 1 0 
0 1 1 
1 1 0 
0 1 1 
1 1 0 
0 1 1 
1 1 0 
0 1 1 
1 1 0 
0 1 1 
0 1 1 
1 1 0 
0 1 1 
1 1 0 
0 1 1 
1 1 0 
1 1 0 
0 1 1 
0 1 1 
1 1 0 
1 1 0 
1 1 0 
0 1 1 
0 1 1 
1 1 0 
0 1 1 
1 1 0 
1 1 0 
0 1 1 
1 1 0 
0 1 1 
1 1 0 
0 1 1 
1 1 0 
1 1 0 
0 1 1 
1 1 0 
1 1 0 
0 1 1 
0 1 1 
0 1 1 
1 1 0 
1 1 0 
0 1 1 
1 1 0 
0 1 1 
1 1 0 
1 1 0 
0 1 1 
0 1 1 
1 1 0 
1 1 0 
0 1 1 
0 1 1 
1 1 0 
1 1 0 
0 1 1 
1 1 0 
0 1 1 
1 1 0 
0 1 1 
0 1 1 
1 1 0 
1 1 0 
0 1 1 
1 1 0 
1 1 0 
0 1 1 
1 1 0 
1 1 0 
0 1 1 
0 1 1 
1 1 0 
0 1 1 
1 1 0 
0 1 1 
1 1 0 
0 1 1 
1 1 0 
1 1 0 
0 1 1 
1 1 0 
1 1 0 
0 1 1 
0 1 1 
1 1 0 
1 1 0 
1 1 0 
1 1 0 
0 1 1 
1 1 0 
0 1 1 
1 1 0 
1 1 0 
1 1 0 
0 1 1 
0 1 1 
1 1 0 
0 1 1 
1 1 0 
0 1 1 
0 1 1 
0 1 1 
0 1 1 
1 1 0 
0 1 1 
0 1 1 
0 1 1 
0 1 1 
0 1 1 
1 1 0 
1 1 0 
1 1 0 
1 1 0 
1 1 0 
0 1 1 
0 1 1 
1 1 0 
0 1 1 
1 1 0 
0 1 1 
0 1 1 
0 1 1 
1 1 0 
0 1 1 
1 1 0 
1 1 0 
1 1 0 
0 1 1 
1 1 0 
0 1 1 
1 1 0 
0 1 1 
1 1 0 
0 1 1 
0 1 1 
0 1 1 
1 1 0 
0 1 1 
1 1 0 
1 1 0 
1 1 0 
1 1 0 
0 1 1 
1 1 1 
;
TIMETABLE BEST: 
0.0 0.0 0.0 
10 0 0 
10 18 0 
19 18 0 
19 18 10 
19 18 10 
19 18 10 
19 26 10 
29 26 10 
29 33 10 
37 33 10 
37 33 19 
37 33 19 
37 40 19 
45 40 19 
45 40 29 
45 47 29 
53 47 29 
53 47 37 
53 54 37 
62 54 37 
62 62 37 
62 62 45 
62 62 45 
71 62 45 
71 62 58 
71 70 58 
71 70 58 
77 70 58 
77 77 58 
84 77 58 
84 77 67 
84 77 73 
84 77 73 
84 77 80 
84 84 80 
84 84 87 
84 92 87 
84 92 93 
91 92 93 
91 92 93 
91 92 93 
98 92 93 
98 92 93 
98 100 93 
98 100 99 
98 100 99 
98 100 106 
98 107 106 
98 107 114 
106 107 114 
106 114 114 
106 114 114 
106 114 121 
106 122 121 
114 122 121 
114 122 121 
114 122 128 
114 130 128 
114 130 136 
114 137 136 
114 137 143 
123 137 143 
123 137 143 
123 144 143 
123 144 149 
123 152 149 
123 152 158 
137 152 158 
143 152 158 
143 152 158 
143 160 158 
149 160 158 
149 160 158 
149 167 158 
149 167 167 
155 167 167 
155 167 167 
155 167 173 
164 167 173 
164 167 173 
164 174 173 
164 174 179 
164 182 179 
164 182 188 
176 182 188 
176 182 188 
183 182 188 
183 182 188 
183 190 188 
183 197 188 
183 197 197 
183 197 203 
190 197 203 
190 197 203 
200 197 203 
200 197 203 
200 204 203 
200 204 209 
200 212 209 
200 212 218 
214 212 218 
214 212 218 
214 220 218 
214 227 218 
214 227 227 
214 227 233 
224 227 233 
224 234 233 
224 234 233 
224 234 239 
224 242 239 
224 242 248 
224 242 257 
224 258 257 
224 258 265 
224 267 265 
234 267 265 
234 267 265 
234 267 273 
234 276 273 
234 286 273 
248 286 273 
248 286 281 
248 286 281 
248 286 291 
248 296 291 
258 296 291 
258 296 291 
265 296 291 
265 296 291 
265 296 301 
265 306 301 
272 306 301 
272 306 301 
272 306 309 
280 306 309 
280 306 309 
287 306 309 
287 306 309 
293 306 309 
293 306 309 
302 306 309 
302 306 309 
302 316 309 
302 316 323 
311 316 323 
317 316 323 
324 316 323 
324 316 323 
332 316 323 
332 327 323 
332 327 323 
332 327 323 
332 327 332 
340 327 332 
340 327 342 
347 327 342 
353 327 342 
353 338 342 
353 338 352 
353 338 352 
359 338 352 
359 338 361 
366 338 361 
366 338 371 
374 338 371 
374 346 371 
374 346 371 
374 353 371 
374 360 371 
374 360 371 
374 368 371 
374 368 371 
374 368 371 
374 376 371 
374 376 371 
374 376 379 
374 376 379 
374 385 379 
383 385 379 
383 385 379 
383 385 379 
389 385 379 
389 385 387 
389 385 387 
389 385 387 
389 395 387 
395 395 387 
395 395 387 
395 395 395 
401 395 395 
401 395 404 
412 395 404 
412 395 413 
412 395 419 
422 395 419 
422 395 426 
422 405 426 
422 405 426 
422 414 426 
422 422 426 
422 422 426 
422 422 426 
422 430 426 
422 430 434 
432 430 434 
432 430 434 
432 438 434 
432 438 441 
432 446 441 
442 446 441 
442 455 441 
442 455 455 
452 455 455 
452 455 455 
452 455 455 
463 455 455 
463 465 455 
469 465 455 
469 477 455 
478 477 455 
486 477 455 
486 477 468 
486 477 475 
486 477 475 
486 489 475 
486 489 482 
486 489 482 
494 489 482 
494 489 492 
494 489 492 
494 489 492 
494 499 492 
502 499 492 
502 508 492 
510 508 492 
510 516 492 
517 516 492 
517 524 492 
517 524 502 
517 524 512 
524 524 512 
524 524 512 
524 532 512 
534 532 512 
534 540 512 
534 540 523 
534 540 523 
544 540 523 
544 548 523 
551 548 523 
551 556 523 
565 556 523 
565 556 539 
565 563 539 
565 563 539 
565 569 539 
565 569 548 
565 569 558 
565 569 558 
578 569 558 
578 582 558 
585 582 558 
585 590 558 
585 590 568 
585 590 579 
592 590 579 
600 590 579 
600 603 579 
600 603 590 
600 603 590 
608 603 590 
608 613 590 
615 613 590 
615 613 601 
615 625 601 
615 625 622 
622 625 622 
635 625 622 
635 625 630 
635 637 630 
635 637 637 
635 637 637 
648 637 637 
648 663 637 
648 663 656 
648 663 656 
661 663 656 
661 663 656 
661 663 656 
661 663 663 
661 663 663 
661 663 678 
661 679 678 
661 692 678 
661 692 698 
661 705 698 
661 705 713 
661 715 713 
661 715 720 
661 722 720 
661 722 728 
674 722 728 
681 722 728 
681 729 728 
688 729 728 
696 729 728 
703 729 728 
703 729 728 
709 729 728 
709 729 728 
709 736 728 
709 736 736 
715 736 736 
722 736 736 
730 736 736 
730 736 736 
730 743 736 
730 743 736 
739 743 736 
745 743 736 
745 743 744 
745 743 744 
745 743 744 
751 743 744 
751 750 744 
751 750 744 
751 750 752 
751 750 752 
751 750 752 
757 750 752 
757 750 752 
757 757 752 
757 757 759 
757 757 766 
757 767 766 
763 767 766 
763 767 766 
763 767 766 
763 767 774 
772 767 774 
772 767 774 
772 767 781 
784 767 781 
784 777 781 
784 784 781 
796 784 781 
796 798 781 
805 798 781 
805 798 788 
805 798 796 
805 798 803 
805 798 803 
805 798 809 
814 798 809 
814 798 818 
814 808 818 
814 808 818 
822 808 818 
822 817 818 
822 817 818 
822 817 827 
829 817 827 
836 817 827 
836 826 827 
836 826 833 
836 826 833 
844 826 833 
844 826 848 
844 835 848 
844 835 848 
852 835 848 
852 835 858 
852 844 858 
852 844 858 
861 844 858 
861 854 858 
861 854 858 
861 854 869 
871 854 869 
871 864 869 
871 864 869 
871 873 869 
871 873 869 
871 873 880 
883 873 880 
883 873 889 
883 882 889 
883 882 889 
883 892 889 
883 892 889 
883 892 899 
883 905 899 
883 905 907 
883 912 907 
883 912 916 
895 912 916 
895 919 916 
895 929 916 
910 929 916 
918 929 916 
926 929 916 
926 929 916 
926 929 925 
926 929 925 
926 929 925 
934 929 925 
934 929 939 
934 929 939 
942 929 939 
942 929 948 
951 929 948 
951 939 948 
951 939 948 
951 946 948 
951 946 948 
951 946 958 
951 953 958 
951 966 958 
951 966 968 
960 966 968 
960 966 968 
968 966 968 
968 966 968 
976 966 968 
976 966 977 
983 966 977 
983 966 987 
989 966 987 
989 966 995 
998 966 995 
998 979 995 
998 979 995 
998 986 995 
998 986 995 
998 986 1003 
998 993 1003 
998 1003 1003 
1007 1003 1003 
1013 1003 1003 
1013 1023 1003 
1013 1029 1003 
1024 1029 1013 
1024 1029 1013 
1032 1029 1013 
1032 1035 1013 
1041 1035 1013 
1041 1035 1027 
1041 1041 1027 
1041 1041 1036 
1041 1041 1036 
1041 1047 1036 
1041 1047 1036 
1041 1047 1045 
1050 1047 1045 
1050 1047 1051 
1050 1053 1051 
1050 1053 1051 
1050 1053 1058 
1058 1053 1058 
1058 1053 1058 
1058 1053 1058 
1058 1059 1058 
1058 1059 1058 
1058 1059 1070 
1058 1073 1070 
1058 1073 1079 
1066 1073 1079 
1066 1073 1079 
1075 1073 1079 
1085 1073 1079 
1085 1073 1079 
1085 1073 1093 
1085 1085 1093 
1085 1091 1093 
1085 1091 1093 
1085 1091 1093 
1095 1091 1093 
1095 1097 1093 
1104 1097 1093 
1104 1110 1093 
1112 1110 1093 
1120 1110 1093 
1120 1110 1105 
1120 1110 1105 
1128 1110 1105 
1128 1110 1125 
1128 1110 1131 
1128 1110 1140 
1146 1110 1140 
1146 1110 1152 
1154 1110 1152 
1154 1110 1159 
1165 1110 1159 
1165 1123 1159 
1165 1123 1159 
1165 1129 1159 
1165 1129 1159 
1165 1129 1166 
1165 1135 1166 
1165 1135 1174 
1176 1135 1174 
1176 1141 1174 
1176 1141 1182 
1176 1141 1182 
1176 1147 1182 
1176 1160 1182 
1176 1160 1182 
1184 1160 1182 
1191 1160 1182 
1191 1160 1191 
1197 1160 1191 
1197 1160 1197 
1206 1160 1197 
1206 1160 1208 
1215 1160 1208 
1215 1160 1218 
1215 1174 1218 
1215 1174 1218 
1223 1174 1218 
1223 1174 1228 
1233 1174 1228 
1233 1174 1239 
1242 1174 1239 
1252 1174 1239 
1252 1174 1245 
1252 1174 1254 
1252 1174 1262 
1252 1188 1262 
1262 1188 1262 
1262 1188 1270 
1271 1188 1270 
1271 1188 1277 
1281 1188 1277 
1281 1202 1277 
1281 1202 1284 
1294 1202 1284 
1294 1202 1294 
1303 1202 1294 
1303 1216 1294 
1303 1229 1294 
1303 1235 1294 
1303 1235 1308 
1303 1241 1308 
1303 1241 1308 
1303 1253 1308 
1303 1253 1308 
1309 1253 1308 
1316 1253 1308 
1316 1253 1318 
1324 1253 1318 
1324 1253 1329 
1334 1253 1329 
1334 1253 1335 
1334 1253 1344 
1334 1267 1344 
1334 1267 1344 
1348 1267 1344 
1348 1267 1352 
1358 1267 1352 
1358 1267 1359 
1358 1267 1365 
1369 1267 1365 
1375 1267 1365 
1375 1267 1374 
1375 1267 1383 
1375 1281 1383 
1381 1281 1383 
1392 1281 1383 
1392 1281 1397 
1402 1281 1397 
1402 1281 1403 
1402 1281 1410 
1416 1281 1410 
1416 1281 1418 
1416 1281 1430 
1416 1299 1430 
1416 1305 1430 
1430 1305 1430 
1430 1305 1430 
1430 1311 1430 
1430 1311 1430 
1440 1311 1430 
1440 1311 1440 
1440 1317 1440 
1440 1326 1440 
1440 1334 1440 
1440 1342 1440 
1440 1353 1440 
1450 1353 1440 
1450 1353 1450 
1450 1364 1450 
1450 1376 1450 
1450 1394 1450 
1460 1394 1450 
1460 1408 1450 
1460 1429 1461 
1460 1435 1461 
1471 1435 1461 
1471 1435 1472 
1471 1444 1472 
1477 1444 1472 
1477 1444 1482 
1483 1463 1482 
1497 1470 1482 
1497 1470 1509 
1497 1477 1509 
1514 1477 1509 
1514 1491 1509 
1514 1504 1509 
1514 1511 1509 
1514 1511 1509 
1521 1511 1509 
1521 1526 1509 
1527 1526 1509 
1536 1526 1509 
1536 1542 1509 
1545 1542 1509 
1545 1551 1509 
1553 1551 1509 
1553 1567 1509 
1553 1567 1528 
1561 1567 1528 
1561 1567 1537 
1569 1567 1537 
1569 1567 1554 
1577 1567 1554 
1577 1578 1554 
1577 1588 1554 
1577 1588 1564 
1577 1588 1573 
1585 1588 1573 
1585 1606 1573 
1607 1606 1573 
1607 1613 1573 
1607 1613 1582 
1607 1613 1582 
1607 1613 1592 
1607 1613 1592 
1607 1613 1605 
1607 1613 1605 
1607 1613 1612 
1607 1613 1612 
1607 1620 1612 
1607 1620 1629 
1607 1638 1629 
1607 1638 1642 
1607 1638 1655 
1607 1638 1661 
1626 1648 1661 
1626 1648 1661 
1626 1664 1661 
1626 1664 1667 
1626 1672 1667 
1635 1672 1667 
1635 1672 1673 
1635 1680 1673 
1635 1680 1687 
1644 1680 1687 
1654 1680 1687 
1654 1680 1687 
1654 1688 1687 
1654 1688 1699 
1654 1701 1699 
1664 1701 1699 
1664 1701 1712 
1664 1715 1712 
1673 1715 1712 
1673 1715 1725 
1673 1734 1725 
1682 1734 1725 
1692 1734 1725 
1692 1734 1735 
1692 1734 1742 
1702 1734 1742 
1702 1743 1742 
1702 1743 1749 
1711 1743 1749 
1711 1743 1762 
1720 1743 1762 
1720 1770 1762 
1720 1770 1779 
1733 1770 1779 
1740 1770 1779 
1740 1770 1779 
1757 1770 1779 
1770 1770 1779 
1770 1784 1779 
1770 1794 1779 
1770 1794 1796 
1783 1794 1796 
1783 1804 1796 
1783 1804 1809 
1793 1804 1809 
1793 1814 1809 
1800 1814 1809 
1800 1814 1819 
1800 1814 1832 
1823 1814 1832 
1829 1814 1832 
1829 1825 1832 
1829 1831 1832 
1829 1831 1832 
1835 1831 1832 
1835 1831 1832 
1835 1837 1832 
1847 1837 1832 
1847 1837 1845 
1847 1855 1845 
1847 1855 1855 
1847 1855 1862 
1847 1869 1862 
1859 1869 1862 
1865 1869 1862 
1865 1869 1862 
1865 1869 1862 
1865 1869 1869 
1865 1869 1869 
1871 1869 1869 
1871 1869 1869 
1871 1869 1879 
1871 1869 1879 
1884 1869 1879 
1884 1869 1879 
1884 1889 1879 
1884 1889 1889 
1897 1889 1889 
1897 1889 1902 
1909 1889 1902 
1909 1895 1902 
1909 1908 1902 
1909 1908 1902 
1909 1908 1912 
1921 1908 1912 
1921 1908 1921 
1927 1908 1921 
1927 1922 1921 
1927 1922 1921 
1927 1922 1930 
1933 1922 1930 
1933 1922 1940 
1945 1922 1940 
1945 1922 1953 
1959 1922 1953 
1959 1922 1960 
1973 1922 1960 
1973 1936 1960 
1973 1936 1967 
1973 1936 1967 
1973 1936 1977 
1985 1936 1977 
1985 1936 1990 
1995 1936 1990 
2004 1936 1990 
2004 1950 1990 
2004 1950 2003 
2004 1950 2003 
2012 1950 2003 
2020 1950 2003 
2020 1968 2003 
2020 1968 2013 
2020 1968 2013 
2020 1968 2020 
2027 1968 2020 
2033 1968 2020 
2033 1968 2034 
2042 1968 2034 
2042 1968 2044 
2051 1968 2044 
2051 1968 2053 
2059 1968 2053 
2069 1968 2053 
2069 1968 2075 
2078 1968 2075 
2088 1968 2075 
2088 1982 2075 
2088 1996 2075 
2088 1996 2105 
2106 1996 2105 
2114 1996 2105 
2114 1996 2116 
2121 1996 2116 
2121 1996 2131 
2135 1996 2131 
2135 2010 2131 
2135 2010 2138 
2135 2010 2146 
2148 2010 2146 
2155 2010 2146 
2155 2024 2146 
2155 2024 2154 
2155 2024 2154 
2162 2024 2154 
2162 2024 2163 
2170 2024 2163 
2170 2024 2173 
2170 2038 2173 
2170 2052 2173 
2170 2052 2183 
2191 2066 2183 
2191 2080 2183 
2191 2080 2197 
2202 2080 2197 
2210 2080 2197 
2210 2080 2211 
2218 2080 2211 
2225 2080 2211 
2225 2080 2225 
2225 2080 2237 
2239 2080 2237 
2239 2080 2243 
2260 2080 2243 
2260 2080 2260 
2274 2080 2260 
2274 2080 2284 
2284 2080 2284 
2295 2080 2284 
2295 2080 2298 
2301 2080 2298 
2310 2080 2298 
2310 2094 2298 
2310 2094 2341 
2322 2119 2341 
2322 2133 2341 
2333 2133 2341 
2349 2133 2341 
2349 2133 2355 
2359 2133 2355 
2359 2133 2367 
2359 2147 2367 
2367 2147 2367 
2376 2147 2367 
2376 2147 2390 
2376 2161 2390 
2398 2161 2390 
2398 2161 2402 
2411 2161 2402 
2411 2187 2402 
2411 2197 2414 
2411 2207 2447 
2411 2207 2465 
2459 2222 2465 
2459 2222 2465 
2459 2230 2465 
2459 2248 2465 
2459 2256 2465 
2459 2268 2465 
2459 2292 2465 
2459 2301 2465 
2459 2309 2465 
2473 2317 2465 
2490 2317 2465 
2490 2317 2495 
2490 2325 2495 
2490 2338 2495 
2490 2338 2495 
2500 2347 2495 
2500 2360 2506 
2500 2389 2515 
2500 2395 2515 
2518 2435 2515 
2518 2435 2524 
2525 2435 2524 
2532 2448 2524 
2532 2461 2524 
2532 2461 2535 
2532 2471 2535 
2532 2471 2535 
2540 2471 2535 
2540 2478 2535 
2540 2478 2535 
2540 2478 2551 
2540 2485 2551 
2540 2498 2584 
2592 2498 2584 
2592 2498 2596 
2629 2498 2596 
2629 2508 2596 
2629 2517 2596 
2629 2539 2596 
2629 2539 2632 
2718.0 2566.0 2676.0 
;
EXECUTION TIME HBSS: 1943.57359815 seconds 

-------------------------------------------------------------------
