DATFILE : offices1_3r_100.dat
ENVIRONMENT : office
ALGORITHM : HBSS - TAU 9
RANGE : 100
STARTING_POS : 42
N_ROBOTS : 3
GREEDY SOLUTION : [ 1440.]
COMPUTATIONS D :
1440
1440
1440
1440
1440
1440
1440
1466
1330
1440
1440
1440
1440
1440
1426
1440
1440
1260
1440
1440
1328
1440
1440
1440
1440
1440
1440
1440
1440
1440
1440
1440
1440
1440
1440
1440
1440
1440
1440
1440
1440
1440
1440
1440
1440
1440
1440
1440
1440
1440
1440
1440
1440
1440
1440
1440
1440
1440
1266
1440
1440
1440
1440
1440
1440
1458
1440
1440
1440
1440
1440
1440
1440
1440
1440
1440
1440
1440
1440
1440
1440
1440
1440
1440
1440
1440
1464
1440
1428
1440
1440
1440
1440
1440
1440
1440
1352
1440
1440
1440
1440
1440
1440
1440
1440
1440
1440
1492
1440
1440
1440
1440
1440
1440
1440
1436
1440
1440
1440
1440
1440
1440
1440
1440
1440
1440
1440
1440
1440
1440
1440
1440
1440
1440
1440
1440
1440
1440
1440
1440
1440
1440
1458
1368
1440
1440
1440
1440
1440
1440
1436
1440
1440
1440
1440
1440
1440
1440
1440
1440
1440
1440
1440
1440
1440
1440
1440
1440
1440
1440
1440
1440
1440
1440
1440
1440
1440
1440
1440
1440
1440
1440
1440
1440
1440
1440
1440
1440
1440
1440
1260
1440
1510
1440
1440
1440
1440
1440
1332
1440
;
HBBS sumD : 1260
BEST_CONFIGURATIONS : 
42 42 42 
41 42 42 
36 41 42 
36 41 40 
36 24 40 
35 24 40 
34 24 40 
34 24 5 
34 4 5 
34 4 24 
34 4 3 
34 36 3 
35 36 3 
35 34 3 
35 33 3 
34 33 3 
33 33 39 
32 33 39 
32 33 39 
32 33 26 
32 27 26 
27 27 26 
31 27 26 
31 27 26 
31 27 38 
31 32 38 
30 32 38 
30 31 38 
29 31 37 
29 31 37 
28 31 37 
28 31 43 
28 30 43 
28 29 43 
28 29 17 
30 29 17 
30 19 17 
16 19 17 
16 19 19 
16 19 22 
16 6 22 
16 6 7 
22 6 7 
10 6 7 
10 11 7 
10 11 21 
10 11 8 
21 11 8 
12 11 8 
12 11 20 
12 9 20 
12 9 20 
21 9 14 
13 9 14 
13 33 14 
13 32 14 
13 27 14 
13 38 37 
13 37 43 
13 37 25 
13 43 25 
13 0 25 
13 0 1 
38 23 1 
26 23 1 
26 23 1 
26 2 1 
23 2 1 
3 2 1 
3 23 39 
3 26 39 
3 26 38 
42 42 42 
;
ROBOT MOVING BEST:
0 0 0 
1 1 0 
1 1 0 
1 0 1 
0 1 1 
1 0 1 
1 0 1 
0 1 1 
0 1 1 
0 1 1 
0 1 1 
1 1 0 
1 1 0 
1 1 0 
1 1 0 
1 1 0 
1 0 1 
1 1 0 
1 0 1 
1 0 1 
1 1 0 
1 0 1 
1 0 1 
1 1 0 
1 0 1 
1 1 0 
1 0 1 
1 1 0 
1 0 1 
1 1 0 
1 0 1 
1 0 1 
1 1 0 
1 1 0 
1 0 1 
1 1 0 
0 1 1 
1 0 1 
1 0 1 
1 0 1 
0 1 1 
0 1 1 
1 0 1 
1 0 1 
1 1 0 
0 1 1 
0 1 1 
1 0 1 
1 0 1 
1 0 1 
1 1 0 
0 1 1 
1 0 1 
1 0 1 
1 1 0 
1 1 0 
1 1 0 
0 1 1 
0 1 1 
0 1 1 
0 1 1 
0 1 1 
0 1 1 
1 1 0 
1 1 0 
0 1 1 
0 1 1 
1 1 0 
1 1 0 
0 1 1 
0 1 1 
0 1 1 
1 1 1 
;
TIMETABLE BEST: 
0.0 0.0 0.0 
10 0 0 
19 10 0 
19 10 19 
19 26 19 
29 26 19 
37 26 19 
37 26 40 
37 33 40 
37 33 48 
37 33 61 
37 61 61 
45 61 61 
45 75 61 
45 84 61 
53 84 61 
62 84 84 
71 84 84 
71 84 84 
71 84 92 
71 95 92 
77 95 92 
84 95 92 
84 95 92 
84 95 100 
84 101 100 
92 101 100 
92 114 100 
100 114 109 
100 114 109 
109 114 109 
109 114 115 
109 122 115 
109 130 115 
109 130 135 
122 130 135 
122 149 135 
159 149 135 
159 149 147 
159 149 169 
159 169 169 
159 169 175 
175 169 175 
188 169 175 
188 195 175 
188 195 195 
188 195 202 
201 195 202 
214 195 202 
214 195 216 
214 225 216 
214 225 216 
227 225 260 
268 225 260 
268 276 260 
268 285 260 
268 291 260 
268 306 325 
268 315 331 
268 315 342 
268 321 342 
268 342 342 
268 342 358 
350 358 358 
358 358 358 
358 358 358 
358 365 358 
366 365 358 
379 365 358 
379 372 378 
379 380 378 
379 380 390 
410.0 418.0 432.0 
;
EXECUTION TIME HBSS: 24.9648559093 seconds 

-------------------------------------------------------------------
