DATFILE : offices1_3r_100.dat
ENVIRONMENT : office
ALGORITHM : HBSS - TAU 3
RANGE : 100
STARTING_POS : 42
N_ROBOTS : 3
GREEDY SOLUTION : 722.0
COMPUTATIONS T :
730.0
756.0
794.0
813.0
751.0
787.0
708.0
754.0
746.0
698.0
627.0
671.0
778.0
771.0
699.0
728.0
705.0
682.0
734.0
716.0
764.0
696.0
749.0
700.0
758.0
761.0
759.0
810.0
759.0
789.0
764.0
774.0
815.0
750.0
838.0
716.0
729.0
769.0
765.0
723.0
805.0
769.0
807.0
737.0
738.0
780.0
698.0
771.0
775.0
673.0
666.0
690.0
687.0
702.0
768.0
695.0
792.0
720.0
753.0
749.0
709.0
683.0
662.0
766.0
771.0
730.0
768.0
779.0
701.0
703.0
786.0
733.0
769.0
706.0
817.0
777.0
679.0
706.0
668.0
718.0
729.0
719.0
714.0
654.0
724.0
665.0
710.0
693.0
704.0
715.0
785.0
675.0
792.0
687.0
752.0
623.0
720.0
667.0
745.0
755.0
697.0
696.0
735.0
805.0
760.0
775.0
730.0
744.0
775.0
675.0
703.0
784.0
758.0
763.0
724.0
772.0
831.0
750.0
648.0
749.0
752.0
697.0
714.0
768.0
729.0
740.0
754.0
709.0
748.0
752.0
686.0
750.0
694.0
758.0
723.0
698.0
702.0
782.0
714.0
672.0
722.0
684.0
710.0
765.0
669.0
672.0
655.0
785.0
669.0
808.0
681.0
704.0
747.0
798.0
716.0
765.0
701.0
832.0
857.0
786.0
752.0
740.0
761.0
740.0
754.0
731.0
707.0
793.0
745.0
720.0
688.0
744.0
767.0
795.0
805.0
741.0
784.0
705.0
686.0
731.0
825.0
726.0
655.0
754.0
782.0
737.0
713.0
773.0
728.0
613.0
686.0
746.0
723.0
757.0
673.0
826.0
795.0
737.0
764.0
849.0
;
HBBS bestT : 613.0
BEST_CONFIGURATIONS : 
42 42 42 
41 42 42 
36 42 41 
35 36 41 
35 36 40 
35 36 40 
34 36 40 
33 35 40 
33 35 39 
33 34 39 
33 34 40 
34 35 40 
32 33 40 
32 33 26 
27 33 26 
27 32 26 
27 32 39 
31 32 39 
31 27 39 
31 27 26 
30 27 38 
30 31 38 
29 31 38 
29 31 38 
28 30 38 
28 30 37 
28 30 43 
28 29 43 
28 29 37 
29 30 37 
17 28 37 
17 28 19 
17 28 16 
17 19 16 
17 16 22 
17 6 22 
22 6 7 
22 6 7 
10 6 7 
11 10 7 
11 10 21 
11 10 8 
11 21 8 
11 12 8 
12 20 8 
12 9 12 
20 9 12 
14 21 12 
13 21 32 
13 21 27 
13 14 27 
13 14 33 
13 43 37 
13 37 38 
13 38 26 
38 38 23 
38 26 23 
26 39 23 
23 39 23 
2 39 3 
2 23 3 
2 1 3 
2 1 23 
2 0 1 
0 25 1 
25 43 1 
25 37 25 
4 3 25 
4 3 24 
4 3 5 
4 24 5 
24 40 5 
42 42 42 
;
ROBOT MOVING BEST:
0 0 0 
1 1 0 
1 0 1 
1 1 0 
1 0 1 
0 1 1 
1 1 0 
1 1 0 
1 0 1 
1 1 0 
0 1 1 
1 1 0 
1 1 0 
1 0 1 
1 0 1 
1 1 0 
0 1 1 
1 1 0 
1 1 0 
1 0 1 
1 0 1 
1 1 0 
1 1 0 
0 1 1 
1 1 0 
1 0 1 
1 0 1 
1 1 0 
0 1 1 
1 1 0 
1 1 0 
1 0 1 
1 0 1 
0 1 1 
0 1 1 
0 1 1 
1 0 1 
0 1 1 
1 0 1 
1 1 0 
1 0 1 
1 0 1 
0 1 1 
0 1 1 
1 1 0 
0 1 1 
1 1 0 
1 1 0 
1 0 1 
1 0 1 
1 1 0 
1 0 1 
0 1 1 
0 1 1 
0 1 1 
1 0 1 
0 1 1 
1 1 0 
1 1 0 
1 0 1 
1 1 0 
1 1 0 
0 1 1 
0 1 1 
1 1 0 
1 1 0 
0 1 1 
1 1 0 
1 0 1 
1 0 1 
0 1 1 
1 1 0 
1 1 1 
;
TIMETABLE BEST: 
0.0 0.0 0.0 
10 10 0 
19 10 19 
29 29 19 
30 29 30 
30 30 30 
38 38 30 
48 48 30 
48 48 48 
56 56 48 
56 59 59 
67 67 59 
81 81 59 
81 81 81 
87 81 87 
90 90 87 
90 95 95 
97 97 95 
103 103 95 
103 103 103 
111 103 111 
111 111 111 
119 119 111 
119 119 119 
128 128 119 
128 128 128 
134 128 134 
136 136 134 
136 140 140 
148 148 140 
163 163 140 
164 163 164 
178 163 178 
178 178 178 
178 194 194 
178 208 208 
214 208 214 
214 214 214 
227 214 227 
240 240 227 
247 240 247 
254 240 254 
254 254 254 
254 267 267 
277 277 267 
277 286 286 
287 287 286 
331 331 286 
349 331 349 
355 331 355 
364 364 355 
366 364 366 
366 423 423 
366 432 432 
366 441 441 
449 441 449 
449 449 449 
457 457 449 
465 465 449 
472 465 472 
475 475 472 
485 485 472 
485 485 485 
485 499 499 
509 509 499 
520 520 499 
520 526 526 
560 560 526 
560 560 560 
568 560 568 
568 573 573 
594 594 573 
612.0 613.0 591.0 
;
EXECUTION TIME HBSS: 27.141958952 seconds 

-------------------------------------------------------------------
