DATFILE : offices1_10r_100.dat
ENVIRONMENT : office
ALGORITHM : HBSS - TAU 9
RANGE : _100
STARTING_POS : 42
N_ROBOTS : 10
GREEDY SOLUTION : 332.0
COMPUTATIONS T :
330.0
332.0
332.0
332.0
332.0
332.0
332.0
332.0
332.0
332.0
332.0
332.0
332.0
332.0
332.0
332.0
332.0
332.0
332.0
332.0
332.0
332.0
332.0
332.0
332.0
332.0
332.0
332.0
332.0
332.0
332.0
332.0
332.0
332.0
332.0
332.0
332.0
332.0
332.0
332.0
332.0
332.0
332.0
323.0
332.0
332.0
332.0
327.0
332.0
332.0
328.0
332.0
332.0
332.0
332.0
332.0
332.0
317.0
332.0
332.0
332.0
332.0
332.0
332.0
332.0
332.0
332.0
332.0
332.0
332.0
343.0
332.0
332.0
332.0
332.0
332.0
332.0
332.0
332.0
332.0
332.0
332.0
332.0
332.0
332.0
332.0
332.0
332.0
332.0
338.0
332.0
332.0
332.0
332.0
330.0
332.0
332.0
332.0
332.0
332.0
332.0
332.0
332.0
332.0
332.0
332.0
332.0
332.0
332.0
332.0
328.0
332.0
332.0
332.0
332.0
324.0
329.0
332.0
332.0
332.0
332.0
332.0
332.0
332.0
332.0
332.0
332.0
332.0
332.0
332.0
332.0
332.0
332.0
332.0
329.0
332.0
332.0
332.0
332.0
332.0
332.0
332.0
332.0
332.0
327.0
332.0
332.0
332.0
332.0
332.0
332.0
332.0
332.0
332.0
332.0
332.0
332.0
332.0
332.0
336.0
332.0
332.0
332.0
330.0
332.0
332.0
332.0
332.0
332.0
332.0
332.0
332.0
332.0
337.0
332.0
332.0
332.0
332.0
332.0
332.0
332.0
332.0
332.0
332.0
338.0
332.0
332.0
332.0
332.0
337.0
332.0
332.0
332.0
332.0
332.0
332.0
332.0
332.0
332.0
332.0
;
HBBS bestT : 317.0
BEST_CONFIGURATIONS : 
42 42 42 42 42 42 42 42 42 42 
41 42 42 42 42 42 42 42 42 42 
41 42 5 24 42 42 42 42 42 42 
36 42 5 24 40 42 42 42 42 42 
36 42 5 24 40 41 42 42 42 42 
36 42 5 24 40 41 42 42 42 42 
36 42 5 24 40 41 4 5 42 42 
36 42 5 24 40 41 4 5 42 42 
35 36 5 24 40 41 4 5 42 42 
35 36 5 24 40 41 4 5 42 42 
35 36 5 24 40 41 4 5 3 4 
34 36 5 24 40 41 4 5 3 4 
34 36 5 24 40 41 4 5 3 4 
34 36 5 24 40 35 4 5 3 4 
34 36 3 2 40 35 4 5 3 4 
34 36 3 2 40 35 23 5 3 4 
33 35 3 2 40 35 23 5 3 4 
33 35 3 2 40 34 23 5 3 4 
33 35 3 2 39 34 23 5 3 4 
33 35 3 2 39 34 23 5 3 4 
33 35 3 2 39 34 23 5 26 4 
33 35 3 23 39 34 23 5 26 4 
32 35 3 23 39 34 23 5 26 4 
32 35 3 23 39 33 23 5 26 4 
32 35 3 23 39 33 26 5 26 4 
32 35 3 23 39 33 26 2 26 1 
32 35 23 23 39 33 26 2 26 1 
32 35 23 23 39 33 26 2 27 1 
32 35 23 23 39 33 26 2 27 1 
32 35 23 38 39 33 26 2 27 1 
32 35 23 38 39 33 26 2 27 1 
27 35 23 38 39 33 26 2 31 1 
27 32 23 38 39 33 26 2 31 1 
27 32 23 38 39 33 26 2 31 1 
27 32 23 38 26 33 26 2 31 1 
27 32 23 38 26 33 26 1 31 0 
31 32 23 38 26 33 26 1 30 0 
31 32 23 38 26 33 26 1 30 0 
31 32 38 38 26 33 37 1 30 0 
30 32 38 38 26 33 37 1 29 0 
30 31 38 38 26 33 37 1 29 0 
30 31 38 38 26 33 37 1 29 0 
30 31 38 37 26 33 37 1 29 25 
30 31 38 37 26 33 37 0 29 25 
30 31 38 37 26 28 37 0 29 25 
30 31 38 37 26 28 37 0 29 25 
30 31 38 37 26 28 43 0 29 25 
30 31 38 37 29 28 43 0 29 25 
30 31 38 37 29 28 43 0 29 25 
30 31 38 37 29 28 43 0 29 25 
30 31 38 37 28 17 43 0 29 25 
30 17 38 37 28 17 43 0 19 25 
17 17 38 37 28 17 43 0 16 25 
17 19 38 37 28 17 43 0 16 25 
17 19 16 37 28 17 22 0 16 25 
17 19 16 37 28 6 22 0 16 25 
17 19 16 6 28 6 7 0 16 25 
17 19 16 6 22 6 7 0 16 25 
17 7 16 6 22 6 7 0 10 25 
17 7 16 6 11 6 7 0 10 10 
17 7 16 6 11 21 7 0 10 10 
17 7 21 6 11 21 14 0 10 10 
17 7 21 11 11 8 14 0 10 10 
17 7 21 11 11 8 14 0 10 10 
17 7 21 11 11 8 14 9 12 10 
17 7 8 11 11 8 14 9 12 10 
17 7 8 11 11 20 14 9 12 10 
17 7 8 11 11 20 14 9 12 10 
14 7 8 11 11 20 13 9 12 10 
13 27 8 11 11 20 13 9 12 10 
13 32 8 11 11 20 13 9 12 10 
13 33 8 11 11 20 13 9 12 10 
42 42 42 42 42 42 42 42 42 42 
;
ROBOT MOVING BEST:
0 0 0 0 0 0 0 0 0 0 
1 1 0 0 0 0 0 0 0 0 
0 0 1 1 0 0 0 0 0 0 
1 0 0 0 1 0 0 0 0 0 
1 0 0 0 0 1 0 0 0 0 
0 0 0 1 1 0 0 0 0 0 
0 0 0 0 0 0 1 1 0 0 
0 0 0 1 0 0 1 0 0 0 
1 1 0 0 0 0 0 0 0 0 
1 0 0 0 1 0 0 0 0 0 
0 0 0 0 0 0 0 0 1 1 
1 1 0 0 0 0 0 0 0 0 
1 0 0 0 1 0 0 0 0 0 
1 0 0 0 0 1 0 0 0 0 
0 0 1 1 0 0 0 0 0 0 
0 0 0 1 0 0 1 0 0 0 
1 1 0 0 0 0 0 0 0 0 
1 0 0 0 0 1 0 0 0 0 
1 0 0 0 1 0 0 0 0 0 
0 0 0 0 1 0 1 0 0 0 
0 0 0 0 1 0 0 0 1 0 
0 0 0 1 0 0 0 0 1 0 
1 0 0 0 1 0 0 0 0 0 
1 0 0 0 0 1 0 0 0 0 
1 0 0 0 0 0 1 0 0 0 
0 0 0 0 0 0 0 1 0 1 
0 0 1 0 0 0 0 0 0 1 
1 0 0 0 0 0 0 0 1 0 
0 0 0 0 0 0 1 0 1 0 
0 0 1 1 0 0 0 0 0 0 
0 0 0 1 0 0 1 0 0 0 
1 0 0 0 0 0 0 0 1 0 
0 1 0 0 0 0 0 0 1 0 
0 0 0 1 0 0 0 0 1 0 
0 0 0 0 1 0 0 0 1 0 
0 0 0 0 0 0 0 1 0 1 
1 0 0 0 0 0 0 0 1 0 
0 0 0 1 0 0 0 0 1 0 
0 0 1 0 0 0 1 0 0 0 
1 0 0 0 0 0 0 0 1 0 
0 1 0 0 0 0 0 0 1 0 
0 0 0 0 0 0 1 0 1 0 
0 0 0 1 0 0 0 0 0 1 
0 0 0 0 0 0 0 1 0 1 
0 0 0 1 0 1 0 0 0 0 
1 0 0 0 0 1 0 0 0 0 
0 0 0 1 0 0 1 0 0 0 
0 0 0 0 1 1 0 0 0 0 
0 0 0 0 0 1 1 0 0 0 
0 0 0 0 0 0 1 0 0 1 
0 0 0 0 1 1 0 0 0 0 
0 1 0 0 0 0 0 0 1 0 
1 0 0 0 0 0 0 0 1 0 
0 1 0 0 0 0 0 0 1 0 
0 0 1 0 0 0 1 0 0 0 
0 0 0 0 0 1 1 0 0 0 
0 0 0 1 0 0 1 0 0 0 
0 0 0 0 1 0 1 0 0 0 
0 1 0 0 0 0 0 0 1 0 
0 0 0 0 1 0 0 0 0 1 
0 0 0 0 1 1 0 0 0 0 
0 0 1 0 0 0 1 0 0 0 
0 0 0 1 0 1 0 0 0 0 
0 0 1 0 0 1 0 0 0 0 
0 0 0 0 0 0 0 1 1 0 
0 0 1 0 0 0 0 0 1 0 
0 0 0 0 0 1 0 1 0 0 
0 0 0 0 0 1 0 0 1 0 
1 0 0 0 0 0 1 0 0 0 
1 1 0 0 0 0 0 0 0 0 
1 1 0 0 0 0 0 0 0 0 
1 1 0 0 0 0 0 0 0 0 
1 1 1 1 1 1 1 1 1 1 
;
TIMETABLE BEST: 
0.0 0.0 0.0 0.0 0.0 0.0 0.0 0.0 0.0 0.0 
10 10 0 0 0 0 0 0 0 0 
10 10 18 18 0 0 0 0 0 0 
19 10 18 18 19 0 0 0 0 0 
19 10 18 18 19 19 0 0 0 0 
19 10 18 19 19 19 0 0 0 0 
19 10 18 19 19 19 25 25 0 0 
19 10 18 25 19 19 25 25 0 0 
29 29 18 25 19 19 25 25 0 0 
29 29 18 25 29 19 25 25 0 0 
29 29 18 25 29 19 25 25 31 31 
37 37 18 25 29 19 25 25 31 31 
37 37 18 25 37 19 25 25 31 31 
38 37 18 25 37 38 25 25 31 31 
38 37 44 44 37 38 25 25 31 31 
38 37 44 44 37 38 44 25 31 31 
47 47 44 44 37 38 44 25 31 31 
47 47 44 44 37 47 44 25 31 31 
48 47 44 44 48 47 44 25 31 31 
48 47 44 44 48 47 48 25 31 31 
48 47 44 44 52 47 48 25 52 31 
48 47 44 52 52 47 48 25 52 31 
57 47 44 52 57 47 48 25 52 31 
57 47 44 52 57 57 48 25 52 31 
57 47 44 52 57 57 57 25 52 31 
57 47 44 52 57 57 57 58 52 58 
57 47 58 52 57 57 57 58 52 58 
59 47 58 52 57 57 57 58 59 58 
59 47 58 52 57 57 59 58 59 58 
59 47 64 64 57 57 59 58 59 58 
59 47 64 64 57 57 64 58 59 58 
66 47 64 64 57 57 64 58 66 58 
66 66 64 64 57 57 64 58 66 58 
66 66 64 66 57 57 64 58 66 58 
66 66 64 66 66 57 64 58 66 58 
66 66 64 66 66 57 64 73 66 73 
74 66 64 66 66 57 64 73 74 73 
74 66 64 74 66 57 64 73 74 73 
74 66 81 74 66 57 81 73 74 73 
82 66 81 74 66 57 81 73 82 73 
82 82 81 74 66 57 81 73 82 73 
82 82 81 74 66 57 82 73 82 73 
82 82 81 83 66 57 82 73 82 83 
82 82 81 83 66 57 82 87 82 87 
82 82 81 88 66 88 82 87 82 87 
88 82 81 88 66 88 82 87 82 87 
88 82 81 88 66 88 88 87 82 87 
88 82 81 88 88 88 88 87 82 87 
88 82 81 88 88 88 88 87 82 87 
88 82 81 88 88 88 88 87 82 88 
88 82 81 88 98 98 88 87 82 88 
88 105 81 88 98 98 88 87 105 88 
119 105 81 88 98 98 88 87 119 88 
119 119 81 88 98 98 88 87 119 88 
119 119 128 88 98 98 128 87 119 88 
119 119 128 88 98 130 130 87 119 88 
119 119 128 136 98 130 136 87 119 88 
119 119 128 136 136 130 136 87 119 88 
119 148 128 136 136 130 136 87 148 88 
119 148 128 136 152 130 136 87 148 152 
119 148 128 136 156 156 136 87 148 152 
119 148 161 136 156 156 161 87 148 152 
119 148 161 163 156 163 161 87 148 152 
119 148 163 163 156 163 161 87 148 152 
119 148 163 163 156 163 161 174 174 152 
119 148 174 163 156 163 161 174 174 152 
119 148 174 163 156 177 161 177 174 152 
119 148 174 163 156 177 161 177 177 152 
179 148 174 163 156 177 179 177 177 152 
204 204 174 163 156 177 179 177 177 152 
210 210 174 163 156 177 179 177 177 152 
219 219 174 163 156 177 179 177 177 152 
317.0 257.0 234.0 232.0 225.0 223.0 277.0 226.0 233.0 224.0 
;
EXECUTION TIME HBSS: 513.288935184 seconds 

-------------------------------------------------------------------
