DATFILE : offices1_8r_100.dat
ENVIRONMENT : office
ALGORITHM : HBSS - TAU 5
RANGE : 100
STARTING_POS : 42
N_ROBOTS : 8
GREEDY SOLUTION : [ 1660.]
COMPUTATIONS D :
1744
1688
1660
1606
1660
1700
1660
1678
1598
1660
1708
1652
1694
1666
1672
1606
1660
1670
1658
1660
1690
1572
1654
1660
1702
1618
1652
1660
1660
1746
1660
1660
1660
1660
1646
1660
1666
1660
1658
1660
1660
1700
1660
1660
1686
1660
1618
1660
1658
1660
1596
1660
1700
1658
1714
1660
1664
1618
1720
1660
1660
1704
1660
1660
1660
1660
1702
1598
1652
1664
1718
1700
1664
1660
1652
1652
1714
1490
1658
1660
1698
1658
1656
1682
1660
1680
1652
1690
1684
1688
1668
1680
1652
1664
1660
1656
1660
1708
1688
1656
1606
1660
1682
1694
1660
1668
1684
1660
1666
1660
1666
1752
1700
1740
1660
1670
1658
1690
1660
1658
1738
1662
1702
1660
1732
1662
1660
1700
1694
1720
1660
1652
1654
1660
1660
1598
1658
1624
1656
1708
1598
1760
1718
1678
1660
1672
1660
1624
1598
1660
1660
1688
1708
1722
1660
1660
1688
1652
1686
1716
1658
1680
1696
1634
1662
1622
1660
1670
1662
1750
1646
1660
1696
1660
1694
1598
1660
1676
1652
1660
1678
1712
1664
1686
1660
1658
1598
1628
1640
1684
1660
1664
1660
1598
1652
1700
1660
1732
1662
1690
;
HBBS sumD : 1490
BEST_CONFIGURATIONS : 
42 42 42 42 42 42 42 42 
41 42 42 42 42 42 42 42 
36 41 42 42 42 42 42 42 
36 41 5 24 42 42 42 42 
36 41 5 24 40 42 42 42 
36 41 5 24 40 42 42 42 
36 41 5 4 40 42 42 42 
36 41 5 4 40 24 42 42 
35 36 5 4 40 24 42 42 
35 36 5 4 40 24 42 42 
35 34 5 4 40 24 42 42 
35 34 5 4 40 24 42 36 
35 34 5 4 40 3 42 36 
35 34 5 4 40 3 42 36 
35 34 5 4 40 3 33 36 
35 34 5 4 39 3 33 36 
35 34 5 4 39 3 33 36 
35 34 5 4 39 3 33 32 
35 34 23 4 39 3 33 32 
35 34 23 2 39 3 33 32 
35 34 23 2 26 3 33 32 
35 34 23 2 26 3 33 32 
35 34 23 2 26 3 33 32 
27 34 23 2 26 3 33 32 
27 34 23 2 27 3 33 32 
27 34 23 2 27 3 33 32 
27 34 23 2 31 3 33 32 
27 34 23 2 31 1 33 32 
27 34 23 2 31 1 33 32 
27 34 23 2 31 1 33 32 
27 34 26 2 31 1 33 32 
30 34 26 2 31 1 33 32 
30 34 38 23 31 1 33 32 
30 34 38 23 31 1 33 32 
30 26 38 23 31 1 33 32 
30 26 38 23 31 1 29 32 
30 26 38 39 31 1 29 32 
30 26 38 39 31 1 29 32 
30 26 38 39 29 1 29 32 
30 26 38 39 29 1 29 28 
30 0 38 39 29 1 29 28 
30 0 37 39 29 1 29 28 
30 0 37 39 29 1 29 28 
30 0 37 39 29 25 29 28 
30 0 37 39 29 25 29 28 
30 0 37 38 29 25 29 28 
30 0 43 38 29 25 29 28 
30 0 43 38 29 25 29 28 
30 0 43 38 29 25 29 28 
17 0 43 38 29 25 29 28 
17 0 43 37 29 25 29 28 
17 0 43 37 19 25 29 28 
17 0 43 37 16 25 29 28 
17 0 43 37 16 25 19 28 
17 0 43 37 16 25 22 28 
17 0 43 37 16 25 22 7 
6 0 43 37 16 25 22 7 
6 0 43 37 16 25 22 7 
6 0 43 37 16 25 10 7 
6 0 43 37 13 27 10 7 
6 0 43 37 13 32 10 7 
6 0 43 37 13 32 10 11 
6 0 43 37 13 33 10 11 
6 0 21 37 13 33 10 11 
6 0 8 37 13 33 10 11 
6 0 8 37 13 33 21 11 
14 0 8 37 13 33 21 21 
14 0 8 37 13 33 21 21 
14 0 8 37 13 33 12 21 
14 0 20 37 13 33 12 21 
14 0 20 37 13 33 12 9 
14 0 20 37 13 33 12 9 
42 42 42 42 42 42 42 42 
;
ROBOT MOVING BEST:
0 0 0 0 0 0 0 0 
1 1 0 0 0 0 0 0 
1 1 0 0 0 0 0 0 
0 0 1 1 0 0 0 0 
0 0 0 1 1 0 0 0 
1 0 0 0 1 0 0 0 
0 0 1 1 0 0 0 0 
0 0 0 1 0 1 0 0 
1 1 0 0 0 0 0 0 
1 0 0 0 1 0 0 0 
0 1 0 0 1 0 0 0 
0 1 0 0 0 0 0 1 
0 0 0 1 0 1 0 0 
1 1 0 0 0 0 0 0 
1 0 0 0 0 0 1 0 
0 0 0 0 1 0 1 0 
0 1 0 0 0 0 1 0 
0 0 0 0 1 0 0 1 
0 0 1 0 1 0 0 0 
0 0 0 1 0 1 0 0 
0 0 0 0 1 0 0 1 
0 0 0 0 0 0 1 1 
0 0 1 0 1 0 0 0 
1 0 0 0 1 0 0 0 
0 0 0 0 1 0 0 1 
0 0 1 1 0 0 0 0 
0 0 0 0 1 0 0 1 
0 0 1 0 0 1 0 0 
0 0 0 1 0 1 0 0 
1 0 0 0 1 0 0 0 
0 0 1 0 1 0 0 0 
1 0 0 0 1 0 0 0 
0 0 1 1 0 0 0 0 
0 0 1 0 1 0 0 0 
0 1 1 0 0 0 0 0 
0 0 0 0 1 0 1 0 
0 1 0 1 0 0 0 0 
1 0 1 0 0 0 0 0 
1 0 0 0 1 0 0 0 
1 0 0 0 0 0 0 1 
0 1 0 0 0 1 0 0 
0 0 1 0 1 0 0 0 
0 0 0 0 1 0 0 1 
0 0 1 0 0 1 0 0 
0 0 1 0 0 0 0 1 
0 0 1 1 0 0 0 0 
0 0 1 0 0 1 0 0 
0 0 1 0 0 0 0 1 
0 1 0 0 0 1 0 0 
1 0 0 0 0 0 0 1 
0 0 1 1 0 0 0 0 
1 0 0 0 1 0 0 0 
1 0 0 0 1 0 0 0 
0 0 0 0 1 0 1 0 
0 0 0 0 1 0 1 0 
0 0 0 0 0 0 1 1 
1 0 0 0 0 0 1 0 
1 0 0 0 0 0 0 1 
0 0 0 0 0 0 1 1 
0 0 0 0 1 1 0 0 
0 0 0 0 1 1 0 0 
0 0 0 0 0 0 1 1 
0 0 0 0 1 1 0 0 
0 0 1 0 0 0 0 1 
0 0 1 0 0 0 0 1 
0 0 1 0 0 0 1 0 
1 0 0 0 0 0 0 1 
1 0 0 0 1 0 0 0 
0 0 1 0 0 0 1 0 
0 0 1 0 0 0 1 0 
0 0 0 0 0 0 1 1 
0 0 1 0 0 0 0 1 
1 1 1 1 1 1 1 1 
;
TIMETABLE BEST: 
0.0 0.0 0.0 0.0 0.0 0.0 0.0 0.0 
10 0 0 0 0 0 0 0 
19 10 0 0 0 0 0 0 
19 10 18 18 0 0 0 0 
19 10 18 18 19 0 0 0 
19 10 18 18 19 0 0 0 
19 10 18 25 19 0 0 0 
19 10 18 25 19 18 0 0 
29 19 18 25 19 18 0 0 
29 19 18 25 19 18 0 0 
29 33 18 25 19 18 0 0 
29 33 18 25 19 18 0 19 
29 33 18 25 19 31 0 19 
29 33 18 25 19 31 0 19 
29 33 18 25 19 31 38 19 
29 33 18 25 30 31 38 19 
29 33 18 25 30 31 38 19 
29 33 18 25 30 31 38 43 
29 33 44 25 30 31 38 43 
29 33 44 45 30 31 38 43 
29 33 44 45 38 31 38 43 
29 33 44 45 38 31 38 43 
29 33 44 45 38 31 38 43 
49 33 44 45 38 31 38 43 
49 33 44 45 45 31 38 43 
49 33 44 45 45 31 38 43 
49 33 44 45 52 31 38 43 
49 33 44 45 52 52 38 43 
49 33 44 45 52 52 38 43 
49 33 44 45 52 52 38 43 
49 33 52 45 52 52 38 43 
60 33 52 45 52 52 38 43 
60 33 60 52 52 52 38 43 
60 33 60 52 52 52 38 43 
60 56 60 52 52 52 38 43 
60 56 60 52 52 52 64 43 
60 56 60 62 52 52 64 43 
60 56 60 62 52 52 64 43 
60 56 60 62 64 52 64 43 
60 56 60 62 64 52 64 69 
60 78 60 62 64 52 64 69 
60 78 69 62 64 52 64 69 
60 78 69 62 64 52 64 69 
60 78 69 62 64 68 64 69 
60 78 69 62 64 68 64 69 
60 78 69 74 64 68 64 69 
60 78 75 74 64 68 64 69 
60 78 75 74 64 68 64 69 
60 78 75 74 64 68 64 69 
79 78 75 74 64 68 64 69 
79 78 75 83 64 68 64 69 
79 78 75 83 83 68 64 69 
79 78 75 83 97 68 64 69 
79 78 75 83 97 68 83 69 
79 78 75 83 97 68 105 69 
79 78 75 83 97 68 105 109 
111 78 75 83 97 68 105 109 
111 78 75 83 97 68 105 109 
111 78 75 83 97 68 118 109 
111 78 75 83 140 99 118 109 
111 78 75 83 140 105 118 109 
111 78 75 83 140 105 118 129 
111 78 75 83 140 114 118 129 
111 78 131 83 140 114 118 129 
111 78 138 83 140 114 118 129 
111 78 138 83 140 114 131 129 
142 78 138 83 140 114 131 139 
142 78 138 83 140 114 131 139 
142 78 138 83 140 114 144 139 
142 78 152 83 140 114 144 139 
142 78 152 83 140 114 144 159 
142 78 152 83 140 114 144 159 
232.0 128.0 198.0 134.0 238.0 152.0 200.0 208.0 
;
EXECUTION TIME HBSS: 303.210515976 seconds 

-------------------------------------------------------------------
