DATFILE : offices1_9r_100.dat
ENVIRONMENT : office
ALGORITHM : HBSS - TAU 9
RANGE : 100
STARTING_POS : 42
N_ROBOTS : 9
GREEDY SOLUTION : [ 1822.]
COMPUTATIONS D :
1832
1822
1822
1782
1822
1822
1822
1822
1822
1822
1822
1822
1822
1822
1822
1822
1822
1822
1822
1822
1822
1822
1822
1822
1822
1822
1822
1822
1822
1822
1812
1822
1822
1822
1822
1822
1822
1822
1822
1822
1822
1822
1822
1822
1822
1822
1822
1822
1822
1822
1822
1812
1822
1822
1822
1822
1822
1822
1822
1822
1822
1822
1822
1822
1822
1822
1822
1822
1822
1822
1822
1822
1788
1822
1822
1822
1822
1822
1862
1822
1822
1832
1822
1822
1822
1822
1822
1822
1822
1822
1822
1822
1822
1822
1822
1822
1822
1822
1822
1892
1822
1822
1822
1822
1822
1822
1822
1822
1814
1822
1822
1822
1822
1822
1822
1822
1822
1822
1822
1822
1822
1822
1822
1822
1822
1822
1822
1822
1822
1822
1822
1822
1822
1822
1822
1822
1822
1822
1822
1822
1822
1822
1822
1822
1822
1822
1822
1822
1822
1788
1822
1822
1822
1822
1822
1822
1822
1822
1822
1822
1822
1822
1822
1822
1822
1822
1822
1822
1822
1822
1822
1822
1822
1822
1822
1822
1822
1822
1822
1822
1822
1822
1822
1822
1822
1822
1822
1822
1822
1822
1822
1822
1822
1822
1862
1822
1822
1822
1822
1822
;
HBBS sumD : 1782
BEST_CONFIGURATIONS : 
42 42 42 42 42 42 42 42 42 
41 42 42 42 42 42 42 42 42 
36 41 42 42 42 42 42 42 42 
36 41 5 24 42 42 42 42 42 
36 41 5 24 40 42 42 42 42 
36 41 5 24 40 42 42 42 42 
36 41 5 4 40 42 42 42 42 
36 41 5 4 40 24 42 42 42 
35 36 5 4 40 24 42 42 42 
35 36 5 4 40 24 42 42 42 
35 34 5 4 40 24 42 42 42 
35 34 5 4 40 24 36 42 42 
35 34 5 4 40 3 36 42 42 
35 34 5 4 40 3 36 42 42 
35 34 5 4 39 3 36 23 42 
35 34 5 4 39 3 33 23 42 
35 34 5 4 39 3 33 23 42 
35 34 5 4 26 3 33 23 39 
35 34 5 4 26 3 33 23 39 
35 34 5 4 26 3 33 23 39 
35 34 5 4 26 3 33 2 39 
32 34 5 4 26 3 33 2 39 
32 34 5 4 26 3 33 2 38 
32 34 5 4 26 3 33 2 38 
32 34 5 4 26 3 33 2 38 
32 34 23 4 26 3 33 2 38 
32 34 23 4 26 3 33 2 38 
32 27 23 4 26 3 33 2 38 
32 27 23 4 27 3 33 2 38 
32 27 23 4 27 1 33 2 38 
32 27 23 4 31 1 33 2 38 
32 27 23 1 31 1 33 2 38 
32 27 23 1 31 1 33 2 38 
32 27 23 1 31 1 33 2 38 
32 30 23 1 31 1 33 2 38 
32 30 23 1 31 1 33 2 26 
32 30 23 1 31 1 33 2 26 
32 30 0 1 31 1 33 2 26 
32 30 0 1 31 1 29 2 26 
32 30 0 1 29 1 29 2 26 
32 30 0 1 29 1 29 25 26 
32 30 0 1 29 1 29 25 37 
32 30 0 1 29 1 29 25 37 
28 30 0 1 29 1 29 25 37 
28 30 0 1 29 1 29 25 37 
28 30 0 38 29 1 29 25 37 
28 28 0 38 29 1 29 25 37 
28 28 0 38 29 1 29 25 43 
28 28 0 38 29 1 29 25 43 
28 28 0 38 17 1 29 25 43 
28 28 0 37 17 1 29 25 43 
28 28 0 37 17 1 19 25 43 
28 28 0 37 17 1 16 25 43 
19 28 0 37 17 1 16 25 43 
22 28 0 37 17 1 16 25 43 
13 28 0 37 17 27 16 25 43 
13 28 0 37 17 32 16 25 43 
13 6 0 37 22 32 16 25 43 
13 6 0 37 22 32 7 25 43 
13 6 0 37 22 33 7 25 43 
13 6 0 37 22 33 7 25 43 
13 6 0 37 10 33 7 25 43 
13 6 0 37 10 33 7 25 11 
13 6 0 37 10 33 7 21 11 
13 6 0 37 10 33 7 8 11 
13 21 0 37 10 33 7 8 11 
13 21 14 37 10 33 7 8 11 
13 21 14 37 10 33 7 8 11 
13 12 14 37 10 20 7 8 11 
13 12 14 37 10 20 7 8 11 
13 12 14 37 10 9 7 8 11 
13 12 14 37 10 9 20 8 11 
42 42 42 42 42 42 42 42 42 
;
ROBOT MOVING BEST:
0 0 0 0 0 0 0 0 0 
1 1 0 0 0 0 0 0 0 
1 1 0 0 0 0 0 0 0 
0 0 1 1 0 0 0 0 0 
0 0 0 1 1 0 0 0 0 
1 0 0 0 1 0 0 0 0 
0 0 1 1 0 0 0 0 0 
0 0 0 1 0 1 0 0 0 
1 1 0 0 0 0 0 0 0 
1 0 0 0 1 0 0 0 0 
0 1 0 0 1 0 0 0 0 
0 1 0 0 0 0 1 0 0 
0 0 0 1 0 1 0 0 0 
1 1 0 0 0 0 0 0 0 
0 0 0 0 1 0 0 1 0 
1 0 0 0 0 0 1 0 0 
0 0 0 0 1 0 1 0 0 
0 0 0 0 1 0 0 0 1 
0 1 0 0 0 0 1 0 0 
0 0 0 0 1 0 0 1 0 
0 0 0 0 0 1 0 1 0 
1 0 0 0 0 0 0 0 1 
0 0 0 0 1 0 0 0 1 
1 0 0 0 1 0 0 0 0 
1 0 0 0 0 0 1 0 0 
0 0 1 0 0 0 0 1 0 
0 0 1 0 0 0 0 0 1 
0 1 0 0 1 0 0 0 0 
1 0 0 0 1 0 0 0 0 
0 0 0 0 0 1 0 1 0 
0 0 0 0 1 0 0 0 1 
0 0 1 1 0 0 0 0 0 
1 0 0 0 1 0 0 0 0 
0 1 0 0 1 0 0 0 0 
0 1 0 0 0 0 0 0 1 
0 0 0 0 1 0 0 0 1 
0 1 0 0 1 0 0 0 0 
0 0 1 1 0 0 0 0 0 
0 0 0 0 1 0 1 0 0 
0 1 0 0 1 0 0 0 0 
0 0 1 0 0 0 0 1 0 
0 0 0 0 1 0 0 0 1 
0 0 0 0 0 0 0 1 1 
1 1 0 0 0 0 0 0 0 
1 0 0 0 1 0 0 0 0 
0 0 0 1 0 0 0 0 1 
0 1 0 0 0 0 0 0 1 
0 0 0 0 0 0 0 1 1 
1 0 0 0 0 0 0 0 1 
1 0 0 0 1 0 0 0 0 
0 0 0 1 0 0 0 0 1 
0 0 0 0 1 0 1 0 0 
0 0 0 0 1 0 1 0 0 
1 0 0 0 0 0 1 0 0 
1 0 0 0 0 0 1 0 0 
1 0 0 0 0 1 0 0 0 
1 0 0 0 0 1 0 0 0 
0 1 0 0 1 0 0 0 0 
0 1 0 0 0 0 1 0 0 
1 0 0 0 0 1 0 0 0 
0 0 0 0 1 0 1 0 0 
0 0 0 0 1 0 1 0 0 
0 0 0 0 1 0 0 0 1 
0 0 0 0 0 0 0 1 1 
0 0 0 0 0 0 0 1 1 
0 1 0 0 0 0 0 1 0 
0 1 1 0 0 0 0 0 0 
1 0 1 0 0 0 0 0 0 
0 1 0 0 0 1 0 0 0 
0 1 0 0 0 0 0 1 0 
0 1 0 0 0 1 0 0 0 
0 0 0 0 0 1 1 0 0 
1 1 1 1 1 1 1 1 1 
;
TIMETABLE BEST: 
0.0 0.0 0.0 0.0 0.0 0.0 0.0 0.0 0.0 
10 0 0 0 0 0 0 0 0 
19 10 0 0 0 0 0 0 0 
19 10 18 18 0 0 0 0 0 
19 10 18 18 19 0 0 0 0 
19 10 18 18 19 0 0 0 0 
19 10 18 25 19 0 0 0 0 
19 10 18 25 19 18 0 0 0 
29 19 18 25 19 18 0 0 0 
29 19 18 25 19 18 0 0 0 
29 33 18 25 19 18 0 0 0 
29 33 18 25 19 18 19 0 0 
29 33 18 25 19 31 19 0 0 
29 33 18 25 19 31 19 0 0 
29 33 18 25 30 31 19 34 0 
29 33 18 25 30 31 38 34 0 
29 33 18 25 30 31 38 34 0 
29 33 18 25 38 31 38 34 30 
29 33 18 25 38 31 38 34 30 
29 33 18 25 38 31 38 34 30 
29 33 18 25 38 31 38 41 30 
47 33 18 25 38 31 38 41 30 
47 33 18 25 38 31 38 41 42 
47 33 18 25 38 31 38 41 42 
47 33 18 25 38 31 38 41 42 
47 33 44 25 38 31 38 41 42 
47 33 44 25 38 31 38 41 42 
47 49 44 25 38 31 38 41 42 
47 49 44 25 45 31 38 41 42 
47 49 44 25 45 52 38 41 42 
47 49 44 25 52 52 38 41 42 
47 49 44 52 52 52 38 41 42 
47 49 44 52 52 52 38 41 42 
47 49 44 52 52 52 38 41 42 
47 60 44 52 52 52 38 41 42 
47 60 44 52 52 52 38 41 50 
47 60 44 52 52 52 38 41 50 
47 60 60 52 52 52 38 41 50 
47 60 60 52 52 52 64 41 50 
47 60 60 52 64 52 64 41 50 
47 60 60 52 64 52 64 64 50 
47 60 60 52 64 52 64 64 67 
47 60 60 52 64 52 64 64 67 
73 60 60 52 64 52 64 64 67 
73 60 60 52 64 52 64 64 67 
73 60 60 70 64 52 64 64 67 
73 73 60 70 64 52 64 64 67 
73 73 60 70 64 52 64 64 73 
73 73 60 70 64 52 64 64 73 
73 73 60 70 79 52 64 64 73 
73 73 60 79 79 52 64 64 73 
73 73 60 79 79 52 83 64 73 
73 73 60 79 79 52 97 64 73 
87 73 60 79 79 52 97 64 73 
109 73 60 79 79 52 97 64 73 
136 73 60 79 79 75 97 64 73 
136 73 60 79 79 81 97 64 73 
136 107 60 79 113 81 97 64 73 
136 107 60 79 113 81 117 64 73 
136 107 60 79 113 90 117 64 73 
136 107 60 79 113 90 117 64 73 
136 107 60 79 126 90 117 64 73 
136 107 60 79 126 90 117 64 129 
136 107 60 79 126 90 117 131 129 
136 107 60 79 126 90 117 138 129 
136 133 60 79 126 90 117 138 129 
136 133 140 79 126 90 117 138 129 
136 133 140 79 126 90 117 138 129 
136 146 140 79 126 138 117 138 129 
136 146 140 79 126 138 117 138 129 
136 146 140 79 126 147 117 138 129 
136 146 140 79 126 147 150 138 129 
234.0 202.0 230.0 130.0 198.0 196.0 196.0 198.0 198.0 
;
EXECUTION TIME HBSS: 398.183485985 seconds 

-------------------------------------------------------------------
