DATFILE : offices1_6r_100.dat
ENVIRONMENT : office
ALGORITHM : HBSS - TAU 7
RANGE : 100
STARTING_POS : 42
N_ROBOTS : 6
GREEDY SOLUTION : [ 1390.]
COMPUTATIONS D :
1390
1390
1390
1390
1390
1390
1414
1390
1390
1390
1394
1390
1390
1390
1390
1390
1390
1400
1390
1390
1390
1390
1400
1390
1390
1390
1414
1356
1390
1390
1390
1390
1432
1390
1390
1390
1390
1390
1390
1390
1406
1390
1390
1390
1482
1390
1390
1390
1478
1390
1390
1390
1390
1426
1390
1390
1390
1390
1390
1396
1390
1390
1380
1390
1390
1390
1390
1390
1390
1390
1390
1390
1390
1390
1390
1390
1390
1390
1390
1390
1390
1390
1390
1390
1390
1390
1390
1390
1394
1390
1414
1390
1390
1390
1390
1394
1482
1404
1390
1390
1390
1390
1390
1390
1390
1390
1414
1390
1390
1390
1390
1390
1394
1390
1390
1390
1390
1390
1390
1432
1390
1390
1390
1390
1390
1390
1432
1380
1392
1390
1414
1394
1390
1390
1398
1414
1390
1390
1390
1432
1390
1390
1420
1392
1400
1396
1390
1390
1390
1390
1392
1390
1390
1390
1396
1390
1390
1390
1390
1390
1390
1390
1390
1390
1390
1390
1396
1390
1390
1390
1390
1390
1394
1396
1390
1390
1398
1390
1390
1390
1390
1424
1390
1390
1390
1390
1390
1356
1394
1390
1390
1390
1390
1390
1390
1400
1390
1404
1390
1390
;
HBBS sumD : 1356
BEST_CONFIGURATIONS : 
42 42 42 42 42 42 
41 42 42 42 42 42 
36 41 42 42 42 42 
36 41 5 24 42 42 
36 41 5 24 40 42 
36 41 5 24 40 42 
36 41 5 4 40 42 
36 41 5 4 40 24 
35 36 5 4 40 24 
35 36 5 4 40 24 
35 34 5 4 40 24 
35 34 5 4 40 3 
35 34 5 4 40 3 
35 34 5 4 36 3 
35 33 5 4 36 3 
35 33 2 4 36 3 
34 33 2 4 36 3 
34 33 2 23 36 3 
32 33 2 23 36 3 
32 33 2 39 36 3 
32 33 2 39 36 1 
32 27 2 39 36 1 
32 27 23 39 36 1 
32 27 23 39 36 1 
32 27 23 39 36 1 
32 26 23 39 36 1 
32 26 23 39 36 1 
32 26 23 39 36 1 
27 26 23 39 36 1 
27 26 23 38 36 1 
27 26 0 38 36 1 
31 26 0 38 32 1 
31 26 0 38 32 1 
31 26 0 38 32 1 
31 26 0 38 27 1 
31 26 0 38 27 1 
31 26 0 38 27 25 
30 26 0 38 27 25 
30 37 0 38 27 25 
30 37 0 37 27 25 
30 37 0 43 27 25 
30 37 0 43 31 25 
29 37 0 43 31 25 
29 37 0 43 31 43 
29 37 0 43 31 43 
29 37 0 43 30 43 
28 37 0 43 30 43 
28 37 0 43 30 43 
28 37 0 43 30 43 
28 37 0 43 29 28 
28 37 0 17 29 28 
17 19 0 17 29 28 
17 16 0 17 29 28 
17 16 19 17 29 28 
17 16 22 17 29 28 
17 16 22 17 6 28 
17 16 22 17 6 7 
17 16 22 17 6 7 
17 16 10 17 6 7 
27 13 10 17 6 7 
32 13 10 17 6 7 
32 13 10 11 6 7 
33 13 10 11 6 7 
33 13 10 11 21 7 
33 13 10 11 8 7 
33 13 21 11 8 14 
33 13 21 11 8 14 
33 13 21 11 8 14 
33 13 12 11 8 14 
33 13 12 20 8 14 
33 13 12 20 9 14 
33 13 12 20 9 14 
42 42 42 42 42 42 
;
ROBOT MOVING BEST:
0 0 0 0 0 0 
1 1 0 0 0 0 
1 1 0 0 0 0 
0 0 1 1 0 0 
0 0 0 1 1 0 
1 0 0 0 1 0 
0 0 1 1 0 0 
0 0 0 1 0 1 
1 1 0 0 0 0 
1 0 0 0 1 0 
0 1 0 0 1 0 
0 0 0 1 0 1 
1 1 0 0 0 0 
0 1 0 0 1 0 
1 1 0 0 0 0 
0 0 1 0 0 1 
1 1 0 0 0 0 
0 0 1 1 0 0 
1 1 0 0 0 0 
0 1 0 1 0 0 
0 0 1 0 0 1 
1 1 0 0 0 0 
0 0 1 0 0 1 
1 0 0 1 0 0 
0 0 1 1 0 0 
1 1 0 0 0 0 
0 1 1 0 0 0 
0 1 0 1 0 0 
1 1 0 0 0 0 
0 0 1 1 0 0 
0 0 1 0 0 1 
1 0 0 0 1 0 
1 1 0 0 0 0 
0 1 0 1 0 0 
1 0 0 0 1 0 
1 0 0 1 0 0 
0 0 1 0 0 1 
1 0 0 1 0 0 
0 1 0 1 0 0 
0 0 0 1 0 1 
0 0 0 1 0 1 
1 0 0 0 1 0 
1 0 0 0 1 0 
0 1 0 0 0 1 
1 1 0 0 0 0 
1 0 0 0 1 0 
1 1 0 0 0 0 
1 0 0 0 0 1 
1 0 0 0 1 0 
0 0 0 0 1 1 
1 0 0 1 0 0 
1 1 0 0 0 0 
1 1 0 0 0 0 
0 1 1 0 0 0 
0 1 1 0 0 0 
0 0 1 0 1 0 
0 0 0 0 1 1 
0 0 1 0 0 1 
0 0 1 0 0 1 
1 1 0 0 0 0 
1 1 0 0 0 0 
0 0 1 1 0 0 
1 1 0 0 0 0 
0 0 0 1 1 0 
0 0 0 1 1 0 
0 0 1 0 0 1 
0 0 1 0 1 0 
0 1 0 0 0 1 
0 0 1 0 1 0 
0 0 1 1 0 0 
0 0 1 0 1 0 
0 0 0 1 1 0 
1 1 1 1 1 1 
;
TIMETABLE BEST: 
0.0 0.0 0.0 0.0 0.0 0.0 
10 0 0 0 0 0 
19 10 0 0 0 0 
19 10 18 18 0 0 
19 10 18 18 19 0 
19 10 18 18 19 0 
19 10 18 25 19 0 
19 10 18 25 19 18 
29 19 18 25 19 18 
29 19 18 25 19 18 
29 33 18 25 19 18 
29 33 18 25 19 31 
29 33 18 25 19 31 
29 33 18 25 35 31 
29 42 18 25 35 31 
29 42 45 25 35 31 
37 42 45 25 35 31 
37 42 45 44 35 31 
51 42 45 44 35 31 
51 42 45 54 35 31 
51 42 45 54 35 52 
51 53 45 54 35 52 
51 53 52 54 35 52 
51 53 52 54 35 52 
51 53 52 54 35 52 
51 60 52 54 35 52 
51 60 52 54 35 52 
51 60 52 54 35 52 
57 60 52 54 35 52 
57 60 52 66 35 52 
57 60 68 66 35 52 
64 60 68 66 59 52 
64 60 68 66 59 52 
64 60 68 66 59 52 
64 60 68 66 65 52 
64 60 68 66 65 52 
64 60 68 66 65 68 
72 60 68 66 65 68 
72 77 68 66 65 68 
72 77 68 75 65 68 
72 77 68 81 65 68 
72 77 68 81 72 68 
80 77 68 81 72 68 
80 77 68 81 72 79 
80 77 68 81 72 79 
80 77 68 81 80 79 
89 77 68 81 80 79 
89 77 68 81 80 79 
89 77 68 81 80 79 
89 77 68 81 88 93 
89 77 68 101 88 93 
99 101 68 101 88 93 
99 115 68 101 88 93 
99 115 107 101 88 93 
99 115 129 101 88 93 
99 115 129 101 127 93 
99 115 129 101 127 133 
99 115 129 101 127 133 
99 115 142 101 127 133 
125 158 142 101 127 133 
131 158 142 101 127 133 
131 158 142 151 127 133 
140 158 142 151 127 133 
140 158 142 151 153 133 
140 158 142 151 160 133 
140 158 155 151 160 158 
140 158 155 151 160 158 
140 158 155 151 160 158 
140 158 168 151 160 158 
140 158 168 174 160 158 
140 158 168 174 181 158 
140 158 168 174 181 158 
178.0 256.0 224.0 220.0 230.0 248.0 
;
EXECUTION TIME HBSS: 140.058171988 seconds 

-------------------------------------------------------------------
