DATFILE : offices1_8r_100.dat
ENVIRONMENT : office
ALGORITHM : HBSS - TAU 3
RANGE : 100
STARTING_POS : 42
N_ROBOTS : 8
GREEDY SOLUTION : 350.0
COMPUTATIONS T :
354.0
356.0
365.0
356.0
362.0
354.0
365.0
351.0
317.0
357.0
359.0
358.0
359.0
345.0
358.0
350.0
355.0
362.0
346.0
371.0
363.0
351.0
356.0
350.0
354.0
359.0
358.0
354.0
366.0
360.0
348.0
370.0
358.0
370.0
365.0
313.0
354.0
353.0
345.0
353.0
356.0
350.0
354.0
350.0
357.0
361.0
356.0
350.0
354.0
357.0
360.0
347.0
360.0
360.0
368.0
354.0
359.0
342.0
354.0
346.0
313.0
300.0
336.0
357.0
358.0
356.0
344.0
358.0
356.0
345.0
351.0
351.0
356.0
345.0
353.0
364.0
358.0
362.0
350.0
351.0
362.0
363.0
339.0
364.0
346.0
364.0
361.0
353.0
357.0
356.0
360.0
353.0
345.0
363.0
356.0
355.0
355.0
353.0
353.0
363.0
356.0
356.0
366.0
349.0
355.0
361.0
370.0
360.0
357.0
364.0
355.0
361.0
364.0
360.0
354.0
355.0
362.0
355.0
353.0
341.0
361.0
353.0
355.0
352.0
360.0
358.0
353.0
355.0
365.0
284.0
354.0
351.0
353.0
361.0
365.0
349.0
355.0
360.0
357.0
362.0
354.0
360.0
354.0
314.0
354.0
357.0
349.0
356.0
354.0
349.0
352.0
351.0
364.0
361.0
358.0
347.0
364.0
348.0
359.0
341.0
351.0
359.0
362.0
351.0
366.0
349.0
360.0
355.0
356.0
363.0
358.0
358.0
336.0
344.0
357.0
355.0
355.0
360.0
355.0
346.0
350.0
350.0
361.0
359.0
353.0
359.0
353.0
365.0
353.0
355.0
349.0
363.0
355.0
353.0
360.0
360.0
354.0
352.0
358.0
353.0
;
HBBS bestT : 284.0
BEST_CONFIGURATIONS : 
42 42 42 42 42 42 42 42 
41 42 42 42 42 42 42 42 
41 42 5 24 42 42 42 42 
36 42 5 24 40 42 42 42 
36 42 5 24 40 41 42 42 
36 42 5 24 40 41 42 24 
36 42 5 4 40 41 42 24 
36 42 5 4 40 41 24 24 
35 36 5 4 40 41 24 24 
35 36 5 4 40 41 24 24 
35 36 5 4 40 41 24 3 
34 36 5 4 40 41 24 3 
34 36 5 4 40 41 24 3 
34 36 5 4 40 35 24 3 
34 36 3 4 40 35 2 3 
34 36 3 4 40 35 2 23 
33 35 3 4 40 35 2 23 
33 35 3 4 39 35 2 23 
33 35 3 4 39 34 2 23 
33 35 3 4 39 34 2 23 
33 35 3 23 26 34 2 23 
32 35 3 23 26 34 2 23 
32 35 3 23 26 33 2 23 
32 35 3 23 26 33 2 39 
32 35 3 23 26 33 2 39 
32 35 2 23 26 33 1 39 
32 35 2 23 26 33 1 39 
27 35 2 23 26 33 1 39 
27 32 2 23 26 33 1 39 
27 32 23 23 26 33 1 38 
27 32 23 26 26 33 1 38 
31 27 23 26 26 33 1 38 
31 27 23 26 26 33 1 38 
31 27 23 26 38 33 1 38 
31 27 23 26 38 32 1 38 
31 27 23 26 38 32 25 37 
31 27 23 26 38 32 25 37 
30 31 23 26 38 32 25 37 
30 31 23 38 38 32 25 37 
30 31 23 38 38 32 25 43 
30 31 0 38 38 32 25 43 
29 30 0 38 38 32 25 43 
29 30 0 38 37 32 25 43 
29 30 0 38 37 32 25 43 
29 30 0 38 37 31 25 43 
28 29 0 38 37 31 25 43 
28 29 0 37 37 31 25 43 
28 29 0 37 37 31 43 43 
28 29 0 37 37 30 43 43 
17 29 0 37 37 30 28 43 
17 29 1 37 37 30 28 0 
17 29 1 37 19 30 28 0 
19 29 1 37 16 30 28 0 
19 17 1 37 16 30 28 0 
16 17 1 37 22 30 28 0 
16 17 1 6 22 30 28 0 
16 17 1 6 7 30 28 0 
16 17 1 6 7 22 28 0 
16 17 1 6 7 10 28 0 
11 10 1 6 7 10 28 0 
11 10 1 21 7 10 28 0 
11 10 33 21 7 10 13 0 
11 10 33 21 7 10 13 27 
11 10 33 21 7 10 13 32 
11 10 33 8 7 21 13 32 
21 10 33 8 14 21 13 32 
21 10 33 8 14 21 13 32 
21 11 33 8 14 21 13 32 
21 11 33 8 14 12 13 32 
12 11 33 8 14 20 13 32 
12 11 33 8 14 9 13 32 
12 20 33 8 14 9 13 32 
42 42 42 42 42 42 42 42 
;
ROBOT MOVING BEST:
0 0 0 0 0 0 0 0 
1 1 0 0 0 0 0 0 
0 0 1 1 0 0 0 0 
1 0 0 0 1 0 0 0 
1 0 0 0 0 1 0 0 
0 0 0 0 1 0 0 1 
0 0 1 1 0 0 0 0 
0 0 0 1 0 0 1 0 
1 1 0 0 0 0 0 0 
1 0 0 0 1 0 0 0 
0 0 0 1 0 0 0 1 
1 1 0 0 0 0 0 0 
1 0 0 0 1 0 0 0 
1 0 0 0 0 1 0 0 
0 0 1 0 0 0 1 0 
0 0 0 0 0 0 1 1 
1 1 0 0 0 0 0 0 
1 0 0 0 1 0 0 0 
1 0 0 0 0 1 0 0 
0 0 0 0 1 0 0 1 
0 0 0 1 1 0 0 0 
1 0 0 0 1 0 0 0 
1 0 0 0 0 1 0 0 
1 0 0 0 0 0 0 1 
0 0 0 0 1 0 0 1 
0 0 1 0 0 0 1 0 
0 0 0 1 0 0 1 0 
1 0 0 0 1 0 0 0 
1 1 0 0 0 0 0 0 
0 0 1 0 0 0 0 1 
0 0 0 1 0 0 0 1 
1 1 0 0 0 0 0 0 
1 0 0 1 0 0 0 0 
1 0 0 0 1 0 0 0 
1 0 0 0 0 1 0 0 
0 0 0 0 0 0 1 1 
0 0 0 0 1 0 0 1 
1 1 0 0 0 0 0 0 
1 0 0 1 0 0 0 0 
0 0 0 0 0 0 1 1 
0 0 1 0 0 0 1 0 
1 1 0 0 0 0 0 0 
1 0 0 0 1 0 0 0 
0 0 0 0 1 0 0 1 
1 0 0 0 0 1 0 0 
1 1 0 0 0 0 0 0 
1 0 0 1 0 0 0 0 
1 0 0 0 0 0 1 0 
1 0 0 0 0 1 0 0 
1 0 0 0 0 0 1 0 
0 0 1 0 0 0 0 1 
1 0 0 0 1 0 0 0 
1 0 0 0 1 0 0 0 
0 1 0 0 1 0 0 0 
1 0 0 0 1 0 0 0 
0 0 0 1 1 0 0 0 
0 0 0 1 1 0 0 0 
0 0 0 0 1 1 0 0 
0 0 0 0 1 1 0 0 
1 1 0 0 0 0 0 0 
1 0 0 1 0 0 0 0 
0 0 1 0 0 0 1 0 
0 0 0 0 0 0 1 1 
0 0 0 0 0 0 1 1 
0 0 0 1 0 1 0 0 
1 0 0 0 1 0 0 0 
0 0 0 0 1 0 1 0 
0 1 0 1 0 0 0 0 
0 0 0 1 0 1 0 0 
1 0 0 0 0 1 0 0 
1 0 0 0 0 1 0 0 
0 1 0 0 0 1 0 0 
1 1 1 1 1 1 1 1 
;
TIMETABLE BEST: 
0.0 0.0 0.0 0.0 0.0 0.0 0.0 0.0 
10 10 0 0 0 0 0 0 
10 10 18 18 0 0 0 0 
19 10 18 18 19 0 0 0 
19 10 18 18 19 19 0 0 
19 10 18 18 19 19 0 19 
19 10 25 25 19 19 0 19 
19 10 25 25 19 19 25 19 
29 29 25 25 19 19 25 19 
29 29 25 25 29 19 25 19 
29 29 25 32 29 19 25 32 
37 37 25 32 29 19 25 32 
37 37 25 32 37 19 25 32 
38 37 25 32 37 38 25 32 
38 37 46 32 37 38 46 32 
38 37 46 32 37 38 46 46 
47 47 46 32 37 38 46 46 
48 47 46 32 48 38 46 46 
48 47 46 32 48 48 46 46 
48 47 46 32 48 48 46 48 
48 47 46 56 56 48 46 48 
57 47 46 56 57 48 46 48 
57 47 46 56 57 57 46 48 
58 47 46 56 57 57 46 58 
58 47 46 56 58 57 46 58 
58 47 61 56 58 57 61 58 
58 47 61 61 58 57 61 58 
64 47 61 61 64 57 61 58 
65 65 61 61 64 57 61 58 
65 65 70 61 64 57 61 70 
65 65 70 70 64 57 61 70 
72 72 70 70 64 57 61 70 
72 72 70 72 64 57 61 70 
72 72 70 72 72 57 61 70 
72 72 70 72 72 72 61 70 
72 72 70 72 72 72 79 79 
72 72 70 72 79 72 79 79 
80 80 70 72 79 72 79 79 
80 80 70 80 79 72 79 79 
80 80 70 80 79 72 85 85 
80 80 86 80 79 72 86 85 
88 88 86 80 79 72 86 85 
88 88 86 80 88 72 86 85 
88 88 86 80 88 72 86 88 
88 88 86 80 88 88 86 88 
97 97 86 80 88 88 86 88 
97 97 86 97 88 88 86 88 
97 97 86 97 88 88 97 88 
97 97 86 97 88 97 97 88 
111 97 86 97 88 97 111 88 
111 97 109 97 88 97 111 109 
112 97 109 97 112 97 111 109 
126 97 109 97 126 97 111 109 
126 126 109 97 126 97 111 109 
142 126 109 97 142 97 111 109 
142 126 109 142 142 97 111 109 
142 126 109 148 148 97 111 109 
142 126 109 148 148 148 111 109 
142 126 109 148 161 161 111 109 
174 174 109 148 161 161 111 109 
174 174 109 174 161 161 111 109 
174 174 174 174 161 161 174 109 
174 174 174 174 161 161 174 174 
174 174 174 174 161 161 180 180 
174 174 174 181 161 181 180 180 
186 174 174 181 186 181 180 180 
186 174 174 181 186 181 186 180 
186 187 174 187 186 181 186 180 
186 187 174 194 186 194 186 180 
204 187 174 194 186 204 186 180 
213 187 174 194 186 213 186 180 
213 213 174 194 186 213 186 180 
269.0 259.0 212.0 254.0 276.0 262.0 284.0 223.0 
;
EXECUTION TIME HBSS: 306.241530895 seconds 

-------------------------------------------------------------------
