DATFILE : offices1_3r_100.dat
ENVIRONMENT : office
ALGORITHM : HBSS - TAU 7
RANGE : 100
STARTING_POS : 42
N_ROBOTS : 3
GREEDY SOLUTION : 722.0
COMPUTATIONS T :
738.0
722.0
720.0
724.0
730.0
722.0
719.0
722.0
733.0
706.0
730.0
722.0
722.0
722.0
631.0
722.0
722.0
722.0
722.0
722.0
651.0
748.0
722.0
722.0
722.0
722.0
722.0
722.0
722.0
722.0
722.0
722.0
722.0
722.0
722.0
735.0
724.0
731.0
722.0
722.0
722.0
659.0
643.0
636.0
722.0
722.0
627.0
722.0
722.0
722.0
722.0
722.0
722.0
722.0
737.0
722.0
722.0
722.0
722.0
722.0
722.0
722.0
722.0
722.0
727.0
722.0
730.0
724.0
722.0
722.0
722.0
724.0
742.0
751.0
638.0
722.0
722.0
722.0
722.0
627.0
722.0
631.0
727.0
722.0
713.0
722.0
722.0
722.0
722.0
722.0
653.0
722.0
738.0
722.0
738.0
722.0
748.0
633.0
737.0
722.0
730.0
727.0
722.0
722.0
722.0
704.0
722.0
729.0
729.0
730.0
722.0
722.0
722.0
722.0
637.0
724.0
656.0
722.0
725.0
722.0
651.0
722.0
738.0
722.0
633.0
722.0
722.0
724.0
722.0
771.0
730.0
722.0
722.0
733.0
722.0
703.0
722.0
722.0
722.0
722.0
733.0
722.0
620.0
725.0
722.0
722.0
722.0
722.0
713.0
723.0
722.0
723.0
682.0
722.0
717.0
738.0
736.0
722.0
722.0
722.0
733.0
734.0
721.0
722.0
722.0
722.0
682.0
722.0
722.0
722.0
722.0
731.0
706.0
727.0
722.0
631.0
722.0
627.0
724.0
647.0
722.0
722.0
722.0
722.0
722.0
722.0
733.0
722.0
722.0
738.0
726.0
722.0
722.0
722.0
722.0
733.0
722.0
722.0
722.0
722.0
;
HBBS bestT : 620.0
BEST_CONFIGURATIONS : 
42 42 42 
41 42 42 
36 42 40 
36 41 40 
35 36 40 
34 36 40 
34 36 40 
35 36 40 
34 35 40 
33 34 40 
33 34 39 
33 35 39 
32 35 26 
32 33 26 
32 33 27 
27 33 26 
31 27 26 
31 27 26 
31 32 26 
31 32 38 
30 32 38 
30 31 38 
29 30 38 
29 30 37 
29 31 37 
28 30 37 
28 30 37 
28 30 43 
28 29 43 
17 28 43 
17 28 19 
17 28 16 
17 19 16 
17 16 22 
17 6 7 
22 6 7 
22 6 7 
10 6 7 
11 10 7 
11 10 21 
11 10 8 
11 21 8 
11 12 8 
12 20 8 
12 9 12 
20 9 12 
14 21 12 
13 21 14 
13 33 14 
13 32 14 
13 27 14 
13 38 37 
13 37 43 
13 37 25 
13 43 25 
13 25 0 
13 0 1 
13 1 23 
38 1 23 
38 1 2 
23 1 2 
26 23 2 
39 23 2 
39 23 26 
26 23 38 
26 32 39 
24 32 40 
3 2 40 
4 3 40 
4 3 5 
24 3 5 
4 24 5 
42 42 42 
;
ROBOT MOVING BEST:
0 0 0 
1 1 0 
1 0 1 
1 1 0 
1 1 0 
1 1 0 
1 0 1 
1 0 1 
1 1 0 
1 1 0 
1 0 1 
1 1 0 
1 0 1 
1 1 0 
1 0 1 
1 0 1 
1 1 0 
1 0 1 
1 1 0 
1 0 1 
1 0 1 
1 1 0 
1 1 0 
1 0 1 
1 1 0 
1 1 0 
1 0 1 
1 0 1 
1 1 0 
1 1 0 
1 0 1 
1 0 1 
0 1 1 
0 1 1 
0 1 1 
1 0 1 
1 1 0 
1 0 1 
1 1 0 
1 0 1 
1 0 1 
0 1 1 
0 1 1 
1 1 0 
0 1 1 
1 1 0 
1 1 0 
1 0 1 
1 1 0 
1 1 0 
1 1 0 
0 1 1 
0 1 1 
0 1 1 
0 1 1 
0 1 1 
0 1 1 
0 1 1 
1 0 1 
0 1 1 
1 0 1 
1 1 0 
1 1 0 
1 0 1 
1 0 1 
0 1 1 
1 0 1 
1 1 0 
1 1 0 
1 0 1 
1 0 1 
1 1 0 
1 1 1 
;
TIMETABLE BEST: 
0.0 0.0 0.0 
10 10 0 
19 10 19 
20 20 19 
30 30 19 
38 38 19 
38 38 38 
46 38 46 
54 54 46 
63 63 46 
63 63 63 
71 71 63 
80 71 80 
84 84 80 
87 84 87 
94 84 94 
101 101 94 
101 101 101 
107 107 101 
109 107 109 
117 107 117 
120 120 117 
128 128 117 
128 128 128 
136 136 128 
145 145 128 
145 145 145 
151 145 151 
153 153 151 
163 163 151 
169 163 169 
183 163 183 
183 183 183 
183 199 199 
183 213 213 
217 213 217 
217 217 217 
230 217 230 
243 243 230 
250 243 250 
257 243 257 
257 257 257 
257 270 270 
280 280 270 
280 289 289 
290 290 289 
334 334 289 
352 334 352 
395 395 352 
404 404 352 
410 410 352 
410 425 425 
410 434 434 
410 445 445 
410 451 451 
410 462 462 
410 476 476 
410 490 490 
492 490 492 
492 499 499 
504 499 504 
512 512 504 
520 520 504 
520 520 520 
528 520 528 
528 540 540 
554 540 554 
567 567 554 
581 581 554 
581 581 581 
588 581 588 
595 595 588 
620.0 613.0 606.0 
;
EXECUTION TIME HBSS: 27.1680669785 seconds 

-------------------------------------------------------------------
