DATFILE : offices1_5r_100.dat
ENVIRONMENT : office
ALGORITHM : HBSS - TAU 5
RANGE : 100
STARTING_POS : 42
N_ROBOTS : 5
GREEDY SOLUTION : [ 1316.]
COMPUTATIONS D :
1380
1292
1382
1338
1266
1394
1316
1380
1316
1316
1424
1322
1316
1342
1294
1316
1268
1336
1344
1326
1316
1326
1344
1322
1364
1352
1280
1316
1316
1332
1380
1336
1406
1324
1292
1316
1344
1438
1316
1308
1316
1326
1480
1250
1410
1326
1316
1316
1316
1384
1390
1316
1316
1316
1344
1364
1296
1316
1338
1316
1316
1362
1364
1408
1380
1390
1348
1316
1364
1312
1384
1342
1364
1326
1292
1384
1338
1336
1472
1316
1316
1348
1316
1334
1370
1316
1328
1330
1364
1368
1368
1356
1362
1248
1488
1316
1316
1368
1378
1374
1462
1352
1310
1414
1388
1316
1374
1352
1352
1316
1366
1316
1316
1348
1414
1266
1316
1364
1384
1316
1316
1334
1320
1410
1336
1368
1326
1360
1404
1316
1378
1384
1316
1324
1476
1386
1454
1324
1426
1316
1372
1270
1336
1296
1296
1344
1338
1316
1326
1332
1316
1306
1336
1338
1316
1398
1316
1326
1272
1316
1316
1380
1330
1282
1424
1342
1316
1316
1370
1316
1316
1336
1316
1372
1324
1308
1352
1316
1336
1336
1380
1296
1344
1316
1378
1316
1316
1316
1320
1382
1352
1380
1326
1316
1316
1320
1422
1398
1406
1376
;
HBBS sumD : 1248
BEST_CONFIGURATIONS : 
42 42 42 42 42 
41 42 42 42 42 
36 41 42 42 42 
36 41 5 24 42 
36 41 5 24 40 
36 41 5 24 40 
36 41 5 4 40 
35 36 5 4 40 
35 36 5 4 40 
35 36 24 4 40 
35 34 24 4 40 
35 34 24 4 40 
35 34 3 4 40 
35 34 3 4 36 
35 33 3 4 36 
34 33 3 4 36 
34 33 3 2 36 
32 33 3 2 36 
32 33 23 2 36 
32 27 23 2 36 
32 27 1 2 36 
32 26 1 2 36 
32 26 1 23 36 
32 26 1 39 36 
32 26 1 39 33 
27 26 1 39 33 
27 26 1 39 33 
31 26 1 39 33 
31 26 1 39 32 
31 27 1 39 32 
31 27 1 23 32 
31 30 1 23 32 
31 30 38 23 32 
31 30 38 23 29 
30 30 38 23 29 
30 30 38 23 29 
30 30 38 23 29 
30 30 38 26 29 
28 30 38 26 29 
28 30 38 26 29 
28 30 37 26 29 
28 30 37 26 29 
28 30 37 38 29 
28 30 43 38 29 
28 17 43 38 29 
28 17 43 37 29 
19 17 43 37 29 
19 17 25 37 29 
19 17 25 43 29 
16 17 25 43 29 
16 17 25 43 19 
16 17 0 25 19 
16 17 0 25 22 
16 17 0 1 22 
6 17 0 1 22 
6 17 0 1 7 
6 22 0 1 7 
10 22 0 1 7 
10 22 23 39 7 
10 10 23 39 11 
10 21 23 39 11 
10 8 23 39 11 
10 8 23 39 21 
13 8 27 39 21 
13 8 27 39 12 
13 8 32 39 12 
13 8 33 39 12 
13 20 33 39 12 
13 9 33 39 12 
13 9 33 39 20 
14 9 33 39 21 
14 9 33 39 13 
42 42 42 42 42 
;
ROBOT MOVING BEST:
0 0 0 0 0 
1 1 0 0 0 
1 1 0 0 0 
0 0 1 1 0 
0 0 0 1 1 
1 0 0 0 1 
0 0 1 1 0 
1 1 0 0 0 
1 0 0 0 1 
0 0 1 1 0 
0 1 0 0 1 
1 1 0 0 0 
0 0 1 1 0 
0 1 0 0 1 
1 1 0 0 0 
1 1 0 0 0 
0 0 1 1 0 
1 1 0 0 0 
0 0 1 1 0 
1 1 0 0 0 
0 0 1 1 0 
1 1 0 0 0 
0 1 0 1 0 
1 0 0 1 0 
0 0 0 1 1 
1 1 0 0 0 
0 1 0 1 0 
1 1 0 0 0 
1 0 0 0 1 
1 1 0 0 0 
0 0 1 1 0 
1 1 0 0 0 
1 0 1 0 0 
1 0 0 0 1 
1 0 1 0 0 
0 0 1 1 0 
1 0 0 0 1 
0 0 1 1 0 
1 1 0 0 0 
1 0 0 0 1 
0 0 1 0 1 
1 0 1 0 0 
0 0 1 1 0 
1 0 1 0 0 
1 1 0 0 0 
0 0 1 1 0 
1 1 0 0 0 
0 0 1 1 0 
0 0 1 1 0 
1 1 0 0 0 
1 0 0 0 1 
0 0 1 1 0 
1 0 0 0 1 
0 0 1 1 0 
1 0 0 0 1 
1 0 0 0 1 
0 1 0 0 1 
1 0 0 0 1 
0 0 1 1 0 
0 1 0 0 1 
0 1 0 0 1 
0 1 0 0 1 
0 1 0 0 1 
1 0 1 0 0 
0 1 0 0 1 
1 0 1 0 0 
1 0 1 0 0 
0 1 0 0 1 
0 1 0 0 1 
0 1 0 0 1 
1 0 0 0 1 
1 0 0 0 1 
1 1 1 1 1 
;
TIMETABLE BEST: 
0.0 0.0 0.0 0.0 0.0 
10 0 0 0 0 
19 10 0 0 0 
19 10 18 18 0 
19 10 18 18 19 
19 10 18 18 19 
19 10 18 25 19 
29 19 18 25 19 
29 19 18 25 19 
29 19 26 25 19 
29 33 26 25 19 
29 33 26 25 19 
29 33 39 25 19 
29 33 39 25 35 
29 42 39 25 35 
37 42 39 25 35 
37 42 39 45 35 
51 42 39 45 35 
51 42 52 45 35 
51 53 52 45 35 
51 53 62 45 35 
51 60 62 45 35 
51 60 62 52 35 
51 60 62 62 35 
51 60 62 62 54 
57 60 62 62 54 
57 60 62 62 54 
64 60 62 62 54 
64 60 62 62 63 
64 67 62 62 63 
64 67 62 72 63 
64 78 62 72 63 
64 78 80 72 63 
64 78 80 72 84 
72 78 80 72 84 
72 78 80 72 84 
72 78 80 72 84 
72 78 80 80 84 
85 78 80 80 84 
85 78 80 80 84 
85 78 89 80 84 
85 78 89 80 84 
85 78 89 88 84 
85 78 95 88 84 
85 97 95 88 84 
85 97 95 97 84 
99 97 95 97 84 
99 97 106 97 84 
99 97 106 103 84 
113 97 106 103 84 
113 97 106 103 103 
113 97 116 114 103 
113 97 116 114 125 
113 97 116 130 125 
127 97 116 130 125 
127 97 116 130 131 
127 131 116 130 131 
150 131 116 130 131 
150 131 132 150 131 
150 144 132 150 151 
150 157 132 150 151 
150 164 132 150 151 
150 164 132 150 161 
188 164 147 150 161 
188 164 147 150 174 
188 164 153 150 174 
188 164 162 150 174 
188 178 162 150 174 
188 187 162 150 174 
188 187 162 150 184 
206 187 162 150 197 
206 187 162 150 238 
296.0 236.0 200.0 180.0 336.0 
;
EXECUTION TIME HBSS: 86.3254201412 seconds 

-------------------------------------------------------------------
