DATFILE : offices1_4r_100.dat
ENVIRONMENT : office
ALGORITHM : HBSS - TAU 3
RANGE : 100
STARTING_POS : 42
N_ROBOTS : 4
GREEDY SOLUTION : [ 1244.]
COMPUTATIONS D :
1362
1506
1264
1380
1380
1448
1484
1458
1382
1274
1380
1498
1326
1394
1376
1332
1282
1358
1518
1560
1512
1612
1398
1370
1340
1446
1382
1476
1302
1586
1454
1308
1342
1346
1452
1434
1452
1586
1394
1354
1388
1504
1606
1286
1258
1554
1254
1316
1280
1570
1680
1462
1344
1302
1350
1464
1582
1448
1410
1294
1272
1550
1264
1596
1270
1452
1378
1486
1480
1256
1368
1588
1374
1636
1348
1552
1654
1512
1440
1486
1476
1346
1574
1334
1512
1342
1378
1456
1226
1384
1440
1546
1580
1594
1344
1284
1530
1492
1210
1374
1358
1350
1480
1350
1308
1346
1262
1532
1448
1496
1572
1480
1426
1234
1474
1570
1520
1314
1560
1314
1638
1360
1506
1356
1482
1376
1324
1762
1428
1430
1550
1358
1318
1502
1452
1402
1690
1414
1284
1350
1286
1338
1400
1406
1506
1360
1592
1492
1274
1460
1290
1442
1352
1568
1454
1274
1220
1358
1370
1488
1392
1494
1268
1302
1422
1306
1324
1462
1520
1404
1518
1498
1590
1400
1468
1272
1602
1408
1420
1942
1462
1540
1254
1466
1286
1264
1400
1512
1622
1356
1462
1268
1226
1384
1552
1446
1440
1532
1404
1554
;
HBBS sumD : 1210
BEST_CONFIGURATIONS : 
42 42 42 42 
41 42 42 42 
36 42 41 42 
36 5 41 24 
36 5 40 24 
36 5 40 24 
36 5 40 4 
35 5 40 4 
35 24 40 4 
34 24 40 4 
34 3 40 4 
34 3 36 4 
35 3 36 4 
35 3 34 4 
35 3 34 2 
35 23 34 2 
35 23 33 2 
35 1 33 2 
34 1 33 2 
34 1 33 23 
34 1 33 39 
32 1 33 39 
32 1 33 39 
32 23 33 39 
32 23 33 26 
32 23 27 26 
32 23 27 26 
32 23 31 26 
32 23 31 26 
32 23 31 26 
32 23 31 38 
27 23 31 38 
27 23 31 38 
26 23 31 38 
26 39 31 38 
26 39 30 38 
37 39 30 38 
37 39 30 31 
37 39 29 31 
37 39 29 31 
37 39 29 30 
37 39 28 30 
37 43 28 30 
43 43 28 30 
43 43 28 30 
43 43 28 29 
25 43 28 29 
25 37 28 29 
25 37 28 17 
25 37 19 17 
0 25 19 17 
0 25 16 17 
0 1 16 17 
0 1 16 19 
0 1 16 22 
0 1 6 22 
0 1 6 7 
0 1 22 7 
27 1 13 7 
32 1 13 7 
33 1 13 7 
33 1 13 14 
33 1 21 14 
33 7 21 10 
20 7 12 10 
9 7 12 10 
9 11 12 10 
9 11 12 8 
9 11 20 8 
9 11 20 8 
21 11 20 8 
21 11 20 8 
42 42 42 42 
;
ROBOT MOVING BEST:
0 0 0 0 
1 0 1 0 
1 0 1 0 
0 1 0 1 
0 0 1 1 
1 0 1 0 
0 1 0 1 
1 0 1 0 
0 1 0 1 
1 0 1 0 
0 1 0 1 
1 0 1 0 
1 0 1 0 
1 0 1 0 
0 1 0 1 
0 1 0 1 
1 0 1 0 
0 1 0 1 
1 0 1 0 
0 1 0 1 
0 0 1 1 
1 0 1 0 
1 0 0 1 
0 1 0 1 
1 0 0 1 
1 0 1 0 
0 0 1 1 
0 0 1 1 
0 1 0 1 
1 0 1 0 
0 1 0 1 
1 0 1 0 
0 0 1 1 
1 0 0 1 
1 1 0 0 
0 0 1 1 
1 0 0 1 
0 0 1 1 
1 0 1 0 
0 0 1 1 
0 0 1 1 
1 0 1 0 
1 1 0 0 
1 0 1 0 
0 0 1 1 
0 0 1 1 
1 1 0 0 
1 1 0 0 
0 0 1 1 
0 0 1 1 
1 1 0 0 
0 0 1 1 
1 1 0 0 
0 0 1 1 
0 0 1 1 
0 0 1 1 
0 0 1 1 
0 0 1 1 
1 0 1 0 
1 0 1 0 
1 0 1 0 
0 0 1 1 
0 0 1 1 
0 1 0 1 
1 0 1 0 
1 0 1 0 
0 1 0 1 
0 0 1 1 
1 0 1 0 
0 1 0 1 
1 1 0 0 
1 0 0 1 
1 1 1 1 
;
TIMETABLE BEST: 
0.0 0.0 0.0 0.0 
10 0 0 0 
19 0 10 0 
19 18 10 18 
19 18 21 18 
19 18 21 18 
19 18 21 25 
29 18 21 25 
29 26 21 25 
37 26 21 25 
37 39 21 25 
37 39 37 25 
45 39 37 25 
45 39 51 25 
45 39 51 45 
45 52 51 45 
45 52 60 45 
45 62 60 45 
53 62 60 45 
53 62 60 52 
53 62 60 62 
67 62 60 62 
67 62 60 62 
67 72 60 62 
67 72 60 70 
67 72 71 70 
67 72 71 70 
67 72 78 70 
67 72 78 70 
67 72 78 70 
67 72 78 78 
73 72 78 78 
73 72 78 78 
80 72 78 78 
80 82 78 78 
80 82 86 78 
97 82 86 78 
97 82 86 98 
97 82 94 98 
97 82 94 98 
97 82 94 106 
97 82 103 106 
97 109 103 106 
103 109 103 106 
103 109 103 106 
103 109 103 114 
114 109 103 114 
114 115 103 114 
114 115 103 129 
114 115 117 129 
124 132 117 129 
124 132 131 129 
124 148 131 129 
124 148 131 141 
124 148 131 163 
124 148 145 163 
124 148 145 169 
124 148 157 169 
153 148 184 169 
159 148 184 169 
168 148 184 169 
168 148 184 194 
168 148 225 194 
168 219 225 224 
216 219 238 224 
225 219 238 224 
225 239 238 224 
225 239 238 244 
225 239 248 244 
225 239 248 244 
245 239 248 244 
245 239 248 244 
304.0 308.0 294.0 304.0 
;
EXECUTION TIME HBSS: 49.6734070778 seconds 

-------------------------------------------------------------------
