DATFILE : offices1_6r_100.dat
ENVIRONMENT : office
ALGORITHM : HBSS - TAU 5
RANGE : 100
STARTING_POS : 42
N_ROBOTS : 6
GREEDY SOLUTION : 388.0
COMPUTATIONS T :
386.0
388.0
388.0
391.0
389.0
396.0
393.0
388.0
388.0
390.0
394.0
405.0
389.0
388.0
383.0
391.0
388.0
388.0
392.0
388.0
399.0
398.0
390.0
388.0
392.0
380.0
388.0
394.0
400.0
386.0
388.0
396.0
393.0
400.0
408.0
387.0
389.0
380.0
394.0
388.0
393.0
394.0
390.0
394.0
391.0
394.0
388.0
397.0
408.0
393.0
403.0
390.0
386.0
395.0
393.0
386.0
388.0
391.0
388.0
389.0
400.0
392.0
405.0
406.0
384.0
388.0
390.0
393.0
397.0
388.0
387.0
388.0
389.0
388.0
388.0
397.0
399.0
395.0
396.0
388.0
388.0
392.0
388.0
405.0
398.0
386.0
388.0
405.0
389.0
399.0
400.0
388.0
387.0
391.0
388.0
392.0
388.0
400.0
388.0
388.0
388.0
397.0
392.0
388.0
388.0
389.0
393.0
388.0
408.0
389.0
390.0
388.0
388.0
389.0
388.0
408.0
388.0
405.0
388.0
386.0
388.0
395.0
395.0
390.0
388.0
406.0
397.0
388.0
404.0
390.0
388.0
396.0
388.0
387.0
388.0
403.0
392.0
396.0
396.0
388.0
388.0
388.0
383.0
392.0
392.0
377.0
388.0
398.0
388.0
393.0
405.0
401.0
397.0
402.0
388.0
392.0
402.0
388.0
398.0
394.0
377.0
388.0
388.0
376.0
393.0
405.0
412.0
398.0
392.0
386.0
399.0
388.0
398.0
393.0
388.0
388.0
388.0
393.0
390.0
393.0
389.0
394.0
388.0
388.0
393.0
393.0
388.0
388.0
392.0
387.0
389.0
388.0
388.0
399.0
388.0
389.0
388.0
388.0
388.0
393.0
;
HBBS bestT : 376.0
BEST_CONFIGURATIONS : 
42 42 42 42 42 42 
41 42 42 42 42 42 
41 42 5 24 42 42 
36 42 5 24 40 42 
36 42 5 24 40 41 
36 42 5 24 40 41 
36 42 5 4 40 41 
36 24 5 4 40 41 
35 24 5 4 40 41 
35 24 5 4 40 36 
34 24 5 4 40 36 
34 24 5 4 40 36 
34 3 4 4 40 36 
33 3 4 4 40 35 
33 3 4 4 39 35 
33 3 4 23 39 35 
33 3 4 23 39 34 
33 2 3 23 39 34 
33 2 3 23 39 34 
33 2 3 23 26 34 
32 2 3 26 26 34 
32 2 3 26 27 34 
32 2 3 26 27 33 
32 2 3 26 27 33 
32 1 2 26 27 33 
27 1 2 26 31 33 
27 1 2 23 31 33 
27 1 2 23 31 32 
26 1 2 23 31 32 
26 1 2 39 31 32 
26 1 2 39 31 32 
26 0 1 39 31 32 
38 0 1 26 31 32 
38 0 1 26 30 32 
38 0 1 26 30 31 
38 0 1 26 30 31 
38 0 23 26 30 31 
38 0 23 26 29 31 
37 25 23 26 29 31 
37 25 23 38 29 31 
37 25 23 38 29 31 
43 25 23 38 29 31 
43 25 23 38 29 30 
43 25 0 38 29 30 
43 25 0 37 29 30 
37 25 0 37 28 30 
37 25 0 43 28 30 
37 25 0 43 28 29 
37 25 0 43 28 30 
37 28 0 43 17 30 
37 28 0 19 17 30 
19 28 0 16 17 30 
19 17 0 16 17 30 
19 17 34 16 17 35 
16 17 34 22 17 35 
16 17 34 22 6 35 
16 17 34 7 6 35 
22 17 34 7 6 35 
10 7 34 7 6 35 
10 7 20 7 6 9 
10 7 20 11 10 9 
10 7 12 11 10 9 
8 11 12 11 10 9 
8 11 12 11 10 9 
8 11 12 21 10 9 
8 11 12 21 10 9 
8 11 12 20 10 9 
21 11 12 20 14 9 
21 14 12 20 13 9 
21 14 12 20 13 33 
21 14 12 20 13 32 
13 14 12 20 13 27 
42 42 42 42 42 42 
;
ROBOT MOVING BEST:
0 0 0 0 0 0 
1 1 0 0 0 0 
0 0 1 1 0 0 
1 0 0 0 1 0 
1 0 0 0 0 1 
0 0 0 1 1 0 
0 0 1 1 0 0 
0 1 0 1 0 0 
1 0 0 0 1 0 
1 0 0 0 0 1 
1 0 0 0 1 0 
1 0 0 0 0 1 
0 1 1 0 0 0 
1 0 0 0 0 1 
1 0 0 0 1 0 
0 0 0 1 1 0 
1 0 0 0 0 1 
0 1 1 0 0 0 
0 1 0 1 0 0 
0 0 0 1 1 0 
1 0 0 1 0 0 
1 0 0 0 1 0 
1 0 0 0 0 1 
0 0 0 1 1 0 
0 1 1 0 0 0 
1 0 0 0 1 0 
0 1 0 1 0 0 
0 0 0 0 1 1 
1 0 0 0 1 0 
0 0 0 1 0 1 
1 0 0 1 0 0 
0 1 1 0 0 0 
1 0 0 1 0 0 
1 0 0 0 1 0 
1 0 0 0 0 1 
0 0 0 0 1 1 
1 0 1 0 0 0 
0 0 0 0 1 1 
1 1 0 0 0 0 
1 0 0 1 0 0 
1 0 0 0 1 0 
1 1 0 0 0 0 
0 0 0 0 1 1 
0 1 1 0 0 0 
1 0 0 1 0 0 
1 0 0 0 1 0 
0 0 0 1 1 0 
0 0 0 0 1 1 
0 0 0 0 1 1 
0 1 0 0 1 0 
0 0 0 1 1 0 
1 0 0 1 0 0 
0 1 0 1 0 0 
0 0 1 0 0 1 
1 0 0 1 0 0 
0 0 0 1 1 0 
0 0 0 1 1 0 
1 0 0 1 0 0 
1 1 0 0 0 0 
0 0 1 0 0 1 
0 0 0 1 1 0 
0 0 1 0 0 1 
1 1 0 0 0 0 
1 0 1 0 0 0 
1 0 0 1 0 0 
0 1 0 1 0 0 
0 0 1 1 0 0 
1 0 0 0 1 0 
0 1 0 0 1 0 
0 0 0 0 1 1 
0 0 0 0 1 1 
1 0 0 0 0 1 
1 1 1 1 1 1 
;
TIMETABLE BEST: 
0.0 0.0 0.0 0.0 0.0 0.0 
10 10 0 0 0 0 
10 10 18 18 0 0 
19 10 18 18 19 0 
19 10 18 18 19 19 
19 10 18 19 19 19 
19 10 26 26 19 19 
19 28 26 28 19 19 
29 28 26 28 29 19 
29 28 26 28 29 29 
37 28 26 28 37 29 
37 28 26 28 37 37 
37 41 41 28 37 37 
47 41 41 28 37 47 
48 41 41 28 48 47 
48 41 41 48 48 47 
55 41 41 48 48 55 
55 55 55 48 48 55 
55 55 55 55 48 55 
55 55 55 56 56 55 
64 55 55 64 56 55 
64 55 55 64 64 55 
64 55 55 64 64 64 
64 55 55 64 64 64 
64 70 70 64 64 64 
71 70 70 64 71 64 
71 72 70 72 71 64 
71 72 70 72 73 73 
78 72 70 72 78 73 
78 72 70 82 78 82 
82 72 70 82 78 82 
82 86 86 82 78 82 
90 86 86 90 78 82 
90 86 86 90 90 82 
95 86 86 90 90 95 
95 86 86 90 95 95 
96 86 96 90 95 95 
96 86 96 90 103 103 
105 105 96 90 103 103 
105 105 96 105 103 103 
105 105 96 105 105 103 
111 111 96 105 105 103 
111 111 96 105 111 111 
111 112 112 105 111 111 
114 112 112 114 111 111 
120 112 112 114 120 111 
120 112 112 120 120 111 
120 112 112 120 120 120 
120 112 112 120 128 128 
120 138 112 120 138 128 
120 138 112 138 138 128 
152 138 112 152 138 128 
152 152 112 152 138 128 
152 152 159 152 138 159 
168 152 159 168 138 159 
168 152 159 170 170 159 
168 152 159 176 176 159 
184 152 159 184 176 159 
197 197 159 184 176 159 
197 197 202 184 176 202 
197 197 202 204 204 202 
197 197 212 204 204 212 
217 217 212 204 204 212 
217 217 217 204 204 212 
217 217 217 217 204 212 
217 217 217 217 204 212 
217 217 230 230 204 212 
234 217 230 230 234 212 
234 252 230 230 252 212 
234 252 230 230 263 263 
234 252 230 230 272 272 
278 252 230 230 272 278 
376.0 342.0 286.0 276.0 370.0 323.0 
;
EXECUTION TIME HBSS: 142.635703087 seconds 

-------------------------------------------------------------------
