DATFILE : offices1_4r_100.dat
ENVIRONMENT : office
ALGORITHM : HBSS - TAU 5
RANGE : 100
STARTING_POS : 42
N_ROBOTS : 4
GREEDY SOLUTION : [ 1244.]
COMPUTATIONS D :
1244
1220
1226
1244
1266
1244
1244
1244
1244
1338
1274
1402
1244
1390
1244
1406
1244
1246
1268
1258
1266
1288
1244
1316
1244
1240
1330
1214
1264
1204
1258
1328
1216
1244
1378
1316
1252
1244
1256
1242
1266
1244
1322
1292
1244
1308
1278
1232
1276
1244
1364
1402
1250
1338
1368
1266
1294
1246
1314
1232
1244
1424
1258
1296
1244
1286
1330
1452
1240
1404
1244
1244
1324
1244
1430
1368
1244
1232
1244
1286
1332
1204
1238
1348
1420
1414
1220
1244
1430
1244
1252
1266
1268
1332
1244
1390
1270
1396
1366
1326
1244
1250
1250
1234
1284
1244
1244
1244
1270
1342
1226
1270
1244
1306
1338
1332
1300
1282
1240
1298
1346
1244
1308
1244
1248
1296
1244
1250
1416
1272
1324
1270
1244
1316
1300
1308
1308
1232
1204
1236
1234
1244
1244
1244
1250
1406
1304
1240
1288
1214
1220
1214
1328
1244
1384
1358
1244
1268
1252
1302
1366
1300
1244
1418
1368
1294
1238
1308
1208
1266
1422
1378
1228
1380
1306
1214
1322
1244
1244
1306
1244
1244
1368
1252
1244
1240
1340
1258
1244
1246
1244
1256
1244
1294
1244
1252
1230
1308
1244
1336
;
HBBS sumD : 1204
BEST_CONFIGURATIONS : 
42 42 42 42 
41 42 42 42 
36 41 42 42 
36 41 5 24 
36 40 5 24 
36 40 5 24 
36 40 5 4 
35 40 5 4 
35 40 24 4 
34 40 24 4 
34 40 3 4 
34 36 3 4 
35 36 3 4 
35 36 3 2 
35 34 3 2 
35 34 23 2 
35 33 23 2 
35 33 1 2 
34 33 1 2 
34 33 1 23 
33 33 1 39 
32 33 1 39 
32 32 1 39 
32 32 23 39 
32 32 23 26 
32 27 23 26 
32 27 23 26 
32 27 23 26 
32 27 23 38 
32 31 23 38 
32 31 26 38 
27 31 26 38 
27 31 26 38 
27 31 26 38 
30 31 26 38 
30 31 26 39 
30 31 26 39 
29 31 26 39 
29 30 26 39 
29 30 37 39 
28 30 37 39 
28 30 37 38 
28 28 37 38 
28 28 43 38 
28 28 43 37 
28 29 43 37 
28 29 25 37 
28 29 25 43 
28 17 25 43 
19 17 25 43 
19 17 0 25 
16 17 0 25 
16 17 0 1 
16 19 0 1 
16 22 0 1 
6 22 0 1 
6 7 0 1 
22 7 0 1 
10 7 0 1 
10 13 27 1 
10 13 32 1 
10 13 33 1 
10 13 33 11 
14 13 33 11 
14 13 21 11 
14 13 21 11 
14 13 8 11 
21 13 8 11 
12 13 8 11 
12 13 20 11 
12 13 20 9 
12 13 20 9 
42 42 42 42 
;
ROBOT MOVING BEST:
0 0 0 0 
1 1 0 0 
1 1 0 0 
0 0 1 1 
0 1 0 1 
1 1 0 0 
0 0 1 1 
1 1 0 0 
0 0 1 1 
1 1 0 0 
0 0 1 1 
1 1 0 0 
1 1 0 0 
0 0 1 1 
1 1 0 0 
0 0 1 1 
1 1 0 0 
0 0 1 1 
1 1 0 0 
0 0 1 1 
1 0 0 1 
1 1 0 0 
0 1 0 1 
0 0 1 1 
0 1 0 1 
0 1 0 1 
0 0 1 1 
1 1 0 0 
0 0 1 1 
1 1 0 0 
0 0 1 1 
1 1 0 0 
0 1 0 1 
0 1 1 0 
1 0 0 1 
0 0 1 1 
1 1 0 0 
1 1 0 0 
1 1 0 0 
1 0 1 0 
1 1 0 0 
0 0 1 1 
0 1 1 0 
0 1 1 0 
0 0 1 1 
1 1 0 0 
0 0 1 1 
0 0 1 1 
1 1 0 0 
1 1 0 0 
0 0 1 1 
1 1 0 0 
0 0 1 1 
1 1 0 0 
1 1 0 0 
1 1 0 0 
1 1 0 0 
1 1 0 0 
1 1 0 0 
0 1 1 0 
0 1 1 0 
0 1 1 0 
1 0 0 1 
1 1 0 0 
1 0 1 0 
0 0 1 1 
0 0 1 1 
1 0 1 0 
1 0 1 0 
1 0 1 0 
1 0 0 1 
0 0 1 1 
1 1 1 1 
;
TIMETABLE BEST: 
0.0 0.0 0.0 0.0 
10 0 0 0 
19 10 0 0 
19 10 18 18 
19 21 18 18 
19 21 18 18 
19 21 18 25 
29 21 18 25 
29 21 26 25 
37 21 26 25 
37 21 39 25 
37 37 39 25 
45 37 39 25 
45 37 39 45 
45 51 39 45 
45 51 52 45 
45 60 52 45 
45 60 62 45 
53 60 62 45 
53 60 62 52 
62 60 62 62 
71 60 62 62 
71 69 62 62 
71 69 72 62 
71 69 72 70 
71 75 72 70 
71 75 72 70 
71 75 72 70 
71 75 72 78 
71 82 72 78 
71 82 80 78 
77 82 80 78 
77 82 80 78 
77 82 80 78 
88 82 80 78 
88 82 80 90 
88 82 80 90 
96 82 80 90 
96 90 80 90 
96 90 97 90 
105 90 97 90 
105 90 97 102 
105 103 97 102 
105 103 103 102 
105 103 103 111 
105 112 103 111 
105 112 114 111 
105 112 114 117 
105 127 114 117 
119 127 114 117 
119 127 124 128 
133 127 124 128 
133 127 124 144 
133 139 124 144 
133 161 124 144 
147 161 124 144 
147 167 124 144 
159 167 124 144 
172 167 124 144 
172 200 153 144 
172 200 159 144 
172 200 168 144 
172 200 168 227 
202 200 168 227 
202 200 229 227 
202 200 229 227 
202 200 236 227 
235 200 236 227 
248 200 236 227 
248 200 250 227 
248 200 250 257 
248 200 250 257 
304.0 298.0 296.0 306.0 
;
EXECUTION TIME HBSS: 50.9170949459 seconds 

-------------------------------------------------------------------
