DATFILE : offices1_2r_100.dat
ENVIRONMENT : office
ALGORITHM : HBSS - TAU 5
RANGE : 100
STARTING_POS : 42
N_ROBOTS : 2
GREEDY SOLUTION : [ 1176.]
COMPUTATIONS D :
1164
1212
1212
1176
1236
1282
1254
1176
1246
1170
1176
1220
1110
1184
1282
1184
1176
1144
1186
1370
1156
1264
1244
1140
1176
1334
1186
1208
1214
1208
1434
1244
1170
1244
1186
1360
1302
1212
1336
1220
1212
1176
1212
1196
1122
1436
1220
1320
1272
1278
1322
1254
1240
1176
1282
1172
1232
1356
1260
1222
1294
1268
1144
1426
1218
1344
1366
1290
1222
1220
1204
1336
1224
1240
1200
1262
1216
1244
1270
1242
1366
1184
1248
1200
1278
1176
1258
1210
1160
1176
1232
1230
1294
1170
1214
1162
1292
1314
1254
1410
1176
1294
1112
1340
1176
1204
1372
1200
1200
1250
1214
1264
1368
1214
1200
1228
1208
1176
1244
1204
1392
1160
1144
1192
1280
1214
1148
1222
1318
1232
1314
1302
1164
1476
1216
1176
1364
1138
1112
1278
1198
1214
1224
1176
1240
1272
1232
1264
1176
1176
1216
1206
1242
1292
1184
1170
1214
1186
1220
1312
1294
1226
1192
1186
1350
1154
1330
1288
1400
1182
1184
1110
1226
1228
1144
1218
1294
1256
1208
1126
1200
1188
1352
1276
1216
1356
1208
1198
1176
1222
1254
1278
1126
1124
1414
1180
1246
1190
1402
1192
;
HBBS sumD : 1110
BEST_CONFIGURATIONS : 
42 42 
41 42 
36 41 
36 40 
35 40 
34 40 
34 36 
35 36 
35 34 
35 33 
34 33 
32 33 
32 27 
32 26 
27 26 
31 26 
31 27 
31 32 
31 30 
31 29 
30 29 
30 28 
29 28 
17 28 
17 19 
17 16 
19 16 
22 16 
22 6 
7 6 
7 22 
7 10 
11 10 
11 21 
11 8 
21 8 
12 8 
12 20 
12 9 
20 9 
14 21 
14 13 
27 13 
32 13 
33 13 
33 39 
32 39 
26 39 
23 39 
23 26 
23 38 
26 38 
31 38 
30 38 
29 37 
28 37 
28 43 
37 43 
37 25 
37 38 
25 43 
0 25 
0 1 
23 1 
2 1 
2 23 
2 3 
4 3 
4 24 
4 5 
24 5 
24 40 
42 42 
;
ROBOT MOVING BEST:
0 0 
1 1 
1 1 
1 1 
1 1 
1 1 
1 1 
1 1 
1 1 
1 1 
1 1 
1 1 
1 1 
1 1 
1 1 
1 1 
1 1 
1 1 
1 1 
1 1 
1 1 
1 1 
1 1 
1 1 
1 1 
1 1 
1 1 
1 1 
1 1 
1 1 
1 1 
1 1 
1 1 
1 1 
1 1 
1 1 
1 1 
1 1 
1 1 
1 1 
1 1 
1 1 
1 1 
1 1 
1 1 
1 1 
1 1 
1 1 
1 1 
1 1 
1 1 
1 1 
1 1 
1 1 
1 1 
1 1 
1 1 
1 1 
1 1 
1 1 
1 1 
1 1 
1 1 
1 1 
1 1 
1 1 
1 1 
1 1 
1 1 
1 1 
1 1 
1 1 
1 1 
;
TIMETABLE BEST: 
0.0 0.0 
10 0 
19 10 
19 21 
29 21 
37 21 
37 37 
45 37 
45 51 
45 60 
53 60 
67 60 
67 71 
67 78 
73 78 
80 78 
80 85 
80 91 
80 108 
80 116 
88 116 
88 125 
96 125 
111 125 
111 139 
111 153 
123 153 
145 153 
145 167 
151 167 
151 179 
151 192 
171 192 
171 205 
171 212 
181 212 
194 212 
194 226 
194 235 
204 235 
248 255 
248 296 
319 296 
325 296 
334 296 
334 390 
343 390 
356 390 
364 390 
364 398 
364 406 
372 406 
386 406 
394 406 
402 415 
411 415 
411 421 
431 421 
431 432 
431 458 
448 473 
458 484 
458 500 
474 500 
481 500 
481 510 
481 523 
501 523 
501 536 
501 544 
508 544 
508 565 
526.0 584.0 
;
EXECUTION TIME HBSS: 9.75434589386 seconds 

-------------------------------------------------------------------
