N_ROBOTS: 4
;

CONFIGURATIONS:
15 33 26 31 
15 33 26 31 
15 33 26 31 
15 33 26 31 
15 33 26 31 
15 33 26 31 
14 32 26 31 
14 32 26 31 
14 32 26 30 
14 32 26 30 
14 32 26 30 
13 32 26 30 
13 32 26 30 
13 32 26 30 
13 33 26 30 
13 33 27 30 
13 33 27 31 
13 33 27 31 
14 33 27 31 
14 33 27 31 
14 33 27 31 
15 32 27 31 
15 32 27 31 
15 32 27 30 
15 32 27 30 
15 32 27 30 
14 32 28 30 
14 32 28 30 
14 32 28 31 
14 32 28 31 
13 32 28 31 
13 33 28 31 
13 33 28 30 
13 33 28 30 
12 32 28 30 
12 32 21 30 
12 32 21 30 
12 32 21 30 
12 32 21 30 
11 32 21 30 
11 32 21 30 
11 32 21 30 
11 33 21 30 
11 33 21 31 
11 33 21 31 
11 33 21 31 
12 33 21 31 
12 33 21 31 
12 33 27 31 
11 33 26 31 
11 33 26 23 
11 32 26 23 
11 32 26 23 
11 32 27 23 
11 33 27 23 
11 33 27 23 
11 33 28 23 
11 33 28 23 
11 24 28 23 
12 24 28 23 
12 24 28 23 
12 24 28 23 
13 24 28 23 
13 24 21 23 
13 24 21 23 
13 24 21 23 
14 24 21 23 
14 24 21 23 
14 24 21 23 
15 24 21 23 
15 24 21 23 
15 24 21 23 
14 25 21 23 
14 25 21 23 
13 25 21 23 
13 25 21 31 
13 25 29 31 
13 25 29 31 
13 25 29 31 
14 25 29 31 
14 25 29 30 
14 25 29 30 
15 25 29 30 
15 25 29 30 
15 25 29 22 
15 25 29 22 
15 25 29 22 
14 25 29 22 
14 24 29 22 
14 24 29 22 
14 33 29 22 
13 33 29 22 
13 33 29 22 
13 32 29 22 
13 32 29 22 
12 32 29 22 
12 32 29 22 
11 32 29 22 
11 32 29 22 
11 31 29 22 
11 30 29 22 
11 30 28 22 
10 30 28 22 
10 30 28 22 
10 30 28 22 
10 31 28 22 
10 31 27 22 
10 31 27 22 
10 31 26 22 
10 31 26 22 
10 23 26 22 
10 23 26 22 
9 23 20 22 
9 23 20 22 
9 31 20 22 
9 31 20 22 
9 30 20 22 
9 30 20 22 
9 30 20 29 
9 30 20 29 
10 29 20 29 
10 29 20 29 
10 29 20 28 
10 29 20 28 
9 29 20 28 
9 29 26 28 
9 29 26 28 
9 29 26 28 
9 29 27 28 
9 29 27 28 
9 29 27 28 
9 29 26 27 
9 13 26 27 
9 13 26 21 
9 13 26 21 
9 14 26 21 
9 14 27 21 
9 15 27 21 
9 15 28 21 
9 15 28 21 
10 14 28 21 
10 14 21 21 
10 13 21 21 
10 13 21 29 
9 12 21 29 
9 11 21 29 
9 11 21 22 
10 11 21 22 
10 12 21 22 
10 12 26 22 
10 11 20 22 
11 11 20 13 
11 11 20 13 
11 12 20 13 
11 12 20 13 
11 12 20 13 
11 12 20 14 
11 12 20 14 
11 12 20 14 
11 12 20 15 
11 12 20 15 
11 12 20 15 
11 12 20 16 
11 12 20 16 
11 12 26 16 
11 12 26 17 
11 12 26 17 
11 12 27 17 
11 12 27 16 
11 13 27 16 
10 13 27 16 
10 13 28 16 
10 14 28 16 
10 15 28 16 
10 15 28 16 
10 15 21 16 
10 14 21 17 
10 14 21 17 
10 13 21 17 
10 13 28 17 
9 4 28 17 
9 4 21 17 
9 4 21 16 
9 4 21 17 
10 4 21 17 
10 4 27 17 
10 4 26 17 
10 4 26 18 
11 4 26 18 
11 4 26 19 
11 4 20 19 
12 4 20 19 
12 4 20 18 
11 5 20 18 
11 5 20 18 
11 5 20 18 
12 5 20 18 
12 5 20 17 
12 5 26 17 
13 5 26 17 
13 5 26 16 
13 5 27 16 
14 5 27 16 
14 5 27 15 
14 5 28 15 
14 5 28 15 
13 5 28 14 
13 5 21 14 
13 5 21 15 
13 4 21 15 
13 4 28 15 
13 4 28 15 
14 4 28 15 
14 4 29 15 
14 4 29 16 
15 4 29 17 
15 4 29 17 
15 5 29 17 
14 5 29 18 
14 5 29 18 
14 6 29 18 
14 6 29 18 
14 6 29 18 
13 6 29 18 
13 6 29 18 
13 6 22 18 
13 6 22 18 
12 6 22 18 
12 6 22 17 
12 6 22 17 
11 6 22 17 
11 6 22 16 
11 6 22 16 
10 6 22 16 
10 6 22 15 
10 6 30 15 
10 6 31 15 
10 6 31 16 
10 6 30 16 
9 5 30 16 
9 5 30 16 
9 5 30 17 
10 5 30 17 
10 5 31 17 
10 5 31 17 
10 5 23 17 
10 5 23 16 
10 5 23 17 
10 4 23 17 
10 4 23 18 
9 3 23 18 
9 3 23 18 
9 3 23 18 
10 3 23 18 
10 3 31 18 
10 3 31 17 
10 3 30 17 
10 3 30 16 
11 3 30 16 
11 3 30 15 
11 3 22 15 
12 3 22 15 
12 3 22 14 
13 3 22 14 
13 3 29 14 
4 3 29 14 
4 3 22 14 
4 3 22 5 
4 3 22 5 
4 3 22 5 
4 3 30 5 
4 3 30 6 
4 3 30 6 
4 3 31 6 
4 3 31 7 
4 3 31 7 
4 3 31 7 
4 3 30 7 
5 3 30 7 
5 0 30 7 
5 0 30 7 
5 0 30 7 
5 0 31 7 
4 0 31 7 
4 0 31 6 
4 0 32 6 
4 0 32 6 
4 0 33 6 
4 0 33 6 
4 3 32 6 
5 3 32 6 
5 3 32 6 
5 3 33 6 
5 3 33 7 
6 3 33 7 
6 13 33 7 
6 13 32 7 
6 14 32 7 
6 14 23 7 
6 14 23 7 
6 15 23 7 
7 16 23 7 
7 16 32 7 
7 17 32 7 
7 17 32 7 
7 17 32 2 
7 17 32 2 
7 17 32 2 
7 16 33 2 
7 16 33 2 
7 16 33 2 
6 16 33 2 
6 17 33 2 
5 17 33 2 
5 18 32 2 
5 18 32 2 
5 18 33 2 
4 18 33 2 
4 19 32 2 
4 19 32 2 
5 19 32 2 
5 19 33 2 
5 19 33 6 
4 19 24 6 
4 19 24 6 
4 19 24 6 
4 19 25 6 
4 18 25 6 
4 18 25 6 
4 17 24 6 
5 17 24 6 
5 17 24 7 
5 16 24 7 
1 15 24 7 
1 15 24 7 
1 15 24 6 
1 14 24 6 
1 14 25 6 
1 14 25 5 
1 14 25 5 
1 13 25 5 
1 13 25 4 
1 12 25 4 
1 12 33 4 
1 11 33 4 
1 11 32 4 
1 11 32 3 
1 11 31 3 
1 10 31 3 
1 10 30 3 
1 10 30 0 
1 10 30 0 
1 9 30 0 
1 9 22 0 
1 9 22 0 
1 9 22 0 
1 9 29 0 
1 9 29 0 
1 11 29 0 
1 11 28 0 
1 11 28 0 
1 12 28 0 
1 12 27 0 
1 12 27 0 
1 13 27 0 
1 13 26 0 
1 13 26 0 
1 14 26 0 
1 14 20 0 
1 15 20 0 
1 15 20 0 
1 16 20 0 
1 16 20 0 
1 17 20 0 
1 17 20 0 
1 18 20 0 
1 18 21 0 
1 18 21 0 
1 19 21 0 
1 19 21 3 
1 19 27 3 
5 8 27 3 
5 8 26 3 
6 8 26 3 
6 8 27 3 
6 8 28 3 
6 8 28 3 
6 8 21 3 
7 8 21 3 
7 8 21 1 
7 8 29 1 
7 19 29 1 
7 19 29 1 
7 18 29 1 
7 18 30 1 
7 18 30 12 
7 18 31 12 
7 18 31 11 
7 19 23 11 
7 19 31 11 
2 19 31 11 
2 19 31 11 
2 19 30 11 
2 19 30 12 
2 19 30 12 
2 19 30 13 
2 19 30 13 
2 19 22 13 
2 19 22 13 
2 19 22 14 
2 19 22 14 
2 19 29 14 
2 19 29 15 
2 19 29 15 
2 18 29 15 
2 18 28 15 
2 17 28 16 
2 17 21 16 
2 18 21 16 
2 18 21 17 
2 19 21 16 
7 19 22 16 
7 19 22 17 
7 19 22 18 
2 25 22 18 
2 25 22 16 
2 25 23 16 
2 25 23 17 
2 24 23 17 
2 24 31 17 
2 24 31 18 
2 24 30 18 
7 25 30 18 
7 25 30 19 
7 25 32 19 
7 25 33 19 
7 25 33 24 
7 25 33 24 
7 25 32 24 
7 33 32 24 
8 33 32 24 
8 33 32 24 
8 33 32 24 
8 33 31 24 
8 33 31 25 
8 33 30 25 
8 31 30 25 
8 23 30 25 
8 23 30 19 
8 23 30 19 
8 23 31 19 
8 23 31 18 
8 23 31 17 
8 23 31 16 
8 23 29 16 
8 23 29 15 
8 23 29 14 
8 23 1 14 
8 23 1 0 
2 23 1 0 
2 23 3 0 
2 23 3 0 
2 23 3 0 
2 8 3 0 
2 8 10 9 
3 8 10 20 
3 8 20 26 
3 8 20 27 
3 8 20 21 
15 33 26 31 
;

COORDINATES_LIST:
412 170 | 544 269 | 159 269 | 445 269 | 
412 170 | 544 269 | 159 269 | 445 269 | 
412 170 | 544 269 | 159 269 | 445 269 | 
412 170 | 544 269 | 159 269 | 445 269 | 
412 170 | 544 269 | 159 269 | 445 269 | 
412 170 | 544 269 | 159 269 | 445 269 | 
368 170 | 500 269 | 159 269 | 445 269 | 
368 170 | 500 269 | 159 269 | 445 269 | 
368 170 | 500 269 | 159 269 | 401 269 | 
368 170 | 500 269 | 159 269 | 401 269 | 
368 170 | 500 269 | 159 269 | 401 269 | 
324 170 | 500 269 | 159 269 | 401 269 | 
324 170 | 500 269 | 159 269 | 401 269 | 
324 170 | 500 269 | 159 269 | 401 269 | 
324 170 | 544 269 | 159 269 | 401 269 | 
324 170 | 544 269 | 203 269 | 401 269 | 
324 170 | 544 269 | 203 269 | 445 269 | 
324 170 | 544 269 | 203 269 | 445 269 | 
368 170 | 544 269 | 203 269 | 445 269 | 
368 170 | 544 269 | 203 269 | 445 269 | 
368 170 | 544 269 | 203 269 | 445 269 | 
412 170 | 500 269 | 203 269 | 445 269 | 
412 170 | 500 269 | 203 269 | 445 269 | 
412 170 | 500 269 | 203 269 | 401 269 | 
412 170 | 500 269 | 203 269 | 401 269 | 
412 170 | 500 269 | 203 269 | 401 269 | 
368 170 | 500 269 | 247 269 | 401 269 | 
368 170 | 500 269 | 247 269 | 401 269 | 
368 170 | 500 269 | 247 269 | 445 269 | 
368 170 | 500 269 | 247 269 | 445 269 | 
324 170 | 500 269 | 247 269 | 445 269 | 
324 170 | 544 269 | 247 269 | 445 269 | 
324 170 | 544 269 | 247 269 | 401 269 | 
324 170 | 544 269 | 247 269 | 401 269 | 
269 170 | 500 269 | 247 269 | 401 269 | 
269 170 | 500 269 | 225 236 | 401 269 | 
269 170 | 500 269 | 225 236 | 401 269 | 
269 170 | 500 269 | 225 236 | 401 269 | 
269 170 | 500 269 | 225 236 | 401 269 | 
236 181 | 500 269 | 225 236 | 401 269 | 
236 181 | 500 269 | 225 236 | 401 269 | 
236 181 | 500 269 | 225 236 | 401 269 | 
236 181 | 544 269 | 225 236 | 401 269 | 
236 181 | 544 269 | 225 236 | 445 269 | 
236 181 | 544 269 | 225 236 | 445 269 | 
236 181 | 544 269 | 225 236 | 445 269 | 
269 170 | 544 269 | 225 236 | 445 269 | 
269 170 | 544 269 | 225 236 | 445 269 | 
269 170 | 544 269 | 203 269 | 445 269 | 
236 181 | 544 269 | 159 269 | 445 269 | 
236 181 | 544 269 | 159 269 | 467 236 | 
236 181 | 500 269 | 159 269 | 467 236 | 
236 181 | 500 269 | 159 269 | 467 236 | 
236 181 | 500 269 | 203 269 | 467 236 | 
236 181 | 544 269 | 203 269 | 467 236 | 
236 181 | 544 269 | 203 269 | 467 236 | 
236 181 | 544 269 | 247 269 | 467 236 | 
236 181 | 544 269 | 247 269 | 467 236 | 
236 181 | 577 236 | 247 269 | 467 236 | 
269 170 | 577 236 | 247 269 | 467 236 | 
269 170 | 577 236 | 247 269 | 467 236 | 
269 170 | 577 236 | 247 269 | 467 236 | 
324 170 | 577 236 | 247 269 | 467 236 | 
324 170 | 577 236 | 225 236 | 467 236 | 
324 170 | 577 236 | 225 236 | 467 236 | 
324 170 | 577 236 | 225 236 | 467 236 | 
368 170 | 577 236 | 225 236 | 467 236 | 
368 170 | 577 236 | 225 236 | 467 236 | 
368 170 | 577 236 | 225 236 | 467 236 | 
412 170 | 577 236 | 225 236 | 467 236 | 
412 170 | 577 236 | 225 236 | 467 236 | 
412 170 | 577 236 | 225 236 | 467 236 | 
368 170 | 610 258 | 225 236 | 467 236 | 
368 170 | 610 258 | 225 236 | 467 236 | 
324 170 | 610 258 | 225 236 | 467 236 | 
324 170 | 610 258 | 225 236 | 445 269 | 
324 170 | 610 258 | 324 269 | 445 269 | 
324 170 | 610 258 | 324 269 | 445 269 | 
324 170 | 610 258 | 324 269 | 445 269 | 
368 170 | 610 258 | 324 269 | 445 269 | 
368 170 | 610 258 | 324 269 | 401 269 | 
368 170 | 610 258 | 324 269 | 401 269 | 
412 170 | 610 258 | 324 269 | 401 269 | 
412 170 | 610 258 | 324 269 | 401 269 | 
412 170 | 610 258 | 324 269 | 368 236 | 
412 170 | 610 258 | 324 269 | 368 236 | 
412 170 | 610 258 | 324 269 | 368 236 | 
368 170 | 610 258 | 324 269 | 368 236 | 
368 170 | 577 236 | 324 269 | 368 236 | 
368 170 | 577 236 | 324 269 | 368 236 | 
368 170 | 544 269 | 324 269 | 368 236 | 
324 170 | 544 269 | 324 269 | 368 236 | 
324 170 | 544 269 | 324 269 | 368 236 | 
324 170 | 500 269 | 324 269 | 368 236 | 
324 170 | 500 269 | 324 269 | 368 236 | 
269 170 | 500 269 | 324 269 | 368 236 | 
269 170 | 500 269 | 324 269 | 368 236 | 
236 181 | 500 269 | 324 269 | 368 236 | 
236 181 | 500 269 | 324 269 | 368 236 | 
236 181 | 445 269 | 324 269 | 368 236 | 
236 181 | 401 269 | 324 269 | 368 236 | 
236 181 | 401 269 | 247 269 | 368 236 | 
170 159 | 401 269 | 247 269 | 368 236 | 
170 159 | 401 269 | 247 269 | 368 236 | 
170 159 | 401 269 | 247 269 | 368 236 | 
170 159 | 445 269 | 247 269 | 368 236 | 
170 159 | 445 269 | 203 269 | 368 236 | 
170 159 | 445 269 | 203 269 | 368 236 | 
170 159 | 445 269 | 159 269 | 368 236 | 
170 159 | 445 269 | 159 269 | 368 236 | 
170 159 | 467 236 | 159 269 | 368 236 | 
170 159 | 467 236 | 159 269 | 368 236 | 
126 170 | 467 236 | 126 236 | 368 236 | 
126 170 | 467 236 | 126 236 | 368 236 | 
126 170 | 445 269 | 126 236 | 368 236 | 
126 170 | 445 269 | 126 236 | 368 236 | 
126 170 | 401 269 | 126 236 | 368 236 | 
126 170 | 401 269 | 126 236 | 368 236 | 
126 170 | 401 269 | 126 236 | 324 269 | 
126 170 | 401 269 | 126 236 | 324 269 | 
170 159 | 324 269 | 126 236 | 324 269 | 
170 159 | 324 269 | 126 236 | 324 269 | 
170 159 | 324 269 | 126 236 | 247 269 | 
170 159 | 324 269 | 126 236 | 247 269 | 
126 170 | 324 269 | 126 236 | 247 269 | 
126 170 | 324 269 | 159 269 | 247 269 | 
126 170 | 324 269 | 159 269 | 247 269 | 
126 170 | 324 269 | 159 269 | 247 269 | 
126 170 | 324 269 | 203 269 | 247 269 | 
126 170 | 324 269 | 203 269 | 247 269 | 
126 170 | 324 269 | 203 269 | 247 269 | 
126 170 | 324 269 | 159 269 | 203 269 | 
126 170 | 324 170 | 159 269 | 203 269 | 
126 170 | 324 170 | 159 269 | 225 236 | 
126 170 | 324 170 | 159 269 | 225 236 | 
126 170 | 368 170 | 159 269 | 225 236 | 
126 170 | 368 170 | 203 269 | 225 236 | 
126 170 | 412 170 | 203 269 | 225 236 | 
126 170 | 412 170 | 247 269 | 225 236 | 
126 170 | 412 170 | 247 269 | 225 236 | 
170 159 | 368 170 | 247 269 | 225 236 | 
170 159 | 368 170 | 225 236 | 225 236 | 
170 159 | 324 170 | 225 236 | 225 236 | 
170 159 | 324 170 | 225 236 | 324 269 | 
126 170 | 269 170 | 225 236 | 324 269 | 
126 170 | 236 181 | 225 236 | 324 269 | 
126 170 | 236 181 | 225 236 | 368 236 | 
170 159 | 236 181 | 225 236 | 368 236 | 
170 159 | 269 170 | 225 236 | 368 236 | 
170 159 | 269 170 | 159 269 | 368 236 | 
170 159 | 236 181 | 126 236 | 368 236 | 
236 181 | 236 181 | 126 236 | 324 170 | 
236 181 | 236 181 | 126 236 | 324 170 | 
236 181 | 269 170 | 126 236 | 324 170 | 
236 181 | 269 170 | 126 236 | 324 170 | 
236 181 | 269 170 | 126 236 | 324 170 | 
236 181 | 269 170 | 126 236 | 368 170 | 
236 181 | 269 170 | 126 236 | 368 170 | 
236 181 | 269 170 | 126 236 | 368 170 | 
236 181 | 269 170 | 126 236 | 412 170 | 
236 181 | 269 170 | 126 236 | 412 170 | 
236 181 | 269 170 | 126 236 | 412 170 | 
236 181 | 269 170 | 126 236 | 467 170 | 
236 181 | 269 170 | 126 236 | 467 170 | 
236 181 | 269 170 | 159 269 | 467 170 | 
236 181 | 269 170 | 159 269 | 511 170 | 
236 181 | 269 170 | 159 269 | 511 170 | 
236 181 | 269 170 | 203 269 | 511 170 | 
236 181 | 269 170 | 203 269 | 467 170 | 
236 181 | 324 170 | 203 269 | 467 170 | 
170 159 | 324 170 | 203 269 | 467 170 | 
170 159 | 324 170 | 247 269 | 467 170 | 
170 159 | 368 170 | 247 269 | 467 170 | 
170 159 | 412 170 | 247 269 | 467 170 | 
170 159 | 412 170 | 247 269 | 467 170 | 
170 159 | 412 170 | 225 236 | 467 170 | 
170 159 | 368 170 | 225 236 | 511 170 | 
170 159 | 368 170 | 225 236 | 511 170 | 
170 159 | 324 170 | 225 236 | 511 170 | 
170 159 | 324 170 | 247 269 | 511 170 | 
126 170 | 324 104 | 247 269 | 511 170 | 
126 170 | 324 104 | 225 236 | 511 170 | 
126 170 | 324 104 | 225 236 | 467 170 | 
126 170 | 324 104 | 225 236 | 511 170 | 
170 159 | 324 104 | 225 236 | 511 170 | 
170 159 | 324 104 | 203 269 | 511 170 | 
170 159 | 324 104 | 159 269 | 511 170 | 
170 159 | 324 104 | 159 269 | 566 170 | 
236 181 | 324 104 | 159 269 | 566 170 | 
236 181 | 324 104 | 159 269 | 621 170 | 
236 181 | 324 104 | 126 236 | 621 170 | 
269 170 | 324 104 | 126 236 | 621 170 | 
269 170 | 324 104 | 126 236 | 566 170 | 
236 181 | 390 104 | 126 236 | 566 170 | 
236 181 | 390 104 | 126 236 | 566 170 | 
236 181 | 390 104 | 126 236 | 566 170 | 
269 170 | 390 104 | 126 236 | 566 170 | 
269 170 | 390 104 | 126 236 | 511 170 | 
269 170 | 390 104 | 159 269 | 511 170 | 
324 170 | 390 104 | 159 269 | 511 170 | 
324 170 | 390 104 | 159 269 | 467 170 | 
324 170 | 390 104 | 203 269 | 467 170 | 
368 170 | 390 104 | 203 269 | 467 170 | 
368 170 | 390 104 | 203 269 | 412 170 | 
368 170 | 390 104 | 247 269 | 412 170 | 
368 170 | 390 104 | 247 269 | 412 170 | 
324 170 | 390 104 | 247 269 | 368 170 | 
324 170 | 390 104 | 225 236 | 368 170 | 
324 170 | 390 104 | 225 236 | 412 170 | 
324 170 | 324 104 | 225 236 | 412 170 | 
324 170 | 324 104 | 247 269 | 412 170 | 
324 170 | 324 104 | 247 269 | 412 170 | 
368 170 | 324 104 | 247 269 | 412 170 | 
368 170 | 324 104 | 324 269 | 412 170 | 
368 170 | 324 104 | 324 269 | 467 170 | 
412 170 | 324 104 | 324 269 | 511 170 | 
412 170 | 324 104 | 324 269 | 511 170 | 
412 170 | 390 104 | 324 269 | 511 170 | 
368 170 | 390 104 | 324 269 | 566 170 | 
368 170 | 390 104 | 324 269 | 566 170 | 
368 170 | 456 104 | 324 269 | 566 170 | 
368 170 | 456 104 | 324 269 | 566 170 | 
368 170 | 456 104 | 324 269 | 566 170 | 
324 170 | 456 104 | 324 269 | 566 170 | 
324 170 | 456 104 | 324 269 | 566 170 | 
324 170 | 456 104 | 368 236 | 566 170 | 
324 170 | 456 104 | 368 236 | 566 170 | 
269 170 | 456 104 | 368 236 | 566 170 | 
269 170 | 456 104 | 368 236 | 511 170 | 
269 170 | 456 104 | 368 236 | 511 170 | 
236 181 | 456 104 | 368 236 | 511 170 | 
236 181 | 456 104 | 368 236 | 467 170 | 
236 181 | 456 104 | 368 236 | 467 170 | 
170 159 | 456 104 | 368 236 | 467 170 | 
170 159 | 456 104 | 368 236 | 412 170 | 
170 159 | 456 104 | 401 269 | 412 170 | 
170 159 | 456 104 | 445 269 | 412 170 | 
170 159 | 456 104 | 445 269 | 467 170 | 
170 159 | 456 104 | 401 269 | 467 170 | 
126 170 | 390 104 | 401 269 | 467 170 | 
126 170 | 390 104 | 401 269 | 467 170 | 
126 170 | 390 104 | 401 269 | 511 170 | 
170 159 | 390 104 | 401 269 | 511 170 | 
170 159 | 390 104 | 445 269 | 511 170 | 
170 159 | 390 104 | 445 269 | 511 170 | 
170 159 | 390 104 | 467 236 | 511 170 | 
170 159 | 390 104 | 467 236 | 467 170 | 
170 159 | 390 104 | 467 236 | 511 170 | 
170 159 | 324 104 | 467 236 | 511 170 | 
170 159 | 324 104 | 467 236 | 566 170 | 
126 170 | 247 104 | 467 236 | 566 170 | 
126 170 | 247 104 | 467 236 | 566 170 | 
126 170 | 247 104 | 467 236 | 566 170 | 
170 159 | 247 104 | 467 236 | 566 170 | 
170 159 | 247 104 | 445 269 | 566 170 | 
170 159 | 247 104 | 445 269 | 511 170 | 
170 159 | 247 104 | 401 269 | 511 170 | 
170 159 | 247 104 | 401 269 | 467 170 | 
236 181 | 247 104 | 401 269 | 467 170 | 
236 181 | 247 104 | 401 269 | 412 170 | 
236 181 | 247 104 | 368 236 | 412 170 | 
269 170 | 247 104 | 368 236 | 412 170 | 
269 170 | 247 104 | 368 236 | 368 170 | 
324 170 | 247 104 | 368 236 | 368 170 | 
324 170 | 247 104 | 324 269 | 368 170 | 
324 104 | 247 104 | 324 269 | 368 170 | 
324 104 | 247 104 | 368 236 | 368 170 | 
324 104 | 247 104 | 368 236 | 390 104 | 
324 104 | 247 104 | 368 236 | 390 104 | 
324 104 | 247 104 | 368 236 | 390 104 | 
324 104 | 247 104 | 401 269 | 390 104 | 
324 104 | 247 104 | 401 269 | 456 104 | 
324 104 | 247 104 | 401 269 | 456 104 | 
324 104 | 247 104 | 445 269 | 456 104 | 
324 104 | 247 104 | 445 269 | 533 104 | 
324 104 | 247 104 | 445 269 | 533 104 | 
324 104 | 247 104 | 445 269 | 533 104 | 
324 104 | 247 104 | 401 269 | 533 104 | 
390 104 | 247 104 | 401 269 | 533 104 | 
390 104 | 214 49 | 401 269 | 533 104 | 
390 104 | 214 49 | 401 269 | 533 104 | 
390 104 | 214 49 | 401 269 | 533 104 | 
390 104 | 214 49 | 445 269 | 533 104 | 
324 104 | 214 49 | 445 269 | 533 104 | 
324 104 | 214 49 | 445 269 | 456 104 | 
324 104 | 214 49 | 500 269 | 456 104 | 
324 104 | 214 49 | 500 269 | 456 104 | 
324 104 | 214 49 | 544 269 | 456 104 | 
324 104 | 214 49 | 544 269 | 456 104 | 
324 104 | 247 104 | 500 269 | 456 104 | 
390 104 | 247 104 | 500 269 | 456 104 | 
390 104 | 247 104 | 500 269 | 456 104 | 
390 104 | 247 104 | 544 269 | 456 104 | 
390 104 | 247 104 | 544 269 | 533 104 | 
456 104 | 247 104 | 544 269 | 533 104 | 
456 104 | 324 170 | 544 269 | 533 104 | 
456 104 | 324 170 | 500 269 | 533 104 | 
456 104 | 368 170 | 500 269 | 533 104 | 
456 104 | 368 170 | 467 236 | 533 104 | 
456 104 | 368 170 | 467 236 | 533 104 | 
456 104 | 412 170 | 467 236 | 533 104 | 
533 104 | 467 170 | 467 236 | 533 104 | 
533 104 | 467 170 | 500 269 | 533 104 | 
533 104 | 511 170 | 500 269 | 533 104 | 
533 104 | 511 170 | 500 269 | 533 104 | 
533 104 | 511 170 | 500 269 | 489 49 | 
533 104 | 511 170 | 500 269 | 489 49 | 
533 104 | 511 170 | 500 269 | 489 49 | 
533 104 | 467 170 | 544 269 | 489 49 | 
533 104 | 467 170 | 544 269 | 489 49 | 
533 104 | 467 170 | 544 269 | 489 49 | 
456 104 | 467 170 | 544 269 | 489 49 | 
456 104 | 511 170 | 544 269 | 489 49 | 
390 104 | 511 170 | 544 269 | 489 49 | 
390 104 | 566 170 | 500 269 | 489 49 | 
390 104 | 566 170 | 500 269 | 489 49 | 
390 104 | 566 170 | 544 269 | 489 49 | 
324 104 | 566 170 | 544 269 | 489 49 | 
324 104 | 621 170 | 500 269 | 489 49 | 
324 104 | 621 170 | 500 269 | 489 49 | 
390 104 | 621 170 | 500 269 | 489 49 | 
390 104 | 621 170 | 544 269 | 489 49 | 
390 104 | 621 170 | 544 269 | 456 104 | 
324 104 | 621 170 | 577 236 | 456 104 | 
324 104 | 621 170 | 577 236 | 456 104 | 
324 104 | 621 170 | 577 236 | 456 104 | 
324 104 | 621 170 | 610 258 | 456 104 | 
324 104 | 566 170 | 610 258 | 456 104 | 
324 104 | 566 170 | 610 258 | 456 104 | 
324 104 | 511 170 | 577 236 | 456 104 | 
390 104 | 511 170 | 577 236 | 456 104 | 
390 104 | 511 170 | 577 236 | 533 104 | 
390 104 | 467 170 | 577 236 | 533 104 | 
357 49 | 412 170 | 577 236 | 533 104 | 
357 49 | 412 170 | 577 236 | 533 104 | 
357 49 | 412 170 | 577 236 | 456 104 | 
357 49 | 368 170 | 577 236 | 456 104 | 
357 49 | 368 170 | 610 258 | 456 104 | 
357 49 | 368 170 | 610 258 | 390 104 | 
357 49 | 368 170 | 610 258 | 390 104 | 
357 49 | 324 170 | 610 258 | 390 104 | 
357 49 | 324 170 | 610 258 | 324 104 | 
357 49 | 269 170 | 610 258 | 324 104 | 
357 49 | 269 170 | 544 269 | 324 104 | 
357 49 | 236 181 | 544 269 | 324 104 | 
357 49 | 236 181 | 500 269 | 324 104 | 
357 49 | 236 181 | 500 269 | 247 104 | 
357 49 | 236 181 | 445 269 | 247 104 | 
357 49 | 170 159 | 445 269 | 247 104 | 
357 49 | 170 159 | 401 269 | 247 104 | 
357 49 | 170 159 | 401 269 | 214 49 | 
357 49 | 170 159 | 401 269 | 214 49 | 
357 49 | 126 170 | 401 269 | 214 49 | 
357 49 | 126 170 | 368 236 | 214 49 | 
357 49 | 126 170 | 368 236 | 214 49 | 
357 49 | 126 170 | 368 236 | 214 49 | 
357 49 | 126 170 | 324 269 | 214 49 | 
357 49 | 126 170 | 324 269 | 214 49 | 
357 49 | 236 181 | 324 269 | 214 49 | 
357 49 | 236 181 | 247 269 | 214 49 | 
357 49 | 236 181 | 247 269 | 214 49 | 
357 49 | 269 170 | 247 269 | 214 49 | 
357 49 | 269 170 | 203 269 | 214 49 | 
357 49 | 269 170 | 203 269 | 214 49 | 
357 49 | 324 170 | 203 269 | 214 49 | 
357 49 | 324 170 | 159 269 | 214 49 | 
357 49 | 324 170 | 159 269 | 214 49 | 
357 49 | 368 170 | 159 269 | 214 49 | 
357 49 | 368 170 | 126 236 | 214 49 | 
357 49 | 412 170 | 126 236 | 214 49 | 
357 49 | 412 170 | 126 236 | 214 49 | 
357 49 | 467 170 | 126 236 | 214 49 | 
357 49 | 467 170 | 126 236 | 214 49 | 
357 49 | 511 170 | 126 236 | 214 49 | 
357 49 | 511 170 | 126 236 | 214 49 | 
357 49 | 566 170 | 126 236 | 214 49 | 
357 49 | 566 170 | 225 236 | 214 49 | 
357 49 | 566 170 | 225 236 | 214 49 | 
357 49 | 621 170 | 225 236 | 214 49 | 
357 49 | 621 170 | 225 236 | 247 104 | 
357 49 | 621 170 | 203 269 | 247 104 | 
390 104 | 687 115 | 203 269 | 247 104 | 
390 104 | 687 115 | 159 269 | 247 104 | 
456 104 | 687 115 | 159 269 | 247 104 | 
456 104 | 687 115 | 203 269 | 247 104 | 
456 104 | 687 115 | 247 269 | 247 104 | 
456 104 | 687 115 | 247 269 | 247 104 | 
456 104 | 687 115 | 225 236 | 247 104 | 
533 104 | 687 115 | 225 236 | 247 104 | 
533 104 | 687 115 | 225 236 | 357 49 | 
533 104 | 687 115 | 324 269 | 357 49 | 
533 104 | 621 170 | 324 269 | 357 49 | 
533 104 | 621 170 | 324 269 | 357 49 | 
533 104 | 566 170 | 324 269 | 357 49 | 
533 104 | 566 170 | 401 269 | 357 49 | 
533 104 | 566 170 | 401 269 | 269 170 | 
533 104 | 566 170 | 445 269 | 269 170 | 
533 104 | 566 170 | 445 269 | 236 181 | 
533 104 | 621 170 | 467 236 | 236 181 | 
533 104 | 621 170 | 445 269 | 236 181 | 
489 49 | 621 170 | 445 269 | 236 181 | 
489 49 | 621 170 | 445 269 | 236 181 | 
489 49 | 621 170 | 401 269 | 236 181 | 
489 49 | 621 170 | 401 269 | 269 170 | 
489 49 | 621 170 | 401 269 | 269 170 | 
489 49 | 621 170 | 401 269 | 324 170 | 
489 49 | 621 170 | 401 269 | 324 170 | 
489 49 | 621 170 | 368 236 | 324 170 | 
489 49 | 621 170 | 368 236 | 324 170 | 
489 49 | 621 170 | 368 236 | 368 170 | 
489 49 | 621 170 | 368 236 | 368 170 | 
489 49 | 621 170 | 324 269 | 368 170 | 
489 49 | 621 170 | 324 269 | 412 170 | 
489 49 | 621 170 | 324 269 | 412 170 | 
489 49 | 566 170 | 324 269 | 412 170 | 
489 49 | 566 170 | 247 269 | 412 170 | 
489 49 | 511 170 | 247 269 | 467 170 | 
489 49 | 511 170 | 225 236 | 467 170 | 
489 49 | 566 170 | 225 236 | 467 170 | 
489 49 | 566 170 | 225 236 | 511 170 | 
489 49 | 621 170 | 225 236 | 467 170 | 
533 104 | 621 170 | 368 236 | 467 170 | 
533 104 | 621 170 | 368 236 | 511 170 | 
533 104 | 621 170 | 368 236 | 566 170 | 
489 49 | 610 258 | 368 236 | 566 170 | 
489 49 | 610 258 | 368 236 | 467 170 | 
489 49 | 610 258 | 467 236 | 467 170 | 
489 49 | 610 258 | 467 236 | 511 170 | 
489 49 | 577 236 | 467 236 | 511 170 | 
489 49 | 577 236 | 445 269 | 511 170 | 
489 49 | 577 236 | 445 269 | 566 170 | 
489 49 | 577 236 | 401 269 | 566 170 | 
533 104 | 610 258 | 401 269 | 566 170 | 
533 104 | 610 258 | 401 269 | 621 170 | 
533 104 | 610 258 | 500 269 | 621 170 | 
533 104 | 610 258 | 544 269 | 621 170 | 
533 104 | 610 258 | 544 269 | 577 236 | 
533 104 | 610 258 | 544 269 | 577 236 | 
533 104 | 610 258 | 500 269 | 577 236 | 
533 104 | 544 269 | 500 269 | 577 236 | 
687 115 | 544 269 | 500 269 | 577 236 | 
687 115 | 544 269 | 500 269 | 577 236 | 
687 115 | 544 269 | 500 269 | 577 236 | 
687 115 | 544 269 | 445 269 | 577 236 | 
687 115 | 544 269 | 445 269 | 610 258 | 
687 115 | 544 269 | 401 269 | 610 258 | 
687 115 | 445 269 | 401 269 | 610 258 | 
687 115 | 467 236 | 401 269 | 610 258 | 
687 115 | 467 236 | 401 269 | 621 170 | 
687 115 | 467 236 | 401 269 | 621 170 | 
687 115 | 467 236 | 445 269 | 621 170 | 
687 115 | 467 236 | 445 269 | 566 170 | 
687 115 | 467 236 | 445 269 | 511 170 | 
687 115 | 467 236 | 445 269 | 467 170 | 
687 115 | 467 236 | 324 269 | 467 170 | 
687 115 | 467 236 | 324 269 | 412 170 | 
687 115 | 467 236 | 324 269 | 368 170 | 
687 115 | 467 236 | 357 49 | 368 170 | 
687 115 | 467 236 | 357 49 | 214 49 | 
489 49 | 467 236 | 357 49 | 214 49 | 
489 49 | 467 236 | 247 104 | 214 49 | 
489 49 | 467 236 | 247 104 | 214 49 | 
489 49 | 467 236 | 247 104 | 214 49 | 
489 49 | 687 115 | 247 104 | 214 49 | 
489 49 | 687 115 | 170 159 | 126 170 | 
247 104 | 687 115 | 170 159 | 126 236 | 
247 104 | 687 115 | 126 236 | 159 269 | 
247 104 | 687 115 | 126 236 | 203 269 | 
247 104 | 687 115 | 126 236 | 225 236 | 
412 170 | 544 269 | 159 269 | 445 269 | 
;

ROBOT_MOVING:
0 0 0 0 
1 1 0 0 
1 0 1 0 
1 0 0 1 
0 1 0 1 
0 0 1 1 
1 1 0 0 
1 0 1 0 
1 0 0 1 
0 1 0 1 
0 0 1 1 
1 1 0 0 
1 0 1 0 
1 0 0 1 
1 1 0 0 
1 0 1 0 
1 0 0 1 
0 0 1 1 
1 1 0 0 
1 0 1 0 
1 0 0 1 
1 1 0 0 
1 0 1 0 
1 0 0 1 
0 1 1 0 
0 0 1 1 
1 0 1 0 
0 1 1 0 
0 1 0 1 
0 0 1 1 
1 0 1 0 
0 1 1 0 
0 1 0 1 
0 0 1 1 
1 1 0 0 
1 0 1 0 
1 0 0 1 
0 1 1 0 
0 0 1 1 
1 1 0 0 
1 0 1 0 
1 0 0 1 
1 1 0 0 
1 0 0 1 
0 1 1 0 
0 0 1 1 
1 1 0 0 
1 0 0 1 
1 0 1 0 
1 0 1 0 
1 0 0 1 
0 1 0 1 
0 0 1 1 
1 0 1 0 
0 1 0 1 
0 0 1 1 
1 0 1 0 
0 0 1 1 
0 1 0 1 
1 1 0 0 
1 0 1 0 
1 0 0 1 
1 1 0 0 
1 0 1 0 
1 0 0 1 
0 0 1 1 
1 1 0 0 
1 0 1 0 
1 0 0 1 
1 1 0 0 
1 0 1 0 
1 0 0 1 
1 1 0 0 
0 1 0 1 
1 1 0 0 
0 1 0 1 
1 0 1 0 
0 1 1 0 
0 0 1 1 
1 0 1 0 
0 1 0 1 
0 0 1 1 
1 1 0 0 
1 0 1 0 
1 0 0 1 
0 1 0 1 
0 0 1 1 
1 0 0 1 
0 1 1 0 
0 1 0 1 
0 1 0 1 
1 0 0 1 
0 1 1 0 
0 1 1 0 
0 1 0 1 
1 0 1 0 
1 0 0 1 
1 0 1 0 
1 0 0 1 
0 1 0 1 
0 1 0 1 
0 0 1 1 
1 1 0 0 
1 0 1 0 
1 0 0 1 
1 1 0 0 
1 0 1 0 
0 0 1 1 
1 0 1 0 
0 0 1 1 
1 1 0 0 
0 1 0 1 
1 0 1 0 
1 0 0 1 
0 1 1 0 
0 0 1 1 
1 1 0 0 
0 1 1 0 
1 0 0 1 
0 0 1 1 
1 1 0 0 
1 0 1 0 
0 0 1 1 
0 1 0 1 
1 0 0 1 
1 0 1 0 
0 1 1 0 
0 0 1 1 
1 0 1 0 
0 1 1 0 
0 0 1 1 
0 0 1 1 
1 1 0 0 
1 0 0 1 
0 0 1 1 
1 1 0 0 
0 0 1 1 
1 1 0 0 
0 1 1 0 
0 0 1 1 
1 1 0 0 
1 0 1 0 
1 1 0 0 
0 0 1 1 
1 1 0 0 
1 1 0 0 
0 0 1 1 
1 1 0 0 
1 1 0 0 
0 1 1 0 
0 1 1 0 
1 0 0 1 
0 0 1 1 
1 1 0 0 
0 1 1 0 
0 1 0 1 
1 0 0 1 
0 1 0 1 
0 0 1 1 
1 0 0 1 
0 1 0 1 
0 0 1 1 
1 0 0 1 
0 1 0 1 
0 0 1 1 
1 0 0 1 
0 1 0 1 
0 0 1 1 
0 0 1 1 
0 1 0 1 
1 0 0 1 
0 0 1 1 
0 1 0 1 
1 1 0 0 
0 1 0 1 
0 0 1 1 
0 1 0 1 
0 0 1 1 
0 1 0 1 
0 0 1 1 
1 1 0 0 
0 1 1 0 
0 1 0 1 
0 1 0 1 
1 1 0 0 
0 1 1 0 
0 1 1 0 
0 1 0 1 
1 1 0 0 
0 1 0 1 
0 1 1 0 
1 1 0 0 
1 0 0 1 
1 1 0 0 
0 1 1 0 
0 1 0 1 
1 1 0 0 
0 1 0 1 
0 1 1 0 
1 1 0 0 
0 1 0 1 
0 1 1 0 
1 1 0 0 
1 0 0 1 
0 1 1 0 
0 1 0 1 
1 0 0 1 
0 1 1 0 
1 0 0 1 
1 1 0 0 
0 1 1 0 
0 1 0 1 
1 1 0 0 
0 1 1 0 
0 0 1 1 
1 0 0 1 
0 0 1 1 
0 1 1 0 
1 0 0 1 
0 0 1 1 
1 1 0 0 
0 1 1 0 
0 1 0 1 
1 1 0 0 
1 0 0 1 
0 1 1 0 
0 0 1 1 
1 1 0 0 
0 1 0 1 
0 0 1 1 
1 1 0 0 
0 1 0 1 
0 0 1 1 
1 1 0 0 
0 1 0 1 
0 1 1 0 
0 1 1 0 
0 0 1 1 
0 0 1 1 
1 1 0 0 
0 1 1 0 
0 0 1 1 
1 1 0 0 
0 1 1 0 
0 0 1 1 
0 1 1 0 
0 0 1 1 
0 0 1 1 
0 1 1 0 
0 0 1 1 
1 1 0 0 
0 1 1 0 
0 1 0 1 
1 1 0 0 
0 1 1 0 
0 1 0 1 
0 1 1 0 
0 1 0 1 
1 1 0 0 
0 1 0 1 
0 1 1 0 
1 1 0 0 
0 1 0 1 
1 1 0 0 
0 1 1 0 
1 1 0 0 
1 0 1 0 
0 1 0 1 
1 0 0 1 
0 0 1 1 
1 0 1 0 
1 0 0 1 
0 1 0 1 
1 0 1 0 
1 0 0 1 
0 1 0 1 
0 0 1 1 
0 0 1 1 
1 0 0 1 
1 1 0 0 
0 1 1 0 
0 1 0 1 
0 1 1 0 
1 1 0 0 
0 1 0 1 
1 0 1 0 
0 0 1 1 
1 0 1 0 
0 0 1 1 
0 1 1 0 
1 0 1 0 
1 0 0 1 
1 0 1 0 
0 0 1 1 
1 0 0 1 
0 1 0 1 
0 0 1 1 
0 1 0 1 
1 0 1 0 
0 0 1 1 
0 1 0 1 
1 1 0 0 
0 1 1 0 
1 1 0 0 
0 1 1 0 
0 1 0 1 
1 0 0 1 
0 0 1 1 
0 1 1 0 
0 1 0 1 
0 0 1 1 
1 0 0 1 
0 1 1 0 
1 0 0 1 
0 1 1 0 
0 1 0 1 
0 1 1 0 
1 0 0 1 
0 1 1 0 
0 1 0 1 
1 1 0 0 
0 1 1 0 
0 1 0 1 
1 0 1 0 
0 1 1 0 
0 0 1 1 
1 0 1 0 
0 1 1 0 
0 0 1 1 
0 1 1 0 
1 0 1 0 
0 0 1 1 
0 1 1 0 
1 1 0 0 
1 0 1 0 
1 0 0 1 
1 1 0 0 
1 0 1 0 
1 0 0 1 
0 0 1 1 
1 1 0 0 
1 0 0 1 
1 1 0 0 
1 0 1 0 
1 1 0 0 
1 0 1 0 
1 0 0 1 
1 0 1 0 
1 1 0 0 
1 0 1 0 
1 0 0 1 
0 1 0 1 
1 1 0 0 
1 0 1 0 
0 1 0 1 
0 0 1 1 
1 0 1 0 
0 0 1 1 
0 1 0 1 
1 0 1 0 
0 0 1 1 
0 1 0 1 
1 0 1 0 
0 0 1 1 
0 1 0 1 
1 0 1 0 
0 0 1 1 
0 1 0 1 
1 0 1 0 
0 1 0 1 
0 0 1 1 
1 1 0 0 
0 1 0 1 
1 1 0 0 
0 1 0 1 
1 1 0 0 
1 0 1 0 
0 0 1 1 
1 1 0 0 
0 0 1 1 
0 0 1 1 
1 1 0 0 
0 0 1 1 
1 1 0 0 
1 0 1 0 
1 0 1 0 
0 0 1 1 
1 0 1 0 
1 1 0 0 
1 0 0 1 
1 0 1 0 
1 1 0 0 
0 1 1 0 
1 1 0 0 
0 1 1 0 
1 0 0 1 
0 1 1 0 
1 0 0 1 
0 1 1 0 
0 1 1 0 
1 0 1 0 
1 0 0 1 
1 0 1 0 
1 0 0 1 
0 1 1 0 
1 0 0 1 
0 1 0 1 
1 0 1 0 
0 1 1 0 
1 0 0 1 
0 1 0 1 
1 0 1 0 
1 0 0 1 
0 1 0 1 
0 1 0 1 
1 0 1 0 
0 1 0 1 
1 0 1 0 
0 1 0 1 
0 1 0 1 
0 1 0 1 
1 0 1 0 
0 1 0 1 
0 1 0 1 
1 1 0 0 
0 1 0 1 
1 0 1 0 
0 1 0 1 
1 1 0 0 
0 1 1 0 
0 1 0 1 
0 1 1 0 
1 1 0 0 
0 1 0 1 
0 1 1 0 
0 1 1 0 
0 0 1 1 
0 1 0 1 
0 0 1 1 
0 1 1 0 
1 1 0 0 
1 0 1 0 
1 0 0 1 
1 0 1 0 
1 0 0 1 
1 0 1 0 
0 1 1 0 
1 1 0 0 
1 0 0 1 
0 1 1 0 
0 1 1 0 
1 0 0 1 
1 0 0 1 
1 0 0 1 
0 1 1 0 
1 0 0 1 
1 0 0 1 
0 1 1 0 
0 1 0 1 
1 0 1 0 
0 0 1 1 
1 0 1 0 
1 0 0 1 
1 1 0 0 
0 0 1 1 
1 0 0 1 
0 0 1 1 
0 0 1 1 
0 0 1 1 
1 1 1 1 
;

TIMETABLE:
0.0 0.0 0.0 0.0 
0.0 0.0 0.0 0.0 
0.0 0.0 0.0 0.0 
0.0 0.0 0.0 0.0 
0.0 0.0 0.0 0.0 
0.0 0.0 0.0 0.0 
4.0 4.0 0.0 0.0 
4.0 4.0 4.0 0.0 
4.0 4.0 4.0 4.0 
4.0 4.0 4.0 4.0 
4.0 4.0 4.0 4.0 
8.0 8.0 4.0 4.0 
8.0 8.0 8.0 4.0 
8.0 8.0 8.0 8.0 
12.0 12.0 8.0 8.0 
12.0 12.0 12.0 8.0 
12.0 12.0 12.0 12.0 
12.0 12.0 12.0 12.0 
16.0 16.0 12.0 12.0 
16.0 16.0 16.0 12.0 
16.0 16.0 16.0 16.0 
20.0 20.0 16.0 16.0 
20.0 20.0 20.0 16.0 
20.0 20.0 20.0 20.0 
20.0 20.0 20.0 20.0 
20.0 20.0 20.0 20.0 
24.0 20.0 24.0 20.0 
24.0 24.0 24.0 20.0 
24.0 24.0 24.0 24.0 
24.0 24.0 24.0 24.0 
28.0 24.0 28.0 24.0 
28.0 28.0 28.0 24.0 
28.0 28.0 28.0 28.0 
28.0 28.0 28.0 28.0 
33.0 33.0 28.0 28.0 
33.0 33.0 33.0 28.0 
33.0 33.0 33.0 33.0 
33.0 33.0 33.0 33.0 
33.0 33.0 33.0 33.0 
37.0 37.0 33.0 33.0 
37.0 37.0 37.0 33.0 
37.0 37.0 37.0 37.0 
41.0 41.0 37.0 37.0 
41.0 41.0 37.0 41.0 
41.0 41.0 41.0 41.0 
41.0 41.0 41.0 41.0 
45.0 45.0 41.0 41.0 
45.0 45.0 41.0 45.0 
46.0 45.0 46.0 45.0 
50.0 45.0 50.0 45.0 
50.0 45.0 50.0 50.0 
50.0 50.0 50.0 50.0 
50.0 50.0 50.0 50.0 
54.0 50.0 54.0 50.0 
54.0 54.0 54.0 54.0 
54.0 54.0 54.0 54.0 
58.0 54.0 58.0 54.0 
58.0 54.0 58.0 58.0 
58.0 60.0 58.0 60.0 
62.0 62.0 58.0 60.0 
62.0 62.0 62.0 60.0 
62.0 62.0 62.0 62.0 
67.0 67.0 62.0 62.0 
67.0 67.0 67.0 62.0 
67.0 67.0 67.0 67.0 
67.0 67.0 67.0 67.0 
71.0 71.0 67.0 67.0 
71.0 71.0 71.0 67.0 
71.0 71.0 71.0 71.0 
75.0 75.0 71.0 71.0 
75.0 75.0 75.0 71.0 
75.0 75.0 75.0 75.0 
80.0 80.0 75.0 75.0 
80.0 80.0 75.0 80.0 
84.0 84.0 75.0 80.0 
84.0 85.0 75.0 85.0 
87.0 85.0 87.0 85.0 
87.0 87.0 87.0 85.0 
87.0 87.0 87.0 87.0 
91.0 87.0 91.0 87.0 
91.0 91.0 91.0 91.0 
91.0 91.0 91.0 91.0 
95.0 95.0 91.0 91.0 
95.0 95.0 95.0 91.0 
97.0 95.0 95.0 97.0 
97.0 97.0 95.0 97.0 
97.0 97.0 97.0 97.0 
101.0 97.0 97.0 101.0 
101.0 102.0 102.0 101.0 
101.0 102.0 102.0 102.0 
101.0 108.0 102.0 108.0 
108.0 108.0 102.0 108.0 
108.0 108.0 108.0 108.0 
108.0 112.0 112.0 108.0 
108.0 112.0 112.0 112.0 
113.0 112.0 113.0 112.0 
113.0 112.0 113.0 113.0 
117.0 112.0 117.0 113.0 
117.0 112.0 117.0 117.0 
117.0 117.0 117.0 117.0 
117.0 121.0 117.0 121.0 
117.0 121.0 124.0 124.0 
125.0 125.0 124.0 124.0 
125.0 125.0 125.0 124.0 
125.0 125.0 125.0 125.0 
129.0 129.0 125.0 125.0 
129.0 129.0 129.0 125.0 
129.0 129.0 129.0 129.0 
133.0 129.0 133.0 129.0 
133.0 129.0 133.0 133.0 
134.0 134.0 133.0 133.0 
134.0 134.0 133.0 134.0 
139.0 134.0 139.0 134.0 
139.0 134.0 139.0 139.0 
139.0 139.0 139.0 139.0 
139.0 139.0 139.0 139.0 
143.0 143.0 139.0 139.0 
143.0 143.0 143.0 139.0 
146.0 143.0 143.0 146.0 
146.0 143.0 146.0 146.0 
151.0 151.0 146.0 146.0 
151.0 151.0 151.0 146.0 
151.0 151.0 153.0 153.0 
151.0 153.0 153.0 153.0 
156.0 153.0 153.0 156.0 
159.0 153.0 159.0 156.0 
159.0 159.0 159.0 156.0 
159.0 159.0 159.0 159.0 
163.0 159.0 163.0 159.0 
163.0 163.0 163.0 159.0 
163.0 163.0 163.0 163.0 
163.0 163.0 167.0 167.0 
172.0 172.0 167.0 167.0 
172.0 172.0 167.0 172.0 
172.0 172.0 172.0 172.0 
176.0 176.0 172.0 172.0 
176.0 176.0 176.0 176.0 
180.0 180.0 176.0 176.0 
180.0 180.0 180.0 176.0 
180.0 180.0 180.0 180.0 
185.0 185.0 180.0 180.0 
185.0 185.0 185.0 180.0 
189.0 189.0 185.0 180.0 
189.0 189.0 192.0 192.0 
194.0 194.0 192.0 192.0 
198.0 198.0 192.0 192.0 
198.0 198.0 199.0 199.0 
203.0 203.0 199.0 199.0 
207.0 207.0 199.0 199.0 
207.0 208.0 208.0 199.0 
207.0 214.0 214.0 199.0 
215.0 214.0 214.0 215.0 
215.0 214.0 215.0 215.0 
218.0 218.0 215.0 215.0 
218.0 218.0 218.0 215.0 
218.0 218.0 218.0 218.0 
222.0 218.0 218.0 222.0 
222.0 222.0 218.0 222.0 
222.0 222.0 222.0 222.0 
226.0 222.0 222.0 226.0 
226.0 226.0 222.0 226.0 
226.0 226.0 226.0 226.0 
231.0 226.0 226.0 231.0 
231.0 231.0 226.0 231.0 
231.0 231.0 232.0 232.0 
236.0 231.0 232.0 236.0 
236.0 236.0 232.0 236.0 
236.0 236.0 236.0 236.0 
236.0 236.0 240.0 240.0 
236.0 241.0 240.0 241.0 
244.0 241.0 240.0 244.0 
244.0 241.0 244.0 244.0 
244.0 245.0 244.0 245.0 
249.0 249.0 244.0 245.0 
249.0 249.0 244.0 249.0 
249.0 249.0 249.0 249.0 
249.0 253.0 249.0 253.0 
249.0 253.0 253.0 253.0 
249.0 257.0 253.0 257.0 
249.0 257.0 258.0 258.0 
263.0 263.0 258.0 258.0 
263.0 263.0 263.0 258.0 
263.0 263.0 263.0 263.0 
263.0 267.0 263.0 267.0 
268.0 268.0 263.0 267.0 
268.0 268.0 268.0 267.0 
268.0 272.0 272.0 267.0 
268.0 272.0 272.0 272.0 
276.0 276.0 272.0 272.0 
276.0 277.0 272.0 277.0 
276.0 278.0 278.0 277.0 
280.0 280.0 278.0 277.0 
282.0 280.0 278.0 282.0 
286.0 286.0 278.0 282.0 
286.0 286.0 286.0 282.0 
286.0 286.0 286.0 286.0 
290.0 290.0 286.0 286.0 
290.0 291.0 286.0 291.0 
290.0 292.0 292.0 291.0 
295.0 295.0 292.0 291.0 
295.0 295.0 292.0 295.0 
295.0 296.0 296.0 295.0 
299.0 299.0 296.0 295.0 
300.0 299.0 296.0 300.0 
300.0 300.0 300.0 300.0 
300.0 300.0 300.0 300.0 
304.0 300.0 300.0 304.0 
304.0 305.0 305.0 304.0 
308.0 305.0 305.0 308.0 
311.0 311.0 305.0 308.0 
311.0 311.0 311.0 308.0 
311.0 311.0 311.0 311.0 
315.0 315.0 311.0 311.0 
315.0 318.0 318.0 311.0 
315.0 318.0 318.0 318.0 
322.0 318.0 318.0 322.0 
322.0 318.0 322.0 322.0 
322.0 324.0 324.0 322.0 
327.0 324.0 324.0 327.0 
327.0 324.0 327.0 327.0 
330.0 330.0 327.0 327.0 
330.0 330.0 330.0 327.0 
330.0 330.0 330.0 330.0 
334.0 334.0 330.0 330.0 
334.0 334.0 330.0 334.0 
334.0 337.0 337.0 334.0 
334.0 337.0 337.0 337.0 
339.0 339.0 337.0 337.0 
339.0 342.0 337.0 342.0 
339.0 342.0 342.0 342.0 
343.0 343.0 342.0 342.0 
343.0 346.0 342.0 346.0 
343.0 346.0 346.0 346.0 
351.0 351.0 346.0 346.0 
351.0 351.0 346.0 351.0 
351.0 352.0 352.0 351.0 
351.0 356.0 356.0 351.0 
351.0 356.0 356.0 356.0 
351.0 356.0 360.0 360.0 
362.0 362.0 360.0 360.0 
362.0 362.0 362.0 360.0 
362.0 362.0 364.0 364.0 
367.0 367.0 364.0 364.0 
367.0 368.0 368.0 364.0 
367.0 368.0 368.0 368.0 
367.0 373.0 373.0 368.0 
367.0 373.0 373.0 373.0 
367.0 373.0 377.0 377.0 
367.0 379.0 379.0 377.0 
367.0 379.0 382.0 382.0 
386.0 386.0 382.0 382.0 
386.0 386.0 386.0 382.0 
386.0 386.0 386.0 386.0 
391.0 391.0 386.0 386.0 
391.0 391.0 391.0 386.0 
391.0 391.0 391.0 391.0 
391.0 395.0 395.0 391.0 
391.0 395.0 395.0 395.0 
399.0 399.0 395.0 395.0 
399.0 400.0 395.0 400.0 
399.0 401.0 401.0 400.0 
403.0 403.0 401.0 400.0 
403.0 404.0 401.0 404.0 
408.0 408.0 401.0 404.0 
408.0 408.0 408.0 404.0 
414.0 414.0 408.0 404.0 
415.0 414.0 415.0 404.0 
415.0 418.0 415.0 418.0 
418.0 418.0 415.0 418.0 
418.0 418.0 418.0 418.0 
424.0 418.0 424.0 418.0 
424.0 418.0 424.0 424.0 
424.0 424.0 424.0 424.0 
428.0 424.0 428.0 424.0 
431.0 424.0 428.0 431.0 
431.0 431.0 428.0 431.0 
431.0 431.0 431.0 431.0 
431.0 431.0 435.0 435.0 
437.0 431.0 435.0 437.0 
439.0 439.0 435.0 437.0 
439.0 439.0 439.0 437.0 
439.0 439.0 439.0 439.0 
439.0 443.0 443.0 439.0 
445.0 445.0 443.0 439.0 
445.0 446.0 443.0 446.0 
448.0 446.0 448.0 446.0 
448.0 446.0 448.0 448.0 
452.0 446.0 452.0 448.0 
452.0 446.0 452.0 452.0 
452.0 456.0 456.0 452.0 
458.0 456.0 458.0 452.0 
458.0 456.0 458.0 458.0 
462.0 456.0 462.0 458.0 
462.0 456.0 465.0 465.0 
468.0 456.0 465.0 468.0 
468.0 469.0 465.0 469.0 
468.0 469.0 469.0 469.0 
468.0 473.0 469.0 473.0 
475.0 473.0 475.0 473.0 
475.0 473.0 475.0 475.0 
475.0 477.0 475.0 477.0 
482.0 482.0 475.0 477.0 
482.0 482.0 482.0 477.0 
486.0 486.0 482.0 477.0 
486.0 486.0 486.0 477.0 
486.0 486.0 486.0 486.0 
486.0 486.0 486.0 486.0 
486.0 486.0 486.0 486.0 
486.0 490.0 490.0 486.0 
486.0 490.0 490.0 490.0 
486.0 490.0 490.0 490.0 
493.0 490.0 490.0 493.0 
493.0 494.0 494.0 493.0 
499.0 494.0 494.0 499.0 
499.0 499.0 499.0 499.0 
499.0 499.0 499.0 499.0 
499.0 503.0 503.0 499.0 
505.0 503.0 503.0 505.0 
505.0 508.0 508.0 505.0 
505.0 508.0 508.0 508.0 
511.0 511.0 508.0 508.0 
511.0 512.0 512.0 508.0 
511.0 516.0 512.0 516.0 
518.0 516.0 518.0 516.0 
518.0 518.0 518.0 516.0 
518.0 518.0 518.0 518.0 
523.0 518.0 523.0 518.0 
523.0 523.0 523.0 518.0 
523.0 523.0 523.0 523.0 
523.0 528.0 528.0 523.0 
529.0 528.0 529.0 523.0 
529.0 528.0 530.0 530.0 
529.0 532.0 532.0 530.0 
537.0 537.0 532.0 530.0 
537.0 537.0 537.0 530.0 
537.0 537.0 537.0 537.0 
541.0 541.0 537.0 537.0 
542.0 541.0 542.0 537.0 
543.0 541.0 542.0 543.0 
543.0 541.0 543.0 543.0 
545.0 545.0 543.0 543.0 
549.0 545.0 543.0 549.0 
550.0 550.0 543.0 549.0 
550.0 550.0 550.0 549.0 
554.0 554.0 550.0 549.0 
554.0 554.0 554.0 549.0 
556.0 554.0 554.0 556.0 
559.0 554.0 559.0 556.0 
562.0 562.0 559.0 556.0 
563.0 562.0 563.0 556.0 
564.0 562.0 563.0 564.0 
564.0 564.0 563.0 564.0 
569.0 569.0 563.0 564.0 
569.0 569.0 569.0 564.0 
569.0 569.0 569.0 569.0 
569.0 569.0 569.0 569.0 
576.0 569.0 576.0 569.0 
576.0 569.0 576.0 576.0 
576.0 580.0 576.0 580.0 
583.0 580.0 583.0 580.0 
583.0 580.0 583.0 583.0 
583.0 584.0 583.0 584.0 
587.0 584.0 587.0 584.0 
587.0 584.0 587.0 587.0 
587.0 589.0 587.0 589.0 
591.0 589.0 591.0 589.0 
591.0 589.0 591.0 591.0 
591.0 593.0 591.0 593.0 
597.0 593.0 597.0 593.0 
597.0 597.0 597.0 597.0 
597.0 597.0 597.0 597.0 
602.0 602.0 597.0 597.0 
602.0 602.0 597.0 602.0 
606.0 606.0 597.0 602.0 
606.0 606.0 597.0 606.0 
611.0 611.0 597.0 606.0 
612.0 611.0 612.0 606.0 
612.0 611.0 612.0 612.0 
616.0 616.0 612.0 612.0 
616.0 616.0 620.0 620.0 
616.0 616.0 625.0 625.0 
627.0 627.0 625.0 625.0 
627.0 627.0 629.0 629.0 
633.0 633.0 629.0 629.0 
633.0 633.0 633.0 629.0 
637.0 633.0 637.0 629.0 
637.0 633.0 637.0 637.0 
642.0 633.0 642.0 637.0 
649.0 649.0 642.0 637.0 
652.0 649.0 642.0 652.0 
654.0 649.0 654.0 652.0 
660.0 660.0 654.0 652.0 
660.0 660.0 660.0 652.0 
665.0 665.0 660.0 652.0 
665.0 667.0 667.0 652.0 
671.0 667.0 667.0 671.0 
671.0 671.0 671.0 671.0 
675.0 671.0 671.0 675.0 
675.0 676.0 676.0 675.0 
675.0 681.0 681.0 675.0 
684.0 681.0 684.0 675.0 
684.0 681.0 684.0 684.0 
688.0 681.0 688.0 684.0 
688.0 681.0 688.0 688.0 
688.0 688.0 688.0 688.0 
693.0 688.0 688.0 693.0 
693.0 693.0 688.0 693.0 
694.0 693.0 694.0 693.0 
694.0 694.0 694.0 693.0 
697.0 694.0 694.0 697.0 
697.0 697.0 694.0 697.0 
701.0 697.0 701.0 697.0 
701.0 697.0 701.0 701.0 
701.0 701.0 701.0 701.0 
701.0 706.0 701.0 706.0 
708.0 706.0 708.0 706.0 
708.0 711.0 708.0 711.0 
713.0 711.0 713.0 711.0 
713.0 716.0 713.0 716.0 
713.0 720.0 713.0 720.0 
713.0 725.0 713.0 725.0 
732.0 725.0 732.0 725.0 
732.0 729.0 732.0 729.0 
732.0 734.0 732.0 734.0 
743.0 743.0 732.0 734.0 
743.0 743.0 732.0 743.0 
747.0 743.0 747.0 743.0 
747.0 747.0 747.0 747.0 
752.0 752.0 747.0 747.0 
752.0 752.0 752.0 747.0 
752.0 752.0 752.0 752.0 
752.0 756.0 756.0 752.0 
761.0 761.0 756.0 752.0 
761.0 761.0 756.0 761.0 
761.0 765.0 765.0 761.0 
761.0 769.0 769.0 761.0 
761.0 769.0 771.0 771.0 
761.0 771.0 771.0 771.0 
761.0 771.0 775.0 775.0 
761.0 778.0 778.0 775.0 
780.0 780.0 778.0 775.0 
780.0 780.0 780.0 775.0 
780.0 780.0 780.0 780.0 
785.0 780.0 785.0 780.0 
785.0 780.0 785.0 785.0 
789.0 780.0 789.0 785.0 
789.0 789.0 789.0 785.0 
794.0 794.0 789.0 785.0 
794.0 794.0 789.0 794.0 
794.0 794.0 794.0 794.0 
794.0 798.0 798.0 794.0 
799.0 798.0 798.0 799.0 
804.0 798.0 798.0 804.0 
808.0 798.0 798.0 808.0 
808.0 809.0 809.0 808.0 
813.0 809.0 809.0 813.0 
817.0 809.0 809.0 817.0 
817.0 832.0 832.0 817.0 
817.0 842.0 832.0 842.0 
845.0 842.0 845.0 842.0 
845.0 842.0 860.0 860.0 
860.0 842.0 860.0 860.0 
860.0 842.0 860.0 860.0 
879.0 879.0 860.0 860.0 
879.0 879.0 886.0 886.0 
906.0 879.0 886.0 906.0 
906.0 879.0 912.0 912.0 
906.0 879.0 916.0 916.0 
906.0 879.0 921.0 921.0 
927.0 906.0 927.0 944.0 
;
