DATFILE : offices1_4r_100.dat
ENVIRONMENT : office
ALGORITHM : HBSS - TAU 7
RANGE : 100
STARTING_POS : 42
N_ROBOTS : 4
GREEDY SOLUTION : [ 1244.]
COMPUTATIONS D :
1244
1244
1244
1244
1332
1272
1244
1244
1204
1244
1332
1244
1244
1244
1244
1312
1244
1244
1410
1244
1244
1244
1244
1310
1244
1272
1244
1294
1244
1244
1244
1244
1244
1244
1252
1244
1244
1244
1244
1244
1244
1244
1244
1274
1244
1244
1244
1246
1244
1244
1244
1244
1244
1244
1324
1244
1322
1244
1244
1246
1244
1244
1244
1244
1244
1244
1244
1242
1244
1244
1264
1244
1244
1244
1244
1244
1252
1244
1302
1244
1244
1244
1244
1220
1244
1244
1244
1204
1244
1214
1244
1244
1244
1244
1244
1244
1244
1220
1268
1334
1222
1244
1244
1244
1244
1266
1322
1244
1244
1244
1244
1244
1244
1244
1244
1244
1244
1244
1244
1244
1304
1266
1258
1244
1244
1274
1244
1326
1240
1244
1244
1244
1252
1244
1244
1198
1244
1244
1214
1244
1244
1244
1240
1244
1252
1244
1244
1244
1244
1430
1244
1246
1244
1244
1244
1244
1204
1244
1244
1244
1244
1244
1244
1244
1250
1262
1268
1258
1244
1244
1240
1244
1244
1244
1244
1270
1244
1258
1244
1244
1244
1244
1244
1244
1244
1244
1244
1244
1244
1244
1270
1244
1244
1244
1244
1244
1296
1244
1244
1244
;
HBBS sumD : 1198
BEST_CONFIGURATIONS : 
42 42 42 42 
41 42 42 42 
36 41 42 42 
36 41 5 24 
36 40 5 24 
36 40 5 24 
36 40 5 4 
35 40 5 4 
35 40 24 4 
34 40 24 4 
34 40 3 4 
34 36 3 4 
35 36 3 4 
35 36 3 2 
35 34 3 2 
35 34 23 2 
35 33 23 2 
35 33 1 2 
34 33 1 2 
34 33 1 23 
34 33 1 39 
32 33 1 39 
32 33 1 39 
32 33 23 39 
32 33 23 26 
32 27 23 26 
32 27 23 26 
32 27 23 26 
32 31 23 26 
32 31 23 26 
32 31 23 38 
27 31 23 38 
27 31 23 38 
26 31 23 38 
26 31 39 38 
26 30 39 38 
31 30 39 38 
31 29 39 37 
31 29 38 37 
31 29 38 37 
31 28 38 37 
31 28 38 43 
31 28 37 43 
30 28 37 43 
30 28 37 25 
29 28 37 25 
29 28 43 25 
29 30 43 25 
29 30 0 25 
29 30 0 1 
17 28 0 1 
17 19 0 1 
17 16 0 1 
19 16 0 1 
22 16 0 1 
13 16 0 27 
13 16 0 32 
13 16 0 33 
13 6 22 33 
13 6 7 33 
13 22 7 33 
13 14 7 33 
10 14 7 33 
10 14 21 33 
10 14 12 20 
10 14 12 9 
10 14 20 9 
10 11 20 9 
10 11 20 21 
10 11 20 8 
21 11 20 8 
12 11 20 8 
42 42 42 42 
;
ROBOT MOVING BEST:
0 0 0 0 
1 1 0 0 
1 1 0 0 
0 0 1 1 
0 1 0 1 
1 1 0 0 
0 0 1 1 
1 1 0 0 
0 0 1 1 
1 1 0 0 
0 0 1 1 
1 1 0 0 
1 1 0 0 
0 0 1 1 
1 1 0 0 
0 0 1 1 
1 1 0 0 
0 0 1 1 
1 1 0 0 
0 0 1 1 
0 1 0 1 
1 1 0 0 
1 0 0 1 
0 0 1 1 
1 0 0 1 
0 1 0 1 
1 1 0 0 
0 0 1 1 
1 1 0 0 
0 1 0 1 
0 0 1 1 
1 1 0 0 
0 1 0 1 
1 0 0 1 
1 0 1 0 
0 1 0 1 
1 1 0 0 
0 1 0 1 
0 0 1 1 
1 1 0 0 
0 1 0 1 
0 1 0 1 
0 0 1 1 
1 1 0 0 
0 0 1 1 
1 1 0 0 
0 0 1 1 
1 1 0 0 
0 0 1 1 
0 0 1 1 
1 1 0 0 
1 1 0 0 
1 1 0 0 
1 1 0 0 
1 1 0 0 
1 0 0 1 
1 0 0 1 
1 0 0 1 
0 1 1 0 
0 1 1 0 
0 1 1 0 
1 1 0 0 
1 0 1 0 
0 1 1 0 
0 0 1 1 
0 0 1 1 
0 0 1 1 
1 1 0 0 
0 1 0 1 
0 1 0 1 
1 0 0 1 
1 0 0 1 
1 1 1 1 
;
TIMETABLE BEST: 
0.0 0.0 0.0 0.0 
10 0 0 0 
19 10 0 0 
19 10 18 18 
19 21 18 18 
19 21 18 18 
19 21 18 25 
29 21 18 25 
29 21 26 25 
37 21 26 25 
37 21 39 25 
37 37 39 25 
45 37 39 25 
45 37 39 45 
45 51 39 45 
45 51 52 45 
45 60 52 45 
45 60 62 45 
53 60 62 45 
53 60 62 52 
53 60 62 62 
67 60 62 62 
67 60 62 62 
67 60 72 62 
67 60 72 70 
67 71 72 70 
67 71 72 70 
67 71 72 70 
67 78 72 70 
67 78 72 70 
67 78 72 78 
73 78 72 78 
73 78 72 78 
80 78 72 78 
80 78 82 78 
80 86 82 78 
94 86 82 78 
94 94 82 87 
94 94 94 87 
94 94 94 87 
94 103 94 87 
94 103 94 93 
94 103 103 93 
102 103 103 93 
102 103 103 104 
110 103 103 104 
110 103 109 104 
110 116 109 104 
110 116 130 104 
110 116 130 120 
125 129 130 120 
125 143 130 120 
125 157 130 120 
137 157 130 120 
159 157 130 120 
186 157 130 143 
186 157 130 149 
186 157 130 158 
186 171 191 158 
186 171 197 158 
186 183 197 158 
186 202 197 158 
224 202 197 158 
224 202 217 158 
224 202 230 206 
224 202 230 215 
224 202 240 215 
224 235 240 215 
224 235 240 235 
224 235 240 242 
237 235 240 242 
250 235 240 242 
306.0 304.0 286.0 302.0 
;
EXECUTION TIME HBSS: 55.6657848358 seconds 

-------------------------------------------------------------------
