DATFILE : offices1_10r_100.dat
ENVIRONMENT : office
ALGORITHM : HBSS - TAU 7
RANGE : 100
STARTING_POS : 42
N_ROBOTS : 10
GREEDY SOLUTION : 332.0
COMPUTATIONS T :
345.0
329.0
332.0
332.0
328.0
317.0
332.0
332.0
327.0
332.0
332.0
317.0
331.0
332.0
327.0
332.0
341.0
338.0
332.0
288.0
332.0
327.0
332.0
332.0
332.0
338.0
332.0
332.0
323.0
332.0
336.0
292.0
336.0
332.0
332.0
332.0
284.0
332.0
332.0
343.0
338.0
332.0
332.0
332.0
332.0
330.0
331.0
332.0
332.0
338.0
332.0
332.0
332.0
333.0
319.0
336.0
325.0
339.0
332.0
324.0
332.0
322.0
332.0
323.0
332.0
332.0
332.0
332.0
328.0
332.0
332.0
317.0
332.0
332.0
331.0
321.0
332.0
332.0
332.0
332.0
332.0
332.0
336.0
327.0
332.0
323.0
336.0
332.0
332.0
329.0
332.0
332.0
332.0
332.0
332.0
332.0
332.0
292.0
332.0
332.0
332.0
332.0
332.0
332.0
332.0
323.0
332.0
332.0
284.0
332.0
339.0
317.0
332.0
336.0
332.0
332.0
332.0
332.0
339.0
332.0
317.0
326.0
332.0
328.0
325.0
332.0
332.0
332.0
332.0
332.0
332.0
332.0
332.0
324.0
292.0
332.0
332.0
332.0
332.0
332.0
317.0
332.0
293.0
332.0
332.0
327.0
332.0
288.0
331.0
332.0
330.0
317.0
343.0
332.0
332.0
332.0
332.0
332.0
332.0
332.0
332.0
332.0
336.0
332.0
327.0
332.0
332.0
330.0
327.0
339.0
332.0
332.0
332.0
332.0
332.0
332.0
324.0
317.0
332.0
332.0
332.0
333.0
339.0
332.0
337.0
332.0
332.0
332.0
326.0
333.0
332.0
332.0
332.0
332.0
332.0
332.0
332.0
332.0
332.0
332.0
;
HBBS bestT : 284.0
BEST_CONFIGURATIONS : 
42 42 42 42 42 42 42 42 42 42 
41 42 42 42 42 42 42 42 42 42 
41 42 5 24 42 42 42 42 42 42 
36 42 5 24 40 42 42 42 42 42 
36 42 5 24 40 41 42 42 42 42 
36 42 5 24 40 41 42 42 42 42 
36 42 5 24 40 41 4 5 42 42 
36 42 5 24 40 41 4 5 42 42 
35 36 5 24 40 41 4 5 42 42 
35 36 5 24 40 41 4 5 42 42 
35 36 5 24 40 41 4 5 3 4 
34 36 5 24 40 41 4 5 3 4 
34 36 5 24 40 41 4 5 3 4 
34 36 5 24 40 35 4 5 3 4 
34 36 3 2 40 35 4 5 3 4 
34 36 3 2 40 35 23 5 3 4 
33 35 3 2 40 35 23 5 3 4 
33 35 3 2 40 34 23 5 3 4 
33 35 3 2 39 34 23 5 3 4 
33 35 3 2 39 34 23 5 3 4 
33 35 3 2 39 34 23 5 26 4 
33 35 3 23 39 34 23 5 26 4 
32 35 3 23 39 34 23 5 26 4 
32 35 3 23 39 33 23 5 26 4 
32 35 3 23 39 33 26 5 26 4 
32 35 3 23 39 33 26 2 26 1 
32 35 3 23 39 33 26 2 26 1 
32 35 3 23 39 33 26 2 27 1 
32 35 3 23 39 33 26 2 27 1 
27 35 3 23 39 33 26 2 31 1 
27 32 3 23 39 33 26 2 31 1 
27 32 26 23 39 33 26 2 31 1 
27 32 26 23 39 33 38 2 31 1 
27 32 26 23 39 33 38 2 31 1 
27 32 26 23 39 33 38 2 31 1 
27 32 26 23 39 33 38 1 31 0 
31 32 26 23 39 33 38 1 30 0 
31 32 38 23 39 33 38 1 30 0 
31 32 38 23 38 33 37 1 30 0 
30 32 38 23 38 33 37 1 29 0 
30 31 38 23 38 33 37 1 29 0 
30 31 38 0 38 33 37 1 29 25 
30 31 38 0 38 29 37 1 29 25 
30 31 38 0 38 29 37 1 29 25 
30 31 37 0 38 29 43 1 29 25 
30 31 37 0 38 29 43 25 29 25 
29 31 37 0 38 28 43 25 29 25 
29 30 37 0 38 28 43 25 29 25 
29 30 37 0 38 28 43 25 28 25 
29 30 37 0 43 28 43 25 28 25 
28 30 37 0 43 17 43 25 28 25 
28 30 37 0 43 17 19 25 28 25 
28 17 37 0 43 17 19 25 16 25 
19 17 37 0 43 17 19 25 16 25 
19 17 37 0 16 17 22 25 16 25 
19 17 37 0 16 17 22 25 16 6 
19 17 6 0 16 17 7 25 16 6 
19 17 6 0 16 17 7 25 22 6 
7 17 6 0 16 17 7 25 10 6 
7 17 6 10 16 11 7 25 10 6 
7 17 6 10 16 11 7 21 10 6 
7 17 6 10 21 11 14 21 10 6 
7 17 11 10 21 11 14 8 10 6 
7 17 11 10 21 11 14 8 10 6 
7 27 11 10 21 11 14 8 10 13 
7 27 11 10 21 11 14 8 10 13 
7 32 11 10 21 11 14 8 10 13 
7 32 11 8 12 11 14 8 10 13 
7 32 11 8 12 11 14 8 20 13 
12 32 11 8 12 11 14 9 20 13 
12 32 11 8 12 20 14 9 20 13 
12 33 11 8 12 20 14 9 20 13 
42 42 42 42 42 42 42 42 42 42 
;
ROBOT MOVING BEST:
0 0 0 0 0 0 0 0 0 0 
1 1 0 0 0 0 0 0 0 0 
0 0 1 1 0 0 0 0 0 0 
1 0 0 0 1 0 0 0 0 0 
1 0 0 0 0 1 0 0 0 0 
0 0 0 1 1 0 0 0 0 0 
0 0 0 0 0 0 1 1 0 0 
0 0 0 1 0 0 1 0 0 0 
1 1 0 0 0 0 0 0 0 0 
1 0 0 0 1 0 0 0 0 0 
0 0 0 0 0 0 0 0 1 1 
1 1 0 0 0 0 0 0 0 0 
1 0 0 0 1 0 0 0 0 0 
1 0 0 0 0 1 0 0 0 0 
0 0 1 1 0 0 0 0 0 0 
0 0 0 1 0 0 1 0 0 0 
1 1 0 0 0 0 0 0 0 0 
1 0 0 0 0 1 0 0 0 0 
1 0 0 0 1 0 0 0 0 0 
0 0 0 0 1 0 1 0 0 0 
0 0 0 0 1 0 0 0 1 0 
0 0 0 1 0 0 0 0 1 0 
1 0 0 0 1 0 0 0 0 0 
1 0 0 0 0 1 0 0 0 0 
1 0 0 0 0 0 1 0 0 0 
0 0 0 0 0 0 0 1 0 1 
0 0 0 1 0 0 0 0 0 1 
1 0 0 0 0 0 0 0 1 0 
0 0 0 0 0 0 1 0 1 0 
1 0 0 0 0 0 0 0 1 0 
0 1 0 0 0 0 0 0 1 0 
0 0 1 0 0 0 0 0 1 0 
0 0 1 0 0 0 1 0 0 0 
0 0 0 1 0 0 1 0 0 0 
0 0 0 0 0 0 1 0 1 0 
0 0 0 0 0 0 0 1 0 1 
1 0 0 0 0 0 0 0 1 0 
0 0 1 0 0 0 0 0 1 0 
0 0 0 0 1 0 1 0 0 0 
1 0 0 0 0 0 0 0 1 0 
0 1 0 0 0 0 0 0 1 0 
0 0 0 1 0 0 0 0 0 1 
0 0 0 0 0 1 1 0 0 0 
0 0 0 0 0 0 1 0 0 1 
0 0 1 0 0 0 1 0 0 0 
0 0 0 0 0 0 1 1 0 0 
1 0 0 0 0 1 0 0 0 0 
0 1 0 0 0 1 0 0 0 0 
0 0 1 0 0 0 0 0 1 0 
0 0 0 0 1 1 0 0 0 0 
1 0 0 0 0 1 0 0 0 0 
0 0 0 0 0 1 1 0 0 0 
0 1 0 0 0 0 0 0 1 0 
1 0 0 0 0 0 0 0 1 0 
0 0 0 0 1 0 1 0 0 0 
0 0 0 0 0 0 1 0 0 1 
0 0 1 0 0 0 1 0 0 0 
0 0 0 0 0 0 1 0 1 0 
1 0 0 0 0 0 0 0 1 0 
0 0 0 1 0 1 0 0 0 0 
0 0 0 0 0 1 0 1 0 0 
0 0 0 0 1 0 1 0 0 0 
0 0 1 0 0 0 0 1 0 0 
0 0 0 0 1 0 0 1 0 0 
0 1 0 0 0 0 0 0 0 1 
0 0 0 0 0 0 1 0 0 1 
0 1 0 0 0 0 0 0 0 1 
0 0 0 1 1 0 0 0 0 0 
0 0 0 0 1 0 0 0 1 0 
1 0 0 0 0 0 0 1 0 0 
0 0 0 0 0 1 0 1 0 0 
0 1 0 0 0 0 0 0 0 1 
1 1 1 1 1 1 1 1 1 1 
;
TIMETABLE BEST: 
0.0 0.0 0.0 0.0 0.0 0.0 0.0 0.0 0.0 0.0 
10 10 0 0 0 0 0 0 0 0 
10 10 18 18 0 0 0 0 0 0 
19 10 18 18 19 0 0 0 0 0 
19 10 18 18 19 19 0 0 0 0 
19 10 18 19 19 19 0 0 0 0 
19 10 18 19 19 19 25 25 0 0 
19 10 18 25 19 19 25 25 0 0 
29 29 18 25 19 19 25 25 0 0 
29 29 18 25 29 19 25 25 0 0 
29 29 18 25 29 19 25 25 31 31 
37 37 18 25 29 19 25 25 31 31 
37 37 18 25 37 19 25 25 31 31 
38 37 18 25 37 38 25 25 31 31 
38 37 44 44 37 38 25 25 31 31 
38 37 44 44 37 38 44 25 31 31 
47 47 44 44 37 38 44 25 31 31 
47 47 44 44 37 47 44 25 31 31 
48 47 44 44 48 47 44 25 31 31 
48 47 44 44 48 47 48 25 31 31 
48 47 44 44 52 47 48 25 52 31 
48 47 44 52 52 47 48 25 52 31 
57 47 44 52 57 47 48 25 52 31 
57 47 44 52 57 57 48 25 52 31 
57 47 44 52 57 57 57 25 52 31 
57 47 44 52 57 57 57 58 52 58 
57 47 44 58 57 57 57 58 52 58 
59 47 44 58 57 57 57 58 59 58 
59 47 44 58 57 57 59 58 59 58 
66 47 44 58 57 57 59 58 66 58 
66 66 44 58 57 57 59 58 66 58 
66 66 66 58 57 57 59 58 66 58 
66 66 67 58 57 57 67 58 66 58 
66 66 67 67 57 57 67 58 66 58 
66 66 67 67 57 57 67 58 67 58 
66 66 67 67 57 57 67 73 67 73 
75 66 67 67 57 57 67 73 75 73 
75 66 75 67 57 57 67 73 75 73 
75 66 75 67 76 57 76 73 75 73 
83 66 75 67 76 57 76 73 83 73 
83 83 75 67 76 57 76 73 83 73 
83 83 75 83 76 57 76 73 83 83 
83 83 75 83 76 83 83 73 83 83 
83 83 75 83 76 83 83 73 83 83 
83 83 89 83 76 83 89 73 83 83 
83 83 89 83 76 83 89 89 83 83 
92 83 89 83 76 92 89 89 83 83 
92 92 89 83 76 92 89 89 83 83 
92 92 92 83 76 92 89 89 92 83 
92 92 92 83 92 92 89 89 92 83 
102 92 92 83 92 102 89 89 92 83 
102 92 92 83 92 107 107 89 92 83 
102 120 92 83 92 107 107 89 120 83 
120 120 92 83 92 107 107 89 120 83 
120 120 92 83 129 107 129 89 120 83 
120 120 92 83 129 107 132 89 120 132 
120 120 138 83 129 107 138 89 120 132 
120 120 138 83 129 107 138 89 138 132 
151 120 138 83 129 107 138 89 151 132 
151 120 138 157 129 157 138 89 151 132 
151 120 138 157 129 157 138 157 151 132 
151 120 138 157 163 157 163 157 151 132 
151 120 164 157 163 157 163 164 151 132 
151 120 164 157 164 157 163 164 151 132 
151 171 164 157 164 157 163 164 151 171 
151 171 164 157 164 157 171 164 151 171 
151 177 164 157 164 157 171 164 151 177 
151 177 164 177 177 157 171 164 151 177 
151 177 164 177 177 157 171 164 177 177 
185 177 164 177 177 157 171 185 177 177 
185 177 164 177 177 185 171 185 177 177 
185 186 164 177 177 185 171 185 177 186 
241.0 224.0 233.0 237.0 233.0 231.0 261.0 234.0 223.0 284.0 
;
EXECUTION TIME HBSS: 532.404639006 seconds 

-------------------------------------------------------------------
