DATFILE : offices1_6r_100.dat
ENVIRONMENT : office
ALGORITHM : HBSS - TAU 9
RANGE : 100
STARTING_POS : 42
N_ROBOTS : 6
GREEDY SOLUTION : [ 1390.]
COMPUTATIONS D :
1390
1390
1390
1390
1390
1390
1394
1390
1390
1390
1390
1390
1390
1390
1390
1390
1390
1390
1390
1390
1390
1390
1390
1390
1390
1390
1390
1390
1390
1390
1390
1390
1400
1390
1390
1390
1390
1390
1390
1390
1390
1390
1390
1390
1390
1390
1390
1390
1390
1390
1390
1390
1390
1390
1390
1390
1390
1390
1390
1390
1390
1390
1390
1390
1390
1390
1390
1390
1390
1390
1390
1394
1390
1390
1390
1390
1390
1390
1390
1390
1390
1390
1390
1390
1390
1390
1390
1390
1390
1390
1380
1390
1390
1390
1390
1390
1390
1396
1390
1390
1390
1390
1390
1390
1390
1390
1390
1390
1390
1390
1390
1390
1390
1390
1390
1390
1390
1390
1390
1390
1390
1390
1390
1390
1390
1390
1390
1390
1390
1390
1390
1390
1390
1390
1390
1392
1390
1390
1396
1390
1390
1390
1390
1390
1390
1390
1390
1390
1400
1390
1390
1390
1390
1390
1390
1390
1390
1390
1390
1390
1390
1390
1390
1392
1390
1390
1390
1400
1390
1390
1390
1390
1390
1390
1390
1390
1390
1390
1390
1390
1390
1390
1390
1390
1390
1390
1390
1390
1390
1390
1390
1390
1400
1390
1390
1390
1390
1390
1390
1390
;
HBBS sumD : 1380
BEST_CONFIGURATIONS : 
42 42 42 42 42 42 
41 42 42 42 42 42 
36 41 42 42 42 42 
36 41 5 24 42 42 
36 41 5 24 40 42 
36 41 5 24 40 42 
36 41 5 4 40 42 
36 41 5 4 40 24 
35 36 5 4 40 24 
35 36 5 4 40 24 
35 34 5 4 40 24 
35 34 5 4 40 3 
35 34 5 4 40 3 
35 34 5 4 36 3 
35 33 5 4 36 3 
35 33 2 4 36 3 
34 33 2 4 36 3 
34 33 2 23 36 3 
32 33 2 23 36 3 
32 33 2 39 36 3 
32 33 2 39 36 1 
32 27 2 39 36 1 
32 27 23 39 36 1 
32 27 23 39 36 1 
32 27 23 39 36 1 
32 26 23 39 36 1 
32 26 23 39 36 1 
32 26 23 39 36 1 
27 26 23 39 36 1 
27 26 23 38 36 1 
27 26 0 38 36 1 
31 26 0 38 32 1 
31 26 0 38 32 1 
31 26 0 38 32 1 
31 26 0 38 27 1 
31 26 0 38 27 1 
31 26 0 38 27 25 
30 26 0 38 27 25 
30 37 0 38 27 25 
30 37 0 37 27 25 
30 37 0 37 31 25 
30 37 0 43 31 25 
29 37 0 43 31 25 
29 37 0 43 31 43 
29 37 0 43 31 43 
29 37 0 43 30 43 
28 37 0 43 30 43 
28 37 0 43 30 43 
28 37 0 43 30 43 
28 37 0 43 29 43 
28 37 0 43 29 17 
17 37 0 19 29 17 
17 37 0 16 29 17 
17 19 0 16 29 17 
17 22 0 16 29 17 
17 13 27 16 29 17 
17 13 32 16 29 17 
17 13 32 6 22 17 
17 13 33 6 22 17 
7 13 33 6 22 17 
7 13 33 6 22 17 
7 13 33 6 10 17 
7 13 33 6 10 11 
7 13 33 21 10 11 
7 13 33 8 10 11 
14 13 33 8 10 11 
14 13 33 8 21 11 
14 13 33 8 21 11 
14 13 20 8 12 11 
14 13 20 8 12 11 
14 13 9 8 12 11 
14 13 9 8 12 20 
42 42 42 42 42 42 
;
ROBOT MOVING BEST:
0 0 0 0 0 0 
1 1 0 0 0 0 
1 1 0 0 0 0 
0 0 1 1 0 0 
0 0 0 1 1 0 
1 0 0 0 1 0 
0 0 1 1 0 0 
0 0 0 1 0 1 
1 1 0 0 0 0 
1 0 0 0 1 0 
0 1 0 0 1 0 
0 0 0 1 0 1 
1 1 0 0 0 0 
0 1 0 0 1 0 
1 1 0 0 0 0 
0 0 1 0 0 1 
1 1 0 0 0 0 
0 0 1 1 0 0 
1 1 0 0 0 0 
0 1 0 1 0 0 
0 0 1 0 0 1 
1 1 0 0 0 0 
0 0 1 0 0 1 
1 0 0 1 0 0 
0 0 1 1 0 0 
1 1 0 0 0 0 
0 1 1 0 0 0 
0 1 0 1 0 0 
1 1 0 0 0 0 
0 0 1 1 0 0 
0 0 1 0 0 1 
1 0 0 0 1 0 
1 1 0 0 0 0 
0 1 0 1 0 0 
1 0 0 0 1 0 
1 0 0 1 0 0 
0 0 1 0 0 1 
1 0 0 1 0 0 
0 1 0 1 0 0 
0 0 0 1 0 1 
1 0 0 0 1 0 
0 0 0 1 0 1 
1 0 0 0 1 0 
0 1 0 0 0 1 
1 1 0 0 0 0 
1 0 0 0 1 0 
1 1 0 0 0 0 
1 0 0 0 0 1 
1 0 0 0 1 0 
1 0 0 0 1 0 
1 0 0 0 0 1 
1 0 0 1 0 0 
1 0 0 1 0 0 
0 1 0 1 0 0 
0 1 0 1 0 0 
0 1 1 0 0 0 
0 1 1 0 0 0 
0 0 0 1 1 0 
0 1 1 0 0 0 
1 0 0 1 0 0 
1 0 0 0 1 0 
1 0 0 0 1 0 
0 0 0 0 1 1 
0 0 0 1 0 1 
0 0 0 1 0 1 
1 1 0 0 0 0 
0 0 0 1 1 0 
1 0 0 0 1 0 
0 0 1 0 1 0 
0 0 0 1 1 0 
0 0 1 0 1 0 
0 0 1 0 0 1 
1 1 1 1 1 1 
;
TIMETABLE BEST: 
0.0 0.0 0.0 0.0 0.0 0.0 
10 0 0 0 0 0 
19 10 0 0 0 0 
19 10 18 18 0 0 
19 10 18 18 19 0 
19 10 18 18 19 0 
19 10 18 25 19 0 
19 10 18 25 19 18 
29 19 18 25 19 18 
29 19 18 25 19 18 
29 33 18 25 19 18 
29 33 18 25 19 31 
29 33 18 25 19 31 
29 33 18 25 35 31 
29 42 18 25 35 31 
29 42 45 25 35 31 
37 42 45 25 35 31 
37 42 45 44 35 31 
51 42 45 44 35 31 
51 42 45 54 35 31 
51 42 45 54 35 52 
51 53 45 54 35 52 
51 53 52 54 35 52 
51 53 52 54 35 52 
51 53 52 54 35 52 
51 60 52 54 35 52 
51 60 52 54 35 52 
51 60 52 54 35 52 
57 60 52 54 35 52 
57 60 52 66 35 52 
57 60 68 66 35 52 
64 60 68 66 59 52 
64 60 68 66 59 52 
64 60 68 66 59 52 
64 60 68 66 65 52 
64 60 68 66 65 52 
64 60 68 66 65 68 
72 60 68 66 65 68 
72 77 68 66 65 68 
72 77 68 75 65 68 
72 77 68 75 72 68 
72 77 68 81 72 68 
80 77 68 81 72 68 
80 77 68 81 72 79 
80 77 68 81 72 79 
80 77 68 81 80 79 
89 77 68 81 80 79 
89 77 68 81 80 79 
89 77 68 81 80 79 
89 77 68 81 88 79 
89 77 68 81 88 99 
99 77 68 99 88 99 
99 77 68 113 88 99 
99 101 68 113 88 99 
99 123 68 113 88 99 
99 150 97 113 88 99 
99 150 103 113 88 99 
99 150 103 127 129 99 
99 150 112 127 129 99 
137 150 112 127 129 99 
137 150 112 127 129 99 
137 150 112 127 142 99 
137 150 112 127 142 149 
137 150 112 153 142 149 
137 150 112 160 142 149 
162 150 112 160 142 149 
162 150 112 160 155 149 
162 150 112 160 155 149 
162 150 160 160 168 149 
162 150 160 160 168 149 
162 150 169 160 168 149 
162 150 169 160 168 172 
252.0 248.0 218.0 220.0 224.0 218.0 
;
EXECUTION TIME HBSS: 141.596936941 seconds 

-------------------------------------------------------------------
