DATFILE : offices1_10r_100.dat
ENVIRONMENT : office
ALGORITHM : HBSS - TAU 3
RANGE : 100
STARTING_POS : 42
N_ROBOTS : 10
GREEDY SOLUTION : [ 2018.]
COMPUTATIONS D :
2144
2060
2056
2080
2086
2100
2038
2028
1914
2024
2004
2050
2076
2012
2122
2006
1904
1930
1856
2060
2114
2142
2042
2090
2062
2026
1926
2080
2050
2006
2040
1966
2046
2080
2030
2054
2020
1940
2074
2076
2096
1976
2104
2072
2070
1954
2050
2044
2074
2084
2062
1922
1892
1940
1948
2054
2006
2090
2096
2030
2068
2016
1998
2090
2028
2042
2054
2114
2008
1972
2024
2038
2004
2016
2084
2144
2018
2142
2014
2014
2026
1998
2120
2066
2066
2028
2056
1982
1890
1966
1972
1936
2074
2002
2050
2052
2036
1934
2036
2110
1954
2014
1972
2066
2144
2096
1920
2086
2032
2024
1936
2086
1976
2072
1996
1934
2094
2094
2116
2098
2028
2040
2050
2072
1996
2004
2008
2000
2028
2098
1926
2054
1998
1894
1972
1972
1944
2000
2046
2070
2102
2026
2016
2002
2012
2044
2012
1928
2056
1972
2104
2000
2010
2026
2016
2090
2028
2030
2010
2080
2110
1904
1932
2062
1896
2034
2014
2002
1952
1912
2082
1974
2028
1920
2056
1926
2110
2026
1898
2068
2066
1946
1912
1986
2082
1934
2088
2008
2056
2048
2064
2102
2094
2060
1918
1932
1966
2034
2096
2008
;
HBBS sumD : 1856
BEST_CONFIGURATIONS : 
42 42 42 42 42 42 42 42 42 42 
41 42 42 42 42 42 42 42 42 42 
36 41 42 42 42 42 42 42 42 42 
36 41 5 24 42 42 42 42 42 42 
36 41 5 24 40 42 42 42 42 42 
36 41 5 24 40 42 42 42 42 42 
36 41 5 4 40 42 42 42 42 42 
36 41 5 4 40 24 42 42 42 42 
35 36 5 4 40 24 42 42 42 42 
35 36 5 4 40 24 42 42 42 42 
35 34 5 4 40 24 42 42 42 42 
35 34 5 4 40 24 36 42 42 42 
35 34 5 4 40 3 36 42 42 42 
35 34 5 4 40 3 34 42 42 42 
35 34 5 4 39 3 34 23 42 42 
35 34 5 4 39 3 34 23 42 33 
35 34 5 4 39 3 34 23 33 33 
35 34 5 4 39 3 34 23 33 33 
35 34 5 4 26 3 34 23 33 33 
35 34 5 4 26 3 34 2 33 33 
32 34 5 4 26 3 34 2 33 33 
32 34 5 4 26 3 34 2 33 33 
32 34 23 4 26 3 34 2 33 33 
32 27 23 4 26 3 34 2 33 33 
32 27 23 4 38 23 34 2 33 33 
32 27 23 1 38 23 34 2 33 33 
32 27 23 1 38 23 34 2 33 33 
32 27 23 1 38 23 34 2 33 33 
32 27 26 1 38 23 34 2 33 33 
32 27 26 1 38 39 34 2 32 33 
32 31 26 1 38 39 34 2 32 33 
32 31 26 1 38 39 34 2 32 33 
32 31 26 1 38 39 27 2 32 33 
32 31 26 1 38 39 27 2 32 33 
32 31 26 1 38 39 30 2 32 33 
32 31 26 1 38 39 30 2 32 33 
32 31 26 1 38 39 30 0 32 33 
32 31 26 1 38 39 30 0 32 33 
32 31 37 1 38 39 30 0 32 33 
32 31 37 1 37 39 30 0 32 29 
32 31 37 1 37 39 30 0 32 29 
32 31 37 25 37 39 30 0 32 29 
32 31 37 25 37 39 30 0 32 29 
28 31 37 25 37 39 30 0 32 29 
28 31 37 25 43 39 30 0 32 29 
28 31 37 25 43 39 30 0 32 29 
28 31 37 25 43 39 30 0 32 29 
28 31 37 25 43 39 30 0 32 29 
28 31 37 25 43 39 30 0 32 29 
28 31 37 25 43 39 30 0 32 29 
28 17 37 25 43 39 30 0 32 29 
28 17 37 25 19 39 30 0 32 29 
28 17 37 25 16 39 30 0 32 29 
28 17 37 25 16 39 19 0 32 29 
28 17 37 25 16 39 13 0 32 29 
28 17 37 25 16 39 13 0 27 29 
28 17 37 25 16 39 13 0 33 29 
28 17 37 25 16 39 13 0 33 22 
6 17 37 25 16 39 13 0 33 22 
6 17 37 25 16 39 13 0 33 7 
6 17 37 25 22 39 13 0 33 7 
6 17 37 25 22 9 13 0 20 7 
6 17 37 25 10 9 13 0 20 7 
6 17 37 25 10 9 13 0 12 7 
6 17 37 25 10 20 13 0 12 7 
6 11 37 25 10 20 13 0 12 7 
6 11 37 25 10 8 13 0 12 7 
6 11 21 25 10 8 13 0 12 7 
6 11 21 25 10 8 13 0 8 7 
6 11 21 25 10 8 13 0 8 14 
6 11 21 25 10 8 13 0 8 14 
6 11 21 25 10 8 13 0 8 14 
42 42 42 42 42 42 42 42 42 42 
;
ROBOT MOVING BEST:
0 0 0 0 0 0 0 0 0 0 
1 1 0 0 0 0 0 0 0 0 
1 1 0 0 0 0 0 0 0 0 
0 0 1 1 0 0 0 0 0 0 
0 0 0 1 1 0 0 0 0 0 
1 0 0 0 1 0 0 0 0 0 
0 0 1 1 0 0 0 0 0 0 
0 0 0 1 0 1 0 0 0 0 
1 1 0 0 0 0 0 0 0 0 
1 0 0 0 1 0 0 0 0 0 
0 1 0 0 1 0 0 0 0 0 
0 1 0 0 0 0 1 0 0 0 
0 0 0 1 0 1 0 0 0 0 
1 0 0 0 0 0 1 0 0 0 
0 0 0 0 1 0 0 1 0 0 
1 0 0 0 0 0 0 0 0 1 
0 0 0 0 1 0 0 0 1 0 
0 1 0 0 0 0 0 0 1 0 
0 0 0 0 1 0 0 1 0 0 
0 0 0 0 0 1 0 1 0 0 
1 0 0 0 1 0 0 0 0 0 
1 0 0 0 0 0 0 0 1 0 
0 0 1 0 0 0 0 1 0 0 
0 1 0 0 1 0 0 0 0 0 
0 0 0 0 1 1 0 0 0 0 
0 0 0 1 0 0 0 1 0 0 
1 1 0 0 0 0 0 0 0 0 
0 0 1 1 0 0 0 0 0 0 
0 0 1 0 1 0 0 0 0 0 
0 0 0 0 0 1 0 0 1 0 
0 1 0 0 1 0 0 0 0 0 
1 1 0 0 0 0 0 0 0 0 
0 1 0 0 0 0 1 0 0 0 
0 0 1 0 0 1 0 0 0 0 
0 0 0 0 1 0 1 0 0 0 
0 1 1 0 0 0 0 0 0 0 
0 0 0 1 0 0 0 1 0 0 
0 1 0 0 0 0 1 0 0 0 
0 0 1 0 1 0 0 0 0 0 
0 0 0 0 1 0 0 0 0 1 
0 1 0 0 0 0 0 0 0 1 
0 0 0 1 1 0 0 0 0 0 
0 0 0 0 0 0 1 0 0 1 
1 0 0 0 1 0 0 0 0 0 
0 0 0 1 1 0 0 0 0 0 
0 0 1 0 1 0 0 0 0 0 
0 0 0 1 0 0 0 1 0 0 
1 0 0 0 0 0 1 0 0 0 
1 0 0 0 1 0 0 0 0 0 
1 0 0 0 0 0 0 0 0 1 
1 1 0 0 0 0 0 0 0 0 
0 1 0 0 1 0 0 0 0 0 
0 1 0 0 1 0 0 0 0 0 
0 0 0 0 1 0 1 0 0 0 
0 0 0 0 0 0 1 0 1 0 
0 0 0 0 0 0 1 0 1 0 
0 0 0 0 0 0 1 0 1 0 
0 0 0 0 1 0 0 0 0 1 
1 0 0 0 0 0 0 0 0 1 
1 0 0 0 0 0 0 0 0 1 
0 0 0 0 1 0 0 0 0 1 
0 0 0 0 0 1 0 0 1 0 
0 0 0 0 1 0 0 0 0 1 
0 0 0 0 0 1 0 0 1 0 
0 0 0 0 0 1 0 0 1 0 
0 1 0 0 1 0 0 0 0 0 
0 0 0 0 0 1 0 0 1 0 
0 1 1 0 0 0 0 0 0 0 
0 1 0 0 0 0 0 0 1 0 
0 0 1 0 0 0 0 0 0 1 
0 0 1 0 0 0 0 0 1 0 
0 0 0 0 0 0 1 0 0 1 
1 1 1 1 1 1 1 1 1 1 
;
TIMETABLE BEST: 
0.0 0.0 0.0 0.0 0.0 0.0 0.0 0.0 0.0 0.0 
10 0 0 0 0 0 0 0 0 0 
19 10 0 0 0 0 0 0 0 0 
19 10 18 18 0 0 0 0 0 0 
19 10 18 18 19 0 0 0 0 0 
19 10 18 18 19 0 0 0 0 0 
19 10 18 25 19 0 0 0 0 0 
19 10 18 25 19 18 0 0 0 0 
29 19 18 25 19 18 0 0 0 0 
29 19 18 25 19 18 0 0 0 0 
29 33 18 25 19 18 0 0 0 0 
29 33 18 25 19 18 19 0 0 0 
29 33 18 25 19 31 19 0 0 0 
29 33 18 25 19 31 33 0 0 0 
29 33 18 25 30 31 33 34 0 0 
29 33 18 25 30 31 33 34 0 38 
29 33 18 25 30 31 33 34 38 38 
29 33 18 25 30 31 33 34 38 38 
29 33 18 25 38 31 33 34 38 38 
29 33 18 25 38 31 33 41 38 38 
47 33 18 25 38 31 33 41 38 38 
47 33 18 25 38 31 33 41 38 38 
47 33 44 25 38 31 33 41 38 38 
47 49 44 25 38 31 33 41 38 38 
47 49 44 25 46 44 33 41 38 38 
47 49 44 52 46 44 33 41 38 38 
47 49 44 52 46 44 33 41 38 38 
47 49 44 52 46 44 33 41 38 38 
47 49 52 52 46 44 33 41 38 38 
47 49 52 52 46 54 33 41 47 38 
47 56 52 52 46 54 33 41 47 38 
47 56 52 52 46 54 33 41 47 38 
47 56 52 52 46 54 49 41 47 38 
47 56 52 52 46 54 49 41 47 38 
47 56 52 52 46 54 60 41 47 38 
47 56 52 52 46 54 60 41 47 38 
47 56 52 52 46 54 60 62 47 38 
47 56 52 52 46 54 60 62 47 38 
47 56 69 52 46 54 60 62 47 38 
47 56 69 52 55 54 60 62 47 64 
47 56 69 52 55 54 60 62 47 64 
47 56 69 68 55 54 60 62 47 64 
47 56 69 68 55 54 60 62 47 64 
73 56 69 68 55 54 60 62 47 64 
73 56 69 68 61 54 60 62 47 64 
73 56 69 68 61 54 60 62 47 64 
73 56 69 68 61 54 60 62 47 64 
73 56 69 68 61 54 60 62 47 64 
73 56 69 68 61 54 60 62 47 64 
73 56 69 68 61 54 60 62 47 64 
73 79 69 68 61 54 60 62 47 64 
73 79 69 68 79 54 60 62 47 64 
73 79 69 68 93 54 60 62 47 64 
73 79 69 68 93 54 83 62 47 64 
73 79 69 68 93 54 132 62 47 64 
73 79 69 68 93 54 132 62 53 64 
73 79 69 68 93 54 132 62 64 64 
73 79 69 68 93 54 132 62 64 105 
107 79 69 68 93 54 132 62 64 105 
107 79 69 68 93 54 132 62 64 111 
107 79 69 68 109 54 132 62 64 111 
107 79 69 68 109 115 132 62 112 111 
107 79 69 68 122 115 132 62 112 111 
107 79 69 68 122 115 132 62 122 111 
107 79 69 68 122 124 132 62 122 111 
107 129 69 68 122 124 132 62 122 111 
107 129 69 68 122 138 132 62 122 111 
107 129 131 68 122 138 132 62 122 111 
107 129 131 68 122 138 132 62 136 111 
107 129 131 68 122 138 132 62 136 136 
107 129 131 68 122 138 132 62 136 136 
107 129 131 68 122 138 132 62 136 136 
192.0 198.0 190.0 120.0 194.0 198.0 230.0 112.0 196.0 226.0 
;
EXECUTION TIME HBSS: 539.831396103 seconds 

-------------------------------------------------------------------
