DATFILE : offices1_3r_100.dat
ENVIRONMENT : office
ALGORITHM : HBSS - TAU 9
RANGE : 100
STARTING_POS : 42
N_ROBOTS : 3
GREEDY SOLUTION : 722.0
COMPUTATIONS T :
722.0
722.0
722.0
722.0
722.0
722.0
722.0
722.0
722.0
722.0
722.0
722.0
722.0
722.0
722.0
722.0
722.0
722.0
722.0
722.0
722.0
722.0
722.0
722.0
722.0
722.0
722.0
722.0
722.0
722.0
722.0
722.0
722.0
722.0
722.0
722.0
722.0
722.0
722.0
722.0
722.0
722.0
722.0
724.0
722.0
722.0
722.0
722.0
748.0
722.0
722.0
726.0
713.0
726.0
722.0
722.0
722.0
722.0
722.0
722.0
734.0
722.0
722.0
722.0
722.0
722.0
722.0
722.0
722.0
722.0
722.0
722.0
722.0
722.0
722.0
722.0
722.0
722.0
722.0
722.0
722.0
722.0
722.0
722.0
722.0
722.0
706.0
706.0
737.0
722.0
722.0
733.0
722.0
722.0
722.0
722.0
722.0
722.0
722.0
722.0
722.0
722.0
722.0
722.0
722.0
722.0
722.0
726.0
722.0
724.0
722.0
722.0
722.0
722.0
722.0
722.0
722.0
722.0
722.0
694.0
722.0
722.0
722.0
722.0
722.0
722.0
702.0
722.0
722.0
722.0
722.0
722.0
722.0
722.0
722.0
722.0
722.0
722.0
722.0
722.0
722.0
722.0
722.0
722.0
651.0
722.0
722.0
725.0
722.0
722.0
722.0
722.0
722.0
722.0
722.0
738.0
722.0
722.0
722.0
722.0
722.0
722.0
722.0
722.0
722.0
722.0
722.0
722.0
722.0
722.0
722.0
722.0
727.0
729.0
722.0
722.0
722.0
722.0
722.0
722.0
731.0
722.0
722.0
722.0
722.0
730.0
722.0
722.0
722.0
722.0
731.0
722.0
722.0
722.0
722.0
722.0
722.0
722.0
722.0
722.0
;
HBBS bestT : 651.0
BEST_CONFIGURATIONS : 
42 42 42 
41 42 42 
36 42 40 
36 41 40 
35 36 40 
35 36 40 
34 36 40 
34 36 40 
33 35 40 
33 35 39 
33 34 39 
32 33 39 
32 33 26 
27 33 26 
27 32 26 
27 32 39 
31 32 39 
31 27 39 
31 27 26 
30 31 26 
30 31 38 
30 31 38 
29 30 38 
29 30 37 
29 31 37 
28 30 37 
28 30 37 
28 30 43 
28 29 43 
17 28 43 
17 28 19 
17 28 16 
17 19 16 
17 16 22 
17 6 7 
22 6 7 
22 6 7 
10 6 7 
11 21 7 
11 21 10 
11 8 10 
21 8 10 
12 8 10 
12 8 20 
12 8 9 
12 20 9 
14 20 21 
13 14 21 
13 14 33 
13 14 32 
13 14 27 
13 37 38 
13 38 26 
13 26 23 
13 23 2 
13 1 2 
13 1 23 
13 23 39 
13 26 39 
38 23 39 
38 3 2 
40 24 2 
40 4 3 
40 4 24 
5 4 24 
5 4 24 
5 1 0 
0 1 25 
25 1 43 
25 1 37 
25 37 43 
34 35 43 
42 42 42 
;
ROBOT MOVING BEST:
0 0 0 
1 1 0 
1 0 1 
1 1 0 
1 1 0 
1 0 1 
1 1 0 
1 0 1 
1 1 0 
1 0 1 
1 1 0 
1 1 0 
1 0 1 
1 0 1 
1 1 0 
0 1 1 
1 1 0 
1 1 0 
1 0 1 
1 1 0 
1 0 1 
0 1 1 
1 1 0 
1 0 1 
1 1 0 
1 1 0 
1 0 1 
1 0 1 
1 1 0 
1 1 0 
1 0 1 
1 0 1 
0 1 1 
0 1 1 
0 1 1 
1 0 1 
1 1 0 
1 0 1 
1 1 0 
1 0 1 
1 1 0 
1 1 0 
1 1 0 
1 0 1 
1 0 1 
0 1 1 
1 0 1 
1 1 0 
1 0 1 
1 0 1 
1 0 1 
0 1 1 
0 1 1 
0 1 1 
0 1 1 
0 1 1 
0 1 1 
0 1 1 
0 1 1 
1 1 0 
0 1 1 
1 1 0 
0 1 1 
0 1 1 
1 1 0 
1 0 1 
0 1 1 
1 0 1 
1 0 1 
1 0 1 
0 1 1 
1 1 0 
1 1 1 
;
TIMETABLE BEST: 
0.0 0.0 0.0 
10 10 0 
19 10 19 
20 20 19 
30 30 19 
30 30 30 
38 38 30 
38 38 38 
48 48 38 
49 48 49 
56 56 49 
65 65 49 
65 65 65 
71 65 71 
74 74 71 
74 79 79 
81 81 79 
87 87 79 
87 87 87 
95 95 87 
95 95 95 
95 95 95 
103 103 95 
104 103 104 
111 111 104 
120 120 104 
120 120 120 
126 120 126 
128 128 126 
138 138 126 
144 138 144 
158 138 158 
158 158 158 
158 174 174 
158 188 188 
192 188 192 
192 192 192 
205 192 205 
218 218 205 
222 218 222 
225 225 222 
235 235 222 
248 248 222 
248 248 248 
257 248 257 
257 262 262 
303 262 303 
321 321 303 
364 321 364 
373 321 373 
379 321 379 
379 394 394 
379 403 403 
379 411 411 
379 419 419 
379 429 429 
379 436 436 
379 446 446 
379 454 454 
462 462 454 
462 475 475 
488 488 475 
488 495 495 
488 508 508 
509 509 508 
509 509 509 
509 541 541 
551 541 551 
562 541 562 
568 541 568 
568 574 574 
618 618 574 
651.0 647.0 631.0 
;
EXECUTION TIME HBSS: 28.399600029 seconds 

-------------------------------------------------------------------
