DATFILE : offices1_8r_100.dat
ENVIRONMENT : office
ALGORITHM : HBSS - TAU 3
RANGE : 100
STARTING_POS : 42
N_ROBOTS : 8
GREEDY SOLUTION : [ 1660.]
COMPUTATIONS D :
1722
1700
1686
1740
1712
1732
1686
1718
1708
1624
1756
1630
1726
1744
1770
1624
1744
1778
1712
1534
1718
1664
1666
1678
1654
1680
1684
1734
1678
1616
1716
1694
1682
1700
1704
1632
1776
1770
1740
1730
1684
1684
1772
1716
1726
1730
1724
1674
1724
1688
1638
1646
1762
1708
1698
1706
1714
1696
1728
1708
1672
1836
1718
1692
1724
1616
1668
1688
1664
1688
1618
1674
1682
1774
1706
1740
1748
1726
1738
1742
1714
1704
1724
1742
1644
1638
1686
1690
1814
1692
1694
1734
1626
1738
1720
1752
1724
1748
1762
1716
1780
1668
1714
1728
1790
1752
1724
1682
1712
1640
1672
1816
1690
1596
1736
1714
1688
1656
1762
1744
1636
1766
1710
1814
1740
1722
1758
1726
1628
1780
1686
1734
1640
1758
1734
1776
1710
1696
1672
1746
1764
1720
1656
1664
1746
1636
1766
1608
1632
1758
1616
1678
1760
1738
1706
1724
1696
1624
1722
1658
1870
1700
1740
1754
1674
1700
1742
1636
1688
1790
1700
1734
1794
1752
1694
1714
1646
1654
1726
1754
1732
1748
1752
1686
1656
1642
1814
1716
1764
1734
1622
1716
1724
1628
1716
1730
1750
1722
1630
1716
;
HBBS sumD : 1534
BEST_CONFIGURATIONS : 
42 42 42 42 42 42 42 42 
41 42 42 42 42 42 42 42 
36 42 41 42 42 42 42 42 
36 5 41 24 42 42 42 42 
36 5 41 24 40 42 42 42 
36 5 41 24 40 42 42 42 
36 5 41 4 40 42 42 42 
36 5 41 4 40 24 42 42 
35 5 36 4 40 24 42 42 
35 5 36 4 40 24 42 42 
35 5 34 4 40 24 42 42 
35 5 34 4 40 24 42 36 
35 5 34 4 40 3 42 36 
35 5 34 4 40 3 42 36 
35 5 34 4 39 3 23 36 
35 5 34 4 39 3 23 33 
35 5 34 4 39 3 23 33 
35 5 34 4 39 3 23 33 
35 5 34 4 26 3 23 33 
35 5 34 4 26 3 2 33 
32 5 34 4 26 3 2 33 
32 5 34 4 26 3 2 33 
32 23 34 4 26 3 2 33 
32 23 34 4 26 3 2 27 
32 23 34 4 38 3 2 27 
32 23 34 1 38 3 2 27 
32 23 34 1 38 3 23 27 
32 23 27 1 38 3 23 27 
32 26 27 1 38 3 23 27 
32 26 27 1 38 39 23 27 
32 26 31 1 38 39 23 27 
32 26 31 1 38 39 23 27 
32 26 31 1 38 39 23 27 
32 26 31 1 38 39 23 30 
32 26 31 1 38 39 23 30 
32 26 31 1 38 39 23 30 
32 26 31 1 37 39 38 30 
32 26 31 1 37 39 38 30 
29 26 31 1 37 39 38 30 
29 26 31 25 37 39 38 30 
29 26 31 25 37 39 38 30 
29 26 31 25 37 39 38 30 
29 26 28 25 37 39 38 30 
29 26 28 25 43 39 38 30 
29 37 28 25 43 39 38 30 
29 37 28 25 43 39 38 30 
29 37 28 25 43 39 38 30 
29 37 28 25 43 39 38 30 
29 37 28 25 43 0 38 30 
29 37 28 25 43 0 38 17 
29 37 28 0 43 0 1 17 
29 37 28 0 19 0 1 17 
29 37 28 0 16 0 1 17 
19 37 28 0 16 0 1 17 
22 37 28 0 16 0 1 17 
22 37 6 0 16 0 1 17 
22 37 6 0 7 0 1 17 
22 7 6 0 7 0 1 17 
10 7 6 0 7 0 1 17 
10 7 6 0 7 0 27 13 
10 7 6 0 7 0 33 13 
10 7 6 32 7 0 33 13 
10 7 11 32 7 0 33 13 
10 7 11 32 21 0 33 13 
10 7 11 32 8 0 33 13 
21 7 11 32 8 0 33 13 
21 14 11 32 8 0 33 13 
21 14 11 32 8 0 33 13 
12 14 11 32 20 0 33 13 
12 14 8 32 20 0 33 13 
12 14 8 32 9 0 33 13 
20 14 8 32 9 0 33 13 
42 42 42 42 42 42 42 42 
;
ROBOT MOVING BEST:
0 0 0 0 0 0 0 0 
1 1 0 0 0 0 0 0 
1 0 1 0 0 0 0 0 
0 1 0 1 0 0 0 0 
0 0 0 1 1 0 0 0 
1 0 0 0 1 0 0 0 
0 1 0 1 0 0 0 0 
0 0 0 1 0 1 0 0 
1 0 1 0 0 0 0 0 
1 0 0 0 1 0 0 0 
0 0 1 0 1 0 0 0 
0 0 1 0 0 0 0 1 
0 0 0 1 0 1 0 0 
1 0 1 0 0 0 0 0 
0 0 0 0 1 0 1 0 
1 0 0 0 0 0 0 1 
0 0 0 0 1 0 0 1 
0 0 1 0 0 0 0 1 
0 0 0 0 1 0 1 0 
0 0 0 0 0 1 1 0 
1 0 0 0 1 0 0 0 
1 0 0 0 0 0 0 1 
0 1 0 0 0 0 1 0 
0 0 0 0 1 0 0 1 
0 1 0 0 1 0 0 0 
0 0 0 1 0 0 1 0 
0 0 0 1 0 0 1 0 
1 0 1 0 0 0 0 0 
0 1 0 0 1 0 0 0 
1 0 0 0 0 1 0 0 
0 0 1 0 1 0 0 0 
1 0 1 0 0 0 0 0 
0 0 1 0 0 0 0 1 
0 0 0 0 1 0 0 1 
0 1 0 0 0 1 0 0 
0 1 1 0 0 0 0 0 
0 0 0 0 1 0 1 0 
0 0 1 0 0 0 0 1 
1 0 0 0 1 0 0 0 
0 0 0 1 1 0 0 0 
1 0 1 0 0 0 0 0 
1 0 0 0 0 0 0 1 
0 0 1 0 1 0 0 0 
0 0 0 1 1 0 0 0 
0 1 0 0 1 0 0 0 
0 0 1 0 0 0 0 1 
0 0 1 0 1 0 0 0 
1 0 1 0 0 0 0 0 
0 0 0 1 0 1 0 0 
0 0 1 0 0 0 0 1 
0 0 0 1 0 0 1 0 
0 0 0 0 1 0 0 1 
0 0 0 0 1 0 0 1 
1 0 0 0 1 0 0 0 
1 0 0 0 1 0 0 0 
1 0 1 0 0 0 0 0 
0 0 1 0 1 0 0 0 
1 1 0 0 0 0 0 0 
1 0 0 0 1 0 0 0 
0 0 0 0 0 0 1 1 
0 0 0 0 0 0 1 1 
0 0 0 1 0 0 0 1 
1 0 1 0 0 0 0 0 
0 0 1 0 1 0 0 0 
0 0 1 0 1 0 0 0 
1 0 0 0 1 0 0 0 
1 1 0 0 0 0 0 0 
0 1 0 0 0 0 0 1 
1 0 0 0 1 0 0 0 
1 0 1 0 0 0 0 0 
1 0 0 0 1 0 0 0 
1 0 0 0 1 0 0 0 
1 1 1 1 1 1 1 1 
;
TIMETABLE BEST: 
0.0 0.0 0.0 0.0 0.0 0.0 0.0 0.0 
10 0 0 0 0 0 0 0 
19 0 10 0 0 0 0 0 
19 18 10 18 0 0 0 0 
19 18 10 18 19 0 0 0 
19 18 10 18 19 0 0 0 
19 18 10 25 19 0 0 0 
19 18 10 25 19 18 0 0 
29 18 19 25 19 18 0 0 
29 18 19 25 19 18 0 0 
29 18 33 25 19 18 0 0 
29 18 33 25 19 18 0 19 
29 18 33 25 19 31 0 19 
29 18 33 25 19 31 0 19 
29 18 33 25 30 31 34 19 
29 18 33 25 30 31 34 38 
29 18 33 25 30 31 34 38 
29 18 33 25 30 31 34 38 
29 18 33 25 38 31 34 38 
29 18 33 25 38 31 41 38 
47 18 33 25 38 31 41 38 
47 18 33 25 38 31 41 38 
47 44 33 25 38 31 41 38 
47 44 33 25 38 31 41 49 
47 44 33 25 46 31 41 49 
47 44 33 52 46 31 41 49 
47 44 33 52 46 31 48 49 
47 44 49 52 46 31 48 49 
47 52 49 52 46 31 48 49 
47 52 49 52 46 54 48 49 
47 52 56 52 46 54 48 49 
47 52 56 52 46 54 48 49 
47 52 56 52 46 54 48 49 
47 52 56 52 46 54 48 60 
47 52 56 52 46 54 48 60 
47 52 56 52 46 54 48 60 
47 52 56 52 55 54 60 60 
47 52 56 52 55 54 60 60 
68 52 56 52 55 54 60 60 
68 52 56 68 55 54 60 60 
68 52 56 68 55 54 60 60 
68 52 56 68 55 54 60 60 
68 52 73 68 55 54 60 60 
68 52 73 68 61 54 60 60 
68 69 73 68 61 54 60 60 
68 69 73 68 61 54 60 60 
68 69 73 68 61 54 60 60 
68 69 73 68 61 54 60 60 
68 69 73 68 61 80 60 60 
68 69 73 68 61 80 60 79 
68 69 73 78 61 80 78 79 
68 69 73 78 79 80 78 79 
68 69 73 78 93 80 78 79 
87 69 73 78 93 80 78 79 
109 69 73 78 93 80 78 79 
109 69 107 78 93 80 78 79 
109 69 107 78 113 80 78 79 
109 119 107 78 113 80 78 79 
122 119 107 78 113 80 78 79 
122 119 107 78 113 80 101 140 
122 119 107 78 113 80 112 140 
122 119 107 113 113 80 112 140 
122 119 133 113 113 80 112 140 
122 119 133 113 133 80 112 140 
122 119 133 113 140 80 112 140 
135 119 133 113 140 80 112 140 
135 144 133 113 140 80 112 140 
135 144 133 113 140 80 112 140 
148 144 133 113 154 80 112 140 
148 144 150 113 154 80 112 140 
148 144 150 113 163 80 112 140 
158 144 150 113 163 80 112 140 
204.0 234.0 210.0 156.0 212.0 130.0 150.0 238.0 
;
EXECUTION TIME HBSS: 291.97802496 seconds 

-------------------------------------------------------------------
