DATFILE : offices1_7r_100.dat
ENVIRONMENT : office
ALGORITHM : HBSS - TAU 9
RANGE : 100
STARTING_POS : 42
N_ROBOTS : 7
GREEDY SOLUTION : [ 1498.]
COMPUTATIONS D :
1498
1498
1498
1498
1498
1498
1498
1498
1498
1498
1498
1498
1498
1498
1498
1498
1498
1506
1498
1498
1498
1498
1498
1498
1498
1498
1498
1498
1498
1498
1498
1498
1498
1498
1498
1498
1498
1498
1498
1498
1498
1498
1498
1498
1498
1498
1498
1498
1498
1498
1498
1498
1498
1498
1498
1498
1498
1498
1498
1498
1498
1498
1498
1498
1498
1498
1498
1498
1498
1498
1498
1498
1498
1498
1498
1498
1498
1498
1502
1498
1498
1498
1498
1498
1498
1498
1498
1498
1498
1498
1498
1498
1498
1498
1498
1498
1498
1498
1498
1498
1498
1498
1498
1498
1498
1498
1498
1498
1498
1498
1498
1498
1498
1498
1498
1498
1498
1498
1498
1498
1498
1498
1498
1536
1498
1498
1498
1498
1498
1498
1498
1498
1498
1498
1522
1498
1498
1498
1498
1498
1498
1498
1498
1498
1498
1498
1498
1498
1498
1498
1506
1498
1498
1498
1498
1498
1498
1498
1498
1498
1498
1498
1498
1498
1498
1498
1498
1498
1498
1498
1498
1498
1522
1498
1498
1498
1498
1498
1498
1498
1498
1498
1498
1498
1498
1498
1498
1498
1506
1498
1498
1498
1498
1498
1498
1498
1498
1498
1498
1498
;
HBBS sumD : 1498
BEST_CONFIGURATIONS : 
42 42 42 42 42 42 42 
41 42 42 42 42 42 42 
36 41 42 42 42 42 42 
36 41 5 24 42 42 42 
36 41 5 24 40 42 42 
36 41 5 24 40 42 42 
36 41 5 4 40 42 42 
36 41 5 4 40 24 42 
35 36 5 4 40 24 42 
35 36 5 4 40 24 42 
35 34 5 4 40 24 42 
35 34 5 4 40 24 36 
35 34 5 4 40 3 36 
35 34 5 4 40 3 36 
35 34 5 4 40 3 33 
35 34 5 4 39 3 33 
35 34 5 4 39 3 33 
35 34 23 4 39 3 33 
35 34 23 2 39 3 33 
32 34 23 2 39 3 33 
32 34 23 2 26 3 33 
32 34 23 2 26 3 33 
32 34 23 2 26 3 33 
32 27 23 2 26 3 33 
32 27 23 2 26 3 33 
32 27 23 2 38 3 33 
32 27 23 2 38 3 33 
32 27 23 2 38 1 33 
32 27 23 2 38 1 33 
32 27 26 2 38 1 33 
32 31 26 2 38 1 33 
32 31 26 2 38 1 33 
32 31 26 2 38 1 27 
32 31 26 2 38 1 30 
32 31 26 2 38 1 30 
32 31 26 2 39 1 30 
32 31 26 2 39 1 30 
32 31 26 0 39 1 30 
29 31 26 0 39 1 30 
29 31 26 0 39 1 30 
29 28 26 0 39 1 30 
29 28 26 0 39 25 30 
29 28 37 0 39 25 30 
29 28 37 0 39 25 30 
29 28 37 0 38 25 30 
29 28 37 0 38 25 30 
29 28 37 0 38 25 30 
29 28 43 0 38 25 30 
29 28 43 0 38 25 30 
29 28 43 0 38 25 17 
29 28 43 0 37 25 17 
19 28 43 0 37 25 17 
16 28 43 0 37 25 17 
16 19 43 0 37 25 17 
16 22 43 0 37 25 17 
16 22 43 0 37 25 6 
16 7 43 0 37 25 6 
16 7 22 0 37 25 6 
16 7 13 27 37 25 6 
16 7 13 32 37 25 6 
10 7 13 32 37 25 6 
10 7 13 33 37 25 6 
10 11 13 33 37 25 6 
10 11 13 33 37 21 6 
10 11 13 33 37 8 6 
10 11 13 33 37 8 21 
10 11 13 33 14 8 21 
10 11 13 33 14 8 21 
10 11 13 33 14 8 12 
20 11 13 33 14 8 12 
20 11 13 9 14 8 12 
20 11 13 9 14 8 12 
42 42 42 42 42 42 42 
;
ROBOT MOVING BEST:
0 0 0 0 0 0 0 
1 1 0 0 0 0 0 
1 1 0 0 0 0 0 
0 0 1 1 0 0 0 
0 0 0 1 1 0 0 
1 0 0 0 1 0 0 
0 0 1 1 0 0 0 
0 0 0 1 0 1 0 
1 1 0 0 0 0 0 
1 0 0 0 1 0 0 
0 1 0 0 1 0 0 
0 1 0 0 0 0 1 
0 0 0 1 0 1 0 
1 1 0 0 0 0 0 
1 0 0 0 0 0 1 
0 0 0 0 1 0 1 
0 1 0 0 0 0 1 
0 0 1 0 1 0 0 
0 0 0 1 0 1 0 
1 0 0 0 1 0 0 
0 0 1 0 1 0 0 
1 0 0 0 1 0 0 
1 0 0 0 0 0 1 
0 1 0 0 1 0 0 
0 0 1 1 0 0 0 
0 0 1 0 1 0 0 
1 1 0 0 0 0 0 
0 0 1 0 0 1 0 
0 0 0 1 0 1 0 
0 0 1 0 1 0 0 
0 1 0 0 1 0 0 
1 1 0 0 0 0 0 
0 1 0 0 0 0 1 
0 0 0 0 1 0 1 
0 1 1 0 0 0 0 
0 0 1 0 1 0 0 
0 1 0 0 0 0 1 
0 0 0 1 0 1 0 
1 1 0 0 0 0 0 
1 0 0 0 0 0 1 
0 1 0 0 0 0 1 
0 0 0 1 0 1 0 
1 0 1 0 0 0 0 
0 0 1 0 0 1 0 
0 0 1 0 1 0 0 
1 1 0 0 0 0 0 
0 1 1 0 0 0 0 
0 0 1 0 0 1 0 
0 1 1 0 0 0 0 
0 1 0 0 0 0 1 
0 0 1 0 1 0 0 
1 0 0 0 0 0 1 
1 0 0 0 0 0 1 
1 1 0 0 0 0 0 
1 1 0 0 0 0 0 
0 1 0 0 0 0 1 
0 1 0 0 0 0 1 
0 1 1 0 0 0 0 
0 0 1 1 0 0 0 
0 0 1 1 0 0 0 
1 1 0 0 0 0 0 
0 0 1 1 0 0 0 
1 1 0 0 0 0 0 
0 1 0 0 0 1 0 
0 1 0 0 0 1 0 
0 0 0 0 0 1 1 
0 0 0 0 1 0 1 
0 0 1 0 1 0 0 
0 0 0 0 0 1 1 
1 0 0 0 0 0 1 
0 0 0 1 0 0 1 
1 0 0 1 0 0 0 
1 1 1 1 1 1 1 
;
TIMETABLE BEST: 
0.0 0.0 0.0 0.0 0.0 0.0 0.0 
10.0 0.0 0.0 0.0 0.0 0.0 0.0 
19.0 10.0 0.0 0.0 0.0 0.0 0.0 
19.0 10.0 18.0 18.0 0.0 0.0 0.0 
19.0 10.0 18.0 18.0 19.0 0.0 0.0 
19.0 10.0 18.0 18.0 19.0 0.0 0.0 
19.0 10.0 18.0 25.0 19.0 0.0 0.0 
19.0 10.0 18.0 25.0 19.0 18.0 0.0 
29.0 19.0 18.0 25.0 19.0 18.0 0.0 
29.0 19.0 18.0 25.0 19.0 18.0 0.0 
29.0 33.0 18.0 25.0 19.0 18.0 0.0 
29.0 33.0 18.0 25.0 19.0 18.0 19.0 
29.0 33.0 18.0 25.0 19.0 31.0 19.0 
29.0 33.0 18.0 25.0 19.0 31.0 19.0 
29.0 33.0 18.0 25.0 19.0 31.0 38.0 
29.0 33.0 18.0 25.0 30.0 31.0 38.0 
29.0 33.0 18.0 25.0 30.0 31.0 38.0 
29.0 33.0 44.0 25.0 30.0 31.0 38.0 
29.0 33.0 44.0 45.0 30.0 31.0 38.0 
47.0 33.0 44.0 45.0 30.0 31.0 38.0 
47.0 33.0 44.0 45.0 38.0 31.0 38.0 
47.0 33.0 44.0 45.0 38.0 31.0 38.0 
47.0 33.0 44.0 45.0 38.0 31.0 38.0 
47.0 49.0 44.0 45.0 38.0 31.0 38.0 
47.0 49.0 44.0 45.0 38.0 31.0 38.0 
47.0 49.0 44.0 45.0 46.0 31.0 38.0 
47.0 49.0 44.0 45.0 46.0 31.0 38.0 
47.0 49.0 44.0 45.0 46.0 52.0 38.0 
47.0 49.0 44.0 45.0 46.0 52.0 38.0 
47.0 49.0 52.0 45.0 46.0 52.0 38.0 
47.0 56.0 52.0 45.0 46.0 52.0 38.0 
47.0 56.0 52.0 45.0 46.0 52.0 38.0 
47.0 56.0 52.0 45.0 46.0 52.0 49.0 
47.0 56.0 52.0 45.0 46.0 52.0 60.0 
47.0 56.0 52.0 45.0 46.0 52.0 60.0 
47.0 56.0 52.0 45.0 58.0 52.0 60.0 
47.0 56.0 52.0 45.0 58.0 52.0 60.0 
47.0 56.0 52.0 66.0 58.0 52.0 60.0 
68.0 56.0 52.0 66.0 58.0 52.0 60.0 
68.0 56.0 52.0 66.0 58.0 52.0 60.0 
68.0 73.0 52.0 66.0 58.0 52.0 60.0 
68.0 73.0 52.0 66.0 58.0 68.0 60.0 
68.0 73.0 69.0 66.0 58.0 68.0 60.0 
68.0 73.0 69.0 66.0 58.0 68.0 60.0 
68.0 73.0 69.0 66.0 70.0 68.0 60.0 
68.0 73.0 69.0 66.0 70.0 68.0 60.0 
68.0 73.0 69.0 66.0 70.0 68.0 60.0 
68.0 73.0 75.0 66.0 70.0 68.0 60.0 
68.0 73.0 75.0 66.0 70.0 68.0 60.0 
68.0 73.0 75.0 66.0 70.0 68.0 79.0 
68.0 73.0 75.0 66.0 79.0 68.0 79.0 
87.0 73.0 75.0 66.0 79.0 68.0 79.0 
101.0 73.0 75.0 66.0 79.0 68.0 79.0 
101.0 87.0 75.0 66.0 79.0 68.0 79.0 
101.0 109.0 75.0 66.0 79.0 68.0 79.0 
101.0 109.0 75.0 66.0 79.0 68.0 111.0 
101.0 115.0 75.0 66.0 79.0 68.0 111.0 
101.0 115.0 115.0 66.0 79.0 68.0 111.0 
101.0 115.0 142.0 95.0 79.0 68.0 111.0 
101.0 115.0 142.0 101.0 79.0 68.0 111.0 
130.0 115.0 142.0 101.0 79.0 68.0 111.0 
130.0 115.0 142.0 110.0 79.0 68.0 111.0 
130.0 135.0 142.0 110.0 79.0 68.0 111.0 
130.0 135.0 142.0 110.0 79.0 135.0 111.0 
130.0 135.0 142.0 110.0 79.0 142.0 111.0 
130.0 135.0 142.0 110.0 79.0 142.0 137.0 
130.0 135.0 142.0 110.0 144.0 142.0 137.0 
130.0 135.0 142.0 110.0 144.0 142.0 137.0 
130.0 135.0 142.0 110.0 144.0 142.0 150.0 
156.0 135.0 142.0 110.0 144.0 142.0 150.0 
156.0 135.0 142.0 161.0 144.0 142.0 150.0 
156.0 135.0 142.0 161.0 144.0 142.0 150.0 
202.0 204.0 240.0 210.0 234.0 202.0 206.0 
;
EXECUTION TIME HBSS: 208.568604946 seconds 

-------------------------------------------------------------------
