DATFILE : offices1_5r_100.dat
ENVIRONMENT : office
ALGORITHM : HBSS - TAU 3
RANGE : 100
STARTING_POS : 42
N_ROBOTS : 5
GREEDY SOLUTION : [ 1316.]
COMPUTATIONS D :
1422
1492
1396
1552
1388
1286
1580
1316
1418
1350
1386
1484
1460
1314
1430
1332
1416
1400
1330
1430
1488
1372
1742
1486
1428
1356
1408
1306
1406
1332
1438
1414
1278
1480
1334
1414
1594
1456
1440
1420
1358
1410
1336
1400
1484
1452
1426
1490
1396
1452
1638
1418
1468
1378
1382
1442
1444
1432
1328
1362
1412
1468
1568
1438
1462
1420
1404
1404
1450
1458
1420
1490
1452
1390
1458
1490
1338
1344
1292
1572
1344
1362
1314
1466
1378
1510
1518
1478
1382
1628
1386
1396
1350
1368
1322
1452
1448
1446
1530
1442
1462
1494
1320
1388
1280
1382
1472
1440
1392
1360
1380
1412
1326
1438
1444
1364
1382
1408
1336
1542
1488
1370
1482
1480
1546
1338
1382
1344
1552
1494
1476
1508
1418
1538
1392
1574
1410
1466
1468
1412
1394
1432
1478
1362
1382
1390
1424
1506
1402
1370
1498
1394
1466
1288
1354
1524
1518
1322
1508
1422
1408
1346
1284
1344
1334
1376
1456
1378
1444
1448
1654
1610
1466
1374
1430
1638
1584
1670
1564
1444
1412
1440
1570
1464
1442
1474
1530
1498
1412
1374
1518
1460
1410
1488
1368
1386
1370
1416
1326
1406
;
HBBS sumD : 1278
BEST_CONFIGURATIONS : 
42 42 42 42 42 
41 42 42 42 42 
36 41 42 42 42 
36 41 5 24 42 
36 41 5 24 40 
36 40 5 24 40 
36 40 5 34 40 
35 40 5 34 40 
35 40 5 34 36 
34 40 5 34 36 
34 4 5 34 36 
34 4 24 34 36 
34 4 24 34 35 
34 4 3 34 35 
33 4 3 34 35 
33 4 3 34 35 
33 4 39 34 35 
33 4 39 34 32 
27 4 39 34 32 
32 4 39 34 32 
32 23 39 34 32 
32 23 26 32 32 
32 23 26 32 32 
31 23 26 32 32 
31 23 26 32 27 
31 23 26 32 27 
31 23 26 32 27 
31 23 38 32 27 
31 23 38 32 27 
31 26 38 32 27 
31 26 38 32 30 
31 26 38 32 30 
31 26 38 39 30 
31 26 38 39 29 
31 37 38 39 29 
30 37 38 39 29 
30 37 37 39 29 
30 37 43 39 29 
30 37 43 39 28 
29 37 43 39 28 
29 37 43 39 28 
29 37 43 39 28 
29 37 25 39 28 
29 43 25 39 28 
17 43 25 39 28 
17 43 25 0 28 
17 43 25 0 19 
17 16 25 0 19 
17 16 1 0 19 
17 16 1 0 19 
17 16 1 23 19 
17 16 1 2 19 
17 16 1 2 22 
17 16 23 2 22 
6 16 23 2 22 
6 16 3 2 22 
6 16 3 2 7 
6 22 3 2 7 
6 10 3 2 7 
6 10 3 2 11 
21 10 3 2 11 
8 10 3 2 11 
8 10 3 2 21 
8 10 3 2 12 
8 13 3 27 12 
8 13 3 32 12 
20 13 3 32 12 
20 13 3 33 12 
9 13 3 33 12 
9 13 3 33 20 
9 14 3 33 21 
9 14 3 33 13 
42 42 42 42 42 
;
ROBOT MOVING BEST:
0 0 0 0 0 
1 1 0 0 0 
1 1 0 0 0 
0 0 1 1 0 
0 0 0 1 1 
1 1 0 0 0 
0 1 0 1 0 
1 0 0 0 1 
1 0 0 0 1 
1 0 0 0 1 
0 1 1 0 0 
0 1 1 0 0 
1 0 0 0 1 
0 1 1 0 0 
1 0 0 0 1 
1 0 0 1 0 
1 0 1 0 0 
1 0 0 0 1 
1 0 0 0 1 
1 0 1 0 0 
0 1 1 0 0 
0 0 1 1 0 
0 1 1 0 0 
1 0 0 0 1 
0 0 1 0 1 
1 0 1 0 0 
1 0 0 0 1 
0 1 1 0 0 
1 0 1 0 0 
0 1 1 0 0 
1 0 0 0 1 
0 0 1 0 1 
0 1 0 1 0 
1 0 0 0 1 
0 1 1 0 0 
1 0 0 0 1 
0 0 1 0 1 
0 1 1 0 0 
1 0 0 0 1 
1 0 0 0 1 
0 1 0 0 1 
0 0 1 0 1 
0 1 1 0 0 
0 1 1 0 0 
1 0 0 0 1 
0 0 1 1 0 
1 0 0 0 1 
1 1 0 0 0 
0 0 1 1 0 
0 1 0 0 1 
0 0 1 1 0 
0 0 1 1 0 
0 1 0 0 1 
0 0 1 1 0 
1 0 0 0 1 
0 0 1 1 0 
1 0 0 0 1 
0 1 0 0 1 
0 1 0 0 1 
0 1 0 0 1 
1 0 0 0 1 
1 0 0 0 1 
1 0 0 0 1 
1 0 0 0 1 
0 1 0 1 0 
0 1 0 1 0 
1 0 0 0 1 
0 1 0 1 0 
1 0 0 0 1 
1 0 0 0 1 
0 1 0 0 1 
0 1 0 0 1 
1 1 1 1 1 
;
TIMETABLE BEST: 
0.0 0.0 0.0 0.0 0.0 
10 0 0 0 0 
19 10 0 0 0 
19 10 18 18 0 
19 10 18 18 19 
19 21 18 18 19 
19 21 18 53 19 
29 21 18 53 19 
29 21 18 53 35 
37 21 18 53 35 
37 49 18 53 35 
37 49 26 53 35 
37 49 26 53 45 
37 49 39 53 45 
46 49 39 53 45 
46 49 39 53 45 
46 49 62 53 45 
46 49 62 53 63 
57 49 62 53 63 
63 49 62 53 63 
63 68 62 53 63 
63 68 70 67 63 
63 68 70 67 63 
76 68 70 67 63 
76 68 70 67 69 
76 68 70 67 69 
76 68 70 67 69 
76 68 78 67 69 
76 68 78 67 69 
76 76 78 67 69 
76 76 78 67 80 
76 76 78 67 80 
76 76 78 86 80 
76 76 78 86 88 
76 93 78 86 88 
84 93 78 86 88 
84 93 87 86 88 
84 93 93 86 88 
84 93 93 86 97 
92 93 93 86 97 
92 93 93 86 97 
92 93 93 86 97 
92 93 104 86 97 
92 99 104 86 97 
107 99 104 86 97 
107 99 104 112 97 
107 99 104 112 111 
107 131 104 112 111 
107 131 120 112 111 
107 131 120 112 111 
107 131 120 128 111 
107 131 120 135 111 
107 131 120 135 133 
107 131 130 135 133 
139 131 130 135 133 
139 131 143 135 133 
139 131 143 135 139 
139 147 143 135 139 
139 160 143 135 139 
139 160 143 135 159 
165 160 143 135 159 
172 160 143 135 159 
172 160 143 135 169 
172 160 143 135 182 
172 198 143 157 182 
172 198 143 163 182 
186 198 143 163 182 
186 198 143 172 182 
195 198 143 172 182 
195 198 143 172 192 
195 216 143 172 205 
195 216 143 172 246 
244.0 306.0 174.0 210.0 344.0 
;
EXECUTION TIME HBSS: 84.4462459087 seconds 

-------------------------------------------------------------------
