DATFILE : offices1_8r_100.dat
ENVIRONMENT : office
ALGORITHM : HBSS - TAU 9
RANGE : 100
STARTING_POS : 42
N_ROBOTS : 8
GREEDY SOLUTION : [ 1660.]
COMPUTATIONS D :
1660
1660
1660
1660
1660
1660
1660
1690
1660
1660
1660
1660
1660
1660
1660
1660
1660
1660
1660
1660
1660
1598
1660
1660
1660
1700
1660
1660
1660
1660
1660
1660
1660
1646
1660
1660
1660
1660
1660
1660
1660
1660
1660
1658
1660
1660
1660
1660
1660
1660
1660
1660
1660
1598
1660
1660
1660
1660
1660
1660
1660
1660
1660
1660
1660
1660
1660
1660
1660
1660
1660
1660
1660
1660
1660
1660
1660
1660
1660
1660
1660
1660
1664
1660
1660
1660
1660
1660
1660
1660
1660
1660
1660
1660
1660
1660
1660
1660
1660
1660
1660
1660
1660
1660
1652
1660
1660
1660
1660
1660
1660
1660
1660
1660
1660
1660
1660
1660
1660
1660
1660
1660
1660
1720
1660
1660
1688
1660
1660
1660
1660
1598
1660
1660
1660
1598
1660
1684
1660
1660
1660
1660
1660
1660
1660
1660
1598
1660
1660
1660
1660
1660
1660
1660
1660
1660
1660
1654
1660
1660
1660
1660
1660
1660
1660
1660
1660
1660
1660
1660
1660
1660
1660
1660
1660
1658
1660
1660
1660
1660
1660
1660
1598
1660
1660
1660
1660
1660
1660
1660
1660
1656
1660
1658
1660
1660
1660
1660
1660
1660
;
HBBS sumD : 1598
BEST_CONFIGURATIONS : 
42 42 42 42 42 42 42 42 
41 42 42 42 42 42 42 42 
36 41 42 42 42 42 42 42 
36 41 5 24 42 42 42 42 
36 41 5 24 40 42 42 42 
36 41 5 24 40 42 42 42 
36 41 5 4 40 42 42 42 
36 41 5 4 40 24 42 42 
35 36 5 4 40 24 42 42 
35 36 5 4 40 24 40 42 
35 34 5 4 40 24 40 42 
35 34 5 4 40 24 40 36 
35 34 5 4 40 3 40 36 
35 34 5 4 40 3 40 36 
35 34 5 4 40 3 40 33 
35 34 5 4 26 3 39 33 
35 34 5 4 26 3 39 33 
35 34 5 4 26 3 39 33 
35 34 23 4 26 3 39 33 
35 34 23 2 26 3 39 33 
32 34 23 2 26 3 39 33 
32 34 23 2 26 3 23 33 
32 34 23 2 26 3 23 33 
32 34 23 2 26 3 23 33 
32 34 23 2 26 3 23 33 
32 34 23 2 38 3 23 33 
32 34 23 2 38 1 23 33 
32 34 23 2 38 1 26 33 
32 27 23 2 38 1 26 33 
32 27 23 2 38 1 26 33 
32 27 23 2 38 1 26 33 
32 31 23 2 38 1 26 33 
32 31 23 2 38 1 26 33 
32 31 23 2 38 1 26 33 
32 31 23 2 38 1 26 27 
32 31 23 2 38 1 26 30 
32 31 37 2 38 1 26 30 
32 31 37 2 38 1 26 30 
32 31 37 0 38 1 26 30 
29 31 37 0 37 1 26 30 
29 31 37 0 37 25 26 30 
29 31 37 0 37 25 26 30 
29 31 37 0 43 25 26 30 
29 31 37 0 43 25 26 30 
29 31 37 0 43 25 26 30 
29 28 37 0 43 25 26 30 
29 28 37 0 43 25 26 30 
29 28 37 0 43 25 26 30 
29 28 37 0 43 25 26 30 
29 28 37 0 43 25 26 30 
29 28 37 0 43 25 26 17 
29 28 37 0 19 25 26 17 
29 28 37 0 16 25 26 17 
29 28 37 0 16 25 19 17 
29 28 37 0 16 25 22 17 
6 28 37 0 16 25 22 17 
6 7 37 0 16 25 22 17 
6 7 37 0 16 25 22 17 
6 7 27 0 16 25 13 17 
6 7 32 0 16 25 13 17 
6 7 32 0 10 25 13 17 
6 7 33 0 10 25 13 17 
6 7 33 0 10 25 13 11 
21 7 33 0 10 25 13 11 
8 7 33 0 10 25 13 11 
8 21 33 0 10 14 13 11 
8 21 33 0 10 14 13 11 
8 21 33 0 10 14 13 11 
8 12 33 0 10 14 13 11 
8 12 33 0 20 14 13 11 
8 12 33 9 20 14 13 11 
8 12 33 9 20 14 13 11 
42 42 42 42 42 42 42 42 
;
ROBOT MOVING BEST:
0 0 0 0 0 0 0 0 
1 1 0 0 0 0 0 0 
1 1 0 0 0 0 0 0 
0 0 1 1 0 0 0 0 
0 0 0 1 1 0 0 0 
1 0 0 0 1 0 0 0 
0 0 1 1 0 0 0 0 
0 0 0 1 0 1 0 0 
1 1 0 0 0 0 0 0 
1 0 0 0 0 0 1 0 
0 1 0 0 1 0 0 0 
0 1 0 0 0 0 0 1 
0 0 0 1 0 1 0 0 
1 1 0 0 0 0 0 0 
1 0 0 0 0 0 0 1 
0 0 0 0 1 0 1 0 
0 0 0 0 0 0 1 1 
0 1 0 0 0 0 0 1 
0 0 1 0 0 0 1 0 
0 0 0 1 0 1 0 0 
1 0 0 0 0 0 1 0 
0 0 0 0 1 0 1 0 
1 0 0 0 1 0 0 0 
1 0 0 0 0 0 0 1 
0 0 0 1 0 0 1 0 
0 0 0 0 1 0 1 0 
0 0 0 0 0 1 1 0 
0 0 0 0 1 0 1 0 
1 1 0 0 0 0 0 0 
0 1 0 0 0 0 1 0 
0 0 0 1 0 1 0 0 
0 1 0 0 1 0 0 0 
1 1 0 0 0 0 0 0 
0 1 0 0 0 0 1 0 
0 1 0 0 0 0 0 1 
0 0 0 0 1 0 0 1 
0 0 1 0 1 0 0 0 
0 1 0 0 0 0 0 1 
0 0 0 1 0 1 0 0 
1 0 0 0 1 0 0 0 
0 0 0 0 1 1 0 0 
1 1 0 0 0 0 0 0 
0 0 1 0 1 0 0 0 
1 0 0 0 0 0 0 1 
0 0 0 0 1 1 0 0 
0 1 0 0 0 0 0 1 
0 1 0 0 1 0 0 0 
0 0 0 1 0 1 0 0 
0 1 1 0 0 0 0 0 
1 1 0 0 0 0 0 0 
0 1 0 0 0 0 0 1 
0 0 0 0 1 0 0 1 
0 0 0 0 1 0 0 1 
0 0 0 0 1 0 1 0 
0 0 0 0 1 0 1 0 
1 0 0 0 0 0 1 0 
1 1 0 0 0 0 0 0 
0 1 0 0 0 0 1 0 
0 0 1 0 0 0 1 0 
0 0 1 0 0 0 1 0 
0 1 0 0 1 0 0 0 
0 0 1 0 0 0 1 0 
0 0 0 0 1 0 0 1 
1 0 0 0 0 0 0 1 
1 0 0 0 0 0 0 1 
0 1 0 0 0 1 0 0 
0 0 0 0 0 1 1 0 
1 1 0 0 0 0 0 0 
1 1 0 0 0 0 0 0 
0 1 0 0 1 0 0 0 
0 1 0 1 0 0 0 0 
0 0 0 1 1 0 0 0 
1 1 1 1 1 1 1 1 
;
TIMETABLE BEST: 
0.0 0.0 0.0 0.0 0.0 0.0 0.0 0.0 
10 0 0 0 0 0 0 0 
19 10 0 0 0 0 0 0 
19 10 18 18 0 0 0 0 
19 10 18 18 19 0 0 0 
19 10 18 18 19 0 0 0 
19 10 18 25 19 0 0 0 
19 10 18 25 19 18 0 0 
29 19 18 25 19 18 0 0 
29 19 18 25 19 18 19 0 
29 33 18 25 19 18 19 0 
29 33 18 25 19 18 19 19 
29 33 18 25 19 31 19 19 
29 33 18 25 19 31 19 19 
29 33 18 25 19 31 19 38 
29 33 18 25 38 31 30 38 
29 33 18 25 38 31 30 38 
29 33 18 25 38 31 30 38 
29 33 44 25 38 31 30 38 
29 33 44 45 38 31 30 38 
47 33 44 45 38 31 30 38 
47 33 44 45 38 31 40 38 
47 33 44 45 38 31 40 38 
47 33 44 45 38 31 40 38 
47 33 44 45 38 31 40 38 
47 33 44 45 46 31 40 38 
47 33 44 45 46 52 40 38 
47 33 44 45 46 52 48 38 
47 49 44 45 46 52 48 38 
47 49 44 45 46 52 48 38 
47 49 44 45 46 52 48 38 
47 56 44 45 46 52 48 38 
47 56 44 45 46 52 48 38 
47 56 44 45 46 52 48 38 
47 56 44 45 46 52 48 49 
47 56 44 45 46 52 48 60 
47 56 65 45 46 52 48 60 
47 56 65 45 46 52 48 60 
47 56 65 66 46 52 48 60 
68 56 65 66 55 52 48 60 
68 56 65 66 55 68 48 60 
68 56 65 66 55 68 48 60 
68 56 65 66 61 68 48 60 
68 56 65 66 61 68 48 60 
68 56 65 66 61 68 48 60 
68 73 65 66 61 68 48 60 
68 73 65 66 61 68 48 60 
68 73 65 66 61 68 48 60 
68 73 65 66 61 68 48 60 
68 73 65 66 61 68 48 60 
68 73 65 66 61 68 48 79 
68 73 65 66 79 68 48 79 
68 73 65 66 93 68 48 79 
68 73 65 66 93 68 85 79 
68 73 65 66 93 68 107 79 
107 73 65 66 93 68 107 79 
107 113 65 66 93 68 107 79 
107 113 65 66 93 68 107 79 
107 113 89 66 93 68 134 79 
107 113 95 66 93 68 134 79 
107 113 95 66 122 68 134 79 
107 113 104 66 122 68 134 79 
107 113 104 66 122 68 134 129 
133 113 104 66 122 68 134 129 
140 113 104 66 122 68 134 129 
140 133 104 66 122 138 134 129 
140 133 104 66 122 138 134 129 
140 133 104 66 122 138 134 129 
140 146 104 66 122 138 134 129 
140 146 104 66 148 138 134 129 
140 146 104 153 148 138 134 129 
140 146 104 153 148 138 134 129 
200.0 202.0 142.0 202.0 194.0 228.0 232.0 198.0 
;
EXECUTION TIME HBSS: 296.134584904 seconds 

-------------------------------------------------------------------
