DATFILE : offices1_8r_100.dat
ENVIRONMENT : office
ALGORITHM : HBSS - TAU 7
RANGE : 100
STARTING_POS : 42
N_ROBOTS : 8
GREEDY SOLUTION : 350.0
COMPUTATIONS T :
350.0
350.0
350.0
350.0
350.0
358.0
358.0
350.0
354.0
354.0
350.0
350.0
350.0
352.0
350.0
350.0
350.0
350.0
350.0
350.0
357.0
353.0
350.0
350.0
350.0
352.0
352.0
354.0
350.0
350.0
350.0
350.0
356.0
350.0
350.0
350.0
350.0
350.0
352.0
352.0
350.0
350.0
350.0
354.0
350.0
350.0
351.0
350.0
350.0
350.0
350.0
350.0
350.0
350.0
350.0
350.0
350.0
350.0
356.0
354.0
350.0
350.0
350.0
352.0
350.0
350.0
350.0
350.0
350.0
350.0
350.0
350.0
350.0
354.0
350.0
350.0
353.0
352.0
352.0
350.0
350.0
350.0
350.0
350.0
355.0
350.0
350.0
354.0
350.0
350.0
350.0
350.0
350.0
354.0
348.0
350.0
350.0
352.0
356.0
352.0
351.0
350.0
350.0
354.0
350.0
350.0
354.0
350.0
350.0
356.0
350.0
339.0
350.0
350.0
350.0
356.0
351.0
350.0
350.0
350.0
350.0
350.0
352.0
350.0
350.0
350.0
350.0
352.0
339.0
350.0
350.0
350.0
350.0
350.0
361.0
350.0
350.0
350.0
350.0
350.0
350.0
350.0
350.0
350.0
350.0
350.0
350.0
350.0
350.0
350.0
346.0
350.0
350.0
350.0
350.0
350.0
350.0
350.0
350.0
350.0
350.0
354.0
350.0
350.0
350.0
350.0
350.0
350.0
350.0
350.0
350.0
350.0
350.0
350.0
350.0
355.0
350.0
354.0
339.0
354.0
356.0
350.0
350.0
350.0
350.0
350.0
350.0
350.0
350.0
350.0
350.0
350.0
350.0
350.0
350.0
350.0
350.0
350.0
355.0
350.0
;
HBBS bestT : 339.0
BEST_CONFIGURATIONS : 
42 42 42 42 42 42 42 42 
41 42 42 42 42 42 42 42 
41 42 5 24 42 42 42 42 
36 42 5 24 40 42 42 42 
36 42 5 24 40 41 42 42 
36 42 5 24 40 41 42 42 
36 42 5 24 40 41 4 5 
36 42 5 24 40 41 4 5 
35 36 5 24 40 41 4 5 
35 36 5 24 40 41 4 5 
34 36 5 24 40 41 4 5 
34 36 5 24 40 41 4 5 
34 36 5 24 40 35 4 5 
34 36 4 3 40 35 4 5 
34 36 4 3 40 35 2 3 
33 35 4 3 40 35 2 3 
33 35 4 3 40 34 2 3 
33 35 4 3 39 34 2 3 
33 35 4 23 39 34 2 3 
33 35 4 23 39 34 2 3 
32 35 4 23 39 34 2 3 
32 35 4 23 39 33 2 3 
32 35 4 26 39 33 2 3 
32 35 23 26 39 33 2 3 
32 35 23 26 39 33 2 3 
27 32 23 26 39 33 2 3 
27 32 23 26 39 33 26 3 
27 32 23 38 39 33 26 3 
27 32 23 38 26 33 26 3 
31 27 23 38 26 33 26 3 
31 27 23 38 26 33 26 3 
31 27 23 38 26 33 26 3 
31 27 23 38 26 32 26 3 
31 27 1 38 26 32 23 3 
31 27 1 38 26 32 23 2 
30 31 1 38 26 32 23 2 
30 31 1 38 26 32 23 2 
29 30 1 38 26 32 23 2 
29 30 1 38 31 32 23 2 
29 30 1 37 31 32 23 2 
29 30 1 37 31 32 38 2 
29 30 0 37 31 32 38 1 
28 29 0 37 31 32 38 1 
28 29 0 37 31 32 38 1 
28 29 0 37 30 32 38 1 
28 29 25 37 30 32 38 1 
28 29 25 37 30 32 43 1 
28 29 25 37 30 32 43 1 
28 29 25 37 30 32 43 1 
28 29 25 37 30 32 43 0 
28 17 25 37 28 32 43 0 
19 17 25 37 28 17 43 0 
16 17 25 37 28 17 43 0 
16 17 25 19 28 17 43 0 
22 17 16 19 28 17 43 0 
22 17 16 19 6 17 43 0 
7 17 16 6 6 17 43 0 
7 17 16 6 6 22 43 0 
7 17 16 6 6 10 43 0 
7 17 16 6 6 10 13 27 
7 32 16 6 6 10 13 27 
7 32 10 6 11 10 13 27 
7 33 10 6 11 10 13 27 
7 33 10 11 11 21 13 27 
11 33 10 11 11 8 13 27 
11 33 10 11 21 8 13 27 
21 33 10 11 21 8 14 27 
21 33 8 11 12 8 14 27 
21 33 8 11 12 20 14 27 
21 33 8 12 12 9 14 27 
20 33 8 12 12 9 14 27 
20 33 14 12 12 9 13 27 
42 42 42 42 42 42 42 42 
;
ROBOT MOVING BEST:
0 0 0 0 0 0 0 0 
1 1 0 0 0 0 0 0 
0 0 1 1 0 0 0 0 
1 0 0 0 1 0 0 0 
1 0 0 0 0 1 0 0 
0 0 0 1 1 0 0 0 
0 0 0 0 0 0 1 1 
0 0 0 1 0 0 1 0 
1 1 0 0 0 0 0 0 
1 0 0 0 1 0 0 0 
1 1 0 0 0 0 0 0 
1 0 0 0 1 0 0 0 
1 0 0 0 0 1 0 0 
0 0 1 1 0 0 0 0 
0 0 0 0 0 0 1 1 
1 1 0 0 0 0 0 0 
1 0 0 0 0 1 0 0 
1 0 0 0 1 0 0 0 
0 0 0 1 1 0 0 0 
0 0 0 1 0 0 1 0 
1 0 0 0 1 0 0 0 
1 0 0 0 0 1 0 0 
1 0 0 1 0 0 0 0 
0 0 1 1 0 0 0 0 
0 0 0 1 1 0 0 0 
1 1 0 0 0 0 0 0 
1 0 0 0 0 0 1 0 
0 0 1 1 0 0 0 0 
0 0 0 1 1 0 0 0 
1 1 0 0 0 0 0 0 
1 0 0 1 0 0 0 0 
1 0 0 0 1 0 0 0 
1 0 0 0 0 1 0 0 
0 0 1 0 0 0 1 0 
0 0 1 0 0 0 0 1 
1 1 0 0 0 0 0 0 
1 0 0 1 0 0 0 0 
1 1 0 0 0 0 0 0 
1 0 0 0 1 0 0 0 
1 0 0 1 0 0 0 0 
0 0 0 1 0 0 1 0 
0 0 1 0 0 0 0 1 
1 1 0 0 0 0 0 0 
1 0 0 1 0 0 0 0 
1 0 0 0 1 0 0 0 
0 0 1 1 0 0 0 0 
1 0 0 0 0 0 1 0 
0 0 1 0 0 0 1 0 
0 0 0 1 0 0 1 0 
0 0 1 0 0 0 0 1 
0 1 0 0 1 0 0 0 
1 0 0 0 0 1 0 0 
1 1 0 0 0 0 0 0 
1 0 0 1 0 0 0 0 
1 0 1 0 0 0 0 0 
1 0 0 0 1 0 0 0 
1 0 0 1 0 0 0 0 
1 0 0 0 0 1 0 0 
1 0 0 0 0 1 0 0 
0 0 0 0 0 0 1 1 
0 1 0 0 0 0 1 0 
0 0 1 0 1 0 0 0 
0 1 0 0 0 0 1 0 
0 0 0 1 0 1 0 0 
1 0 0 0 0 1 0 0 
0 0 0 0 1 1 0 0 
1 0 0 0 0 0 1 0 
0 0 1 0 1 0 0 0 
0 0 0 0 1 1 0 0 
0 0 0 1 0 1 0 0 
1 0 0 0 0 1 0 0 
0 0 1 0 0 0 1 0 
1 1 1 1 1 1 1 1 
;
TIMETABLE BEST: 
0.0 0.0 0.0 0.0 0.0 0.0 0.0 0.0 
10 10 0 0 0 0 0 0 
10 10 18 18 0 0 0 0 
19 10 18 18 19 0 0 0 
19 10 18 18 19 19 0 0 
19 10 18 19 19 19 0 0 
19 10 18 19 19 19 25 25 
19 10 18 25 19 19 25 25 
29 29 18 25 19 19 25 25 
29 29 18 25 29 19 25 25 
37 37 18 25 29 19 25 25 
37 37 18 25 37 19 25 25 
38 37 18 25 37 38 25 25 
38 37 38 38 37 38 25 25 
38 37 38 38 37 38 46 46 
47 47 38 38 37 38 46 46 
47 47 38 38 37 47 46 46 
48 47 38 38 48 47 46 46 
48 47 38 51 51 47 46 46 
48 47 38 51 51 47 51 46 
57 47 38 51 57 47 51 46 
57 47 38 51 57 57 51 46 
59 47 38 59 57 57 51 46 
59 47 59 59 57 57 51 46 
59 47 59 59 59 57 51 46 
65 65 59 59 59 57 51 46 
66 65 59 59 59 57 66 46 
66 65 67 67 59 57 66 46 
66 65 67 67 67 57 66 46 
73 73 67 67 67 57 66 46 
73 73 67 73 67 57 66 46 
73 73 67 73 73 57 66 46 
73 73 67 73 73 73 66 46 
73 73 77 73 73 73 77 46 
73 73 77 73 73 73 77 77 
81 81 77 73 73 73 77 77 
81 81 77 81 73 73 77 77 
89 89 77 81 73 73 77 77 
89 89 77 81 89 73 77 77 
90 89 77 90 89 73 77 77 
90 89 77 90 89 73 90 77 
90 89 92 90 89 73 90 92 
99 99 92 90 89 73 90 92 
99 99 92 99 89 73 90 92 
99 99 92 99 99 73 90 92 
99 99 102 102 99 73 90 92 
105 99 102 102 99 73 105 92 
105 99 105 102 99 73 105 92 
105 99 105 105 99 73 105 92 
105 99 106 105 99 73 105 106 
105 114 106 105 114 73 105 106 
119 114 106 105 114 119 105 106 
133 133 106 105 114 119 105 106 
133 133 106 133 114 119 105 106 
149 133 149 133 114 119 105 106 
149 133 149 133 149 119 105 106 
155 133 149 155 149 119 105 106 
155 133 149 155 149 155 105 106 
168 133 149 155 149 168 105 106 
168 133 149 155 149 168 172 172 
168 172 149 155 149 168 172 172 
168 172 178 155 178 168 172 172 
168 181 178 155 178 168 181 172 
168 181 178 181 178 181 181 172 
188 181 178 181 178 188 181 172 
188 181 178 181 188 188 181 172 
199 181 178 181 188 188 199 172 
199 181 201 181 201 188 199 172 
199 181 201 181 202 202 199 172 
199 181 201 211 202 211 199 172 
212 181 201 211 202 212 199 172 
212 181 241 211 202 212 241 172 
258.0 219.0 331.0 267.0 258.0 261.0 339.0 217.0 
;
EXECUTION TIME HBSS: 296.207156897 seconds 

-------------------------------------------------------------------
