DATFILE : offices1_9r_100.dat
ENVIRONMENT : office
ALGORITHM : HBSS - TAU 5
RANGE : 100
STARTING_POS : 42
N_ROBOTS : 9
GREEDY SOLUTION : [ 1822.]
COMPUTATIONS D :
1822
1846
1836
1836
1824
1822
1818
1822
1822
1822
1822
1828
1814
1822
1828
1832
1822
1902
1822
1864
1862
1838
1864
1868
1822
1862
1892
1778
1822
1866
1830
1822
1822
1828
1868
1834
1822
1860
1812
1860
1884
1820
1862
1866
1822
1892
1822
1828
1838
1822
1834
1844
1864
1828
1822
1822
1822
1840
1822
1864
1842
1822
1862
1828
1822
1822
1862
1832
1812
1822
1822
1822
1822
1824
1788
1814
1822
1906
1830
1822
1822
1858
1822
1812
1824
1822
1812
1822
1822
1834
1824
1830
1822
1862
1822
1822
1726
1822
1822
1832
1822
1854
1864
1822
1778
1862
1784
1822
1822
1832
1856
1822
1838
1812
1822
1878
1822
1858
1822
1822
1722
1748
1822
1820
1862
1814
1822
1832
1822
1822
1728
1750
1822
1826
1868
1820
1814
1832
1866
1822
1822
1824
1822
1832
1832
1834
1826
1788
1822
1824
1812
1862
1828
1822
1814
1824
1832
1778
1822
1840
1836
1822
1862
1890
1844
1854
1824
1902
1822
1836
1750
1822
1892
1832
1862
1822
1822
1822
1814
1900
1814
1852
1854
1822
1830
1818
1824
1824
1884
1822
1832
1822
1832
1864
1822
1824
1846
1862
1830
1822
;
HBBS sumD : 1722
BEST_CONFIGURATIONS : 
42 42 42 42 42 42 42 42 42 
41 42 42 42 42 42 42 42 42 
36 41 42 42 42 42 42 42 42 
36 41 5 24 42 42 42 42 42 
36 41 5 24 40 42 42 42 42 
36 41 5 24 40 42 42 42 42 
36 41 5 4 40 42 42 42 42 
36 41 5 4 40 24 42 42 42 
35 36 5 4 40 24 42 42 42 
35 36 5 4 40 24 42 42 42 
35 34 5 4 40 24 42 42 42 
35 34 5 4 40 24 36 42 42 
35 34 5 4 40 3 36 42 42 
35 34 5 4 40 3 36 42 42 
35 34 5 4 39 3 36 23 42 
35 34 5 4 39 3 33 23 42 
35 34 5 4 39 3 33 23 42 
35 34 5 4 26 3 33 23 39 
35 34 5 4 26 3 33 23 39 
35 34 5 4 26 3 33 23 39 
35 34 5 4 26 3 33 2 39 
32 34 5 4 26 3 33 2 39 
32 34 5 4 26 3 33 2 38 
32 34 5 4 26 3 33 2 38 
32 34 5 4 26 3 33 2 38 
32 34 23 4 26 3 33 2 38 
32 34 23 4 26 3 33 2 38 
32 27 23 4 26 3 33 2 38 
32 27 23 4 27 3 33 2 38 
32 27 23 1 27 3 33 2 38 
32 27 23 1 31 3 33 2 38 
32 27 23 1 31 3 33 2 38 
32 27 23 1 31 3 33 2 38 
32 27 23 1 31 3 33 2 38 
32 30 23 1 31 3 33 2 38 
32 30 23 1 31 3 33 2 26 
32 30 23 1 31 3 33 0 26 
32 30 23 1 31 3 33 0 26 
32 30 23 1 31 3 29 0 26 
32 30 0 1 31 25 29 0 26 
32 30 0 1 29 25 29 0 26 
32 30 0 1 29 25 29 0 37 
32 30 0 1 29 25 29 0 37 
28 30 0 1 29 25 29 0 37 
28 30 0 1 29 25 29 0 43 
28 30 0 1 29 25 29 0 43 
28 30 0 1 29 43 29 0 43 
28 30 0 38 29 37 29 0 43 
28 30 0 38 29 37 29 0 43 
28 30 0 38 29 37 29 0 43 
28 17 0 38 29 37 29 0 43 
28 17 0 38 19 37 29 0 43 
28 17 0 38 16 37 29 0 43 
28 17 0 38 16 37 19 0 43 
28 17 0 38 16 37 22 0 43 
6 17 0 38 16 37 22 0 43 
6 17 0 27 16 37 13 0 43 
6 17 0 32 16 37 13 0 43 
6 7 0 32 16 37 13 0 43 
6 7 0 32 22 37 13 0 43 
6 7 33 32 22 37 13 0 43 
6 7 33 32 10 37 13 0 43 
6 7 33 32 10 37 13 0 11 
21 7 33 32 10 37 13 0 11 
8 7 33 32 10 37 13 0 11 
8 14 33 32 10 37 13 0 11 
8 14 33 32 21 37 13 0 11 
8 14 33 32 21 37 13 0 11 
8 14 33 32 12 37 13 0 11 
8 14 33 9 12 37 13 20 11 
8 14 33 9 12 37 13 20 11 
8 14 33 9 12 37 13 20 11 
42 42 42 42 42 42 42 42 42 
;
ROBOT MOVING BEST:
0 0 0 0 0 0 0 0 0 
1 1 0 0 0 0 0 0 0 
1 1 0 0 0 0 0 0 0 
0 0 1 1 0 0 0 0 0 
0 0 0 1 1 0 0 0 0 
1 0 0 0 1 0 0 0 0 
0 0 1 1 0 0 0 0 0 
0 0 0 1 0 1 0 0 0 
1 1 0 0 0 0 0 0 0 
1 0 0 0 1 0 0 0 0 
0 1 0 0 1 0 0 0 0 
0 1 0 0 0 0 1 0 0 
0 0 0 1 0 1 0 0 0 
1 1 0 0 0 0 0 0 0 
0 0 0 0 1 0 0 1 0 
1 0 0 0 0 0 1 0 0 
0 0 0 0 1 0 1 0 0 
0 0 0 0 1 0 0 0 1 
0 1 0 0 0 0 1 0 0 
0 0 0 0 1 0 0 1 0 
0 0 0 0 0 1 0 1 0 
1 0 0 0 0 0 0 0 1 
0 0 0 0 1 0 0 0 1 
1 0 0 0 1 0 0 0 0 
1 0 0 0 0 0 1 0 0 
0 0 1 0 0 0 0 1 0 
0 0 1 0 0 0 0 0 1 
0 1 0 0 1 0 0 0 0 
1 0 0 0 1 0 0 0 0 
0 0 0 1 0 0 0 1 0 
0 0 0 0 1 0 0 0 1 
0 0 1 1 0 0 0 0 0 
1 0 0 0 1 0 0 0 0 
0 1 0 0 1 0 0 0 0 
0 1 0 0 0 0 0 0 1 
0 0 0 0 1 0 0 0 1 
0 0 0 1 0 0 0 1 0 
0 1 0 0 1 0 0 0 0 
0 0 0 0 1 0 1 0 0 
0 0 1 0 0 1 0 0 0 
0 1 0 0 1 0 0 0 0 
0 0 0 0 0 1 0 0 1 
0 0 0 0 1 0 0 0 1 
1 1 0 0 0 0 0 0 0 
0 0 0 0 0 1 0 0 1 
1 0 0 0 1 0 0 0 0 
1 0 0 0 0 1 0 0 0 
0 0 0 1 0 1 0 0 0 
1 0 0 0 0 1 0 0 0 
0 0 0 0 0 1 0 0 1 
1 1 0 0 0 0 0 0 0 
0 1 0 0 1 0 0 0 0 
0 1 0 0 1 0 0 0 0 
0 0 0 0 1 0 1 0 0 
0 0 0 0 1 0 1 0 0 
1 0 0 0 0 0 1 0 0 
0 0 0 1 0 0 1 0 0 
0 0 0 1 0 0 1 0 0 
1 1 0 0 0 0 0 0 0 
0 1 0 0 1 0 0 0 0 
0 0 1 0 0 0 1 0 0 
0 1 0 0 1 0 0 0 0 
0 0 0 0 1 0 0 0 1 
1 0 0 0 0 0 0 0 1 
1 0 0 0 0 0 0 0 1 
0 1 0 0 0 0 1 0 0 
1 0 0 0 1 0 0 0 0 
0 1 0 0 1 0 0 0 0 
1 0 0 0 1 0 0 0 0 
0 0 0 1 0 0 0 1 0 
0 0 0 0 1 0 0 1 0 
0 0 0 1 1 0 0 0 0 
1 1 1 1 1 1 1 1 1 
;
TIMETABLE BEST: 
0.0 0.0 0.0 0.0 0.0 0.0 0.0 0.0 0.0 
10 0 0 0 0 0 0 0 0 
19 10 0 0 0 0 0 0 0 
19 10 18 18 0 0 0 0 0 
19 10 18 18 19 0 0 0 0 
19 10 18 18 19 0 0 0 0 
19 10 18 25 19 0 0 0 0 
19 10 18 25 19 18 0 0 0 
29 19 18 25 19 18 0 0 0 
29 19 18 25 19 18 0 0 0 
29 33 18 25 19 18 0 0 0 
29 33 18 25 19 18 19 0 0 
29 33 18 25 19 31 19 0 0 
29 33 18 25 19 31 19 0 0 
29 33 18 25 30 31 19 34 0 
29 33 18 25 30 31 38 34 0 
29 33 18 25 30 31 38 34 0 
29 33 18 25 38 31 38 34 30 
29 33 18 25 38 31 38 34 30 
29 33 18 25 38 31 38 34 30 
29 33 18 25 38 31 38 41 30 
47 33 18 25 38 31 38 41 30 
47 33 18 25 38 31 38 41 42 
47 33 18 25 38 31 38 41 42 
47 33 18 25 38 31 38 41 42 
47 33 44 25 38 31 38 41 42 
47 33 44 25 38 31 38 41 42 
47 49 44 25 38 31 38 41 42 
47 49 44 25 45 31 38 41 42 
47 49 44 52 45 31 38 41 42 
47 49 44 52 52 31 38 41 42 
47 49 44 52 52 31 38 41 42 
47 49 44 52 52 31 38 41 42 
47 49 44 52 52 31 38 41 42 
47 60 44 52 52 31 38 41 42 
47 60 44 52 52 31 38 41 50 
47 60 44 52 52 31 38 62 50 
47 60 44 52 52 31 38 62 50 
47 60 44 52 52 31 64 62 50 
47 60 60 52 52 60 64 62 50 
47 60 60 52 64 60 64 62 50 
47 60 60 52 64 60 64 62 67 
47 60 60 52 64 60 64 62 67 
73 60 60 52 64 60 64 62 67 
73 60 60 52 64 60 64 62 73 
73 60 60 52 64 60 64 62 73 
73 60 60 52 64 71 64 62 73 
73 60 60 70 64 77 64 62 73 
73 60 60 70 64 77 64 62 73 
73 60 60 70 64 77 64 62 73 
73 79 60 70 64 77 64 62 73 
73 79 60 70 83 77 64 62 73 
73 79 60 70 97 77 64 62 73 
73 79 60 70 97 77 83 62 73 
73 79 60 70 97 77 105 62 73 
107 79 60 70 97 77 105 62 73 
107 79 60 85 97 77 132 62 73 
107 79 60 91 97 77 132 62 73 
107 117 60 91 97 77 132 62 73 
107 117 60 91 113 77 132 62 73 
107 117 100 91 113 77 132 62 73 
107 117 100 91 126 77 132 62 73 
107 117 100 91 126 77 132 62 129 
133 117 100 91 126 77 132 62 129 
140 117 100 91 126 77 132 62 129 
140 142 100 91 126 77 132 62 129 
140 142 100 91 139 77 132 62 129 
140 142 100 91 139 77 132 62 129 
140 142 100 91 152 77 132 62 129 
140 142 100 147 152 77 132 146 129 
140 142 100 147 152 77 132 146 129 
140 142 100 147 152 77 132 146 129 
200.0 232.0 138.0 196.0 208.0 128.0 230.0 192.0 198.0 
;
EXECUTION TIME HBSS: 408.665311098 seconds 

-------------------------------------------------------------------
