DATFILE : offices1_5r_100.dat
ENVIRONMENT : office
ALGORITHM : HBSS - TAU 9
RANGE : 100
STARTING_POS : 42
N_ROBOTS : 5
GREEDY SOLUTION : [ 1316.]
COMPUTATIONS D :
1316
1316
1316
1316
1316
1316
1316
1316
1316
1316
1316
1316
1316
1316
1316
1316
1316
1316
1316
1316
1316
1316
1316
1316
1316
1316
1316
1316
1316
1316
1344
1316
1316
1316
1316
1316
1316
1316
1316
1316
1316
1316
1316
1316
1316
1316
1316
1316
1316
1316
1316
1316
1316
1324
1316
1316
1316
1316
1316
1316
1316
1316
1344
1316
1316
1316
1316
1316
1316
1316
1424
1316
1316
1316
1316
1316
1316
1316
1316
1316
1316
1316
1316
1316
1316
1316
1316
1316
1316
1316
1316
1316
1316
1316
1316
1316
1316
1320
1316
1316
1316
1316
1316
1316
1316
1316
1316
1316
1316
1316
1316
1316
1316
1316
1316
1316
1316
1316
1316
1316
1316
1316
1316
1316
1316
1316
1316
1316
1316
1316
1316
1316
1316
1316
1316
1316
1316
1316
1316
1316
1316
1316
1316
1316
1316
1316
1316
1316
1316
1378
1316
1316
1316
1316
1316
1316
1316
1316
1316
1316
1316
1316
1316
1316
1316
1316
1316
1316
1316
1316
1316
1316
1316
1316
1316
1316
1316
1316
1316
1316
1316
1316
1316
1316
1316
1316
1316
1316
1316
1312
1316
1316
1316
1316
1316
1316
1316
1316
1316
1316
;
HBBS sumD : 1312
BEST_CONFIGURATIONS : 
42 42 42 42 42 
41 42 42 42 42 
36 41 42 42 42 
36 41 5 24 42 
36 41 5 24 40 
36 41 5 24 40 
36 41 5 4 40 
35 36 5 4 40 
35 36 5 4 40 
35 36 24 4 40 
35 34 24 4 40 
35 34 24 4 40 
35 34 3 4 40 
35 34 3 4 36 
35 33 3 4 36 
34 33 3 4 36 
34 33 3 2 36 
32 33 3 2 36 
32 33 23 2 36 
32 27 23 2 36 
32 27 1 2 36 
32 26 1 2 36 
32 26 1 23 36 
32 26 1 39 36 
32 26 1 39 33 
27 26 1 39 33 
27 26 1 39 33 
31 26 1 39 33 
31 26 1 39 32 
31 23 1 39 32 
31 23 1 39 32 
31 23 1 39 27 
31 23 1 38 27 
31 23 1 38 27 
31 23 1 38 30 
30 23 1 38 30 
30 0 1 38 30 
30 0 26 38 30 
29 0 26 38 30 
29 0 26 37 30 
29 0 26 37 31 
29 0 38 37 31 
28 0 38 37 31 
28 25 38 37 31 
28 25 38 43 31 
28 25 38 43 31 
28 25 37 43 31 
28 25 37 43 30 
28 25 37 43 29 
28 25 37 17 29 
19 25 37 17 29 
19 0 25 17 29 
16 0 25 17 17 
16 0 25 19 17 
16 0 25 22 17 
6 0 25 22 17 
6 0 25 7 17 
22 0 25 7 17 
13 27 25 7 17 
13 32 25 7 17 
13 32 25 7 10 
13 33 25 7 10 
13 33 25 11 10 
13 33 21 11 10 
13 33 8 11 10 
13 33 8 21 10 
13 33 8 21 14 
14 33 8 21 14 
14 33 8 12 14 
14 20 8 12 14 
14 9 8 12 14 
14 9 20 12 14 
42 42 42 42 42 
;
ROBOT MOVING BEST:
0 0 0 0 0 
1 1 0 0 0 
1 1 0 0 0 
0 0 1 1 0 
0 0 0 1 1 
1 0 0 0 1 
0 0 1 1 0 
1 1 0 0 0 
1 0 0 0 1 
0 0 1 1 0 
0 1 0 0 1 
1 1 0 0 0 
0 0 1 1 0 
0 1 0 0 1 
1 1 0 0 0 
1 1 0 0 0 
0 0 1 1 0 
1 1 0 0 0 
0 0 1 1 0 
1 1 0 0 0 
0 0 1 1 0 
1 1 0 0 0 
0 1 0 1 0 
1 0 0 1 0 
0 0 0 1 1 
1 1 0 0 0 
0 1 0 1 0 
1 1 0 0 0 
1 0 0 0 1 
0 1 1 0 0 
0 1 0 1 0 
1 0 0 0 1 
1 0 0 1 0 
0 1 0 1 0 
1 0 0 0 1 
1 0 0 1 0 
0 1 1 0 0 
0 0 1 1 0 
1 0 0 0 1 
1 0 0 1 0 
1 0 0 0 1 
0 0 1 1 0 
1 0 0 1 0 
0 1 0 1 0 
1 0 0 1 0 
0 1 0 1 0 
0 0 1 1 0 
1 0 0 0 1 
1 0 0 0 1 
1 0 0 1 0 
1 0 0 1 0 
0 1 1 0 0 
1 0 0 0 1 
1 0 0 1 0 
1 0 0 1 0 
1 0 0 1 0 
1 0 0 1 0 
1 0 0 1 0 
1 1 0 0 0 
1 1 0 0 0 
0 0 0 1 1 
1 1 0 0 0 
0 0 0 1 1 
0 0 1 1 0 
0 0 1 1 0 
0 0 1 1 0 
1 0 0 0 1 
1 0 0 1 0 
0 0 1 1 0 
0 1 0 1 0 
0 1 0 1 0 
0 1 1 0 0 
1 1 1 1 1 
;
TIMETABLE BEST: 
0.0 0.0 0.0 0.0 0.0 
10 0 0 0 0 
19 10 0 0 0 
19 10 18 18 0 
19 10 18 18 19 
19 10 18 18 19 
19 10 18 25 19 
29 19 18 25 19 
29 19 18 25 19 
29 19 26 25 19 
29 33 26 25 19 
29 33 26 25 19 
29 33 39 25 19 
29 33 39 25 35 
29 42 39 25 35 
37 42 39 25 35 
37 42 39 45 35 
51 42 39 45 35 
51 42 52 45 35 
51 53 52 45 35 
51 53 62 45 35 
51 60 62 45 35 
51 60 62 52 35 
51 60 62 62 35 
51 60 62 62 54 
57 60 62 62 54 
57 60 62 62 54 
64 60 62 62 54 
64 60 62 62 63 
64 68 62 62 63 
64 68 62 62 63 
64 68 62 62 69 
64 68 62 74 69 
64 68 62 74 69 
64 68 62 74 80 
72 68 62 74 80 
72 84 62 74 80 
72 84 78 74 80 
80 84 78 74 80 
80 84 78 83 80 
80 84 78 83 88 
80 84 86 83 88 
89 84 86 83 88 
89 94 86 83 88 
89 94 86 89 88 
89 94 86 89 88 
89 94 95 89 88 
89 94 95 89 96 
89 94 95 89 104 
89 94 95 109 104 
103 94 95 109 104 
103 104 112 109 104 
117 104 112 109 119 
117 104 112 121 119 
117 104 112 143 119 
131 104 112 143 119 
131 104 112 149 119 
143 104 112 149 119 
170 133 112 149 119 
170 139 112 149 119 
170 139 112 149 166 
170 148 112 149 166 
170 148 112 169 166 
170 148 179 169 166 
170 148 186 169 166 
170 148 186 179 166 
170 148 186 179 196 
188 148 186 179 196 
188 148 186 192 196 
188 196 186 192 196 
188 205 186 192 196 
188 205 200 192 196 
278.0 254.0 246.0 248.0 286.0 
;
EXECUTION TIME HBSS: 87.5914139748 seconds 

-------------------------------------------------------------------
