DATFILE : offices1_7r_100.dat
ENVIRONMENT : office
ALGORITHM : HBSS - TAU 3
RANGE : 100
STARTING_POS : 42
N_ROBOTS : 7
GREEDY SOLUTION : 365.0
COMPUTATIONS T :
345.0
362.0
371.0
370.0
371.0
362.0
372.0
373.0
371.0
383.0
373.0
384.0
362.0
365.0
387.0
374.0
374.0
337.0
379.0
370.0
374.0
375.0
376.0
372.0
370.0
386.0
376.0
381.0
361.0
366.0
367.0
381.0
388.0
381.0
363.0
373.0
356.0
380.0
370.0
388.0
379.0
367.0
390.0
370.0
367.0
378.0
383.0
371.0
362.0
360.0
364.0
372.0
377.0
369.0
366.0
376.0
330.0
370.0
373.0
367.0
365.0
373.0
374.0
374.0
374.0
364.0
379.0
371.0
367.0
376.0
371.0
369.0
359.0
337.0
378.0
366.0
375.0
363.0
366.0
373.0
391.0
370.0
367.0
371.0
373.0
358.0
355.0
368.0
366.0
360.0
381.0
370.0
387.0
354.0
367.0
376.0
379.0
371.0
380.0
368.0
374.0
379.0
354.0
375.0
361.0
365.0
359.0
376.0
376.0
374.0
376.0
376.0
380.0
373.0
378.0
373.0
374.0
382.0
374.0
379.0
384.0
383.0
309.0
368.0
372.0
381.0
373.0
367.0
374.0
371.0
378.0
373.0
371.0
376.0
377.0
376.0
372.0
378.0
372.0
377.0
370.0
376.0
373.0
376.0
377.0
374.0
360.0
376.0
363.0
368.0
355.0
365.0
374.0
364.0
370.0
381.0
384.0
371.0
369.0
375.0
373.0
375.0
368.0
370.0
380.0
364.0
380.0
368.0
363.0
373.0
376.0
366.0
350.0
385.0
376.0
370.0
373.0
368.0
385.0
375.0
370.0
376.0
376.0
373.0
373.0
360.0
367.0
371.0
369.0
369.0
369.0
359.0
376.0
372.0
379.0
375.0
372.0
380.0
378.0
362.0
;
HBBS bestT : 309.0
BEST_CONFIGURATIONS : 
42 42 42 42 42 42 42 
41 42 42 42 42 42 42 
41 42 5 24 42 42 42 
36 42 5 24 40 42 42 
36 42 5 24 40 41 42 
36 42 5 24 40 41 42 
36 42 5 4 40 41 42 
36 42 5 4 40 41 24 
35 36 5 4 40 41 24 
35 36 5 4 40 41 24 
34 36 5 4 40 41 24 
34 36 5 4 40 41 24 
34 36 5 4 40 35 24 
34 36 5 4 40 35 3 
33 35 5 4 40 35 3 
33 35 5 4 40 34 3 
33 35 5 4 39 34 3 
33 35 23 4 39 34 3 
33 35 23 3 39 34 2 
33 35 23 3 39 34 2 
32 35 23 3 39 34 2 
32 35 23 3 39 33 2 
32 35 26 3 39 33 2 
32 35 26 3 39 33 2 
32 35 26 3 39 33 23 
27 32 26 3 39 33 23 
27 32 26 3 39 33 23 
27 32 26 2 39 33 1 
27 32 26 2 23 33 1 
31 27 26 2 23 33 1 
31 27 26 2 23 33 1 
31 27 26 2 23 32 1 
30 31 26 2 23 32 1 
30 31 38 2 23 32 1 
30 31 38 2 23 32 1 
30 31 38 23 23 32 1 
30 31 38 23 26 32 1 
29 31 38 23 26 31 1 
29 30 38 23 26 31 1 
29 30 37 23 26 31 1 
29 30 37 23 38 31 1 
29 30 37 23 38 31 25 
29 30 43 23 38 31 25 
29 30 43 0 38 31 25 
28 29 43 0 38 31 25 
28 29 43 0 38 31 25 
28 29 43 0 37 31 25 
17 28 43 0 37 31 25 
17 28 43 0 37 31 43 
17 28 43 0 37 30 43 
17 28 19 0 37 30 43 
17 28 19 1 37 30 0 
17 28 16 1 37 30 0 
17 19 16 1 37 30 0 
17 16 22 1 37 30 0 
17 16 22 1 37 6 0 
17 16 7 1 6 6 0 
17 21 7 1 6 14 0 
22 21 7 1 6 14 0 
10 21 7 1 6 14 0 
10 8 7 1 11 14 0 
10 8 7 1 11 14 0 
10 21 7 1 11 14 0 
10 21 7 27 11 13 0 
10 21 7 27 11 13 32 
21 8 7 27 11 13 32 
21 8 14 27 11 13 32 
21 8 14 27 11 13 33 
12 8 14 27 11 13 33 
12 8 14 27 20 13 33 
12 8 14 27 9 13 33 
12 20 14 27 9 13 33 
42 42 42 42 42 42 42 
;
ROBOT MOVING BEST:
0 0 0 0 0 0 0 
1 1 0 0 0 0 0 
0 0 1 1 0 0 0 
1 0 0 0 1 0 0 
1 0 0 0 0 1 0 
0 0 0 1 1 0 0 
0 0 1 1 0 0 0 
0 0 0 1 0 0 1 
1 1 0 0 0 0 0 
1 0 0 0 1 0 0 
1 0 0 0 1 0 0 
1 1 0 0 0 0 0 
1 0 0 0 0 1 0 
0 0 0 1 0 0 1 
1 1 0 0 0 0 0 
1 0 0 0 0 1 0 
1 0 0 0 1 0 0 
0 0 1 0 1 0 0 
0 0 0 1 0 0 1 
0 0 1 0 0 0 1 
1 0 0 0 1 0 0 
1 0 0 0 0 1 0 
1 0 1 0 0 0 0 
0 0 1 0 1 0 0 
0 0 1 0 0 0 1 
1 1 0 0 0 0 0 
1 0 1 0 0 0 0 
0 0 0 1 0 0 1 
0 0 0 0 1 0 1 
1 1 0 0 0 0 0 
1 0 1 0 0 0 0 
1 0 0 0 0 1 0 
1 1 0 0 0 0 0 
1 0 1 0 0 0 0 
0 1 1 0 0 0 0 
0 0 1 1 0 0 0 
0 0 1 0 1 0 0 
1 0 0 0 0 1 0 
1 1 0 0 0 0 0 
1 0 1 0 0 0 0 
0 0 1 0 1 0 0 
0 0 1 0 0 0 1 
0 0 1 0 0 0 1 
0 0 0 1 0 0 1 
1 1 0 0 0 0 0 
1 0 1 0 0 0 0 
1 0 0 0 1 0 0 
1 1 0 0 0 0 0 
0 0 0 0 1 0 1 
0 1 0 0 0 1 0 
1 0 1 0 0 0 0 
0 0 0 1 0 0 1 
1 0 1 0 0 0 0 
0 1 1 0 0 0 0 
0 1 1 0 0 0 0 
0 0 1 0 0 1 0 
0 0 1 0 1 0 0 
0 1 0 0 0 1 0 
1 0 1 0 0 0 0 
1 0 1 0 0 0 0 
0 1 0 0 1 0 0 
1 0 0 0 1 0 0 
0 1 0 0 1 0 0 
0 0 0 1 0 1 0 
0 0 0 0 0 1 1 
1 1 0 0 0 0 0 
0 0 1 0 0 1 0 
0 0 0 0 0 1 1 
1 1 0 0 0 0 0 
1 0 0 0 1 0 0 
1 0 0 0 1 0 0 
0 1 0 0 1 0 0 
1 1 1 1 1 1 1 
;
TIMETABLE BEST: 
0.0 0.0 0.0 0.0 0.0 0.0 0.0 
10 10 0 0 0 0 0 
10 10 18 18 0 0 0 
19 10 18 18 19 0 0 
19 10 18 18 19 19 0 
19 10 18 19 19 19 0 
19 10 26 26 19 19 0 
19 10 26 26 19 19 26 
29 29 26 26 19 19 26 
29 29 26 26 29 19 26 
37 29 26 26 37 19 26 
37 37 26 26 37 19 26 
38 37 26 26 37 38 26 
38 37 26 39 37 38 39 
47 47 26 39 37 38 39 
47 47 26 39 37 47 39 
48 47 26 39 48 47 39 
48 47 52 39 52 47 39 
48 47 52 53 52 47 53 
48 47 53 53 52 47 53 
57 47 53 53 57 47 53 
57 47 53 53 57 57 53 
61 47 61 53 57 57 53 
61 47 61 53 61 57 53 
61 47 61 53 61 57 61 
67 67 61 53 61 57 61 
67 67 67 53 61 57 61 
67 67 67 71 61 57 71 
67 67 67 71 71 57 71 
74 74 67 71 71 57 71 
74 74 74 71 71 57 71 
74 74 74 71 71 74 71 
82 82 74 71 71 74 71 
82 82 82 71 71 74 71 
82 82 82 71 71 74 71 
82 82 82 82 71 74 71 
82 82 82 82 82 74 71 
90 82 82 82 82 90 71 
90 90 82 82 82 90 71 
91 90 91 82 82 90 71 
91 90 91 82 91 90 71 
91 90 91 82 91 90 91 
91 90 97 82 91 90 97 
91 90 97 98 91 90 98 
100 100 97 98 91 90 98 
100 100 100 98 91 90 98 
100 100 100 98 100 90 98 
110 110 100 98 100 90 98 
110 110 100 98 109 90 109 
110 110 100 98 109 110 109 
118 110 118 98 109 110 109 
118 110 118 130 109 110 130 
132 110 132 130 109 110 130 
132 132 132 130 109 110 130 
132 148 148 130 109 110 130 
132 148 153 130 109 153 130 
132 148 159 130 159 153 130 
132 184 159 130 159 184 130 
166 184 166 130 159 184 130 
179 184 179 130 159 184 130 
179 191 179 130 191 184 130 
191 191 179 130 191 184 130 
191 198 179 130 198 184 130 
191 198 179 202 198 202 130 
191 198 179 202 198 202 202 
205 205 179 202 198 202 202 
205 205 204 202 198 204 202 
205 205 204 202 198 211 211 
218 218 204 202 198 211 211 
221 218 204 202 221 211 211 
230 218 204 202 230 211 211 
230 232 204 202 232 211 211 
286.0 278.0 294.0 247.0 281.0 309.0 249.0 
;
EXECUTION TIME HBSS: 207.442317963 seconds 

-------------------------------------------------------------------
