DATFILE : offices1_7r_100.dat
ENVIRONMENT : office
ALGORITHM : HBSS - TAU 5
RANGE : 100
STARTING_POS : 42
N_ROBOTS : 7
GREEDY SOLUTION : [ 1498.]
COMPUTATIONS D :
1514
1510
1456
1542
1478
1498
1522
1498
1498
1458
1512
1506
1536
1592
1508
1502
1498
1498
1506
1556
1498
1498
1498
1514
1480
1522
1568
1498
1498
1456
1498
1502
1498
1502
1514
1526
1498
1498
1522
1522
1502
1524
1524
1498
1498
1506
1544
1498
1498
1538
1506
1536
1512
1498
1536
1498
1508
1498
1498
1554
1502
1498
1498
1496
1502
1508
1498
1462
1506
1498
1498
1502
1498
1518
1554
1498
1554
1514
1498
1506
1550
1548
1502
1508
1498
1542
1520
1498
1476
1582
1498
1532
1498
1498
1518
1502
1498
1556
1498
1498
1456
1552
1526
1542
1506
1506
1472
1508
1498
1498
1508
1506
1536
1436
1498
1518
1470
1522
1498
1514
1498
1498
1498
1498
1508
1548
1498
1498
1506
1498
1514
1506
1536
1514
1498
1518
1518
1508
1576
1500
1508
1498
1498
1504
1518
1536
1498
1570
1536
1498
1510
1498
1498
1498
1498
1536
1506
1508
1498
1498
1502
1542
1502
1514
1560
1498
1522
1502
1506
1498
1498
1514
1566
1522
1582
1502
1498
1502
1498
1506
1538
1568
1498
1508
1514
1518
1518
1554
1498
1588
1450
1498
1542
1558
1520
1502
1512
1498
1502
1554
;
HBBS sumD : 1436
BEST_CONFIGURATIONS : 
42 42 42 42 42 42 42 
41 42 42 42 42 42 42 
36 41 42 42 42 42 42 
36 41 5 24 42 42 42 
36 41 5 24 40 42 42 
36 41 5 24 40 42 42 
36 41 5 4 40 42 42 
36 41 5 4 40 24 42 
35 36 5 4 40 24 42 
35 36 5 4 40 24 42 
35 34 5 4 40 24 42 
35 34 5 4 40 24 36 
35 34 5 4 40 24 36 
35 34 5 4 40 3 36 
35 34 5 4 40 3 33 
35 34 5 4 39 3 33 
35 34 5 4 39 3 33 
35 34 23 4 39 3 33 
35 34 23 2 39 3 33 
32 34 23 2 39 3 33 
32 34 26 2 39 3 33 
32 34 26 2 26 23 33 
32 34 26 2 26 23 33 
32 32 26 2 26 23 33 
32 32 26 2 26 23 27 
32 32 26 2 26 23 27 
32 32 26 2 38 23 27 
32 32 26 2 38 23 27 
32 32 26 2 38 23 27 
32 32 26 2 38 23 31 
32 32 26 2 38 1 31 
32 32 26 2 38 1 31 
32 32 26 23 38 1 31 
32 32 26 23 38 1 31 
27 32 26 23 38 1 31 
30 32 26 23 38 1 31 
30 32 37 23 38 1 31 
30 32 37 23 38 1 31 
30 32 37 0 38 1 31 
30 29 37 0 37 1 31 
30 29 37 0 37 1 31 
30 29 37 0 37 25 31 
30 29 37 0 37 25 28 
30 29 37 0 43 25 28 
30 29 37 0 43 25 28 
30 29 37 0 43 25 28 
30 29 37 0 43 25 28 
30 29 37 0 43 25 28 
30 29 37 0 43 25 28 
30 29 37 0 43 25 28 
30 29 37 0 17 25 28 
19 29 37 0 17 25 28 
16 29 37 0 17 25 28 
16 19 37 0 17 25 28 
16 22 37 0 17 25 28 
16 22 37 0 17 25 6 
16 7 37 0 17 25 6 
16 7 22 0 17 25 6 
16 7 13 27 17 25 6 
16 7 13 27 10 25 6 
16 7 13 32 10 25 6 
16 7 13 33 10 25 6 
11 7 13 33 10 25 6 
11 7 13 33 10 25 21 
11 7 13 33 10 25 8 
11 21 13 33 10 14 8 
11 21 13 33 10 14 8 
11 21 13 33 10 14 8 
11 12 13 33 10 14 8 
11 12 13 33 20 14 8 
11 12 13 33 20 14 9 
11 12 13 33 20 14 9 
42 42 42 42 42 42 42 
;
ROBOT MOVING BEST:
0 0 0 0 0 0 0 
1 1 0 0 0 0 0 
1 1 0 0 0 0 0 
0 0 1 1 0 0 0 
0 0 0 1 1 0 0 
1 0 0 0 1 0 0 
0 0 1 1 0 0 0 
0 0 0 1 0 1 0 
1 1 0 0 0 0 0 
1 0 0 0 1 0 0 
0 1 0 0 1 0 0 
0 1 0 0 0 0 1 
1 1 0 0 0 0 0 
0 0 0 1 0 1 0 
1 0 0 0 0 0 1 
0 0 0 0 1 0 1 
0 1 0 0 0 0 1 
0 0 1 0 1 0 0 
0 0 0 1 0 1 0 
1 0 0 0 1 0 0 
0 0 1 0 1 0 0 
0 0 0 0 1 1 0 
1 0 0 0 1 0 0 
0 1 0 0 0 0 1 
0 0 0 0 1 0 1 
0 0 0 1 0 1 0 
0 0 0 0 1 1 0 
1 0 0 0 0 0 1 
0 0 1 0 1 0 0 
0 0 0 0 1 0 1 
0 0 0 1 0 1 0 
1 0 0 0 0 0 1 
0 0 0 1 0 1 0 
0 0 1 0 0 0 1 
1 0 0 0 0 0 1 
1 0 0 0 1 0 0 
0 0 1 0 1 0 0 
1 0 0 0 0 0 1 
0 0 0 1 0 1 0 
0 1 0 0 1 0 0 
0 1 0 0 0 0 1 
0 0 0 0 1 1 0 
0 0 0 0 1 0 1 
0 0 0 0 1 1 0 
0 0 1 0 1 0 0 
1 1 0 0 0 0 0 
0 0 0 0 1 0 1 
1 0 0 0 0 0 1 
0 0 0 1 0 1 0 
0 1 0 0 0 0 1 
0 0 0 0 1 0 1 
1 0 0 0 1 0 0 
1 0 0 0 1 0 0 
1 1 0 0 0 0 0 
1 1 0 0 0 0 0 
0 1 0 0 0 0 1 
0 1 0 0 0 0 1 
0 1 1 0 0 0 0 
0 0 1 1 0 0 0 
0 1 0 0 1 0 0 
0 0 1 1 0 0 0 
0 0 1 1 0 0 0 
1 0 0 0 1 0 0 
1 0 0 0 0 0 1 
1 0 0 0 0 0 1 
0 1 0 0 0 1 0 
0 1 0 0 0 0 1 
0 0 1 0 0 1 0 
0 1 0 0 0 0 1 
0 1 0 0 1 0 0 
0 1 0 0 0 0 1 
0 0 0 0 1 0 1 
1 1 1 1 1 1 1 
;
TIMETABLE BEST: 
0.0 0.0 0.0 0.0 0.0 0.0 0.0 
10 0 0 0 0 0 0 
19 10 0 0 0 0 0 
19 10 18 18 0 0 0 
19 10 18 18 19 0 0 
19 10 18 18 19 0 0 
19 10 18 25 19 0 0 
19 10 18 25 19 18 0 
29 19 18 25 19 18 0 
29 19 18 25 19 18 0 
29 33 18 25 19 18 0 
29 33 18 25 19 18 19 
29 33 18 25 19 18 19 
29 33 18 25 19 31 19 
29 33 18 25 19 31 38 
29 33 18 25 30 31 38 
29 33 18 25 30 31 38 
29 33 44 25 30 31 38 
29 33 44 45 30 31 38 
47 33 44 45 30 31 38 
47 33 52 45 30 31 38 
47 33 52 45 38 44 38 
47 33 52 45 38 44 38 
47 47 52 45 38 44 38 
47 47 52 45 38 44 49 
47 47 52 45 38 44 49 
47 47 52 45 46 44 49 
47 47 52 45 46 44 49 
47 47 52 45 46 44 49 
47 47 52 45 46 44 56 
47 47 52 45 46 54 56 
47 47 52 45 46 54 56 
47 47 52 52 46 54 56 
47 47 52 52 46 54 56 
53 47 52 52 46 54 56 
64 47 52 52 46 54 56 
64 47 69 52 46 54 56 
64 47 69 52 46 54 56 
64 47 69 68 46 54 56 
64 68 69 68 55 54 56 
64 68 69 68 55 54 56 
64 68 69 68 55 70 56 
64 68 69 68 55 70 73 
64 68 69 68 61 70 73 
64 68 69 68 61 70 73 
64 68 69 68 61 70 73 
64 68 69 68 61 70 73 
64 68 69 68 61 70 73 
64 68 69 68 61 70 73 
64 68 69 68 61 70 73 
64 68 69 68 81 70 73 
87 68 69 68 81 70 73 
101 68 69 68 81 70 73 
101 87 69 68 81 70 73 
101 109 69 68 81 70 73 
101 109 69 68 81 70 107 
101 115 69 68 81 70 107 
101 115 115 68 81 70 107 
101 115 142 97 81 70 107 
101 115 142 97 128 70 107 
101 115 142 103 128 70 107 
101 115 142 112 128 70 107 
133 115 142 112 128 70 107 
133 115 142 112 128 70 133 
133 115 142 112 128 70 140 
133 135 142 112 128 140 140 
133 135 142 112 128 140 140 
133 135 142 112 128 140 140 
133 148 142 112 128 140 140 
133 148 142 112 154 140 140 
133 148 142 112 154 140 161 
133 148 142 112 154 140 161 
202.0 204.0 240.0 150.0 200.0 230.0 210.0 
;
EXECUTION TIME HBSS: 212.836466074 seconds 

-------------------------------------------------------------------
