DATFILE : offices1_5r_100.dat
ENVIRONMENT : office
ALGORITHM : HBSS - TAU 7
RANGE : 100
STARTING_POS : 42
N_ROBOTS : 5
GREEDY SOLUTION : 417.0
COMPUTATIONS T :
459.0
417.0
417.0
417.0
417.0
417.0
424.0
417.0
417.0
417.0
417.0
417.0
444.0
417.0
417.0
417.0
422.0
417.0
417.0
414.0
417.0
429.0
414.0
417.0
417.0
417.0
417.0
417.0
417.0
417.0
417.0
417.0
417.0
420.0
414.0
417.0
417.0
444.0
417.0
417.0
429.0
417.0
417.0
417.0
441.0
430.0
417.0
432.0
417.0
417.0
417.0
417.0
411.0
417.0
417.0
417.0
441.0
417.0
417.0
449.0
417.0
429.0
417.0
410.0
411.0
417.0
417.0
417.0
417.0
430.0
410.0
449.0
417.0
417.0
414.0
417.0
417.0
417.0
417.0
411.0
417.0
451.0
417.0
417.0
441.0
417.0
417.0
417.0
417.0
417.0
441.0
411.0
431.0
417.0
417.0
420.0
417.0
417.0
419.0
447.0
411.0
417.0
417.0
417.0
417.0
422.0
431.0
417.0
417.0
414.0
417.0
412.0
417.0
437.0
445.0
417.0
417.0
417.0
417.0
417.0
414.0
417.0
417.0
444.0
417.0
417.0
417.0
417.0
428.0
417.0
417.0
417.0
417.0
417.0
444.0
417.0
478.0
417.0
417.0
441.0
417.0
417.0
417.0
417.0
417.0
417.0
417.0
417.0
417.0
417.0
417.0
435.0
417.0
417.0
417.0
429.0
417.0
417.0
422.0
417.0
417.0
417.0
417.0
417.0
417.0
417.0
417.0
432.0
417.0
417.0
417.0
417.0
431.0
411.0
417.0
417.0
417.0
417.0
417.0
444.0
417.0
417.0
444.0
417.0
417.0
417.0
417.0
417.0
417.0
441.0
444.0
417.0
434.0
417.0
420.0
417.0
417.0
417.0
417.0
417.0
;
HBBS bestT : 410.0
BEST_CONFIGURATIONS : 
42 42 42 42 42 
41 42 42 42 42 
41 42 5 24 42 
36 42 5 24 40 
36 42 5 24 40 
36 41 5 24 40 
36 41 5 4 40 
35 36 5 4 40 
35 36 5 4 40 
35 36 24 4 40 
34 36 24 4 40 
34 36 24 4 40 
34 36 3 4 40 
33 35 3 4 40 
33 35 3 4 39 
33 34 3 4 39 
33 34 23 4 26 
32 33 23 4 26 
32 33 23 4 26 
32 33 2 3 26 
27 33 2 3 26 
27 32 2 3 26 
27 32 2 3 39 
27 32 2 23 39 
27 32 2 23 39 
31 32 2 23 39 
31 27 2 23 39 
31 27 2 26 39 
31 27 2 26 39 
30 31 2 26 39 
30 31 2 38 39 
30 31 2 38 39 
30 31 23 38 39 
30 31 23 38 26 
29 30 23 38 26 
29 30 23 37 26 
29 30 23 37 38 
29 31 23 37 38 
29 31 25 37 38 
29 31 25 43 38 
29 31 25 43 37 
28 30 25 43 37 
28 30 25 43 37 
28 30 25 43 37 
28 29 25 43 37 
28 29 0 25 37 
17 28 0 25 37 
17 28 0 25 19 
17 28 1 0 19 
17 28 1 0 16 
17 19 1 0 16 
17 19 23 1 16 
17 19 2 1 16 
17 16 2 1 22 
17 6 2 1 7 
22 6 2 1 7 
22 6 2 1 7 
10 6 2 1 7 
10 6 35 34 7 
11 10 35 34 7 
11 10 35 34 21 
11 10 35 34 8 
11 21 35 34 8 
11 12 20 34 8 
11 12 20 34 8 
11 12 20 9 8 
11 12 20 9 8 
14 21 20 9 8 
13 21 20 9 14 
13 21 33 9 14 
13 21 33 32 14 
13 21 27 32 14 
42 42 42 42 42 
;
ROBOT MOVING BEST:
0 0 0 0 0 
1 1 0 0 0 
0 0 1 1 0 
1 0 0 0 1 
0 0 0 1 1 
1 1 0 0 0 
0 0 1 1 0 
1 1 0 0 0 
1 0 0 0 1 
0 0 1 1 0 
1 1 0 0 0 
1 0 0 0 1 
0 0 1 1 0 
1 1 0 0 0 
1 0 0 0 1 
1 1 0 0 0 
0 0 1 0 1 
1 1 0 0 0 
1 0 0 0 1 
0 0 1 1 0 
1 0 0 0 1 
1 1 0 0 0 
0 1 0 0 1 
0 0 1 1 0 
0 0 0 1 1 
1 1 0 0 0 
1 1 0 0 0 
1 0 0 1 0 
0 0 0 1 1 
1 1 0 0 0 
1 0 0 1 0 
0 1 0 1 0 
0 0 1 1 0 
0 0 0 1 1 
1 1 0 0 0 
1 0 0 1 0 
0 0 0 1 1 
1 1 0 0 0 
0 0 1 1 0 
0 0 1 1 0 
0 0 0 1 1 
1 1 0 0 0 
1 0 0 0 1 
1 0 0 1 0 
1 1 0 0 0 
0 0 1 1 0 
1 1 0 0 0 
1 0 0 0 1 
0 0 1 1 0 
1 0 0 0 1 
0 1 0 0 1 
0 0 1 1 0 
0 0 1 1 0 
0 1 0 0 1 
0 1 0 0 1 
1 0 0 0 1 
1 1 0 0 0 
1 0 0 0 1 
0 0 1 1 0 
1 1 0 0 0 
1 0 0 0 1 
1 0 0 0 1 
0 1 0 0 1 
0 1 1 0 0 
0 1 0 0 1 
0 1 0 1 0 
0 0 1 1 0 
1 1 0 0 0 
1 0 0 0 1 
1 0 1 0 0 
1 0 0 1 0 
1 0 1 0 0 
1 1 1 1 1 
;
TIMETABLE BEST: 
0.0 0.0 0.0 0.0 0.0 
10 10 0 0 0 
10 10 18 18 0 
19 10 18 18 19 
19 10 18 19 19 
20 20 18 19 19 
20 20 26 26 19 
30 30 26 26 19 
30 30 26 26 30 
30 30 34 34 30 
38 38 34 34 30 
38 38 34 34 38 
38 38 47 47 38 
48 48 47 47 38 
49 48 47 47 49 
56 56 47 47 49 
56 56 60 47 60 
65 65 60 47 60 
65 65 60 47 65 
65 65 67 67 65 
71 65 67 67 71 
74 74 67 67 71 
74 79 67 67 79 
74 79 80 80 79 
74 79 80 80 80 
81 81 80 80 80 
87 87 80 80 80 
88 87 80 88 80 
88 87 80 88 88 
96 96 80 88 88 
96 96 80 96 88 
96 96 80 96 88 
96 96 96 96 88 
96 96 96 96 96 
104 104 96 96 96 
105 104 96 105 96 
105 104 96 105 105 
112 112 96 105 105 
112 112 114 114 105 
112 112 120 120 105 
112 112 120 120 120 
121 121 120 120 120 
121 121 120 120 121 
121 121 120 121 121 
129 129 120 121 121 
129 129 132 132 121 
139 139 132 132 121 
145 139 132 132 145 
145 139 146 146 145 
159 139 146 146 159 
159 159 146 146 159 
159 159 160 160 159 
159 159 167 167 159 
159 175 167 167 175 
159 189 167 167 189 
193 189 167 167 193 
193 193 167 167 193 
206 193 167 167 206 
206 193 207 207 206 
219 219 207 207 206 
226 219 207 207 226 
233 219 207 207 233 
233 233 207 207 233 
233 246 246 207 233 
233 246 246 207 246 
233 253 246 253 246 
233 253 253 253 246 
266 266 253 253 246 
286 266 253 253 286 
301 266 301 253 286 
309 266 301 309 286 
312 266 312 309 286 
410.0 325.0 357.0 352.0 376.0 
;
EXECUTION TIME HBSS: 90.2527837753 seconds 

-------------------------------------------------------------------
