DATFILE : offices1_8r_100.dat
ENVIRONMENT : office
ALGORITHM : HBSS - TAU 5
RANGE : 100
STARTING_POS : 42
N_ROBOTS : 8
GREEDY SOLUTION : 350.0
COMPUTATIONS T :
356.0
352.0
355.0
352.0
352.0
355.0
350.0
356.0
352.0
356.0
354.0
356.0
325.0
358.0
356.0
350.0
353.0
355.0
352.0
357.0
354.0
349.0
349.0
359.0
354.0
356.0
352.0
350.0
350.0
354.0
350.0
350.0
350.0
352.0
350.0
353.0
350.0
350.0
351.0
350.0
354.0
350.0
352.0
353.0
350.0
352.0
352.0
325.0
350.0
350.0
357.0
350.0
350.0
352.0
353.0
354.0
351.0
345.0
348.0
325.0
364.0
356.0
350.0
350.0
352.0
356.0
349.0
346.0
356.0
342.0
352.0
355.0
350.0
354.0
357.0
354.0
348.0
355.0
350.0
350.0
358.0
352.0
350.0
352.0
352.0
352.0
348.0
350.0
353.0
325.0
356.0
355.0
350.0
354.0
355.0
354.0
353.0
350.0
350.0
344.0
346.0
325.0
353.0
360.0
356.0
328.0
350.0
350.0
355.0
350.0
351.0
358.0
349.0
325.0
325.0
350.0
325.0
350.0
366.0
350.0
360.0
364.0
349.0
354.0
350.0
325.0
350.0
352.0
350.0
348.0
349.0
350.0
350.0
355.0
352.0
350.0
353.0
357.0
354.0
349.0
350.0
348.0
353.0
350.0
352.0
356.0
351.0
350.0
347.0
350.0
354.0
356.0
357.0
339.0
352.0
350.0
350.0
349.0
348.0
354.0
350.0
353.0
350.0
350.0
350.0
354.0
352.0
350.0
360.0
350.0
350.0
352.0
347.0
350.0
353.0
347.0
357.0
355.0
350.0
352.0
356.0
356.0
362.0
354.0
344.0
354.0
350.0
350.0
350.0
352.0
350.0
325.0
353.0
350.0
354.0
351.0
354.0
355.0
356.0
350.0
;
HBBS bestT : 325.0
BEST_CONFIGURATIONS : 
42 42 42 42 42 42 42 42 
41 42 42 42 42 42 42 42 
41 42 5 24 42 42 42 42 
36 42 5 24 40 42 42 42 
36 42 5 24 40 41 42 42 
36 42 5 24 40 41 42 42 
36 42 5 24 40 41 4 5 
36 42 5 24 40 41 4 5 
35 36 5 24 40 41 4 5 
35 36 5 24 40 41 4 5 
34 36 5 24 40 41 4 5 
34 36 5 24 40 41 4 5 
34 36 5 24 40 35 4 5 
34 36 4 3 40 35 4 5 
34 36 4 3 40 35 2 3 
33 35 4 3 40 35 2 3 
33 35 4 3 40 34 2 3 
33 35 4 3 39 34 2 3 
33 35 4 23 39 34 2 3 
33 35 4 23 39 34 2 3 
32 35 4 23 39 34 2 3 
32 35 4 23 39 33 2 3 
32 35 4 26 39 33 2 3 
32 35 23 26 39 33 2 3 
32 35 23 26 39 33 2 3 
27 32 23 26 39 33 2 3 
27 32 23 26 39 33 2 3 
27 32 23 26 39 33 1 2 
27 32 23 26 39 33 1 2 
27 32 23 26 38 33 1 2 
27 32 23 26 38 33 1 2 
31 27 23 26 38 33 1 2 
31 27 23 26 38 33 1 2 
31 27 23 26 38 33 1 2 
31 27 23 26 38 32 1 2 
30 31 23 26 38 32 1 2 
30 31 23 38 38 32 1 2 
30 31 1 38 38 32 0 2 
30 31 1 38 37 32 0 38 
29 30 1 38 37 32 0 38 
29 30 1 38 37 32 0 38 
29 30 1 38 37 31 0 38 
29 30 1 37 37 31 25 38 
29 30 1 37 43 31 25 38 
29 30 1 37 43 31 25 38 
29 30 0 37 43 31 25 38 
28 29 0 37 43 31 25 38 
28 29 0 37 43 31 25 38 
28 29 0 37 43 31 25 38 
28 29 0 37 43 30 25 38 
17 28 0 37 43 30 25 38 
17 28 0 37 19 30 25 38 
17 28 0 37 16 30 25 38 
17 19 0 37 16 30 25 38 
17 19 0 6 16 22 25 38 
17 19 0 6 16 22 25 38 
17 19 0 6 16 7 25 38 
17 19 0 6 16 7 22 38 
17 7 0 6 16 7 10 38 
17 7 27 6 16 7 10 13 
32 7 27 6 16 7 10 13 
32 7 27 10 16 11 10 13 
32 7 27 10 11 11 21 13 
33 7 27 10 11 11 21 13 
33 11 27 10 11 11 8 13 
33 11 27 10 11 21 8 13 
33 21 27 10 11 21 8 14 
33 21 27 8 11 12 8 14 
33 21 27 8 11 12 20 14 
33 21 27 8 12 12 9 14 
33 21 27 8 12 20 9 14 
33 14 27 8 12 20 9 13 
42 42 42 42 42 42 42 42 
;
ROBOT MOVING BEST:
0 0 0 0 0 0 0 0 
1 1 0 0 0 0 0 0 
0 0 1 1 0 0 0 0 
1 0 0 0 1 0 0 0 
1 0 0 0 0 1 0 0 
0 0 0 1 1 0 0 0 
0 0 0 0 0 0 1 1 
0 0 0 1 0 0 1 0 
1 1 0 0 0 0 0 0 
1 0 0 0 1 0 0 0 
1 1 0 0 0 0 0 0 
1 0 0 0 1 0 0 0 
1 0 0 0 0 1 0 0 
0 0 1 1 0 0 0 0 
0 0 0 0 0 0 1 1 
1 1 0 0 0 0 0 0 
1 0 0 0 0 1 0 0 
1 0 0 0 1 0 0 0 
0 0 0 1 1 0 0 0 
0 0 0 1 0 0 1 0 
1 0 0 0 1 0 0 0 
1 0 0 0 0 1 0 0 
1 0 0 1 0 0 0 0 
0 0 1 1 0 0 0 0 
0 0 0 1 1 0 0 0 
1 1 0 0 0 0 0 0 
1 0 0 1 0 0 0 0 
0 0 0 0 0 0 1 1 
0 0 1 0 0 0 1 0 
0 0 1 0 1 0 0 0 
0 0 0 1 1 0 0 0 
1 1 0 0 0 0 0 0 
1 0 0 1 0 0 0 0 
1 0 0 0 1 0 0 0 
1 0 0 0 0 1 0 0 
1 1 0 0 0 0 0 0 
1 0 0 1 0 0 0 0 
0 0 1 0 0 0 1 0 
0 0 0 0 1 0 0 1 
1 1 0 0 0 0 0 0 
1 0 0 0 1 0 0 0 
1 0 0 0 0 1 0 0 
0 0 0 1 0 0 1 0 
0 0 0 1 1 0 0 0 
0 0 0 0 1 0 1 0 
0 0 1 0 0 0 1 0 
1 1 0 0 0 0 0 0 
1 0 0 1 0 0 0 0 
1 0 0 0 1 0 0 0 
1 0 0 0 0 1 0 0 
1 1 0 0 0 0 0 0 
1 0 0 0 1 0 0 0 
1 0 0 0 1 0 0 0 
0 1 0 0 1 0 0 0 
0 0 0 1 0 1 0 0 
0 0 0 0 1 1 0 0 
0 0 0 1 0 1 0 0 
0 0 0 0 0 1 1 0 
0 1 0 0 0 0 1 0 
0 0 1 0 0 0 0 1 
1 0 0 0 0 0 0 1 
0 0 0 1 0 1 0 0 
0 0 0 0 1 0 1 0 
1 0 0 0 0 0 0 1 
0 1 0 0 0 0 1 0 
0 0 0 0 0 1 1 0 
0 1 0 0 0 0 0 1 
0 0 0 1 0 1 0 0 
0 0 0 0 0 1 1 0 
0 0 0 0 1 0 1 0 
0 0 0 0 0 1 1 0 
0 1 0 0 0 0 0 1 
1 1 1 1 1 1 1 1 
;
TIMETABLE BEST: 
0.0 0.0 0.0 0.0 0.0 0.0 0.0 0.0 
10 10 0 0 0 0 0 0 
10 10 18 18 0 0 0 0 
19 10 18 18 19 0 0 0 
19 10 18 18 19 19 0 0 
19 10 18 19 19 19 0 0 
19 10 18 19 19 19 25 25 
19 10 18 25 19 19 25 25 
29 29 18 25 19 19 25 25 
29 29 18 25 29 19 25 25 
37 37 18 25 29 19 25 25 
37 37 18 25 37 19 25 25 
38 37 18 25 37 38 25 25 
38 37 38 38 37 38 25 25 
38 37 38 38 37 38 46 46 
47 47 38 38 37 38 46 46 
47 47 38 38 37 47 46 46 
48 47 38 38 48 47 46 46 
48 47 38 51 51 47 46 46 
48 47 38 51 51 47 51 46 
57 47 38 51 57 47 51 46 
57 47 38 51 57 57 51 46 
59 47 38 59 57 57 51 46 
59 47 59 59 57 57 51 46 
59 47 59 59 59 57 51 46 
65 65 59 59 59 57 51 46 
65 65 59 65 59 57 51 46 
65 65 59 65 59 57 66 66 
65 65 66 65 59 57 66 66 
65 65 71 65 71 57 66 66 
65 65 71 71 71 57 66 66 
72 72 71 71 71 57 66 66 
72 72 71 72 71 57 66 66 
72 72 71 72 72 57 66 66 
72 72 71 72 72 72 66 66 
80 80 71 72 72 72 66 66 
80 80 71 80 72 72 66 66 
80 80 81 80 72 72 81 66 
80 80 81 80 85 72 81 85 
88 88 81 80 85 72 81 85 
88 88 81 80 88 72 81 85 
88 88 81 80 88 88 81 85 
88 88 81 91 88 88 91 85 
88 88 81 94 94 88 91 85 
88 88 81 94 94 88 94 85 
88 88 95 94 94 88 95 85 
97 97 95 94 94 88 95 85 
97 97 95 97 94 88 95 85 
97 97 95 97 97 88 95 85 
97 97 95 97 97 97 95 85 
107 107 95 97 97 97 95 85 
115 107 95 97 115 97 95 85 
129 107 95 97 129 97 95 85 
129 129 95 97 129 97 95 85 
129 129 95 142 129 142 95 85 
129 129 95 142 142 142 95 85 
129 129 95 148 142 148 95 85 
129 129 95 148 142 148 148 85 
129 161 95 148 142 148 161 85 
129 161 167 148 142 148 161 167 
167 161 167 148 142 148 161 167 
167 161 167 171 142 171 161 167 
167 161 167 171 174 171 174 167 
176 161 167 171 174 171 174 176 
176 181 167 171 174 171 181 176 
176 181 167 171 174 181 181 176 
176 194 167 171 174 181 181 194 
176 194 167 194 174 194 181 194 
176 194 167 194 174 195 195 194 
176 194 167 194 204 195 204 194 
176 194 167 194 204 205 205 194 
176 227 167 194 204 205 205 227 
214.0 317.0 212.0 254.0 260.0 251.0 254.0 325.0 
;
EXECUTION TIME HBSS: 298.150882006 seconds 

-------------------------------------------------------------------
