N_ROBOTS: 3
;

CONFIGURATIONS:
8 0 6 
16 0 6 
8 0 5 
8 3 5 
16 3 5 
16 3 5 
16 3 6 
5 3 6 
3 3 7 
3 5 7 
3 5 15 
3 5 15 
3 6 7 
10 6 7 
10 6 7 
10 6 15 
10 6 15 
10 7 15 
9 15 15 
10 9 15 
10 9 11 
10 10 14 
11 10 14 
9 11 14 
9 10 2 
14 10 2 
2 10 13 
2 1 13 
2 1 13 
2 3 13 
14 3 13 
14 12 13 
10 12 13 
10 0 1 
3 0 1 
3 0 1 
12 0 1 
12 0 1 
12 0 3 
0 4 3 
0 4 16 
4 4 8 
4 8 16 
8 0 6 
;

COORDINATES_LIST:
181 247 | 214 49 | 379 236 | 
225 258 | 214 49 | 379 236 | 
181 247 | 214 49 | 324 247 | 
181 247 | 335 159 | 324 247 | 
225 258 | 335 159 | 324 247 | 
225 258 | 335 159 | 324 247 | 
225 258 | 335 159 | 379 236 | 
324 247 | 335 159 | 379 236 | 
335 159 | 335 159 | 423 247 | 
335 159 | 324 247 | 423 247 | 
335 159 | 324 247 | 467 247 | 
335 159 | 324 247 | 467 247 | 
335 159 | 379 236 | 423 247 | 
511 170 | 379 236 | 423 247 | 
511 170 | 379 236 | 423 247 | 
511 170 | 379 236 | 467 247 | 
511 170 | 379 236 | 467 247 | 
511 170 | 423 247 | 467 247 | 
588 258 | 467 247 | 467 247 | 
511 170 | 588 258 | 467 247 | 
511 170 | 588 258 | 621 181 | 
511 170 | 511 170 | 555 49 | 
621 181 | 511 170 | 555 49 | 
588 258 | 621 181 | 555 49 | 
588 258 | 511 170 | 500 49 | 
555 49 | 511 170 | 500 49 | 
500 49 | 511 170 | 412 49 | 
500 49 | 357 49 | 412 49 | 
500 49 | 357 49 | 412 49 | 
500 49 | 335 159 | 412 49 | 
555 49 | 335 159 | 412 49 | 
555 49 | 291 49 | 412 49 | 
511 170 | 291 49 | 412 49 | 
511 170 | 214 49 | 357 49 | 
335 159 | 214 49 | 357 49 | 
335 159 | 214 49 | 357 49 | 
291 49 | 214 49 | 357 49 | 
291 49 | 214 49 | 357 49 | 
291 49 | 214 49 | 335 159 | 
214 49 | 137 159 | 335 159 | 
214 49 | 137 159 | 225 258 | 
137 159 | 137 159 | 181 247 | 
137 159 | 181 247 | 225 258 | 
181 247 | 214 49 | 379 236 | 
;

ROBOT_MOVING:
0 0 0 
1 0 1 
1 0 1 
0 1 1 
1 1 0 
1 0 1 
0 1 1 
1 0 1 
1 0 1 
0 1 1 
1 0 1 
0 1 1 
0 1 1 
1 1 0 
1 0 1 
1 0 1 
0 1 1 
0 1 1 
1 1 0 
1 1 0 
1 0 1 
0 1 1 
1 0 1 
1 1 0 
0 1 1 
1 0 1 
1 0 1 
0 1 1 
1 1 0 
0 1 1 
1 0 1 
0 1 1 
1 0 1 
0 1 1 
1 1 0 
1 0 1 
1 1 0 
1 0 1 
1 0 1 
1 1 0 
0 1 1 
1 0 1 
0 1 1 
1 1 1 
;

TIMETABLE:
0.0 0.0 0.0 
7.0 0.0 7.0 
17.0 0.0 17.0 
17.0 21.0 21.0 
24.0 24.0 21.0 
24.0 24.0 24.0 
24.0 34.0 34.0 
36.0 34.0 36.0 
45.0 34.0 45.0 
45.0 45.0 45.0 
53.0 45.0 53.0 
53.0 53.0 53.0 
53.0 63.0 63.0 
70.0 70.0 63.0 
70.0 70.0 70.0 
78.0 70.0 78.0 
78.0 78.0 78.0 
78.0 87.0 87.0 
95.0 95.0 87.0 
112.0 112.0 87.0 
112.0 112.0 112.0 
112.0 130.0 130.0 
130.0 130.0 130.0 
141.0 141.0 130.0 
141.0 152.0 152.0 
165.0 152.0 165.0 
183.0 152.0 183.0 
183.0 183.0 183.0 
183.0 183.0 183.0 
183.0 195.0 195.0 
198.0 195.0 198.0 
198.0 209.0 209.0 
221.0 209.0 221.0 
221.0 236.0 236.0 
238.0 238.0 236.0 
238.0 238.0 238.0 
252.0 252.0 238.0 
252.0 252.0 252.0 
264.0 252.0 264.0 
281.0 281.0 264.0 
281.0 285.0 285.0 
306.0 285.0 306.0 
306.0 313.0 313.0 
330.0 354.0 331.0 
;
