N_ROBOTS: 3
;

CONFIGURATIONS:
9 0 4 
9 0 4 
9 0 4 
9 6 4 
9 6 4 
9 0 6 
1 0 6 
1 5 6 
1 5 0 
3 0 0 
3 0 5 
3 9 5 
3 1 9 
0 1 2 
0 6 2 
5 6 2 
5 4 2 
2 7 2 
2 7 10 
2 7 10 
6 7 10 
0 7 10 
0 7 10 
5 7 10 
5 7 10 
5 4 7 
2 11 7 
2 11 4 
6 11 4 
1 8 4 
1 8 11 
9 0 4 
;

COORDINATES_LIST:
324 258 | 379 170 | 280 60 | 
324 258 | 379 170 | 280 60 | 
324 258 | 379 170 | 280 60 | 
324 258 | 324 126 | 280 60 | 
324 258 | 324 126 | 280 60 | 
324 258 | 379 170 | 324 126 | 
225 258 | 379 170 | 324 126 | 
225 258 | 467 170 | 324 126 | 
225 258 | 467 170 | 379 170 | 
478 258 | 379 170 | 379 170 | 
478 258 | 379 170 | 467 170 | 
478 258 | 324 258 | 467 170 | 
478 258 | 225 258 | 324 258 | 
379 170 | 225 258 | 357 49 | 
379 170 | 324 126 | 357 49 | 
467 170 | 324 126 | 357 49 | 
467 170 | 280 60 | 357 49 | 
357 49 | 423 49 | 357 49 | 
357 49 | 423 49 | 500 60 | 
357 49 | 423 49 | 500 60 | 
324 126 | 423 49 | 500 60 | 
379 170 | 423 49 | 500 60 | 
379 170 | 423 49 | 500 60 | 
467 170 | 423 49 | 500 60 | 
467 170 | 423 49 | 500 60 | 
467 170 | 280 60 | 423 49 | 
357 49 | 214 60 | 423 49 | 
357 49 | 214 60 | 280 60 | 
324 126 | 214 60 | 280 60 | 
225 258 | 126 170 | 280 60 | 
225 258 | 126 170 | 214 60 | 
324 258 | 379 170 | 280 60 | 
;

ROBOT_MOVING:
0 0 0 
1 1 0 
0 1 1 
1 1 0 
0 1 1 
0 1 1 
1 0 1 
0 1 1 
0 1 1 
1 1 0 
1 0 1 
1 1 0 
0 1 1 
1 0 1 
0 1 1 
1 0 1 
0 1 1 
1 1 0 
1 0 1 
0 1 1 
1 1 0 
1 1 0 
1 0 1 
1 1 0 
1 0 1 
0 1 1 
1 1 0 
0 1 1 
1 1 0 
1 1 0 
0 1 1 
1 1 1 
;

TIMETABLE:
0.0 0.0 0.0 
0.0 0.0 0.0 
0.0 0.0 0.0 
9.0 9.0 0.0 
9.0 9.0 9.0 
9.0 19.0 19.0 
20.0 19.0 20.0 
20.0 27.0 27.0 
20.0 36.0 36.0 
45.0 45.0 36.0 
45.0 45.0 45.0 
58.0 58.0 45.0 
58.0 69.0 69.0 
91.0 69.0 91.0 
91.0 92.0 92.0 
99.0 92.0 99.0 
99.0 102.0 102.0 
124.0 124.0 102.0 
124.0 124.0 124.0 
124.0 124.0 124.0 
134.0 134.0 124.0 
143.0 143.0 124.0 
143.0 143.0 143.0 
151.0 151.0 143.0 
151.0 151.0 151.0 
151.0 173.0 173.0 
187.0 187.0 173.0 
187.0 195.0 195.0 
197.0 197.0 195.0 
221.0 221.0 195.0 
221.0 221.0 221.0 
232.0 244.0 235.0 
;
