N_ROBOTS: 4
;

CONFIGURATIONS:
21 23 17 14 
21 23 17 14 
21 23 17 14 
20 23 17 14 
20 23 17 14 
20 23 17 15 
19 23 17 15 
19 23 17 15 
19 23 18 15 
19 23 18 15 
19 23 18 15 
20 23 18 15 
20 24 18 15 
20 24 18 15 
20 24 18 16 
20 24 18 16 
21 24 18 16 
21 24 17 16 
21 24 17 16 
19 24 17 16 
19 24 7 16 
19 24 7 16 
19 24 7 16 
17 24 7 16 
17 24 7 15 
17 25 7 15 
17 25 7 15 
17 25 7 15 
18 25 7 15 
18 25 7 15 
18 25 7 14 
18 25 7 14 
17 25 8 14 
17 25 8 14 
17 18 8 14 
17 18 8 14 
17 18 9 14 
7 18 9 14 
7 18 8 14 
7 16 8 14 
7 16 8 14 
7 16 9 14 
8 16 9 14 
8 16 9 13 
8 16 9 13 
8 16 9 13 
8 16 11 13 
8 16 11 13 
8 16 10 13 
8 16 10 13 
8 15 10 13 
8 15 10 13 
8 15 10 13 
8 15 11 13 
9 15 11 13 
9 15 10 13 
9 15 11 13 
9 15 11 14 
9 15 10 14 
11 15 10 14 
11 15 10 14 
9 15 6 14 
9 14 6 13 
9 14 6 13 
8 14 6 13 
7 13 6 13 
7 13 6 12 
7 13 6 12 
7 13 10 12 
7 13 11 12 
7 14 11 12 
9 14 11 12 
11 14 6 12 
10 14 6 12 
6 14 5 12 
6 14 5 9 
6 14 5 8 
10 14 5 8 
10 11 5 8 
6 11 4 8 
6 8 4 8 
6 8 4 7 
6 9 4 7 
10 9 4 7 
11 9 4 7 
11 8 4 2 
11 8 4 2 
11 7 4 2 
5 7 4 2 
5 17 4 2 
5 18 4 2 
4 18 3 2 
4 18 3 2 
4 17 3 2 
4 7 3 2 
5 7 3 2 
5 7 3 1 
5 7 3 1 
5 8 3 1 
5 9 3 1 
2 9 3 0 
2 9 17 0 
1 17 17 0 
1 17 19 0 
1 17 19 0 
1 17 19 0 
1 17 20 0 
1 19 20 0 
1 19 20 0 
1 19 21 0 
1 19 21 0 
1 20 21 0 
2 19 21 0 
2 19 21 1 
2 19 22 1 
2 20 22 1 
2 21 22 1 
25 20 22 1 
25 20 22 1 
25 20 22 19 
25 21 22 19 
23 21 22 19 
23 21 22 25 
24 22 22 25 
24 22 23 25 
24 22 23 25 
25 22 23 16 
25 22 16 15 
21 23 17 14 
;

COORDINATES_LIST:
137 159 | 181 236 | 313 148 | 467 236 | 
137 159 | 181 236 | 313 148 | 467 236 | 
137 159 | 181 236 | 313 148 | 467 236 | 
181 159 | 181 236 | 313 148 | 467 236 | 
181 159 | 181 236 | 313 148 | 467 236 | 
181 159 | 181 236 | 313 148 | 423 236 | 
247 170 | 181 236 | 313 148 | 423 236 | 
247 170 | 181 236 | 313 148 | 423 236 | 
247 170 | 181 236 | 324 214 | 423 236 | 
247 170 | 181 236 | 324 214 | 423 236 | 
247 170 | 181 236 | 324 214 | 423 236 | 
181 159 | 181 236 | 324 214 | 423 236 | 
181 159 | 225 236 | 324 214 | 423 236 | 
181 159 | 225 236 | 324 214 | 423 236 | 
181 159 | 225 236 | 324 214 | 379 236 | 
181 159 | 225 236 | 324 214 | 379 236 | 
137 159 | 225 236 | 324 214 | 379 236 | 
137 159 | 225 236 | 313 148 | 379 236 | 
137 159 | 225 236 | 313 148 | 379 236 | 
247 170 | 225 236 | 313 148 | 379 236 | 
247 170 | 225 236 | 379 170 | 379 236 | 
247 170 | 225 236 | 379 170 | 379 236 | 
247 170 | 225 236 | 379 170 | 379 236 | 
313 148 | 225 236 | 379 170 | 379 236 | 
313 148 | 225 236 | 379 170 | 423 236 | 
313 148 | 280 236 | 379 170 | 423 236 | 
313 148 | 280 236 | 379 170 | 423 236 | 
313 148 | 280 236 | 379 170 | 423 236 | 
324 214 | 280 236 | 379 170 | 423 236 | 
324 214 | 280 236 | 379 170 | 423 236 | 
324 214 | 280 236 | 379 170 | 467 236 | 
324 214 | 280 236 | 379 170 | 467 236 | 
313 148 | 280 236 | 467 170 | 467 236 | 
313 148 | 280 236 | 467 170 | 467 236 | 
313 148 | 324 214 | 467 170 | 467 236 | 
313 148 | 324 214 | 467 170 | 467 236 | 
313 148 | 324 214 | 511 181 | 467 236 | 
379 170 | 324 214 | 511 181 | 467 236 | 
379 170 | 324 214 | 467 170 | 467 236 | 
379 170 | 379 236 | 467 170 | 467 236 | 
379 170 | 379 236 | 467 170 | 467 236 | 
379 170 | 379 236 | 511 181 | 467 236 | 
467 170 | 379 236 | 511 181 | 467 236 | 
467 170 | 379 236 | 511 181 | 522 247 | 
467 170 | 379 236 | 511 181 | 522 247 | 
467 170 | 379 236 | 511 181 | 522 247 | 
467 170 | 379 236 | 566 181 | 522 247 | 
467 170 | 379 236 | 566 181 | 522 247 | 
467 170 | 379 236 | 566 159 | 522 247 | 
467 170 | 379 236 | 566 159 | 522 247 | 
467 170 | 423 236 | 566 159 | 522 247 | 
467 170 | 423 236 | 566 159 | 522 247 | 
467 170 | 423 236 | 566 159 | 522 247 | 
467 170 | 423 236 | 566 181 | 522 247 | 
511 181 | 423 236 | 566 181 | 522 247 | 
511 181 | 423 236 | 566 159 | 522 247 | 
511 181 | 423 236 | 566 181 | 522 247 | 
511 181 | 423 236 | 566 181 | 467 236 | 
511 181 | 423 236 | 566 159 | 467 236 | 
566 181 | 423 236 | 566 159 | 467 236 | 
566 181 | 423 236 | 566 159 | 467 236 | 
511 181 | 423 236 | 610 126 | 467 236 | 
511 181 | 467 236 | 610 126 | 522 247 | 
511 181 | 467 236 | 610 126 | 522 247 | 
467 170 | 467 236 | 610 126 | 522 247 | 
379 170 | 522 247 | 610 126 | 522 247 | 
379 170 | 522 247 | 610 126 | 610 258 | 
379 170 | 522 247 | 610 126 | 610 258 | 
379 170 | 522 247 | 566 159 | 610 258 | 
379 170 | 522 247 | 566 181 | 610 258 | 
379 170 | 467 236 | 566 181 | 610 258 | 
511 181 | 467 236 | 566 181 | 610 258 | 
566 181 | 467 236 | 610 126 | 610 258 | 
566 159 | 467 236 | 610 126 | 610 258 | 
610 126 | 467 236 | 555 60 | 610 258 | 
610 126 | 467 236 | 555 60 | 511 181 | 
610 126 | 467 236 | 555 60 | 467 170 | 
566 159 | 467 236 | 555 60 | 467 170 | 
566 159 | 566 181 | 555 60 | 467 170 | 
610 126 | 566 181 | 500 71 | 467 170 | 
610 126 | 467 170 | 500 71 | 467 170 | 
610 126 | 467 170 | 500 71 | 379 170 | 
610 126 | 511 181 | 500 71 | 379 170 | 
566 159 | 511 181 | 500 71 | 379 170 | 
566 181 | 511 181 | 500 71 | 379 170 | 
566 181 | 467 170 | 500 71 | 357 71 | 
566 181 | 467 170 | 500 71 | 357 71 | 
566 181 | 379 170 | 500 71 | 357 71 | 
555 60 | 379 170 | 500 71 | 357 71 | 
555 60 | 313 148 | 500 71 | 357 71 | 
555 60 | 324 214 | 500 71 | 357 71 | 
500 71 | 324 214 | 423 49 | 357 71 | 
500 71 | 324 214 | 423 49 | 357 71 | 
500 71 | 313 148 | 423 49 | 357 71 | 
500 71 | 379 170 | 423 49 | 357 71 | 
555 60 | 379 170 | 423 49 | 357 71 | 
555 60 | 379 170 | 423 49 | 291 49 | 
555 60 | 379 170 | 423 49 | 291 49 | 
555 60 | 467 170 | 423 49 | 291 49 | 
555 60 | 511 181 | 423 49 | 291 49 | 
357 71 | 511 181 | 423 49 | 214 71 | 
357 71 | 511 181 | 313 148 | 214 71 | 
291 49 | 313 148 | 313 148 | 214 71 | 
291 49 | 313 148 | 247 170 | 214 71 | 
291 49 | 313 148 | 247 170 | 214 71 | 
291 49 | 313 148 | 247 170 | 214 71 | 
291 49 | 313 148 | 181 159 | 214 71 | 
291 49 | 247 170 | 181 159 | 214 71 | 
291 49 | 247 170 | 181 159 | 214 71 | 
291 49 | 247 170 | 137 159 | 214 71 | 
291 49 | 247 170 | 137 159 | 214 71 | 
291 49 | 181 159 | 137 159 | 214 71 | 
357 71 | 247 170 | 137 159 | 214 71 | 
357 71 | 247 170 | 137 159 | 291 49 | 
357 71 | 247 170 | 126 236 | 291 49 | 
357 71 | 181 159 | 126 236 | 291 49 | 
357 71 | 137 159 | 126 236 | 291 49 | 
280 236 | 181 159 | 126 236 | 291 49 | 
280 236 | 181 159 | 126 236 | 291 49 | 
280 236 | 181 159 | 126 236 | 247 170 | 
280 236 | 137 159 | 126 236 | 247 170 | 
181 236 | 137 159 | 126 236 | 247 170 | 
181 236 | 137 159 | 126 236 | 280 236 | 
225 236 | 126 236 | 126 236 | 280 236 | 
225 236 | 126 236 | 181 236 | 280 236 | 
225 236 | 126 236 | 181 236 | 280 236 | 
280 236 | 126 236 | 181 236 | 379 236 | 
280 236 | 126 236 | 379 236 | 423 236 | 
137 159 | 181 236 | 313 148 | 467 236 | 
;

ROBOT_MOVING:
0 0 0 0 
1 1 0 0 
0 1 1 0 
1 1 0 0 
1 0 1 0 
0 0 1 1 
1 1 0 0 
1 0 1 0 
1 0 1 0 
0 1 1 0 
0 0 1 1 
1 0 1 0 
1 1 0 0 
0 1 1 0 
0 1 0 1 
0 0 1 1 
1 1 0 0 
0 1 1 0 
0 0 1 1 
1 1 0 0 
1 0 1 0 
1 0 0 1 
0 0 1 1 
1 0 1 0 
0 0 1 1 
1 1 0 0 
0 1 1 0 
0 1 0 1 
1 1 0 0 
1 0 1 0 
1 0 0 1 
0 0 1 1 
1 0 1 0 
0 0 1 1 
1 1 0 0 
0 1 1 0 
0 0 1 1 
1 0 1 0 
1 0 1 0 
0 1 1 0 
0 1 0 1 
0 1 1 0 
1 0 1 0 
1 0 0 1 
0 1 0 1 
0 0 1 1 
1 0 1 0 
0 0 1 1 
1 0 1 0 
0 0 1 1 
1 1 0 0 
0 1 1 0 
0 1 0 1 
0 1 1 0 
1 1 0 0 
1 0 1 0 
1 0 1 0 
0 1 0 1 
0 0 1 1 
1 0 1 0 
1 0 0 1 
1 0 1 0 
0 1 0 1 
0 0 1 1 
1 0 1 0 
1 1 0 0 
0 0 1 1 
0 1 0 1 
0 0 1 1 
0 0 1 1 
0 1 0 1 
1 0 0 1 
1 0 1 0 
1 0 1 0 
1 0 1 0 
0 0 1 1 
0 0 1 1 
1 0 1 0 
0 1 1 0 
1 0 1 0 
0 1 1 0 
0 0 1 1 
0 1 1 0 
1 0 1 0 
1 0 1 0 
0 1 0 1 
0 0 1 1 
0 1 0 1 
1 0 1 0 
0 1 0 1 
0 1 0 1 
1 0 1 0 
0 0 1 1 
0 1 1 0 
0 1 1 0 
1 0 1 0 
0 1 0 1 
0 0 1 1 
0 1 1 0 
0 1 1 0 
1 0 0 1 
0 0 1 1 
1 1 0 0 
0 0 1 1 
1 0 1 0 
1 0 0 1 
1 0 1 0 
0 1 1 0 
0 0 1 1 
0 1 1 0 
0 0 1 1 
0 1 1 0 
1 1 0 0 
1 0 0 1 
0 1 1 0 
0 1 1 0 
0 1 1 0 
1 1 0 0 
1 0 1 0 
1 0 0 1 
1 1 0 0 
1 0 1 0 
1 0 0 1 
1 1 0 0 
1 0 1 0 
1 0 0 1 
1 0 0 1 
0 0 1 1 
1 1 1 1 
;

TIMETABLE:
0.0 0.0 0.0 0.0 
0.0 0.0 0.0 0.0 
0.0 0.0 0.0 0.0 
4.0 4.0 0.0 0.0 
4.0 4.0 4.0 0.0 
4.0 4.0 10.0 10.0 
11.0 11.0 10.0 10.0 
11.0 11.0 11.0 10.0 
18.0 11.0 18.0 10.0 
18.0 18.0 18.0 10.0 
18.0 18.0 18.0 18.0 
25.0 18.0 25.0 18.0 
28.0 28.0 25.0 18.0 
28.0 28.0 28.0 18.0 
28.0 28.0 28.0 28.0 
28.0 28.0 28.0 28.0 
32.0 32.0 28.0 28.0 
32.0 35.0 35.0 28.0 
32.0 35.0 35.0 35.0 
43.0 43.0 35.0 35.0 
43.0 43.0 43.0 35.0 
43.0 43.0 43.0 43.0 
43.0 43.0 43.0 43.0 
51.0 43.0 51.0 43.0 
51.0 43.0 53.0 53.0 
54.0 54.0 53.0 53.0 
54.0 54.0 54.0 53.0 
54.0 54.0 54.0 54.0 
61.0 61.0 54.0 54.0 
61.0 61.0 61.0 54.0 
64.0 61.0 61.0 64.0 
64.0 61.0 64.0 64.0 
72.0 61.0 72.0 64.0 
72.0 61.0 72.0 72.0 
73.0 73.0 72.0 72.0 
73.0 73.0 73.0 72.0 
73.0 73.0 78.0 78.0 
81.0 73.0 81.0 78.0 
86.0 73.0 86.0 78.0 
86.0 86.0 86.0 78.0 
86.0 86.0 86.0 86.0 
86.0 91.0 91.0 86.0 
94.0 91.0 94.0 86.0 
96.0 91.0 94.0 96.0 
96.0 96.0 94.0 96.0 
96.0 96.0 96.0 96.0 
101.0 96.0 101.0 96.0 
101.0 96.0 101.0 101.0 
103.0 96.0 103.0 101.0 
103.0 96.0 103.0 103.0 
106.0 106.0 103.0 103.0 
106.0 106.0 106.0 103.0 
106.0 106.0 106.0 106.0 
106.0 108.0 108.0 106.0 
111.0 111.0 108.0 106.0 
111.0 111.0 111.0 106.0 
113.0 111.0 113.0 106.0 
113.0 116.0 113.0 116.0 
113.0 116.0 116.0 116.0 
118.0 116.0 118.0 116.0 
118.0 116.0 118.0 118.0 
125.0 116.0 125.0 118.0 
125.0 128.0 125.0 128.0 
125.0 128.0 128.0 128.0 
130.0 128.0 130.0 128.0 
138.0 138.0 130.0 128.0 
138.0 138.0 139.0 139.0 
138.0 139.0 139.0 139.0 
138.0 139.0 146.0 146.0 
138.0 139.0 148.0 148.0 
138.0 149.0 148.0 149.0 
151.0 149.0 148.0 151.0 
157.0 149.0 157.0 151.0 
159.0 149.0 159.0 151.0 
170.0 149.0 170.0 151.0 
170.0 149.0 170.0 170.0 
170.0 149.0 175.0 175.0 
177.0 149.0 177.0 175.0 
177.0 177.0 177.0 175.0 
189.0 177.0 189.0 175.0 
189.0 189.0 189.0 175.0 
189.0 189.0 189.0 189.0 
189.0 194.0 194.0 189.0 
196.0 194.0 196.0 189.0 
198.0 194.0 198.0 189.0 
198.0 204.0 198.0 204.0 
198.0 204.0 204.0 204.0 
198.0 212.0 204.0 212.0 
216.0 212.0 216.0 212.0 
216.0 220.0 216.0 220.0 
216.0 227.0 216.0 227.0 
231.0 227.0 231.0 227.0 
231.0 227.0 231.0 231.0 
231.0 234.0 234.0 231.0 
231.0 242.0 242.0 231.0 
243.0 242.0 243.0 231.0 
243.0 245.0 243.0 245.0 
243.0 245.0 245.0 245.0 
243.0 253.0 253.0 245.0 
243.0 258.0 258.0 245.0 
268.0 258.0 258.0 268.0 
268.0 258.0 277.0 277.0 
282.0 282.0 277.0 277.0 
282.0 282.0 285.0 285.0 
285.0 282.0 285.0 285.0 
285.0 282.0 285.0 285.0 
292.0 282.0 292.0 285.0 
292.0 292.0 292.0 285.0 
292.0 292.0 292.0 292.0 
292.0 296.0 296.0 292.0 
292.0 296.0 296.0 296.0 
292.0 303.0 303.0 296.0 
310.0 310.0 303.0 296.0 
311.0 310.0 303.0 311.0 
311.0 323.0 323.0 311.0 
311.0 330.0 330.0 311.0 
311.0 334.0 334.0 311.0 
339.0 339.0 334.0 311.0 
339.0 339.0 339.0 311.0 
339.0 339.0 339.0 339.0 
343.0 343.0 339.0 339.0 
358.0 343.0 358.0 339.0 
360.0 343.0 358.0 360.0 
370.0 370.0 358.0 360.0 
370.0 370.0 370.0 360.0 
370.0 370.0 370.0 370.0 
385.0 370.0 370.0 385.0 
385.0 370.0 395.0 395.0 
417.0 381.0 415.0 405.0 
;
