DATFILE : bwopen0_2r_500.dat
ENVIRONMENT : bwopen
ALGORITHM : HBSS - TAU 4
RANGE : 500
STARTING_POS : 0
N_ROBOTS : 2
GREEDY SOLUTION : [ 3970.]
COMPUTATIONS D :
3932
4272
4256
4264
4382
4238
4132
4118
4160
4076
4388
4156
4000
4192
4254
4166
4190
4300
4160
4312
4288
4348
4364
4108
4166
4252
4268
4188
4220
4124
4226
4150
4146
4384
4200
4198
4276
4172
4120
3970
4122
4186
4068
4074
4076
4272
4242
4128
4242
4276
4100
4034
4162
4292
4222
4128
4254
4186
4174
4300
4148
4106
4092
4142
4244
4206
4218
4308
4202
4120
4178
4112
4110
4284
4156
4142
4212
4342
4346
4212
4214
4248
4328
4182
4166
4132
4244
4264
4334
4202
4142
4256
4042
4114
4362
4148
4150
4166
4214
4376
4170
4310
4136
4340
4094
4272
4056
4138
4104
4346
4096
4092
4272
4184
4338
4176
4144
4194
4170
4158
4148
4154
4236
4098
4184
4146
4094
4400
4312
4126
4242
4400
4370
4090
4134
4164
4050
4198
4278
4348
4174
4164
4152
4018
4328
4336
4282
4092
4182
4064
4112
4054
4100
4174
4352
4122
4244
4064
4156
4194
4316
4166
4132
4204
3882
4254
4132
4320
4018
4132
4422
4222
4070
4118
4106
4306
4334
4214
3956
4126
4070
4314
4282
4332
4170
4136
4190
4196
4246
4260
4020
4246
4164
4244
4296
4238
4248
4196
4226
4328
;
HBBS sumD : 3882
BEST_CONFIGURATIONS : 
0 0 
0 4 
0 22 
0 5 
0 26 
4 26 
4 5 
26 5 
22 5 
22 26 
22 4 
8 4 
8 26 
8 5 
8 22 
13 5 
13 26 
13 4 
17 4 
17 26 
17 5 
25 5 
25 26 
25 4 
25 22 
25 8 
17 8 
13 8 
13 22 
17 22 
18 22 
14 22 
14 26 
14 5 
18 5 
18 26 
18 4 
14 4 
15 4 
10 4 
10 26 
10 5 
24 5 
24 26 
24 4 
24 8 
24 22 
6 22 
6 26 
6 5 
21 5 
11 5 
11 26 
11 22 
10 22 
15 22 
15 5 
15 26 
15 1 
10 1 
24 1 
9 1 
27 1 
27 0 
27 4 
27 26 
27 22 
27 5 
1 5 
1 26 
1 4 
1 22 
1 8 
1 13 
27 13 
27 17 
27 25 
27 18 
27 14 
1 14 
1 18 
1 25 
0 25 
0 17 
0 13 
0 8 
0 14 
0 9 
0 10 
0 24 
0 2 
4 2 
26 2 
5 2 
22 2 
8 2 
8 6 
4 6 
0 6 
1 6 
1 21 
1 3 
27 3 
27 21 
27 6 
27 24 
27 10 
27 15 
9 15 
9 10 
9 24 
9 6 
9 21 
9 3 
10 3 
15 3 
15 21 
10 21 
10 7 
15 7 
15 12 
10 12 
10 16 
10 23 
10 20 
15 20 
15 23 
15 16 
14 16 
14 23 
14 20 
18 20 
18 23 
18 19 
14 19 
15 19 
10 19 
24 19 
6 19 
21 19 
7 19 
7 20 
7 23 
7 16 
21 16 
21 12 
3 12 
3 16 
3 23 
3 20 
21 23 
21 20 
6 20 
6 23 
6 16 
6 12 
6 7 
6 21 
6 3 
21 3 
7 3 
7 21 
7 11 
3 11 
21 11 
6 11 
24 11 
9 11 
10 11 
15 11 
14 11 
18 11 
25 11 
25 6 
18 6 
14 6 
14 21 
15 6 
10 6 
24 6 
24 21 
24 3 
24 7 
9 7 
27 7 
27 12 
9 12 
9 16 
9 23 
9 20 
9 19 
27 19 
27 20 
24 20 
24 23 
24 16 
24 12 
11 12 
11 16 
11 23 
11 20 
11 19 
12 19 
16 19 
23 19 
20 19 
20 23 
20 16 
23 16 
23 12 
20 12 
16 12 
7 12 
2 12 
2 7 
2 21 
2 3 
2 6 
2 24 
2 10 
2 15 
2 14 
2 9 
2 27 
2 1 
11 1 
11 27 
11 2 
19 2 
19 5 
19 22 
19 8 
19 13 
19 17 
19 25 
20 25 
15 25 
10 25 
10 17 
10 13 
15 13 
15 17 
14 17 
14 13 
18 13 
18 17 
18 25 
14 25 
14 15 
14 10 
18 10 
18 15 
18 14 
18 9 
25 9 
17 9 
13 9 
8 9 
22 9 
26 9 
5 9 
4 9 
8 10 
8 15 
8 14 
8 18 
13 25 
13 17 
25 17 
24 17 
24 13 
24 25 
24 14 
24 18 
24 15 
24 10 
10 15 
9 14 
9 27 
8 27 
0 1 
0 0 
;
ROBOT MOVING BEST:
0 0 
1 1 
1 1 
1 1 
1 1 
1 1 
1 1 
1 1 
1 1 
1 1 
1 1 
1 1 
1 1 
1 1 
1 1 
1 1 
1 1 
1 1 
1 1 
1 1 
1 1 
1 1 
1 1 
1 1 
1 1 
1 1 
1 1 
1 1 
1 1 
1 1 
1 1 
1 1 
1 1 
1 1 
1 1 
1 1 
1 1 
1 1 
1 1 
1 1 
1 1 
1 1 
1 1 
1 1 
1 1 
1 1 
1 1 
1 1 
1 1 
1 1 
1 1 
1 1 
1 1 
1 1 
1 1 
1 1 
1 1 
1 1 
1 1 
1 1 
1 1 
1 1 
1 1 
1 1 
1 1 
1 1 
1 1 
1 1 
1 1 
1 1 
1 1 
1 1 
1 1 
1 1 
1 1 
1 1 
1 1 
1 1 
1 1 
1 1 
1 1 
1 1 
1 1 
1 1 
1 1 
1 1 
1 1 
1 1 
1 1 
1 1 
1 1 
1 1 
1 1 
1 1 
1 1 
1 1 
1 1 
1 1 
1 1 
1 1 
1 1 
1 1 
1 1 
1 1 
1 1 
1 1 
1 1 
1 1 
1 1 
1 1 
1 1 
1 1 
1 1 
1 1 
1 1 
1 1 
1 1 
1 1 
1 1 
1 1 
1 1 
1 1 
1 1 
1 1 
1 1 
1 1 
1 1 
1 1 
1 1 
1 1 
1 1 
1 1 
1 1 
1 1 
1 1 
1 1 
1 1 
1 1 
1 1 
1 1 
1 1 
1 1 
1 1 
1 1 
1 1 
1 1 
1 1 
1 1 
1 1 
1 1 
1 1 
1 1 
1 1 
1 1 
1 1 
1 1 
1 1 
1 1 
1 1 
1 1 
1 1 
1 1 
1 1 
1 1 
1 1 
1 1 
1 1 
1 1 
1 1 
1 1 
1 1 
1 1 
1 1 
1 1 
1 1 
1 1 
1 1 
1 1 
1 1 
1 1 
1 1 
1 1 
1 1 
1 1 
1 1 
1 1 
1 1 
1 1 
1 1 
1 1 
1 1 
1 1 
1 1 
1 1 
1 1 
1 1 
1 1 
1 1 
1 1 
1 1 
1 1 
1 1 
1 1 
1 1 
1 1 
1 1 
1 1 
1 1 
1 1 
1 1 
1 1 
1 1 
1 1 
1 1 
1 1 
1 1 
1 1 
1 1 
1 1 
1 1 
1 1 
1 1 
1 1 
1 1 
1 1 
1 1 
1 1 
1 1 
1 1 
1 1 
1 1 
1 1 
1 1 
1 1 
1 1 
1 1 
1 1 
1 1 
1 1 
1 1 
1 1 
1 1 
1 1 
1 1 
1 1 
1 1 
1 1 
1 1 
1 1 
1 1 
1 1 
1 1 
1 1 
1 1 
1 1 
1 1 
1 1 
1 1 
1 1 
1 1 
1 1 
1 1 
1 1 
1 1 
1 1 
1 1 
1 1 
1 1 
1 1 
1 1 
1 1 
1 1 
1 1 
1 1 
1 1 
1 1 
1 1 
1 1 
1 1 
1 1 
1 1 
0 1 
;
TIMETABLE BEST: 
0.0 0.0 
0 14 
0 26 
0 38 
0 47 
14 47 
14 56 
25 56 
36 56 
36 65 
36 76 
48 76 
48 87 
48 96 
48 108 
61 120 
61 129 
61 140 
72 140 
72 151 
72 160 
84 160 
84 169 
84 180 
84 192 
84 204 
96 204 
107 204 
107 216 
118 216 
135 216 
146 216 
146 227 
146 236 
157 236 
157 245 
157 256 
168 256 
181 256 
192 256 
192 267 
192 276 
205 276 
205 285 
205 296 
205 310 
205 322 
218 322 
218 333 
218 342 
230 342 
249 342 
249 351 
249 362 
270 362 
281 362 
281 374 
281 383 
281 402 
292 402 
305 402 
320 402 
335 402 
335 420 
335 434 
335 445 
335 456 
335 468 
350 468 
350 477 
350 488 
350 500 
350 512 
350 525 
365 525 
365 536 
365 548 
365 561 
365 572 
380 572 
380 583 
380 596 
398 596 
398 608 
398 619 
398 632 
398 662 
398 678 
398 692 
398 705 
398 724 
412 724 
423 724 
432 724 
444 724 
456 724 
456 742 
470 742 
484 742 
502 742 
502 754 
502 766 
517 766 
517 778 
517 790 
517 803 
517 816 
517 827 
532 827 
532 838 
532 851 
532 864 
532 876 
532 888 
546 888 
557 888 
557 900 
568 900 
568 912 
579 912 
579 930 
590 930 
590 941 
590 952 
590 962 
601 962 
601 972 
601 983 
614 983 
614 994 
614 1004 
625 1004 
625 1014 
625 1037 
636 1037 
649 1037 
660 1037 
673 1037 
686 1037 
698 1037 
710 1037 
710 1050 
710 1060 
710 1071 
722 1071 
722 1082 
734 1082 
734 1093 
734 1104 
734 1114 
746 1124 
746 1134 
758 1134 
758 1144 
758 1155 
758 1166 
758 1184 
758 1196 
758 1208 
770 1208 
782 1208 
782 1220 
782 1239 
798 1239 
810 1239 
822 1239 
835 1239 
850 1239 
864 1239 
875 1239 
888 1239 
899 1239 
912 1239 
912 1256 
925 1256 
936 1256 
936 1268 
949 1280 
960 1280 
973 1280 
973 1292 
973 1304 
973 1320 
988 1320 
1003 1320 
1003 1338 
1018 1338 
1018 1349 
1018 1360 
1018 1370 
1018 1383 
1033 1383 
1033 1396 
1059 1396 
1059 1406 
1059 1417 
1059 1428 
1077 1428 
1077 1439 
1077 1450 
1077 1460 
1077 1473 
1104 1473 
1115 1473 
1126 1473 
1136 1473 
1136 1496 
1136 1507 
1146 1507 
1146 1518 
1156 1518 
1177 1518 
1204 1518 
1242 1518 
1242 1536 
1242 1548 
1242 1560 
1242 1584 
1242 1597 
1242 1610 
1242 1621 
1242 1634 
1242 1650 
1242 1665 
1242 1680 
1277 1680 
1277 1695 
1277 1714 
1307 1714 
1307 1752 
1307 1764 
1307 1776 
1307 1789 
1307 1800 
1307 1812 
1320 1812 
1351 1812 
1362 1812 
1362 1824 
1362 1835 
1373 1835 
1373 1846 
1386 1846 
1386 1857 
1397 1857 
1397 1868 
1397 1880 
1408 1880 
1408 1903 
1408 1914 
1419 1914 
1419 1925 
1419 1938 
1419 1954 
1432 1954 
1444 1954 
1455 1954 
1468 1954 
1480 1954 
1491 1954 
1500 1954 
1514 1954 
1528 1968 
1528 1979 
1528 1992 
1528 2003 
1541 2016 
1541 2028 
1554 2028 
1601 2028 
1601 2039 
1601 2052 
1601 2068 
1601 2079 
1601 2097 
1601 2108 
1614 2119 
1628 2132 
1628 2163 
1660 2163 
1686 2178 
1686.0 2196.0 
;
EXECUTION TIME HBSS: 254.889901876 seconds 

-------------------------------------------------------------------
