DATFILE : bwopen0_7r_500.dat
ENVIRONMENT : bwopen
ALGORITHM : HBSS - TAU 7
RANGE : 500
STARTING_POS : 0
N_ROBOTS : 7
GREEDY SOLUTION : 656.0
COMPUTATIONS T :
700.0
683.0
700.0
700.0
700.0
674.0
700.0
667.0
713.0
713.0
616.0
700.0
709.0
659.0
700.0
689.0
700.0
667.0
700.0
636.0
700.0
659.0
650.0
653.0
655.0
700.0
665.0
688.0
700.0
677.0
674.0
700.0
655.0
688.0
713.0
677.0
672.0
674.0
705.0
723.0
700.0
657.0
705.0
700.0
658.0
671.0
700.0
700.0
700.0
682.0
674.0
696.0
695.0
700.0
688.0
700.0
713.0
610.0
694.0
700.0
700.0
629.0
700.0
700.0
674.0
631.0
705.0
700.0
700.0
645.0
674.0
644.0
700.0
707.0
700.0
671.0
700.0
678.0
685.0
700.0
655.0
676.0
700.0
700.0
700.0
685.0
680.0
664.0
649.0
641.0
693.0
700.0
672.0
712.0
674.0
669.0
700.0
700.0
700.0
700.0
662.0
645.0
700.0
657.0
628.0
700.0
700.0
700.0
700.0
713.0
700.0
700.0
700.0
687.0
700.0
710.0
700.0
700.0
700.0
700.0
671.0
700.0
660.0
700.0
631.0
700.0
630.0
651.0
704.0
700.0
703.0
647.0
700.0
700.0
695.0
636.0
700.0
700.0
718.0
645.0
694.0
700.0
680.0
700.0
674.0
655.0
700.0
671.0
645.0
679.0
708.0
674.0
689.0
700.0
700.0
700.0
707.0
694.0
700.0
700.0
700.0
705.0
645.0
700.0
700.0
700.0
713.0
685.0
655.0
736.0
700.0
683.0
700.0
684.0
636.0
700.0
687.0
649.0
700.0
678.0
639.0
713.0
676.0
674.0
674.0
689.0
655.0
700.0
668.0
700.0
700.0
700.0
652.0
671.0
649.0
706.0
700.0
690.0
694.0
667.0
;
HBBS bestT : 610.0
BEST_CONFIGURATIONS : 
0 0 0 0 0 0 0 
0 4 0 0 0 0 0 
0 4 26 0 0 0 0 
0 4 26 4 0 0 0 
0 4 26 4 1 0 0 
0 4 26 4 1 0 0 
0 4 26 4 1 0 0 
0 4 26 4 1 5 0 
0 4 26 4 1 5 22 
0 4 26 4 1 5 22 
0 4 26 4 1 5 22 
0 4 26 4 1 5 22 
0 4 26 4 1 5 22 
0 4 26 4 1 5 22 
0 4 26 4 1 5 22 
0 4 26 4 1 5 22 
0 4 26 8 1 5 22 
0 4 26 8 1 5 22 
0 4 26 8 1 5 22 
0 4 26 8 1 5 22 
0 4 26 8 1 5 22 
0 4 26 8 1 5 22 
0 4 26 13 1 5 22 
0 4 26 13 1 5 22 
0 4 5 13 1 5 22 
0 4 5 13 1 5 22 
0 4 5 13 1 22 22 
0 4 5 13 1 22 26 
0 4 5 17 1 22 26 
0 4 5 17 1 22 26 
0 4 5 17 1 22 26 
0 4 5 17 1 22 26 
0 4 5 17 1 22 26 
0 4 5 17 27 22 26 
0 4 5 17 27 22 26 
0 4 5 17 27 22 26 
0 4 5 17 27 22 26 
0 4 5 17 27 22 26 
0 4 5 17 27 22 26 
0 4 5 13 27 22 26 
0 4 5 13 27 8 26 
0 4 5 13 27 8 26 
1 4 5 13 27 8 26 
1 4 9 13 27 8 26 
1 0 9 13 27 8 26 
1 0 9 13 27 8 26 
1 0 9 13 27 8 26 
1 0 9 13 27 8 26 
1 0 9 13 27 8 4 
1 0 9 17 27 8 4 
1 0 9 17 27 8 26 
1 0 9 17 27 8 26 
5 0 9 17 27 8 26 
5 0 9 17 2 8 26 
5 0 9 17 2 8 26 
5 0 9 17 2 8 26 
5 0 9 17 2 8 26 
5 0 9 17 2 8 26 
5 0 9 25 2 8 26 
5 0 9 25 2 8 26 
5 0 9 25 2 8 26 
5 0 9 25 2 8 26 
5 0 9 25 2 8 26 
5 0 9 25 2 8 22 
5 0 9 25 2 8 22 
5 0 9 25 2 8 22 
5 0 9 25 2 13 22 
4 0 9 25 2 13 22 
4 0 9 25 2 13 22 
4 1 9 25 2 13 22 
4 1 9 25 2 13 22 
4 1 9 25 2 17 22 
4 1 10 25 2 17 22 
4 1 10 25 2 17 22 
4 1 10 25 2 17 22 
4 1 10 25 2 17 22 
4 1 10 25 2 17 22 
4 1 10 25 2 17 5 
4 1 10 25 2 17 26 
4 1 10 25 2 13 26 
22 1 10 25 2 13 26 
22 1 10 17 2 13 26 
22 27 10 17 2 13 26 
22 27 10 17 2 13 26 
8 27 10 17 2 13 26 
8 27 10 25 2 13 26 
8 27 10 25 2 13 0 
8 27 10 25 6 13 0 
8 27 10 25 6 13 0 
8 27 10 25 6 13 0 
8 27 10 25 6 13 0 
8 27 10 25 6 22 0 
8 27 10 25 6 22 0 
8 27 15 25 6 22 0 
8 27 15 25 6 22 0 
8 27 15 25 6 22 0 
8 27 15 25 6 22 0 
8 27 15 25 6 22 0 
8 27 15 25 6 22 4 
8 27 15 25 6 22 4 
8 27 15 25 6 26 4 
8 27 15 25 6 26 4 
8 27 15 17 6 26 4 
13 27 15 17 6 26 4 
13 1 15 17 6 26 4 
13 1 15 17 6 26 4 
13 1 15 17 6 26 5 
13 1 15 17 6 26 5 
8 1 15 18 6 26 5 
8 1 15 18 6 26 5 
8 1 15 18 21 26 5 
8 1 10 18 21 26 5 
8 1 10 18 21 26 5 
8 1 10 18 21 4 5 
8 1 10 18 21 4 5 
8 1 10 18 21 4 5 
8 1 10 18 21 4 26 
8 1 15 18 21 4 26 
8 1 15 18 21 4 26 
22 1 15 18 21 4 26 
22 27 15 18 21 4 26 
22 27 15 18 21 4 26 
4 27 14 18 21 4 26 
4 27 14 18 21 4 26 
4 27 14 18 21 4 26 
4 27 14 18 21 4 26 
4 27 14 18 21 0 26 
4 27 14 18 21 0 5 
4 27 14 18 21 0 26 
22 27 14 18 21 0 26 
22 27 14 18 3 0 26 
22 27 14 25 3 0 26 
22 27 14 25 3 1 26 
22 27 14 25 3 1 26 
8 27 14 25 3 1 26 
8 27 14 17 3 1 26 
8 9 14 17 3 1 26 
8 9 14 17 3 1 26 
8 9 14 13 3 1 26 
8 9 14 13 3 2 26 
8 9 14 13 3 2 26 
8 10 14 13 3 2 26 
8 10 14 13 3 2 26 
8 10 14 13 3 2 9 
13 10 18 13 3 2 9 
13 15 18 13 3 2 9 
13 15 18 13 3 2 9 
13 15 18 13 3 2 9 
13 15 18 17 3 2 9 
13 15 18 17 3 2 9 
13 15 14 17 3 2 9 
13 15 14 17 21 2 9 
13 15 14 17 21 2 9 
25 15 14 18 21 2 9 
25 10 15 18 21 2 9 
25 10 15 18 7 2 9 
25 10 15 18 7 2 9 
25 10 15 18 7 2 9 
25 10 15 18 7 2 9 
13 24 15 18 7 2 9 
13 24 15 19 7 2 9 
13 24 10 19 7 2 9 
13 24 10 19 7 2 9 
13 24 10 19 7 2 9 
13 24 10 19 7 2 9 
13 24 10 19 7 2 9 
13 24 10 19 7 2 9 
13 24 10 19 7 2 9 
13 24 10 19 7 2 9 
13 24 10 19 7 2 9 
17 24 10 19 7 2 9 
17 24 10 19 7 2 9 
17 24 15 19 7 2 9 
17 24 15 19 7 2 9 
17 24 15 19 21 2 9 
17 24 15 19 21 2 9 
17 24 15 19 21 2 27 
17 24 15 19 21 2 27 
17 24 15 19 21 6 27 
17 24 15 19 21 6 27 
17 24 15 19 21 6 27 
25 24 15 19 21 6 27 
25 24 15 19 21 6 27 
25 24 14 19 21 6 27 
25 24 14 19 21 6 27 
25 24 14 19 21 6 27 
25 24 14 19 3 6 27 
25 24 14 19 3 6 1 
25 24 14 19 3 6 1 
25 24 18 19 3 6 1 
25 24 18 19 3 6 1 
25 24 18 19 3 6 1 
25 24 18 19 7 6 1 
25 24 18 19 7 6 27 
14 24 18 20 7 6 27 
14 6 18 20 7 6 27 
14 6 18 20 7 6 27 
14 6 18 20 7 6 27 
14 6 18 20 7 6 27 
14 6 18 23 7 6 27 
14 6 18 23 7 6 27 
14 6 18 23 7 6 27 
14 6 18 23 7 6 27 
14 6 18 23 7 21 27 
14 6 18 23 7 21 27 
14 6 18 23 7 21 9 
14 6 18 23 7 21 9 
14 6 18 23 7 3 9 
14 6 18 23 7 3 9 
15 6 18 23 7 3 9 
15 21 18 23 7 3 9 
15 21 18 23 7 3 10 
15 21 19 23 7 3 10 
10 21 19 20 7 3 10 
10 21 19 20 12 3 10 
10 3 19 20 12 3 10 
10 3 19 20 12 3 10 
10 3 19 20 12 3 10 
10 3 19 20 12 3 10 
10 3 19 20 12 3 10 
10 3 19 20 12 21 10 
10 3 19 20 12 21 15 
10 3 19 20 12 21 15 
10 3 19 20 12 21 15 
10 3 19 23 12 21 15 
10 3 19 23 12 6 15 
24 3 20 23 12 6 15 
24 3 20 23 12 6 15 
24 3 20 23 12 6 15 
24 3 20 23 12 6 15 
24 7 20 23 12 6 15 
24 7 20 23 12 6 9 
24 7 20 23 12 6 9 
24 7 20 16 12 6 9 
24 7 20 16 12 6 9 
24 7 20 16 12 6 9 
24 7 20 16 12 6 9 
24 7 20 16 12 6 9 
24 7 20 16 12 6 9 
24 7 23 16 12 6 9 
24 21 23 16 12 6 9 
10 21 23 16 12 6 9 
10 21 23 16 12 6 27 
10 21 23 16 12 11 27 
10 21 23 16 12 11 27 
10 21 23 16 12 11 27 
10 21 23 16 12 11 27 
10 21 23 16 12 11 27 
10 21 23 16 12 11 27 
10 21 20 16 12 11 27 
15 21 20 16 12 11 27 
15 21 20 16 12 11 27 
15 3 20 16 12 11 27 
15 3 20 16 12 11 27 
15 3 20 16 12 11 1 
15 3 20 16 7 11 1 
15 3 19 16 7 11 1 
15 3 19 16 7 11 1 
14 3 19 16 7 11 1 
14 3 19 16 7 11 1 
14 3 19 16 7 11 5 
14 3 19 16 7 11 5 
18 3 19 16 7 11 5 
18 2 19 12 7 11 5 
18 2 19 12 7 11 5 
18 2 19 12 6 11 5 
18 2 19 12 6 11 5 
18 2 19 12 6 11 26 
25 2 20 12 6 11 26 
25 2 20 12 6 11 26 
25 2 20 12 24 11 26 
25 2 20 12 24 11 5 
25 24 20 12 24 11 26 
25 24 20 11 9 11 26 
25 24 20 11 9 11 4 
8 24 20 11 9 11 4 
8 24 19 11 9 11 4 
8 24 19 11 9 11 22 
8 24 19 11 9 11 22 
8 24 19 11 9 11 22 
0 24 19 11 9 11 22 
0 0 0 0 0 0 0 
;
ROBOT MOVING BEST:
0 0 0 0 0 0 0 
1 1 0 0 0 0 0 
1 0 1 0 0 0 0 
0 0 1 1 0 0 0 
1 0 0 0 1 0 0 
0 1 0 0 1 0 0 
0 0 1 0 1 0 0 
1 0 0 0 0 1 0 
1 0 0 0 0 0 1 
0 1 0 0 0 1 0 
0 1 0 0 0 0 1 
0 0 1 0 0 1 0 
0 0 1 0 0 0 1 
0 0 0 0 1 1 0 
0 0 0 0 1 0 1 
0 0 0 0 0 1 1 
1 0 0 1 0 0 0 
0 1 0 1 0 0 0 
0 0 1 1 0 0 0 
0 0 0 1 1 0 0 
0 0 0 1 0 1 0 
0 0 0 1 0 0 1 
1 0 0 1 0 0 0 
0 1 0 1 0 0 0 
0 0 1 1 0 0 0 
0 0 0 1 1 0 0 
0 0 0 1 0 1 0 
0 0 0 1 0 0 1 
1 0 0 1 0 0 0 
0 1 0 1 0 0 0 
0 0 1 1 0 0 0 
0 0 0 1 0 1 0 
0 0 0 1 0 0 1 
1 0 0 0 1 0 0 
0 1 0 0 1 0 0 
0 0 1 0 1 0 0 
0 0 0 1 1 0 0 
0 0 0 0 1 1 0 
0 0 0 0 1 0 1 
0 0 0 1 1 0 0 
0 0 0 1 0 1 0 
0 0 0 0 1 1 0 
1 0 0 0 1 0 0 
1 0 1 0 0 0 0 
0 1 1 0 0 0 0 
0 0 1 1 0 0 0 
0 0 1 0 1 0 0 
0 0 1 0 0 1 0 
0 0 1 0 0 0 1 
0 0 1 1 0 0 0 
0 0 1 0 0 0 1 
0 0 0 1 0 1 0 
1 0 1 0 0 0 0 
1 0 0 0 1 0 0 
0 1 0 0 1 0 0 
0 0 1 0 1 0 0 
0 0 0 0 1 1 0 
0 0 0 0 1 0 1 
1 0 0 1 0 0 0 
0 1 0 1 0 0 0 
0 0 1 1 0 0 0 
0 0 0 1 0 1 0 
0 0 0 1 0 0 1 
0 0 1 0 0 0 1 
0 0 0 1 0 0 1 
0 0 0 0 1 0 1 
0 0 0 1 0 1 0 
1 0 0 1 0 0 0 
1 0 0 0 1 0 0 
0 1 0 1 0 0 0 
0 1 0 0 1 0 0 
0 0 0 1 0 1 0 
1 0 1 0 0 0 0 
0 1 1 0 0 0 0 
0 0 1 1 0 0 0 
0 0 1 0 1 0 0 
0 0 1 0 0 1 0 
0 0 1 0 0 0 1 
0 0 1 0 0 0 1 
0 0 1 0 0 1 0 
1 0 1 0 0 0 0 
0 0 0 1 0 1 0 
0 1 1 0 0 0 0 
0 1 0 0 1 0 0 
1 0 1 0 0 0 0 
0 1 0 1 0 0 0 
0 0 1 0 0 0 1 
1 0 0 0 1 0 0 
0 1 0 0 1 0 0 
0 0 1 0 1 0 0 
0 0 0 1 1 0 0 
0 0 0 0 1 1 0 
0 0 0 0 1 0 1 
1 0 1 0 0 0 0 
0 1 1 0 0 0 0 
0 0 1 1 0 0 0 
0 0 1 0 1 0 0 
0 0 1 0 0 1 0 
0 0 1 0 0 0 1 
0 0 0 0 1 0 1 
0 0 1 0 0 1 0 
0 0 0 0 1 1 0 
0 0 1 1 0 0 0 
1 0 1 0 0 0 0 
0 1 1 0 0 0 0 
0 1 0 0 1 0 0 
0 0 1 0 0 0 1 
0 0 0 0 1 0 1 
1 0 0 1 0 0 0 
0 1 0 1 0 0 0 
0 1 0 0 1 0 0 
0 0 1 1 0 0 0 
0 0 1 0 1 0 0 
0 0 0 1 0 1 0 
0 0 0 1 0 0 1 
0 0 0 0 1 0 1 
0 0 0 1 0 0 1 
0 0 1 1 0 0 0 
0 0 1 0 1 0 0 
1 0 0 1 0 0 0 
0 1 0 1 0 0 0 
0 1 0 0 1 0 0 
1 0 1 0 0 0 0 
0 1 1 0 0 0 0 
0 0 1 1 0 0 0 
0 0 1 0 1 0 0 
0 0 1 0 0 1 0 
0 0 1 0 0 0 1 
0 0 1 0 0 0 1 
1 0 1 0 0 0 0 
0 1 0 0 1 0 0 
0 0 1 1 0 0 0 
0 0 1 0 0 1 0 
0 0 0 0 1 1 0 
1 0 1 0 0 0 0 
0 0 1 1 0 0 0 
0 1 1 0 0 0 0 
0 1 0 0 1 0 0 
0 0 1 1 0 0 0 
0 0 1 0 0 1 0 
0 0 0 0 1 1 0 
0 1 1 0 0 0 0 
0 1 0 0 1 0 0 
0 1 0 0 0 0 1 
1 0 1 0 0 0 0 
0 1 0 0 1 0 0 
0 1 0 0 0 1 0 
0 1 0 0 0 0 1 
0 0 1 1 0 0 0 
0 0 1 0 0 0 1 
0 1 1 0 0 0 0 
0 0 0 0 1 1 0 
0 0 0 0 1 0 1 
1 0 0 1 0 0 0 
0 1 1 0 0 0 0 
0 1 0 0 1 0 0 
0 0 1 0 1 0 0 
0 0 0 0 1 1 0 
0 0 0 0 1 0 1 
1 1 0 0 0 0 0 
1 0 0 1 0 0 0 
0 1 1 0 0 0 0 
0 1 0 1 0 0 0 
0 1 0 0 1 0 0 
0 1 0 0 0 1 0 
0 1 0 0 0 0 1 
0 0 1 1 0 0 0 
0 0 0 1 1 0 0 
0 0 0 1 0 1 0 
0 0 0 1 0 0 1 
1 1 0 0 0 0 0 
1 0 0 1 0 0 0 
0 1 1 0 0 0 0 
0 0 1 1 0 0 0 
0 1 0 0 1 0 0 
0 0 0 1 1 0 0 
0 1 0 0 0 0 1 
0 0 0 1 0 0 1 
0 1 0 0 0 1 0 
0 0 0 1 0 1 0 
0 0 0 0 1 1 0 
1 1 0 0 0 0 0 
1 0 0 1 0 0 0 
0 1 1 0 0 0 0 
0 0 1 1 0 0 0 
0 0 1 0 0 1 0 
0 1 0 0 1 0 0 
0 1 0 0 0 0 1 
0 0 0 0 1 1 0 
0 1 1 0 0 0 0 
0 0 1 1 0 0 0 
0 0 1 0 0 1 0 
0 0 0 0 1 1 0 
0 0 0 0 1 0 1 
1 0 0 1 0 0 0 
0 1 0 1 0 0 0 
0 0 1 1 0 0 0 
0 0 0 1 1 0 0 
0 0 0 1 0 0 1 
1 0 0 1 0 0 0 
0 1 0 1 0 0 0 
0 0 1 1 0 0 0 
0 0 0 1 1 0 0 
0 0 0 1 0 1 0 
0 0 0 0 1 1 0 
0 1 0 0 0 0 1 
0 0 0 1 0 0 1 
0 0 0 1 0 1 0 
0 0 0 0 1 1 0 
1 0 0 1 0 0 0 
0 1 0 0 0 1 0 
0 0 0 1 0 0 1 
0 0 1 1 0 0 0 
1 0 0 1 0 0 0 
1 0 0 0 1 0 0 
0 1 0 1 0 0 0 
0 1 0 0 1 0 0 
0 0 1 1 0 0 0 
0 0 1 0 1 0 0 
0 0 0 1 1 0 0 
0 0 0 1 0 1 0 
0 0 0 1 0 0 1 
0 0 0 0 1 1 0 
0 0 0 0 1 0 1 
0 0 0 1 1 0 0 
0 0 0 0 1 1 0 
1 0 1 0 0 0 0 
1 0 0 1 0 0 0 
1 0 0 0 1 0 0 
0 0 1 1 0 0 0 
0 1 0 0 1 0 0 
0 0 1 0 0 0 1 
0 0 0 0 1 0 1 
1 0 0 1 0 0 0 
0 1 0 1 0 0 0 
0 0 1 1 0 0 0 
0 0 0 1 1 0 0 
0 0 0 1 0 1 0 
0 0 0 1 0 0 1 
0 0 1 1 0 0 0 
0 1 0 1 0 0 0 
1 0 0 1 0 0 0 
0 0 0 0 1 0 1 
1 0 0 0 0 1 0 
0 1 0 0 0 1 0 
0 0 1 0 0 1 0 
0 0 0 1 0 1 0 
0 0 0 0 1 1 0 
0 0 0 0 0 1 1 
0 0 1 0 0 1 0 
1 0 0 1 0 0 0 
1 0 0 0 0 1 0 
0 1 0 1 0 0 0 
0 1 0 0 0 1 0 
0 0 0 0 0 1 1 
0 0 0 0 1 1 0 
0 0 1 1 0 0 0 
0 0 1 0 0 1 0 
1 0 0 1 0 0 0 
1 0 0 0 0 1 0 
0 0 1 0 0 0 1 
0 0 0 0 0 1 1 
1 0 0 0 0 1 0 
0 1 0 1 0 0 0 
0 1 0 0 0 1 0 
0 1 0 0 1 0 0 
0 0 0 0 1 1 0 
0 0 0 0 0 1 1 
1 0 1 0 0 0 0 
1 0 0 0 0 1 0 
0 0 0 0 1 1 0 
0 0 0 0 1 0 1 
0 1 0 0 0 0 1 
0 0 0 1 1 0 0 
0 1 0 0 0 0 1 
1 1 0 0 0 0 0 
1 0 1 0 0 0 0 
0 1 0 0 0 0 1 
0 0 1 0 0 0 1 
0 0 0 1 0 0 1 
1 1 0 0 0 0 0 
0 1 1 1 1 1 1 
;
TIMETABLE BEST: 
0.0 0.0 0.0 0.0 0.0 0.0 0.0 
14 14 0 0 0 0 0 
17 14 17 0 0 0 0 
17 14 17 17 0 0 0 
18 14 17 17 18 0 0 
18 18 17 17 18 0 0 
18 18 18 17 18 0 0 
24 18 18 17 18 24 0 
24 18 18 17 18 24 24 
24 24 18 17 18 24 24 
24 24 18 17 18 24 24 
24 24 24 17 18 24 24 
24 24 24 17 18 24 24 
24 24 24 17 24 24 24 
24 24 24 17 24 24 24 
24 24 24 17 24 24 24 
31 24 24 31 24 24 24 
31 31 24 31 24 24 24 
31 31 31 31 24 24 24 
31 31 31 31 31 24 24 
31 31 31 31 31 31 24 
31 31 31 31 31 31 31 
44 31 31 44 31 31 31 
44 44 31 44 31 31 31 
44 44 44 44 31 31 31 
44 44 44 44 44 31 31 
44 44 44 44 44 44 31 
44 44 44 44 44 44 44 
55 44 44 55 44 44 44 
55 55 44 55 44 44 44 
55 55 55 55 44 44 44 
55 55 55 55 44 55 44 
55 55 55 55 44 55 55 
59 55 55 55 59 55 55 
59 59 55 55 59 55 55 
59 59 59 55 59 55 55 
59 59 59 59 59 55 55 
59 59 59 59 59 59 55 
59 59 59 59 59 59 59 
59 59 59 70 70 59 59 
59 59 59 71 70 71 59 
59 59 59 71 71 71 59 
77 59 59 71 77 71 59 
81 59 81 71 77 71 59 
81 81 81 71 77 71 59 
81 81 81 81 77 71 59 
81 81 81 81 81 71 59 
81 81 81 81 81 81 59 
81 81 81 81 81 81 81 
81 81 92 92 81 81 81 
81 81 92 92 81 81 92 
81 81 92 92 81 92 92 
99 81 99 92 81 92 92 
100 81 99 92 100 92 92 
100 100 99 92 100 92 92 
100 100 100 92 100 92 92 
100 100 100 92 100 100 92 
100 100 100 92 100 100 100 
104 100 100 104 100 100 100 
104 104 100 104 100 100 100 
104 104 104 104 100 100 100 
104 104 104 104 100 104 100 
104 104 104 104 100 104 104 
104 104 115 104 100 104 115 
104 104 115 115 100 104 115 
104 104 115 115 115 104 115 
104 104 115 117 115 117 115 
118 104 115 118 115 117 115 
118 104 115 118 118 117 115 
118 122 115 122 118 117 115 
118 122 115 122 122 117 115 
118 122 115 128 122 128 115 
129 122 129 128 122 128 115 
129 129 129 128 122 128 115 
129 129 129 129 122 128 115 
129 129 129 129 129 128 115 
129 129 129 129 129 129 115 
129 129 129 129 129 129 129 
129 129 138 129 129 129 138 
129 129 140 129 129 140 138 
141 129 141 129 129 140 138 
141 129 141 141 129 141 138 
141 144 144 141 129 141 138 
141 144 144 141 144 141 138 
153 144 153 141 144 141 138 
153 153 153 153 144 141 138 
153 153 155 153 144 141 155 
162 153 155 153 162 141 155 
162 162 155 153 162 141 155 
162 162 162 153 162 141 155 
162 162 162 162 162 141 155 
162 162 162 162 162 162 155 
162 162 162 162 162 162 162 
173 162 173 162 162 162 162 
173 173 173 162 162 162 162 
173 173 173 173 162 162 162 
173 173 173 173 173 162 162 
173 173 173 173 173 173 162 
173 173 176 173 173 173 176 
173 173 176 173 176 173 176 
173 173 184 173 176 184 176 
173 173 184 173 184 184 176 
173 173 185 185 184 184 176 
186 173 186 185 184 184 176 
186 188 188 185 184 184 176 
186 188 188 185 188 184 176 
186 188 190 185 188 184 190 
186 188 190 185 190 184 190 
202 188 190 202 190 184 190 
202 202 190 202 190 184 190 
202 202 190 202 202 184 190 
202 202 202 202 202 184 190 
202 202 202 202 202 184 190 
202 202 202 202 202 202 190 
202 202 202 202 202 202 202 
202 202 202 202 202 202 202 
202 202 202 211 202 202 211 
202 202 213 213 202 202 211 
202 202 213 213 213 202 211 
214 202 213 214 213 202 211 
214 217 213 217 213 202 211 
214 217 213 217 217 202 211 
226 217 226 217 217 202 211 
226 226 226 217 217 202 211 
226 226 226 226 217 202 211 
226 226 226 226 226 202 211 
226 226 226 226 226 226 211 
226 226 226 226 226 226 226 
226 226 235 226 226 226 235 
238 226 238 226 226 226 235 
238 238 238 226 238 226 235 
238 238 239 239 238 226 235 
238 238 244 239 238 244 235 
238 238 244 239 244 244 235 
250 238 250 239 244 244 235 
250 238 251 251 244 244 235 
250 253 253 251 244 244 235 
250 253 253 251 253 244 235 
250 253 262 262 253 244 235 
250 253 264 262 253 264 235 
250 253 264 262 264 264 235 
250 267 267 262 264 264 235 
250 267 267 262 267 264 235 
250 267 267 262 267 264 267 
278 267 278 262 267 264 267 
278 278 278 262 278 264 267 
278 278 278 262 278 278 267 
278 278 278 262 278 278 278 
278 278 278 278 278 278 278 
278 278 278 278 278 278 278 
278 289 289 278 278 278 278 
278 289 289 278 290 290 278 
278 289 289 278 290 290 290 
295 289 289 295 290 290 290 
295 302 302 295 290 290 290 
295 302 302 295 302 290 290 
295 302 302 295 302 290 290 
295 302 302 295 302 302 290 
295 302 302 295 302 302 302 
315 315 302 295 302 302 302 
315 315 302 315 302 302 302 
315 315 315 315 302 302 302 
315 315 315 315 302 302 302 
315 315 315 315 315 302 302 
315 315 315 315 315 315 302 
315 315 315 315 315 315 315 
315 315 315 315 315 315 315 
315 315 315 315 315 315 315 
315 315 315 315 315 315 315 
315 315 315 315 315 315 315 
326 326 315 315 315 315 315 
326 326 315 326 315 315 315 
326 326 326 326 315 315 315 
326 326 326 326 315 315 315 
326 327 326 326 327 315 315 
326 327 326 327 327 315 315 
326 330 326 327 327 315 330 
326 330 326 330 327 315 330 
326 333 326 330 327 333 330 
326 333 326 333 327 333 330 
326 333 326 333 333 333 330 
338 338 326 333 333 333 330 
338 338 326 338 333 333 330 
338 339 339 338 333 333 330 
338 339 339 339 333 333 330 
338 339 339 339 333 339 330 
338 345 339 339 345 339 330 
338 345 339 339 345 339 345 
338 345 339 339 345 345 345 
338 350 350 339 345 345 345 
338 350 350 350 345 345 345 
338 350 350 350 345 350 345 
338 350 350 350 361 361 345 
338 350 350 350 361 361 361 
363 350 350 363 361 361 361 
363 363 350 363 361 361 361 
363 363 363 363 361 361 361 
363 363 363 363 363 361 361 
363 363 363 363 363 361 363 
373 363 363 373 363 361 363 
373 373 363 373 363 361 363 
373 373 373 373 363 361 363 
373 373 373 373 373 361 363 
373 373 373 373 373 373 363 
373 373 373 373 373 373 363 
373 378 373 373 373 373 378 
373 378 373 378 373 373 378 
373 378 373 385 373 385 378 
373 378 373 385 385 385 378 
386 378 373 386 385 385 378 
386 390 373 386 385 390 378 
386 390 373 392 385 390 392 
386 390 393 393 385 390 392 
403 390 393 403 385 390 392 
403 390 393 403 403 390 392 
403 403 393 403 403 390 392 
403 403 393 403 403 390 392 
403 403 403 403 403 390 392 
403 403 403 403 403 390 392 
403 403 403 403 403 390 392 
403 403 403 403 403 403 392 
403 403 403 403 403 403 403 
403 403 403 403 403 403 403 
403 403 403 403 403 403 403 
403 403 403 413 413 403 403 
403 403 403 413 415 415 403 
416 403 416 413 415 415 403 
416 403 416 416 415 415 403 
416 403 416 416 416 415 403 
416 403 416 416 416 415 403 
416 419 416 416 419 415 403 
416 419 424 416 419 415 424 
416 419 424 416 424 415 424 
427 419 424 427 424 415 424 
427 427 424 427 424 415 424 
427 427 427 427 424 415 424 
427 427 427 427 427 415 424 
427 427 427 427 427 427 424 
427 427 427 427 427 427 427 
427 427 437 437 427 427 427 
427 439 437 439 427 427 427 
440 439 437 440 427 427 427 
440 439 437 440 442 427 442 
444 439 437 440 442 444 442 
444 444 437 440 442 444 442 
444 444 444 440 442 444 442 
444 444 444 444 442 444 442 
444 444 444 444 444 444 442 
444 444 444 444 444 444 444 
444 444 454 444 444 454 444 
455 444 454 455 444 454 444 
455 444 454 455 444 455 444 
455 456 454 456 444 455 444 
455 456 454 456 444 456 444 
455 456 454 456 444 459 459 
455 456 454 456 462 462 459 
455 456 467 467 462 462 459 
455 456 467 467 462 467 459 
468 456 467 468 462 467 459 
468 456 467 468 462 468 459 
468 456 477 468 462 468 477 
468 456 477 468 462 477 477 
479 456 477 468 462 479 477 
479 479 477 479 462 479 477 
479 479 477 479 462 479 477 
479 482 477 479 482 479 477 
479 482 477 479 482 482 477 
479 482 477 479 482 486 486 
492 482 492 479 482 486 486 
492 482 492 479 482 492 486 
492 482 492 479 495 495 486 
492 482 492 479 495 495 495 
492 504 492 479 495 495 504 
492 504 492 510 510 495 504 
492 515 492 510 510 495 515 
518 518 492 510 510 495 515 
518 518 518 510 510 495 515 
518 527 518 510 510 495 527 
518 527 527 510 510 495 527 
518 527 527 527 510 495 527 
544 544 527 527 510 495 527 
544.0 599.0 610.0 598.0 556.0 566.0 551.0 
;
EXECUTION TIME HBSS: 3924.92270803 seconds 

-------------------------------------------------------------------
