DATFILE : bwopen0_7r_500.dat
ENVIRONMENT : bwopen
ALGORITHM : HBSS - TAU 6
RANGE : 500
STARTING_POS : 0
N_ROBOTS : 7
GREEDY SOLUTION : [ 2168.]
COMPUTATIONS D :
2170
2178
2208
2168
2242
2128
2168
2130
2168
2196
2202
2168
2266
2168
2168
2212
2168
2078
2154
2168
2228
2168
2168
2168
2128
2104
2168
2110
2312
2382
2082
2168
2240
2200
2096
2136
2168
2262
2168
2136
2168
2014
2168
2168
2370
2136
2168
2126
2168
2194
2124
2168
2228
2168
2168
2168
2340
2168
2104
2170
2168
2170
2094
2096
2168
2112
2192
2168
2132
2168
2214
2168
2250
2168
2134
2028
2154
2168
2152
2096
2174
2122
2168
1986
2104
2320
2168
2168
2382
2214
2124
2096
2168
2168
2492
2212
2168
2168
2168
2168
2014
2168
2070
2290
2168
2130
2072
2078
2174
2114
2188
2078
2124
2146
2290
2136
2168
2076
2168
2168
2168
2076
2010
2168
2168
2214
2168
2168
2322
2168
2168
2168
2164
2084
2104
2168
2168
2168
2168
2532
2158
2188
2168
2168
2136
2168
2124
2220
2162
2058
2168
2168
2178
2276
2168
2168
2168
2284
2250
2160
2060
2168
2132
2168
2078
2168
2136
2168
2168
2194
2168
2168
2122
2108
2144
2168
2198
2146
2164
2212
2168
2168
2204
2124
2168
2390
2132
2222
2168
2168
2168
2394
2104
2178
1942
2168
2122
2144
2178
2054
;
HBBS sumD : 1942
BEST_CONFIGURATIONS : 
0 0 0 0 0 0 0 
0 4 0 0 0 0 0 
0 4 26 0 0 0 0 
0 4 26 1 0 0 0 
0 4 26 1 5 0 0 
0 4 26 1 5 22 0 
0 4 26 1 5 22 8 
4 4 26 1 5 22 8 
4 4 26 1 5 22 8 
4 4 26 1 5 22 8 
4 4 26 1 5 22 8 
4 4 26 1 5 22 8 
4 4 26 1 5 22 8 
4 4 26 1 5 22 8 
4 4 26 1 5 22 8 
4 4 26 1 5 22 8 
4 4 26 1 5 22 8 
4 4 26 1 5 22 8 
4 4 26 1 5 22 8 
4 4 26 27 5 22 8 
4 4 26 27 5 22 8 
4 4 26 27 5 22 8 
4 4 26 27 5 22 8 
4 4 26 27 5 22 8 
4 4 26 27 5 22 13 
4 4 26 27 5 22 13 
4 4 26 27 5 22 13 
4 4 26 27 5 22 13 
4 4 26 27 9 22 13 
0 4 26 27 9 22 13 
0 8 26 27 9 22 13 
0 8 26 27 9 22 13 
0 8 26 27 9 22 13 
0 8 5 27 9 22 13 
0 8 5 27 9 22 13 
0 8 5 27 9 22 13 
0 8 5 27 9 22 13 
0 8 5 27 9 22 13 
0 8 5 27 9 22 13 
0 8 5 27 9 22 13 
0 8 5 27 9 22 13 
0 8 5 27 9 22 17 
0 8 5 27 9 22 17 
0 8 5 2 9 22 17 
0 8 5 2 9 22 17 
0 25 5 2 9 22 17 
0 25 5 2 9 22 17 
0 25 5 2 9 22 17 
0 25 5 2 9 22 17 
0 25 14 2 9 22 17 
0 25 14 2 9 22 17 
0 25 14 2 9 22 17 
0 25 14 2 10 22 17 
0 25 14 2 10 26 17 
0 25 14 2 10 26 17 
0 25 14 2 10 26 17 
0 25 14 2 10 26 17 
0 25 14 2 10 26 17 
4 25 14 2 10 26 17 
4 25 14 2 10 26 17 
4 25 14 2 10 26 17 
4 25 14 2 10 26 17 
4 25 14 2 10 26 17 
4 25 14 2 10 5 17 
4 25 14 2 10 5 17 
4 25 14 2 10 5 17 
4 25 14 2 10 5 17 
8 25 14 2 10 5 17 
8 25 14 2 10 5 17 
8 25 14 2 10 5 17 
8 25 14 2 10 5 17 
8 25 14 2 10 5 17 
8 25 14 2 10 5 17 
8 25 14 2 10 5 17 
8 18 14 2 10 5 17 
8 18 14 2 10 5 17 
8 18 14 2 10 5 17 
8 18 15 2 10 5 17 
8 18 15 2 10 1 17 
8 18 15 2 10 1 17 
8 18 15 2 10 1 17 
13 18 15 2 10 1 17 
13 18 15 2 10 1 17 
13 18 15 24 10 1 17 
13 18 15 24 10 1 13 
13 18 15 24 10 1 13 
13 18 15 24 10 1 13 
13 18 15 24 10 1 13 
13 18 15 24 10 1 13 
13 18 15 24 10 1 13 
13 18 15 24 10 1 13 
13 18 15 24 10 1 13 
13 18 15 24 10 1 13 
13 18 15 24 10 1 13 
13 18 15 24 10 1 13 
13 18 15 24 10 1 13 
13 18 15 24 10 1 25 
13 18 15 24 10 1 25 
13 18 15 24 9 1 25 
13 18 15 24 9 1 25 
13 18 15 24 9 1 25 
13 14 15 24 9 1 25 
13 14 15 24 9 1 25 
13 14 15 24 9 1 25 
13 14 15 24 9 1 25 
13 14 15 24 9 1 25 
13 14 15 24 9 1 25 
13 14 15 24 9 1 25 
13 14 15 24 9 1 25 
13 14 15 24 9 27 25 
13 14 15 24 9 27 25 
13 14 15 24 9 27 25 
13 14 15 24 9 27 25 
13 14 15 24 9 27 25 
13 14 15 24 9 27 25 
8 14 15 24 9 27 25 
8 14 15 24 9 27 25 
8 14 15 24 9 27 25 
8 14 15 24 9 27 25 
8 14 15 6 9 27 25 
8 14 10 6 9 27 25 
8 14 10 6 9 27 25 
8 14 10 6 9 27 25 
8 14 10 6 9 27 25 
8 14 10 6 9 27 25 
8 14 10 6 9 27 25 
8 14 10 6 9 27 17 
8 14 10 6 9 27 17 
8 14 10 6 9 27 17 
8 18 10 6 9 27 17 
8 18 10 6 9 27 17 
8 18 10 6 9 27 17 
8 18 10 6 9 27 17 
8 18 10 6 9 27 17 
8 18 10 21 9 27 17 
8 18 10 21 9 2 17 
8 18 10 21 9 2 17 
8 18 10 21 24 2 17 
8 18 10 21 24 2 17 
22 18 10 21 24 2 17 
22 18 10 21 24 2 17 
22 18 15 21 24 2 17 
22 18 15 21 24 2 17 
22 18 15 21 24 2 17 
22 18 15 21 24 2 25 
22 18 15 21 24 2 25 
22 18 15 21 24 2 25 
22 18 15 21 6 2 25 
22 18 15 21 6 2 25 
22 18 14 21 6 2 25 
26 18 14 21 6 2 25 
26 14 14 21 6 2 25 
26 14 14 21 6 2 25 
26 14 14 21 6 2 25 
26 14 14 3 6 2 25 
26 14 14 3 6 2 25 
26 14 14 3 6 2 25 
26 14 14 3 11 2 25 
26 14 14 3 11 2 25 
26 15 14 3 11 2 25 
26 15 14 3 11 24 25 
26 15 14 3 11 24 25 
26 15 14 3 11 24 25 
26 15 14 3 11 24 25 
26 15 14 3 11 24 25 
4 15 14 3 11 24 18 
4 15 14 3 11 24 18 
4 15 9 3 11 24 18 
4 15 9 3 11 24 18 
4 15 9 3 11 24 18 
4 15 9 3 11 24 18 
4 10 9 3 11 24 18 
4 10 9 3 11 24 18 
4 10 9 3 11 24 18 
4 10 9 21 11 24 18 
4 10 9 21 11 24 18 
4 10 9 21 11 6 18 
22 10 9 21 11 6 18 
22 10 9 21 11 6 15 
22 10 9 21 11 6 15 
22 10 9 7 11 6 15 
22 10 9 7 11 6 15 
22 10 27 7 11 6 15 
22 10 27 7 11 6 15 
22 10 27 7 11 6 15 
5 10 27 7 11 6 15 
5 10 27 7 11 6 15 
5 10 27 7 11 6 15 
5 24 27 7 11 6 15 
5 24 27 7 11 6 15 
5 24 27 7 11 6 15 
5 24 27 7 11 6 15 
5 24 1 7 11 6 15 
5 24 1 12 11 6 15 
5 24 1 12 11 6 19 
5 24 1 12 12 6 19 
5 24 1 12 12 6 19 
5 24 1 12 12 6 19 
5 24 1 12 12 21 19 
5 24 1 12 12 21 19 
5 24 1 12 12 21 19 
5 24 1 12 12 21 19 
5 24 1 12 12 21 19 
5 24 1 12 12 21 19 
5 24 1 12 12 21 19 
5 24 1 12 16 21 19 
5 24 1 12 16 21 19 
5 10 1 12 16 21 19 
27 10 1 12 16 21 19 
27 10 1 12 16 3 19 
27 10 1 12 16 3 19 
27 10 1 12 16 3 19 
27 10 1 12 16 3 19 
27 10 1 12 16 3 19 
27 10 1 12 16 3 19 
27 10 1 12 16 3 19 
27 10 1 12 16 3 19 
27 10 1 12 16 3 19 
27 10 1 12 16 3 19 
27 15 1 12 16 3 19 
27 15 1 12 16 3 19 
27 15 1 12 16 3 19 
27 15 1 12 16 3 19 
27 15 1 12 16 3 20 
27 15 1 12 16 3 20 
27 15 1 12 23 3 20 
27 15 1 12 23 7 20 
27 15 2 12 23 7 20 
9 15 2 12 23 7 20 
9 15 2 12 23 7 20 
9 15 2 16 23 7 20 
9 15 2 16 23 7 20 
9 15 2 16 23 7 20 
9 15 2 16 23 7 20 
9 15 2 16 23 7 20 
9 15 2 16 23 7 20 
9 14 2 16 23 7 20 
9 14 2 16 23 7 20 
9 14 2 16 23 7 20 
9 14 2 16 23 7 20 
9 14 2 16 23 7 20 
9 14 2 16 23 7 20 
9 14 2 16 23 7 20 
9 14 2 16 23 7 20 
9 14 2 16 23 21 20 
9 14 2 16 23 21 19 
9 14 2 16 23 21 19 
9 14 6 16 23 21 19 
9 18 6 16 23 21 19 
9 18 6 16 23 21 19 
9 18 6 16 23 21 19 
9 18 6 16 20 21 19 
9 18 6 16 20 11 19 
10 18 6 23 20 11 19 
10 18 6 23 20 11 19 
10 18 6 23 20 11 19 
10 18 6 23 20 11 19 
10 18 6 23 20 11 19 
10 18 6 23 20 11 19 
10 18 6 23 20 11 19 
10 18 24 23 20 11 19 
10 14 24 23 20 11 19 
10 14 24 23 20 11 19 
10 14 24 23 20 11 19 
10 14 24 7 20 11 19 
10 25 24 7 20 11 19 
10 25 24 7 20 11 19 
27 25 24 7 20 11 19 
27 25 2 7 20 11 19 
27 17 2 7 20 11 19 
27 17 2 3 20 11 19 
27 17 2 3 23 11 19 
27 13 2 3 23 11 19 
22 13 2 3 23 11 19 
22 8 2 3 23 11 19 
22 8 2 3 23 21 19 
22 8 2 3 7 21 19 
22 8 2 3 7 21 19 
22 8 2 3 7 21 27 
22 8 0 3 7 6 27 
22 8 0 3 7 24 27 
0 0 0 0 0 0 0 
;
ROBOT MOVING BEST:
0 0 0 0 0 0 0 
1 1 0 0 0 0 0 
1 0 1 0 0 0 0 
1 0 0 1 0 0 0 
1 0 0 0 1 0 0 
1 0 0 0 0 1 0 
1 0 0 0 0 0 1 
1 0 1 0 0 0 0 
1 0 0 1 0 0 0 
0 0 1 1 0 0 0 
1 0 0 0 1 0 0 
1 0 0 0 0 1 0 
1 0 0 0 0 0 1 
0 0 1 0 1 0 0 
0 0 1 0 0 1 0 
0 0 0 1 1 0 0 
0 0 0 1 0 1 0 
0 0 1 0 0 0 1 
0 0 0 1 0 0 1 
1 0 0 1 0 0 0 
0 0 0 0 1 1 0 
0 0 1 1 0 0 0 
0 0 0 0 1 0 1 
0 0 0 0 0 1 1 
1 0 0 0 0 0 1 
0 0 1 0 0 0 1 
0 0 0 1 1 0 0 
0 0 0 1 0 1 0 
1 0 0 0 1 0 0 
1 0 0 1 0 0 0 
0 1 0 1 0 0 0 
0 0 1 0 1 0 0 
0 0 0 0 0 1 1 
0 0 1 0 0 0 1 
1 0 0 0 0 0 1 
0 1 0 0 0 0 1 
0 0 0 0 1 1 0 
0 0 1 0 1 0 0 
0 0 0 1 0 0 1 
1 0 0 0 1 0 0 
0 1 0 0 1 0 0 
0 0 0 0 0 1 1 
0 0 1 0 0 0 1 
0 0 0 1 0 1 0 
1 0 0 0 0 0 1 
0 1 0 0 0 1 0 
0 0 1 1 0 0 0 
1 0 0 1 0 0 0 
0 1 1 0 0 0 0 
0 0 1 0 0 1 0 
1 1 0 0 0 0 0 
1 0 1 0 0 0 0 
0 0 0 0 1 1 0 
0 0 0 0 0 1 1 
0 0 0 1 0 1 0 
1 0 0 0 1 0 0 
0 1 0 0 0 1 0 
0 0 1 0 0 1 0 
1 0 0 0 0 0 1 
1 0 0 1 0 0 0 
0 0 0 0 1 1 0 
1 1 0 0 0 0 0 
1 0 1 0 0 0 0 
0 0 1 0 0 1 0 
1 0 0 0 1 0 0 
0 1 0 0 0 0 1 
0 0 0 0 1 1 0 
1 0 0 0 0 0 1 
0 0 1 0 0 0 1 
1 0 0 1 0 0 0 
0 0 1 1 0 0 0 
1 1 0 0 0 0 0 
0 1 1 0 0 0 0 
0 0 0 0 1 0 1 
0 1 0 0 0 1 0 
1 0 1 0 0 0 0 
0 0 0 1 1 0 0 
0 0 1 0 0 1 0 
0 0 0 1 0 1 0 
1 0 0 0 1 0 0 
0 1 0 0 0 0 1 
1 0 0 0 0 0 1 
0 0 1 0 0 0 1 
0 0 0 1 0 0 1 
0 0 0 0 1 0 1 
0 0 0 0 1 1 0 
0 0 0 0 0 1 1 
0 1 0 0 1 0 0 
0 1 0 0 0 0 1 
0 1 0 0 0 1 0 
0 0 1 0 1 0 0 
0 0 1 0 0 0 1 
0 0 1 0 0 1 0 
0 0 0 1 1 0 0 
0 0 0 1 0 0 1 
0 0 0 1 0 1 0 
0 0 0 0 1 0 1 
0 1 1 0 0 0 0 
0 0 0 0 1 1 0 
0 0 0 0 0 1 1 
0 1 0 1 0 0 0 
0 1 0 0 0 1 0 
0 0 1 1 0 0 0 
1 0 0 0 1 0 0 
1 0 0 0 0 0 1 
0 0 1 0 1 0 0 
0 0 1 0 0 0 1 
0 0 0 1 1 0 0 
0 0 0 1 0 0 1 
0 0 1 0 0 1 0 
1 1 0 0 0 0 0 
0 1 1 0 0 0 0 
0 0 0 1 0 1 0 
0 0 0 0 1 0 1 
0 1 0 1 0 0 0 
1 0 1 0 0 0 0 
0 0 0 0 1 1 0 
0 0 0 0 0 1 1 
0 1 0 0 1 0 0 
0 0 1 1 0 0 0 
0 0 1 0 1 0 0 
0 1 0 0 0 1 0 
0 0 1 0 0 1 0 
0 1 1 0 0 0 0 
0 0 0 1 1 0 0 
0 0 0 1 0 0 1 
0 0 0 0 1 0 1 
0 0 0 1 0 1 0 
0 1 0 1 0 0 0 
0 1 0 0 1 0 0 
0 0 0 0 0 1 1 
0 0 1 1 0 0 0 
1 0 0 1 0 0 0 
0 1 0 0 0 1 0 
0 0 0 1 1 0 0 
0 0 0 0 1 1 0 
1 1 0 0 0 0 0 
1 0 0 0 1 0 0 
0 0 1 1 0 0 0 
1 1 0 0 0 0 0 
1 0 0 0 1 0 0 
1 0 1 0 0 0 0 
0 0 0 1 1 0 0 
0 0 0 0 1 1 0 
0 1 0 0 0 0 1 
0 0 1 1 0 0 0 
0 0 1 0 0 1 0 
0 1 0 0 1 0 0 
0 0 0 1 0 1 0 
0 1 1 0 0 0 0 
1 1 0 0 0 0 0 
0 1 0 1 0 0 0 
0 0 0 1 1 0 0 
0 0 0 0 1 1 0 
0 0 0 1 0 1 0 
1 0 0 0 1 0 0 
0 0 0 1 1 0 0 
0 0 0 0 1 1 0 
0 0 0 0 1 0 1 
1 1 0 0 0 0 0 
1 0 0 0 0 1 0 
0 1 0 1 0 0 0 
0 0 1 0 1 0 0 
0 0 0 1 0 1 0 
1 0 0 0 1 0 0 
1 0 0 0 0 0 1 
0 0 0 1 1 0 0 
0 0 1 1 0 0 0 
1 1 0 0 0 0 0 
0 0 0 0 1 0 1 
1 0 0 0 0 1 0 
0 1 0 1 0 0 0 
0 0 0 0 1 1 0 
0 0 1 0 1 0 0 
0 0 0 1 1 0 0 
0 1 0 0 1 0 0 
1 0 0 0 0 1 0 
1 0 0 0 1 0 0 
0 0 0 0 1 0 1 
0 0 0 0 1 1 0 
0 0 0 1 1 0 0 
0 0 1 1 0 0 0 
0 0 1 0 1 0 0 
1 0 0 0 0 1 0 
0 1 0 1 0 0 0 
1 0 0 0 1 0 0 
0 0 0 1 0 1 0 
0 0 0 1 0 0 1 
0 1 0 0 0 1 0 
0 0 1 1 0 0 0 
1 0 0 0 0 1 0 
0 1 0 1 0 0 0 
0 0 1 0 1 0 0 
0 0 0 1 1 0 0 
0 0 0 0 1 0 1 
0 0 0 0 1 1 0 
1 1 0 0 0 0 0 
0 0 1 0 0 1 0 
1 0 0 0 0 1 0 
0 1 0 0 1 0 0 
0 0 0 0 1 1 0 
0 1 0 0 0 0 1 
0 0 1 0 0 1 0 
1 0 0 0 0 0 1 
0 0 0 0 0 1 1 
0 1 0 0 1 0 0 
0 0 0 0 1 1 0 
0 1 0 1 0 0 0 
1 0 0 0 0 1 0 
0 0 1 0 0 1 0 
0 0 0 1 0 1 0 
0 1 0 0 0 0 1 
0 0 0 1 0 0 1 
0 1 0 0 1 0 0 
0 0 0 1 1 0 0 
0 0 0 0 1 1 0 
0 0 0 0 1 0 1 
1 0 1 0 0 0 0 
1 0 0 1 0 0 0 
0 1 0 1 0 0 0 
1 0 0 0 0 1 0 
1 0 0 0 0 0 1 
0 1 0 0 0 0 1 
0 0 0 1 0 0 1 
0 1 0 0 1 0 0 
0 0 0 1 1 0 0 
0 0 0 1 0 1 0 
0 0 1 1 0 0 0 
1 0 0 1 0 0 0 
0 1 0 0 0 0 1 
0 0 0 1 0 0 1 
0 1 0 0 1 0 0 
0 0 0 1 1 0 0 
0 0 0 1 0 1 0 
0 0 0 0 1 0 1 
0 0 0 0 0 1 1 
0 1 0 1 0 0 0 
0 0 0 0 1 1 0 
1 0 0 1 0 0 0 
0 0 1 0 0 1 0 
0 1 0 0 0 0 1 
1 0 0 0 0 0 1 
0 1 0 0 1 0 0 
1 0 0 0 1 0 0 
0 0 0 0 0 1 1 
0 0 0 0 1 0 1 
0 0 0 0 1 1 0 
0 0 1 1 0 0 0 
0 1 0 0 1 0 0 
1 0 0 0 0 0 1 
0 0 1 0 1 0 0 
0 0 0 0 1 0 1 
0 0 0 1 0 1 0 
1 0 0 1 0 0 0 
0 1 0 0 1 0 0 
0 1 0 0 0 0 1 
0 0 1 0 1 0 0 
0 0 1 0 0 0 1 
1 0 0 0 1 0 0 
0 0 0 1 0 1 0 
0 0 1 1 0 0 0 
0 1 0 0 0 0 1 
0 0 0 0 1 1 0 
0 0 1 0 1 0 0 
0 0 0 1 0 0 1 
0 1 0 0 1 0 0 
0 1 0 0 0 0 1 
1 0 0 0 1 0 0 
0 0 1 0 0 0 1 
0 1 0 0 0 0 1 
0 0 0 1 1 0 0 
0 0 0 1 1 0 0 
0 1 0 0 0 0 1 
1 0 0 0 0 0 1 
0 1 0 0 0 0 1 
0 0 0 1 0 1 0 
0 0 0 0 1 1 0 
0 0 0 1 1 0 0 
0 0 1 0 0 0 1 
0 0 1 0 0 1 0 
0 0 1 0 0 1 0 
1 1 0 1 1 1 1 
;
TIMETABLE BEST: 
0.0 0.0 0.0 0.0 0.0 0.0 0.0 
0 14 0 0 0 0 0 
0 14 17 0 0 0 0 
0 14 17 18 0 0 0 
0 14 17 18 24 0 0 
0 14 17 18 24 24 0 
0 14 17 18 24 24 26 
14 14 17 18 24 24 26 
14 14 17 18 24 24 26 
14 14 17 18 24 24 26 
14 14 17 18 24 24 26 
14 14 17 18 24 24 26 
14 14 17 18 24 24 26 
14 14 17 18 24 24 26 
14 14 17 18 24 24 26 
14 14 17 18 24 24 26 
14 14 17 18 24 24 26 
14 14 17 18 24 24 26 
14 14 17 18 24 24 26 
14 14 17 33 24 24 26 
14 14 17 33 24 24 26 
14 14 17 33 24 24 26 
14 14 17 33 24 24 26 
14 14 17 33 24 24 26 
14 14 17 33 24 24 39 
14 14 17 33 24 24 39 
14 14 17 33 24 24 39 
14 14 17 33 24 24 39 
14 14 17 33 46 24 39 
28 14 17 33 46 24 39 
28 28 17 33 46 24 39 
28 28 17 33 46 24 39 
28 28 17 33 46 24 39 
28 28 26 33 46 24 39 
28 28 26 33 46 24 39 
28 28 26 33 46 24 39 
28 28 26 33 46 24 39 
28 28 26 33 46 24 39 
28 28 26 33 46 24 39 
28 28 26 33 46 24 39 
28 28 26 33 46 24 39 
28 28 26 33 46 24 50 
28 28 26 33 46 24 50 
28 28 26 52 46 24 50 
28 28 26 52 46 24 50 
28 54 26 52 46 24 50 
28 54 26 52 46 24 50 
28 54 26 52 46 24 50 
28 54 26 52 46 24 50 
28 54 56 52 46 24 50 
28 54 56 52 46 24 50 
28 54 56 52 46 24 50 
28 54 56 52 60 24 50 
28 54 56 52 60 35 50 
28 54 56 52 60 35 50 
28 54 56 52 60 35 50 
28 54 56 52 60 35 50 
28 54 56 52 60 35 50 
42 54 56 52 60 35 50 
42 54 56 52 60 35 50 
42 54 56 52 60 35 50 
42 54 56 52 60 35 50 
42 54 56 52 60 35 50 
42 54 56 52 60 44 50 
42 54 56 52 60 44 50 
42 54 56 52 60 44 50 
42 54 56 52 60 44 50 
56 54 56 52 60 44 50 
56 54 56 52 60 44 50 
56 54 56 52 60 44 50 
56 54 56 52 60 44 50 
56 54 56 52 60 44 50 
56 54 56 52 60 44 50 
56 54 56 52 60 44 50 
56 67 56 52 60 44 50 
56 67 56 52 60 44 50 
56 67 56 52 60 44 50 
56 67 69 52 60 44 50 
56 67 69 52 60 62 50 
56 67 69 52 60 62 50 
56 67 69 52 60 62 50 
69 67 69 52 60 62 50 
69 67 69 52 60 62 50 
69 67 69 71 60 62 50 
69 67 69 71 60 62 61 
69 67 69 71 60 62 61 
69 67 69 71 60 62 61 
69 67 69 71 60 62 61 
69 67 69 71 60 62 61 
69 67 69 71 60 62 61 
69 67 69 71 60 62 61 
69 67 69 71 60 62 61 
69 67 69 71 60 62 61 
69 67 69 71 60 62 61 
69 67 69 71 60 62 61 
69 67 69 71 60 62 61 
69 67 69 71 60 62 74 
69 67 69 71 60 62 74 
69 67 69 71 74 62 74 
69 67 69 71 74 62 74 
69 67 69 71 74 62 74 
69 78 69 71 74 62 74 
69 78 69 71 74 62 74 
69 78 69 71 74 62 74 
69 78 69 71 74 62 74 
69 78 69 71 74 62 74 
69 78 69 71 74 62 74 
69 78 69 71 74 62 74 
69 78 69 71 74 62 74 
69 78 69 71 74 77 74 
69 78 69 71 74 77 74 
69 78 69 71 74 77 74 
69 78 69 71 74 77 74 
69 78 69 71 74 77 74 
69 78 69 71 74 77 74 
82 78 69 71 74 77 74 
82 78 69 71 74 77 74 
82 78 69 71 74 77 74 
82 78 69 71 74 77 74 
82 78 69 84 74 77 74 
82 78 80 84 74 77 74 
82 78 80 84 74 77 74 
82 78 80 84 74 77 74 
82 78 80 84 74 77 74 
82 78 80 84 74 77 74 
82 78 80 84 74 77 74 
82 78 80 84 74 77 86 
82 78 80 84 74 77 86 
82 78 80 84 74 77 86 
82 89 80 84 74 77 86 
82 89 80 84 74 77 86 
82 89 80 84 74 77 86 
82 89 80 84 74 77 86 
82 89 80 84 74 77 86 
82 89 80 96 74 77 86 
82 89 80 96 74 96 86 
82 89 80 96 74 96 86 
82 89 80 96 89 96 86 
82 89 80 96 89 96 86 
94 89 80 96 89 96 86 
94 89 80 96 89 96 86 
94 89 91 96 89 96 86 
94 89 91 96 89 96 86 
94 89 91 96 89 96 86 
94 89 91 96 89 96 98 
94 89 91 96 89 96 98 
94 89 91 96 89 96 98 
94 89 91 96 102 96 98 
94 89 91 96 102 96 98 
94 89 104 96 102 96 98 
105 89 104 96 102 96 98 
105 100 104 96 102 96 98 
105 100 104 96 102 96 98 
105 100 104 96 102 96 98 
105 100 104 108 102 96 98 
105 100 104 108 102 96 98 
105 100 104 108 102 96 98 
105 100 104 108 119 96 98 
105 100 104 108 119 96 98 
105 113 104 108 119 96 98 
105 113 104 108 119 115 98 
105 113 104 108 119 115 98 
105 113 104 108 119 115 98 
105 113 104 108 119 115 98 
105 113 104 108 119 115 98 
116 113 104 108 119 115 111 
116 113 104 108 119 115 111 
116 113 120 108 119 115 111 
116 113 120 108 119 115 111 
116 113 120 108 119 115 111 
116 113 120 108 119 115 111 
116 124 120 108 119 115 111 
116 124 120 108 119 115 111 
116 124 120 108 119 115 111 
116 124 120 120 119 115 111 
116 124 120 120 119 115 111 
116 124 120 120 119 128 111 
128 124 120 120 119 128 111 
128 124 120 120 119 128 129 
128 124 120 120 119 128 129 
128 124 120 132 119 128 129 
128 124 120 132 119 128 129 
128 124 135 132 119 128 129 
128 124 135 132 119 128 129 
128 124 135 132 119 128 129 
140 124 135 132 119 128 129 
140 124 135 132 119 128 129 
140 124 135 132 119 128 129 
140 137 135 132 119 128 129 
140 137 135 132 119 128 129 
140 137 135 132 119 128 129 
140 137 135 132 119 128 129 
140 137 150 132 119 128 129 
140 137 150 150 119 128 129 
140 137 150 150 119 128 153 
140 137 150 150 146 128 153 
140 137 150 150 146 128 153 
140 137 150 150 146 128 153 
140 137 150 150 146 140 153 
140 137 150 150 146 140 153 
140 137 150 150 146 140 153 
140 137 150 150 146 140 153 
140 137 150 150 146 140 153 
140 137 150 150 146 140 153 
140 137 150 150 146 140 153 
140 137 150 150 157 140 153 
140 137 150 150 157 140 153 
140 150 150 150 157 140 153 
161 150 150 150 157 140 153 
161 150 150 150 157 152 153 
161 150 150 150 157 152 153 
161 150 150 150 157 152 153 
161 150 150 150 157 152 153 
161 150 150 150 157 152 153 
161 150 150 150 157 152 153 
161 150 150 150 157 152 153 
161 150 150 150 157 152 153 
161 150 150 150 157 152 153 
161 150 150 150 157 152 153 
161 161 150 150 157 152 153 
161 161 150 150 157 152 153 
161 161 150 150 157 152 153 
161 161 150 150 157 152 153 
161 161 150 150 157 152 166 
161 161 150 150 157 152 166 
161 161 150 150 168 152 166 
161 161 150 150 168 168 166 
161 161 170 150 168 168 166 
176 161 170 150 168 168 166 
176 161 170 150 168 168 166 
176 161 170 161 168 168 166 
176 161 170 161 168 168 166 
176 161 170 161 168 168 166 
176 161 170 161 168 168 166 
176 161 170 161 168 168 166 
176 161 170 161 168 168 166 
176 174 170 161 168 168 166 
176 174 170 161 168 168 166 
176 174 170 161 168 168 166 
176 174 170 161 168 168 166 
176 174 170 161 168 168 166 
176 174 170 161 168 168 166 
176 174 170 161 168 168 166 
176 174 170 161 168 168 166 
176 174 170 161 168 180 166 
176 174 170 161 168 180 179 
176 174 170 161 168 180 179 
176 174 188 161 168 180 179 
176 185 188 161 168 180 179 
176 185 188 161 168 180 179 
176 185 188 161 168 180 179 
176 185 188 161 178 180 179 
176 185 188 161 178 199 179 
190 185 188 172 178 199 179 
190 185 188 172 178 199 179 
190 185 188 172 178 199 179 
190 185 188 172 178 199 179 
190 185 188 172 178 199 179 
190 185 188 172 178 199 179 
190 185 188 172 178 199 179 
190 185 201 172 178 199 179 
190 196 201 172 178 199 179 
190 196 201 172 178 199 179 
190 196 201 172 178 199 179 
190 196 201 208 178 199 179 
190 212 201 208 178 199 179 
190 212 201 208 178 199 179 
217 212 201 208 178 199 179 
217 212 220 208 178 199 179 
217 224 220 208 178 199 179 
217 224 220 224 178 199 179 
217 224 220 224 188 199 179 
217 235 220 224 188 199 179 
248 235 220 224 188 199 179 
248 248 220 224 188 199 179 
248 248 220 224 188 218 179 
248 248 220 224 224 218 179 
248 248 220 224 224 218 179 
248 248 220 224 224 218 229 
248 248 256 224 224 230 229 
248 248 256 224 224 243 229 
272.0 274.0 256.0 282.0 298.0 298.0 262.0 
;
EXECUTION TIME HBSS: 3957.83542705 seconds 

-------------------------------------------------------------------
