DATFILE : bwopen0_7r_500.dat
ENVIRONMENT : bwopen
ALGORITHM : HBSS - TAU 7
RANGE : 500
STARTING_POS : 0
N_ROBOTS : 7
GREEDY SOLUTION : [ 2168.]
COMPUTATIONS D :
2168
2128
2168
2168
2168
2084
2168
2168
2136
2132
2238
2168
2114
2096
2382
2168
2382
2124
2168
2168
2168
2168
2168
2168
2168
2072
2238
2168
2168
2168
2168
2124
2168
2270
2168
2168
2168
2168
2168
2130
2168
2168
2168
2168
2202
2168
2168
2124
2168
2202
2346
2168
2168
2154
2112
2168
2168
2322
2154
2168
2168
2168
2168
2132
2168
2168
2124
2168
2168
2178
2168
2332
2168
2168
2192
2168
2168
2168
2168
2168
2114
2168
2124
2168
2168
2168
2168
2124
2168
2168
2168
2168
2168
2168
2168
2168
2168
2168
2168
2168
2214
2382
2130
2168
2372
2168
2042
2132
2168
2168
2168
2168
2120
2168
2168
2168
2168
2168
2168
2168
2168
2290
2168
2014
2168
2168
2108
2106
2096
2240
2168
2242
2304
2168
2168
2122
2164
2202
2078
2168
2168
2304
2168
2082
2168
2168
2168
2136
2162
2168
2144
2042
2168
2168
2168
2168
2270
2168
2168
2122
2168
2286
2168
2156
2168
2136
2168
2168
2168
2184
2108
2168
2136
2168
2168
2168
2126
2168
2168
2168
2168
2132
2168
2168
2168
2168
2168
2122
2178
2168
2168
2128
2168
2168
2132
2168
2112
2168
2222
2168
;
HBBS sumD : 2014
BEST_CONFIGURATIONS : 
0 0 0 0 0 0 0 
0 4 0 0 0 0 0 
0 4 26 0 0 0 0 
0 4 26 1 0 0 0 
0 4 26 1 5 0 0 
0 4 26 1 5 22 0 
0 4 26 1 5 22 8 
26 4 26 1 5 22 8 
26 4 26 1 5 22 8 
26 4 26 1 5 22 8 
26 4 26 1 5 22 8 
26 4 26 1 5 22 8 
26 4 26 1 5 22 8 
26 4 26 1 5 22 8 
26 4 26 1 5 22 8 
26 4 26 1 5 22 8 
26 4 26 1 5 22 8 
26 4 26 1 5 22 8 
26 4 26 1 5 22 8 
26 4 26 27 5 22 8 
26 4 26 27 5 22 8 
26 4 26 27 5 22 8 
26 4 26 27 5 22 8 
26 4 26 27 5 22 8 
26 4 26 27 5 22 13 
26 4 26 27 5 22 13 
26 4 26 27 5 22 13 
26 4 26 27 5 22 13 
26 4 26 27 9 22 13 
26 8 26 27 9 22 13 
26 8 26 27 9 22 13 
26 8 26 27 9 22 13 
5 8 26 27 9 22 13 
5 8 26 27 9 22 13 
5 8 0 27 9 22 13 
5 8 0 27 9 22 13 
5 8 0 27 9 22 13 
5 8 0 27 9 22 13 
5 8 0 27 9 22 13 
5 8 0 27 9 22 13 
5 8 0 27 9 22 17 
5 8 0 27 9 22 17 
5 8 0 2 9 22 17 
5 8 0 2 9 22 17 
5 25 0 2 9 22 17 
5 25 0 2 9 22 17 
14 25 0 2 9 22 17 
14 25 0 2 9 22 17 
14 25 0 2 9 22 17 
14 25 0 2 10 22 17 
14 25 0 2 10 26 17 
14 25 0 2 10 26 17 
14 25 0 2 10 26 17 
14 25 0 2 10 26 17 
14 25 0 2 10 26 17 
14 25 0 2 10 26 17 
14 25 0 2 10 26 17 
14 25 0 2 10 26 17 
14 25 0 2 10 26 17 
14 25 0 2 10 4 17 
14 25 0 2 10 4 17 
14 25 0 2 10 4 17 
14 25 0 2 10 4 17 
14 25 0 2 10 4 17 
14 25 0 6 10 4 17 
14 25 0 6 10 4 17 
14 25 1 6 10 4 17 
14 25 1 6 10 4 17 
14 25 1 6 10 4 17 
14 25 1 6 10 4 17 
14 25 1 6 10 4 17 
14 25 1 6 10 8 17 
14 25 1 6 10 8 17 
14 25 1 6 10 8 13 
14 25 1 6 10 8 13 
14 25 1 6 10 8 13 
14 25 1 6 10 8 13 
14 25 1 6 10 8 13 
14 25 1 6 10 8 13 
14 25 1 6 10 8 13 
18 25 1 6 10 8 13 
18 25 1 6 10 8 13 
18 25 1 6 10 8 13 
18 25 27 6 10 8 13 
18 25 27 6 10 8 13 
18 25 27 6 10 8 13 
18 25 27 6 15 8 13 
18 25 27 6 15 8 13 
18 17 27 6 15 8 13 
18 17 27 6 15 8 13 
18 17 27 6 15 8 13 
18 17 27 6 15 8 13 
18 17 27 6 15 8 13 
18 17 27 6 15 8 13 
18 17 27 6 15 8 13 
18 17 27 6 15 8 13 
18 17 27 6 15 8 13 
18 17 27 6 15 8 13 
18 17 27 6 15 8 13 
18 17 27 6 15 8 13 
18 17 27 6 15 8 13 
18 17 27 6 15 22 13 
18 17 27 6 15 22 13 
18 17 27 6 15 22 13 
18 17 9 6 15 22 13 
18 17 9 6 15 22 13 
18 17 9 24 15 22 13 
19 17 9 24 15 22 13 
19 17 9 24 15 22 13 
19 17 9 24 15 22 13 
19 17 9 24 15 22 13 
19 17 9 24 15 22 13 
19 17 9 24 15 22 13 
19 17 9 24 15 26 13 
19 17 9 24 15 26 25 
19 17 9 24 15 26 25 
19 17 9 24 15 26 25 
19 17 9 24 15 26 25 
19 17 9 24 15 26 14 
19 17 9 24 15 5 14 
19 17 9 24 10 5 14 
19 18 9 24 10 5 14 
19 18 9 24 10 5 14 
19 18 9 24 10 5 14 
19 18 9 24 10 5 14 
19 18 9 24 10 5 14 
19 18 9 24 10 5 14 
19 18 9 24 10 5 14 
19 18 9 24 10 5 14 
19 18 9 24 10 5 14 
19 18 9 24 10 5 14 
19 18 9 24 10 5 14 
19 18 9 24 10 5 14 
19 18 9 24 10 5 14 
19 18 9 24 10 5 14 
19 18 9 24 10 5 14 
19 18 9 24 10 5 14 
19 18 9 6 10 5 14 
19 18 9 6 10 5 14 
19 18 9 6 10 5 14 
19 18 27 6 10 5 14 
20 18 27 6 10 5 14 
20 18 27 6 10 5 14 
20 18 27 6 10 5 14 
20 15 27 6 10 5 14 
20 15 27 6 10 5 14 
20 15 27 6 10 5 14 
20 15 27 6 10 5 14 
20 15 27 6 10 5 14 
20 15 27 21 10 5 14 
23 15 27 21 10 5 14 
23 15 27 21 24 5 14 
23 15 27 21 24 26 14 
23 15 27 21 24 26 14 
23 15 27 21 24 26 14 
23 15 27 21 24 26 18 
23 15 27 21 24 26 18 
23 15 27 21 24 26 18 
23 15 27 21 24 26 18 
23 15 1 21 24 26 18 
23 15 1 21 24 4 18 
23 15 1 21 24 4 18 
23 15 1 21 24 4 18 
23 15 1 21 24 4 18 
23 15 1 21 24 4 18 
23 15 1 21 24 4 18 
23 15 1 21 24 4 18 
23 15 1 21 11 4 18 
23 15 1 21 11 4 18 
23 15 1 21 11 4 18 
23 15 1 21 11 4 18 
20 15 1 21 11 4 18 
20 15 1 3 11 4 18 
20 10 1 3 11 4 18 
20 10 1 3 11 4 18 
20 10 1 3 11 4 14 
20 10 1 3 11 4 14 
20 10 1 3 11 4 14 
20 10 1 3 11 4 14 
20 10 1 3 11 4 14 
20 10 1 3 11 26 14 
20 9 1 3 11 26 14 
20 9 1 3 11 26 14 
20 9 1 3 11 26 14 
20 9 27 3 11 26 14 
20 9 27 3 11 26 25 
23 9 27 3 11 26 25 
23 9 27 21 11 26 25 
23 9 27 21 11 5 25 
23 9 27 21 11 5 25 
16 9 27 21 11 5 25 
16 24 27 21 11 5 25 
16 24 27 6 11 5 25 
16 24 27 6 11 22 25 
16 24 2 6 11 22 25 
12 24 2 6 11 22 25 
12 24 2 6 6 22 25 
12 24 2 6 6 22 25 
12 24 2 6 6 22 25 
12 24 2 6 6 22 25 
12 24 2 6 6 26 25 
12 24 2 6 21 26 25 
12 24 2 6 21 26 25 
12 24 2 6 21 26 25 
12 24 2 6 21 26 14 
12 24 2 6 21 26 14 
12 24 2 6 21 26 14 
12 24 2 6 3 26 14 
12 24 2 6 3 26 14 
12 24 2 6 3 26 14 
12 10 2 6 3 26 14 
12 10 2 6 3 26 14 
12 10 2 6 3 26 15 
12 10 2 6 3 26 15 
12 10 2 6 3 26 15 
16 10 2 6 3 26 15 
16 10 1 6 3 26 15 
16 10 1 21 3 26 15 
16 10 1 21 3 26 15 
16 10 1 21 3 26 15 
16 10 1 21 3 26 15 
16 10 1 21 3 26 15 
16 10 1 21 3 5 15 
16 10 1 7 3 5 15 
16 9 1 7 3 5 15 
16 9 1 7 3 5 15 
16 9 1 7 3 5 15 
23 9 1 7 3 5 15 
23 9 1 7 21 5 15 
23 9 1 7 21 5 15 
23 9 1 7 21 5 15 
23 9 1 7 21 5 15 
23 9 1 7 21 5 15 
23 9 1 12 21 5 15 
23 9 1 12 21 5 19 
23 27 1 12 21 5 19 
20 27 1 12 21 5 19 
20 27 1 12 6 4 19 
20 27 1 12 6 4 19 
20 27 1 12 6 4 19 
20 27 1 12 2 4 19 
20 27 27 12 2 4 19 
20 27 27 12 2 4 19 
20 27 27 12 2 4 19 
20 27 27 12 2 4 19 
20 27 27 12 2 4 19 
20 27 27 12 2 4 19 
20 27 27 12 2 22 19 
23 27 27 12 2 22 19 
23 27 27 12 2 22 19 
23 27 27 12 2 22 19 
23 27 27 16 2 22 19 
23 27 27 16 2 8 19 
23 27 27 16 2 8 20 
23 27 9 16 2 8 20 
23 27 9 16 2 8 20 
23 27 9 16 2 8 20 
23 27 9 16 2 8 20 
23 27 9 16 2 8 20 
23 27 9 16 2 8 20 
23 27 9 16 3 8 20 
23 27 9 12 3 8 20 
23 24 9 12 3 8 20 
23 24 9 12 3 8 20 
23 24 9 12 3 8 20 
16 24 9 12 3 8 20 
16 24 9 12 3 8 20 
16 24 9 7 3 8 20 
16 24 14 7 3 8 20 
16 24 25 7 3 8 20 
16 6 25 7 3 8 23 
16 6 25 7 3 8 23 
12 6 25 7 3 8 23 
12 6 25 7 3 8 23 
12 6 25 7 3 8 19 
12 24 25 7 3 8 19 
12 24 25 7 3 0 19 
12 24 25 7 2 0 19 
11 24 25 7 2 0 19 
11 24 25 7 2 0 19 
11 24 25 7 27 0 19 
0 0 0 0 0 0 0 
;
ROBOT MOVING BEST:
0 0 0 0 0 0 0 
1 1 0 0 0 0 0 
1 0 1 0 0 0 0 
1 0 0 1 0 0 0 
1 0 0 0 1 0 0 
1 0 0 0 0 1 0 
1 0 0 0 0 0 1 
1 1 0 0 0 0 0 
0 1 0 1 0 0 0 
1 0 0 1 0 0 0 
0 1 0 0 1 0 0 
0 1 0 0 0 1 0 
0 1 0 0 0 0 1 
1 0 0 0 1 0 0 
1 0 0 0 0 1 0 
0 0 0 1 1 0 0 
0 0 0 1 0 1 0 
1 0 0 0 0 0 1 
0 0 0 1 0 0 1 
0 1 0 1 0 0 0 
0 0 0 0 1 1 0 
1 0 0 1 0 0 0 
0 0 0 0 1 0 1 
0 0 0 0 0 1 1 
0 1 0 0 0 0 1 
1 0 0 0 0 0 1 
0 0 0 1 1 0 0 
0 0 0 1 0 1 0 
0 1 0 0 1 0 0 
0 1 0 1 0 0 0 
1 0 0 0 1 0 0 
0 0 0 0 0 1 1 
1 0 0 0 0 0 1 
0 1 0 0 0 0 1 
0 0 1 1 0 0 0 
0 0 0 0 1 1 0 
1 0 0 0 1 0 0 
0 0 0 1 0 0 1 
0 0 1 0 0 0 1 
0 1 0 0 1 0 0 
0 0 0 0 0 1 1 
1 0 0 0 0 0 1 
0 0 0 1 0 1 0 
1 0 0 1 0 0 0 
0 1 0 0 0 1 0 
1 1 0 0 0 0 0 
1 0 0 0 0 1 0 
0 0 1 0 1 0 0 
0 0 1 0 0 0 1 
0 0 0 0 1 1 0 
0 0 0 0 0 1 1 
0 0 1 1 0 0 0 
0 0 0 1 0 1 0 
0 1 1 0 0 0 0 
0 1 0 0 0 1 0 
1 0 1 0 0 0 0 
1 0 0 0 0 1 0 
0 0 1 0 1 0 0 
0 0 0 0 1 1 0 
0 0 0 0 0 1 1 
0 0 0 1 0 1 0 
0 1 0 0 0 1 0 
1 0 0 0 0 1 0 
0 1 0 0 0 0 1 
0 0 1 1 0 0 0 
1 0 0 0 0 0 1 
0 1 1 0 0 0 0 
0 0 0 0 1 1 0 
1 0 1 0 0 0 0 
1 1 0 0 0 0 0 
0 0 0 0 1 0 1 
0 0 0 0 0 1 1 
0 0 1 0 1 0 0 
0 0 1 0 0 0 1 
0 1 0 0 1 0 0 
0 1 0 0 0 1 0 
0 1 0 0 0 0 1 
1 0 0 0 1 0 0 
1 0 0 0 0 1 0 
1 0 0 0 0 0 1 
1 0 1 0 0 0 0 
0 0 0 0 1 1 0 
1 1 0 0 0 0 0 
0 1 1 0 0 0 0 
0 0 0 0 1 0 1 
0 1 0 1 0 0 0 
0 1 0 0 1 0 0 
1 0 0 0 0 1 0 
0 1 0 0 0 0 1 
1 0 0 0 0 0 1 
0 0 0 1 0 1 0 
0 0 0 0 1 1 0 
0 0 0 0 1 0 1 
1 1 0 0 0 0 0 
0 1 1 0 0 0 0 
1 0 1 0 0 0 0 
1 0 0 1 0 0 0 
0 1 0 0 1 0 0 
0 0 1 1 0 0 0 
1 0 0 0 1 0 0 
0 0 1 0 1 0 0 
1 0 0 0 0 1 0 
0 0 0 1 1 0 0 
0 0 0 1 0 1 0 
0 0 1 0 0 0 1 
0 0 0 0 1 1 0 
0 0 0 1 0 0 1 
1 0 0 0 0 0 1 
0 1 1 0 0 0 0 
0 1 0 1 0 0 0 
1 1 0 0 0 0 0 
0 0 1 0 1 0 0 
0 0 0 1 1 0 0 
0 0 0 0 1 1 0 
0 0 1 0 0 0 1 
0 0 0 1 0 0 1 
1 0 0 0 1 0 0 
1 0 0 0 0 0 1 
0 0 0 0 1 0 1 
0 0 0 0 1 1 0 
0 0 1 0 1 0 0 
0 1 1 0 0 0 0 
0 1 0 0 1 0 0 
0 0 1 1 0 0 0 
0 0 0 1 1 0 0 
0 1 0 1 0 0 0 
1 0 1 0 0 0 0 
1 0 0 0 1 0 0 
1 1 0 0 0 0 0 
1 0 0 1 0 0 0 
0 0 1 0 0 0 1 
0 1 0 0 0 0 1 
0 0 0 1 0 0 1 
0 0 0 0 1 1 0 
0 1 0 0 0 1 0 
0 0 0 1 0 1 0 
1 0 0 0 0 0 1 
0 0 1 1 0 0 0 
0 0 0 1 1 0 0 
1 0 0 0 0 1 0 
0 0 1 0 1 0 0 
1 0 0 0 1 0 0 
0 0 0 0 0 1 1 
1 1 0 0 0 0 0 
0 1 0 0 1 0 0 
0 0 0 1 0 0 1 
0 0 1 0 0 0 1 
0 0 0 1 0 1 0 
1 0 0 0 0 0 1 
0 0 0 1 1 0 0 
1 0 0 0 1 0 0 
0 0 1 0 1 0 0 
0 0 0 0 1 1 0 
0 0 0 1 0 0 1 
1 0 0 0 0 0 1 
0 0 0 0 0 1 1 
0 0 0 1 1 0 0 
1 0 0 0 1 0 0 
0 0 1 1 0 0 0 
0 0 1 0 1 0 0 
0 0 0 0 1 1 0 
0 1 0 1 0 0 0 
1 1 0 0 0 0 0 
1 0 0 0 0 0 1 
0 1 1 0 0 0 0 
0 1 0 0 0 1 0 
0 0 0 0 0 1 1 
0 1 0 0 1 0 0 
0 0 0 0 1 0 1 
0 0 1 1 0 0 0 
1 0 0 1 0 0 0 
1 1 0 0 0 0 0 
0 1 0 1 0 0 0 
0 1 0 0 1 0 0 
0 0 1 0 1 0 0 
0 0 0 0 1 0 1 
0 0 1 1 0 0 0 
0 1 0 1 0 0 0 
1 0 0 0 1 0 0 
0 0 0 1 1 0 0 
0 0 0 0 1 1 0 
0 1 1 0 0 0 0 
0 1 0 0 1 0 0 
1 0 0 1 0 0 0 
0 0 1 0 1 0 0 
0 0 0 0 1 0 1 
1 0 0 0 1 0 0 
0 0 0 1 1 0 0 
0 0 0 0 1 1 0 
0 1 1 0 0 0 0 
1 0 0 0 1 0 0 
0 1 0 0 1 0 0 
0 0 0 1 1 0 0 
0 0 0 0 1 1 0 
0 0 1 0 1 0 0 
1 0 0 0 1 0 0 
0 1 0 0 1 0 0 
0 0 1 0 1 0 0 
1 0 0 0 1 0 0 
0 1 0 0 0 1 0 
0 0 0 0 1 1 0 
0 0 0 1 1 0 0 
0 1 1 0 0 0 0 
0 0 1 0 1 0 0 
0 0 1 0 0 0 1 
1 1 0 0 0 0 0 
1 0 0 0 1 0 0 
0 1 0 0 1 0 0 
1 0 1 0 0 0 0 
0 0 0 1 1 0 0 
0 1 1 0 0 0 0 
0 0 1 0 1 0 0 
0 0 1 0 0 0 1 
1 1 0 0 0 0 0 
1 0 0 0 1 0 0 
1 0 0 1 0 0 0 
0 0 1 1 0 0 0 
0 0 0 1 1 0 0 
1 1 0 0 0 0 0 
1 0 0 0 1 0 0 
1 0 0 1 0 0 0 
1 0 0 0 0 0 1 
0 0 0 1 0 1 0 
0 1 0 1 0 0 0 
0 1 0 0 1 0 0 
0 0 0 1 1 0 0 
0 0 0 1 0 0 1 
1 0 0 0 1 0 0 
0 1 0 0 1 0 0 
0 0 0 1 1 0 0 
0 1 0 1 0 0 0 
1 1 0 0 0 0 0 
1 0 0 1 0 0 0 
0 0 0 1 0 0 1 
0 0 0 0 1 0 1 
0 1 1 0 0 0 0 
1 0 0 0 1 0 0 
0 0 0 0 1 1 0 
0 0 0 0 1 0 1 
1 0 0 0 1 0 0 
0 0 1 0 1 0 0 
0 0 1 0 0 0 1 
1 0 1 0 0 0 0 
1 0 0 0 0 0 1 
0 0 1 1 0 0 0 
0 0 0 1 0 0 1 
1 0 0 1 0 0 0 
0 0 0 0 0 1 1 
1 0 0 0 0 0 1 
0 0 1 0 1 0 0 
0 0 0 0 1 0 1 
0 0 0 1 0 0 1 
0 0 0 0 0 1 1 
1 0 0 0 0 0 1 
0 0 1 0 0 0 1 
1 0 0 1 0 0 0 
0 0 0 1 0 0 1 
0 0 1 0 1 0 0 
0 0 1 1 0 0 0 
0 0 0 0 1 1 0 
0 1 0 0 1 0 0 
1 0 0 1 0 0 0 
0 1 0 0 0 0 1 
0 0 1 1 0 0 0 
0 1 0 0 0 1 0 
1 0 0 1 0 0 0 
1 1 0 0 0 0 0 
0 0 0 1 0 0 1 
1 0 1 0 0 0 0 
0 0 1 0 0 0 1 
0 1 0 0 0 0 1 
1 0 0 1 0 0 0 
1 0 0 1 0 0 0 
0 1 0 1 0 0 0 
0 0 0 1 0 0 1 
0 1 0 1 0 0 0 
0 1 0 0 0 1 0 
0 0 0 1 1 0 0 
1 0 0 1 0 0 0 
1 0 0 0 0 0 1 
0 0 0 1 1 0 0 
1 1 1 1 1 0 1 
;
TIMETABLE BEST: 
0.0 0.0 0.0 0.0 0.0 0.0 0.0 
0 14 0 0 0 0 0 
0 14 17 0 0 0 0 
0 14 17 18 0 0 0 
0 14 17 18 24 0 0 
0 14 17 18 24 24 0 
0 14 17 18 24 24 26 
17 14 17 18 24 24 26 
17 14 17 18 24 24 26 
17 14 17 18 24 24 26 
17 14 17 18 24 24 26 
17 14 17 18 24 24 26 
17 14 17 18 24 24 26 
17 14 17 18 24 24 26 
17 14 17 18 24 24 26 
17 14 17 18 24 24 26 
17 14 17 18 24 24 26 
17 14 17 18 24 24 26 
17 14 17 18 24 24 26 
17 14 17 33 24 24 26 
17 14 17 33 24 24 26 
17 14 17 33 24 24 26 
17 14 17 33 24 24 26 
17 14 17 33 24 24 26 
17 14 17 33 24 24 39 
17 14 17 33 24 24 39 
17 14 17 33 24 24 39 
17 14 17 33 24 24 39 
17 14 17 33 46 24 39 
17 28 17 33 46 24 39 
17 28 17 33 46 24 39 
17 28 17 33 46 24 39 
26 28 17 33 46 24 39 
26 28 17 33 46 24 39 
26 28 34 33 46 24 39 
26 28 34 33 46 24 39 
26 28 34 33 46 24 39 
26 28 34 33 46 24 39 
26 28 34 33 46 24 39 
26 28 34 33 46 24 39 
26 28 34 33 46 24 50 
26 28 34 33 46 24 50 
26 28 34 52 46 24 50 
26 28 34 52 46 24 50 
26 54 34 52 46 24 50 
26 54 34 52 46 24 50 
56 54 34 52 46 24 50 
56 54 34 52 46 24 50 
56 54 34 52 46 24 50 
56 54 34 52 60 24 50 
56 54 34 52 60 35 50 
56 54 34 52 60 35 50 
56 54 34 52 60 35 50 
56 54 34 52 60 35 50 
56 54 34 52 60 35 50 
56 54 34 52 60 35 50 
56 54 34 52 60 35 50 
56 54 34 52 60 35 50 
56 54 34 52 60 35 50 
56 54 34 52 60 46 50 
56 54 34 52 60 46 50 
56 54 34 52 60 46 50 
56 54 34 52 60 46 50 
56 54 34 52 60 46 50 
56 54 34 70 60 46 50 
56 54 34 70 60 46 50 
56 54 52 70 60 46 50 
56 54 52 70 60 46 50 
56 54 52 70 60 46 50 
56 54 52 70 60 46 50 
56 54 52 70 60 46 50 
56 54 52 70 60 60 50 
56 54 52 70 60 60 50 
56 54 52 70 60 60 61 
56 54 52 70 60 60 61 
56 54 52 70 60 60 61 
56 54 52 70 60 60 61 
56 54 52 70 60 60 61 
56 54 52 70 60 60 61 
56 54 52 70 60 60 61 
67 54 52 70 60 60 61 
67 54 52 70 60 60 61 
67 54 52 70 60 60 61 
67 54 67 70 60 60 61 
67 54 67 70 60 60 61 
67 54 67 70 60 60 61 
67 54 67 70 71 60 61 
67 54 67 70 71 60 61 
67 66 67 70 71 60 61 
67 66 67 70 71 60 61 
67 66 67 70 71 60 61 
67 66 67 70 71 60 61 
67 66 67 70 71 60 61 
67 66 67 70 71 60 61 
67 66 67 70 71 60 61 
67 66 67 70 71 60 61 
67 66 67 70 71 60 61 
67 66 67 70 71 60 61 
67 66 67 70 71 60 61 
67 66 67 70 71 60 61 
67 66 67 70 71 60 61 
67 66 67 70 71 72 61 
67 66 67 70 71 72 61 
67 66 67 70 71 72 61 
67 66 82 70 71 72 61 
67 66 82 70 71 72 61 
67 66 82 83 71 72 61 
87 66 82 83 71 72 61 
87 66 82 83 71 72 61 
87 66 82 83 71 72 61 
87 66 82 83 71 72 61 
87 66 82 83 71 72 61 
87 66 82 83 71 72 61 
87 66 82 83 71 83 61 
87 66 82 83 71 83 74 
87 66 82 83 71 83 74 
87 66 82 83 71 83 74 
87 66 82 83 71 83 74 
87 66 82 83 71 83 90 
87 66 82 83 71 92 90 
87 66 82 83 82 92 90 
87 83 82 83 82 92 90 
87 83 82 83 82 92 90 
87 83 82 83 82 92 90 
87 83 82 83 82 92 90 
87 83 82 83 82 92 90 
87 83 82 83 82 92 90 
87 83 82 83 82 92 90 
87 83 82 83 82 92 90 
87 83 82 83 82 92 90 
87 83 82 83 82 92 90 
87 83 82 83 82 92 90 
87 83 82 83 82 92 90 
87 83 82 83 82 92 90 
87 83 82 83 82 92 90 
87 83 82 83 82 92 90 
87 83 82 83 82 92 90 
87 83 82 96 82 92 90 
87 83 82 96 82 92 90 
87 83 82 96 82 92 90 
87 83 97 96 82 92 90 
100 83 97 96 82 92 90 
100 83 97 96 82 92 90 
100 83 97 96 82 92 90 
100 101 97 96 82 92 90 
100 101 97 96 82 92 90 
100 101 97 96 82 92 90 
100 101 97 96 82 92 90 
100 101 97 96 82 92 90 
100 101 97 108 82 92 90 
110 101 97 108 82 92 90 
110 101 97 108 95 92 90 
110 101 97 108 95 101 90 
110 101 97 108 95 101 90 
110 101 97 108 95 101 90 
110 101 97 108 95 101 101 
110 101 97 108 95 101 101 
110 101 97 108 95 101 101 
110 101 97 108 95 101 101 
110 101 112 108 95 101 101 
110 101 112 108 95 112 101 
110 101 112 108 95 112 101 
110 101 112 108 95 112 101 
110 101 112 108 95 112 101 
110 101 112 108 95 112 101 
110 101 112 108 95 112 101 
110 101 112 108 95 112 101 
110 101 112 108 113 112 101 
110 101 112 108 113 112 101 
110 101 112 108 113 112 101 
110 101 112 108 113 112 101 
120 101 112 108 113 112 101 
120 101 112 120 113 112 101 
120 112 112 120 113 112 101 
120 112 112 120 113 112 101 
120 112 112 120 113 112 112 
120 112 112 120 113 112 112 
120 112 112 120 113 112 112 
120 112 112 120 113 112 112 
120 112 112 120 113 112 112 
120 112 112 120 113 123 112 
120 126 112 120 113 123 112 
120 126 112 120 113 123 112 
120 126 112 120 113 123 112 
120 126 127 120 113 123 112 
120 126 127 120 113 123 128 
130 126 127 120 113 123 128 
130 126 127 132 113 123 128 
130 126 127 132 113 132 128 
130 126 127 132 113 132 128 
141 126 127 132 113 132 128 
141 141 127 132 113 132 128 
141 141 127 144 113 132 128 
141 141 127 144 113 144 128 
141 141 146 144 113 144 128 
152 141 146 144 113 144 128 
152 141 146 144 130 144 128 
152 141 146 144 130 144 128 
152 141 146 144 130 144 128 
152 141 146 144 130 144 128 
152 141 146 144 130 155 128 
152 141 146 144 142 155 128 
152 141 146 144 142 155 128 
152 141 146 144 142 155 128 
152 141 146 144 142 155 144 
152 141 146 144 142 155 144 
152 141 146 144 142 155 144 
152 141 146 144 154 155 144 
152 141 146 144 154 155 144 
152 141 146 144 154 155 144 
152 154 146 144 154 155 144 
152 154 146 144 154 155 144 
152 154 146 144 154 155 157 
152 154 146 144 154 155 157 
152 154 146 144 154 155 157 
163 154 146 144 154 155 157 
163 154 166 144 154 155 157 
163 154 166 156 154 155 157 
163 154 166 156 154 155 157 
163 154 166 156 154 155 157 
163 154 166 156 154 155 157 
163 154 166 156 154 155 157 
163 154 166 156 154 164 157 
163 154 166 168 154 164 157 
163 168 166 168 154 164 157 
163 168 166 168 154 164 157 
163 168 166 168 154 164 157 
174 168 166 168 154 164 157 
174 168 166 168 166 164 157 
174 168 166 168 166 164 157 
174 168 166 168 166 164 157 
174 168 166 168 166 164 157 
174 168 166 168 166 164 157 
174 168 166 186 166 164 157 
174 168 166 186 166 164 181 
174 183 166 186 166 164 181 
184 183 166 186 166 164 181 
184 183 166 186 178 178 181 
184 183 166 186 178 178 181 
184 183 166 186 178 178 181 
184 183 166 186 196 178 181 
184 183 181 186 196 178 181 
184 183 181 186 196 178 181 
184 183 181 186 196 178 181 
184 183 181 186 196 178 181 
184 183 181 186 196 178 181 
184 183 181 186 196 178 181 
184 183 181 186 196 190 181 
194 183 181 186 196 190 181 
194 183 181 186 196 190 181 
194 183 181 186 196 190 181 
194 183 181 197 196 190 181 
194 183 181 197 196 202 181 
194 183 181 197 196 202 194 
194 183 196 197 196 202 194 
194 183 196 197 196 202 194 
194 183 196 197 196 202 194 
194 183 196 197 196 202 194 
194 183 196 197 196 202 194 
194 183 196 197 196 202 194 
194 183 196 197 218 202 194 
194 183 196 208 218 202 194 
194 209 196 208 218 202 194 
194 209 196 208 218 202 194 
194 209 196 208 218 202 194 
205 209 196 208 218 202 194 
205 209 196 208 218 202 194 
205 209 196 226 218 202 194 
205 209 212 226 218 202 194 
205 209 228 226 218 202 194 
205 222 228 226 218 202 204 
205 222 228 226 218 202 204 
216 222 228 226 218 202 204 
216 222 228 226 218 202 204 
216 222 228 226 218 202 227 
216 235 228 226 218 202 227 
216 235 228 226 218 228 227 
216 235 228 226 240 228 227 
243 235 228 226 240 228 227 
243 235 228 226 240 228 227 
243 235 228 226 259 228 227 
314.0 290.0 280.0 300.0 292.0 228.0 310.0 
;
EXECUTION TIME HBSS: 3915.42634416 seconds 

-------------------------------------------------------------------
