DATFILE : bwopen0_6r_500.dat
ENVIRONMENT : bwopen
ALGORITHM : HBSS - TAU 7
RANGE : 500
STARTING_POS : 0
N_ROBOTS : 6
GREEDY SOLUTION : [ 2274.]
COMPUTATIONS D :
2256
2148
2116
2088
2274
2268
2274
2274
2274
2274
2288
2274
2274
2242
2082
2274
2274
2274
2300
2274
2226
2410
2276
2218
2276
2274
2274
2710
2236
2274
2360
2244
2274
2296
2180
2274
2258
2274
2132
2282
2274
2250
2208
2330
2274
2274
2274
2274
2186
2274
2192
2132
2264
2274
2274
2242
2274
2274
2206
2274
2274
2274
2274
2256
2274
2254
2174
2274
2274
2274
2274
2148
2170
2274
2426
2274
2274
2274
2274
2274
2240
2166
2378
2276
2310
2182
2164
2132
2274
2274
2148
2338
2148
2282
2170
2270
2274
2274
2266
2274
2284
2274
2410
2270
2274
2274
2274
2274
2346
2254
2274
2274
2342
2274
2270
2326
2170
2274
2192
2274
2274
2274
2274
2294
2198
2274
2206
2154
2274
2266
2294
2192
2274
2274
2274
2396
2274
2326
2240
2238
2282
2274
2260
2188
2174
2244
2300
2348
2274
2274
2274
2188
2404
2078
2186
2274
2150
2210
2276
2132
2274
2274
2274
2274
2180
2274
2150
2282
2274
2274
2274
2274
2274
2274
2274
2132
2274
2378
2314
2314
2274
2328
2274
2274
2274
2274
2324
2274
2274
2274
2274
2274
2282
2282
2180
2254
2274
2274
2324
2274
;
HBBS sumD : 2078
BEST_CONFIGURATIONS : 
0 0 0 0 0 0 
0 4 0 0 0 0 
0 4 26 0 0 0 
0 4 26 1 0 0 
0 4 26 1 5 0 
0 4 26 1 5 22 
0 8 26 1 5 22 
4 8 26 1 5 22 
4 8 26 1 5 22 
4 8 26 1 5 22 
4 8 26 1 5 22 
4 8 26 1 5 22 
4 8 26 1 5 22 
4 8 26 1 5 22 
4 8 26 1 5 22 
4 8 26 1 5 22 
4 8 26 1 5 22 
8 8 26 1 5 22 
8 8 26 1 5 22 
8 8 26 1 5 22 
8 8 26 27 5 22 
8 8 26 27 5 22 
8 8 26 27 5 22 
8 8 26 27 5 22 
8 8 26 27 5 22 
13 8 26 27 5 22 
13 8 26 27 5 22 
13 8 4 27 5 22 
13 8 4 27 5 22 
13 8 4 27 5 22 
13 8 4 27 5 22 
13 8 4 27 5 22 
13 8 4 27 9 22 
13 8 4 27 9 22 
13 8 4 27 9 22 
13 8 4 27 9 22 
13 8 0 27 9 22 
17 8 0 27 9 22 
17 8 0 2 9 22 
17 25 0 2 9 22 
17 25 0 2 9 26 
17 25 0 2 9 26 
17 25 0 2 9 26 
17 25 0 2 9 26 
17 25 0 2 9 26 
17 25 0 2 9 5 
17 25 0 2 9 5 
17 25 0 2 9 5 
17 25 0 2 9 5 
17 25 0 2 9 5 
17 25 0 2 9 5 
17 25 0 2 9 5 
17 25 0 2 9 5 
17 25 0 2 9 5 
17 25 0 2 9 5 
17 25 0 2 10 5 
17 25 0 2 10 5 
13 25 0 2 10 5 
13 25 4 2 10 5 
13 25 4 2 10 5 
13 18 4 2 10 5 
13 18 4 2 10 5 
13 18 4 2 10 26 
13 18 4 2 10 26 
13 18 4 2 10 26 
13 18 8 2 10 26 
13 18 8 2 10 26 
13 18 8 2 15 26 
13 18 8 6 15 26 
13 18 8 6 15 26 
13 18 8 6 15 26 
13 18 8 6 15 4 
13 18 8 6 15 4 
13 18 8 6 15 4 
13 18 8 6 15 4 
13 18 8 6 15 4 
13 18 8 6 15 4 
17 18 8 6 15 4 
17 18 8 6 15 4 
17 18 8 6 15 4 
17 18 8 6 15 4 
17 18 8 6 15 4 
17 18 8 6 15 4 
17 14 8 6 15 4 
17 14 8 6 15 4 
17 14 8 6 15 4 
17 14 8 6 15 22 
17 14 8 6 15 22 
17 14 8 6 15 22 
17 14 8 6 15 22 
17 14 8 6 15 22 
17 14 8 6 15 22 
17 14 8 6 10 22 
17 14 8 6 10 22 
17 14 8 24 10 22 
17 14 8 24 10 22 
25 14 8 24 10 22 
25 14 8 24 10 22 
25 14 8 24 10 22 
25 14 8 24 10 22 
25 14 13 24 10 22 
25 14 13 24 10 22 
25 14 13 24 10 22 
25 14 13 24 10 26 
25 14 13 24 10 26 
25 14 13 24 10 26 
25 14 13 24 10 26 
25 14 13 24 10 26 
25 14 13 24 10 26 
25 14 13 24 10 26 
25 18 13 24 10 26 
25 18 13 24 10 26 
25 18 13 24 10 26 
25 18 17 24 10 26 
25 18 17 24 15 26 
25 18 17 24 15 26 
25 18 17 24 15 26 
25 18 17 24 15 5 
25 18 17 24 15 5 
25 18 17 6 15 5 
25 18 17 6 15 5 
14 18 17 6 15 5 
14 18 17 6 15 5 
14 14 17 6 15 5 
14 14 17 21 15 5 
14 14 17 21 15 5 
14 14 17 21 15 1 
14 14 17 21 15 1 
14 9 17 21 15 1 
14 9 17 21 19 1 
14 9 17 21 19 1 
14 9 17 21 19 1 
14 9 17 21 19 1 
14 9 13 21 19 1 
14 9 13 21 19 1 
14 9 13 21 19 1 
14 9 13 21 19 1 
14 9 13 21 19 1 
14 9 13 21 19 1 
10 9 13 21 19 1 
10 9 13 21 19 1 
10 9 25 21 19 1 
10 9 25 21 19 1 
10 9 25 21 19 1 
10 9 25 3 19 1 
10 9 25 3 19 1 
10 9 25 3 19 1 
10 9 25 3 19 1 
10 9 25 3 19 1 
10 9 25 3 19 1 
10 24 25 3 19 1 
10 24 18 3 19 1 
10 24 18 3 19 27 
15 24 18 3 19 27 
15 24 18 3 19 27 
15 24 18 3 19 27 
15 24 18 3 19 27 
15 24 18 3 20 27 
15 24 18 3 20 27 
15 24 18 3 20 27 
15 24 18 3 20 27 
15 24 18 3 20 27 
15 24 18 3 20 27 
15 24 18 3 20 27 
15 24 18 3 23 27 
15 24 18 21 23 27 
15 24 18 21 23 27 
15 24 18 21 23 27 
10 24 18 21 23 27 
10 24 18 21 23 27 
10 24 18 21 23 27 
10 24 14 21 23 27 
10 24 14 21 23 27 
10 6 14 21 23 27 
10 6 14 7 23 27 
10 6 14 7 23 27 
10 6 14 7 23 27 
10 6 14 7 23 27 
10 6 14 7 23 27 
10 6 14 7 23 9 
10 6 14 7 23 9 
10 6 14 7 23 9 
10 6 14 7 23 9 
10 6 14 7 23 9 
10 6 14 7 20 9 
10 6 14 7 20 9 
10 6 14 7 20 9 
10 6 14 7 20 9 
10 6 14 7 20 9 
10 6 15 7 20 9 
15 6 15 7 20 9 
15 6 15 21 20 9 
15 24 15 21 20 9 
15 24 15 21 20 9 
15 24 15 21 20 9 
15 24 15 21 20 9 
18 24 15 21 20 9 
18 24 15 21 16 9 
18 11 15 21 16 9 
18 11 15 21 16 11 
18 11 15 21 16 11 
18 11 15 21 16 11 
18 11 15 21 16 11 
18 11 10 21 16 11 
18 11 10 21 16 11 
18 11 10 3 16 11 
18 11 10 3 16 11 
18 11 10 3 16 11 
18 11 10 3 16 11 
18 11 10 3 12 11 
18 11 24 3 12 11 
18 11 24 3 12 11 
14 11 24 3 12 11 
14 11 24 3 12 11 
14 11 24 7 12 11 
14 6 24 7 12 11 
14 6 24 7 12 11 
14 6 24 7 12 11 
14 6 24 7 12 6 
14 6 24 7 12 6 
14 6 24 7 12 6 
14 6 24 7 16 6 
14 6 24 7 16 6 
14 6 24 7 16 6 
14 6 24 7 16 6 
14 6 2 7 16 6 
14 6 2 7 16 6 
14 6 2 7 16 21 
14 6 2 7 16 21 
14 6 2 3 16 21 
14 6 2 3 16 21 
14 6 2 3 16 21 
14 6 2 3 16 21 
15 6 2 3 12 21 
15 6 2 3 12 21 
15 24 2 3 12 21 
15 24 2 3 12 21 
15 24 2 3 12 7 
19 24 2 3 12 7 
19 11 2 3 12 7 
19 11 27 3 12 7 
19 11 27 3 12 7 
19 11 27 3 12 7 
19 11 27 3 16 7 
19 11 27 2 16 7 
19 11 27 2 16 7 
19 11 27 2 16 7 
19 11 27 2 16 12 
19 11 27 2 23 12 
19 11 27 2 23 12 
19 11 1 2 23 12 
19 11 1 2 23 12 
20 11 1 2 23 12 
20 11 1 2 23 12 
20 11 1 2 23 12 
20 11 1 2 23 12 
20 11 1 2 23 16 
20 11 1 2 16 16 
20 6 1 2 16 16 
20 6 1 27 16 16 
19 6 1 27 16 16 
19 6 0 27 16 16 
19 6 0 27 20 16 
19 24 0 27 20 16 
19 24 0 9 20 12 
19 24 4 9 20 12 
19 24 22 9 20 12 
19 24 22 5 20 12 
18 24 22 5 20 12 
25 24 22 5 20 12 
25 11 22 5 20 12 
25 11 22 5 20 12 
25 11 22 5 20 12 
25 11 26 5 20 12 
25 11 26 8 19 12 
25 27 26 8 19 12 
18 27 22 8 19 12 
18 27 22 8 19 9 
18 27 22 8 17 9 
18 27 22 13 17 9 
14 27 0 13 17 9 
0 0 0 0 0 0 
;
ROBOT MOVING BEST:
0 0 0 0 0 0 
1 1 0 0 0 0 
1 0 1 0 0 0 
1 0 0 1 0 0 
1 0 0 0 1 0 
1 0 0 0 0 1 
1 1 0 0 0 0 
1 0 1 0 0 0 
1 0 0 1 0 0 
0 0 1 1 0 0 
1 0 0 0 1 0 
1 0 0 0 0 1 
0 0 1 0 1 0 
0 0 1 0 0 1 
1 1 0 0 0 0 
0 0 0 1 1 0 
0 0 0 1 0 1 
1 0 1 0 0 0 
1 0 0 1 0 0 
0 0 0 0 1 1 
0 0 1 1 0 0 
1 0 0 0 1 0 
1 0 0 0 0 1 
0 0 0 1 1 0 
0 0 0 1 0 1 
1 0 1 0 0 0 
0 1 0 1 0 0 
0 0 1 1 0 0 
1 0 0 0 1 0 
1 0 0 0 0 1 
1 1 0 0 0 0 
1 0 1 0 0 0 
0 0 0 0 1 1 
1 0 0 1 0 0 
0 1 0 0 1 0 
0 0 1 0 1 0 
0 0 1 1 0 0 
1 0 0 0 0 1 
0 0 0 1 0 1 
0 1 0 0 0 1 
0 0 0 0 1 1 
1 0 0 0 0 1 
0 0 0 1 0 1 
0 0 1 0 1 0 
0 1 0 0 0 1 
0 0 0 0 1 1 
1 0 1 0 0 0 
0 0 1 1 0 0 
1 0 0 0 0 1 
0 1 1 0 0 0 
0 0 0 1 0 1 
1 0 0 0 1 0 
0 1 0 0 0 1 
0 0 0 1 1 0 
0 1 0 0 1 0 
0 0 1 0 1 0 
0 0 0 0 1 1 
1 0 1 0 0 0 
0 0 1 1 0 0 
0 1 1 0 0 0 
0 1 0 0 0 1 
0 0 0 1 1 0 
0 0 0 0 1 1 
0 0 1 0 1 0 
0 1 0 0 0 1 
0 0 1 1 0 0 
1 0 0 0 1 0 
0 0 0 1 1 0 
0 0 0 1 0 1 
0 0 0 0 1 1 
1 1 0 0 0 0 
0 1 0 0 0 1 
1 0 0 0 1 0 
0 0 0 1 0 1 
0 0 0 0 1 1 
0 1 1 0 0 0 
0 1 0 1 0 0 
1 0 0 0 0 1 
0 1 0 0 1 0 
0 0 1 1 0 0 
1 1 0 0 0 0 
0 0 1 0 1 0 
0 0 0 1 1 0 
0 1 0 0 0 1 
1 0 1 0 0 0 
1 0 0 0 1 0 
0 0 0 1 0 1 
0 0 0 0 1 1 
0 1 1 0 0 0 
0 1 0 1 0 0 
0 1 0 0 1 0 
1 1 0 0 0 0 
0 0 1 0 1 0 
0 0 0 1 1 0 
0 0 1 1 0 0 
0 1 0 0 0 1 
1 0 1 0 0 0 
0 0 0 0 1 1 
0 0 0 1 0 1 
0 1 0 0 1 0 
0 1 1 0 0 0 
0 1 0 1 0 0 
1 1 0 0 0 0 
0 1 0 0 0 1 
0 0 0 1 1 0 
0 0 1 1 0 0 
1 0 0 0 1 0 
1 0 1 0 0 0 
1 0 0 1 0 0 
0 0 0 1 0 1 
0 1 0 0 1 0 
0 1 0 1 0 0 
1 1 0 0 0 0 
0 0 1 0 1 0 
0 0 0 1 1 0 
0 0 1 1 0 0 
1 0 0 0 1 0 
0 0 0 1 0 1 
1 0 1 0 0 0 
1 0 0 1 0 0 
0 0 0 0 1 1 
1 1 0 0 0 0 
0 0 0 1 0 1 
0 1 0 0 0 1 
0 0 0 1 1 0 
0 0 0 1 0 1 
0 0 0 0 1 1 
0 1 0 1 0 0 
0 1 0 0 1 0 
0 0 1 0 1 0 
1 0 0 0 0 1 
1 1 0 0 0 0 
1 0 0 0 1 0 
0 0 1 0 0 1 
0 1 1 0 0 0 
0 0 1 0 1 0 
0 0 0 1 0 1 
0 1 0 1 0 0 
0 0 0 1 1 0 
1 0 0 1 0 0 
0 1 0 0 0 1 
0 0 1 0 0 1 
0 1 0 0 1 0 
1 0 0 0 0 1 
0 0 0 1 0 1 
0 0 1 0 1 0 
1 1 0 0 0 0 
0 1 0 1 0 0 
1 0 0 0 1 0 
1 0 0 1 0 0 
0 1 0 0 0 1 
0 0 1 0 0 1 
0 0 0 0 1 1 
1 0 0 0 1 0 
0 1 0 0 1 0 
0 0 1 0 1 0 
0 0 0 1 0 1 
0 0 0 1 1 0 
1 0 0 1 0 0 
0 1 0 1 0 0 
0 0 0 0 1 1 
1 0 0 0 0 1 
0 1 0 0 0 1 
0 0 1 0 0 1 
0 0 0 1 1 0 
0 0 0 1 0 1 
0 1 0 1 0 0 
1 0 0 0 1 0 
1 0 0 0 0 1 
0 1 0 0 1 0 
0 0 1 0 1 0 
0 0 1 0 0 1 
0 0 0 1 1 0 
0 1 0 0 0 1 
0 0 0 1 0 1 
1 0 0 0 1 0 
0 0 1 0 1 0 
0 1 0 0 1 0 
0 0 0 1 1 0 
0 0 0 0 1 1 
1 0 0 1 0 0 
0 1 0 1 0 0 
0 1 0 0 0 1 
0 0 0 1 0 1 
1 0 0 0 1 0 
0 0 1 0 1 0 
0 1 0 0 1 0 
0 0 0 1 1 0 
0 0 0 0 1 1 
1 0 1 0 0 0 
1 0 0 1 0 0 
0 1 0 1 0 0 
0 1 0 0 0 1 
1 0 0 0 1 0 
0 0 0 1 1 0 
0 1 0 0 1 0 
1 0 0 0 0 1 
0 0 0 0 1 1 
0 1 0 0 0 1 
0 0 1 0 0 1 
0 0 0 1 0 1 
0 0 1 0 1 0 
0 0 0 1 1 0 
0 0 1 0 0 1 
0 0 1 0 1 0 
0 0 0 1 0 1 
0 0 0 1 1 0 
1 0 0 0 0 1 
0 0 0 0 1 1 
0 0 1 0 1 0 
0 0 1 0 0 1 
0 0 0 1 1 0 
1 0 0 0 0 1 
0 0 0 0 1 1 
0 0 0 1 0 1 
0 1 0 0 0 1 
0 0 1 0 1 0 
0 0 1 1 0 0 
0 0 1 0 0 1 
0 0 0 1 1 0 
0 0 0 0 1 1 
0 0 1 0 1 0 
1 0 0 0 1 0 
0 0 0 1 1 0 
0 0 0 0 1 1 
1 0 1 0 0 0 
0 0 1 1 0 0 
0 0 0 1 0 1 
0 1 1 0 0 0 
0 1 0 1 0 0 
0 0 1 0 0 1 
0 0 1 1 0 0 
0 0 0 1 0 1 
1 0 0 0 1 0 
0 0 1 0 1 0 
0 1 1 0 0 0 
0 0 0 0 1 1 
0 0 0 1 0 1 
1 0 1 0 0 0 
0 1 1 0 0 0 
0 0 1 0 1 0 
1 0 0 0 1 0 
1 0 0 0 0 1 
1 0 0 0 1 0 
0 0 1 1 0 0 
0 1 1 0 0 0 
1 1 0 0 0 0 
0 0 0 0 1 1 
1 0 0 0 1 0 
0 1 0 0 1 0 
0 0 1 1 0 0 
0 0 0 0 1 1 
1 1 0 0 0 0 
0 1 1 0 0 0 
1 0 0 0 1 0 
1 0 0 0 0 1 
0 0 0 0 1 1 
1 0 0 0 1 0 
0 1 1 0 0 0 
0 0 1 1 0 0 
1 1 0 0 0 0 
0 1 1 0 0 0 
1 0 0 0 1 0 
0 1 1 0 0 0 
0 0 0 1 0 1 
0 1 1 0 0 0 
1 0 1 0 0 0 
1 0 0 1 0 0 
1 0 0 0 1 0 
1 0 0 0 1 0 
0 1 1 0 0 0 
1 1 0 0 0 0 
0 1 0 1 0 0 
0 1 1 0 0 0 
0 0 0 1 1 0 
1 1 0 0 0 0 
1 0 1 0 0 0 
0 1 0 0 0 1 
0 1 0 0 1 0 
0 0 0 1 1 0 
1 0 1 0 0 0 
1 1 0 1 1 1 
;
TIMETABLE BEST: 
0.0 0.0 0.0 0.0 0.0 0.0 
0 14 0 0 0 0 
0 14 17 0 0 0 
0 14 17 18 0 0 
0 14 17 18 24 0 
0 14 17 18 24 24 
0 28 17 18 24 24 
14 28 17 18 24 24 
14 28 17 18 24 24 
14 28 17 18 24 24 
14 28 17 18 24 24 
14 28 17 18 24 24 
14 28 17 18 24 24 
14 28 17 18 24 24 
14 28 17 18 24 24 
14 28 17 18 24 24 
14 28 17 18 24 24 
28 28 17 18 24 24 
28 28 17 18 24 24 
28 28 17 18 24 24 
28 28 17 33 24 24 
28 28 17 33 24 24 
28 28 17 33 24 24 
28 28 17 33 24 24 
28 28 17 33 24 24 
41 28 17 33 24 24 
41 28 17 33 24 24 
41 28 28 33 24 24 
41 28 28 33 24 24 
41 28 28 33 24 24 
41 28 28 33 24 24 
41 28 28 33 24 24 
41 28 28 33 46 24 
41 28 28 33 46 24 
41 28 28 33 46 24 
41 28 28 33 46 24 
41 28 42 33 46 24 
52 28 42 33 46 24 
52 28 42 52 46 24 
52 54 42 52 46 24 
52 54 42 52 46 35 
52 54 42 52 46 35 
52 54 42 52 46 35 
52 54 42 52 46 35 
52 54 42 52 46 35 
52 54 42 52 46 44 
52 54 42 52 46 44 
52 54 42 52 46 44 
52 54 42 52 46 44 
52 54 42 52 46 44 
52 54 42 52 46 44 
52 54 42 52 46 44 
52 54 42 52 46 44 
52 54 42 52 46 44 
52 54 42 52 46 44 
52 54 42 52 60 44 
52 54 42 52 60 44 
63 54 42 52 60 44 
63 54 56 52 60 44 
63 54 56 52 60 44 
63 67 56 52 60 44 
63 67 56 52 60 44 
63 67 56 52 60 53 
63 67 56 52 60 53 
63 67 56 52 60 53 
63 67 70 52 60 53 
63 67 70 52 60 53 
63 67 70 52 71 53 
63 67 70 70 71 53 
63 67 70 70 71 53 
63 67 70 70 71 53 
63 67 70 70 71 64 
63 67 70 70 71 64 
63 67 70 70 71 64 
63 67 70 70 71 64 
63 67 70 70 71 64 
63 67 70 70 71 64 
74 67 70 70 71 64 
74 67 70 70 71 64 
74 67 70 70 71 64 
74 67 70 70 71 64 
74 67 70 70 71 64 
74 67 70 70 71 64 
74 78 70 70 71 64 
74 78 70 70 71 64 
74 78 70 70 71 64 
74 78 70 70 71 76 
74 78 70 70 71 76 
74 78 70 70 71 76 
74 78 70 70 71 76 
74 78 70 70 71 76 
74 78 70 70 71 76 
74 78 70 70 82 76 
74 78 70 70 82 76 
74 78 70 83 82 76 
74 78 70 83 82 76 
86 78 70 83 82 76 
86 78 70 83 82 76 
86 78 70 83 82 76 
86 78 70 83 82 76 
86 78 83 83 82 76 
86 78 83 83 82 76 
86 78 83 83 82 76 
86 78 83 83 82 87 
86 78 83 83 82 87 
86 78 83 83 82 87 
86 78 83 83 82 87 
86 78 83 83 82 87 
86 78 83 83 82 87 
86 78 83 83 82 87 
86 89 83 83 82 87 
86 89 83 83 82 87 
86 89 83 83 82 87 
86 89 94 83 82 87 
86 89 94 83 93 87 
86 89 94 83 93 87 
86 89 94 83 93 87 
86 89 94 83 93 96 
86 89 94 83 93 96 
86 89 94 96 93 96 
86 89 94 96 93 96 
102 89 94 96 93 96 
102 89 94 96 93 96 
102 100 94 96 93 96 
102 100 94 108 93 96 
102 100 94 108 93 96 
102 100 94 108 93 114 
102 100 94 108 93 114 
102 116 94 108 93 114 
102 116 94 108 117 114 
102 116 94 108 117 114 
102 116 94 108 117 114 
102 116 94 108 117 114 
102 116 105 108 117 114 
102 116 105 108 117 114 
102 116 105 108 117 114 
102 116 105 108 117 114 
102 116 105 108 117 114 
102 116 105 108 117 114 
120 116 105 108 117 114 
120 116 105 108 117 114 
120 116 118 108 117 114 
120 116 118 108 117 114 
120 116 118 108 117 114 
120 116 118 120 117 114 
120 116 118 120 117 114 
120 116 118 120 117 114 
120 116 118 120 117 114 
120 116 118 120 117 114 
120 116 118 120 117 114 
120 131 118 120 117 114 
120 131 131 120 117 114 
120 131 131 120 117 129 
131 131 131 120 117 129 
131 131 131 120 117 129 
131 131 131 120 117 129 
131 131 131 120 117 129 
131 131 131 120 130 129 
131 131 131 120 130 129 
131 131 131 120 130 129 
131 131 131 120 130 129 
131 131 131 120 130 129 
131 131 131 120 130 129 
131 131 131 120 130 129 
131 131 131 120 140 129 
131 131 131 132 140 129 
131 131 131 132 140 129 
131 131 131 132 140 129 
142 131 131 132 140 129 
142 131 131 132 140 129 
142 131 131 132 140 129 
142 131 142 132 140 129 
142 131 142 132 140 129 
142 144 142 132 140 129 
142 144 142 144 140 129 
142 144 142 144 140 129 
142 144 142 144 140 129 
142 144 142 144 140 129 
142 144 142 144 140 129 
142 144 142 144 140 144 
142 144 142 144 140 144 
142 144 142 144 140 144 
142 144 142 144 140 144 
142 144 142 144 140 144 
142 144 142 144 150 144 
142 144 142 144 150 144 
142 144 142 144 150 144 
142 144 142 144 150 144 
142 144 142 144 150 144 
142 144 155 144 150 144 
153 144 155 144 150 144 
153 144 155 156 150 144 
153 157 155 156 150 144 
153 157 155 156 150 144 
153 157 155 156 150 144 
153 157 155 156 150 144 
171 157 155 156 150 144 
171 157 155 156 171 144 
171 175 155 156 171 144 
171 175 155 156 171 169 
171 175 155 156 171 169 
171 175 155 156 171 169 
171 175 155 156 171 169 
171 175 166 156 171 169 
171 175 166 156 171 169 
171 175 166 168 171 169 
171 175 166 168 171 169 
171 175 166 168 171 169 
171 175 166 168 171 169 
171 175 166 168 182 169 
171 175 179 168 182 169 
171 175 179 168 182 169 
182 175 179 168 182 169 
182 175 179 168 182 169 
182 175 179 184 182 169 
182 192 179 184 182 169 
182 192 179 184 182 169 
182 192 179 184 182 169 
182 192 179 184 182 186 
182 192 179 184 182 186 
182 192 179 184 182 186 
182 192 179 184 193 186 
182 192 179 184 193 186 
182 192 179 184 193 186 
182 192 179 184 193 186 
182 192 198 184 193 186 
182 192 198 184 193 186 
182 192 198 184 193 198 
182 192 198 184 193 198 
182 192 198 200 193 198 
182 192 198 200 193 198 
182 192 198 200 193 198 
182 192 198 200 193 198 
195 192 198 200 204 198 
195 192 198 200 204 198 
195 205 198 200 204 198 
195 205 198 200 204 198 
195 205 198 200 204 210 
219 205 198 200 204 210 
219 223 198 200 204 210 
219 223 217 200 204 210 
219 223 217 200 204 210 
219 223 217 200 204 210 
219 223 217 200 215 210 
219 223 217 222 215 210 
219 223 217 222 215 210 
219 223 217 222 215 210 
219 223 217 222 215 228 
219 223 217 222 226 228 
219 223 217 222 226 228 
219 223 232 222 226 228 
219 223 232 222 226 228 
232 223 232 222 226 228 
232 223 232 222 226 228 
232 223 232 222 226 228 
232 223 232 222 226 228 
232 223 232 222 226 239 
232 223 232 222 237 239 
232 240 232 222 237 239 
232 240 232 241 237 239 
245 240 232 241 237 239 
245 240 250 241 237 239 
245 240 250 241 258 239 
245 253 250 241 258 239 
245 253 250 256 258 250 
245 253 264 256 258 250 
245 253 276 256 258 250 
245 253 276 278 258 250 
265 253 276 278 258 250 
278 253 276 278 258 250 
278 271 276 278 258 250 
278 271 276 278 258 250 
278 271 276 278 258 250 
278 271 287 278 258 250 
278 271 287 302 271 250 
278 309 287 302 271 250 
291 309 298 302 271 250 
291 309 298 302 271 302 
291 309 298 302 306 302 
291 309 298 315 306 302 
302 309 322 315 306 302 
356.0 342.0 322.0 354.0 356.0 348.0 
;
EXECUTION TIME HBSS: 2842.62835789 seconds 

-------------------------------------------------------------------
