DATFILE : bwopen0_8r_500.dat
ENVIRONMENT : bwopen
ALGORITHM : HBSS - TAU 5
RANGE : 500
STARTING_POS : 0
N_ROBOTS : 8
GREEDY SOLUTION : [ 2124.]
COMPUTATIONS D :
2124
2246
2036
2096
2246
2130
2084
2050
2230
2026
2272
1974
2220
2260
2062
2186
2106
2226
2060
2178
2050
2172
2054
2204
2222
1928
2034
2012
2124
2124
2332
2124
2182
2136
2070
2168
2212
2054
2068
2120
2124
2240
1932
2032
2100
2080
2164
2166
2070
1940
2124
2136
2240
2010
1982
2240
2016
2214
2070
2112
1964
2106
2372
2000
2248
2258
2136
2124
2034
2124
2058
2194
2310
1990
2230
2076
2054
1920
2056
2172
2174
2124
2026
2056
2000
2282
2160
2132
2240
2034
1908
2210
2020
2170
2310
2168
2070
2140
2152
2136
2132
1920
2126
2062
2312
2092
2032
1914
2240
2016
2114
2186
2038
2110
2276
2056
2116
2106
2246
2116
2064
2180
2060
1996
2128
2070
2118
2040
2166
2166
2048
2158
2100
2186
2086
2112
2062
2248
2070
1958
2124
1958
2124
2350
2170
2062
2166
2134
1972
1970
2124
2088
1988
1918
2124
2066
2026
2016
1908
2210
2088
2092
2176
2080
2014
1954
2010
2212
2124
2110
2092
2254
2040
2078
2046
2106
2130
2110
2114
2004
1978
2026
2274
2054
2176
2136
1984
2074
2096
2136
2046
2014
2328
2082
2064
2090
2212
2252
2022
2030
;
HBBS sumD : 1908
BEST_CONFIGURATIONS : 
0 0 0 0 0 0 0 0 
0 4 0 0 0 0 0 0 
0 4 26 0 0 0 0 0 
0 4 26 1 0 0 0 0 
0 4 26 1 5 0 0 0 
0 4 26 1 5 22 0 0 
0 4 26 1 5 22 8 0 
26 4 26 1 5 22 8 0 
26 4 26 1 5 22 8 0 
26 4 26 27 5 22 8 0 
26 4 26 27 5 22 8 1 
26 4 26 27 5 22 8 1 
26 4 26 27 5 22 8 1 
26 4 26 27 5 22 8 1 
26 4 26 27 5 22 8 1 
26 4 26 27 5 22 8 1 
26 4 26 27 5 22 8 1 
26 4 26 27 5 22 8 1 
26 4 26 27 5 22 8 1 
26 4 26 27 5 22 8 1 
26 4 26 27 5 22 8 1 
26 4 26 27 5 22 8 1 
26 4 26 27 5 22 8 1 
26 4 26 27 5 22 8 1 
26 4 26 27 5 22 8 1 
26 4 26 27 5 22 8 1 
26 4 26 27 5 22 8 2 
26 4 26 27 5 22 13 2 
26 4 26 27 5 22 13 2 
26 4 26 27 5 22 13 2 
26 4 26 27 5 22 13 2 
26 4 26 27 5 22 13 2 
26 4 26 27 9 22 13 2 
26 8 26 27 9 22 13 2 
26 8 26 27 9 22 13 2 
26 8 26 27 9 22 13 2 
26 8 26 27 9 22 13 2 
5 8 26 27 9 22 13 2 
5 8 26 27 9 22 13 2 
5 8 26 27 9 22 13 2 
5 8 26 27 9 22 13 2 
5 8 26 27 9 22 17 2 
5 8 26 27 9 22 17 2 
5 25 26 27 9 22 17 2 
5 25 26 27 9 22 17 2 
5 25 26 27 9 22 17 2 
5 25 0 27 9 22 17 2 
5 25 0 27 9 22 17 2 
5 25 0 27 9 22 17 2 
5 25 0 27 9 13 17 2 
5 25 0 27 9 13 17 2 
5 25 0 27 9 13 17 2 
5 25 0 27 9 13 17 2 
5 25 0 27 9 13 17 2 
1 25 0 27 9 13 17 2 
1 25 0 27 9 13 17 2 
1 25 0 27 9 13 17 2 
1 25 0 27 9 13 17 2 
1 25 0 27 9 13 17 2 
1 25 0 27 9 13 17 2 
1 25 0 27 9 13 17 2 
1 25 0 27 9 13 17 6 
1 25 0 27 9 13 17 6 
1 25 0 27 9 13 17 6 
1 25 0 27 9 13 17 6 
1 25 0 24 9 13 17 6 
1 25 0 24 9 13 17 6 
1 25 0 24 14 13 17 6 
1 25 0 24 14 13 17 6 
1 25 0 24 14 13 17 6 
1 25 4 24 14 13 17 6 
1 25 4 24 14 13 17 6 
1 25 4 24 14 13 17 6 
1 25 4 24 14 13 17 6 
1 25 4 24 14 13 17 6 
1 25 4 24 14 13 17 6 
1 25 4 24 14 13 17 6 
1 25 4 24 14 13 17 6 
1 25 4 24 14 13 17 6 
1 25 4 24 14 8 17 6 
1 25 4 24 14 8 17 6 
1 25 4 24 14 8 17 6 
1 25 4 24 14 8 17 6 
1 25 4 24 14 8 17 6 
1 25 4 24 14 8 17 6 
1 18 4 24 14 8 17 6 
1 18 4 24 14 8 17 21 
1 18 4 24 14 8 17 21 
1 18 4 24 14 8 17 21 
1 18 4 24 14 8 17 21 
1 18 4 10 14 8 17 21 
1 18 4 10 14 8 17 21 
1 18 4 10 14 8 17 21 
1 18 4 10 15 8 17 21 
9 18 4 10 15 8 17 21 
9 18 4 10 15 8 17 21 
9 18 22 10 15 8 25 21 
9 18 22 10 15 8 25 21 
9 18 22 10 15 8 25 21 
9 18 22 10 15 8 25 21 
9 18 22 10 15 8 25 21 
9 18 22 10 15 8 25 21 
9 18 22 10 15 8 25 21 
9 18 22 10 15 8 25 21 
9 18 22 10 15 8 25 21 
9 18 22 10 15 8 25 21 
9 18 22 10 15 8 25 21 
9 18 22 10 15 13 25 21 
9 18 22 10 15 13 25 21 
9 14 22 10 15 13 25 21 
9 14 22 10 15 13 25 21 
9 14 22 10 15 13 25 21 
9 14 5 10 15 13 25 21 
9 14 5 10 15 13 25 21 
9 14 5 10 15 13 25 21 
9 14 5 10 15 13 25 21 
9 14 5 10 15 13 25 21 
9 14 5 10 15 13 25 21 
9 14 5 10 15 13 25 21 
9 14 5 10 15 13 25 21 
9 14 5 10 15 13 17 21 
9 14 5 10 15 13 17 21 
9 14 5 10 15 13 17 21 
9 14 5 10 15 13 17 21 
9 14 5 10 15 13 17 21 
9 14 5 10 15 13 17 21 
9 14 5 10 15 13 17 21 
9 14 5 10 15 13 17 21 
9 14 5 10 15 13 17 3 
9 14 5 10 15 13 17 3 
9 14 5 10 15 13 17 3 
9 14 26 10 15 13 17 3 
9 14 26 10 15 13 17 3 
9 14 26 10 15 13 17 3 
9 14 26 24 15 13 17 3 
9 14 26 24 15 13 17 3 
9 14 26 24 15 13 17 3 
9 18 26 24 15 13 17 3 
27 18 26 24 15 13 17 3 
27 18 26 24 15 13 17 3 
27 18 26 24 15 13 17 3 
27 18 26 24 15 13 17 3 
27 18 26 24 15 13 17 3 
27 18 4 24 15 13 17 3 
27 18 4 24 15 25 17 3 
27 18 4 24 10 25 17 3 
27 18 4 24 10 25 17 3 
27 18 4 24 10 25 17 3 
27 18 4 24 10 25 17 3 
27 18 4 24 10 25 17 3 
27 18 4 24 10 25 17 3 
27 18 4 24 10 25 17 21 
27 18 4 24 10 25 17 21 
27 19 4 24 10 25 17 21 
27 19 4 24 10 14 17 21 
27 19 4 6 10 14 17 21 
27 19 4 6 10 14 17 21 
27 19 4 6 10 14 18 21 
27 19 4 6 10 14 18 21 
27 19 4 6 10 14 18 21 
27 19 4 6 10 14 18 7 
27 19 4 6 10 14 18 7 
2 19 4 6 10 14 18 7 
2 19 0 6 10 14 18 7 
2 19 0 6 10 14 18 7 
2 19 0 6 15 14 18 7 
2 19 0 6 15 14 18 7 
2 19 0 6 15 14 18 7 
2 19 0 6 15 14 18 7 
2 19 0 6 15 14 18 7 
2 19 0 6 15 14 18 7 
2 19 0 6 15 14 18 7 
2 19 0 6 15 14 18 7 
2 19 0 6 15 14 18 7 
2 19 0 11 15 14 18 7 
2 19 0 11 15 14 18 7 
2 19 0 11 15 14 18 7 
2 19 0 11 15 14 18 7 
2 20 0 11 15 14 18 7 
2 20 0 11 15 14 18 7 
2 20 26 11 15 14 18 7 
2 20 26 11 15 14 19 7 
2 20 26 11 15 14 19 7 
2 20 26 11 15 9 19 7 
2 20 26 11 15 9 19 7 
2 20 26 11 15 9 19 7 
2 20 26 11 15 9 19 12 
2 20 26 11 10 9 19 12 
2 20 26 11 10 9 19 12 
2 20 26 11 10 9 19 12 
2 20 26 11 10 9 19 12 
2 20 26 11 24 9 19 12 
2 20 26 11 24 9 19 12 
2 20 26 11 24 9 19 12 
2 20 26 11 24 9 19 12 
2 20 26 11 24 9 19 12 
2 20 26 11 24 9 19 12 
6 20 26 11 24 9 19 12 
6 20 26 11 24 9 19 12 
6 20 26 11 24 9 19 12 
6 20 26 11 24 9 19 12 
6 20 26 11 24 9 19 12 
6 20 26 11 24 9 19 12 
6 20 26 11 24 9 19 12 
6 20 26 11 24 9 19 12 
6 20 26 11 24 9 19 12 
6 20 26 11 24 27 19 12 
6 20 26 11 24 27 19 12 
6 23 26 11 24 27 19 12 
6 23 5 11 24 27 19 12 
6 23 5 11 24 27 19 12 
6 23 5 11 24 27 19 12 
6 23 5 11 24 27 19 16 
6 23 5 21 24 27 19 16 
6 23 5 21 24 27 19 16 
6 23 5 21 24 27 20 16 
6 23 5 21 24 27 20 16 
6 23 5 21 24 27 20 16 
6 23 5 21 24 27 20 16 
6 23 5 21 24 27 20 16 
6 23 5 21 24 27 20 16 
6 23 5 21 24 27 20 16 
6 23 5 21 24 27 20 16 
6 23 5 21 24 27 20 16 
6 23 5 21 24 27 20 16 
6 23 5 21 24 27 20 16 
6 23 5 21 10 27 20 16 
6 23 26 21 10 27 20 16 
6 23 26 21 10 27 20 16 
6 23 26 21 10 27 20 16 
6 23 26 21 10 27 20 16 
6 23 26 21 10 27 20 16 
6 23 26 21 10 27 20 16 
7 23 26 21 10 27 20 16 
7 23 26 21 10 27 20 12 
7 23 26 3 10 27 20 12 
7 23 26 3 10 27 20 12 
7 23 26 3 10 27 20 12 
7 23 26 3 10 9 20 12 
7 23 26 3 10 9 20 12 
7 23 26 3 14 9 20 12 
7 23 26 3 14 9 20 12 
7 23 26 3 14 9 20 12 
7 16 26 3 14 9 20 12 
7 16 26 3 14 9 20 12 
7 16 26 3 14 9 20 12 
7 16 26 3 14 9 20 12 
7 16 26 3 14 9 20 12 
7 16 22 3 14 9 19 12 
7 16 22 3 14 9 19 12 
7 16 22 3 14 9 19 12 
7 16 22 3 14 9 19 12 
21 16 22 3 14 9 19 12 
21 16 8 3 14 9 19 12 
21 16 8 3 14 9 19 12 
21 16 8 3 14 10 19 12 
21 16 8 3 14 10 15 12 
6 16 8 3 14 10 15 12 
6 16 8 3 14 10 15 12 
6 16 8 3 14 10 15 11 
6 23 8 3 14 10 15 11 
6 23 8 3 18 10 15 11 
6 23 8 3 18 10 15 11 
6 23 8 3 18 10 15 11 
6 23 8 21 18 10 15 11 
6 23 8 21 18 10 15 11 
6 20 8 21 25 10 15 11 
6 20 8 7 25 24 15 11 
6 20 22 7 25 24 15 11 
6 20 22 7 25 24 15 11 
6 20 22 7 25 24 15 11 
6 20 22 7 25 24 15 11 
21 20 22 7 25 24 15 11 
21 19 22 7 25 24 15 11 
21 19 22 7 13 24 15 11 
21 19 5 7 13 24 15 11 
21 19 5 7 13 24 18 11 
21 19 5 7 13 2 18 11 
21 19 5 3 13 2 18 11 
21 19 1 3 13 2 18 11 
21 19 1 3 13 2 18 11 
0 0 0 0 0 0 0 0 
;
ROBOT MOVING BEST:
0 0 0 0 0 0 0 0 
1 1 0 0 0 0 0 0 
1 0 1 0 0 0 0 0 
1 0 0 1 0 0 0 0 
1 0 0 0 1 0 0 0 
1 0 0 0 0 1 0 0 
1 0 0 0 0 0 1 0 
1 1 0 0 0 0 0 0 
0 1 0 1 0 0 0 0 
0 0 0 1 0 0 0 1 
1 0 0 0 0 0 0 1 
0 1 0 0 1 0 0 0 
0 1 0 0 0 1 0 0 
0 1 0 0 0 0 1 0 
1 0 0 0 1 0 0 0 
1 0 0 0 0 1 0 0 
0 0 0 0 1 0 0 1 
0 0 0 0 0 1 0 1 
1 0 0 0 0 0 1 0 
0 0 0 0 0 0 1 1 
0 1 0 1 0 0 0 0 
0 0 0 0 1 1 0 0 
1 0 0 1 0 0 0 0 
0 0 0 0 1 0 1 0 
0 0 0 0 0 1 1 0 
0 0 0 1 0 0 0 1 
0 1 0 0 0 0 0 1 
0 1 0 0 0 0 1 0 
1 0 0 0 0 0 0 1 
1 0 0 0 0 0 1 0 
0 0 0 1 1 0 0 0 
0 0 0 1 0 1 0 0 
0 1 0 0 1 0 0 0 
0 1 0 1 0 0 0 0 
0 0 0 0 0 1 0 1 
1 0 0 0 1 0 0 0 
0 0 0 0 0 1 1 0 
1 0 0 0 0 0 0 1 
1 0 0 0 0 0 1 0 
0 1 0 0 0 0 0 1 
0 1 0 0 0 0 1 0 
0 0 1 0 0 0 1 0 
0 0 0 0 1 1 0 0 
0 1 1 0 0 0 0 0 
0 0 0 1 0 0 0 1 
1 0 0 0 1 0 0 0 
0 0 1 0 0 0 0 1 
0 0 0 0 0 1 1 0 
1 0 0 0 0 0 1 0 
0 0 0 1 0 1 0 0 
0 0 1 0 0 1 0 0 
0 0 0 1 1 0 0 0 
1 1 0 0 0 0 0 0 
0 0 1 0 1 0 0 0 
1 0 0 0 0 0 0 1 
0 0 0 1 0 0 1 0 
0 0 1 0 0 0 1 0 
0 0 0 0 1 0 0 1 
1 0 0 0 0 1 0 0 
0 1 0 1 0 0 0 0 
0 1 1 0 0 0 0 0 
0 0 0 1 0 0 0 1 
0 0 0 0 1 1 0 0 
1 0 0 0 1 0 0 0 
0 0 1 0 0 0 0 1 
0 0 1 1 0 0 0 0 
0 0 0 0 0 1 1 0 
0 0 1 0 1 0 0 0 
0 1 0 0 0 1 0 0 
1 1 0 0 0 0 0 0 
0 0 1 0 0 0 1 0 
1 0 0 0 0 0 0 1 
0 1 1 0 0 0 0 0 
0 0 0 1 0 1 0 0 
1 0 0 1 0 0 0 0 
0 1 0 0 0 0 1 0 
0 0 1 0 0 0 0 1 
0 0 0 0 1 1 0 0 
1 0 0 0 1 0 0 0 
0 0 0 0 0 1 1 0 
0 0 1 1 0 0 0 0 
0 0 0 1 0 0 1 0 
0 1 0 0 0 1 0 0 
0 1 0 0 0 0 0 1 
0 0 1 0 1 0 0 0 
1 1 0 0 0 0 0 0 
1 0 0 0 0 0 0 1 
0 0 0 0 1 0 1 0 
0 1 1 0 0 0 0 0 
0 0 0 1 0 1 0 0 
1 0 0 1 0 0 0 0 
0 0 0 0 1 1 0 0 
0 1 0 0 0 0 1 0 
1 0 0 0 1 0 0 0 
1 0 0 0 0 0 1 0 
0 0 1 1 0 0 0 0 
0 0 1 0 0 0 1 0 
1 0 0 0 0 1 0 0 
0 1 0 0 0 1 0 0 
0 1 1 0 0 0 0 0 
0 0 0 1 0 1 0 0 
0 1 0 0 0 0 1 0 
0 0 0 0 1 1 0 0 
1 0 0 0 0 0 1 0 
0 0 1 1 0 0 0 0 
0 0 0 1 0 0 1 0 
0 0 1 0 1 0 0 0 
0 1 0 0 0 1 0 0 
0 0 0 0 1 0 1 0 
0 1 1 0 0 0 0 0 
1 0 0 0 0 0 0 1 
0 1 0 0 0 0 1 0 
0 0 1 0 0 0 0 1 
0 0 0 1 0 0 0 1 
0 0 0 0 1 1 0 0 
0 0 0 1 0 1 0 0 
0 0 0 0 1 0 0 1 
1 0 0 1 0 0 0 0 
0 1 0 0 0 0 0 1 
0 0 1 1 0 0 0 0 
0 0 0 1 0 0 1 0 
1 0 0 0 1 0 0 0 
0 0 1 0 1 0 0 0 
0 0 0 1 1 0 0 0 
0 0 0 0 1 0 1 0 
1 1 0 0 0 0 0 0 
0 1 1 0 0 0 0 0 
0 1 0 1 0 0 0 0 
1 0 0 0 0 0 0 1 
0 0 0 1 0 0 0 1 
0 1 0 0 1 0 0 0 
0 0 1 1 0 0 0 0 
0 0 0 0 1 0 0 1 
0 0 1 0 1 0 0 0 
1 0 0 1 0 0 0 0 
0 1 1 0 0 0 0 0 
0 0 0 1 1 0 0 0 
1 1 0 0 0 0 0 0 
1 0 0 0 1 0 0 0 
0 1 0 0 1 0 0 0 
0 0 0 1 0 0 0 1 
0 0 1 1 0 0 0 0 
1 0 0 0 0 0 0 1 
0 0 1 0 1 0 0 0 
0 0 0 1 0 1 0 0 
0 0 0 1 1 0 0 0 
1 0 0 1 0 0 0 0 
1 0 0 0 1 0 0 0 
0 1 0 1 0 0 0 0 
0 1 0 0 1 0 0 0 
1 1 0 0 0 0 0 0 
0 0 0 1 0 0 0 1 
1 0 0 0 0 0 0 1 
0 1 0 0 0 0 1 0 
0 0 0 1 0 1 0 0 
0 0 0 1 1 0 0 0 
1 0 0 0 0 1 0 0 
0 0 0 1 0 0 1 0 
0 0 0 0 0 1 1 0 
0 0 0 1 0 0 0 1 
0 0 0 0 1 0 0 1 
1 0 0 0 0 0 0 1 
1 0 0 0 1 0 0 0 
0 0 1 0 1 0 0 0 
0 1 0 0 1 0 0 0 
0 0 0 1 1 0 0 0 
0 0 0 1 0 1 0 0 
0 1 0 0 0 0 1 0 
0 0 0 0 1 0 0 1 
0 0 0 1 0 0 0 1 
1 0 0 0 1 0 0 0 
1 0 0 1 0 0 0 0 
1 0 0 0 0 1 0 0 
0 1 0 0 1 0 0 0 
0 0 0 1 0 0 1 0 
0 1 0 0 0 1 0 0 
1 0 0 0 0 0 0 1 
0 0 0 1 1 0 0 0 
0 1 0 0 0 0 1 0 
0 0 0 1 0 1 0 0 
0 0 1 0 0 0 1 0 
0 0 0 0 0 0 1 1 
1 0 0 0 0 0 1 0 
0 0 0 0 0 1 0 1 
0 1 0 0 1 0 0 0 
0 0 0 1 0 0 0 1 
0 0 0 0 1 0 0 1 
0 0 0 1 1 0 0 0 
1 0 0 1 0 0 0 0 
0 0 0 0 0 1 1 0 
0 0 0 1 0 0 1 0 
1 0 0 0 1 0 0 0 
1 0 0 0 0 0 0 1 
0 0 0 1 0 1 0 0 
0 0 0 0 1 0 1 0 
0 1 0 0 0 0 1 0 
0 0 0 0 0 0 1 1 
1 0 0 0 0 0 1 0 
0 1 0 0 0 1 0 0 
0 0 0 1 1 0 0 0 
0 0 0 0 0 1 0 1 
0 1 0 1 0 0 0 0 
0 0 0 1 0 0 0 1 
1 0 0 0 0 1 0 0 
0 0 1 1 0 0 0 0 
1 0 0 1 0 0 0 0 
0 0 0 0 0 1 1 0 
0 1 0 0 1 0 0 0 
0 1 0 0 0 0 1 0 
0 0 1 0 0 0 1 0 
0 0 0 0 1 0 0 1 
0 0 0 1 0 1 0 0 
0 0 0 0 0 0 1 1 
0 0 0 1 0 0 1 0 
1 0 0 0 1 0 0 0 
1 0 0 0 0 0 1 0 
0 1 0 0 1 0 0 0 
0 0 1 0 1 0 0 0 
0 0 0 0 0 1 1 0 
0 0 0 0 1 0 0 1 
1 1 0 0 0 0 0 0 
1 0 1 0 0 0 0 0 
0 1 0 0 0 0 1 0 
1 0 0 0 0 0 0 1 
0 0 0 0 0 0 1 1 
0 0 0 1 0 0 1 0 
0 0 0 0 1 0 1 0 
1 0 1 0 0 0 0 0 
0 1 0 0 0 0 0 1 
0 1 0 1 0 0 0 0 
0 1 0 0 1 0 0 0 
0 0 0 1 0 0 0 1 
0 0 0 0 1 0 0 1 
1 0 0 0 0 0 1 0 
0 0 0 0 0 0 1 1 
0 0 0 1 0 0 1 0 
0 0 0 0 0 1 0 1 
1 1 0 0 0 0 0 0 
0 1 0 0 0 1 0 0 
0 1 0 0 0 0 0 1 
0 0 0 0 1 0 1 0 
0 1 0 1 0 0 0 0 
0 1 0 0 1 0 0 0 
1 1 0 0 0 0 0 0 
0 1 0 0 0 1 0 0 
0 1 0 0 0 0 0 1 
1 0 0 0 0 0 0 1 
0 1 0 1 0 0 0 0 
0 0 1 0 0 0 1 0 
1 0 0 1 0 0 0 0 
0 0 0 1 0 0 0 1 
0 1 0 0 1 0 0 0 
1 0 0 0 0 0 0 1 
0 0 1 0 0 0 1 0 
1 0 0 1 0 0 0 0 
0 0 0 0 0 1 0 1 
0 1 0 0 0 0 1 0 
1 0 0 0 0 0 0 1 
1 0 0 1 0 0 0 0 
0 1 0 0 0 0 0 1 
0 1 0 0 0 0 1 0 
0 1 0 0 1 0 0 0 
0 0 0 1 0 0 0 1 
0 1 0 0 0 0 0 1 
0 0 0 1 0 0 0 1 
1 0 1 0 0 0 0 0 
0 1 0 0 1 0 0 0 
0 0 0 1 0 1 0 0 
1 0 1 0 0 0 0 0 
0 0 1 0 0 1 0 0 
0 0 1 0 0 0 0 1 
0 0 0 0 1 0 0 1 
1 0 0 1 0 0 0 0 
0 1 0 0 1 0 0 0 
0 1 0 0 1 0 0 0 
0 0 1 0 0 0 0 1 
0 0 1 0 0 0 1 0 
1 0 0 0 0 1 0 0 
0 0 0 1 0 1 0 0 
0 0 1 0 0 0 0 1 
0 0 1 1 0 0 0 0 
1 1 1 1 1 1 1 1 
;
TIMETABLE BEST: 
0.0 0.0 0.0 0.0 0.0 0.0 0.0 0.0 
0 14 0 0 0 0 0 0 
0 14 17 0 0 0 0 0 
0 14 17 18 0 0 0 0 
0 14 17 18 24 0 0 0 
0 14 17 18 24 24 0 0 
0 14 17 18 24 24 26 0 
17 14 17 18 24 24 26 0 
17 14 17 18 24 24 26 0 
17 14 17 33 24 24 26 0 
17 14 17 33 24 24 26 18 
17 14 17 33 24 24 26 18 
17 14 17 33 24 24 26 18 
17 14 17 33 24 24 26 18 
17 14 17 33 24 24 26 18 
17 14 17 33 24 24 26 18 
17 14 17 33 24 24 26 18 
17 14 17 33 24 24 26 18 
17 14 17 33 24 24 26 18 
17 14 17 33 24 24 26 18 
17 14 17 33 24 24 26 18 
17 14 17 33 24 24 26 18 
17 14 17 33 24 24 26 18 
17 14 17 33 24 24 26 18 
17 14 17 33 24 24 26 18 
17 14 17 33 24 24 26 18 
17 14 17 33 24 24 26 38 
17 14 17 33 24 24 39 38 
17 14 17 33 24 24 39 38 
17 14 17 33 24 24 39 38 
17 14 17 33 24 24 39 38 
17 14 17 33 24 24 39 38 
17 14 17 33 46 24 39 38 
17 28 17 33 46 24 39 38 
17 28 17 33 46 24 39 38 
17 28 17 33 46 24 39 38 
17 28 17 33 46 24 39 38 
26 28 17 33 46 24 39 38 
26 28 17 33 46 24 39 38 
26 28 17 33 46 24 39 38 
26 28 17 33 46 24 39 38 
26 28 17 33 46 24 50 38 
26 28 17 33 46 24 50 38 
26 54 17 33 46 24 50 38 
26 54 17 33 46 24 50 38 
26 54 17 33 46 24 50 38 
26 54 34 33 46 24 50 38 
26 54 34 33 46 24 50 38 
26 54 34 33 46 24 50 38 
26 54 34 33 46 43 50 38 
26 54 34 33 46 43 50 38 
26 54 34 33 46 43 50 38 
26 54 34 33 46 43 50 38 
26 54 34 33 46 43 50 38 
44 54 34 33 46 43 50 38 
44 54 34 33 46 43 50 38 
44 54 34 33 46 43 50 38 
44 54 34 33 46 43 50 38 
44 54 34 33 46 43 50 38 
44 54 34 33 46 43 50 38 
44 54 34 33 46 43 50 38 
44 54 34 33 46 43 50 56 
44 54 34 33 46 43 50 56 
44 54 34 33 46 43 50 56 
44 54 34 33 46 43 50 56 
44 54 34 59 46 43 50 56 
44 54 34 59 46 43 50 56 
44 54 34 59 62 43 50 56 
44 54 34 59 62 43 50 56 
44 54 34 59 62 43 50 56 
44 54 48 59 62 43 50 56 
44 54 48 59 62 43 50 56 
44 54 48 59 62 43 50 56 
44 54 48 59 62 43 50 56 
44 54 48 59 62 43 50 56 
44 54 48 59 62 43 50 56 
44 54 48 59 62 43 50 56 
44 54 48 59 62 43 50 56 
44 54 48 59 62 43 50 56 
44 54 48 59 62 56 50 56 
44 54 48 59 62 56 50 56 
44 54 48 59 62 56 50 56 
44 54 48 59 62 56 50 56 
44 54 48 59 62 56 50 56 
44 54 48 59 62 56 50 56 
44 67 48 59 62 56 50 56 
44 67 48 59 62 56 50 68 
44 67 48 59 62 56 50 68 
44 67 48 59 62 56 50 68 
44 67 48 59 62 56 50 68 
44 67 48 72 62 56 50 68 
44 67 48 72 62 56 50 68 
44 67 48 72 62 56 50 68 
44 67 48 72 75 56 50 68 
72 67 48 72 75 56 50 68 
72 67 48 72 75 56 50 68 
72 67 60 72 75 56 62 68 
72 67 60 72 75 56 62 68 
72 67 60 72 75 56 62 68 
72 67 60 72 75 56 62 68 
72 67 60 72 75 56 62 68 
72 67 60 72 75 56 62 68 
72 67 60 72 75 56 62 68 
72 67 60 72 75 56 62 68 
72 67 60 72 75 56 62 68 
72 67 60 72 75 56 62 68 
72 67 60 72 75 56 62 68 
72 67 60 72 75 69 62 68 
72 67 60 72 75 69 62 68 
72 78 60 72 75 69 62 68 
72 78 60 72 75 69 62 68 
72 78 60 72 75 69 62 68 
72 78 72 72 75 69 62 68 
72 78 72 72 75 69 62 68 
72 78 72 72 75 69 62 68 
72 78 72 72 75 69 62 68 
72 78 72 72 75 69 62 68 
72 78 72 72 75 69 62 68 
72 78 72 72 75 69 62 68 
72 78 72 72 75 69 62 68 
72 78 72 72 75 69 74 68 
72 78 72 72 75 69 74 68 
72 78 72 72 75 69 74 68 
72 78 72 72 75 69 74 68 
72 78 72 72 75 69 74 68 
72 78 72 72 75 69 74 68 
72 78 72 72 75 69 74 68 
72 78 72 72 75 69 74 68 
72 78 72 72 75 69 74 80 
72 78 72 72 75 69 74 80 
72 78 72 72 75 69 74 80 
72 78 81 72 75 69 74 80 
72 78 81 72 75 69 74 80 
72 78 81 72 75 69 74 80 
72 78 81 85 75 69 74 80 
72 78 81 85 75 69 74 80 
72 78 81 85 75 69 74 80 
72 89 81 85 75 69 74 80 
87 89 81 85 75 69 74 80 
87 89 81 85 75 69 74 80 
87 89 81 85 75 69 74 80 
87 89 81 85 75 69 74 80 
87 89 81 85 75 69 74 80 
87 89 92 85 75 69 74 80 
87 89 92 85 75 82 74 80 
87 89 92 85 86 82 74 80 
87 89 92 85 86 82 74 80 
87 89 92 85 86 82 74 80 
87 89 92 85 86 82 74 80 
87 89 92 85 86 82 74 80 
87 89 92 85 86 82 74 80 
87 89 92 85 86 82 74 92 
87 89 92 85 86 82 74 92 
87 109 92 85 86 82 74 92 
87 109 92 85 86 98 74 92 
87 109 92 98 86 98 74 92 
87 109 92 98 86 98 74 92 
87 109 92 98 86 98 91 92 
87 109 92 98 86 98 91 92 
87 109 92 98 86 98 91 92 
87 109 92 98 86 98 91 104 
87 109 92 98 86 98 91 104 
106 109 92 98 86 98 91 104 
106 109 106 98 86 98 91 104 
106 109 106 98 86 98 91 104 
106 109 106 98 97 98 91 104 
106 109 106 98 97 98 91 104 
106 109 106 98 97 98 91 104 
106 109 106 98 97 98 91 104 
106 109 106 98 97 98 91 104 
106 109 106 98 97 98 91 104 
106 109 106 98 97 98 91 104 
106 109 106 98 97 98 91 104 
106 109 106 98 97 98 91 104 
106 109 106 115 97 98 91 104 
106 109 106 115 97 98 91 104 
106 109 106 115 97 98 91 104 
106 109 106 115 97 98 91 104 
106 122 106 115 97 98 91 104 
106 122 106 115 97 98 91 104 
106 122 123 115 97 98 91 104 
106 122 123 115 97 98 111 104 
106 122 123 115 97 98 111 104 
106 122 123 115 97 114 111 104 
106 122 123 115 97 114 111 104 
106 122 123 115 97 114 111 104 
106 122 123 115 97 114 111 122 
106 122 123 115 108 114 111 122 
106 122 123 115 108 114 111 122 
106 122 123 115 108 114 111 122 
106 122 123 115 108 114 111 122 
106 122 123 115 121 114 111 122 
106 122 123 115 121 114 111 122 
106 122 123 115 121 114 111 122 
106 122 123 115 121 114 111 122 
106 122 123 115 121 114 111 122 
106 122 123 115 121 114 111 122 
124 122 123 115 121 114 111 122 
124 122 123 115 121 114 111 122 
124 122 123 115 121 114 111 122 
124 122 123 115 121 114 111 122 
124 122 123 115 121 114 111 122 
124 122 123 115 121 114 111 122 
124 122 123 115 121 114 111 122 
124 122 123 115 121 114 111 122 
124 122 123 115 121 114 111 122 
124 122 123 115 121 129 111 122 
124 122 123 115 121 129 111 122 
124 132 123 115 121 129 111 122 
124 132 132 115 121 129 111 122 
124 132 132 115 121 129 111 122 
124 132 132 115 121 129 111 122 
124 132 132 115 121 129 111 133 
124 132 132 134 121 129 111 133 
124 132 132 134 121 129 111 133 
124 132 132 134 121 129 124 133 
124 132 132 134 121 129 124 133 
124 132 132 134 121 129 124 133 
124 132 132 134 121 129 124 133 
124 132 132 134 121 129 124 133 
124 132 132 134 121 129 124 133 
124 132 132 134 121 129 124 133 
124 132 132 134 121 129 124 133 
124 132 132 134 121 129 124 133 
124 132 132 134 121 129 124 133 
124 132 132 134 121 129 124 133 
124 132 132 134 134 129 124 133 
124 132 141 134 134 129 124 133 
124 132 141 134 134 129 124 133 
124 132 141 134 134 129 124 133 
124 132 141 134 134 129 124 133 
124 132 141 134 134 129 124 133 
124 132 141 134 134 129 124 133 
144 132 141 134 134 129 124 133 
144 132 141 134 134 129 124 144 
144 132 141 146 134 129 124 144 
144 132 141 146 134 129 124 144 
144 132 141 146 134 129 124 144 
144 132 141 146 134 144 124 144 
144 132 141 146 134 144 124 144 
144 132 141 146 152 144 124 144 
144 132 141 146 152 144 124 144 
144 132 141 146 152 144 124 144 
144 143 141 146 152 144 124 144 
144 143 141 146 152 144 124 144 
144 143 141 146 152 144 124 144 
144 143 141 146 152 144 124 144 
144 143 141 146 152 144 124 144 
144 143 152 146 152 144 137 144 
144 143 152 146 152 144 137 144 
144 143 152 146 152 144 137 144 
144 143 152 146 152 144 137 144 
156 143 152 146 152 144 137 144 
156 143 164 146 152 144 137 144 
156 143 164 146 152 144 137 144 
156 143 164 146 152 158 137 144 
156 143 164 146 152 158 161 144 
168 143 164 146 152 158 161 144 
168 143 164 146 152 158 161 144 
168 143 164 146 152 158 161 171 
168 154 164 146 152 158 161 171 
168 154 164 146 163 158 161 171 
168 154 164 146 163 158 161 171 
168 154 164 146 163 158 161 171 
168 154 164 158 163 158 161 171 
168 154 164 158 163 158 161 171 
168 164 164 158 176 158 161 171 
168 164 164 170 176 171 161 171 
168 164 176 170 176 171 161 171 
168 164 176 170 176 171 161 171 
168 164 176 170 176 171 161 171 
168 164 176 170 176 171 161 171 
180 164 176 170 176 171 161 171 
180 177 176 170 176 171 161 171 
180 177 176 170 189 171 161 171 
180 177 188 170 189 171 161 171 
180 177 188 170 189 171 179 171 
180 177 188 170 189 190 179 171 
180 177 188 186 189 190 179 171 
180 177 206 186 189 190 179 171 
180 177 206 186 189 190 179 171 
242.0 260.0 224.0 244.0 228.0 226.0 242.0 242.0 
;
EXECUTION TIME HBSS: 5184.08430004 seconds 

-------------------------------------------------------------------
