DATFILE : bwopen0_3r_500.dat
ENVIRONMENT : bwopen
ALGORITHM : HBSS - TAU 6
RANGE : 500
STARTING_POS : 0
N_ROBOTS : 3
GREEDY SOLUTION : [ 3284.]
COMPUTATIONS D :
3436
3532
3256
3326
3390
3292
3474
3582
3520
3414
3120
3570
3504
3436
3416
3400
3600
3550
3530
3604
3354
3430
3482
3520
3590
3442
3532
3356
3604
3508
3350
3284
3572
3442
3664
3280
3346
3520
3600
3636
3486
3372
3314
3298
3328
3184
3500
3558
3388
3222
3650
3822
3438
3704
3390
3584
3702
3460
3462
3314
3466
3294
3780
3590
3242
3542
3540
3546
3644
3448
3490
3460
3562
3308
3478
3462
3362
3214
3308
3578
3180
3318
3356
3382
3286
3506
3416
3636
3388
3394
3284
3730
3456
3542
3470
3520
3466
3312
3550
3458
3648
3400
3520
3450
3294
3574
3264
3492
3536
3546
3146
3284
3626
3480
3506
3240
3664
3270
3502
3364
3522
3730
3310
3506
3496
3440
3572
3658
3358
3620
3364
3368
3752
3318
3394
3472
3490
3582
3470
3284
3318
3278
3394
3586
3518
3390
3384
3380
3574
3488
3418
3430
3502
3210
3608
3480
3252
3574
3420
3456
3302
3408
3484
3438
3690
3590
3506
3476
3678
3376
3408
3276
3680
3620
3426
3602
3498
3560
3530
3526
3512
3432
3428
3458
3358
3400
3254
3284
3406
3508
3314
3352
3398
3562
3656
3460
3396
3410
3510
3506
;
HBBS sumD : 3120
BEST_CONFIGURATIONS : 
0 0 0 
0 4 0 
0 4 26 
0 22 26 
0 22 5 
0 8 5 
4 8 5 
4 8 26 
4 8 26 
4 8 22 
26 8 22 
26 8 22 
5 8 22 
5 8 22 
22 8 22 
22 13 22 
26 13 22 
26 17 22 
26 17 5 
26 17 5 
26 17 5 
4 17 5 
4 13 5 
4 13 5 
4 13 1 
4 13 1 
0 13 1 
0 13 1 
0 8 1 
0 8 27 
0 8 27 
4 8 27 
4 22 27 
26 22 27 
26 5 27 
26 5 1 
26 5 1 
22 5 1 
22 5 2 
22 5 2 
22 26 2 
4 26 2 
4 0 2 
8 0 2 
8 0 6 
8 0 6 
8 0 24 
8 0 24 
17 0 24 
17 0 10 
25 0 10 
25 0 9 
25 4 9 
25 4 9 
25 26 9 
25 26 9 
25 5 9 
25 5 9 
25 22 9 
25 22 9 
25 22 9 
25 8 9 
17 8 9 
17 8 9 
17 8 9 
13 8 9 
13 8 10 
13 8 10 
13 8 10 
13 8 15 
13 8 15 
13 22 15 
17 22 15 
17 22 10 
17 22 10 
18 22 10 
18 26 10 
18 5 10 
18 5 10 
18 5 10 
18 5 15 
18 5 15 
18 26 15 
18 26 15 
14 26 15 
14 26 15 
14 4 15 
14 4 10 
14 4 10 
14 4 10 
15 4 10 
15 4 24 
15 4 24 
15 26 24 
10 26 24 
10 5 24 
10 22 24 
10 22 6 
15 22 6 
15 22 6 
15 22 21 
14 22 21 
14 22 21 
14 5 21 
14 5 21 
14 5 6 
14 5 6 
14 26 6 
18 26 6 
18 4 6 
25 4 6 
25 4 24 
17 4 24 
13 4 24 
13 26 11 
13 5 11 
13 22 11 
25 22 11 
18 22 11 
18 9 11 
14 9 11 
14 10 11 
15 10 11 
15 24 11 
15 6 11 
19 6 11 
19 21 11 
20 21 11 
20 3 11 
23 3 11 
16 3 11 
16 7 11 
12 7 11 
12 7 6 
12 7 6 
12 21 6 
16 21 6 
16 3 6 
23 3 6 
23 3 21 
23 3 21 
23 3 7 
23 3 7 
23 21 7 
20 21 7 
20 21 12 
20 21 12 
20 21 16 
20 21 16 
20 3 16 
23 3 16 
23 3 12 
23 3 12 
16 3 12 
16 7 12 
16 7 16 
16 3 23 
20 3 23 
20 3 20 
20 21 20 
19 21 20 
19 6 20 
19 6 23 
19 6 16 
19 6 12 
19 6 7 
19 6 21 
19 6 6 
19 6 24 
19 6 24 
19 6 10 
19 6 15 
19 6 14 
19 2 14 
19 2 18 
20 2 18 
23 2 18 
23 2 14 
23 2 14 
23 24 14 
20 24 14 
20 24 14 
20 24 14 
20 24 15 
20 10 15 
23 10 15 
23 10 15 
16 10 15 
16 10 15 
12 10 15 
12 10 15 
12 9 15 
12 9 10 
12 9 10 
12 9 24 
16 9 24 
16 9 24 
16 9 24 
23 9 24 
23 9 6 
20 9 6 
20 27 6 
20 27 6 
20 27 21 
19 27 21 
19 27 3 
19 9 3 
19 9 3 
19 9 21 
18 9 21 
18 9 7 
14 9 7 
14 10 7 
14 15 7 
14 15 3 
25 15 3 
25 10 3 
25 10 3 
25 10 21 
25 14 21 
25 18 21 
17 18 21 
13 18 21 
13 18 24 
13 14 24 
17 14 24 
17 25 24 
13 25 24 
13 17 24 
13 17 27 
13 17 27 
25 17 27 
25 18 27 
25 18 1 
14 18 1 
14 18 1 
14 18 1 
14 15 1 
14 15 27 
14 15 27 
9 15 27 
9 10 27 
9 10 1 
9 10 1 
24 10 1 
2 10 1 
2 11 1 
2 11 1 
2 11 27 
2 11 27 
2 11 27 
2 24 27 
2 24 27 
2 24 9 
2 6 9 
2 6 15 
2 21 15 
2 3 15 
2 7 15 
2 7 12 
24 7 12 
24 21 12 
24 3 12 
27 3 12 
27 3 7 
1 3 7 
1 21 7 
1 6 7 
1 27 7 
14 27 16 
25 27 20 
25 27 19 
17 27 19 
13 27 19 
8 27 19 
22 27 19 
22 5 19 
4 5 18 
4 8 18 
4 8 14 
0 8 14 
0 0 0 
;
ROBOT MOVING BEST:
0 0 0 
1 1 0 
1 0 1 
1 1 0 
1 0 1 
1 1 0 
1 0 1 
1 0 1 
1 1 0 
1 0 1 
1 1 0 
1 0 1 
1 1 0 
1 0 1 
1 1 0 
1 1 0 
1 1 0 
0 1 1 
1 0 1 
1 1 0 
0 1 1 
1 1 0 
0 1 1 
1 1 0 
1 0 1 
0 1 1 
1 1 0 
1 0 1 
0 1 1 
1 0 1 
0 1 1 
1 0 1 
0 1 1 
1 0 1 
0 1 1 
1 0 1 
0 1 1 
1 0 1 
0 1 1 
1 0 1 
0 1 1 
1 0 1 
0 1 1 
1 0 1 
0 1 1 
1 0 1 
0 1 1 
1 0 1 
1 1 0 
0 1 1 
1 1 0 
0 1 1 
1 1 0 
0 1 1 
1 1 0 
0 1 1 
1 1 0 
0 1 1 
1 1 0 
1 0 1 
0 1 1 
1 1 0 
1 0 1 
0 1 1 
1 1 0 
1 0 1 
0 1 1 
1 1 0 
1 0 1 
0 1 1 
1 0 1 
0 1 1 
1 0 1 
0 1 1 
1 0 1 
1 1 0 
0 1 1 
0 1 1 
1 0 1 
1 1 0 
0 1 1 
1 0 1 
1 1 0 
0 1 1 
1 0 1 
1 1 0 
0 1 1 
1 0 1 
1 1 0 
0 1 1 
1 0 1 
0 1 1 
1 0 1 
0 1 1 
1 0 1 
0 1 1 
0 1 1 
1 0 1 
1 0 1 
0 1 1 
1 0 1 
1 1 0 
1 0 1 
0 1 1 
1 1 0 
1 0 1 
0 1 1 
0 1 1 
1 0 1 
0 1 1 
1 0 1 
1 0 1 
1 0 1 
1 0 1 
0 1 1 
0 1 1 
0 1 1 
1 0 1 
1 0 1 
0 1 1 
1 0 1 
0 1 1 
1 0 1 
0 1 1 
0 1 1 
1 0 1 
0 1 1 
1 0 1 
0 1 1 
1 0 1 
1 0 1 
0 1 1 
1 0 1 
0 1 1 
1 0 1 
0 1 1 
1 0 1 
0 1 1 
1 0 1 
0 1 1 
1 0 1 
0 1 1 
1 0 1 
0 1 1 
1 0 1 
0 1 1 
1 0 1 
0 1 1 
1 0 1 
0 1 1 
1 0 1 
0 1 1 
1 0 1 
1 0 1 
0 1 1 
0 1 1 
0 1 1 
1 0 1 
0 1 1 
0 1 1 
1 0 1 
0 1 1 
1 0 1 
1 0 1 
1 0 1 
1 0 1 
1 0 1 
1 0 1 
1 0 1 
0 1 1 
1 0 1 
1 0 1 
1 0 1 
1 1 0 
1 0 1 
1 0 1 
1 0 1 
0 1 1 
1 0 1 
1 1 0 
1 0 1 
1 1 0 
0 1 1 
1 0 1 
1 1 0 
1 0 1 
1 1 0 
1 0 1 
1 1 0 
1 0 1 
1 1 0 
0 1 1 
0 1 1 
1 1 0 
1 0 1 
1 1 0 
0 1 1 
1 0 1 
1 1 0 
0 1 1 
1 1 0 
0 1 1 
1 1 0 
0 1 1 
1 1 0 
0 1 1 
1 1 0 
0 1 1 
0 1 1 
1 1 0 
0 1 1 
1 1 0 
0 1 1 
0 1 1 
0 1 1 
1 1 0 
0 1 1 
1 1 0 
0 1 1 
1 1 0 
1 1 0 
1 1 0 
1 1 0 
0 1 1 
1 1 0 
1 1 0 
1 1 0 
1 1 0 
1 1 0 
1 0 1 
0 1 1 
1 0 1 
0 1 1 
1 0 1 
1 1 0 
0 1 1 
1 0 1 
0 1 1 
1 0 1 
0 1 1 
1 0 1 
0 1 1 
1 0 1 
0 1 1 
1 0 1 
1 1 0 
0 1 1 
1 0 1 
0 1 1 
1 1 0 
1 0 1 
0 1 1 
1 1 0 
1 0 1 
1 1 0 
1 0 1 
1 1 0 
1 1 0 
1 1 0 
1 0 1 
1 1 0 
1 1 0 
1 1 0 
1 0 1 
1 0 1 
1 1 0 
1 1 0 
1 1 0 
1 1 0 
1 0 1 
1 0 1 
1 0 1 
1 0 1 
1 0 1 
1 0 1 
1 0 1 
0 1 1 
1 0 1 
0 1 1 
0 1 1 
1 0 1 
0 1 1 
;
TIMETABLE BEST: 
0.0 0.0 0.0 
0 14 0 
0 14 17 
0 26 17 
0 26 26 
0 38 26 
14 38 26 
14 38 35 
14 38 35 
14 38 46 
25 38 46 
25 38 46 
34 38 46 
34 38 46 
46 38 46 
46 51 46 
57 51 46 
57 62 46 
57 62 58 
57 62 58 
57 62 58 
68 62 58 
68 73 58 
68 73 58 
68 73 76 
68 73 76 
82 73 76 
82 73 76 
82 86 76 
82 86 91 
82 86 91 
96 86 91 
96 98 91 
107 98 91 
107 110 91 
107 110 106 
107 110 106 
118 110 106 
118 110 126 
118 110 126 
118 119 126 
130 119 126 
130 136 126 
144 136 126 
144 136 144 
144 136 144 
144 136 157 
144 136 157 
168 136 157 
168 136 170 
180 136 170 
180 136 184 
180 150 184 
180 150 184 
180 161 184 
180 161 184 
180 170 184 
180 170 184 
180 182 184 
180 182 184 
180 182 184 
180 194 184 
192 194 184 
192 194 184 
192 194 184 
203 194 184 
203 194 198 
203 194 198 
203 194 198 
203 194 209 
203 194 209 
203 206 209 
214 206 209 
214 206 220 
214 206 220 
231 206 220 
231 217 220 
231 226 220 
231 226 220 
231 226 220 
231 226 231 
231 226 231 
231 235 231 
231 235 231 
242 235 231 
242 235 231 
242 246 231 
242 246 242 
242 246 242 
242 246 242 
255 246 242 
255 246 255 
255 246 255 
255 257 255 
266 257 255 
266 266 255 
266 278 255 
266 278 268 
277 278 268 
277 278 268 
277 278 280 
290 278 280 
290 278 280 
290 290 280 
290 290 280 
290 290 292 
290 290 292 
290 299 292 
301 299 292 
301 310 292 
314 310 292 
314 310 305 
326 310 305 
337 310 305 
337 321 323 
337 330 323 
337 342 323 
350 342 323 
363 342 323 
363 366 323 
374 366 323 
374 380 323 
387 380 323 
387 393 323 
387 406 323 
411 406 323 
411 418 323 
424 418 323 
424 430 323 
434 430 323 
445 430 323 
445 446 323 
456 446 323 
456 446 340 
456 446 340 
456 458 340 
467 458 340 
467 470 340 
478 470 340 
478 470 352 
478 470 352 
478 470 364 
478 470 364 
478 482 364 
488 482 364 
488 482 382 
488 482 382 
488 482 393 
488 482 393 
488 494 393 
498 494 393 
498 494 404 
498 494 404 
509 494 404 
509 510 404 
509 510 415 
509 526 426 
530 526 426 
530 526 436 
530 538 436 
543 538 436 
543 550 436 
543 550 446 
543 550 457 
543 550 468 
543 550 486 
543 550 498 
543 550 510 
543 550 523 
543 550 523 
543 550 536 
543 550 547 
543 550 560 
543 568 560 
543 568 571 
556 568 571 
566 568 571 
566 568 582 
566 568 582 
566 587 582 
576 587 582 
576 587 582 
576 587 582 
576 587 595 
576 600 595 
586 600 595 
586 600 595 
597 600 595 
597 600 595 
608 600 595 
608 600 595 
608 614 595 
608 614 606 
608 614 606 
608 614 619 
619 614 619 
619 614 619 
619 614 619 
630 614 619 
630 614 632 
640 614 632 
640 629 632 
640 629 632 
640 629 644 
653 629 644 
653 629 656 
653 644 656 
653 644 656 
653 644 668 
673 644 668 
673 644 680 
684 644 680 
684 658 680 
684 669 680 
684 669 696 
700 669 696 
700 680 696 
700 680 696 
700 680 708 
700 698 708 
700 709 708 
712 709 708 
723 709 708 
723 709 733 
723 720 733 
734 720 733 
734 736 733 
745 736 733 
745 748 733 
745 748 759 
745 748 759 
758 748 759 
758 765 759 
758 765 774 
774 765 774 
774 765 774 
774 765 774 
774 783 774 
774 783 789 
774 783 789 
790 783 789 
790 794 789 
790 794 804 
790 794 804 
805 794 804 
824 794 804 
824 815 804 
824 815 804 
824 815 819 
824 815 819 
824 815 819 
824 833 819 
824 833 819 
824 833 834 
824 846 834 
824 846 855 
824 858 855 
824 870 855 
824 886 855 
824 886 900 
843 886 900 
843 898 900 
843 910 900 
869 910 900 
869 910 918 
884 910 918 
884 922 918 
884 934 918 
884 969 918 
926 969 945 
942 969 966 
942 969 979 
954 969 979 
965 969 979 
978 969 979 
990 969 979 
990 990 979 
1002 990 999 
1002 1014 999 
1002 1014 1010 
1016 1014 1010 
1016.0 1040.0 1064.0 
;
EXECUTION TIME HBSS: 699.667873144 seconds 

-------------------------------------------------------------------
