DATFILE : bwopen0_10r_500.dat
ENVIRONMENT : bwopen
ALGORITHM : HBSS - TAU 7
RANGE : _500
STARTING_POS : 0
N_ROBOTS : 10
GREEDY SOLUTION : [ 2014.]
COMPUTATIONS D :
2014
2014
2014
2014
2014
2014
2014
2132
2014
2014
2182
2014
2014
2014
2014
2014
2014
2014
2014
2014
2014
2014
2014
2014
2014
2014
2014
2014
2014
2014
2014
2014
2014
2014
2014
2014
2014
2014
2014
2014
2014
2014
2058
2076
2014
2014
2014
2014
2014
2014
2014
2014
2014
2014
2014
2048
2014
2014
2014
2014
2014
2014
2014
2014
2014
2028
2014
2172
2132
2014
2014
2014
2014
2014
2014
2014
2014
2014
2042
2014
2014
2014
1986
2014
2014
2014
2014
2014
1986
2014
2014
2014
2014
2014
2014
2014
2014
2014
2014
2014
2014
1966
2014
1926
1982
2014
2014
2014
2014
2014
2046
2014
2248
2014
2014
2014
2014
2014
2014
2014
2014
2016
2014
2014
2014
2014
2014
2014
2014
2014
2014
2014
2170
2014
2014
2014
2014
2014
2014
2014
2014
2014
2014
2014
2014
2014
2014
2110
2014
2014
2014
2014
2014
2014
2014
2014
2014
2014
2014
2014
2014
2014
2014
1976
2014
2014
2014
2014
1986
2014
2014
2014
2014
2014
2014
2014
2110
2014
2014
2110
2014
2014
2014
2014
2014
2014
2014
2014
2014
2014
1972
2014
2064
2014
2014
2014
2226
2014
2014
2014
;
HBBS sumD : 1926
BEST_CONFIGURATIONS : 
0 0 0 0 0 0 0 0 0 0 
0 4 0 0 0 0 0 0 0 0 
0 4 26 0 0 0 0 0 0 0 
0 4 26 1 0 0 0 0 0 0 
0 4 26 1 5 0 0 0 0 0 
0 4 26 1 5 22 0 0 0 0 
0 4 26 1 5 22 8 0 0 0 
26 4 26 1 5 22 8 0 0 0 
26 4 26 1 5 22 8 0 0 0 
26 4 26 27 5 22 8 0 0 0 
26 4 26 27 5 22 8 1 0 0 
26 4 26 27 5 22 8 1 0 2 
26 4 26 27 5 22 8 1 0 2 
26 4 26 27 5 22 8 1 0 2 
26 4 26 27 5 22 13 1 0 2 
26 4 26 27 5 22 13 1 8 2 
26 4 26 27 5 22 13 1 8 2 
26 4 26 27 5 22 13 1 8 2 
26 4 26 27 5 22 13 1 8 2 
26 4 26 27 5 22 13 1 8 2 
26 4 26 27 5 22 13 1 8 2 
26 4 26 27 5 22 13 1 8 2 
26 4 26 27 5 22 13 1 8 2 
26 4 26 27 5 22 13 1 8 2 
26 4 26 27 5 22 13 1 8 2 
26 4 26 27 5 22 13 1 8 2 
26 4 26 27 5 22 13 1 8 2 
26 4 26 27 5 22 13 1 8 2 
26 4 26 27 5 22 13 1 8 2 
26 4 26 27 5 22 13 1 8 2 
26 4 26 27 5 22 13 1 8 2 
26 4 26 27 5 22 13 1 8 2 
26 4 26 27 5 22 13 1 8 2 
26 4 26 27 5 22 13 1 8 2 
26 4 26 27 5 22 13 1 8 2 
26 4 26 27 5 22 13 1 8 2 
26 4 26 27 5 22 13 1 8 2 
26 4 26 27 9 22 13 1 8 2 
26 4 26 27 9 22 13 1 8 2 
5 4 26 27 9 22 13 1 8 2 
5 4 26 27 9 22 13 1 8 2 
5 4 26 27 9 22 13 1 8 2 
5 4 26 27 9 22 13 1 8 2 
5 4 26 27 9 22 17 1 8 2 
5 4 26 27 9 22 17 1 8 2 
5 4 26 27 9 22 17 1 13 2 
5 4 26 27 9 22 17 1 25 2 
5 4 26 27 9 22 17 1 25 2 
5 4 26 27 9 22 17 6 25 2 
5 4 26 27 9 22 17 6 25 24 
5 4 26 27 9 22 17 6 25 24 
14 4 26 27 9 22 17 6 25 24 
14 4 26 27 9 22 17 6 25 24 
14 8 26 27 9 13 17 6 25 24 
14 8 26 27 9 13 17 6 25 24 
14 8 5 27 9 13 17 6 25 24 
14 13 5 27 9 13 17 6 25 24 
14 13 5 27 9 13 17 6 25 24 
14 13 5 27 9 13 17 6 25 24 
14 13 5 27 9 13 17 6 25 24 
14 13 5 27 9 13 17 6 25 24 
14 13 5 27 9 13 17 6 25 24 
14 13 5 27 9 13 17 6 25 24 
14 13 5 27 9 13 17 6 25 24 
14 13 5 27 9 13 17 6 25 24 
14 13 5 27 10 13 17 6 25 24 
14 13 5 27 10 13 17 6 25 24 
14 13 22 27 10 13 17 6 25 24 
14 13 22 27 10 13 17 6 25 24 
14 13 22 27 10 13 17 6 25 24 
14 13 22 9 10 13 17 6 25 24 
14 13 22 9 10 13 17 6 25 24 
14 13 22 9 10 13 17 6 25 24 
14 13 22 9 10 13 17 6 25 24 
14 13 22 9 10 13 17 6 25 24 
14 13 22 9 10 13 17 6 25 24 
14 13 22 9 10 13 17 6 25 24 
14 13 22 9 10 13 17 6 25 24 
14 13 22 9 10 13 17 6 25 24 
14 13 8 9 10 13 17 6 25 24 
14 13 8 9 10 13 17 6 25 24 
14 13 8 9 10 13 17 6 25 24 
14 13 8 9 10 13 17 6 25 24 
14 13 8 9 10 13 17 6 25 24 
14 13 8 9 10 13 17 6 25 24 
14 13 8 9 10 13 17 6 25 24 
14 13 8 9 10 13 17 6 25 24 
14 13 8 9 10 13 17 6 25 24 
14 13 8 9 10 13 17 6 25 24 
14 13 8 9 10 13 17 6 25 24 
14 13 8 9 10 13 17 6 25 24 
14 13 8 9 10 13 17 6 25 24 
14 13 8 9 10 13 17 6 25 24 
14 13 8 9 10 13 17 6 25 24 
14 13 8 9 10 13 17 6 18 24 
14 25 8 9 10 13 17 6 18 24 
14 25 8 9 10 13 17 6 18 24 
14 25 8 9 10 13 17 6 18 24 
14 25 8 9 10 13 17 6 18 24 
14 25 8 9 10 13 17 6 18 24 
14 25 8 9 10 13 17 6 18 24 
14 25 8 9 10 13 17 6 18 24 
14 25 8 9 10 13 17 6 18 24 
14 25 8 9 10 13 17 6 18 24 
15 25 8 9 10 13 17 6 18 24 
15 25 8 9 10 13 17 6 18 24 
15 25 8 9 10 13 17 6 18 24 
15 25 8 9 10 13 17 21 18 24 
15 25 8 9 10 13 17 21 18 24 
15 25 8 9 10 13 17 21 18 24 
15 25 8 9 10 13 17 21 18 24 
15 25 8 9 10 13 17 21 18 24 
15 25 8 9 10 13 17 21 18 24 
15 25 8 9 10 13 17 21 18 24 
15 25 8 9 10 13 17 21 18 24 
15 25 8 9 10 13 17 21 18 24 
15 25 8 9 10 13 17 21 18 11 
15 25 22 9 10 13 17 21 18 11 
15 25 22 9 10 13 17 21 18 11 
15 25 22 27 10 13 17 21 18 11 
15 25 22 27 10 13 17 21 18 11 
15 25 22 27 10 13 17 21 18 11 
15 25 22 27 10 13 17 21 18 11 
15 25 22 27 10 13 17 21 18 11 
15 25 22 27 10 13 17 21 18 11 
15 25 22 27 10 14 17 21 18 11 
15 25 22 27 10 14 17 21 18 11 
15 25 22 27 10 14 17 21 18 11 
15 25 22 27 10 14 17 21 18 11 
15 25 22 27 10 14 17 21 18 11 
15 25 22 1 10 14 17 21 18 11 
15 25 26 1 10 14 17 21 18 11 
15 25 26 1 10 14 17 21 18 11 
15 25 26 1 10 14 17 21 18 11 
15 25 26 1 10 14 17 21 18 11 
15 25 26 1 10 14 17 21 18 11 
15 25 26 1 10 14 17 21 18 11 
15 25 26 1 10 14 17 21 19 11 
15 25 26 1 10 14 17 21 19 11 
15 25 26 1 10 14 17 21 19 11 
15 25 26 1 10 14 17 3 19 11 
15 25 26 1 10 14 19 3 19 11 
15 18 26 1 10 14 19 3 19 11 
15 18 26 1 10 14 19 3 19 11 
15 18 26 1 10 14 19 3 19 11 
15 18 26 1 10 14 19 3 19 11 
15 18 26 1 10 14 19 3 19 11 
15 18 26 1 24 14 19 3 19 11 
15 18 26 1 24 14 19 3 19 11 
15 18 26 1 24 14 19 3 19 11 
15 18 26 1 24 14 19 3 19 11 
15 18 26 1 24 14 19 3 19 11 
15 18 26 1 24 14 19 3 19 11 
15 18 26 1 24 14 19 3 19 11 
15 18 26 1 24 14 19 3 19 11 
15 18 26 1 24 14 19 3 19 11 
15 18 5 1 24 14 19 3 19 11 
15 18 5 1 24 14 19 3 19 11 
15 18 5 1 24 14 19 3 19 11 
15 18 5 1 24 14 19 3 19 11 
15 18 5 1 24 14 19 3 19 11 
15 18 5 1 24 14 19 3 19 11 
15 18 5 1 24 14 19 3 19 11 
15 18 5 1 6 14 19 3 19 11 
15 18 5 1 6 14 19 3 19 11 
15 18 5 1 6 14 19 3 19 11 
15 18 5 1 6 14 19 3 19 11 
15 18 5 1 6 14 19 3 19 11 
15 18 5 1 6 14 19 3 19 11 
15 18 5 1 6 14 19 3 19 11 
15 18 5 1 6 14 19 3 19 11 
15 18 5 1 6 9 19 3 19 11 
15 18 5 1 6 9 19 7 19 11 
15 18 4 1 6 9 19 7 19 11 
15 18 4 1 6 9 19 7 19 11 
15 18 4 1 6 9 19 7 19 11 
10 18 4 1 6 9 19 7 19 11 
10 18 4 1 6 9 20 7 19 11 
10 18 4 1 6 9 20 7 19 11 
10 18 4 27 6 9 20 7 19 11 
10 18 4 27 6 9 20 7 19 11 
10 18 4 27 6 9 20 7 19 11 
10 18 4 27 6 9 20 7 19 11 
10 18 4 27 21 9 20 7 19 11 
10 18 4 27 21 9 20 7 19 11 
10 18 4 27 21 9 20 7 19 11 
10 18 4 27 21 9 23 7 19 11 
10 18 4 27 21 9 23 7 19 11 
10 14 4 27 21 9 23 7 20 11 
10 14 4 27 21 9 23 7 20 11 
10 14 4 27 21 9 23 7 20 11 
10 14 4 27 21 9 23 7 20 12 
10 14 4 27 21 9 23 7 20 12 
10 14 4 27 21 9 23 7 20 12 
10 14 4 27 21 9 23 7 20 12 
24 14 4 27 21 9 23 7 20 12 
24 14 4 27 21 9 23 7 20 12 
24 14 0 27 21 9 23 7 20 12 
24 15 0 27 21 9 23 7 20 12 
24 15 0 27 21 9 23 7 20 12 
24 15 0 27 21 9 23 7 20 12 
24 15 0 27 21 9 23 7 20 12 
24 15 0 27 21 9 23 7 20 12 
24 15 0 27 21 9 23 7 20 12 
24 15 0 27 21 9 23 7 20 12 
24 15 0 27 21 9 23 7 20 12 
24 15 0 27 21 9 23 7 20 12 
24 15 0 27 21 9 23 7 20 12 
24 15 0 27 21 9 23 7 20 12 
24 15 0 27 21 9 23 7 20 12 
24 15 0 27 21 9 23 7 20 16 
2 15 0 27 21 9 23 7 20 16 
2 15 0 27 21 9 23 7 20 16 
2 15 0 27 21 9 23 7 20 16 
2 15 0 27 21 9 23 7 20 16 
2 15 0 27 21 9 23 7 20 16 
2 15 0 27 21 9 23 7 20 16 
2 15 0 27 3 9 23 7 20 16 
2 15 0 27 3 9 23 7 19 16 
2 15 0 27 3 9 23 7 19 16 
2 15 0 27 3 9 23 7 19 16 
2 15 0 27 3 9 23 7 19 16 
2 15 0 27 3 9 23 7 19 16 
2 15 0 27 3 9 23 7 19 16 
2 15 0 27 3 10 23 7 19 16 
2 15 0 27 3 10 23 7 19 16 
2 15 0 27 3 10 23 7 19 16 
2 15 0 27 3 10 23 7 19 16 
2 15 0 1 3 10 23 21 19 16 
2 15 0 1 3 10 23 21 19 16 
2 14 0 1 3 10 23 21 19 16 
2 14 0 1 3 10 23 21 19 16 
2 14 0 1 3 10 23 21 19 16 
2 14 0 1 3 10 23 21 19 16 
2 14 0 1 3 10 23 21 19 16 
2 14 0 1 3 10 23 21 19 16 
2 14 0 1 3 10 23 21 19 16 
2 14 0 1 3 24 23 21 19 16 
2 14 0 1 3 24 23 21 19 16 
2 14 0 1 3 24 23 21 19 16 
2 14 0 1 3 24 23 21 19 16 
2 14 0 1 3 24 23 21 19 16 
2 14 0 1 3 24 23 21 19 16 
2 14 0 1 3 24 23 21 19 16 
2 14 0 1 3 24 23 21 19 16 
2 14 0 1 3 24 23 21 19 16 
2 14 0 1 3 24 23 21 19 16 
2 14 0 1 3 24 23 21 19 16 
2 14 0 1 3 24 23 6 19 16 
2 14 0 1 3 24 23 6 19 16 
2 14 0 1 3 24 20 6 19 16 
2 14 0 1 3 24 20 6 19 16 
2 14 0 1 3 24 20 6 19 16 
2 14 0 1 3 24 20 6 19 16 
2 14 0 1 3 24 20 6 19 16 
2 14 0 1 3 24 20 6 19 16 
2 25 0 1 3 24 20 6 19 16 
2 25 0 1 3 24 20 6 19 12 
2 25 0 1 3 24 20 6 19 12 
2 25 0 1 3 24 20 6 19 12 
2 25 0 1 3 24 20 6 19 12 
2 25 0 5 3 24 20 6 19 12 
2 25 0 5 3 24 20 6 19 12 
2 25 0 5 21 24 20 6 19 12 
2 25 0 5 21 24 20 6 19 12 
2 25 0 5 21 24 20 6 19 12 
2 25 0 5 21 11 20 6 19 12 
2 17 0 5 21 11 20 6 19 12 
2 17 0 5 21 11 20 6 19 12 
2 17 22 5 21 11 20 6 19 12 
2 17 22 5 21 11 20 6 19 12 
2 17 22 5 21 11 23 6 19 12 
2 17 22 5 21 11 23 6 19 12 
2 17 22 5 7 11 23 6 19 12 
2 17 22 5 7 11 23 6 20 12 
2 17 22 5 7 11 23 6 20 12 
2 17 22 5 7 11 16 6 20 12 
2 17 22 5 7 11 16 6 20 16 
2 17 22 5 7 11 16 6 20 16 
2 13 22 5 7 11 16 6 19 16 
2 13 8 5 7 11 16 6 19 16 
0 0 0 0 0 0 0 0 0 0 
;
ROBOT MOVING BEST:
0 0 0 0 0 0 0 0 0 0 
1 1 0 0 0 0 0 0 0 0 
1 0 1 0 0 0 0 0 0 0 
1 0 0 1 0 0 0 0 0 0 
1 0 0 0 1 0 0 0 0 0 
1 0 0 0 0 1 0 0 0 0 
1 0 0 0 0 0 1 0 0 0 
1 1 0 0 0 0 0 0 0 0 
0 1 0 1 0 0 0 0 0 0 
0 0 0 1 0 0 0 1 0 0 
1 0 0 0 0 0 0 1 0 0 
0 0 0 0 0 0 0 0 1 1 
0 1 0 0 1 0 0 0 0 0 
0 1 0 0 0 1 0 0 0 0 
0 0 0 0 0 0 1 0 1 0 
0 1 0 0 0 0 0 0 1 0 
1 0 0 0 1 0 0 0 0 0 
1 0 0 0 0 1 0 0 0 0 
0 0 0 0 1 0 0 1 0 0 
0 0 0 0 0 1 0 1 0 0 
1 0 0 0 0 0 0 0 1 0 
0 0 0 0 0 0 0 1 1 0 
0 1 0 1 0 0 0 0 0 0 
0 0 0 0 1 1 0 0 0 0 
1 0 0 1 0 0 0 0 0 0 
0 1 0 0 0 0 0 0 0 1 
0 0 0 0 1 0 0 0 1 0 
0 0 0 0 0 1 0 0 1 0 
0 0 0 1 0 0 0 1 0 0 
1 0 0 0 0 0 0 0 0 1 
0 1 0 0 0 0 1 0 0 0 
0 0 0 0 0 0 0 1 0 1 
1 0 0 0 0 0 1 0 0 0 
0 0 0 1 1 0 0 0 0 0 
0 0 0 1 0 1 0 0 0 0 
0 0 0 0 0 0 1 1 0 0 
0 0 0 1 0 0 0 0 1 0 
0 1 0 0 1 0 0 0 0 0 
0 0 0 0 0 1 0 0 0 1 
1 0 0 0 0 0 0 0 0 1 
0 0 0 0 0 0 0 0 1 1 
0 0 1 0 1 0 0 0 0 0 
0 0 0 0 0 1 1 0 0 0 
0 1 0 0 0 0 1 0 0 0 
0 0 0 0 1 0 0 1 0 0 
1 0 0 0 0 0 0 0 1 0 
0 1 0 0 0 0 0 0 1 0 
0 0 1 0 0 0 1 0 0 0 
0 1 0 0 0 0 0 1 0 0 
0 1 0 0 0 0 0 0 0 1 
0 0 1 0 0 0 0 0 1 0 
1 1 0 0 0 0 0 0 0 0 
0 0 0 0 1 1 0 0 0 0 
0 1 0 0 0 1 0 0 0 0 
0 0 1 0 0 0 0 1 0 0 
0 0 1 0 1 0 0 0 0 0 
0 1 0 1 0 0 0 0 0 0 
0 0 1 0 0 0 1 0 0 0 
0 0 1 0 0 0 0 0 1 0 
0 0 0 1 1 0 0 0 0 0 
0 0 1 0 0 0 0 1 0 0 
0 0 1 0 0 0 0 0 0 1 
1 0 1 0 0 0 0 0 0 0 
0 0 0 1 0 0 1 0 0 0 
0 0 0 1 0 0 0 0 1 0 
0 0 1 0 1 0 0 0 0 0 
0 0 0 1 0 0 0 1 0 0 
0 0 1 0 0 0 1 0 0 0 
0 0 0 1 0 0 0 0 0 1 
1 0 0 1 0 0 0 0 0 0 
0 1 0 1 0 0 0 0 0 0 
0 0 1 0 0 0 0 0 1 0 
0 1 0 0 0 0 1 0 0 0 
0 0 1 0 0 0 0 1 0 0 
0 1 0 0 0 0 0 0 1 0 
0 0 1 0 0 0 0 0 0 1 
1 0 1 0 0 0 0 0 0 0 
0 1 0 0 0 0 0 0 0 1 
1 1 0 0 0 0 0 0 0 0 
0 0 1 1 0 0 0 0 0 0 
0 0 0 1 0 0 1 0 0 0 
0 0 1 0 0 0 1 0 0 0 
0 0 0 1 0 0 0 0 1 0 
0 1 0 0 1 0 0 0 0 0 
0 0 1 0 0 0 0 0 1 0 
0 0 0 1 0 0 0 1 0 0 
0 0 0 0 0 0 1 0 1 0 
0 0 0 1 0 0 0 0 0 1 
1 0 0 1 0 0 0 0 0 0 
0 0 1 0 0 0 0 1 0 0 
0 0 1 0 0 0 0 0 0 1 
0 0 0 0 0 0 1 0 0 1 
1 0 1 0 0 0 0 0 0 0 
1 0 0 0 0 0 1 0 0 0 
0 1 0 0 0 0 0 0 1 0 
0 1 0 0 0 0 0 1 0 0 
0 0 0 1 1 0 0 0 0 0 
0 1 0 0 0 0 0 0 0 1 
0 0 0 0 0 0 0 1 0 1 
1 1 0 0 0 0 0 0 0 0 
1 0 0 0 0 0 0 1 0 0 
0 0 1 0 1 0 0 0 0 0 
0 0 0 0 1 0 1 0 0 0 
1 0 0 0 0 0 0 0 0 1 
1 0 0 0 0 1 0 0 0 0 
0 0 0 1 0 0 0 0 1 0 
0 1 0 0 1 0 0 0 0 0 
0 0 0 1 0 0 0 1 0 0 
0 0 1 0 0 0 0 0 1 0 
0 0 0 0 1 0 0 0 0 1 
0 0 0 0 0 0 1 0 1 0 
1 0 0 1 0 0 0 0 0 0 
1 0 1 0 0 0 0 0 0 0 
1 0 0 0 0 0 1 0 0 0 
0 1 0 0 0 0 0 0 1 0 
0 0 0 0 0 0 0 0 1 1 
0 0 0 1 0 0 0 0 0 1 
0 0 1 0 1 0 0 0 0 0 
1 1 0 0 0 0 0 0 0 0 
0 0 0 1 1 0 0 0 0 0 
0 0 0 0 1 0 0 0 1 0 
0 0 0 0 1 0 0 1 0 0 
0 1 0 0 0 0 0 0 0 1 
0 0 1 0 0 0 0 0 1 0 
0 0 0 1 0 0 0 0 1 0 
0 0 0 0 1 1 0 0 0 0 
1 0 0 0 1 0 0 0 0 0 
0 0 0 1 0 0 0 1 0 0 
1 0 1 0 0 0 0 0 0 0 
1 0 0 1 0 0 0 0 0 0 
0 1 0 1 0 0 0 0 0 0 
0 0 1 0 1 0 0 0 0 0 
0 0 0 0 1 0 0 0 0 1 
0 0 0 0 0 1 0 0 1 0 
1 0 0 0 0 0 0 0 1 0 
0 0 0 0 0 1 0 1 0 0 
1 0 0 0 0 0 0 1 0 0 
0 0 0 0 0 0 1 0 1 0 
1 0 0 0 0 1 0 0 0 0 
0 0 0 1 1 0 0 0 0 0 
0 0 0 0 1 0 0 1 0 0 
0 1 0 0 0 0 1 0 0 0 
0 1 1 0 0 0 0 0 0 0 
0 1 0 0 0 0 0 0 0 1 
0 0 1 0 0 1 0 0 0 0 
0 0 0 0 0 1 0 0 0 1 
1 0 1 0 0 0 0 0 0 0 
1 0 0 0 1 0 0 0 0 0 
1 0 0 0 0 0 0 0 0 1 
0 1 0 1 0 0 0 0 0 0 
0 0 1 0 1 0 0 0 0 0 
0 0 1 0 0 0 0 0 0 1 
0 0 0 1 0 1 0 0 0 0 
0 0 0 0 1 0 0 0 0 1 
1 0 0 1 0 0 0 0 0 0 
1 0 0 0 0 0 0 1 0 0 
0 1 1 0 0 0 0 0 0 0 
1 0 1 0 0 0 0 0 0 0 
0 0 0 1 1 0 0 0 0 0 
0 0 0 1 0 0 0 0 0 1 
0 0 0 0 1 0 0 1 0 0 
0 0 0 0 0 0 0 1 0 1 
0 1 0 0 0 0 1 0 0 0 
0 1 0 0 1 0 0 0 0 0 
0 0 0 0 0 1 1 0 0 0 
1 0 0 0 0 0 1 0 0 0 
1 0 0 0 1 0 0 0 0 0 
0 0 1 0 0 0 0 0 0 1 
0 0 0 1 0 0 0 1 0 0 
0 0 0 0 0 0 1 0 0 1 
0 0 0 0 1 0 0 0 0 1 
0 0 0 0 0 1 0 1 0 0 
1 0 0 0 0 0 0 1 0 0 
0 1 1 0 0 0 0 0 0 0 
0 0 0 1 1 0 0 0 0 0 
1 0 1 0 0 0 0 0 0 0 
1 0 0 0 0 0 1 0 0 0 
0 1 0 0 0 0 1 0 0 0 
1 0 0 0 1 0 0 0 0 0 
0 0 0 1 0 0 0 0 0 1 
0 0 0 0 0 0 0 1 0 1 
0 0 0 0 0 1 0 0 1 0 
0 0 0 0 1 0 0 0 1 0 
0 0 0 0 1 0 0 0 0 1 
0 0 0 0 0 0 1 0 0 1 
1 0 0 0 0 0 0 1 0 0 
0 1 0 0 0 0 1 0 0 0 
1 0 1 0 0 0 0 0 0 0 
0 1 0 0 0 0 0 0 1 0 
1 0 0 0 0 0 0 0 1 0 
0 0 0 0 0 1 0 1 0 0 
1 0 0 0 0 0 0 0 0 1 
0 0 0 0 0 1 0 0 1 0 
0 0 0 0 0 1 0 0 0 1 
0 1 0 0 0 0 1 0 0 0 
1 0 0 0 0 0 0 1 0 0 
0 0 0 1 0 0 0 1 0 0 
0 1 1 0 0 0 0 0 0 0 
0 1 0 0 0 0 0 0 1 0 
1 0 0 0 1 0 0 0 0 0 
1 0 0 0 0 0 0 0 1 0 
0 1 0 0 0 0 0 0 0 1 
0 0 0 1 0 0 0 0 1 0 
0 0 0 0 1 0 0 1 0 0 
0 0 0 0 0 1 1 0 0 0 
0 0 0 0 0 0 0 1 1 0 
1 0 0 0 0 0 0 0 0 1 
0 0 0 1 0 0 0 0 0 1 
0 0 1 0 0 1 0 0 0 0 
0 0 0 0 0 0 0 1 0 1 
0 0 0 0 0 1 0 0 0 1 
1 0 0 0 0 1 0 0 0 0 
0 0 0 0 1 0 0 0 1 0 
0 1 0 0 0 0 1 0 0 0 
0 1 0 0 0 0 0 0 0 1 
0 0 0 0 0 0 1 1 0 0 
1 1 0 0 0 0 0 0 0 0 
0 0 0 1 1 0 0 0 0 0 
0 0 0 1 0 0 0 0 1 0 
0 0 0 0 1 0 0 1 0 0 
1 0 0 1 0 0 0 0 0 0 
0 0 0 0 0 0 0 1 1 0 
0 0 0 0 0 0 0 1 0 1 
1 0 0 0 0 0 0 1 0 0 
0 0 0 0 0 1 1 0 0 0 
0 0 1 0 0 1 0 0 0 0 
0 0 0 0 0 1 0 0 0 1 
1 0 0 0 0 1 0 0 0 0 
0 0 0 1 0 0 0 1 0 0 
0 0 0 0 0 0 1 1 0 0 
0 1 0 0 0 0 0 0 0 1 
1 1 0 0 0 0 0 0 0 0 
0 0 0 0 1 0 0 1 0 0 
0 0 0 0 0 0 0 1 1 0 
0 0 0 0 0 0 0 1 0 1 
1 0 0 0 0 0 0 1 0 0 
0 0 0 0 1 0 1 0 0 0 
0 0 0 0 0 1 1 0 0 0 
0 0 0 0 0 0 1 0 1 0 
0 0 0 0 0 0 1 0 0 1 
0 0 1 0 0 1 0 0 0 0 
0 0 0 0 1 0 0 0 0 1 
1 0 0 0 1 0 0 0 0 0 
0 0 0 0 0 1 0 0 1 0 
0 0 0 0 0 1 0 0 0 1 
0 0 0 0 0 0 0 0 1 1 
1 0 0 0 0 1 0 0 0 0 
1 0 0 0 0 0 0 0 1 0 
0 0 0 0 0 0 1 1 0 0 
0 0 1 0 0 0 0 1 0 0 
0 0 0 0 1 0 1 0 0 0 
0 0 0 0 1 0 0 1 0 0 
0 0 0 0 0 0 1 0 1 0 
0 0 0 0 0 0 1 0 0 1 
0 0 0 0 0 0 0 1 0 1 
1 0 0 0 0 0 0 1 0 0 
0 1 1 0 0 0 0 0 0 0 
0 0 0 0 1 0 0 0 0 1 
0 0 0 0 0 0 0 0 1 1 
1 0 0 0 0 0 0 0 0 1 
0 0 0 0 0 0 1 1 0 0 
0 0 0 1 0 0 0 0 1 0 
0 1 0 0 0 0 1 0 0 0 
0 0 0 0 1 0 0 1 0 0 
0 0 0 0 0 0 1 0 0 1 
0 0 0 0 0 0 0 1 0 1 
1 0 0 0 0 1 0 0 0 0 
0 1 1 0 0 0 0 0 0 0 
0 0 0 0 1 0 0 0 0 1 
0 0 1 0 0 0 0 0 1 0 
0 0 0 1 1 0 0 0 0 0 
0 0 0 0 0 0 1 0 0 1 
0 0 0 0 0 1 0 0 0 1 
0 0 0 0 1 0 0 1 0 0 
0 0 0 0 0 0 1 0 1 0 
0 0 0 0 0 1 1 0 0 0 
0 0 0 0 0 0 1 0 0 1 
0 0 0 0 0 1 0 0 0 1 
0 0 1 0 0 1 0 0 0 0 
0 1 0 0 0 0 0 0 1 0 
0 0 1 0 0 0 0 0 1 0 
1 1 1 1 1 1 1 1 1 1 
;
TIMETABLE BEST: 
0.0 0.0 0.0 0.0 0.0 0.0 0.0 0.0 0.0 0.0 
0 14 0 0 0 0 0 0 0 0 
0 14 17 0 0 0 0 0 0 0 
0 14 17 18 0 0 0 0 0 0 
0 14 17 18 24 0 0 0 0 0 
0 14 17 18 24 24 0 0 0 0 
0 14 17 18 24 24 26 0 0 0 
17 14 17 18 24 24 26 0 0 0 
17 14 17 18 24 24 26 0 0 0 
17 14 17 33 24 24 26 0 0 0 
17 14 17 33 24 24 26 18 0 0 
17 14 17 33 24 24 26 18 0 36 
17 14 17 33 24 24 26 18 0 36 
17 14 17 33 24 24 26 18 0 36 
17 14 17 33 24 24 39 18 0 36 
17 14 17 33 24 24 39 18 26 36 
17 14 17 33 24 24 39 18 26 36 
17 14 17 33 24 24 39 18 26 36 
17 14 17 33 24 24 39 18 26 36 
17 14 17 33 24 24 39 18 26 36 
17 14 17 33 24 24 39 18 26 36 
17 14 17 33 24 24 39 18 26 36 
17 14 17 33 24 24 39 18 26 36 
17 14 17 33 24 24 39 18 26 36 
17 14 17 33 24 24 39 18 26 36 
17 14 17 33 24 24 39 18 26 36 
17 14 17 33 24 24 39 18 26 36 
17 14 17 33 24 24 39 18 26 36 
17 14 17 33 24 24 39 18 26 36 
17 14 17 33 24 24 39 18 26 36 
17 14 17 33 24 24 39 18 26 36 
17 14 17 33 24 24 39 18 26 36 
17 14 17 33 24 24 39 18 26 36 
17 14 17 33 24 24 39 18 26 36 
17 14 17 33 24 24 39 18 26 36 
17 14 17 33 24 24 39 18 26 36 
17 14 17 33 24 24 39 18 26 36 
17 14 17 33 46 24 39 18 26 36 
17 14 17 33 46 24 39 18 26 36 
26 14 17 33 46 24 39 18 26 36 
26 14 17 33 46 24 39 18 26 36 
26 14 17 33 46 24 39 18 26 36 
26 14 17 33 46 24 39 18 26 36 
26 14 17 33 46 24 50 18 26 36 
26 14 17 33 46 24 50 18 26 36 
26 14 17 33 46 24 50 18 39 36 
26 14 17 33 46 24 50 18 52 36 
26 14 17 33 46 24 50 18 52 36 
26 14 17 33 46 24 50 54 52 36 
26 14 17 33 46 24 50 54 52 55 
26 14 17 33 46 24 50 54 52 55 
56 14 17 33 46 24 50 54 52 55 
56 14 17 33 46 24 50 54 52 55 
56 28 17 33 46 43 50 54 52 55 
56 28 17 33 46 43 50 54 52 55 
56 28 26 33 46 43 50 54 52 55 
56 41 26 33 46 43 50 54 52 55 
56 41 26 33 46 43 50 54 52 55 
56 41 26 33 46 43 50 54 52 55 
56 41 26 33 46 43 50 54 52 55 
56 41 26 33 46 43 50 54 52 55 
56 41 26 33 46 43 50 54 52 55 
56 41 26 33 46 43 50 54 52 55 
56 41 26 33 46 43 50 54 52 55 
56 41 26 33 46 43 50 54 52 55 
56 41 26 33 60 43 50 54 52 55 
56 41 26 33 60 43 50 54 52 55 
56 41 38 33 60 43 50 54 52 55 
56 41 38 33 60 43 50 54 52 55 
56 41 38 33 60 43 50 54 52 55 
56 41 38 48 60 43 50 54 52 55 
56 41 38 48 60 43 50 54 52 55 
56 41 38 48 60 43 50 54 52 55 
56 41 38 48 60 43 50 54 52 55 
56 41 38 48 60 43 50 54 52 55 
56 41 38 48 60 43 50 54 52 55 
56 41 38 48 60 43 50 54 52 55 
56 41 38 48 60 43 50 54 52 55 
56 41 38 48 60 43 50 54 52 55 
56 41 50 48 60 43 50 54 52 55 
56 41 50 48 60 43 50 54 52 55 
56 41 50 48 60 43 50 54 52 55 
56 41 50 48 60 43 50 54 52 55 
56 41 50 48 60 43 50 54 52 55 
56 41 50 48 60 43 50 54 52 55 
56 41 50 48 60 43 50 54 52 55 
56 41 50 48 60 43 50 54 52 55 
56 41 50 48 60 43 50 54 52 55 
56 41 50 48 60 43 50 54 52 55 
56 41 50 48 60 43 50 54 52 55 
56 41 50 48 60 43 50 54 52 55 
56 41 50 48 60 43 50 54 52 55 
56 41 50 48 60 43 50 54 52 55 
56 41 50 48 60 43 50 54 52 55 
56 41 50 48 60 43 50 54 65 55 
56 54 50 48 60 43 50 54 65 55 
56 54 50 48 60 43 50 54 65 55 
56 54 50 48 60 43 50 54 65 55 
56 54 50 48 60 43 50 54 65 55 
56 54 50 48 60 43 50 54 65 55 
56 54 50 48 60 43 50 54 65 55 
56 54 50 48 60 43 50 54 65 55 
56 54 50 48 60 43 50 54 65 55 
56 54 50 48 60 43 50 54 65 55 
69 54 50 48 60 43 50 54 65 55 
69 54 50 48 60 43 50 54 65 55 
69 54 50 48 60 43 50 54 65 55 
69 54 50 48 60 43 50 66 65 55 
69 54 50 48 60 43 50 66 65 55 
69 54 50 48 60 43 50 66 65 55 
69 54 50 48 60 43 50 66 65 55 
69 54 50 48 60 43 50 66 65 55 
69 54 50 48 60 43 50 66 65 55 
69 54 50 48 60 43 50 66 65 55 
69 54 50 48 60 43 50 66 65 55 
69 54 50 48 60 43 50 66 65 55 
69 54 50 48 60 43 50 66 65 73 
69 54 62 48 60 43 50 66 65 73 
69 54 62 48 60 43 50 66 65 73 
69 54 62 63 60 43 50 66 65 73 
69 54 62 63 60 43 50 66 65 73 
69 54 62 63 60 43 50 66 65 73 
69 54 62 63 60 43 50 66 65 73 
69 54 62 63 60 43 50 66 65 73 
69 54 62 63 60 43 50 66 65 73 
69 54 62 63 60 68 50 66 65 73 
69 54 62 63 60 68 50 66 65 73 
69 54 62 63 60 68 50 66 65 73 
69 54 62 63 60 68 50 66 65 73 
69 54 62 63 60 68 50 66 65 73 
69 54 62 78 60 68 50 66 65 73 
69 54 73 78 60 68 50 66 65 73 
69 54 73 78 60 68 50 66 65 73 
69 54 73 78 60 68 50 66 65 73 
69 54 73 78 60 68 50 66 65 73 
69 54 73 78 60 68 50 66 65 73 
69 54 73 78 60 68 50 66 65 73 
69 54 73 78 60 68 50 66 85 73 
69 54 73 78 60 68 50 66 85 73 
69 54 73 78 60 68 50 66 85 73 
69 54 73 78 60 68 50 78 85 73 
69 54 73 78 60 68 85 78 85 73 
69 67 73 78 60 68 85 78 85 73 
69 67 73 78 60 68 85 78 85 73 
69 67 73 78 60 68 85 78 85 73 
69 67 73 78 60 68 85 78 85 73 
69 67 73 78 60 68 85 78 85 73 
69 67 73 78 73 68 85 78 85 73 
69 67 73 78 73 68 85 78 85 73 
69 67 73 78 73 68 85 78 85 73 
69 67 73 78 73 68 85 78 85 73 
69 67 73 78 73 68 85 78 85 73 
69 67 73 78 73 68 85 78 85 73 
69 67 73 78 73 68 85 78 85 73 
69 67 73 78 73 68 85 78 85 73 
69 67 73 78 73 68 85 78 85 73 
69 67 82 78 73 68 85 78 85 73 
69 67 82 78 73 68 85 78 85 73 
69 67 82 78 73 68 85 78 85 73 
69 67 82 78 73 68 85 78 85 73 
69 67 82 78 73 68 85 78 85 73 
69 67 82 78 73 68 85 78 85 73 
69 67 82 78 73 68 85 78 85 73 
69 67 82 78 86 68 85 78 85 73 
69 67 82 78 86 68 85 78 85 73 
69 67 82 78 86 68 85 78 85 73 
69 67 82 78 86 68 85 78 85 73 
69 67 82 78 86 68 85 78 85 73 
69 67 82 78 86 68 85 78 85 73 
69 67 82 78 86 68 85 78 85 73 
69 67 82 78 86 68 85 78 85 73 
69 67 82 78 86 84 85 78 85 73 
69 67 82 78 86 84 85 94 85 73 
69 67 96 78 86 84 85 94 85 73 
69 67 96 78 86 84 85 94 85 73 
69 67 96 78 86 84 85 94 85 73 
80 67 96 78 86 84 85 94 85 73 
80 67 96 78 86 84 98 94 85 73 
80 67 96 78 86 84 98 94 85 73 
80 67 96 93 86 84 98 94 85 73 
80 67 96 93 86 84 98 94 85 73 
80 67 96 93 86 84 98 94 85 73 
80 67 96 93 86 84 98 94 85 73 
80 67 96 93 98 84 98 94 85 73 
80 67 96 93 98 84 98 94 85 73 
80 67 96 93 98 84 98 94 85 73 
80 67 96 93 98 84 108 94 85 73 
80 67 96 93 98 84 108 94 85 73 
80 78 96 93 98 84 108 94 98 73 
80 78 96 93 98 84 108 94 98 73 
80 78 96 93 98 84 108 94 98 73 
80 78 96 93 98 84 108 94 98 100 
80 78 96 93 98 84 108 94 98 100 
80 78 96 93 98 84 108 94 98 100 
80 78 96 93 98 84 108 94 98 100 
93 78 96 93 98 84 108 94 98 100 
93 78 96 93 98 84 108 94 98 100 
93 78 110 93 98 84 108 94 98 100 
93 91 110 93 98 84 108 94 98 100 
93 91 110 93 98 84 108 94 98 100 
93 91 110 93 98 84 108 94 98 100 
93 91 110 93 98 84 108 94 98 100 
93 91 110 93 98 84 108 94 98 100 
93 91 110 93 98 84 108 94 98 100 
93 91 110 93 98 84 108 94 98 100 
93 91 110 93 98 84 108 94 98 100 
93 91 110 93 98 84 108 94 98 100 
93 91 110 93 98 84 108 94 98 100 
93 91 110 93 98 84 108 94 98 100 
93 91 110 93 98 84 108 94 98 100 
93 91 110 93 98 84 108 94 98 111 
112 91 110 93 98 84 108 94 98 111 
112 91 110 93 98 84 108 94 98 111 
112 91 110 93 98 84 108 94 98 111 
112 91 110 93 98 84 108 94 98 111 
112 91 110 93 98 84 108 94 98 111 
112 91 110 93 98 84 108 94 98 111 
112 91 110 93 110 84 108 94 98 111 
112 91 110 93 110 84 108 94 111 111 
112 91 110 93 110 84 108 94 111 111 
112 91 110 93 110 84 108 94 111 111 
112 91 110 93 110 84 108 94 111 111 
112 91 110 93 110 84 108 94 111 111 
112 91 110 93 110 84 108 94 111 111 
112 91 110 93 110 98 108 94 111 111 
112 91 110 93 110 98 108 94 111 111 
112 91 110 93 110 98 108 94 111 111 
112 91 110 93 110 98 108 94 111 111 
112 91 110 108 110 98 108 106 111 111 
112 91 110 108 110 98 108 106 111 111 
112 104 110 108 110 98 108 106 111 111 
112 104 110 108 110 98 108 106 111 111 
112 104 110 108 110 98 108 106 111 111 
112 104 110 108 110 98 108 106 111 111 
112 104 110 108 110 98 108 106 111 111 
112 104 110 108 110 98 108 106 111 111 
112 104 110 108 110 98 108 106 111 111 
112 104 110 108 110 111 108 106 111 111 
112 104 110 108 110 111 108 106 111 111 
112 104 110 108 110 111 108 106 111 111 
112 104 110 108 110 111 108 106 111 111 
112 104 110 108 110 111 108 106 111 111 
112 104 110 108 110 111 108 106 111 111 
112 104 110 108 110 111 108 106 111 111 
112 104 110 108 110 111 108 106 111 111 
112 104 110 108 110 111 108 106 111 111 
112 104 110 108 110 111 108 106 111 111 
112 104 110 108 110 111 108 106 111 111 
112 104 110 108 110 111 108 118 111 111 
112 104 110 108 110 111 108 118 111 111 
112 104 110 108 110 111 118 118 111 111 
112 104 110 108 110 111 118 118 111 111 
112 104 110 108 110 111 118 118 111 111 
112 104 110 108 110 111 118 118 111 111 
112 104 110 108 110 111 118 118 111 111 
112 104 110 108 110 111 118 118 111 111 
112 120 110 108 110 111 118 118 111 111 
112 120 110 108 110 111 118 118 111 122 
112 120 110 108 110 111 118 118 111 122 
112 120 110 108 110 111 118 118 111 122 
112 120 110 108 110 111 118 118 111 122 
112 120 110 126 110 111 118 118 111 122 
112 120 110 126 110 111 118 118 111 122 
112 120 110 126 122 111 118 118 111 122 
112 120 110 126 122 111 118 118 111 122 
112 120 110 126 122 111 118 118 111 122 
112 120 110 126 122 129 118 118 111 122 
112 132 110 126 122 129 118 118 111 122 
112 132 110 126 122 129 118 118 111 122 
112 132 134 126 122 129 118 118 111 122 
112 132 134 126 122 129 118 118 111 122 
112 132 134 126 122 129 128 118 111 122 
112 132 134 126 122 129 128 118 111 122 
112 132 134 126 134 129 128 118 111 122 
112 132 134 126 134 129 128 118 124 122 
112 132 134 126 134 129 128 118 124 122 
112 132 134 126 134 129 139 118 124 122 
112 132 134 126 134 129 139 118 124 133 
112 132 134 126 134 129 139 118 124 133 
112 143 134 126 134 129 139 118 137 133 
112 143 146 126 134 129 139 118 137 133 
148.0 182.0 172.0 150.0 208.0 200.0 240.0 172.0 220.0 234.0 
;
EXECUTION TIME HBSS: 9356.7283411 seconds 

-------------------------------------------------------------------
