DATFILE : bwopen0_9r_500.dat
ENVIRONMENT : bwopen
ALGORITHM : HBSS - TAU 6
RANGE : 500
STARTING_POS : 0
N_ROBOTS : 9
GREEDY SOLUTION : 475.0
COMPUTATIONS T :
538.0
485.0
491.0
491.0
556.0
483.0
491.0
503.0
491.0
495.0
491.0
537.0
486.0
488.0
551.0
483.0
496.0
491.0
497.0
491.0
497.0
491.0
534.0
491.0
492.0
526.0
540.0
468.0
532.0
515.0
491.0
517.0
485.0
491.0
491.0
482.0
500.0
491.0
483.0
519.0
557.0
499.0
490.0
482.0
590.0
510.0
515.0
515.0
511.0
510.0
506.0
514.0
515.0
488.0
491.0
519.0
491.0
506.0
491.0
491.0
519.0
490.0
491.0
491.0
491.0
491.0
512.0
512.0
497.0
481.0
488.0
545.0
520.0
491.0
491.0
505.0
511.0
491.0
491.0
527.0
491.0
494.0
484.0
507.0
508.0
496.0
491.0
523.0
491.0
508.0
524.0
509.0
491.0
491.0
496.0
539.0
528.0
496.0
491.0
500.0
530.0
491.0
513.0
491.0
491.0
485.0
492.0
491.0
510.0
523.0
531.0
502.0
549.0
519.0
496.0
491.0
490.0
491.0
497.0
543.0
529.0
496.0
500.0
490.0
542.0
482.0
551.0
491.0
505.0
506.0
491.0
491.0
497.0
491.0
522.0
491.0
491.0
482.0
487.0
524.0
507.0
500.0
518.0
491.0
491.0
490.0
505.0
491.0
500.0
512.0
491.0
491.0
526.0
535.0
502.0
498.0
515.0
519.0
494.0
536.0
500.0
511.0
511.0
507.0
491.0
490.0
520.0
501.0
526.0
521.0
524.0
491.0
491.0
491.0
516.0
500.0
501.0
493.0
502.0
491.0
497.0
523.0
500.0
500.0
496.0
529.0
519.0
491.0
490.0
519.0
545.0
497.0
524.0
519.0
491.0
514.0
531.0
490.0
491.0
491.0
;
HBBS bestT : 468.0
BEST_CONFIGURATIONS : 
0 0 0 0 0 0 0 0 0 
0 4 0 0 0 0 0 0 0 
0 4 26 0 0 0 0 0 0 
0 4 26 0 0 0 0 0 0 
0 4 26 1 0 0 0 0 0 
0 4 26 1 0 0 0 0 0 
0 4 26 1 0 0 0 0 0 
0 4 26 1 5 0 0 0 0 
0 4 26 1 5 22 0 0 0 
0 4 26 1 5 22 0 0 0 
0 4 26 1 5 22 0 0 0 
0 4 26 1 5 22 0 0 0 
0 4 26 1 5 22 0 0 0 
0 4 26 1 5 22 0 0 0 
0 4 26 1 5 22 0 0 0 
0 4 26 1 5 22 0 0 0 
0 4 26 1 5 22 8 0 0 
0 4 26 1 5 22 8 0 0 
0 4 26 1 5 22 8 0 0 
0 4 26 1 5 22 8 0 0 
0 4 26 1 5 22 8 0 0 
0 4 26 1 5 22 8 0 0 
0 4 26 1 5 22 8 27 0 
0 4 26 1 5 22 8 27 0 
0 4 26 1 5 22 8 27 0 
0 4 26 1 5 22 8 27 0 
0 4 26 1 5 22 8 27 0 
0 4 26 1 5 22 8 27 0 
0 4 26 1 5 22 8 27 0 
0 4 26 1 5 22 8 27 2 
0 4 26 1 5 22 8 27 2 
0 4 26 1 5 22 8 27 2 
0 4 26 1 5 22 8 27 2 
0 4 26 1 5 22 8 27 2 
0 4 26 1 5 22 8 27 2 
0 4 26 1 5 22 8 27 2 
0 4 26 1 5 22 8 27 2 
0 4 26 1 5 22 13 27 2 
0 4 26 1 5 22 13 27 2 
0 4 5 1 5 22 13 27 2 
0 4 5 1 5 22 13 27 2 
0 4 5 1 22 22 13 27 2 
0 4 5 1 22 8 13 27 2 
0 4 5 1 22 8 13 27 2 
0 4 5 1 22 8 13 27 6 
0 4 5 1 22 8 13 27 6 
0 4 5 1 22 8 13 27 6 
0 4 5 1 22 8 13 27 6 
0 4 5 1 22 8 13 27 6 
0 4 5 1 22 8 13 27 6 
0 4 5 1 22 8 13 27 6 
0 4 5 1 22 8 17 27 6 
0 4 5 1 22 8 17 27 6 
0 4 5 1 22 8 17 27 6 
0 4 5 1 22 8 17 27 6 
0 4 5 1 22 8 17 27 6 
0 4 5 1 22 8 17 27 6 
0 4 5 1 22 8 17 27 21 
0 4 5 1 22 8 17 27 21 
0 4 5 1 22 8 17 27 21 
0 26 5 1 22 8 13 27 21 
26 26 5 1 22 8 13 27 6 
26 26 5 1 22 8 13 9 6 
26 5 5 1 22 8 13 9 6 
26 5 4 1 22 8 13 9 6 
26 5 4 1 22 8 13 9 6 
26 5 4 1 8 8 13 9 6 
26 5 4 1 8 13 13 9 6 
26 5 4 1 8 13 13 9 6 
26 5 4 1 8 13 17 9 6 
26 5 4 1 8 13 17 9 6 
26 5 4 1 8 13 17 9 6 
22 5 4 1 8 13 17 9 6 
22 5 4 1 8 13 17 9 21 
22 5 4 1 8 13 25 9 21 
22 5 4 1 8 13 25 9 21 
22 5 4 1 8 13 25 9 21 
22 5 4 1 8 13 25 9 21 
22 5 4 1 8 13 25 9 21 
22 5 4 1 8 13 25 9 21 
22 5 4 1 8 13 25 9 21 
22 26 4 1 8 13 25 9 21 
22 26 4 1 8 13 25 9 3 
22 26 4 1 8 17 25 9 3 
22 26 4 1 8 17 25 9 3 
22 26 0 1 8 17 25 9 3 
22 26 0 1 8 17 25 9 3 
9 26 0 27 8 17 25 9 3 
9 26 0 27 25 17 25 9 3 
9 26 0 27 25 17 25 9 3 
9 26 0 27 25 17 18 9 3 
9 4 0 27 25 17 18 9 3 
9 4 0 27 25 17 18 9 3 
9 4 0 27 25 17 18 9 3 
9 4 0 27 25 13 18 9 3 
9 4 0 27 25 13 18 10 3 
9 4 0 27 25 13 18 10 3 
9 4 0 27 25 13 18 10 3 
9 4 0 27 25 13 18 10 3 
9 4 0 27 25 13 18 10 3 
9 4 0 27 25 13 18 10 3 
9 4 0 27 25 13 18 10 3 
9 4 0 27 25 13 18 10 3 
9 4 0 27 25 13 14 10 3 
9 4 0 27 25 13 14 15 3 
9 4 0 27 25 13 14 15 3 
9 4 0 27 25 13 14 15 3 
9 4 0 27 25 13 14 15 3 
9 4 0 27 25 13 14 15 3 
9 4 0 27 25 13 14 15 3 
9 4 0 27 25 13 14 15 3 
9 4 0 27 25 13 14 15 3 
9 4 0 27 25 13 14 15 3 
9 4 0 27 25 13 14 15 3 
9 4 0 27 25 13 14 15 3 
9 4 0 27 25 13 14 15 3 
9 26 0 27 25 13 14 15 3 
9 26 0 27 25 13 14 10 3 
9 26 0 27 25 17 14 10 3 
9 26 0 27 25 17 14 10 3 
9 26 0 27 25 17 14 10 3 
9 26 0 27 25 17 14 10 21 
9 26 0 27 25 17 14 10 21 
9 26 0 27 18 17 14 10 21 
9 26 0 27 18 17 14 10 21 
9 26 0 27 18 17 14 10 21 
24 26 0 27 18 17 14 10 21 
24 26 0 27 18 17 14 10 21 
24 26 0 1 18 17 14 10 21 
24 26 0 1 18 17 14 10 21 
24 26 0 1 18 17 14 10 21 
24 26 0 1 18 17 14 10 21 
24 26 0 1 18 17 14 10 21 
24 26 0 1 18 17 14 10 21 
24 26 0 1 18 17 14 10 21 
24 26 0 1 18 17 14 10 21 
24 26 0 1 18 17 14 10 21 
24 5 0 1 18 17 14 10 21 
24 5 0 1 18 17 14 10 21 
24 5 0 1 18 17 14 10 21 
24 5 0 1 18 17 14 10 21 
24 5 0 1 18 13 14 10 21 
24 5 0 1 18 13 14 10 3 
24 5 4 1 18 13 14 10 3 
24 5 4 27 18 13 14 10 3 
24 5 4 27 18 13 14 15 3 
24 5 4 27 18 13 14 15 3 
24 5 4 27 18 13 14 15 3 
24 5 4 27 18 17 15 15 3 
24 5 4 27 18 17 15 15 21 
24 5 26 27 18 17 15 15 21 
24 5 26 9 18 17 15 15 21 
24 22 26 9 18 17 15 15 21 
24 22 26 9 14 17 15 15 21 
24 22 26 9 14 17 15 15 21 
24 22 26 9 14 17 15 10 21 
24 22 26 9 14 17 15 10 21 
24 22 26 9 14 25 15 10 21 
24 22 26 9 14 25 15 10 6 
24 22 26 9 14 25 15 10 6 
24 22 26 9 14 25 15 10 6 
24 22 26 9 14 25 15 10 6 
24 22 26 9 14 25 15 10 6 
24 8 26 9 14 25 15 10 6 
24 8 26 10 14 25 15 10 6 
24 8 26 10 14 25 15 10 6 
24 8 26 10 14 25 15 10 6 
24 8 1 10 14 25 15 10 6 
24 8 1 10 14 18 15 10 6 
24 8 1 10 14 18 15 10 6 
6 8 1 10 14 18 15 11 6 
6 8 1 10 14 18 15 11 6 
6 8 1 10 14 18 15 11 6 
6 8 1 10 14 18 15 11 6 
6 8 1 10 14 18 15 11 6 
6 8 1 10 14 18 15 11 6 
6 8 1 10 14 18 15 11 21 
6 22 1 10 14 18 15 11 21 
6 22 1 10 14 18 15 11 21 
6 22 1 10 14 18 15 11 21 
6 22 1 24 14 18 15 11 21 
6 26 1 24 14 18 15 11 21 
6 26 27 24 14 18 15 11 21 
6 26 27 24 14 18 15 11 3 
6 26 27 24 9 18 15 11 3 
6 26 27 24 9 18 15 11 3 
6 26 27 24 9 25 15 11 3 
6 5 27 24 9 25 15 11 3 
6 5 27 24 9 25 19 11 3 
6 5 27 24 9 25 19 11 3 
6 5 27 24 9 25 19 11 3 
6 5 27 24 9 25 19 11 3 
6 5 27 24 9 25 19 11 3 
6 5 27 24 9 25 19 11 3 
6 5 27 24 9 25 19 11 21 
6 5 27 24 9 25 19 11 21 
6 22 27 24 9 25 19 11 21 
6 22 27 24 9 17 19 11 21 
6 22 27 10 9 17 19 11 21 
21 22 27 10 9 17 19 11 3 
21 22 27 10 14 17 19 11 3 
21 22 2 10 14 17 19 11 3 
21 22 2 10 14 17 19 11 3 
21 22 2 10 14 17 19 11 3 
21 22 2 10 14 17 19 11 3 
21 22 2 10 14 17 19 11 3 
21 22 2 10 14 17 19 11 3 
21 22 2 10 14 13 19 11 3 
21 22 2 15 14 13 19 11 3 
21 8 2 15 14 13 19 11 3 
21 8 2 15 14 13 19 11 3 
21 8 2 15 18 13 19 11 3 
6 8 2 15 18 13 19 11 3 
6 8 2 15 18 13 19 11 7 
6 8 2 15 18 13 19 11 7 
6 8 2 15 18 13 19 11 7 
6 8 2 15 18 13 19 11 7 
6 8 2 15 18 13 19 11 7 
6 8 2 10 18 13 19 11 7 
21 8 2 10 18 13 19 11 7 
21 8 2 10 18 13 20 11 7 
21 8 2 10 18 13 20 11 7 
21 8 2 10 14 13 20 11 7 
21 8 2 10 14 25 20 11 7 
21 8 2 10 14 25 20 11 7 
21 8 2 10 14 25 20 11 7 
21 8 6 10 14 25 20 11 7 
21 9 6 10 14 25 20 11 7 
21 9 6 10 14 25 20 11 7 
21 9 6 15 14 25 20 11 7 
21 9 6 15 18 25 20 11 7 
3 9 6 15 18 25 20 11 7 
3 9 6 15 18 25 20 11 7 
3 9 24 15 18 25 20 11 7 
3 9 24 15 18 25 20 11 7 
3 27 24 15 18 25 20 11 7 
3 27 24 15 18 25 20 11 7 
3 27 24 15 18 25 20 12 7 
3 27 24 15 18 25 20 12 7 
3 27 24 15 18 25 20 12 7 
3 27 24 10 18 25 20 12 7 
3 27 24 10 18 15 20 12 7 
3 27 24 10 18 15 20 12 7 
3 27 24 10 18 15 20 12 7 
3 27 24 10 19 15 20 12 7 
3 27 24 10 19 15 20 12 7 
21 27 24 10 19 15 20 12 7 
21 27 6 10 19 15 20 12 7 
21 27 6 10 19 15 23 12 7 
21 27 6 10 19 15 23 12 7 
21 27 6 9 19 15 23 12 7 
21 27 6 9 19 15 23 12 7 
21 27 6 9 19 15 23 12 7 
21 27 6 9 19 10 23 12 7 
21 27 6 9 19 10 23 12 7 
21 27 6 9 19 10 23 12 7 
21 2 6 9 19 10 23 12 7 
21 2 6 9 19 10 23 12 7 
21 2 6 9 19 10 16 12 7 
21 2 6 9 19 10 16 12 7 
21 2 6 9 19 10 16 12 7 
21 2 6 9 19 10 16 12 7 
21 2 6 9 19 10 16 12 7 
21 2 6 9 19 10 16 12 7 
21 2 6 9 19 10 16 12 7 
21 2 6 9 19 15 16 12 7 
3 2 6 9 19 15 16 12 7 
3 2 24 9 19 15 16 12 7 
3 2 24 9 19 15 16 12 7 
3 2 24 9 20 15 16 12 7 
3 2 24 14 20 15 16 12 7 
3 2 24 14 20 15 16 23 7 
3 2 24 14 20 15 16 23 7 
3 2 24 14 20 15 16 23 7 
3 2 24 14 20 15 16 23 7 
3 2 24 14 20 15 16 23 7 
3 2 24 14 20 15 16 23 7 
3 2 24 14 20 15 16 23 11 
3 2 24 14 20 15 16 23 11 
3 2 24 18 23 15 16 23 11 
3 2 24 18 23 15 12 23 11 
0 0 0 0 0 0 0 0 0 
;
ROBOT MOVING BEST:
0 0 0 0 0 0 0 0 0 
1 1 0 0 0 0 0 0 0 
1 0 1 0 0 0 0 0 0 
0 1 1 0 0 0 0 0 0 
1 0 0 1 0 0 0 0 0 
0 1 0 1 0 0 0 0 0 
0 0 1 1 0 0 0 0 0 
1 0 0 0 1 0 0 0 0 
1 0 0 0 0 1 0 0 0 
0 1 0 0 1 0 0 0 0 
0 1 0 0 0 1 0 0 0 
0 0 1 0 1 0 0 0 0 
0 0 1 0 0 1 0 0 0 
0 0 0 1 1 0 0 0 0 
0 0 0 1 0 1 0 0 0 
0 0 0 0 1 1 0 0 0 
1 0 0 0 0 0 1 0 0 
0 1 0 0 0 0 1 0 0 
0 0 1 0 0 0 1 0 0 
0 0 0 1 0 0 1 0 0 
0 0 0 0 1 0 1 0 0 
0 0 0 0 0 1 1 0 0 
1 0 0 0 0 0 0 1 0 
0 1 0 0 0 0 0 1 0 
0 0 1 0 0 0 0 1 0 
0 0 0 1 0 0 0 1 0 
0 0 0 0 1 0 0 1 0 
0 0 0 0 0 1 0 1 0 
0 0 0 0 0 0 1 1 0 
1 0 0 0 0 0 0 0 1 
0 0 1 0 0 0 0 0 1 
0 1 0 0 0 0 0 0 1 
0 0 0 1 0 0 0 0 1 
0 0 0 0 1 0 0 0 1 
0 0 0 0 0 1 0 0 1 
0 0 0 0 0 0 1 0 1 
0 0 0 0 0 0 0 1 1 
1 0 0 0 0 0 1 0 0 
0 1 0 0 0 0 1 0 0 
0 0 1 0 0 0 1 0 0 
0 0 0 1 0 0 1 0 0 
0 0 0 0 1 0 1 0 0 
0 0 0 0 0 1 1 0 0 
0 0 0 0 0 0 1 1 0 
1 0 0 0 0 0 0 0 1 
0 1 0 0 0 0 0 0 1 
0 0 1 0 0 0 0 0 1 
0 0 0 1 0 0 0 0 1 
0 0 0 0 1 0 0 0 1 
0 0 0 0 0 1 0 0 1 
0 0 0 0 0 0 0 1 1 
1 0 0 0 0 0 1 0 0 
0 1 0 0 0 0 1 0 0 
0 0 1 0 0 0 1 0 0 
0 0 0 0 1 0 1 0 0 
0 0 0 0 0 0 1 1 0 
0 0 0 0 0 1 1 0 0 
0 0 1 0 0 0 0 0 1 
0 0 0 1 0 0 0 0 1 
0 0 0 0 0 0 0 1 1 
0 1 0 0 0 0 1 0 0 
1 0 0 0 0 0 0 0 1 
1 0 0 0 0 0 0 1 0 
0 1 0 0 0 0 0 1 0 
0 0 1 0 0 0 0 1 0 
0 0 0 1 0 0 0 1 0 
0 0 0 0 1 0 0 1 0 
0 0 0 0 0 1 0 1 0 
0 0 0 0 0 0 0 1 1 
1 0 0 0 0 0 1 0 0 
0 0 0 0 0 1 1 0 0 
0 0 0 0 0 0 1 1 0 
1 0 0 0 0 0 0 1 0 
0 0 0 0 0 0 0 1 1 
1 0 0 0 0 0 1 0 0 
0 1 0 0 0 0 1 0 0 
0 0 1 0 0 0 1 0 0 
0 0 0 1 0 0 1 0 0 
0 0 0 0 1 0 1 0 0 
0 0 0 0 0 1 1 0 0 
0 0 0 0 0 0 1 1 0 
0 1 0 0 0 0 1 0 0 
0 0 0 1 0 0 0 0 1 
0 0 0 0 0 1 1 0 0 
0 0 0 0 0 0 0 1 1 
0 0 1 0 0 0 1 0 0 
0 0 1 0 0 0 0 1 0 
1 0 0 1 0 0 0 0 0 
0 0 0 1 1 0 0 0 0 
0 0 0 1 0 0 0 0 1 
1 0 0 0 0 0 1 0 0 
0 1 0 0 0 0 1 0 0 
0 0 0 1 0 0 1 0 0 
0 0 0 0 1 0 1 0 0 
0 0 0 0 0 1 1 0 0 
1 0 0 0 0 0 0 1 0 
0 1 0 0 0 0 0 1 0 
0 0 1 0 0 0 0 1 0 
0 0 0 1 0 0 0 1 0 
0 0 0 0 1 0 0 1 0 
0 0 0 0 0 1 0 1 0 
0 0 0 0 0 0 1 1 0 
0 0 0 0 0 0 0 1 1 
1 0 0 0 0 0 1 0 0 
1 0 0 0 0 0 0 1 0 
0 1 0 0 0 0 1 0 0 
0 1 0 0 0 0 0 1 0 
0 0 1 0 0 0 1 0 0 
0 0 0 1 0 0 1 0 0 
0 0 0 1 0 0 0 1 0 
0 0 0 0 1 0 1 0 0 
0 0 0 0 1 0 0 1 0 
0 0 0 0 0 1 1 0 0 
0 0 0 0 0 1 0 1 0 
0 0 0 0 0 0 1 1 0 
0 0 0 0 0 0 0 1 1 
0 1 0 0 0 0 1 0 0 
0 1 0 0 0 0 0 1 0 
0 0 0 0 0 1 1 0 0 
0 0 0 0 0 1 0 1 0 
0 0 0 0 0 0 1 1 0 
0 0 0 0 0 0 1 0 1 
0 0 0 0 0 0 0 1 1 
0 1 0 0 1 0 0 0 0 
0 0 0 0 1 1 0 0 0 
0 0 0 0 1 0 1 0 0 
1 1 0 0 0 0 0 0 0 
1 0 1 0 0 0 0 0 0 
1 0 0 1 0 0 0 0 0 
1 0 0 0 1 0 0 0 0 
1 0 0 0 0 1 0 0 0 
1 0 0 0 0 0 1 0 0 
1 0 0 0 0 0 0 1 0 
1 0 0 0 0 0 0 0 1 
0 0 0 1 1 0 0 0 0 
0 0 0 1 0 0 1 0 0 
0 0 0 1 0 0 0 1 0 
1 1 0 0 0 0 0 0 0 
0 1 0 0 1 0 0 0 0 
0 1 0 0 0 0 1 0 0 
0 1 0 0 0 0 0 1 0 
1 0 0 0 0 1 0 0 0 
1 0 0 0 0 0 0 0 1 
1 0 1 0 0 0 0 0 0 
1 0 0 1 0 0 0 0 0 
1 0 0 0 0 0 0 1 0 
0 1 0 0 0 0 0 1 0 
0 0 0 0 1 0 0 1 0 
0 0 0 0 0 1 1 0 0 
0 0 0 0 0 0 1 0 1 
0 0 1 0 0 0 1 0 0 
1 0 0 1 0 0 0 0 0 
1 1 0 0 0 0 0 0 0 
0 1 0 0 1 0 0 0 0 
0 1 0 0 0 0 1 0 0 
0 1 0 0 0 0 0 1 0 
0 0 0 0 0 0 1 1 0 
1 0 0 0 0 1 0 0 0 
1 0 0 0 0 0 0 0 1 
0 0 0 0 1 0 0 0 1 
0 0 0 0 0 1 0 0 1 
0 0 0 0 0 0 1 0 1 
0 0 0 0 0 0 0 1 1 
1 1 0 0 0 0 0 0 0 
0 1 0 1 0 0 0 0 0 
0 1 0 0 1 0 0 0 0 
0 1 0 0 0 0 1 0 0 
0 0 1 0 0 0 1 0 0 
0 1 0 0 0 1 0 0 0 
0 0 0 0 0 1 0 0 1 
1 0 0 0 0 0 0 1 0 
0 0 1 0 0 0 0 1 0 
0 0 0 1 0 0 0 1 0 
0 0 0 0 1 0 0 1 0 
0 0 0 0 0 1 0 1 0 
0 0 0 0 0 0 1 1 0 
1 0 0 0 0 0 0 0 1 
0 1 0 0 0 1 0 0 0 
0 1 0 0 0 0 0 1 0 
0 0 0 0 0 0 0 1 1 
0 0 0 1 0 0 0 1 0 
0 1 0 0 0 0 0 1 0 
0 0 1 0 0 0 0 1 0 
1 0 0 0 0 0 0 0 1 
0 0 0 0 1 0 0 1 0 
0 0 0 0 0 0 0 1 1 
0 0 0 0 0 1 0 1 0 
0 1 0 0 0 0 0 1 0 
1 0 0 0 0 0 1 0 0 
0 1 0 0 0 0 1 0 0 
0 0 1 0 0 0 1 0 0 
0 0 0 1 0 0 1 0 0 
0 0 0 0 1 0 1 0 0 
0 0 0 0 0 1 1 0 0 
0 0 0 0 0 0 1 0 1 
0 0 0 0 0 0 1 1 0 
0 1 0 0 0 0 1 0 0 
0 0 0 0 0 1 1 0 0 
0 0 0 1 0 0 1 0 0 
1 0 0 0 0 0 0 0 1 
0 0 0 0 1 0 1 0 0 
0 0 1 1 0 0 0 0 0 
1 0 1 0 0 0 0 0 0 
0 0 1 0 1 0 0 0 0 
0 0 1 0 0 0 1 0 0 
0 0 1 0 0 0 0 1 0 
0 0 1 0 0 0 0 0 1 
0 0 0 0 0 1 1 0 0 
0 0 1 1 0 0 0 0 0 
0 1 0 0 0 0 1 0 0 
0 0 0 1 0 0 1 0 0 
0 0 0 0 1 0 1 0 0 
1 0 1 0 0 0 0 0 0 
1 0 0 0 0 0 0 0 1 
0 0 1 0 0 0 0 0 1 
0 0 0 1 0 0 0 0 1 
0 0 0 0 0 0 0 1 1 
0 0 0 0 0 0 1 0 1 
0 0 0 1 0 0 0 0 1 
1 0 0 0 0 0 0 0 1 
1 0 0 0 0 0 1 0 0 
0 0 0 1 0 0 1 0 0 
0 0 0 0 1 0 1 0 0 
0 0 0 0 0 1 1 0 0 
0 0 0 0 0 0 1 1 0 
0 0 0 0 0 0 1 0 1 
0 0 1 0 0 0 1 0 0 
0 1 0 0 0 0 1 0 0 
0 1 0 0 0 0 0 0 1 
0 0 0 1 0 0 1 0 0 
0 0 0 0 1 0 1 0 0 
1 0 0 0 0 0 1 0 0 
1 0 0 0 0 0 0 0 1 
0 0 1 0 0 0 1 0 0 
0 0 1 0 0 0 0 0 1 
0 1 0 0 0 0 1 0 0 
0 1 0 0 0 0 0 0 1 
1 0 0 0 0 0 0 1 0 
0 1 0 0 0 0 0 1 0 
0 0 1 0 0 0 0 1 0 
0 0 0 1 0 0 0 1 0 
0 0 0 0 0 1 0 1 0 
0 0 0 0 0 0 1 1 0 
0 0 0 0 0 0 0 1 1 
0 0 0 0 1 0 1 0 0 
0 0 0 0 1 0 0 1 0 
1 0 0 0 0 0 0 1 0 
0 0 1 0 0 0 0 1 0 
1 0 0 0 0 0 1 0 0 
0 0 1 0 0 0 1 0 0 
0 0 0 1 0 0 1 0 0 
0 0 0 1 0 0 0 1 0 
0 0 0 0 1 0 1 0 0 
0 0 0 0 0 1 1 0 0 
0 0 0 0 0 0 1 1 0 
0 0 0 0 0 0 1 0 1 
0 1 0 1 0 0 0 0 0 
0 1 0 0 0 0 0 1 0 
1 0 0 0 0 0 1 0 0 
0 0 1 0 0 0 1 0 0 
0 0 0 1 0 0 1 0 0 
0 0 0 0 1 0 1 0 0 
0 0 0 0 0 1 1 0 0 
0 0 0 0 0 0 1 1 0 
0 0 0 0 0 0 1 0 1 
0 0 0 0 0 1 1 0 0 
1 0 0 0 0 0 1 0 0 
0 1 1 0 0 0 0 0 0 
0 0 1 0 0 0 1 0 0 
0 0 0 0 1 0 1 0 0 
0 0 0 1 0 0 1 0 0 
1 0 0 0 0 0 0 1 0 
0 0 1 0 0 0 0 1 0 
0 0 0 1 0 0 0 1 0 
0 0 0 0 1 0 0 1 0 
0 0 0 0 0 1 0 1 0 
0 0 0 0 0 0 1 1 0 
0 0 0 0 0 0 1 0 1 
0 0 0 0 0 0 0 1 1 
0 0 0 1 1 0 0 0 0 
0 0 0 0 0 0 1 0 1 
1 1 1 1 1 1 1 1 1 
;
TIMETABLE BEST: 
0.0 0.0 0.0 0.0 0.0 0.0 0.0 0.0 0.0 
14 14 0 0 0 0 0 0 0 
17 14 17 0 0 0 0 0 0 
17 17 17 0 0 0 0 0 0 
18 17 17 18 0 0 0 0 0 
18 18 17 18 0 0 0 0 0 
18 18 18 18 0 0 0 0 0 
24 18 18 18 24 0 0 0 0 
24 18 18 18 24 24 0 0 0 
24 24 18 18 24 24 0 0 0 
24 24 18 18 24 24 0 0 0 
24 24 24 18 24 24 0 0 0 
24 24 24 18 24 24 0 0 0 
24 24 24 24 24 24 0 0 0 
24 24 24 24 24 24 0 0 0 
24 24 24 24 24 24 0 0 0 
26 24 24 24 24 24 26 0 0 
26 26 24 24 24 24 26 0 0 
26 26 26 24 24 24 26 0 0 
26 26 26 26 24 24 26 0 0 
26 26 26 26 26 24 26 0 0 
26 26 26 26 26 26 26 0 0 
33 26 26 26 26 26 26 33 0 
33 33 26 26 26 26 26 33 0 
33 33 33 26 26 26 26 33 0 
33 33 33 33 26 26 26 33 0 
33 33 33 33 33 26 26 33 0 
33 33 33 33 33 33 26 33 0 
33 33 33 33 33 33 33 33 0 
36 33 33 33 33 33 33 33 36 
36 33 36 33 33 33 33 33 36 
36 36 36 33 33 33 33 33 36 
36 36 36 36 33 33 33 33 36 
36 36 36 36 36 33 33 33 36 
36 36 36 36 36 36 33 33 36 
36 36 36 36 36 36 36 33 36 
36 36 36 36 36 36 36 36 36 
49 36 36 36 36 36 49 36 36 
49 49 36 36 36 36 49 36 36 
49 49 49 36 36 36 49 36 36 
49 49 49 49 36 36 49 36 36 
49 49 49 49 49 36 49 36 36 
49 49 49 49 49 49 49 36 36 
49 49 49 49 49 49 49 49 36 
54 49 49 49 49 49 49 49 54 
54 54 49 49 49 49 49 49 54 
54 54 54 49 49 49 49 49 54 
54 54 54 54 49 49 49 49 54 
54 54 54 54 54 49 49 49 54 
54 54 54 54 54 54 49 49 54 
54 54 54 54 54 54 49 54 54 
60 54 54 54 54 54 60 54 54 
60 60 54 54 54 54 60 54 54 
60 60 60 54 54 54 60 54 54 
60 60 60 54 60 54 60 54 54 
60 60 60 54 60 54 60 60 54 
60 60 60 54 60 60 60 60 54 
60 60 66 54 60 60 60 60 66 
60 60 66 66 60 60 60 60 66 
60 60 66 66 60 60 60 66 66 
60 71 66 66 60 60 71 66 66 
78 71 66 66 60 60 71 66 78 
81 71 66 66 60 60 71 81 78 
81 81 66 66 60 60 71 81 78 
81 81 81 66 60 60 71 81 78 
81 81 81 81 60 60 71 81 78 
81 81 81 81 81 60 71 81 78 
81 81 81 81 81 81 71 81 78 
81 81 81 81 81 81 71 81 81 
82 81 81 81 81 81 82 81 81 
82 81 81 81 81 82 82 81 81 
82 81 81 81 81 82 82 82 81 
93 81 81 81 81 82 82 93 81 
93 81 81 81 81 82 82 93 93 
94 81 81 81 81 82 94 93 93 
94 94 81 81 81 82 94 93 93 
94 94 94 81 81 82 94 93 93 
94 94 94 94 81 82 94 93 93 
94 94 94 94 94 82 94 93 93 
94 94 94 94 94 94 94 93 93 
94 94 94 94 94 94 94 94 93 
94 103 94 94 94 94 103 94 93 
94 103 94 105 94 94 103 94 105 
94 103 94 105 94 105 105 94 105 
94 103 94 105 94 105 105 105 105 
94 103 108 105 94 105 108 105 105 
94 103 108 105 94 105 108 108 105 
120 103 108 120 94 105 108 108 105 
120 103 108 120 120 105 108 108 105 
120 103 108 120 120 105 108 108 120 
121 103 108 120 120 105 121 108 120 
121 121 108 120 120 105 121 108 120 
121 121 108 121 120 105 121 108 120 
121 121 108 121 121 105 121 108 120 
121 121 108 121 121 121 121 108 120 
122 121 108 121 121 121 121 122 120 
122 122 108 121 121 121 121 122 120 
122 122 122 121 121 121 121 122 120 
122 122 122 122 121 121 121 122 120 
122 122 122 122 122 121 121 122 120 
122 122 122 122 122 122 121 122 120 
122 122 122 122 122 122 122 122 120 
122 122 122 122 122 122 122 122 122 
133 122 122 122 122 122 133 122 122 
133 122 122 122 122 122 133 133 122 
133 133 122 122 122 122 133 133 122 
133 133 122 122 122 122 133 133 122 
133 133 133 122 122 122 133 133 122 
133 133 133 133 122 122 133 133 122 
133 133 133 133 122 122 133 133 122 
133 133 133 133 133 122 133 133 122 
133 133 133 133 133 122 133 133 122 
133 133 133 133 133 133 133 133 122 
133 133 133 133 133 133 133 133 122 
133 133 133 133 133 133 133 133 122 
133 133 133 133 133 133 133 133 133 
133 144 133 133 133 133 144 133 133 
133 144 133 133 133 133 144 144 133 
133 144 133 133 133 144 144 144 133 
133 144 133 133 133 144 144 144 133 
133 144 133 133 133 144 144 144 133 
133 144 133 133 133 144 145 144 145 
133 144 133 133 133 144 145 145 145 
133 146 133 133 146 144 145 145 145 
133 146 133 133 146 146 145 145 145 
133 146 133 133 146 146 146 145 145 
148 148 133 133 146 146 146 145 145 
148 148 148 133 146 146 146 145 145 
148 148 148 148 146 146 146 145 145 
148 148 148 148 148 146 146 145 145 
148 148 148 148 148 148 146 145 145 
148 148 148 148 148 148 148 145 145 
148 148 148 148 148 148 148 148 145 
148 148 148 148 148 148 148 148 148 
148 148 148 148 148 148 148 148 148 
148 148 148 148 148 148 148 148 148 
148 148 148 148 148 148 148 148 148 
157 157 148 148 148 148 148 148 148 
157 157 148 148 157 148 148 148 148 
157 157 148 148 157 148 157 148 148 
157 157 148 148 157 148 157 157 148 
159 157 148 148 157 159 157 157 148 
160 157 148 148 157 159 157 157 160 
162 157 162 148 157 159 157 157 160 
163 157 162 163 157 159 157 157 160 
168 157 162 163 157 159 157 168 160 
168 168 162 163 157 159 157 168 160 
168 168 162 163 168 159 157 168 160 
168 168 162 163 168 170 170 168 160 
168 168 162 163 168 170 172 168 172 
168 168 173 163 168 170 173 168 172 
178 168 173 178 168 170 173 168 172 
180 180 173 178 168 170 173 168 172 
180 180 173 178 180 170 173 168 172 
180 180 173 178 180 170 180 168 172 
180 180 173 178 180 170 180 180 172 
180 180 173 178 180 170 180 180 172 
182 180 173 178 180 182 180 180 172 
184 180 173 178 180 182 180 180 184 
184 180 173 178 184 182 180 180 184 
184 180 173 178 184 184 180 180 184 
184 180 173 178 184 184 184 180 184 
184 180 173 178 184 184 184 184 184 
192 192 173 178 184 184 184 184 184 
192 192 173 192 184 184 184 184 184 
192 192 173 192 192 184 184 184 184 
192 192 173 192 192 184 192 184 184 
192 192 192 192 192 184 192 184 184 
192 197 192 192 192 197 192 184 184 
192 197 192 192 192 197 192 184 197 
205 197 192 192 192 197 192 205 197 
205 197 205 192 192 197 192 205 197 
205 197 205 205 192 197 192 205 197 
205 197 205 205 205 197 192 205 197 
205 197 205 205 205 205 192 205 197 
205 197 205 205 205 205 205 205 197 
209 197 205 205 205 205 205 205 209 
209 209 205 205 205 209 205 205 209 
209 209 205 205 205 209 205 209 209 
209 209 205 205 205 209 205 209 209 
209 209 205 218 205 209 205 218 209 
209 220 205 218 205 209 205 220 209 
209 220 220 218 205 209 205 220 209 
221 220 220 218 205 209 205 220 221 
221 220 220 218 221 209 205 221 221 
221 220 220 218 221 209 205 221 221 
221 220 220 218 221 222 205 222 221 
221 229 220 218 221 222 205 229 221 
229 229 220 218 221 222 229 229 221 
229 229 220 218 221 222 229 229 221 
229 229 229 218 221 222 229 229 221 
229 229 229 229 221 222 229 229 221 
229 229 229 229 229 222 229 229 221 
229 229 229 229 229 229 229 229 221 
229 229 229 229 229 229 233 229 233 
229 229 229 229 229 229 233 233 233 
229 241 229 229 229 229 241 233 233 
229 241 229 229 229 241 241 233 233 
229 241 229 242 229 241 242 233 233 
245 241 229 242 229 241 242 233 245 
245 241 229 242 245 241 245 233 245 
245 241 248 248 245 241 245 233 245 
248 241 248 248 245 241 245 233 245 
248 241 248 248 248 241 245 233 245 
248 241 248 248 248 241 248 233 245 
248 241 248 248 248 241 248 248 245 
248 241 248 248 248 241 248 248 248 
248 241 248 248 248 252 252 248 248 
248 241 259 259 248 252 252 248 248 
248 253 259 259 248 252 253 248 248 
248 253 259 259 248 252 259 248 248 
248 253 259 259 259 252 259 248 248 
260 253 260 259 259 252 259 248 248 
264 253 260 259 259 252 259 248 264 
264 253 264 259 259 252 259 248 264 
264 253 264 264 259 252 259 248 264 
264 253 264 264 259 252 259 264 264 
264 253 264 264 259 252 264 264 264 
264 253 264 275 259 252 264 264 275 
276 253 264 275 259 252 264 264 276 
277 253 264 275 259 252 277 264 276 
277 253 264 277 259 252 277 264 276 
277 253 264 277 277 252 277 264 276 
277 253 264 277 277 277 277 264 276 
277 253 264 277 277 277 277 277 276 
277 253 264 277 277 277 277 277 277 
277 253 282 277 277 277 282 277 277 
277 285 282 277 277 277 285 277 277 
277 285 282 277 277 277 285 277 285 
277 285 282 288 277 277 288 277 285 
277 285 282 288 288 277 288 277 285 
289 285 282 288 288 277 289 277 285 
289 285 282 288 288 277 289 277 289 
289 285 295 288 288 277 295 277 289 
289 285 295 288 288 277 295 277 295 
289 300 295 288 288 277 300 277 295 
289 300 295 288 288 277 300 277 300 
304 300 295 288 288 277 300 304 300 
304 304 295 288 288 277 300 304 300 
304 304 304 288 288 277 300 304 300 
304 304 304 304 288 277 300 304 300 
304 304 304 304 288 304 300 304 300 
304 304 304 304 288 304 304 304 300 
304 304 304 304 288 304 304 304 304 
304 304 304 304 308 304 308 304 304 
304 304 304 304 308 304 308 308 304 
316 304 304 304 308 304 308 316 304 
316 304 317 304 308 304 308 317 304 
318 304 317 304 308 304 318 317 304 
318 304 318 304 308 304 318 317 304 
318 304 318 318 308 304 318 317 304 
318 304 318 318 308 304 318 318 304 
318 304 318 318 318 304 318 318 304 
318 304 318 318 318 318 318 318 304 
318 304 318 318 318 318 318 318 304 
318 304 318 318 318 318 318 318 318 
318 323 318 323 318 318 318 318 318 
318 323 318 323 318 318 318 323 318 
329 323 318 323 318 318 329 323 318 
329 323 329 323 318 318 329 323 318 
329 323 329 329 318 318 329 323 318 
329 323 329 329 329 318 329 323 318 
329 323 329 329 329 329 329 323 318 
329 323 329 329 329 329 329 329 318 
329 323 329 329 329 329 329 329 329 
329 323 329 329 329 340 340 329 329 
341 323 329 329 329 340 341 329 329 
341 342 342 329 329 340 341 329 329 
341 342 342 329 329 340 342 329 329 
341 342 342 329 342 340 342 329 329 
341 342 342 345 342 340 345 329 329 
351 342 342 345 342 340 345 351 329 
351 342 351 345 342 340 345 351 329 
351 342 351 351 342 340 345 351 329 
351 342 351 351 351 340 345 351 329 
351 342 351 351 351 351 345 351 329 
351 342 351 351 351 351 351 351 329 
351 342 351 351 351 351 354 351 354 
351 342 351 351 351 351 354 354 354 
351 342 351 362 362 351 354 354 354 
351 342 351 362 362 351 365 354 365 
409.0 378.0 406.0 425.0 468.0 418.0 457.0 460.0 436.0 
;
EXECUTION TIME HBSS: 6695.09472609 seconds 

-------------------------------------------------------------------
