DATFILE : bwopen0_5r_500.dat
ENVIRONMENT : bwopen
ALGORITHM : HBSS - TAU 6
RANGE : 500
STARTING_POS : 0
N_ROBOTS : 5
GREEDY SOLUTION : [ 2626.]
COMPUTATIONS D :
2532
2464
2674
2626
2626
2636
2568
2484
2722
2636
2626
2708
2626
2626
2626
2626
2692
2626
2626
2700
2708
2524
2556
2626
2626
2626
2626
2542
2668
2700
2494
2626
2938
2586
2626
2638
2488
2524
2446
2626
2576
2472
2496
2640
2566
2528
2846
2418
2344
2608
2580
2626
2340
2626
2626
2510
2528
2648
2522
2626
2736
2372
2626
2626
2402
2592
2238
2654
2778
2604
2680
2898
2666
2626
2602
2772
2516
2634
2626
2714
2610
2570
2584
2666
2614
2410
2474
2520
2762
2426
2602
2690
2856
2510
2636
2598
2476
2708
2632
2402
2714
2626
2562
2574
2538
2602
2394
2420
2626
2536
2666
2480
2478
2506
2702
2626
2602
2530
2660
2640
2626
2626
2634
2872
2626
2652
2568
2620
2602
2626
2652
2766
2570
2638
2678
2544
2522
2778
2478
2456
2592
2434
2646
2394
2690
2560
2460
2632
2402
2420
2580
2462
2444
2648
2630
2530
2546
2626
2422
2368
2484
2732
2504
2600
2476
2532
2584
2626
2802
2592
2684
2636
2542
2426
2626
2636
2402
2636
2626
2540
2510
2622
2604
2626
2682
2626
2638
2626
2612
2330
2566
2590
2470
2718
2542
2524
2900
2722
2674
2626
;
HBBS sumD : 2238
BEST_CONFIGURATIONS : 
0 0 0 0 0 
0 4 0 0 0 
0 4 26 0 0 
0 4 26 1 0 
0 4 26 1 5 
0 22 26 1 5 
4 22 26 1 5 
4 22 26 1 5 
4 22 26 1 5 
4 22 26 1 5 
4 22 26 1 5 
4 22 26 1 5 
4 22 26 1 5 
22 22 26 1 5 
22 22 26 1 5 
22 22 26 1 5 
22 22 26 27 5 
8 22 26 27 5 
8 22 26 27 5 
8 22 26 27 5 
8 22 4 27 5 
8 22 4 27 5 
8 22 4 27 5 
8 22 4 27 5 
8 13 4 27 5 
8 13 4 27 5 
8 13 4 27 5 
8 13 4 27 9 
8 13 0 27 9 
8 13 0 27 9 
8 13 0 27 9 
8 13 0 27 9 
8 13 0 27 9 
8 13 0 27 9 
8 13 0 1 9 
8 13 0 1 9 
8 13 0 1 9 
8 13 0 1 9 
8 13 0 1 9 
8 17 0 1 9 
8 17 0 1 9 
22 17 0 1 9 
22 17 0 1 9 
22 17 0 1 9 
22 17 0 1 10 
22 17 0 1 10 
22 17 0 1 10 
22 17 0 1 10 
22 25 0 1 10 
22 25 0 2 10 
22 25 0 2 24 
22 25 0 2 24 
22 25 0 2 24 
22 25 0 2 24 
14 25 0 2 24 
14 25 4 2 24 
14 25 4 2 24 
14 25 4 2 24 
14 17 4 2 24 
14 17 26 2 24 
14 17 26 2 24 
14 17 26 2 24 
14 17 5 2 24 
14 17 5 2 24 
14 17 5 2 24 
14 17 5 2 24 
14 17 5 2 6 
14 17 5 2 6 
14 17 5 2 6 
14 17 5 2 6 
14 17 1 2 6 
15 17 1 2 6 
15 17 1 2 21 
15 17 1 27 21 
15 17 1 27 21 
15 25 1 27 21 
15 25 1 27 21 
15 25 1 27 21 
15 25 1 27 21 
15 25 1 27 21 
15 25 1 27 21 
15 25 1 27 21 
15 18 1 27 21 
15 18 1 27 21 
10 18 1 27 21 
10 18 1 27 3 
10 18 1 27 3 
10 18 2 27 3 
10 14 2 27 3 
24 14 2 27 3 
24 14 2 1 3 
24 14 2 1 3 
24 14 2 1 3 
24 14 2 1 3 
24 14 2 1 3 
6 14 2 1 3 
6 14 2 26 3 
6 14 2 26 21 
6 9 2 26 21 
6 9 2 26 7 
6 9 2 26 7 
6 9 2 26 7 
6 9 2 8 7 
6 10 2 8 7 
11 10 2 8 7 
11 10 2 8 12 
11 10 6 8 12 
11 10 6 8 12 
11 10 6 8 12 
11 10 6 8 12 
11 10 6 22 12 
11 15 6 22 12 
11 15 21 22 12 
11 15 21 22 12 
11 15 21 22 12 
11 15 21 22 12 
11 15 3 22 12 
11 15 3 22 12 
11 15 3 22 12 
11 15 3 22 12 
11 15 3 22 12 
11 15 3 22 16 
11 15 3 22 16 
11 15 3 22 16 
11 15 3 26 16 
11 10 3 26 16 
11 10 3 26 16 
11 10 7 26 16 
11 10 7 26 23 
11 10 7 5 23 
11 24 7 5 23 
11 24 7 5 20 
6 24 7 5 20 
6 24 7 5 20 
6 24 7 5 20 
6 24 21 5 20 
6 24 21 5 20 
21 24 21 5 20 
21 24 21 5 20 
21 24 21 5 20 
21 24 21 5 20 
21 10 21 5 20 
21 10 21 5 20 
21 10 21 5 23 
3 10 21 5 23 
3 10 21 26 23 
3 10 21 26 23 
3 10 21 26 23 
3 10 6 26 23 
3 10 6 26 23 
3 10 6 4 23 
3 10 6 4 23 
3 10 6 4 23 
3 10 6 4 20 
3 9 6 4 20 
3 9 6 4 20 
3 9 7 4 20 
21 9 7 4 20 
21 9 7 4 20 
21 9 7 4 20 
7 9 7 4 20 
7 9 7 5 20 
7 9 7 5 20 
7 9 7 5 23 
7 9 7 5 23 
7 9 7 5 16 
7 10 7 5 16 
7 10 7 5 16 
7 15 7 5 16 
7 15 7 27 16 
7 15 7 27 16 
7 15 12 27 16 
21 15 12 27 16 
21 15 12 27 16 
21 15 12 27 16 
6 15 12 27 16 
6 15 12 27 16 
6 15 12 27 16 
6 10 12 27 16 
6 10 12 27 23 
6 10 12 27 20 
6 10 12 27 20 
6 10 12 9 20 
6 10 12 9 20 
24 10 12 9 20 
24 10 12 9 20 
24 10 12 9 20 
24 10 16 9 20 
24 10 16 9 20 
24 10 16 9 20 
24 10 16 9 20 
24 15 16 9 20 
24 15 16 9 20 
24 15 16 9 23 
24 15 16 9 23 
24 15 23 9 23 
24 15 23 9 23 
24 15 23 14 23 
24 15 23 14 23 
24 15 23 14 23 
10 15 23 14 23 
10 15 20 14 23 
10 15 20 14 23 
10 15 20 18 23 
10 18 20 18 23 
10 18 19 18 23 
10 18 19 18 23 
10 18 19 18 20 
10 18 19 18 20 
10 18 19 18 20 
14 18 19 18 20 
14 18 19 18 20 
14 25 19 18 20 
14 25 19 18 20 
14 25 19 18 20 
14 25 19 18 20 
14 25 19 18 20 
14 25 19 18 16 
14 25 19 18 16 
14 25 19 18 16 
14 25 19 17 16 
15 25 19 17 16 
15 25 19 17 16 
15 25 19 17 12 
15 13 19 17 12 
15 13 19 17 12 
15 13 18 17 12 
15 13 18 17 12 
10 13 18 17 12 
10 13 18 17 12 
10 13 18 25 12 
10 13 18 25 12 
10 13 18 25 12 
10 8 18 25 12 
10 8 18 25 12 
10 8 18 25 12 
24 8 18 25 12 
24 8 18 25 12 
24 8 14 25 12 
24 8 14 13 12 
24 8 14 13 12 
24 8 14 13 12 
24 22 14 13 12 
24 22 14 13 7 
24 22 14 13 7 
6 22 14 13 7 
6 22 18 13 7 
6 26 18 13 7 
6 26 18 13 7 
6 26 18 13 7 
6 26 19 13 7 
6 26 19 25 7 
6 26 19 25 7 
6 26 19 25 21 
6 5 19 25 21 
6 5 19 25 21 
6 5 19 25 11 
6 5 19 25 11 
6 5 19 18 11 
24 5 19 18 11 
24 5 19 18 11 
24 5 19 18 11 
24 22 19 18 11 
24 22 19 14 11 
9 22 19 14 11 
9 22 19 14 11 
27 22 19 14 11 
27 8 19 14 11 
27 8 19 14 11 
27 8 19 14 2 
27 8 15 14 2 
27 4 15 14 2 
27 4 9 14 2 
27 4 9 18 2 
27 4 9 18 2 
27 4 9 25 2 
27 4 9 15 2 
27 26 9 15 2 
1 26 11 15 2 
0 26 11 15 6 
0 26 11 17 6 
0 0 0 0 0 
;
ROBOT MOVING BEST:
0 0 0 0 0 
1 1 0 0 0 
1 0 1 0 0 
1 0 0 1 0 
1 0 0 0 1 
1 1 0 0 0 
1 0 1 0 0 
1 0 0 1 0 
0 0 1 1 0 
1 0 0 0 1 
1 1 0 0 0 
0 0 1 0 1 
0 0 0 1 1 
1 0 1 0 0 
1 0 0 1 0 
1 0 0 0 1 
0 0 1 1 0 
1 0 1 0 0 
0 0 0 1 1 
0 1 0 1 0 
0 0 1 1 0 
1 0 0 0 1 
1 1 0 0 0 
1 0 1 0 0 
0 1 0 0 1 
1 0 0 1 0 
0 1 1 0 0 
0 0 1 0 1 
0 0 1 1 0 
0 1 0 1 0 
0 0 0 1 1 
1 0 1 0 0 
1 1 0 0 0 
1 0 0 0 1 
1 0 0 1 0 
0 1 1 0 0 
0 0 1 0 1 
0 1 0 0 1 
0 1 0 1 0 
1 1 0 0 0 
0 0 0 1 1 
1 0 0 0 1 
0 1 1 0 0 
0 1 0 0 1 
0 0 1 0 1 
1 1 0 0 0 
0 0 0 1 1 
1 0 0 0 1 
0 1 1 0 0 
0 0 1 1 0 
0 0 1 0 1 
1 1 0 0 0 
1 0 0 1 0 
1 0 0 0 1 
1 0 1 0 0 
0 1 1 0 0 
0 0 1 1 0 
0 0 1 0 1 
0 1 1 0 0 
0 0 1 1 0 
0 0 1 0 1 
0 0 0 1 1 
0 0 1 1 0 
0 0 1 0 1 
1 0 0 1 0 
0 1 0 0 1 
0 0 0 1 1 
0 1 1 0 0 
1 0 1 0 0 
1 1 0 0 0 
0 0 1 1 0 
1 0 0 1 0 
0 0 0 1 1 
0 1 0 1 0 
1 1 0 0 0 
0 1 0 1 0 
0 0 1 1 0 
1 0 0 1 0 
0 0 0 1 1 
0 1 1 0 0 
1 1 0 0 0 
1 0 1 0 0 
0 1 0 1 0 
0 0 1 0 1 
1 0 0 1 0 
0 0 0 1 1 
0 1 1 0 0 
0 0 1 1 0 
0 1 0 1 0 
1 0 0 1 0 
0 0 0 1 1 
0 1 0 1 0 
1 0 0 1 0 
0 0 1 0 1 
1 0 0 0 1 
1 0 0 1 0 
0 1 0 1 0 
0 1 0 0 1 
0 1 1 0 0 
0 0 1 0 1 
1 0 0 1 0 
0 1 0 1 0 
0 0 1 1 0 
0 1 1 0 0 
1 0 1 0 0 
0 0 1 0 1 
0 0 1 1 0 
0 1 1 0 0 
1 0 1 0 0 
0 0 1 0 1 
0 0 1 1 0 
0 1 1 0 0 
1 0 1 0 0 
0 0 1 0 1 
1 0 0 0 1 
0 1 1 0 0 
1 0 1 0 0 
1 0 0 1 0 
1 1 0 0 0 
0 0 1 0 1 
0 1 0 0 1 
1 0 0 0 1 
0 1 1 0 0 
0 1 0 1 0 
1 0 0 1 0 
1 1 0 0 0 
0 0 1 0 1 
1 0 1 0 0 
1 0 0 0 1 
1 0 0 1 0 
1 1 0 0 0 
1 0 0 0 1 
1 0 1 0 0 
1 0 0 1 0 
1 1 0 0 0 
1 0 1 0 0 
1 0 0 0 1 
1 0 0 1 0 
1 1 0 0 0 
1 0 0 0 1 
0 1 0 0 1 
0 1 0 1 0 
1 1 0 0 0 
1 0 0 0 1 
1 0 1 0 0 
0 1 0 1 0 
1 1 0 0 0 
1 0 0 0 1 
1 0 1 0 0 
0 1 0 0 1 
0 1 0 1 0 
0 0 1 0 1 
0 0 1 1 0 
1 0 0 0 1 
1 1 0 0 0 
0 1 1 0 0 
1 0 1 0 0 
1 1 0 0 0 
0 1 0 0 1 
1 0 1 0 0 
1 0 0 0 1 
0 1 0 1 0 
1 1 0 0 0 
0 1 0 0 1 
1 0 0 0 1 
0 1 0 0 1 
1 1 0 0 0 
1 0 0 0 1 
0 1 0 1 0 
1 0 0 1 0 
1 1 0 0 0 
1 0 1 0 0 
1 0 0 0 1 
0 1 0 0 1 
0 0 1 0 1 
1 0 0 0 1 
0 0 1 1 0 
1 0 0 1 0 
0 1 0 0 1 
0 0 1 0 1 
0 0 0 1 1 
0 1 1 0 0 
0 0 1 1 0 
0 0 1 0 1 
1 0 1 0 0 
0 1 0 1 0 
0 1 0 0 1 
0 0 1 0 1 
1 1 0 0 0 
1 0 1 0 0 
1 0 0 1 0 
0 1 0 1 0 
0 1 0 0 1 
0 0 1 0 1 
1 1 0 0 0 
1 0 1 0 0 
0 1 1 0 0 
1 0 0 1 0 
0 1 0 1 0 
0 0 1 1 0 
1 1 0 0 0 
0 0 1 0 1 
1 0 0 1 0 
0 1 0 1 0 
0 1 0 0 1 
0 0 1 0 1 
1 1 0 0 0 
0 1 0 0 1 
1 0 1 0 0 
0 0 1 0 1 
1 0 0 0 1 
0 1 1 0 0 
0 1 0 0 1 
1 0 0 1 0 
0 1 0 1 0 
1 0 1 0 0 
0 1 1 0 0 
0 0 1 0 1 
1 1 0 0 0 
1 0 0 0 1 
0 0 1 1 0 
1 0 1 0 0 
0 1 0 1 0 
0 0 1 0 1 
0 1 1 0 0 
0 1 0 1 0 
0 0 1 1 0 
1 1 0 0 0 
1 0 0 1 0 
0 1 1 0 0 
0 1 0 1 0 
1 1 0 0 0 
1 0 0 1 0 
0 1 1 0 0 
0 1 0 1 0 
1 1 0 0 0 
1 0 1 0 0 
1 0 0 1 0 
0 1 1 0 0 
0 0 1 1 0 
1 1 0 0 0 
1 0 0 1 0 
0 1 1 0 0 
1 0 0 0 1 
0 1 0 1 0 
1 0 1 0 0 
0 1 1 0 0 
0 1 0 1 0 
1 0 1 0 0 
0 1 1 0 0 
0 0 1 0 1 
1 0 0 1 0 
0 1 0 1 0 
0 0 1 0 1 
0 1 0 1 0 
1 0 1 0 0 
0 0 0 1 1 
0 1 1 0 0 
0 1 0 1 0 
1 0 1 0 0 
0 0 1 0 1 
0 0 0 1 1 
0 1 1 0 0 
0 0 0 1 1 
1 0 1 0 0 
1 0 0 0 1 
1 0 1 0 0 
0 1 1 0 0 
1 0 0 0 1 
0 0 1 0 1 
0 1 1 0 0 
0 1 0 1 0 
0 0 1 1 0 
0 1 0 1 0 
0 0 1 1 0 
0 0 1 1 0 
0 1 0 1 0 
0 1 0 1 0 
1 0 1 0 0 
1 0 0 0 1 
0 1 0 1 0 
0 1 1 1 1 
;
TIMETABLE BEST: 
0.0 0.0 0.0 0.0 0.0 
0 14 0 0 0 
0 14 17 0 0 
0 14 17 18 0 
0 14 17 18 24 
0 26 17 18 24 
14 26 17 18 24 
14 26 17 18 24 
14 26 17 18 24 
14 26 17 18 24 
14 26 17 18 24 
14 26 17 18 24 
14 26 17 18 24 
26 26 17 18 24 
26 26 17 18 24 
26 26 17 18 24 
26 26 17 33 24 
38 26 17 33 24 
38 26 17 33 24 
38 26 17 33 24 
38 26 28 33 24 
38 26 28 33 24 
38 26 28 33 24 
38 26 28 33 24 
38 45 28 33 24 
38 45 28 33 24 
38 45 28 33 24 
38 45 28 33 46 
38 45 42 33 46 
38 45 42 33 46 
38 45 42 33 46 
38 45 42 33 46 
38 45 42 33 46 
38 45 42 33 46 
38 45 42 48 46 
38 45 42 48 46 
38 45 42 48 46 
38 45 42 48 46 
38 45 42 48 46 
38 56 42 48 46 
38 56 42 48 46 
50 56 42 48 46 
50 56 42 48 46 
50 56 42 48 46 
50 56 42 48 60 
50 56 42 48 60 
50 56 42 48 60 
50 56 42 48 60 
50 68 42 48 60 
50 68 42 68 60 
50 68 42 68 73 
50 68 42 68 73 
50 68 42 68 73 
50 68 42 68 73 
82 68 42 68 73 
82 68 56 68 73 
82 68 56 68 73 
82 68 56 68 73 
82 80 56 68 73 
82 80 67 68 73 
82 80 67 68 73 
82 80 67 68 73 
82 80 76 68 73 
82 80 76 68 73 
82 80 76 68 73 
82 80 76 68 73 
82 80 76 68 86 
82 80 76 68 86 
82 80 76 68 86 
82 80 76 68 86 
82 80 94 68 86 
95 80 94 68 86 
95 80 94 68 98 
95 80 94 87 98 
95 80 94 87 98 
95 92 94 87 98 
95 92 94 87 98 
95 92 94 87 98 
95 92 94 87 98 
95 92 94 87 98 
95 92 94 87 98 
95 92 94 87 98 
95 105 94 87 98 
95 105 94 87 98 
106 105 94 87 98 
106 105 94 87 110 
106 105 94 87 110 
106 105 114 87 110 
106 116 114 87 110 
119 116 114 87 110 
119 116 114 102 110 
119 116 114 102 110 
119 116 114 102 110 
119 116 114 102 110 
119 116 114 102 110 
132 116 114 102 110 
132 116 114 121 110 
132 116 114 121 122 
132 132 114 121 122 
132 132 114 121 134 
132 132 114 121 134 
132 132 114 121 134 
132 132 114 144 134 
132 146 114 144 134 
149 146 114 144 134 
149 146 114 144 152 
149 146 132 144 152 
149 146 132 144 152 
149 146 132 144 152 
149 146 132 144 152 
149 146 132 156 152 
149 157 132 156 152 
149 157 144 156 152 
149 157 144 156 152 
149 157 144 156 152 
149 157 144 156 152 
149 157 156 156 152 
149 157 156 156 152 
149 157 156 156 152 
149 157 156 156 152 
149 157 156 156 152 
149 157 156 156 163 
149 157 156 156 163 
149 157 156 156 163 
149 157 156 167 163 
149 168 156 167 163 
149 168 156 167 163 
149 168 172 167 163 
149 168 172 167 174 
149 168 172 176 174 
149 181 172 176 174 
149 181 172 176 184 
166 181 172 176 184 
166 181 172 176 184 
166 181 172 176 184 
166 181 184 176 184 
166 181 184 176 184 
178 181 184 176 184 
178 181 184 176 184 
178 181 184 176 184 
178 181 184 176 184 
178 194 184 176 184 
178 194 184 176 184 
178 194 184 176 194 
190 194 184 176 194 
190 194 184 185 194 
190 194 184 185 194 
190 194 184 185 194 
190 194 196 185 194 
190 194 196 185 194 
190 194 196 196 194 
190 194 196 196 194 
190 194 196 196 194 
190 194 196 196 204 
190 208 196 196 204 
190 208 196 196 204 
190 208 216 196 204 
202 208 216 196 204 
202 208 216 196 204 
202 208 216 196 204 
214 208 216 196 204 
214 208 216 210 204 
214 208 216 210 204 
214 208 216 210 214 
214 208 216 210 214 
214 208 216 210 225 
214 222 216 210 225 
214 222 216 210 225 
214 233 216 210 225 
214 233 216 231 225 
214 233 216 231 225 
214 233 234 231 225 
226 233 234 231 225 
226 233 234 231 225 
226 233 234 231 225 
238 233 234 231 225 
238 233 234 231 225 
238 233 234 231 225 
238 244 234 231 225 
238 244 234 231 236 
238 244 234 231 246 
238 244 234 231 246 
238 244 234 246 246 
238 244 234 246 246 
251 244 234 246 246 
251 244 234 246 246 
251 244 234 246 246 
251 244 245 246 246 
251 244 245 246 246 
251 244 245 246 246 
251 244 245 246 246 
251 255 245 246 246 
251 255 245 246 246 
251 255 245 246 256 
251 255 245 246 256 
251 255 256 246 256 
251 255 256 246 256 
251 255 256 262 256 
251 255 256 262 256 
251 255 256 262 256 
264 255 256 262 256 
264 255 266 262 256 
264 255 266 262 256 
264 255 266 273 256 
264 273 266 273 256 
264 273 279 273 256 
264 273 279 273 256 
264 273 279 273 266 
264 273 279 273 266 
264 273 279 273 266 
282 273 279 273 266 
282 273 279 273 266 
282 286 279 273 266 
282 286 279 273 266 
282 286 279 273 266 
282 286 279 273 266 
282 286 279 273 266 
282 286 279 273 287 
282 286 279 273 287 
282 286 279 273 287 
282 286 279 290 287 
295 286 279 290 287 
295 286 279 290 287 
295 286 279 290 298 
295 299 279 290 298 
295 299 279 290 298 
295 299 299 290 298 
295 299 299 290 298 
306 299 299 290 298 
306 299 299 290 298 
306 299 299 302 298 
306 299 299 302 298 
306 299 299 302 298 
306 312 299 302 298 
306 312 299 302 298 
306 312 299 302 298 
319 312 299 302 298 
319 312 299 302 298 
319 312 310 302 298 
319 312 310 315 298 
319 312 310 315 298 
319 312 310 315 298 
319 324 310 315 298 
319 324 310 315 316 
319 324 310 315 316 
332 324 310 315 316 
332 324 321 315 316 
332 335 321 315 316 
332 335 321 315 316 
332 335 321 315 316 
332 335 341 315 316 
332 335 341 328 316 
332 335 341 328 316 
332 335 341 328 328 
332 344 341 328 328 
332 344 341 328 328 
332 344 341 328 347 
332 344 341 328 347 
332 344 341 341 347 
345 344 341 341 347 
345 344 341 341 347 
345 344 341 341 347 
345 356 341 341 347 
345 356 341 352 347 
360 356 341 352 347 
360 356 341 352 347 
375 356 341 352 347 
375 368 341 352 347 
375 368 341 352 347 
375 368 341 352 382 
375 368 365 352 382 
375 382 365 352 382 
375 382 386 352 382 
375 382 386 363 382 
375 382 386 363 382 
375 382 386 376 382 
375 382 386 399 382 
375 393 386 399 382 
390 393 411 399 382 
408 393 411 399 400 
408 393 411 434 400 
408.0 410.0 482.0 484.0 454.0 
;
EXECUTION TIME HBSS: 1973.25904608 seconds 

-------------------------------------------------------------------
