DATFILE : bwopen0_9r_500.dat
ENVIRONMENT : bwopen
ALGORITHM : HBSS - TAU 6
RANGE : 500
STARTING_POS : 0
N_ROBOTS : 9
GREEDY SOLUTION : [ 2078.]
COMPUTATIONS D :
2078
1982
2052
1966
2078
2126
2142
2078
2078
2130
1944
2078
2078
1970
2136
2040
2096
2032
2078
2070
2102
2078
2036
2066
2078
2114
2078
2078
1974
2078
2036
2078
2090
2124
2070
2168
2312
2208
2078
2078
2078
2078
2202
2078
2072
1982
2036
2078
2078
2078
2078
2078
2310
2078
2078
2078
2078
2070
2078
2078
2180
2084
2078
2078
2078
2078
2104
2078
2046
2070
2078
2066
2136
2034
2136
2078
2096
2054
2070
2036
2320
2078
2078
2078
2250
2116
2034
2028
2070
2078
2278
2126
2070
2112
2070
2070
2190
2120
2078
2078
2078
2174
2078
2078
2036
2078
2082
2104
2070
2234
2190
2078
2078
2120
2048
2078
2078
2078
2078
2124
2082
2156
2078
2078
2078
2036
2254
2078
2152
2320
2206
2104
2078
2114
2078
2194
1982
2054
2140
2078
2062
2078
2122
2052
2130
2066
2124
2078
2148
2078
2078
1998
2078
2078
2078
2130
2174
2236
2286
1982
2078
1958
2032
2070
2078
2124
2152
2078
2128
2100
2078
2130
2168
2278
2050
2078
2032
2128
2078
2066
2078
2156
2078
2078
2020
2078
2078
2066
2078
2070
2078
2078
2078
2078
2008
2110
2100
2078
2078
2070
;
HBBS sumD : 1944
BEST_CONFIGURATIONS : 
0 0 0 0 0 0 0 0 0 
0 4 0 0 0 0 0 0 0 
0 4 26 0 0 0 0 0 0 
0 4 26 1 0 0 0 0 0 
0 4 26 1 5 0 0 0 0 
0 4 26 1 5 22 0 0 0 
0 4 26 1 5 22 8 0 0 
26 4 26 1 5 22 8 0 0 
26 4 26 1 5 22 8 0 0 
26 4 26 27 5 22 8 0 0 
26 4 26 27 5 22 8 1 0 
26 4 26 27 5 22 8 1 0 
26 4 26 27 5 22 8 1 0 
26 4 26 27 5 22 8 2 0 
26 4 26 27 5 22 13 2 0 
26 4 26 27 5 22 13 2 8 
26 4 26 27 5 22 13 2 8 
26 4 26 27 5 22 13 2 8 
26 4 26 27 5 22 13 2 8 
26 4 26 27 5 22 13 2 8 
26 4 26 27 5 22 13 2 8 
26 4 26 27 5 22 13 2 8 
26 4 26 27 5 22 13 2 8 
26 4 26 27 5 22 13 2 8 
26 4 26 27 5 22 13 2 8 
26 4 26 27 5 22 13 2 8 
26 4 26 27 5 22 13 2 8 
26 4 26 27 5 22 13 2 8 
26 4 26 27 5 22 13 2 8 
26 4 26 27 5 22 13 2 8 
26 4 26 27 5 22 13 2 8 
1 4 26 27 5 22 13 2 8 
1 4 26 27 5 22 13 2 8 
1 4 26 27 9 22 13 2 8 
1 4 26 27 9 22 13 2 8 
1 4 26 27 9 22 13 2 8 
1 4 26 27 9 22 13 2 8 
1 4 26 27 9 22 13 2 13 
1 4 26 27 9 22 17 2 13 
1 4 5 27 9 22 17 2 13 
1 4 5 27 9 22 17 2 13 
1 8 5 27 9 22 17 2 13 
1 8 5 27 9 22 17 2 13 
1 8 5 27 9 22 17 2 13 
1 8 5 27 9 22 17 2 13 
1 8 5 27 9 22 17 2 13 
1 8 5 27 9 22 17 2 13 
1 8 5 27 9 22 17 2 13 
1 8 5 27 9 22 17 2 13 
1 8 5 27 9 22 17 2 13 
1 8 5 27 9 22 17 2 13 
1 8 5 27 9 22 17 2 13 
1 8 5 27 9 22 17 2 13 
1 8 5 27 9 22 17 2 25 
1 8 5 27 9 22 17 2 25 
1 8 5 27 9 22 17 2 25 
1 8 5 27 9 22 17 2 25 
1 8 5 27 9 22 17 2 25 
1 8 14 27 9 22 17 2 25 
1 8 14 27 9 22 17 24 25 
1 8 14 27 9 22 17 24 25 
1 8 14 27 9 22 17 24 25 
1 8 14 27 9 22 17 24 25 
1 8 14 10 9 22 17 24 25 
1 8 14 10 9 22 17 24 25 
1 8 14 10 9 26 17 24 25 
1 13 14 10 9 26 17 24 25 
1 13 14 10 9 26 17 24 25 
1 13 14 10 9 26 17 24 25 
1 13 14 10 9 26 17 24 25 
1 13 14 10 9 26 17 24 25 
1 13 14 10 9 26 17 24 25 
1 13 14 10 9 26 17 24 25 
1 13 14 10 9 26 17 24 25 
1 13 14 10 9 26 17 24 25 
1 13 14 10 9 26 17 24 25 
1 13 14 10 9 26 17 24 25 
1 13 14 10 9 26 17 24 25 
1 13 14 10 9 26 17 24 25 
1 13 14 10 9 26 17 24 25 
1 13 14 10 9 0 17 24 25 
1 13 14 10 9 0 17 24 25 
1 13 14 10 9 0 17 24 18 
1 13 14 10 10 0 17 24 18 
1 13 14 10 10 0 17 24 18 
1 25 14 10 10 0 17 24 18 
27 25 14 10 10 0 17 24 18 
27 25 14 10 10 0 17 24 18 
27 25 14 10 10 0 17 24 18 
27 25 14 10 10 0 17 24 18 
27 25 14 10 10 0 17 24 18 
27 25 14 10 10 0 17 24 18 
27 25 14 10 10 0 17 24 18 
27 25 14 10 10 0 17 24 18 
27 25 14 10 10 0 17 24 18 
27 25 14 10 10 0 17 24 18 
27 25 14 10 10 0 17 24 18 
27 25 14 10 10 0 17 24 18 
27 25 14 10 10 0 17 24 18 
27 25 14 10 10 0 17 24 18 
27 25 14 10 10 0 17 24 18 
27 25 14 10 10 0 17 24 18 
27 25 14 10 10 0 17 24 18 
27 25 14 10 10 0 17 24 18 
27 25 14 10 10 0 17 24 18 
27 25 14 10 10 0 17 24 18 
27 25 15 10 10 0 17 24 18 
27 25 15 10 10 0 17 24 18 
27 25 15 10 10 4 17 24 18 
27 25 15 10 10 4 17 6 18 
27 25 15 10 10 4 17 6 18 
27 25 15 10 10 4 17 6 18 
27 25 15 10 10 4 17 6 18 
9 25 15 10 10 4 17 6 18 
9 25 15 10 10 4 17 6 18 
9 25 15 10 10 4 13 6 18 
9 25 15 10 10 4 13 6 18 
9 25 15 10 10 4 13 6 18 
9 25 15 10 10 4 13 6 18 
9 25 15 10 10 4 13 6 18 
9 25 15 10 10 4 13 6 18 
9 25 15 10 10 4 13 6 18 
9 25 15 10 10 4 8 6 18 
9 25 15 10 10 4 8 6 18 
9 25 15 11 10 4 8 6 18 
9 14 15 11 10 4 8 6 18 
9 14 15 11 10 4 8 6 18 
9 14 15 11 10 4 8 6 18 
9 14 15 11 10 4 8 6 18 
9 14 15 11 10 4 8 6 18 
9 14 15 11 10 4 8 6 18 
9 14 15 11 10 4 8 6 18 
9 14 15 11 24 4 8 6 18 
9 14 15 11 24 4 8 6 18 
9 14 15 11 24 4 8 6 18 
9 14 15 11 24 4 8 6 18 
9 14 15 11 24 4 8 6 18 
9 14 15 11 24 4 8 6 18 
9 14 15 11 24 4 8 6 18 
9 14 15 11 24 26 8 6 18 
9 14 15 11 24 26 8 6 18 
9 14 15 11 24 26 8 6 18 
9 14 15 11 24 26 8 6 18 
9 14 15 11 24 26 8 6 18 
9 14 15 11 24 26 8 6 18 
9 14 15 11 24 26 8 6 18 
9 14 15 11 24 26 8 6 18 
9 14 15 11 24 26 8 6 18 
9 14 15 11 24 26 8 21 18 
9 14 15 11 24 26 8 21 18 
9 14 15 11 24 26 8 21 19 
9 14 15 11 24 26 8 21 19 
9 14 15 11 24 26 8 21 19 
9 14 15 11 24 26 8 21 19 
9 14 15 11 24 26 8 21 19 
9 14 15 11 24 26 8 21 19 
9 14 15 11 24 26 8 21 19 
9 14 15 11 24 5 8 21 19 
9 14 15 11 24 5 22 21 19 
9 14 15 11 24 5 22 21 19 
9 14 15 11 24 5 22 21 19 
9 14 15 11 2 5 22 21 19 
9 14 15 11 2 5 22 3 19 
10 14 15 11 2 5 22 3 19 
10 14 15 11 2 5 22 3 19 
10 14 15 11 2 5 22 3 19 
10 14 15 11 2 5 22 3 19 
10 14 15 11 2 5 22 3 19 
10 14 15 11 2 5 22 3 19 
10 18 15 11 2 5 22 3 19 
10 18 15 11 2 5 22 3 19 
10 18 15 11 2 5 22 3 19 
10 18 15 11 2 5 22 3 19 
10 18 15 11 2 5 22 3 20 
10 18 15 11 2 5 22 3 20 
10 18 15 11 2 5 22 3 20 
10 18 15 11 2 5 22 3 20 
10 18 15 11 2 1 22 3 20 
10 18 15 11 2 1 22 3 20 
10 18 15 11 2 1 22 3 20 
10 18 15 7 2 1 22 3 20 
10 18 15 7 2 1 22 3 23 
10 18 19 7 2 1 22 3 23 
24 18 19 7 2 1 22 3 23 
24 18 19 7 2 1 22 3 23 
24 18 19 7 2 1 22 3 23 
24 18 19 7 2 1 22 3 23 
24 18 19 7 2 1 22 3 23 
24 18 20 7 2 1 22 3 23 
24 18 20 7 2 1 22 3 23 
24 18 20 7 2 1 5 3 23 
6 18 20 7 2 1 5 3 23 
6 14 20 7 2 1 5 3 23 
6 14 20 7 2 1 5 3 23 
6 14 20 7 2 1 5 21 23 
6 14 20 7 2 1 5 21 23 
6 14 20 7 2 1 5 21 23 
6 14 20 7 2 1 5 21 23 
6 14 20 7 2 1 5 21 23 
6 14 20 7 2 1 5 21 23 
6 14 20 7 2 1 5 21 23 
6 14 20 7 2 1 5 21 16 
6 14 20 7 2 1 5 21 16 
6 14 20 7 2 1 5 21 16 
6 14 20 7 2 1 5 21 16 
6 14 20 7 2 1 5 21 16 
6 14 20 7 2 1 5 21 16 
6 9 20 7 2 1 5 21 16 
6 9 20 7 2 1 5 21 16 
6 9 20 7 2 1 22 21 16 
6 9 20 12 2 1 22 21 16 
6 9 20 12 24 1 22 21 16 
6 9 23 12 24 1 22 21 16 
6 9 23 12 24 1 22 21 16 
6 9 23 12 24 1 22 3 16 
6 9 23 12 24 1 22 3 16 
6 9 23 12 24 1 22 3 16 
6 9 23 12 24 1 22 3 16 
11 9 23 12 24 1 22 3 16 
11 9 23 12 24 1 22 3 16 
11 9 23 12 24 1 22 3 16 
11 9 23 12 24 1 22 3 16 
11 9 23 12 24 1 22 3 16 
11 9 23 12 24 1 22 3 16 
11 9 23 12 24 1 22 3 16 
11 9 23 12 24 1 22 3 16 
11 9 23 12 24 27 22 3 16 
11 9 23 12 24 27 22 3 16 
11 10 23 12 24 27 22 3 16 
11 10 23 12 24 27 22 3 16 
11 10 23 12 24 27 22 3 16 
11 10 23 12 24 27 22 3 16 
11 10 23 12 24 27 22 3 16 
11 10 23 12 24 27 22 3 16 
11 10 23 12 24 27 22 3 16 
11 10 23 12 24 27 22 3 16 
11 10 23 12 24 27 22 3 16 
11 10 23 12 24 27 22 3 16 
11 10 23 12 24 27 26 3 16 
11 10 20 12 24 27 26 3 16 
11 10 20 12 24 27 26 3 16 
11 10 20 12 24 27 26 3 16 
11 10 20 12 24 27 26 7 16 
11 10 20 12 24 27 26 7 16 
11 10 20 12 24 27 26 7 16 
11 10 20 12 6 27 26 7 16 
11 10 20 12 6 27 26 7 16 
11 10 20 12 6 27 26 7 16 
11 10 20 12 6 27 26 7 16 
11 10 20 12 6 27 26 7 16 
11 15 20 12 6 27 26 7 16 
11 15 20 12 6 27 26 7 16 
11 15 20 12 6 27 26 7 16 
11 15 20 12 21 27 26 7 16 
11 15 20 12 21 27 26 7 16 
11 15 20 12 21 27 26 7 23 
11 15 20 12 21 27 26 7 23 
11 15 20 12 21 27 26 7 23 
11 15 19 12 21 27 26 7 23 
11 15 19 12 21 27 26 7 23 
11 15 19 12 21 27 26 7 23 
11 15 19 12 21 27 26 7 23 
11 15 19 12 21 27 26 7 23 
11 15 19 12 21 27 26 7 23 
11 15 19 12 21 27 5 7 23 
11 15 19 12 21 27 5 7 23 
11 15 19 12 21 27 5 7 23 
11 15 19 16 21 27 5 7 23 
11 15 19 16 21 27 5 7 23 
10 15 19 16 21 27 5 7 23 
10 15 19 16 21 27 5 7 20 
10 15 19 16 21 27 5 7 20 
10 15 19 16 3 27 5 7 20 
10 15 19 16 3 6 5 7 20 
10 15 19 16 3 6 8 7 20 
10 15 19 16 3 6 8 21 20 
10 25 19 16 3 6 8 21 20 
10 25 19 16 3 6 8 21 20 
10 25 19 16 3 6 13 21 20 
10 17 19 16 3 6 13 21 20 
0 17 19 16 3 6 13 21 20 
0 0 0 0 0 0 0 0 0 
;
ROBOT MOVING BEST:
0 0 0 0 0 0 0 0 0 
1 1 0 0 0 0 0 0 0 
1 0 1 0 0 0 0 0 0 
1 0 0 1 0 0 0 0 0 
1 0 0 0 1 0 0 0 0 
1 0 0 0 0 1 0 0 0 
1 0 0 0 0 0 1 0 0 
1 1 0 0 0 0 0 0 0 
0 1 0 1 0 0 0 0 0 
0 0 0 1 0 0 0 1 0 
1 0 0 0 0 0 0 1 0 
0 1 0 0 1 0 0 0 0 
0 1 0 0 0 1 0 0 0 
0 0 0 0 0 0 0 1 1 
0 0 0 0 0 0 1 0 1 
0 1 0 0 0 0 0 0 1 
1 0 0 0 1 0 0 0 0 
1 0 0 0 0 1 0 0 0 
1 0 0 0 0 0 0 0 1 
0 1 0 1 0 0 0 0 0 
0 0 0 0 1 1 0 0 0 
1 0 0 1 0 0 0 0 0 
0 0 0 0 1 0 0 0 1 
0 0 0 0 0 1 0 0 1 
0 1 0 0 0 0 0 1 0 
0 1 0 0 0 0 1 0 0 
1 0 0 0 0 0 0 1 0 
1 0 0 0 0 0 1 0 0 
0 0 0 1 1 0 0 0 0 
0 0 0 1 0 1 0 0 0 
0 0 0 1 0 0 0 0 1 
1 0 0 0 1 0 0 0 0 
1 0 0 0 0 1 0 0 0 
0 1 0 0 1 0 0 0 0 
1 0 0 0 0 0 0 0 1 
0 0 0 0 0 1 0 1 0 
0 0 1 0 1 0 0 0 0 
0 0 0 0 0 1 0 0 1 
0 1 0 0 0 0 1 0 0 
0 0 1 0 0 0 0 1 0 
0 0 1 0 0 0 0 0 1 
0 1 0 0 0 0 0 1 0 
0 1 0 0 0 0 0 0 1 
1 0 0 1 0 0 0 0 0 
0 0 0 0 1 1 0 0 0 
0 0 0 1 0 0 0 1 0 
0 0 1 0 1 0 0 0 0 
0 0 0 1 0 0 0 0 1 
1 0 0 0 0 0 0 1 0 
0 1 0 0 1 0 0 0 0 
0 0 0 0 0 1 1 0 0 
1 0 0 0 0 0 0 0 1 
0 0 1 0 0 0 1 0 0 
0 0 0 0 0 1 0 0 1 
0 1 0 0 0 0 1 0 0 
0 0 1 0 0 0 0 0 1 
0 0 0 1 1 0 0 0 0 
0 1 0 0 0 0 0 0 1 
0 0 1 0 0 1 0 0 0 
0 0 0 0 0 1 0 1 0 
1 0 0 0 1 0 0 0 0 
0 0 0 1 0 0 1 0 0 
0 1 1 0 0 0 0 0 0 
0 0 0 1 0 1 0 0 0 
0 1 0 0 0 0 0 1 0 
0 0 0 0 0 1 1 0 0 
0 1 0 0 1 0 0 0 0 
0 0 0 0 0 1 0 0 1 
1 0 0 0 0 0 0 0 1 
0 1 0 0 0 0 1 0 0 
0 0 1 0 0 1 0 0 0 
1 0 1 0 0 0 0 0 0 
0 0 0 0 0 1 0 1 0 
1 0 0 0 0 0 0 1 0 
0 1 0 0 0 0 0 0 1 
0 0 0 1 0 1 0 0 0 
1 0 0 1 0 0 0 0 0 
0 0 0 0 1 0 1 0 0 
0 1 1 0 0 0 0 0 0 
0 1 0 0 0 0 0 1 0 
0 0 0 0 1 1 0 0 0 
0 0 0 0 1 0 0 0 1 
1 0 0 0 0 0 0 0 1 
0 1 0 0 1 0 0 0 0 
0 0 0 0 0 1 1 0 0 
0 1 0 0 0 0 1 0 0 
1 1 0 0 0 0 0 0 0 
0 1 0 0 0 1 0 0 0 
0 0 1 0 0 0 1 0 0 
1 0 1 0 0 0 0 0 0 
0 0 0 0 0 0 1 1 0 
1 0 0 0 0 0 0 1 0 
0 0 1 0 0 1 0 0 0 
0 0 0 0 0 1 0 1 0 
0 1 1 0 0 0 0 0 0 
0 0 0 1 0 0 1 0 0 
1 0 0 1 0 0 0 0 0 
0 0 0 1 0 1 0 0 0 
0 1 0 0 0 0 0 1 0 
0 0 1 0 0 0 0 1 0 
0 1 0 1 0 0 0 0 0 
0 0 0 0 0 0 1 0 1 
1 0 0 0 0 0 0 0 1 
0 0 1 1 0 0 0 0 0 
0 0 0 1 0 0 0 1 0 
0 1 0 0 0 0 0 0 1 
0 0 1 0 0 0 1 0 0 
1 0 1 0 0 0 0 0 0 
0 1 0 0 0 1 0 0 0 
1 0 0 0 0 0 0 1 0 
0 1 1 0 0 0 0 0 0 
0 1 0 0 0 0 0 1 0 
0 0 0 1 0 0 0 0 1 
1 0 0 1 0 0 0 0 0 
0 0 0 1 0 1 0 0 0 
0 0 0 0 0 0 1 0 1 
0 0 1 1 0 0 0 0 0 
0 0 1 0 0 0 1 0 0 
0 0 0 1 0 0 0 1 0 
1 0 0 0 0 0 0 0 1 
0 0 0 0 0 1 0 0 1 
0 0 1 0 0 0 0 0 1 
0 0 0 1 0 0 1 0 0 
1 0 1 0 0 0 0 0 0 
0 1 0 1 0 0 0 0 0 
0 1 0 0 0 0 0 0 1 
0 0 1 0 0 1 0 0 0 
0 0 0 0 0 0 0 1 1 
1 1 0 0 0 0 0 0 0 
1 0 0 0 0 0 0 1 0 
0 1 0 0 0 1 0 0 0 
0 0 0 0 0 1 0 1 0 
0 0 0 0 1 0 0 0 1 
1 0 0 0 1 0 0 0 0 
0 1 1 0 0 0 0 0 0 
0 0 1 0 0 0 0 1 0 
0 0 0 0 1 1 0 0 0 
0 0 0 0 0 0 1 0 1 
0 1 0 0 0 0 0 1 0 
0 0 0 0 0 1 0 0 1 
0 0 1 0 1 0 0 0 0 
0 0 1 0 0 0 1 0 0 
0 0 0 0 1 0 0 1 0 
0 0 0 0 0 0 1 1 0 
0 0 1 0 0 1 0 0 0 
0 0 0 1 0 0 0 0 1 
1 0 0 1 0 0 0 0 0 
0 0 0 0 0 1 0 1 0 
1 0 0 0 0 0 0 1 0 
0 0 1 1 0 0 0 0 0 
1 0 0 0 0 0 0 0 1 
0 1 0 1 0 0 0 0 0 
0 0 1 0 0 0 0 1 0 
0 1 0 0 0 0 0 1 0 
0 0 1 0 0 0 0 0 1 
0 0 0 1 1 0 0 0 0 
0 1 0 0 0 0 0 0 1 
0 0 1 0 0 1 0 0 0 
0 0 1 0 0 0 1 0 0 
0 0 0 0 1 0 0 1 0 
0 1 0 0 0 1 0 0 0 
1 0 0 0 1 0 0 0 0 
1 0 0 0 0 0 0 1 0 
1 0 0 1 0 0 0 0 0 
0 0 1 0 1 0 0 0 0 
0 1 0 0 1 0 0 0 0 
0 0 1 0 0 0 0 1 0 
1 0 0 0 0 0 0 0 1 
1 0 0 0 0 1 0 0 0 
0 1 0 0 0 0 0 0 1 
0 0 0 1 0 0 0 0 1 
0 1 0 0 0 1 0 0 0 
0 1 0 0 0 0 1 0 0 
0 0 1 0 0 0 0 0 1 
0 0 0 1 0 1 0 0 0 
0 0 0 1 0 0 1 0 0 
1 0 0 0 1 0 0 0 0 
0 0 1 0 0 1 0 0 0 
0 0 0 1 1 0 0 0 0 
1 0 0 0 0 0 0 1 0 
0 0 1 1 0 0 0 0 0 
0 0 1 0 0 0 0 0 1 
0 0 1 0 0 0 1 0 0 
1 0 0 0 1 0 0 0 0 
0 0 1 0 1 0 0 0 0 
1 0 1 0 0 0 0 0 0 
0 0 0 0 1 0 0 1 0 
1 0 0 0 0 0 0 1 0 
0 1 1 0 0 0 0 0 0 
0 1 0 0 0 0 0 0 1 
1 0 0 0 0 0 1 0 0 
1 0 0 0 1 0 0 0 0 
0 1 1 0 0 0 0 0 0 
0 0 0 1 1 0 0 0 0 
0 0 0 0 1 0 0 1 0 
0 1 0 0 0 0 0 0 1 
1 0 0 0 0 0 1 0 0 
0 0 0 0 0 0 1 1 0 
1 0 0 0 0 1 0 0 0 
0 0 0 0 0 1 0 1 0 
1 0 1 0 0 0 0 0 0 
0 1 0 0 0 0 0 0 1 
1 0 0 1 0 0 0 0 0 
1 0 0 0 0 0 0 1 0 
0 0 1 1 0 0 0 0 0 
0 0 1 0 0 0 0 1 0 
0 0 0 1 0 0 0 1 0 
0 1 1 0 0 0 0 0 0 
0 1 0 1 0 0 0 0 0 
1 0 0 0 0 0 1 0 0 
0 0 0 1 1 0 0 0 0 
0 0 1 0 1 0 0 0 0 
1 0 1 0 0 0 0 0 0 
0 0 1 0 0 0 0 1 0 
0 0 0 0 0 1 0 1 0 
1 0 0 0 0 0 0 1 0 
0 1 1 0 0 0 0 0 0 
1 0 0 0 0 0 0 0 1 
1 0 0 0 0 1 0 0 0 
0 1 0 0 0 0 0 0 1 
0 0 1 0 1 0 0 0 0 
0 0 0 0 1 0 0 0 1 
0 1 0 1 0 0 0 0 0 
0 0 1 0 0 0 0 1 0 
0 0 1 0 0 0 0 0 1 
0 0 0 1 1 0 0 0 0 
0 0 0 0 0 1 0 1 0 
0 0 0 0 0 0 0 1 1 
0 1 1 0 0 0 0 0 0 
1 0 1 0 0 0 0 0 0 
0 0 1 1 0 0 0 0 0 
1 0 0 0 0 0 0 1 0 
0 1 0 0 0 0 0 0 1 
1 0 0 0 0 1 0 0 0 
1 0 0 0 0 0 0 0 1 
0 0 0 1 0 0 0 1 0 
0 0 0 1 0 1 0 0 0 
0 0 0 1 0 0 0 0 1 
1 0 0 0 0 0 1 0 0 
0 0 1 0 0 0 0 1 0 
0 0 1 0 0 1 0 0 0 
0 0 1 0 0 0 0 0 1 
0 0 0 0 1 0 0 1 0 
0 1 0 1 0 0 0 0 0 
1 0 0 1 0 0 0 0 0 
1 0 0 0 1 0 0 0 0 
0 1 1 0 0 0 0 0 0 
0 0 0 1 1 0 0 0 0 
1 0 1 0 0 0 0 0 0 
0 0 1 1 0 0 0 0 0 
0 1 0 0 0 0 0 0 1 
0 0 0 0 0 1 0 1 0 
0 0 0 0 0 0 0 1 1 
0 0 0 0 1 1 0 0 0 
0 0 0 0 1 0 0 0 1 
0 0 1 0 0 0 0 0 1 
1 0 0 0 0 0 0 1 0 
0 1 0 1 0 0 0 0 0 
0 0 1 0 0 1 0 0 0 
0 0 0 1 0 0 0 1 0 
1 0 0 0 1 0 0 0 0 
0 0 0 1 1 0 0 0 0 
0 0 1 1 0 0 0 0 0 
0 0 0 0 0 0 0 1 1 
0 0 1 0 0 0 1 0 0 
0 0 1 0 0 0 0 0 1 
0 0 1 0 0 0 0 1 0 
0 0 1 1 0 0 0 0 0 
0 0 1 0 1 0 0 0 0 
1 0 0 0 0 0 0 1 0 
0 0 1 0 0 0 0 0 1 
1 0 0 0 1 0 0 0 0 
0 0 0 0 1 0 0 1 0 
0 0 1 0 0 1 0 0 0 
0 0 1 0 0 0 1 0 0 
0 0 0 0 1 0 0 1 0 
0 1 1 0 0 0 0 0 0 
0 1 0 0 0 0 0 0 1 
0 0 1 0 0 0 1 0 0 
0 1 1 0 0 0 0 0 0 
1 0 0 0 0 1 0 0 0 
0 1 1 1 1 1 1 1 1 
;
TIMETABLE BEST: 
0.0 0.0 0.0 0.0 0.0 0.0 0.0 0.0 0.0 
0 14 0 0 0 0 0 0 0 
0 14 17 0 0 0 0 0 0 
0 14 17 18 0 0 0 0 0 
0 14 17 18 24 0 0 0 0 
0 14 17 18 24 24 0 0 0 
0 14 17 18 24 24 26 0 0 
17 14 17 18 24 24 26 0 0 
17 14 17 18 24 24 26 0 0 
17 14 17 33 24 24 26 0 0 
17 14 17 33 24 24 26 18 0 
17 14 17 33 24 24 26 18 0 
17 14 17 33 24 24 26 18 0 
17 14 17 33 24 24 26 38 0 
17 14 17 33 24 24 39 38 0 
17 14 17 33 24 24 39 38 26 
17 14 17 33 24 24 39 38 26 
17 14 17 33 24 24 39 38 26 
17 14 17 33 24 24 39 38 26 
17 14 17 33 24 24 39 38 26 
17 14 17 33 24 24 39 38 26 
17 14 17 33 24 24 39 38 26 
17 14 17 33 24 24 39 38 26 
17 14 17 33 24 24 39 38 26 
17 14 17 33 24 24 39 38 26 
17 14 17 33 24 24 39 38 26 
17 14 17 33 24 24 39 38 26 
17 14 17 33 24 24 39 38 26 
17 14 17 33 24 24 39 38 26 
17 14 17 33 24 24 39 38 26 
17 14 17 33 24 24 39 38 26 
36 14 17 33 24 24 39 38 26 
36 14 17 33 24 24 39 38 26 
36 14 17 33 46 24 39 38 26 
36 14 17 33 46 24 39 38 26 
36 14 17 33 46 24 39 38 26 
36 14 17 33 46 24 39 38 26 
36 14 17 33 46 24 39 38 39 
36 14 17 33 46 24 50 38 39 
36 14 26 33 46 24 50 38 39 
36 14 26 33 46 24 50 38 39 
36 28 26 33 46 24 50 38 39 
36 28 26 33 46 24 50 38 39 
36 28 26 33 46 24 50 38 39 
36 28 26 33 46 24 50 38 39 
36 28 26 33 46 24 50 38 39 
36 28 26 33 46 24 50 38 39 
36 28 26 33 46 24 50 38 39 
36 28 26 33 46 24 50 38 39 
36 28 26 33 46 24 50 38 39 
36 28 26 33 46 24 50 38 39 
36 28 26 33 46 24 50 38 39 
36 28 26 33 46 24 50 38 39 
36 28 26 33 46 24 50 38 52 
36 28 26 33 46 24 50 38 52 
36 28 26 33 46 24 50 38 52 
36 28 26 33 46 24 50 38 52 
36 28 26 33 46 24 50 38 52 
36 28 56 33 46 24 50 38 52 
36 28 56 33 46 24 50 57 52 
36 28 56 33 46 24 50 57 52 
36 28 56 33 46 24 50 57 52 
36 28 56 33 46 24 50 57 52 
36 28 56 60 46 24 50 57 52 
36 28 56 60 46 24 50 57 52 
36 28 56 60 46 35 50 57 52 
36 41 56 60 46 35 50 57 52 
36 41 56 60 46 35 50 57 52 
36 41 56 60 46 35 50 57 52 
36 41 56 60 46 35 50 57 52 
36 41 56 60 46 35 50 57 52 
36 41 56 60 46 35 50 57 52 
36 41 56 60 46 35 50 57 52 
36 41 56 60 46 35 50 57 52 
36 41 56 60 46 35 50 57 52 
36 41 56 60 46 35 50 57 52 
36 41 56 60 46 35 50 57 52 
36 41 56 60 46 35 50 57 52 
36 41 56 60 46 35 50 57 52 
36 41 56 60 46 35 50 57 52 
36 41 56 60 46 52 50 57 52 
36 41 56 60 46 52 50 57 52 
36 41 56 60 46 52 50 57 65 
36 41 56 60 60 52 50 57 65 
36 41 56 60 60 52 50 57 65 
36 54 56 60 60 52 50 57 65 
51 54 56 60 60 52 50 57 65 
51 54 56 60 60 52 50 57 65 
51 54 56 60 60 52 50 57 65 
51 54 56 60 60 52 50 57 65 
51 54 56 60 60 52 50 57 65 
51 54 56 60 60 52 50 57 65 
51 54 56 60 60 52 50 57 65 
51 54 56 60 60 52 50 57 65 
51 54 56 60 60 52 50 57 65 
51 54 56 60 60 52 50 57 65 
51 54 56 60 60 52 50 57 65 
51 54 56 60 60 52 50 57 65 
51 54 56 60 60 52 50 57 65 
51 54 56 60 60 52 50 57 65 
51 54 56 60 60 52 50 57 65 
51 54 56 60 60 52 50 57 65 
51 54 56 60 60 52 50 57 65 
51 54 56 60 60 52 50 57 65 
51 54 56 60 60 52 50 57 65 
51 54 56 60 60 52 50 57 65 
51 54 69 60 60 52 50 57 65 
51 54 69 60 60 52 50 57 65 
51 54 69 60 60 66 50 57 65 
51 54 69 60 60 66 50 70 65 
51 54 69 60 60 66 50 70 65 
51 54 69 60 60 66 50 70 65 
51 54 69 60 60 66 50 70 65 
66 54 69 60 60 66 50 70 65 
66 54 69 60 60 66 50 70 65 
66 54 69 60 60 66 61 70 65 
66 54 69 60 60 66 61 70 65 
66 54 69 60 60 66 61 70 65 
66 54 69 60 60 66 61 70 65 
66 54 69 60 60 66 61 70 65 
66 54 69 60 60 66 61 70 65 
66 54 69 60 60 66 61 70 65 
66 54 69 60 60 66 74 70 65 
66 54 69 60 60 66 74 70 65 
66 54 69 81 60 66 74 70 65 
66 70 69 81 60 66 74 70 65 
66 70 69 81 60 66 74 70 65 
66 70 69 81 60 66 74 70 65 
66 70 69 81 60 66 74 70 65 
66 70 69 81 60 66 74 70 65 
66 70 69 81 60 66 74 70 65 
66 70 69 81 60 66 74 70 65 
66 70 69 81 73 66 74 70 65 
66 70 69 81 73 66 74 70 65 
66 70 69 81 73 66 74 70 65 
66 70 69 81 73 66 74 70 65 
66 70 69 81 73 66 74 70 65 
66 70 69 81 73 66 74 70 65 
66 70 69 81 73 66 74 70 65 
66 70 69 81 73 77 74 70 65 
66 70 69 81 73 77 74 70 65 
66 70 69 81 73 77 74 70 65 
66 70 69 81 73 77 74 70 65 
66 70 69 81 73 77 74 70 65 
66 70 69 81 73 77 74 70 65 
66 70 69 81 73 77 74 70 65 
66 70 69 81 73 77 74 70 65 
66 70 69 81 73 77 74 70 65 
66 70 69 81 73 77 74 82 65 
66 70 69 81 73 77 74 82 65 
66 70 69 81 73 77 74 82 85 
66 70 69 81 73 77 74 82 85 
66 70 69 81 73 77 74 82 85 
66 70 69 81 73 77 74 82 85 
66 70 69 81 73 77 74 82 85 
66 70 69 81 73 77 74 82 85 
66 70 69 81 73 77 74 82 85 
66 70 69 81 73 86 74 82 85 
66 70 69 81 73 86 86 82 85 
66 70 69 81 73 86 86 82 85 
66 70 69 81 73 86 86 82 85 
66 70 69 81 92 86 86 82 85 
66 70 69 81 92 86 86 94 85 
80 70 69 81 92 86 86 94 85 
80 70 69 81 92 86 86 94 85 
80 70 69 81 92 86 86 94 85 
80 70 69 81 92 86 86 94 85 
80 70 69 81 92 86 86 94 85 
80 70 69 81 92 86 86 94 85 
80 81 69 81 92 86 86 94 85 
80 81 69 81 92 86 86 94 85 
80 81 69 81 92 86 86 94 85 
80 81 69 81 92 86 86 94 85 
80 81 69 81 92 86 86 94 98 
80 81 69 81 92 86 86 94 98 
80 81 69 81 92 86 86 94 98 
80 81 69 81 92 86 86 94 98 
80 81 69 81 92 104 86 94 98 
80 81 69 81 92 104 86 94 98 
80 81 69 81 92 104 86 94 98 
80 81 69 106 92 104 86 94 98 
80 81 69 106 92 104 86 94 108 
80 81 93 106 92 104 86 94 108 
93 81 93 106 92 104 86 94 108 
93 81 93 106 92 104 86 94 108 
93 81 93 106 92 104 86 94 108 
93 81 93 106 92 104 86 94 108 
93 81 93 106 92 104 86 94 108 
93 81 106 106 92 104 86 94 108 
93 81 106 106 92 104 86 94 108 
93 81 106 106 92 104 98 94 108 
106 81 106 106 92 104 98 94 108 
106 92 106 106 92 104 98 94 108 
106 92 106 106 92 104 98 94 108 
106 92 106 106 92 104 98 106 108 
106 92 106 106 92 104 98 106 108 
106 92 106 106 92 104 98 106 108 
106 92 106 106 92 104 98 106 108 
106 92 106 106 92 104 98 106 108 
106 92 106 106 92 104 98 106 108 
106 92 106 106 92 104 98 106 108 
106 92 106 106 92 104 98 106 119 
106 92 106 106 92 104 98 106 119 
106 92 106 106 92 104 98 106 119 
106 92 106 106 92 104 98 106 119 
106 92 106 106 92 104 98 106 119 
106 92 106 106 92 104 98 106 119 
106 108 106 106 92 104 98 106 119 
106 108 106 106 92 104 98 106 119 
106 108 106 106 92 104 110 106 119 
106 108 106 124 92 104 110 106 119 
106 108 106 124 111 104 110 106 119 
106 108 116 124 111 104 110 106 119 
106 108 116 124 111 104 110 106 119 
106 108 116 124 111 104 110 118 119 
106 108 116 124 111 104 110 118 119 
106 108 116 124 111 104 110 118 119 
106 108 116 124 111 104 110 118 119 
123 108 116 124 111 104 110 118 119 
123 108 116 124 111 104 110 118 119 
123 108 116 124 111 104 110 118 119 
123 108 116 124 111 104 110 118 119 
123 108 116 124 111 104 110 118 119 
123 108 116 124 111 104 110 118 119 
123 108 116 124 111 104 110 118 119 
123 108 116 124 111 104 110 118 119 
123 108 116 124 111 119 110 118 119 
123 108 116 124 111 119 110 118 119 
123 122 116 124 111 119 110 118 119 
123 122 116 124 111 119 110 118 119 
123 122 116 124 111 119 110 118 119 
123 122 116 124 111 119 110 118 119 
123 122 116 124 111 119 110 118 119 
123 122 116 124 111 119 110 118 119 
123 122 116 124 111 119 110 118 119 
123 122 116 124 111 119 110 118 119 
123 122 116 124 111 119 110 118 119 
123 122 116 124 111 119 110 118 119 
123 122 116 124 111 119 121 118 119 
123 122 126 124 111 119 121 118 119 
123 122 126 124 111 119 121 118 119 
123 122 126 124 111 119 121 118 119 
123 122 126 124 111 119 121 134 119 
123 122 126 124 111 119 121 134 119 
123 122 126 124 111 119 121 134 119 
123 122 126 124 124 119 121 134 119 
123 122 126 124 124 119 121 134 119 
123 122 126 124 124 119 121 134 119 
123 122 126 124 124 119 121 134 119 
123 122 126 124 124 119 121 134 119 
123 133 126 124 124 119 121 134 119 
123 133 126 124 124 119 121 134 119 
123 133 126 124 124 119 121 134 119 
123 133 126 124 136 119 121 134 119 
123 133 126 124 136 119 121 134 119 
123 133 126 124 136 119 121 134 130 
123 133 126 124 136 119 121 134 130 
123 133 126 124 136 119 121 134 130 
123 133 139 124 136 119 121 134 130 
123 133 139 124 136 119 121 134 130 
123 133 139 124 136 119 121 134 130 
123 133 139 124 136 119 121 134 130 
123 133 139 124 136 119 121 134 130 
123 133 139 124 136 119 121 134 130 
123 133 139 124 136 119 130 134 130 
123 133 139 124 136 119 130 134 130 
123 133 139 124 136 119 130 134 130 
123 133 139 135 136 119 130 134 130 
123 133 139 135 136 119 130 134 130 
144 133 139 135 136 119 130 134 130 
144 133 139 135 136 119 130 134 140 
144 133 139 135 136 119 130 134 140 
144 133 139 135 148 119 130 134 140 
144 133 139 135 148 154 130 134 140 
144 133 139 135 148 154 154 134 140 
144 133 139 135 148 154 154 146 140 
144 156 139 135 148 154 154 146 140 
144 156 139 135 148 154 154 146 140 
144 156 139 135 148 154 167 146 140 
144 168 139 135 148 154 167 146 140 
204 168 139 135 148 154 167 146 140 
204.0 218.0 222.0 236.0 206.0 208.0 206.0 208.0 236.0 
;
EXECUTION TIME HBSS: 6976.67046309 seconds 

-------------------------------------------------------------------
