DATFILE : bwopen0_7r_500.dat
ENVIRONMENT : bwopen
ALGORITHM : HBSS - TAU 3
RANGE : 500
STARTING_POS : 0
N_ROBOTS : 7
GREEDY SOLUTION : [ 2168.]
COMPUTATIONS D :
2296
2306
2176
2292
2234
2342
2176
2016
2338
2046
2182
2276
2312
2184
2182
2322
2384
2150
2126
2458
2048
2370
2184
2390
2022
2076
2116
2298
2270
2398
2096
2226
2200
2194
2340
2234
2354
2282
2302
2308
2368
2274
2170
2202
2226
2258
2230
2210
2418
2322
2440
2228
2330
2080
2398
2294
2280
2134
2230
2280
2292
2274
2262
2232
2448
2428
2222
2552
1992
2040
2390
2238
2194
2460
2286
2460
2226
2274
2474
1968
2298
2292
2312
2252
2236
2408
2080
2278
2198
2280
2248
2282
2226
2234
2076
2290
2450
2192
2114
2550
2378
2396
2244
2260
2148
2176
2164
2416
2402
2316
2204
2226
2282
2458
2418
2200
2232
2122
2138
2080
2288
2180
2338
2522
2240
2216
2232
2278
2120
2104
2382
2258
2254
2078
2284
2122
2132
2218
2240
2458
2268
2288
2250
2240
2432
2346
2494
2440
2414
2258
2078
2240
2216
2412
2360
2360
2172
2262
2156
2494
2102
2280
2076
2266
2224
2158
2140
2408
2312
2264
2092
2340
2386
2214
2248
2208
2168
2332
2334
2348
2174
2340
2280
2338
2212
2370
2344
2348
2128
2072
2352
2460
2042
2414
2278
2206
2434
2378
2330
2278
;
HBBS sumD : 1968
BEST_CONFIGURATIONS : 
0 0 0 0 0 0 0 
0 0 0 0 4 0 0 
0 26 0 0 4 0 0 
0 26 1 0 4 0 0 
0 26 1 0 4 5 0 
0 26 1 22 4 5 0 
26 26 1 22 4 5 0 
26 26 1 22 8 5 0 
26 26 1 22 8 5 4 
26 26 1 22 8 5 4 
26 26 1 22 8 5 4 
26 26 1 22 8 5 4 
26 26 1 22 8 5 4 
26 26 1 22 8 5 4 
26 26 1 22 8 5 4 
26 26 1 22 8 5 4 
26 26 1 22 8 5 4 
26 26 1 22 8 5 4 
26 26 1 22 8 5 4 
26 26 27 22 8 5 4 
26 26 27 22 8 5 4 
26 26 27 22 8 5 4 
26 26 27 22 8 5 4 
26 26 27 22 8 5 4 
26 26 27 22 13 5 4 
26 26 27 22 13 5 4 
26 26 27 22 13 5 4 
26 26 27 22 13 5 4 
26 26 27 22 13 5 8 
26 26 27 22 13 9 8 
0 26 27 22 13 9 8 
0 26 27 22 13 9 8 
0 5 27 22 13 9 8 
0 5 27 22 13 9 8 
0 5 27 22 13 9 8 
0 5 27 22 13 9 8 
0 5 27 22 13 9 8 
0 5 27 22 13 9 8 
0 5 27 22 13 9 13 
0 5 2 22 13 9 13 
0 5 2 22 17 9 13 
0 5 2 22 17 9 13 
0 5 2 22 17 9 13 
0 5 2 22 17 9 25 
0 5 2 22 17 9 25 
0 14 2 22 17 9 25 
0 14 2 4 17 9 25 
0 14 2 4 17 9 25 
0 14 2 4 17 9 25 
0 14 2 4 17 9 25 
0 14 2 4 17 9 25 
0 14 2 4 17 9 25 
0 14 2 4 17 9 25 
0 14 2 4 17 9 25 
0 14 2 4 17 9 25 
0 14 2 4 17 10 25 
0 14 2 4 17 10 25 
0 14 2 26 17 10 25 
0 14 2 26 17 10 25 
0 14 2 26 17 10 25 
1 14 2 26 17 10 25 
1 14 2 26 17 10 25 
1 14 2 26 17 10 25 
1 14 2 26 17 10 25 
1 14 2 26 17 10 25 
1 14 2 26 17 10 25 
1 14 2 26 17 10 25 
1 14 2 26 17 10 25 
1 14 2 26 17 10 25 
1 14 2 26 17 10 25 
1 14 2 5 17 10 25 
1 14 2 5 17 10 25 
1 14 2 5 17 10 25 
1 14 2 5 17 10 25 
1 14 2 5 17 10 25 
1 14 2 5 13 10 25 
1 14 2 5 13 10 25 
1 14 2 5 13 10 25 
1 14 2 5 13 10 25 
27 14 2 5 13 10 25 
27 14 2 5 13 10 25 
27 14 2 5 13 10 25 
27 15 2 5 13 10 25 
27 15 2 5 13 24 25 
27 15 6 5 13 24 25 
27 15 6 5 13 24 25 
27 15 6 5 13 24 18 
27 15 6 5 13 24 18 
27 15 6 5 13 24 18 
27 15 6 5 13 24 18 
27 15 6 5 13 24 18 
27 15 6 5 13 24 18 
27 15 6 5 13 24 18 
27 15 6 26 13 24 18 
27 15 6 26 13 24 18 
27 15 6 26 13 24 18 
27 15 6 26 13 24 18 
27 15 6 26 13 24 18 
27 15 6 26 13 24 18 
27 15 6 26 13 24 18 
27 15 6 26 13 24 18 
27 15 6 26 13 24 18 
27 15 6 26 13 24 18 
27 10 6 26 13 24 18 
27 10 6 26 13 24 18 
27 10 6 26 13 24 18 
27 10 6 26 17 24 18 
27 10 6 26 17 24 18 
27 10 6 26 17 24 18 
27 10 6 22 17 24 18 
27 10 6 22 17 24 14 
27 10 6 22 17 24 14 
27 10 6 22 17 24 14 
27 10 6 22 17 24 14 
27 10 6 22 17 24 14 
27 10 21 22 17 24 14 
27 10 21 22 17 24 14 
27 10 21 22 17 24 14 
1 10 21 22 17 24 14 
1 10 21 22 17 24 14 
1 10 21 22 17 24 14 
1 10 21 22 17 24 14 
1 10 21 22 25 24 14 
1 10 21 22 25 24 14 
1 10 21 4 25 24 14 
1 10 21 4 25 24 14 
1 15 21 4 25 24 14 
1 15 21 4 25 24 14 
1 15 21 4 25 9 14 
1 15 21 4 25 9 14 
1 15 21 4 25 9 14 
1 15 21 4 25 9 14 
1 15 21 4 25 9 18 
1 15 21 4 25 9 18 
1 15 21 4 25 9 18 
1 15 21 4 25 9 18 
1 15 6 4 25 9 18 
1 15 6 4 25 9 18 
1 15 6 4 25 9 18 
1 15 6 4 25 9 18 
1 15 6 4 25 9 18 
1 15 6 4 25 9 18 
1 15 6 4 25 9 18 
1 15 6 4 25 27 18 
1 15 6 4 17 27 18 
1 10 6 4 17 27 18 
1 10 6 8 17 27 18 
1 10 11 8 17 27 18 
27 10 11 8 17 27 19 
27 10 11 8 17 27 19 
27 10 11 8 17 27 19 
27 10 11 8 17 27 19 
9 10 11 8 17 27 19 
9 10 11 8 17 27 19 
9 10 11 8 17 27 19 
9 10 11 8 25 27 19 
9 10 11 8 25 27 19 
9 10 11 8 25 27 19 
9 10 11 8 25 27 19 
9 10 11 8 25 27 19 
9 15 11 8 25 27 19 
9 15 11 8 25 27 19 
9 15 11 8 25 27 19 
9 15 11 8 25 27 19 
9 15 11 8 25 27 19 
9 15 11 8 25 27 19 
9 15 11 8 25 27 19 
9 15 11 22 25 27 19 
9 15 11 22 25 27 19 
9 15 11 22 25 27 19 
9 15 11 22 25 27 20 
9 15 11 22 25 27 20 
9 15 11 22 25 27 20 
9 15 11 22 25 2 20 
9 15 11 22 25 2 20 
9 15 11 22 25 2 20 
9 15 11 22 25 2 20 
9 15 11 22 18 2 20 
9 15 11 22 18 2 20 
9 15 11 26 18 2 20 
9 14 11 26 18 2 20 
24 14 11 26 18 2 20 
24 14 11 26 18 2 23 
24 14 11 5 18 2 23 
24 14 11 5 18 2 23 
24 14 6 5 18 2 23 
24 14 6 5 18 2 23 
24 14 6 5 18 2 23 
24 14 6 5 18 2 23 
24 14 6 5 18 2 23 
24 14 21 5 18 2 23 
24 9 21 5 18 2 23 
24 9 21 5 18 2 20 
24 9 21 5 18 2 20 
24 9 21 5 19 2 20 
24 9 21 5 19 2 20 
24 9 21 5 19 3 20 
24 9 21 5 19 3 20 
24 9 21 5 19 3 20 
24 9 7 5 19 3 20 
6 9 7 5 19 3 20 
6 9 7 5 19 3 20 
6 9 7 5 19 3 20 
6 9 7 5 19 3 20 
6 9 7 5 19 3 20 
6 9 7 5 19 3 20 
6 9 7 5 19 3 20 
6 9 7 5 19 3 20 
21 9 7 5 19 3 20 
21 9 7 5 19 3 20 
21 9 7 5 19 3 23 
21 9 7 5 19 3 23 
21 9 7 5 19 3 23 
21 9 7 5 19 3 23 
21 9 7 5 19 3 23 
21 9 7 5 19 3 23 
21 9 7 1 19 3 23 
21 9 7 1 19 3 23 
21 10 7 1 19 3 23 
21 10 7 1 19 3 23 
21 10 7 1 19 3 23 
21 10 7 1 19 3 23 
21 10 7 1 19 3 16 
21 10 7 1 19 3 16 
21 10 7 1 19 3 16 
21 15 7 1 19 3 16 
21 15 12 1 19 3 16 
21 15 12 27 19 3 16 
21 15 12 27 19 3 16 
11 15 12 27 19 3 16 
11 15 12 27 20 7 16 
11 15 12 27 20 7 16 
11 15 12 27 20 7 16 
11 15 12 27 20 7 16 
11 15 12 27 20 7 16 
11 15 12 27 20 7 16 
11 15 12 27 23 7 16 
11 15 12 27 23 7 16 
11 15 12 27 23 7 16 
11 15 12 27 23 7 16 
11 15 12 27 23 7 16 
11 15 12 27 23 7 16 
11 15 12 27 23 7 16 
11 15 12 27 23 7 16 
11 15 12 27 23 7 16 
11 15 12 27 23 21 16 
11 15 12 27 23 21 16 
11 15 12 27 23 21 16 
11 10 12 27 23 21 16 
11 10 12 27 23 21 16 
11 10 12 27 23 21 16 
11 10 12 27 23 21 16 
11 10 12 9 23 21 16 
11 10 12 9 23 6 16 
11 10 12 9 23 6 16 
11 10 12 9 20 6 23 
11 10 12 9 20 6 23 
11 10 12 9 20 6 23 
11 10 12 9 20 6 23 
11 10 12 9 20 6 23 
24 10 12 9 20 6 23 
24 10 12 9 20 6 23 
24 10 16 9 20 6 23 
24 14 16 9 20 6 23 
24 14 16 9 20 6 23 
24 14 16 9 19 6 23 
24 14 12 9 19 2 23 
24 18 12 9 19 2 23 
24 18 12 8 19 2 23 
24 18 7 8 19 2 23 
10 18 7 8 15 2 23 
10 18 7 8 15 2 23 
10 18 7 13 15 2 19 
10 18 21 13 15 6 19 
9 18 21 13 15 6 19 
9 17 21 13 15 6 19 
9 17 21 8 15 6 19 
9 17 3 8 15 2 19 
9 17 3 8 14 2 19 
24 17 3 0 14 2 19 
24 17 3 0 14 2 6 
0 0 0 0 0 0 0 
;
ROBOT MOVING BEST:
0 0 0 0 0 0 0 
1 0 0 0 1 0 0 
1 1 0 0 0 0 0 
1 0 1 0 0 0 0 
1 0 0 0 0 1 0 
1 0 0 1 0 0 0 
1 0 0 0 1 0 0 
0 0 0 0 1 0 1 
0 0 1 0 0 0 1 
1 0 1 0 0 0 0 
0 0 0 1 0 0 1 
1 0 0 0 0 1 0 
0 0 0 0 0 1 1 
1 0 0 1 0 0 0 
0 0 1 1 0 0 0 
0 0 0 0 1 0 1 
0 0 1 0 0 1 0 
1 0 0 0 1 0 0 
0 0 1 0 1 0 0 
0 0 1 0 0 0 1 
0 0 0 1 0 1 0 
1 0 1 0 0 0 0 
0 0 0 1 1 0 0 
0 0 0 0 1 1 0 
0 0 0 0 1 0 1 
0 0 1 1 0 0 0 
0 0 1 0 0 1 0 
1 0 0 0 1 0 0 
0 0 1 0 0 0 1 
1 0 0 0 0 1 0 
1 0 1 0 0 0 0 
0 0 0 1 1 0 0 
0 1 0 0 1 0 0 
0 0 0 0 1 0 1 
0 0 0 1 0 1 0 
0 1 0 0 0 1 0 
0 0 1 0 1 0 0 
0 0 0 0 0 1 1 
1 0 0 0 0 0 1 
0 0 1 1 0 0 0 
0 0 0 1 1 0 0 
0 1 1 0 0 0 0 
0 1 0 0 1 0 0 
0 0 0 1 0 0 1 
1 0 0 0 0 1 0 
0 1 0 1 0 0 0 
0 0 0 1 0 1 0 
1 0 1 0 0 0 0 
1 0 0 0 1 0 0 
1 0 0 0 0 0 1 
0 0 1 1 0 0 0 
0 0 0 1 1 0 0 
0 0 0 1 0 0 1 
0 1 0 1 0 0 0 
1 1 0 0 0 0 0 
1 0 0 0 0 1 0 
0 0 0 1 0 1 0 
0 0 1 1 0 0 0 
0 0 0 1 1 0 0 
0 0 0 1 0 0 1 
1 0 0 0 0 0 1 
1 0 1 0 0 0 0 
0 0 0 1 0 1 0 
0 1 0 1 0 0 0 
0 0 0 0 1 0 1 
0 0 1 0 0 1 0 
1 1 0 0 0 0 0 
0 1 1 0 0 0 0 
0 1 0 0 1 0 0 
0 1 0 0 0 0 1 
0 0 0 1 0 0 1 
1 0 0 0 0 1 0 
0 1 0 1 0 0 0 
0 0 0 0 1 1 0 
0 0 0 0 0 1 1 
1 0 0 0 1 0 0 
0 1 0 0 0 1 0 
0 0 0 1 0 1 0 
0 0 0 0 1 0 1 
1 0 1 0 0 0 0 
0 1 0 0 1 0 0 
1 0 0 0 0 0 1 
0 1 1 0 0 0 0 
0 0 1 0 0 1 0 
0 0 1 0 0 0 1 
0 1 0 0 0 0 1 
0 0 0 1 0 0 1 
0 1 0 1 0 0 0 
0 0 1 1 0 0 0 
0 0 0 0 1 0 1 
0 0 0 1 0 1 0 
1 1 0 0 0 0 0 
0 1 0 0 1 0 0 
0 0 0 1 0 0 1 
1 0 0 0 0 0 1 
0 1 0 1 0 0 0 
0 0 1 1 0 0 0 
0 1 0 0 0 0 1 
1 0 1 0 0 0 0 
0 0 0 0 1 1 0 
0 0 1 0 0 0 1 
0 0 0 1 0 1 0 
0 1 1 0 0 0 0 
0 1 0 0 1 0 0 
1 0 0 0 0 1 0 
0 0 0 0 0 1 1 
1 0 0 0 1 0 0 
0 0 0 0 1 0 1 
0 0 1 0 0 1 0 
0 0 0 1 0 0 1 
1 0 0 0 0 0 1 
0 0 1 1 0 0 0 
1 1 0 0 0 0 0 
0 0 0 0 1 1 0 
0 0 1 0 0 0 1 
1 0 1 0 0 0 0 
0 0 0 1 0 1 0 
0 0 0 0 0 1 1 
1 0 0 0 0 1 0 
0 0 1 0 0 1 0 
0 1 0 0 0 1 0 
0 1 0 1 0 0 0 
0 0 0 0 1 1 0 
0 0 1 0 0 0 1 
0 0 0 1 0 1 0 
0 1 1 0 0 0 0 
0 1 0 0 0 1 0 
1 0 1 0 0 0 0 
0 0 0 0 0 1 1 
0 1 0 0 0 0 1 
1 0 0 0 0 1 0 
0 0 1 0 0 1 0 
1 0 0 0 0 0 1 
1 1 0 0 0 0 0 
0 1 1 0 0 0 0 
0 0 0 0 1 1 0 
1 0 1 0 0 0 0 
0 0 0 0 1 0 1 
0 0 0 1 0 0 1 
0 0 0 0 0 1 1 
0 1 0 1 0 0 0 
0 1 0 0 0 1 0 
0 0 1 1 0 0 0 
1 0 0 0 0 1 0 
0 1 0 0 1 0 0 
0 1 0 0 0 0 1 
0 0 0 1 0 0 1 
1 0 1 0 0 0 0 
1 0 0 0 0 0 1 
0 0 0 1 1 0 0 
0 1 0 1 0 0 0 
0 0 0 0 1 0 1 
1 0 0 0 1 0 0 
0 1 0 0 0 0 1 
0 0 0 1 0 0 1 
0 0 0 1 1 0 0 
0 1 1 0 0 0 0 
1 1 0 0 0 0 0 
0 0 1 0 0 1 0 
1 0 0 0 0 1 0 
0 1 0 1 0 0 0 
0 0 0 0 1 0 1 
0 0 1 0 0 0 1 
0 0 1 0 1 0 0 
0 1 0 0 0 0 1 
1 0 1 0 0 0 0 
1 0 0 0 0 0 1 
0 0 0 1 0 0 1 
0 1 1 0 0 0 0 
0 0 1 1 0 0 0 
0 0 0 0 0 1 1 
0 0 0 0 1 0 1 
0 1 0 1 0 0 0 
0 0 1 0 0 1 0 
1 0 0 0 0 0 1 
0 0 1 0 0 0 1 
1 0 0 0 0 1 0 
0 0 1 0 1 0 0 
0 1 0 0 0 0 1 
0 0 1 1 0 0 0 
0 1 1 0 0 0 0 
1 0 1 0 0 0 0 
0 0 1 0 0 0 1 
0 0 1 1 0 0 0 
0 1 0 0 1 0 0 
0 0 1 0 0 1 0 
0 0 0 0 1 0 1 
1 0 0 0 0 0 1 
0 1 0 0 0 0 1 
0 0 1 0 0 0 1 
0 0 1 0 0 1 0 
1 1 0 0 0 0 0 
1 0 0 0 0 0 1 
0 0 0 0 1 0 1 
0 0 0 0 1 1 0 
1 0 0 0 1 0 0 
1 0 0 0 0 1 0 
0 0 1 1 0 0 0 
0 0 0 1 1 0 0 
1 0 1 0 0 0 0 
1 1 0 0 0 0 0 
1 0 0 0 0 0 1 
1 0 0 0 1 0 0 
0 0 0 0 1 0 1 
1 0 0 0 0 1 0 
0 0 0 0 0 1 1 
0 1 0 0 0 1 0 
1 0 1 0 0 0 0 
1 0 0 0 0 0 1 
0 1 1 0 0 0 0 
0 1 0 0 0 0 1 
1 0 0 0 1 0 0 
0 0 1 0 1 0 0 
1 0 0 0 0 1 0 
0 0 0 0 1 0 1 
0 0 1 0 0 1 0 
0 0 0 1 0 1 0 
0 0 0 0 0 1 1 
0 1 0 0 0 1 0 
1 0 1 0 0 0 0 
1 0 0 0 0 0 1 
0 0 1 0 0 0 1 
0 0 0 0 1 0 1 
0 0 0 0 0 1 1 
0 1 1 0 0 0 0 
0 1 0 0 0 1 0 
0 0 1 0 1 0 0 
0 0 0 1 0 1 0 
0 0 1 0 0 1 0 
1 0 0 0 0 1 0 
0 0 0 0 1 1 0 
0 0 0 0 0 1 1 
0 0 0 0 1 0 1 
0 0 1 0 1 0 0 
0 1 0 0 0 1 0 
0 0 0 1 0 1 0 
0 0 0 0 1 0 1 
0 1 0 0 0 0 1 
0 0 1 0 0 1 0 
0 1 0 0 1 0 0 
1 0 0 0 0 1 0 
0 0 1 0 0 0 1 
0 0 1 1 0 0 0 
0 0 1 0 1 0 0 
1 0 0 0 0 0 1 
0 0 0 0 0 1 1 
0 1 1 0 0 0 0 
1 0 1 0 0 0 0 
0 1 0 0 0 0 1 
0 0 1 0 0 1 0 
1 0 0 0 0 1 0 
0 1 0 0 1 0 0 
0 0 0 1 0 0 1 
0 0 0 0 0 1 1 
0 1 1 0 0 0 0 
0 0 0 0 1 0 1 
0 0 1 1 0 0 0 
0 1 0 0 1 0 0 
0 0 1 0 0 1 0 
1 0 0 0 0 1 0 
1 0 1 0 0 0 0 
0 1 0 0 0 1 0 
1 0 1 0 0 0 0 
0 1 0 0 1 0 0 
0 1 1 0 0 0 0 
0 1 0 0 1 0 0 
0 0 1 0 0 1 0 
0 1 0 0 1 0 0 
1 0 0 1 0 0 0 
0 0 1 0 0 1 0 
1 0 0 0 1 0 0 
0 0 0 1 0 1 0 
0 0 0 1 0 0 1 
0 0 1 0 0 1 0 
1 0 0 1 0 0 0 
0 1 0 1 0 0 0 
0 0 0 1 0 1 0 
0 0 1 0 0 1 0 
0 0 0 1 1 0 0 
1 0 0 1 0 0 0 
0 0 0 1 0 0 1 
1 1 1 0 1 1 1 
;
TIMETABLE BEST: 
0.0 0.0 0.0 0.0 0.0 0.0 0.0 
0 0 0 0 14 0 0 
0 17 0 0 14 0 0 
0 17 18 0 14 0 0 
0 17 18 0 14 24 0 
0 17 18 24 14 24 0 
17 17 18 24 14 24 0 
17 17 18 24 28 24 0 
17 17 18 24 28 24 14 
17 17 18 24 28 24 14 
17 17 18 24 28 24 14 
17 17 18 24 28 24 14 
17 17 18 24 28 24 14 
17 17 18 24 28 24 14 
17 17 18 24 28 24 14 
17 17 18 24 28 24 14 
17 17 18 24 28 24 14 
17 17 18 24 28 24 14 
17 17 18 24 28 24 14 
17 17 33 24 28 24 14 
17 17 33 24 28 24 14 
17 17 33 24 28 24 14 
17 17 33 24 28 24 14 
17 17 33 24 28 24 14 
17 17 33 24 41 24 14 
17 17 33 24 41 24 14 
17 17 33 24 41 24 14 
17 17 33 24 41 24 14 
17 17 33 24 41 24 28 
17 17 33 24 41 46 28 
34 17 33 24 41 46 28 
34 17 33 24 41 46 28 
34 26 33 24 41 46 28 
34 26 33 24 41 46 28 
34 26 33 24 41 46 28 
34 26 33 24 41 46 28 
34 26 33 24 41 46 28 
34 26 33 24 41 46 28 
34 26 33 24 41 46 41 
34 26 52 24 41 46 41 
34 26 52 24 52 46 41 
34 26 52 24 52 46 41 
34 26 52 24 52 46 41 
34 26 52 24 52 46 54 
34 26 52 24 52 46 54 
34 56 52 24 52 46 54 
34 56 52 36 52 46 54 
34 56 52 36 52 46 54 
34 56 52 36 52 46 54 
34 56 52 36 52 46 54 
34 56 52 36 52 46 54 
34 56 52 36 52 46 54 
34 56 52 36 52 46 54 
34 56 52 36 52 46 54 
34 56 52 36 52 46 54 
34 56 52 36 52 60 54 
34 56 52 36 52 60 54 
34 56 52 47 52 60 54 
34 56 52 47 52 60 54 
34 56 52 47 52 60 54 
52 56 52 47 52 60 54 
52 56 52 47 52 60 54 
52 56 52 47 52 60 54 
52 56 52 47 52 60 54 
52 56 52 47 52 60 54 
52 56 52 47 52 60 54 
52 56 52 47 52 60 54 
52 56 52 47 52 60 54 
52 56 52 47 52 60 54 
52 56 52 47 52 60 54 
52 56 52 56 52 60 54 
52 56 52 56 52 60 54 
52 56 52 56 52 60 54 
52 56 52 56 52 60 54 
52 56 52 56 52 60 54 
52 56 52 56 63 60 54 
52 56 52 56 63 60 54 
52 56 52 56 63 60 54 
52 56 52 56 63 60 54 
67 56 52 56 63 60 54 
67 56 52 56 63 60 54 
67 56 52 56 63 60 54 
67 69 52 56 63 60 54 
67 69 52 56 63 73 54 
67 69 70 56 63 73 54 
67 69 70 56 63 73 54 
67 69 70 56 63 73 67 
67 69 70 56 63 73 67 
67 69 70 56 63 73 67 
67 69 70 56 63 73 67 
67 69 70 56 63 73 67 
67 69 70 56 63 73 67 
67 69 70 56 63 73 67 
67 69 70 65 63 73 67 
67 69 70 65 63 73 67 
67 69 70 65 63 73 67 
67 69 70 65 63 73 67 
67 69 70 65 63 73 67 
67 69 70 65 63 73 67 
67 69 70 65 63 73 67 
67 69 70 65 63 73 67 
67 69 70 65 63 73 67 
67 69 70 65 63 73 67 
67 80 70 65 63 73 67 
67 80 70 65 63 73 67 
67 80 70 65 63 73 67 
67 80 70 65 74 73 67 
67 80 70 65 74 73 67 
67 80 70 65 74 73 67 
67 80 70 76 74 73 67 
67 80 70 76 74 73 78 
67 80 70 76 74 73 78 
67 80 70 76 74 73 78 
67 80 70 76 74 73 78 
67 80 70 76 74 73 78 
67 80 82 76 74 73 78 
67 80 82 76 74 73 78 
67 80 82 76 74 73 78 
82 80 82 76 74 73 78 
82 80 82 76 74 73 78 
82 80 82 76 74 73 78 
82 80 82 76 74 73 78 
82 80 82 76 86 73 78 
82 80 82 76 86 73 78 
82 80 82 88 86 73 78 
82 80 82 88 86 73 78 
82 91 82 88 86 73 78 
82 91 82 88 86 73 78 
82 91 82 88 86 88 78 
82 91 82 88 86 88 78 
82 91 82 88 86 88 78 
82 91 82 88 86 88 78 
82 91 82 88 86 88 89 
82 91 82 88 86 88 89 
82 91 82 88 86 88 89 
82 91 82 88 86 88 89 
82 91 94 88 86 88 89 
82 91 94 88 86 88 89 
82 91 94 88 86 88 89 
82 91 94 88 86 88 89 
82 91 94 88 86 88 89 
82 91 94 88 86 88 89 
82 91 94 88 86 88 89 
82 91 94 88 86 103 89 
82 91 94 88 98 103 89 
82 102 94 88 98 103 89 
82 102 94 102 98 103 89 
82 102 111 102 98 103 89 
97 102 111 102 98 103 109 
97 102 111 102 98 103 109 
97 102 111 102 98 103 109 
97 102 111 102 98 103 109 
112 102 111 102 98 103 109 
112 102 111 102 98 103 109 
112 102 111 102 98 103 109 
112 102 111 102 110 103 109 
112 102 111 102 110 103 109 
112 102 111 102 110 103 109 
112 102 111 102 110 103 109 
112 102 111 102 110 103 109 
112 113 111 102 110 103 109 
112 113 111 102 110 103 109 
112 113 111 102 110 103 109 
112 113 111 102 110 103 109 
112 113 111 102 110 103 109 
112 113 111 102 110 103 109 
112 113 111 102 110 103 109 
112 113 111 114 110 103 109 
112 113 111 114 110 103 109 
112 113 111 114 110 103 109 
112 113 111 114 110 103 122 
112 113 111 114 110 103 122 
112 113 111 114 110 103 122 
112 113 111 114 110 122 122 
112 113 111 114 110 122 122 
112 113 111 114 110 122 122 
112 113 111 114 110 122 122 
112 113 111 114 123 122 122 
112 113 111 114 123 122 122 
112 113 111 125 123 122 122 
112 126 111 125 123 122 122 
127 126 111 125 123 122 122 
127 126 111 125 123 122 132 
127 126 111 134 123 122 132 
127 126 111 134 123 122 132 
127 126 128 134 123 122 132 
127 126 128 134 123 122 132 
127 126 128 134 123 122 132 
127 126 128 134 123 122 132 
127 126 128 134 123 122 132 
127 126 140 134 123 122 132 
127 142 140 134 123 122 132 
127 142 140 134 123 122 142 
127 142 140 134 123 122 142 
127 142 140 134 143 122 142 
127 142 140 134 143 122 142 
127 142 140 134 143 144 142 
127 142 140 134 143 144 142 
127 142 140 134 143 144 142 
127 142 152 134 143 144 142 
140 142 152 134 143 144 142 
140 142 152 134 143 144 142 
140 142 152 134 143 144 142 
140 142 152 134 143 144 142 
140 142 152 134 143 144 142 
140 142 152 134 143 144 142 
140 142 152 134 143 144 142 
140 142 152 134 143 144 142 
152 142 152 134 143 144 142 
152 142 152 134 143 144 142 
152 142 152 134 143 144 152 
152 142 152 134 143 144 152 
152 142 152 134 143 144 152 
152 142 152 134 143 144 152 
152 142 152 134 143 144 152 
152 142 152 134 143 144 152 
152 142 152 152 143 144 152 
152 142 152 152 143 144 152 
152 156 152 152 143 144 152 
152 156 152 152 143 144 152 
152 156 152 152 143 144 152 
152 156 152 152 143 144 152 
152 156 152 152 143 144 163 
152 156 152 152 143 144 163 
152 156 152 152 143 144 163 
152 167 152 152 143 144 163 
152 167 170 152 143 144 163 
152 167 170 167 143 144 163 
152 167 170 167 143 144 163 
171 167 170 167 143 144 163 
171 167 170 167 156 160 163 
171 167 170 167 156 160 163 
171 167 170 167 156 160 163 
171 167 170 167 156 160 163 
171 167 170 167 156 160 163 
171 167 170 167 156 160 163 
171 167 170 167 166 160 163 
171 167 170 167 166 160 163 
171 167 170 167 166 160 163 
171 167 170 167 166 160 163 
171 167 170 167 166 160 163 
171 167 170 167 166 160 163 
171 167 170 167 166 160 163 
171 167 170 167 166 160 163 
171 167 170 167 166 160 163 
171 167 170 167 166 172 163 
171 167 170 167 166 172 163 
171 167 170 167 166 172 163 
171 178 170 167 166 172 163 
171 178 170 167 166 172 163 
171 178 170 167 166 172 163 
171 178 170 167 166 172 163 
171 178 170 182 166 172 163 
171 178 170 182 166 184 163 
171 178 170 182 166 184 163 
171 178 170 182 176 184 174 
171 178 170 182 176 184 174 
171 178 170 182 176 184 174 
171 178 170 182 176 184 174 
171 178 170 182 176 184 174 
189 178 170 182 176 184 174 
189 178 170 182 176 184 174 
189 178 181 182 176 184 174 
189 196 181 182 176 184 174 
189 196 181 182 176 184 174 
189 196 181 182 189 184 174 
189 196 192 182 189 202 174 
189 207 192 182 189 202 174 
189 207 192 214 189 202 174 
189 207 210 214 189 202 174 
202 207 210 214 213 202 174 
202 207 210 214 213 202 174 
202 207 210 227 213 202 197 
202 207 222 227 213 220 197 
216 207 222 227 213 220 197 
216 224 222 227 213 220 197 
216 224 222 240 213 220 197 
216 224 234 240 213 238 197 
216 224 234 240 226 238 197 
231 224 234 266 226 238 197 
231 224 234 266 226 238 242 
286.0 274.0 292.0 266.0 280.0 274.0 296.0 
;
EXECUTION TIME HBSS: 3908.66099811 seconds 

-------------------------------------------------------------------
