DATFILE : bwopen0_3r_500.dat
ENVIRONMENT : bwopen
ALGORITHM : HBSS - TAU 7
RANGE : 500
STARTING_POS : 0
N_ROBOTS : 3
GREEDY SOLUTION : 1922.0
COMPUTATIONS T :
1929.0
2025.0
1895.0
1972.0
1922.0
2032.0
2064.0
2011.0
1922.0
1935.0
1957.0
1900.0
1968.0
1916.0
1947.0
1889.0
1911.0
1922.0
1995.0
1992.0
2011.0
1809.0
1936.0
1922.0
1941.0
1877.0
1954.0
2009.0
1956.0
2013.0
1996.0
2041.0
2011.0
1966.0
1927.0
1931.0
1977.0
1916.0
1978.0
1970.0
1970.0
1925.0
1953.0
2066.0
1922.0
1975.0
1944.0
1917.0
1970.0
1917.0
1922.0
1915.0
1961.0
1892.0
2002.0
1925.0
1960.0
1922.0
1944.0
1927.0
1939.0
1922.0
1917.0
2059.0
1928.0
1946.0
1978.0
1922.0
1935.0
1926.0
1922.0
1922.0
1922.0
1953.0
1934.0
1908.0
1947.0
1922.0
1958.0
1878.0
2034.0
1987.0
1908.0
1933.0
1984.0
1922.0
1969.0
1937.0
1935.0
2013.0
2008.0
2012.0
2011.0
1992.0
1922.0
1922.0
1922.0
1922.0
2053.0
1961.0
1922.0
1955.0
1948.0
1922.0
1978.0
2025.0
1933.0
1922.0
1976.0
1978.0
1951.0
2037.0
1957.0
1922.0
2030.0
1996.0
1922.0
1922.0
1975.0
1934.0
1976.0
1876.0
2016.0
1922.0
1979.0
1931.0
1963.0
1981.0
1984.0
1926.0
1922.0
1859.0
1922.0
1928.0
1939.0
2015.0
2008.0
2038.0
1935.0
1909.0
1953.0
2002.0
1904.0
1969.0
1922.0
1995.0
1963.0
1955.0
2014.0
1937.0
1986.0
1998.0
1943.0
1982.0
1911.0
1922.0
1983.0
1935.0
1915.0
1922.0
1954.0
1922.0
1982.0
1987.0
1968.0
1956.0
1945.0
1922.0
1922.0
1972.0
1922.0
1949.0
1962.0
2021.0
2047.0
1958.0
1981.0
1981.0
1922.0
2025.0
1966.0
1964.0
1935.0
2020.0
1973.0
2030.0
2010.0
1964.0
1922.0
2029.0
2010.0
1896.0
1992.0
1947.0
1864.0
1916.0
2019.0
1953.0
1964.0
2017.0
;
HBBS bestT : 1809.0
BEST_CONFIGURATIONS : 
0 0 0 
0 4 0 
0 4 26 
0 4 26 
0 4 5 
0 4 5 
0 26 5 
1 26 5 
1 26 5 
1 4 5 
1 4 22 
1 4 22 
1 26 22 
27 26 22 
27 26 22 
27 5 22 
27 5 22 
27 5 4 
27 1 4 
27 1 0 
27 1 0 
9 1 0 
9 1 0 
10 1 0 
10 1 0 
15 1 0 
15 1 4 
10 1 4 
10 27 4 
10 27 26 
10 9 26 
10 9 26 
10 9 5 
10 9 5 
15 9 5 
15 9 5 
15 9 26 
15 10 26 
15 10 22 
15 10 22 
10 10 8 
10 15 8 
10 14 8 
10 14 13 
10 14 13 
10 18 13 
10 18 17 
10 18 17 
15 14 17 
15 14 13 
15 18 13 
15 18 17 
15 18 13 
14 18 13 
14 18 17 
14 25 17 
14 25 17 
18 25 17 
18 25 13 
18 17 13 
19 17 13 
19 17 13 
19 25 13 
19 25 8 
19 25 8 
19 25 22 
19 17 22 
19 13 22 
18 13 22 
18 8 22 
18 8 22 
14 8 22 
14 8 22 
14 8 26 
14 8 26 
14 8 5 
14 8 5 
18 8 5 
18 13 5 
18 13 26 
18 13 26 
14 13 4 
14 13 4 
18 13 4 
18 17 4 
18 17 26 
25 17 26 
25 17 5 
25 17 5 
25 17 22 
17 8 22 
17 8 4 
13 8 4 
13 8 0 
13 8 0 
17 8 0 
17 22 0 
25 22 0 
25 4 0 
14 0 0 
14 0 1 
18 0 1 
25 1 1 
25 1 27 
17 1 27 
13 27 27 
13 27 1 
13 9 1 
13 9 27 
17 9 27 
25 9 27 
25 9 2 
18 9 2 
18 9 6 
18 9 6 
14 9 6 
14 9 6 
14 9 21 
14 9 21 
14 9 3 
15 9 3 
10 9 3 
10 24 3 
10 24 3 
15 24 3 
15 24 21 
15 24 21 
10 24 21 
10 6 21 
10 6 21 
15 6 21 
15 6 7 
15 6 7 
10 6 7 
10 21 7 
24 6 7 
24 6 7 
9 24 7 
9 24 7 
27 6 7 
27 6 7 
27 21 7 
27 21 3 
27 21 3 
27 6 3 
1 6 3 
1 6 3 
1 21 3 
1 21 2 
1 21 2 
1 3 2 
27 3 2 
27 7 2 
5 7 2 
5 21 2 
26 21 2 
26 6 2 
26 6 2 
5 6 2 
5 6 24 
5 11 24 
5 11 24 
26 11 24 
26 11 24 
22 11 24 
22 11 24 
4 11 24 
4 6 24 
4 6 9 
4 11 9 
22 11 9 
8 6 9 
8 6 9 
22 6 9 
8 6 24 
8 2 24 
8 2 24 
22 2 24 
22 2 10 
4 2 10 
4 2 15 
4 2 14 
0 2 14 
0 6 14 
0 6 25 
0 24 25 
0 24 13 
0 24 17 
1 24 17 
1 24 25 
27 24 25 
27 24 18 
27 24 18 
27 24 14 
27 24 14 
27 24 15 
27 11 15 
27 11 15 
27 11 10 
1 11 10 
1 11 14 
2 11 14 
2 11 18 
6 11 18 
6 11 25 
21 11 25 
3 11 25 
3 11 19 
21 11 19 
7 11 19 
7 11 19 
7 11 20 
7 11 20 
7 11 23 
7 11 23 
7 11 16 
7 11 16 
7 11 12 
7 11 12 
21 11 12 
21 6 12 
3 6 16 
3 6 16 
3 6 12 
3 24 12 
21 24 16 
21 24 16 
21 24 23 
21 24 23 
21 24 20 
21 24 20 
3 24 20 
3 6 20 
3 6 23 
3 6 23 
3 7 23 
3 12 16 
2 12 16 
2 12 23 
2 12 20 
27 12 20 
27 12 20 
27 16 20 
9 16 20 
9 16 20 
9 16 23 
9 16 23 
9 12 23 
9 12 19 
9 12 19 
9 16 19 
10 16 19 
10 16 19 
10 12 19 
10 12 20 
10 12 23 
10 23 20 
15 23 20 
15 23 20 
15 16 20 
15 16 19 
15 12 19 
14 16 19 
14 16 19 
14 23 19 
14 23 19 
14 20 19 
14 20 19 
18 20 19 
18 20 19 
18 23 19 
25 20 19 
25 20 15 
25 20 10 
25 19 24 
25 19 6 
5 19 6 
5 19 2 
27 19 2 
8 19 1 
8 27 1 
0 0 0 
;
ROBOT MOVING BEST:
0 0 0 
1 1 0 
1 0 1 
0 1 1 
1 0 1 
0 1 1 
0 1 1 
1 1 0 
1 0 1 
1 1 0 
1 0 1 
0 1 1 
0 1 1 
1 1 0 
1 0 1 
1 1 0 
0 1 1 
1 0 1 
1 1 0 
1 0 1 
0 1 1 
1 1 0 
1 0 1 
1 1 0 
1 0 1 
1 1 0 
1 0 1 
1 0 1 
1 1 0 
1 0 1 
1 1 0 
0 1 1 
1 0 1 
0 1 1 
1 1 0 
1 0 1 
1 0 1 
1 1 0 
1 0 1 
0 1 1 
1 0 1 
0 1 1 
1 1 0 
1 0 1 
0 1 1 
1 1 0 
1 0 1 
0 1 1 
1 1 0 
1 0 1 
1 1 0 
1 0 1 
0 1 1 
1 1 0 
1 0 1 
1 1 0 
0 1 1 
1 1 0 
0 1 1 
0 1 1 
1 1 0 
1 0 1 
1 1 0 
1 0 1 
0 1 1 
1 0 1 
0 1 1 
0 1 1 
1 0 1 
1 1 0 
0 1 1 
1 1 0 
1 0 1 
1 0 1 
0 1 1 
1 0 1 
0 1 1 
1 0 1 
0 1 1 
1 0 1 
0 1 1 
1 0 1 
0 1 1 
1 0 1 
0 1 1 
0 1 1 
1 0 1 
1 0 1 
0 1 1 
1 0 1 
1 1 0 
0 1 1 
1 1 0 
1 0 1 
0 1 1 
1 0 1 
0 1 1 
1 0 1 
1 1 0 
1 1 0 
1 0 1 
1 0 1 
1 1 0 
1 0 1 
1 0 1 
1 1 0 
1 0 1 
1 1 0 
0 1 1 
1 1 0 
1 1 0 
0 1 1 
1 1 0 
1 0 1 
0 1 1 
1 1 0 
1 0 1 
1 0 1 
0 1 1 
0 1 1 
1 0 1 
1 0 1 
0 1 1 
1 1 0 
1 1 0 
1 0 1 
0 1 1 
1 0 1 
1 1 0 
0 1 1 
1 1 0 
1 0 1 
0 1 1 
1 0 1 
0 1 1 
1 1 0 
1 0 1 
1 1 0 
1 0 1 
1 1 0 
1 0 1 
1 1 0 
1 0 1 
0 1 1 
0 1 1 
1 1 0 
1 0 1 
1 1 0 
1 0 1 
0 1 1 
0 1 1 
1 0 1 
0 1 1 
1 0 1 
1 1 0 
1 0 1 
1 1 0 
0 1 1 
1 1 0 
1 0 1 
1 1 0 
0 1 1 
1 1 0 
1 0 1 
1 1 0 
1 0 1 
1 0 1 
1 1 0 
1 0 1 
0 1 1 
1 0 1 
1 1 0 
1 0 1 
1 1 0 
1 0 1 
1 1 0 
0 1 1 
1 1 0 
0 1 1 
1 1 0 
0 1 1 
0 1 1 
1 1 0 
1 1 0 
0 1 1 
1 1 0 
0 1 1 
0 1 1 
1 1 0 
0 1 1 
1 1 0 
1 0 1 
0 1 1 
1 0 1 
0 1 1 
1 0 1 
1 1 0 
0 1 1 
0 1 1 
1 1 0 
0 1 1 
1 1 0 
0 1 1 
1 1 0 
0 1 1 
1 1 0 
1 1 0 
0 1 1 
1 0 1 
1 1 0 
1 0 1 
1 0 1 
0 1 1 
1 0 1 
0 1 1 
1 0 1 
0 1 1 
1 0 1 
0 1 1 
1 0 1 
0 1 1 
1 0 1 
0 1 1 
1 0 1 
0 1 1 
1 0 1 
0 1 1 
1 0 1 
0 1 1 
1 0 1 
0 1 1 
1 0 1 
0 1 1 
1 0 1 
0 1 1 
1 1 0 
0 1 1 
1 1 0 
0 1 1 
0 1 1 
1 1 0 
1 0 1 
0 1 1 
1 1 0 
1 0 1 
1 0 1 
0 1 1 
1 1 0 
1 0 1 
0 1 1 
0 1 1 
1 1 0 
1 0 1 
1 1 0 
1 0 1 
1 0 1 
0 1 1 
1 1 0 
1 0 1 
1 1 0 
1 0 1 
1 1 0 
1 1 0 
1 0 1 
1 1 0 
0 1 1 
1 1 0 
0 1 1 
1 1 0 
1 0 1 
1 1 0 
1 1 0 
1 0 1 
1 0 1 
0 1 1 
0 1 1 
1 1 0 
0 1 1 
1 1 0 
1 0 1 
1 1 0 
1 1 1 
;
TIMETABLE BEST: 
0.0 0.0 0.0 
14 14 0 
17 14 17 
17 17 17 
26 17 26 
26 26 26 
26 37 37 
44 44 37 
44 44 44 
55 55 44 
56 55 56 
56 56 56 
56 67 67 
71 71 67 
71 71 71 
80 80 71 
80 80 80 
92 80 92 
98 98 92 
106 98 106 
106 106 106 
121 121 106 
121 121 121 
135 135 121 
135 135 135 
146 146 135 
149 146 149 
160 146 160 
161 161 160 
171 161 171 
176 176 171 
176 176 176 
185 176 185 
185 185 185 
196 196 185 
196 196 196 
205 196 205 
210 210 205 
216 210 216 
216 216 216 
228 216 228 
228 228 228 
241 241 228 
241 241 241 
241 241 241 
252 252 241 
252 252 252 
252 252 252 
263 263 252 
263 263 263 
274 274 263 
274 274 274 
274 285 285 
287 287 285 
296 287 296 
300 300 296 
300 300 300 
311 311 300 
311 311 311 
311 323 323 
331 331 323 
331 331 331 
343 343 331 
344 343 344 
344 344 344 
356 344 356 
356 356 356 
356 367 367 
376 367 376 
380 380 376 
380 380 380 
391 391 380 
391 391 391 
402 391 402 
402 402 402 
411 402 411 
411 411 411 
422 411 422 
422 424 424 
433 424 433 
433 433 433 
444 433 444 
444 444 444 
455 444 455 
455 455 455 
455 466 466 
468 466 468 
477 466 477 
477 477 477 
489 477 489 
501 501 489 
501 501 501 
512 512 501 
515 512 515 
515 515 515 
526 515 526 
526 527 527 
538 527 538 
539 539 538 
555 555 538 
556 555 556 
567 555 567 
580 580 567 
582 580 582 
594 580 594 
605 605 594 
609 605 609 
620 620 609 
620 624 624 
631 631 624 
643 643 624 
643 643 643 
656 656 643 
661 656 661 
661 661 661 
672 672 661 
672 672 672 
684 672 684 
684 684 684 
684 696 696 
697 696 697 
708 696 708 
708 711 711 
711 711 711 
722 722 711 
723 722 723 
723 723 723 
734 723 734 
736 736 734 
736 736 736 
747 747 736 
748 747 748 
748 748 748 
759 748 759 
759 760 760 
772 772 760 
772 772 772 
787 787 772 
787 787 787 
802 802 787 
802 802 802 
814 814 802 
818 814 818 
818 818 818 
818 830 830 
833 833 830 
833 833 833 
845 845 833 
855 845 855 
855 855 855 
855 867 867 
870 867 870 
870 883 883 
891 883 891 
895 895 891 
904 895 904 
907 907 904 
907 907 907 
916 916 907 
926 916 926 
933 933 926 
933 933 933 
942 942 933 
942 942 942 
953 953 942 
953 953 953 
965 953 965 
970 970 965 
980 970 980 
980 987 987 
992 987 992 
1004 1004 992 
1004 1004 1004 
1016 1016 1004 
1028 1016 1028 
1034 1034 1028 
1034 1034 1034 
1046 1046 1034 
1046 1047 1047 
1058 1058 1047 
1058 1058 1058 
1058 1071 1071 
1072 1072 1071 
1090 1090 1071 
1090 1090 1090 
1103 1103 1090 
1103 1103 1103 
1103 1114 1114 
1121 1121 1114 
1121 1126 1126 
1136 1136 1126 
1139 1136 1139 
1139 1139 1139 
1150 1139 1150 
1150 1150 1150 
1163 1150 1163 
1168 1168 1163 
1168 1168 1168 
1168 1179 1179 
1183 1183 1179 
1183 1197 1197 
1203 1203 1197 
1203 1208 1208 
1221 1221 1208 
1221 1221 1221 
1233 1233 1221 
1245 1245 1221 
1245 1254 1254 
1257 1254 1257 
1269 1269 1257 
1269 1269 1269 
1282 1269 1282 
1282 1282 1282 
1292 1282 1292 
1292 1292 1292 
1303 1292 1303 
1303 1303 1303 
1314 1303 1314 
1314 1314 1314 
1326 1314 1326 
1326 1331 1331 
1342 1331 1342 
1342 1342 1342 
1353 1342 1353 
1353 1355 1355 
1366 1355 1366 
1366 1366 1366 
1377 1366 1377 
1377 1377 1377 
1387 1377 1387 
1387 1387 1387 
1399 1387 1399 
1399 1400 1400 
1410 1400 1410 
1410 1410 1410 
1430 1430 1410 
1430 1448 1448 
1452 1452 1448 
1452 1459 1459 
1452 1469 1469 
1471 1471 1469 
1471 1471 1471 
1471 1482 1482 
1486 1486 1482 
1486 1486 1486 
1496 1486 1496 
1496 1496 1496 
1507 1507 1496 
1519 1507 1519 
1519 1519 1519 
1519 1530 1530 
1533 1533 1530 
1533 1533 1533 
1544 1544 1533 
1546 1544 1546 
1556 1544 1556 
1556 1566 1566 
1567 1567 1566 
1567 1567 1567 
1578 1578 1567 
1580 1578 1580 
1589 1589 1580 
1602 1602 1580 
1602 1602 1602 
1613 1613 1602 
1613 1613 1613 
1623 1623 1613 
1623 1623 1623 
1634 1634 1623 
1634 1634 1634 
1644 1644 1634 
1657 1657 1634 
1658 1657 1658 
1669 1657 1669 
1669 1682 1682 
1669 1695 1695 
1705 1705 1695 
1705 1713 1713 
1726 1726 1713 
1769 1726 1769 
1776 1776 1769 
1802.0 1809.0 1787.0 
;
EXECUTION TIME HBSS: 675.842233896 seconds 

-------------------------------------------------------------------
