DATFILE : bwopen0_7r_500.dat
ENVIRONMENT : bwopen
ALGORITHM : HBSS - TAU 2
RANGE : 500
STARTING_POS : 0
N_ROBOTS : 7
GREEDY SOLUTION : 656.0
COMPUTATIONS T :
666.0
722.0
683.0
737.0
716.0
694.0
703.0
693.0
699.0
717.0
707.0
765.0
654.0
714.0
704.0
681.0
700.0
721.0
678.0
710.0
713.0
695.0
681.0
709.0
699.0
726.0
684.0
698.0
770.0
690.0
649.0
701.0
709.0
669.0
747.0
730.0
674.0
668.0
725.0
765.0
646.0
730.0
726.0
764.0
712.0
717.0
693.0
761.0
688.0
704.0
674.0
771.0
696.0
657.0
780.0
750.0
657.0
681.0
704.0
647.0
767.0
733.0
678.0
765.0
697.0
656.0
691.0
699.0
681.0
709.0
722.0
696.0
729.0
705.0
663.0
726.0
757.0
659.0
710.0
684.0
690.0
693.0
738.0
706.0
704.0
678.0
680.0
744.0
722.0
696.0
719.0
757.0
733.0
709.0
752.0
706.0
740.0
684.0
709.0
728.0
706.0
670.0
637.0
695.0
703.0
709.0
695.0
696.0
699.0
707.0
712.0
739.0
682.0
723.0
764.0
697.0
712.0
730.0
721.0
711.0
727.0
735.0
720.0
710.0
681.0
713.0
749.0
752.0
700.0
684.0
678.0
692.0
681.0
671.0
693.0
722.0
705.0
751.0
687.0
703.0
692.0
698.0
656.0
781.0
707.0
715.0
720.0
690.0
681.0
721.0
686.0
713.0
705.0
719.0
711.0
676.0
741.0
729.0
685.0
681.0
736.0
664.0
725.0
737.0
684.0
675.0
696.0
708.0
721.0
779.0
718.0
737.0
768.0
735.0
718.0
724.0
706.0
719.0
710.0
714.0
713.0
652.0
708.0
656.0
706.0
672.0
760.0
709.0
695.0
693.0
693.0
718.0
720.0
719.0
695.0
761.0
689.0
763.0
704.0
699.0
;
HBBS bestT : 637.0
BEST_CONFIGURATIONS : 
0 0 0 0 0 0 0 
0 0 0 4 0 0 0 
0 26 0 4 0 0 0 
0 26 0 4 0 0 0 
0 26 1 4 0 0 0 
0 26 1 4 0 0 0 
0 26 1 4 0 0 5 
0 26 1 4 0 0 5 
0 26 1 4 22 0 5 
0 26 1 4 22 0 5 
0 26 1 4 22 0 5 
0 26 1 4 22 0 5 
0 26 1 4 22 0 5 
0 26 1 4 22 0 5 
0 26 1 4 22 0 5 
0 26 1 4 22 8 5 
0 26 1 4 22 8 5 
0 26 1 4 22 8 5 
0 26 1 4 22 8 5 
0 26 1 4 22 8 5 
0 5 1 8 22 8 5 
0 5 1 8 4 8 5 
0 5 1 8 4 13 5 
0 5 1 8 4 13 5 
0 5 1 8 4 13 5 
0 5 1 8 4 13 4 
0 5 1 8 4 13 4 
0 26 1 8 4 13 4 
0 26 1 8 22 13 4 
0 26 27 8 22 13 4 
0 26 27 8 22 13 22 
0 26 27 8 22 13 22 
0 26 27 4 22 13 22 
0 26 27 4 22 17 22 
0 26 27 4 22 17 22 
0 26 27 4 22 17 4 
0 26 27 4 5 17 4 
0 26 27 4 5 17 4 
0 26 27 4 5 17 4 
0 26 27 22 5 17 4 
0 26 27 22 5 13 4 
1 27 27 22 5 13 4 
1 27 27 8 5 13 4 
1 27 27 8 5 17 4 
1 27 27 8 9 17 4 
1 27 27 8 9 17 4 
1 27 2 8 9 17 5 
1 27 2 8 9 17 5 
1 27 2 8 9 17 5 
1 27 2 8 9 17 5 
1 27 2 8 9 17 5 
1 27 2 8 9 17 5 
1 27 2 8 9 17 5 
1 27 2 8 10 17 5 
1 27 2 8 10 25 5 
1 27 2 8 10 25 5 
1 27 2 8 10 25 22 
1 27 2 8 10 25 22 
1 27 2 8 10 25 22 
1 27 2 8 10 25 22 
1 27 2 8 10 25 22 
1 27 2 8 10 25 22 
1 27 2 8 10 25 22 
1 27 2 8 10 25 22 
1 27 2 8 15 25 22 
1 27 2 8 15 25 22 
1 27 2 8 15 25 22 
1 27 2 8 15 25 26 
1 27 2 8 15 25 26 
1 27 2 8 15 25 26 
1 27 2 8 15 25 4 
1 27 2 8 10 25 4 
1 27 2 8 10 25 4 
1 9 2 8 10 25 4 
1 9 2 13 10 25 4 
1 9 2 13 10 25 4 
1 9 2 13 10 25 4 
1 9 2 13 10 25 4 
1 9 2 13 10 25 4 
1 9 2 13 10 25 4 
0 9 2 13 10 25 4 
0 9 2 13 10 25 4 
0 9 2 17 15 25 4 
0 9 2 17 15 25 4 
0 9 2 17 15 25 4 
0 9 2 17 15 25 26 
0 9 2 17 15 25 26 
0 9 2 17 15 25 26 
0 9 2 17 15 25 26 
4 9 2 17 15 25 26 
4 9 2 17 15 25 5 
4 9 2 17 15 25 5 
4 9 24 17 15 25 5 
4 9 24 17 15 25 5 
4 9 24 17 15 25 5 
4 9 24 13 15 25 5 
4 9 24 13 15 25 5 
4 9 24 13 15 25 5 
4 9 24 13 15 25 5 
4 9 24 13 15 25 26 
26 9 24 13 10 25 26 
26 9 24 17 10 25 26 
26 9 24 17 10 18 26 
22 9 24 17 10 18 26 
22 9 24 17 10 18 26 
22 9 24 17 10 18 26 
22 9 24 17 10 18 26 
22 9 24 17 10 18 26 
22 9 24 17 10 18 26 
22 9 24 17 10 18 26 
22 9 24 17 10 18 26 
22 9 24 17 10 14 26 
22 9 24 17 10 14 5 
22 9 24 17 10 14 5 
22 9 24 18 10 14 5 
22 9 24 18 10 14 5 
22 9 24 18 15 14 5 
22 9 24 18 15 14 26 
22 9 24 18 15 14 26 
22 9 24 18 15 14 26 
22 9 24 18 15 14 26 
22 9 6 18 15 14 26 
22 9 6 18 15 14 26 
22 9 6 18 15 14 26 
22 9 6 18 15 14 26 
22 9 6 18 15 14 26 
22 9 6 18 15 14 26 
22 9 6 18 15 14 5 
22 9 6 18 15 14 5 
22 9 6 18 15 14 5 
22 9 6 18 10 14 5 
22 27 6 18 10 14 5 
4 27 6 18 10 14 5 
4 27 6 18 10 14 5 
4 27 6 18 10 14 5 
4 27 6 18 10 14 5 
4 27 6 18 24 14 5 
4 27 6 18 24 14 5 
4 27 6 18 24 14 1 
4 27 6 14 24 14 1 
4 27 6 14 24 14 1 
4 27 6 14 24 14 1 
0 27 6 14 24 14 1 
0 27 6 14 24 18 1 
0 27 6 14 24 18 1 
0 27 21 14 24 19 1 
0 27 21 14 10 19 1 
0 2 21 14 10 19 1 
0 2 21 14 10 19 1 
0 2 21 14 10 19 1 
0 2 21 14 10 19 1 
0 2 21 14 10 19 1 
0 2 21 14 10 19 27 
1 2 21 14 10 19 27 
1 2 21 15 10 19 27 
1 2 21 15 10 19 27 
1 2 21 15 10 19 27 
1 2 21 15 10 19 9 
1 2 21 15 10 19 9 
1 2 21 15 10 19 9 
1 3 21 10 10 19 9 
1 3 21 10 15 19 9 
1 3 21 10 15 19 9 
1 3 21 10 15 19 9 
1 3 21 10 15 19 9 
1 3 21 10 15 20 9 
1 3 7 10 10 20 9 
1 3 7 10 10 20 9 
1 3 7 10 10 20 9 
1 3 7 15 10 20 9 
1 3 7 15 10 20 9 
1 3 7 15 10 20 9 
1 3 7 15 10 20 9 
1 3 7 15 10 23 9 
1 21 7 15 10 23 9 
2 21 7 15 10 23 9 
2 21 7 15 10 23 9 
2 21 7 15 10 23 9 
2 21 7 15 10 23 9 
2 21 7 15 10 23 9 
2 21 7 15 10 20 9 
2 21 7 15 10 20 9 
2 21 7 14 10 20 9 
2 21 7 14 24 20 9 
2 21 7 14 24 20 9 
2 21 7 14 24 20 9 
2 21 7 14 24 20 9 
2 21 7 14 24 20 9 
2 21 6 25 24 20 9 
2 21 6 25 24 23 9 
2 3 6 25 24 23 9 
2 3 6 25 24 23 9 
2 3 6 25 24 23 9 
2 3 6 25 24 23 27 
2 3 6 25 24 20 27 
2 3 6 25 24 20 27 
2 3 6 25 24 20 27 
2 12 6 25 7 20 27 
2 12 6 25 7 20 27 
2 12 6 18 7 19 27 
2 12 24 18 7 19 27 
2 12 24 18 7 19 27 
6 12 24 18 7 19 27 
6 12 24 18 7 19 27 
6 12 24 18 7 19 27 
6 12 24 18 7 20 27 
6 12 24 18 7 20 27 
6 12 24 18 7 20 27 
6 12 24 19 7 20 27 
6 12 24 19 7 20 27 
6 12 24 19 7 20 27 
6 12 24 19 7 20 27 
21 12 6 19 7 20 27 
21 12 6 19 7 23 27 
21 16 6 19 7 23 27 
21 16 6 19 7 23 27 
21 16 6 19 7 23 27 
21 16 6 19 7 23 27 
21 16 6 18 7 23 27 
3 12 6 18 7 23 27 
3 12 6 18 21 23 5 
3 12 6 18 21 23 5 
3 12 6 18 21 23 5 
3 12 6 18 21 23 5 
3 12 6 14 21 23 5 
3 16 6 14 21 23 5 
3 16 24 14 21 23 5 
3 16 24 14 11 23 5 
3 16 24 14 11 16 5 
3 16 24 14 11 16 5 
3 16 24 14 11 16 5 
3 16 24 14 11 16 26 
3 16 24 14 11 16 26 
3 12 24 14 11 16 26 
3 12 24 14 11 16 5 
3 12 24 18 11 16 5 
3 12 24 18 11 16 5 
3 12 10 18 11 16 5 
6 12 10 18 11 16 5 
6 12 10 18 11 16 5 
6 12 15 18 11 16 5 
6 12 15 18 11 16 5 
6 12 15 18 11 16 5 
6 12 15 18 11 16 1 
6 12 15 25 11 16 1 
6 12 10 25 11 16 1 
6 12 10 25 11 23 1 
21 12 10 25 11 23 1 
21 7 10 25 11 23 1 
21 7 10 25 11 23 27 
21 7 10 18 11 20 27 
21 7 10 18 11 20 27 
21 7 9 18 11 20 27 
2 7 9 18 11 20 27 
2 12 9 18 11 20 27 
2 12 9 14 11 19 27 
2 12 9 14 11 19 27 
2 12 9 14 11 19 2 
2 16 9 14 11 19 2 
2 16 9 13 11 19 2 
2 16 9 13 11 19 2 
2 16 14 13 11 19 2 
2 16 14 8 19 19 2 
5 16 14 8 19 19 2 
5 16 25 8 19 19 2 
5 23 25 8 19 19 2 
5 23 25 8 19 19 6 
22 23 25 8 19 19 6 
22 23 25 8 19 19 24 
22 23 17 8 19 19 24 
22 16 17 8 20 19 24 
22 23 17 8 20 19 24 
22 23 17 13 20 19 24 
22 23 17 8 20 18 24 
25 23 17 8 20 18 24 
25 23 17 8 20 18 14 
25 23 13 8 20 18 14 
25 23 13 8 20 18 14 
17 23 13 8 20 18 14 
17 11 13 22 20 18 14 
17 24 0 22 20 18 14 
0 0 0 0 0 0 0 
;
ROBOT MOVING BEST:
0 0 0 0 0 0 0 
1 0 0 1 0 0 0 
1 1 0 0 0 0 0 
0 1 0 1 0 0 0 
1 0 1 0 0 0 0 
0 1 1 0 0 0 0 
1 0 0 0 0 0 1 
0 0 1 1 0 0 0 
1 0 0 0 1 0 0 
0 1 0 0 1 0 0 
0 1 0 0 0 0 1 
0 0 0 1 1 0 0 
0 0 1 0 1 0 0 
0 0 1 0 0 0 1 
0 0 0 1 0 0 1 
0 0 1 0 0 1 0 
0 0 0 0 1 0 1 
0 1 0 0 0 1 0 
1 0 0 0 0 1 0 
0 0 0 0 1 1 0 
0 1 0 1 0 0 0 
0 0 0 1 1 0 0 
1 0 0 0 0 1 0 
0 1 0 0 0 1 0 
0 0 1 0 0 1 0 
0 0 0 0 0 1 1 
0 0 0 1 0 1 0 
0 1 0 0 0 1 0 
0 0 0 0 1 1 0 
1 0 1 0 0 0 0 
0 0 1 0 0 0 1 
0 1 1 0 0 0 0 
0 0 1 1 0 0 0 
1 0 0 0 0 1 0 
0 1 0 0 0 1 0 
0 0 0 0 0 1 1 
0 0 1 0 1 0 0 
0 0 1 0 0 1 0 
0 0 0 0 1 1 0 
0 0 0 1 0 1 0 
0 0 1 0 0 1 0 
1 1 0 0 0 0 0 
0 0 1 1 0 0 0 
0 0 0 1 0 1 0 
1 0 0 0 1 0 0 
0 1 0 0 1 0 0 
0 0 1 0 0 0 1 
0 0 0 1 1 0 0 
0 0 0 0 1 1 0 
1 0 1 0 0 0 0 
0 1 1 0 0 0 0 
0 0 0 0 1 0 1 
0 0 1 1 0 0 0 
0 1 0 0 1 0 0 
1 0 0 0 0 1 0 
0 0 0 1 0 1 0 
0 0 1 0 0 0 1 
0 1 0 0 0 1 0 
1 0 0 0 1 0 0 
0 0 1 0 1 0 0 
0 0 0 1 1 0 0 
0 0 0 0 1 1 0 
0 0 0 0 1 0 1 
0 0 0 0 0 1 1 
1 0 0 0 1 0 0 
0 1 0 0 1 0 0 
0 0 1 0 1 0 0 
0 0 1 0 0 0 1 
0 0 0 1 1 0 0 
0 0 0 0 1 1 0 
0 0 1 0 0 0 1 
0 0 0 0 1 0 1 
0 0 0 0 0 1 1 
0 1 1 0 0 0 0 
0 0 0 1 1 0 0 
0 0 0 1 0 1 0 
0 1 0 0 0 0 1 
0 1 0 1 0 0 0 
0 1 0 0 1 0 0 
0 1 0 0 0 1 0 
1 1 0 0 0 0 0 
1 0 1 0 0 0 0 
0 0 0 1 1 0 0 
0 1 0 0 1 0 0 
1 0 0 0 0 1 0 
0 1 0 0 0 0 1 
0 0 0 1 0 1 0 
0 0 0 0 1 0 1 
0 0 0 0 0 1 1 
1 0 0 0 1 0 0 
0 0 0 0 1 0 1 
0 0 0 0 0 1 1 
1 0 1 0 0 0 0 
0 1 1 0 0 0 0 
0 0 1 0 1 0 0 
0 0 1 1 0 0 0 
0 0 1 0 0 1 0 
0 0 1 0 0 0 1 
0 0 0 1 1 0 0 
0 0 1 0 0 0 1 
1 0 0 0 1 0 0 
0 0 1 1 0 0 0 
0 1 0 0 0 1 0 
1 1 0 0 0 0 0 
0 0 1 0 1 0 0 
0 0 0 1 1 0 0 
0 0 1 0 0 1 0 
0 0 0 1 0 1 0 
0 0 0 0 0 1 1 
0 0 0 0 1 1 0 
1 0 1 0 0 0 0 
0 0 1 0 0 1 0 
0 0 0 0 1 0 1 
1 0 0 0 0 1 0 
1 0 0 1 0 0 0 
0 1 0 0 0 1 0 
1 0 0 0 1 0 0 
0 0 0 0 0 1 1 
0 0 0 1 0 1 0 
0 0 0 1 1 0 0 
0 0 0 0 1 1 0 
1 0 1 0 0 0 0 
0 0 1 1 0 0 0 
0 0 1 0 0 1 0 
0 1 1 0 0 0 0 
0 0 1 0 1 0 0 
0 0 1 0 0 0 1 
0 0 1 0 0 0 1 
0 0 0 1 0 0 1 
0 0 0 0 0 1 1 
0 0 1 0 1 0 0 
0 1 0 1 0 0 0 
1 0 1 0 0 0 0 
1 0 0 0 0 1 0 
0 1 0 0 0 1 0 
1 0 0 1 0 0 0 
0 1 0 0 1 0 0 
0 1 1 0 0 0 0 
0 0 1 0 0 0 1 
0 0 0 1 0 0 1 
0 0 1 0 1 0 0 
0 0 0 0 1 0 1 
1 0 1 0 0 0 0 
0 0 0 0 0 1 1 
1 0 0 1 0 0 0 
0 0 1 0 0 1 0 
1 0 0 0 1 0 0 
0 1 0 1 0 0 0 
0 0 0 1 1 0 0 
0 1 0 0 0 1 0 
0 0 1 0 1 0 0 
0 1 1 0 0 0 0 
0 0 1 0 0 0 1 
1 0 1 0 0 0 0 
0 0 0 1 1 0 0 
0 0 1 1 0 0 0 
0 0 0 0 1 1 0 
0 0 1 0 0 0 1 
0 0 0 1 0 1 0 
0 0 0 0 0 1 1 
0 1 0 1 0 0 0 
0 1 0 0 1 0 0 
0 1 0 0 0 0 1 
1 1 0 0 0 0 0 
0 1 1 0 0 0 0 
0 1 0 0 0 1 0 
0 0 1 0 1 0 0 
0 0 0 0 1 1 0 
0 1 1 0 0 0 0 
0 0 1 1 0 0 0 
0 0 1 0 0 1 0 
0 0 1 0 0 0 1 
0 0 0 1 0 1 0 
0 0 0 1 0 1 0 
0 1 0 0 0 1 0 
1 0 1 0 0 0 0 
0 1 1 0 0 0 0 
0 0 0 0 1 1 0 
0 0 0 0 0 1 1 
0 0 1 0 0 1 0 
0 1 0 0 0 1 0 
0 0 0 0 0 1 1 
0 1 0 1 0 0 0 
1 0 0 0 1 0 0 
0 0 0 1 0 1 0 
0 1 0 0 1 0 0 
0 0 1 0 1 0 0 
0 0 0 0 1 1 0 
0 0 1 1 0 0 0 
0 0 0 0 1 1 0 
1 1 0 0 0 0 0 
0 1 0 0 1 0 0 
0 1 0 0 0 1 0 
0 1 0 0 0 0 1 
0 0 0 1 0 1 0 
1 0 1 0 0 0 0 
0 0 1 0 0 1 0 
0 1 0 0 1 0 0 
0 0 0 0 0 1 1 
0 0 0 1 0 1 0 
0 0 1 0 0 1 0 
0 0 0 0 0 1 1 
1 0 0 0 0 1 0 
0 1 1 0 0 0 0 
1 1 0 0 0 0 0 
0 1 0 0 0 1 0 
0 0 0 0 1 0 1 
1 0 0 0 1 0 0 
0 1 0 1 0 0 0 
0 1 0 0 0 0 1 
0 0 0 1 1 0 0 
0 0 0 1 0 1 0 
1 0 1 0 0 0 0 
0 0 1 0 0 1 0 
0 1 0 0 0 1 0 
0 1 1 0 0 0 0 
1 1 0 0 0 0 0 
0 1 0 0 1 0 0 
0 0 0 1 0 1 0 
1 1 0 0 0 0 0 
0 0 0 0 1 0 1 
1 0 1 0 0 0 0 
0 1 0 0 0 1 0 
0 1 0 0 1 0 0 
0 0 0 1 0 1 0 
1 1 0 0 0 0 0 
0 1 1 0 0 0 0 
1 0 0 0 1 0 0 
0 0 0 1 0 1 0 
0 1 0 0 1 0 0 
0 0 0 1 1 0 0 
0 0 0 0 1 0 1 
0 0 1 0 1 0 0 
0 1 0 0 0 1 0 
0 0 0 0 1 0 1 
0 0 0 1 1 0 0 
0 1 0 0 1 0 0 
0 1 1 0 0 0 0 
1 0 0 0 1 0 0 
0 0 1 0 0 1 0 
0 1 1 0 0 0 0 
0 0 1 0 1 0 0 
0 0 1 0 0 1 0 
0 0 0 0 1 0 1 
0 0 0 1 1 0 0 
0 0 1 0 1 0 0 
0 0 0 0 1 1 0 
1 0 0 0 1 0 0 
0 1 0 0 1 0 0 
0 0 0 0 1 0 1 
0 0 0 1 0 1 0 
0 0 0 0 1 1 0 
0 0 1 0 1 0 0 
1 0 0 0 1 0 0 
0 1 1 0 0 0 0 
0 0 0 1 0 1 0 
0 0 0 0 1 1 0 
0 1 0 0 0 0 1 
0 1 1 0 0 0 0 
0 0 0 1 0 1 0 
0 1 0 0 0 1 0 
0 0 1 1 0 0 0 
0 0 0 1 1 0 0 
1 0 0 0 0 1 0 
0 0 1 0 0 1 0 
0 1 0 0 1 0 0 
0 0 0 1 0 0 1 
1 0 0 0 0 1 0 
0 0 0 1 0 0 1 
0 0 1 0 0 1 0 
0 1 0 0 1 0 0 
0 1 0 0 1 0 0 
0 0 1 1 0 0 0 
0 0 0 1 0 1 0 
1 0 0 0 0 1 0 
1 0 0 0 0 0 1 
0 0 1 0 0 1 0 
0 0 0 1 0 0 1 
1 0 0 0 0 0 1 
0 1 0 1 0 0 0 
0 1 1 0 0 0 0 
1 1 0 1 1 1 1 
;
TIMETABLE BEST: 
0.0 0.0 0.0 0.0 0.0 0.0 0.0 
14 0 0 14 0 0 0 
17 17 0 14 0 0 0 
17 17 0 17 0 0 0 
18 17 18 17 0 0 0 
18 18 18 17 0 0 0 
24 18 18 17 0 0 24 
24 18 18 18 0 0 24 
24 18 18 18 24 0 24 
24 24 18 18 24 0 24 
24 24 18 18 24 0 24 
24 24 18 24 24 0 24 
24 24 24 24 24 0 24 
24 24 24 24 24 0 24 
24 24 24 24 24 0 24 
24 24 26 24 24 26 24 
24 24 26 24 24 26 24 
24 26 26 24 24 26 24 
26 26 26 24 24 26 24 
26 26 26 24 26 26 24 
26 38 26 38 26 26 24 
26 38 26 38 38 26 24 
39 38 26 38 38 39 24 
39 39 26 38 38 39 24 
39 39 39 38 38 39 24 
39 39 39 38 38 39 39 
39 39 39 39 38 39 39 
39 48 39 39 38 48 39 
39 48 39 39 50 50 39 
54 48 54 39 50 50 39 
54 48 54 39 50 50 54 
54 54 54 39 50 50 54 
54 54 54 54 50 50 54 
61 54 54 54 50 61 54 
61 61 54 54 50 61 54 
61 61 54 54 50 66 66 
61 61 62 54 62 66 66 
61 61 66 54 62 66 66 
61 61 66 54 66 66 66 
61 61 66 66 66 66 66 
61 61 77 66 66 77 66 
83 83 77 66 66 77 66 
83 83 78 78 66 77 66 
83 83 78 88 66 88 66 
88 83 78 88 88 88 66 
88 88 78 88 88 88 66 
88 88 97 88 88 88 97 
88 88 97 88 88 88 97 
88 88 97 88 88 88 97 
97 88 97 88 88 88 97 
97 97 97 88 88 88 97 
97 97 97 88 97 88 97 
97 97 97 97 97 88 97 
97 111 97 97 111 88 97 
100 111 97 97 111 100 97 
100 111 97 100 111 100 97 
100 111 109 100 111 100 109 
100 111 109 100 111 111 109 
111 111 109 100 111 111 109 
111 111 111 100 111 111 109 
111 111 111 111 111 111 109 
111 111 111 111 111 111 109 
111 111 111 111 111 111 111 
111 111 111 111 111 111 111 
122 111 111 111 122 111 111 
122 122 111 111 122 111 111 
122 122 122 111 122 111 111 
122 122 122 111 122 111 122 
122 122 122 122 122 111 122 
122 122 122 122 122 122 122 
122 122 133 122 122 122 133 
122 122 133 122 133 122 133 
122 122 133 122 133 133 133 
122 137 137 122 133 133 133 
122 137 137 135 135 133 133 
122 137 137 135 135 135 133 
122 137 137 135 135 135 137 
122 137 137 137 135 135 137 
122 137 137 137 137 135 137 
122 137 137 137 137 137 137 
140 140 137 137 137 137 137 
140 140 140 137 137 137 137 
140 140 140 148 148 137 137 
140 148 140 148 148 137 137 
140 148 140 148 148 140 137 
140 148 140 148 148 140 148 
140 148 140 148 148 148 148 
140 148 140 148 148 148 148 
140 148 140 148 148 148 148 
154 148 140 148 154 148 148 
154 148 140 148 157 148 157 
154 148 140 148 157 157 157 
159 148 159 148 157 157 157 
159 159 159 148 157 157 157 
159 159 159 148 159 157 157 
159 159 159 159 159 157 157 
159 159 159 159 159 159 157 
159 159 159 159 159 159 159 
159 159 159 159 159 159 159 
159 159 168 159 159 159 168 
170 159 168 159 170 159 168 
170 159 170 170 170 159 168 
170 172 170 170 170 172 168 
181 181 170 170 170 172 168 
181 181 170 170 170 172 168 
181 181 170 170 170 172 168 
181 181 172 170 170 172 168 
181 181 172 172 170 172 168 
181 181 172 172 170 172 172 
181 181 172 172 172 172 172 
181 181 181 172 172 172 172 
181 181 183 172 172 183 172 
181 181 183 172 181 183 181 
183 181 183 172 181 183 181 
189 181 183 189 181 183 181 
189 183 183 189 181 183 181 
192 183 183 189 192 183 181 
192 183 183 189 192 190 190 
192 183 183 190 192 190 190 
192 183 183 192 192 190 190 
192 183 183 192 192 192 190 
196 183 196 192 192 192 190 
196 183 196 196 192 192 190 
196 183 196 196 192 196 190 
196 196 196 196 192 196 190 
196 196 196 196 196 196 190 
196 196 196 196 196 196 196 
196 196 205 196 196 196 205 
196 196 205 205 196 196 205 
196 196 205 205 196 205 205 
196 196 207 205 207 205 205 
196 211 207 211 207 205 205 
208 211 208 211 207 205 205 
208 211 208 211 207 208 205 
208 211 208 211 207 211 205 
211 211 208 211 207 211 205 
211 220 208 211 220 211 205 
211 220 220 211 220 211 205 
211 220 223 211 220 211 223 
211 220 223 223 220 211 223 
211 220 223 223 223 211 223 
211 220 223 223 223 211 223 
225 220 225 223 223 211 223 
225 220 225 223 223 223 223 
225 220 225 225 223 223 223 
225 220 243 225 223 243 223 
236 220 243 225 236 243 223 
236 239 243 239 236 243 223 
236 239 243 239 239 243 223 
236 243 243 239 239 243 223 
236 243 243 239 243 243 223 
236 243 243 239 243 243 223 
236 243 243 239 243 243 243 
254 243 254 239 243 243 243 
254 243 254 252 252 243 243 
254 243 254 254 252 243 243 
254 243 254 254 252 252 243 
254 243 258 254 252 252 258 
254 243 258 254 252 254 258 
254 243 258 254 252 258 258 
254 265 258 265 252 258 258 
254 265 258 265 265 258 258 
254 265 258 265 265 258 265 
265 265 258 265 265 258 265 
265 265 265 265 265 258 265 
265 271 265 265 265 271 265 
265 271 277 265 277 271 265 
265 271 277 265 277 277 265 
265 277 277 265 277 277 265 
265 277 277 277 277 277 265 
265 277 277 277 277 277 265 
265 277 277 277 277 277 277 
265 277 277 277 277 277 277 
265 277 277 287 277 287 277 
265 289 277 287 277 289 277 
285 289 285 287 277 289 277 
285 289 289 287 277 289 277 
285 289 289 287 289 289 277 
285 289 289 287 289 289 289 
285 289 289 287 289 289 289 
285 299 289 287 289 299 289 
285 299 289 287 289 299 299 
285 300 289 300 289 299 299 
302 300 289 300 302 299 299 
302 300 289 300 302 300 299 
302 302 289 300 302 300 299 
302 302 302 300 302 300 299 
302 302 302 300 302 302 299 
302 302 322 322 302 302 299 
302 302 322 322 312 312 299 
314 314 322 322 312 312 299 
314 314 322 322 314 312 299 
314 314 322 322 314 314 299 
314 314 322 322 314 314 314 
314 314 322 324 314 324 314 
322 314 322 324 314 324 314 
322 314 324 324 314 324 314 
322 348 324 324 348 324 314 
322 348 324 324 348 324 324 
322 348 324 337 348 337 324 
322 348 337 337 348 337 324 
322 348 337 337 348 337 337 
340 348 337 337 348 340 337 
340 348 348 337 348 340 337 
348 348 348 337 348 340 337 
348 353 348 337 348 353 337 
348 353 348 337 348 353 348 
348 353 348 337 348 353 348 
348 357 348 357 348 353 348 
348 357 348 357 348 353 357 
348 357 348 357 357 353 357 
348 357 348 357 357 357 357 
361 357 361 357 357 357 357 
361 357 367 357 357 367 357 
361 368 367 357 357 368 357 
361 368 368 357 357 368 357 
368 368 368 357 357 368 357 
368 368 368 357 368 368 357 
368 368 368 377 368 377 357 
380 380 368 377 368 377 357 
380 380 368 377 380 377 380 
380 380 380 377 380 377 380 
380 380 380 377 380 380 380 
380 380 380 377 380 380 380 
380 380 380 388 380 388 380 
391 391 380 388 380 388 380 
391 393 393 388 380 388 380 
399 393 393 388 399 388 380 
399 393 393 399 399 399 380 
399 399 393 399 399 399 380 
399 399 393 399 399 399 380 
399 399 393 399 399 399 399 
399 399 399 399 399 399 399 
399 410 399 399 399 410 399 
399 410 399 399 408 410 408 
399 410 399 410 410 410 408 
399 410 399 410 410 410 408 
399 412 412 410 410 410 408 
423 412 412 410 423 410 408 
423 412 412 410 423 412 408 
423 423 423 410 423 412 408 
423 423 423 410 423 412 408 
423 423 423 410 423 423 408 
423 423 423 410 426 423 426 
423 423 423 426 426 423 426 
423 423 434 426 434 423 426 
423 423 434 426 434 434 426 
435 423 434 426 435 434 426 
435 441 434 426 441 434 426 
435 441 434 426 441 434 441 
435 441 434 444 441 444 441 
435 441 434 444 444 444 441 
435 441 448 444 448 444 441 
461 441 448 444 461 444 441 
461 459 459 444 461 444 441 
461 459 459 457 461 457 441 
461 459 459 457 461 461 441 
461 460 459 457 461 461 460 
461 471 471 457 461 461 460 
461 471 471 482 461 482 460 
461 482 471 482 461 482 460 
461 482 487 487 461 482 460 
461 482 487 500 500 482 460 
499 482 487 500 500 499 460 
499 482 503 500 500 503 460 
499 500 503 500 500 503 460 
499 500 503 500 500 503 500 
511 500 503 500 500 511 500 
511 500 503 513 500 511 513 
511 500 515 513 500 515 513 
511 513 515 513 513 515 513 
511 524 515 513 524 515 513 
511 524 526 526 524 515 513 
511 524 526 539 524 539 513 
543 524 526 539 524 543 513 
544 524 526 539 524 543 544 
544 524 543 539 524 543 544 
544 524 543 544 524 543 544 
556 524 543 544 524 543 556 
556 559 543 559 524 543 556 
556 582 582 559 524 543 556 
606.0 637.0 582.0 583.0 620.0 606.0 610.0 
;
EXECUTION TIME HBSS: 3928.0019269 seconds 

-------------------------------------------------------------------
