DATFILE : bwopen0_9r_500.dat
ENVIRONMENT : bwopen
ALGORITHM : HBSS - TAU 5
RANGE : 500
STARTING_POS : 0
N_ROBOTS : 9
GREEDY SOLUTION : [ 2078.]
COMPUTATIONS D :
2054
2128
2196
2234
2070
2128
2000
2188
2032
2058
2070
2136
2102
2160
2086
2104
2112
2104
2078
2078
2088
2058
2018
2136
2212
1950
2066
2330
2078
2066
2002
2078
2138
2164
2094
2138
2016
2078
2008
1966
2078
2144
2200
2078
2170
2260
2184
2274
2048
2070
2126
2292
2078
2078
1974
2124
2078
2130
2076
2182
2174
2090
2008
2168
2142
2204
2190
2092
2078
2082
2374
1982
2040
2128
2078
2220
2168
2126
2090
2078
2050
2266
1988
2118
2124
2078
2278
2050
2150
2100
2168
2104
1988
1978
2176
2122
2342
2078
2160
2078
2070
2156
2038
2234
2066
2068
2084
2222
2234
2078
2068
2066
2178
2066
2108
2066
2098
2116
2170
2078
2110
2078
2062
2182
2056
2064
2180
2138
2168
2078
2000
2012
1978
2050
2078
2104
2088
2220
2078
2132
2046
2134
2078
2200
2184
2000
1964
2014
2078
2078
2078
2036
2036
2134
2124
2066
2048
2334
2126
1928
2078
2078
2130
2078
2236
2078
2084
2008
2202
2242
2134
2000
1994
2076
2068
2058
2078
2078
2148
2020
2038
2172
2166
2078
2076
2020
2080
2130
2008
1920
2078
2104
2078
2040
1978
2010
2150
2172
2112
2176
;
HBBS sumD : 1920
BEST_CONFIGURATIONS : 
0 0 0 0 0 0 0 0 0 
0 4 0 0 0 0 0 0 0 
0 4 26 0 0 0 0 0 0 
0 4 26 1 0 0 0 0 0 
0 4 26 1 5 0 0 0 0 
0 4 26 1 5 22 0 0 0 
0 4 26 1 5 22 8 0 0 
26 4 26 1 5 22 8 0 0 
26 4 26 1 5 22 8 0 0 
26 4 26 27 5 22 8 0 0 
26 4 26 27 5 22 8 1 0 
26 4 26 27 5 22 8 1 0 
26 4 26 27 5 22 8 1 0 
26 4 26 27 5 22 8 2 0 
26 4 26 27 5 22 13 2 0 
26 4 26 27 5 22 13 2 8 
26 4 26 27 5 22 13 2 8 
26 4 26 27 5 22 13 2 8 
26 4 26 27 5 22 13 2 8 
26 4 26 27 5 22 13 2 8 
26 4 26 27 5 22 13 2 8 
26 4 26 27 5 22 13 2 8 
26 4 26 27 5 22 13 2 8 
26 4 26 27 5 22 13 2 8 
26 4 26 27 5 22 13 2 8 
26 4 26 27 5 22 13 2 8 
26 4 26 27 5 22 13 2 8 
26 4 26 27 5 22 13 2 8 
26 4 26 27 5 22 13 2 8 
26 4 26 27 5 22 13 2 8 
26 4 26 27 5 22 13 2 8 
1 4 26 27 5 22 13 2 8 
1 4 26 27 5 22 13 2 8 
1 4 26 27 9 22 13 2 8 
1 4 26 27 9 22 13 2 8 
1 4 26 27 9 22 13 2 8 
1 4 26 27 9 22 13 2 8 
1 4 26 27 9 22 13 2 8 
1 4 26 27 9 22 17 2 8 
1 4 5 27 9 22 17 2 8 
1 4 5 27 9 22 17 2 8 
1 4 5 27 9 22 17 2 13 
1 4 5 27 9 22 17 2 25 
1 4 5 27 9 22 17 2 25 
1 4 14 27 9 22 17 2 25 
1 4 14 27 9 22 17 6 25 
1 4 14 27 9 22 17 6 25 
1 8 14 27 9 13 17 6 25 
1 13 14 27 9 13 17 6 25 
1 13 14 27 9 13 17 6 25 
1 13 14 27 9 13 17 6 25 
1 13 14 27 9 13 17 6 25 
1 13 14 27 9 13 17 6 25 
1 13 14 27 9 13 17 6 25 
1 13 14 27 9 13 17 6 25 
1 13 14 2 9 13 17 6 25 
1 13 14 2 9 13 17 6 25 
1 13 14 2 9 13 17 6 25 
1 13 14 2 9 13 17 6 25 
1 13 14 2 9 13 17 6 25 
1 13 14 2 9 13 17 6 25 
1 13 14 2 10 13 17 6 25 
1 13 14 2 10 13 17 6 25 
1 13 14 2 10 13 17 6 18 
1 13 14 2 10 13 17 6 18 
27 13 14 2 10 13 17 6 18 
27 8 14 2 10 13 17 6 18 
27 8 14 2 10 13 17 6 18 
27 8 14 2 10 25 17 6 18 
27 8 14 2 10 25 17 6 18 
27 8 14 2 10 25 17 6 18 
27 8 14 2 10 25 17 6 18 
27 8 14 2 10 25 17 6 18 
27 8 14 2 10 25 17 6 18 
27 8 14 2 10 25 17 6 18 
27 8 14 2 10 25 17 6 18 
27 8 14 2 10 25 17 6 18 
27 8 14 2 10 25 17 6 18 
27 8 14 2 10 25 17 6 18 
27 8 14 2 10 25 17 6 18 
27 8 14 2 10 25 17 6 18 
27 8 14 2 10 25 17 6 18 
27 8 14 2 10 25 17 6 18 
27 8 14 2 10 25 17 6 18 
27 8 14 2 10 25 17 6 18 
9 8 14 2 10 25 17 6 18 
9 22 14 2 10 25 17 6 18 
9 22 14 2 10 25 17 6 18 
9 22 14 2 10 25 17 6 18 
9 22 14 2 10 25 17 6 18 
9 22 14 2 10 25 17 6 18 
9 22 15 2 10 25 17 6 18 
9 22 15 2 10 25 17 24 18 
9 22 15 2 10 25 17 24 18 
9 22 15 2 10 25 17 24 18 
9 22 15 2 10 25 17 24 18 
9 22 15 2 10 25 17 24 18 
9 22 15 2 10 25 17 24 18 
9 22 15 2 10 25 17 24 18 
9 22 15 2 10 25 17 24 18 
9 22 15 2 10 25 17 24 18 
9 22 15 2 10 25 17 24 18 
9 22 15 2 10 25 17 24 18 
9 22 15 2 10 25 13 24 18 
9 22 15 2 10 25 13 24 18 
9 22 15 2 10 25 13 24 18 
9 22 15 2 10 25 13 24 18 
9 22 15 2 10 25 13 24 18 
9 22 15 2 10 25 13 24 18 
9 22 15 2 10 25 13 24 18 
9 26 15 2 10 25 13 24 18 
9 26 15 2 11 25 13 24 18 
9 26 15 2 11 25 13 24 18 
9 26 15 2 11 25 13 24 18 
9 26 15 2 11 25 13 24 18 
9 26 15 2 11 25 13 24 18 
9 26 15 6 11 25 13 24 18 
9 26 15 6 11 25 13 24 18 
9 26 15 6 11 25 13 24 18 
9 26 15 6 11 14 13 24 18 
9 26 15 6 11 14 13 24 18 
9 26 15 6 11 14 13 24 18 
9 26 15 6 11 14 13 24 18 
9 26 15 6 11 14 13 24 18 
9 26 15 6 11 14 8 24 18 
9 26 15 6 11 14 8 24 18 
9 26 15 6 11 14 8 24 18 
9 26 15 6 11 14 8 24 18 
9 26 15 6 11 14 8 24 18 
9 26 15 6 11 14 8 24 18 
9 26 15 6 11 14 8 24 18 
9 26 15 6 11 14 8 24 18 
9 26 15 6 11 14 8 24 18 
9 26 15 6 11 14 8 24 18 
9 26 15 6 11 14 8 24 18 
9 26 15 6 11 14 8 24 18 
9 26 15 6 11 14 8 24 18 
9 26 15 21 11 14 8 24 18 
27 26 15 21 11 14 8 24 18 
27 26 15 21 11 14 8 24 18 
27 26 15 21 11 14 8 24 18 
27 26 15 21 11 14 8 24 18 
27 5 15 21 11 14 8 24 18 
27 5 15 21 11 14 8 24 18 
27 5 15 21 11 14 8 24 18 
27 5 15 21 11 14 8 24 18 
27 5 15 21 11 14 4 24 18 
27 5 15 21 11 14 4 24 19 
27 5 15 21 11 14 4 24 19 
27 5 15 21 11 14 4 24 19 
27 5 15 21 11 14 4 24 19 
27 5 15 21 11 14 4 24 19 
27 5 15 21 11 14 4 24 19 
27 5 15 21 11 14 4 24 19 
27 5 15 21 11 14 4 24 19 
27 5 15 21 11 14 4 24 19 
27 5 10 21 11 14 4 24 19 
27 5 10 21 11 14 4 24 19 
27 5 10 21 11 14 4 24 19 
27 5 10 21 11 14 4 24 19 
27 5 10 21 11 14 4 24 19 
27 5 10 3 11 14 4 24 19 
27 5 10 3 11 14 4 6 19 
27 5 10 3 11 14 4 6 19 
27 5 10 3 11 14 4 6 19 
27 5 10 3 11 14 4 6 19 
27 5 10 3 11 14 4 6 19 
27 5 10 3 11 14 4 6 19 
27 5 10 3 11 14 4 6 19 
27 5 10 3 11 14 4 6 19 
27 5 10 3 11 14 4 6 19 
27 5 10 3 11 18 4 6 19 
27 5 10 3 11 18 4 6 19 
27 5 10 3 11 18 4 6 19 
27 5 10 3 11 18 4 6 19 
27 26 10 3 11 18 4 6 19 
27 26 10 3 11 18 4 6 19 
27 26 10 3 11 18 4 6 19 
27 26 10 3 11 18 4 6 19 
1 26 10 3 11 18 4 6 19 
1 26 10 3 11 18 4 6 20 
1 26 10 3 11 18 4 6 20 
1 26 10 3 11 18 4 6 20 
1 26 10 3 11 18 22 6 20 
1 26 10 3 11 18 22 6 20 
1 26 10 3 11 18 22 7 20 
1 26 10 3 11 18 22 7 20 
1 26 15 3 11 18 22 7 20 
1 26 15 3 11 18 22 7 23 
1 26 15 3 11 18 22 7 23 
1 26 15 3 11 18 22 7 23 
1 26 15 3 11 18 22 7 23 
1 26 15 3 11 18 22 7 23 
1 26 15 3 11 18 22 7 23 
1 26 15 3 21 18 22 7 23 
1 26 15 3 21 14 22 7 23 
1 26 15 3 21 14 22 7 23 
1 26 15 3 21 14 22 7 23 
1 26 15 3 21 14 22 7 23 
1 26 15 3 21 14 22 7 23 
1 26 15 3 21 14 22 7 23 
1 26 15 3 21 14 22 7 23 
1 5 15 3 21 14 22 7 23 
1 5 15 3 21 9 22 7 23 
1 5 15 3 21 9 22 7 23 
1 5 15 3 21 9 22 7 20 
2 5 15 3 21 9 22 7 20 
2 5 15 3 21 9 22 12 20 
2 5 15 3 21 9 22 12 20 
2 5 15 3 6 9 22 12 20 
2 5 15 3 6 9 22 12 20 
2 5 15 3 6 9 22 12 20 
2 5 19 3 6 9 22 12 20 
2 5 19 21 6 9 22 12 20 
2 5 19 21 6 9 22 12 20 
2 5 19 21 6 9 22 12 20 
2 5 19 21 6 9 22 12 20 
2 5 19 21 6 9 22 12 20 
2 5 19 21 24 9 22 12 20 
2 5 19 21 24 9 22 12 20 
2 5 19 21 24 9 8 12 20 
2 5 19 7 24 9 8 12 20 
2 5 19 7 24 9 8 12 20 
2 5 19 7 24 9 8 12 20 
2 5 19 7 24 9 8 12 20 
2 5 19 7 24 9 8 12 20 
2 5 19 7 24 9 8 12 20 
2 5 19 7 24 9 8 12 20 
2 5 19 7 24 9 8 12 20 
2 5 19 7 24 9 8 12 20 
2 5 19 7 24 9 8 12 20 
2 0 19 7 24 9 8 12 20 
2 0 19 7 24 9 8 12 20 
2 0 19 7 24 9 8 12 23 
2 0 19 7 24 9 13 12 23 
2 0 19 7 24 9 13 16 23 
2 0 19 7 24 9 13 16 23 
2 0 19 7 24 9 13 16 23 
2 0 19 7 24 27 13 16 23 
2 0 19 7 24 27 13 16 23 
2 0 19 7 24 27 13 16 23 
2 0 19 7 24 27 13 16 23 
2 0 19 7 24 27 17 16 23 
6 0 19 7 24 27 17 16 23 
6 0 19 7 24 27 17 16 23 
6 0 20 7 24 27 17 16 23 
6 0 20 7 24 27 17 16 23 
6 0 20 7 24 27 17 16 23 
6 0 20 7 24 27 17 16 23 
6 0 20 7 24 27 17 16 23 
6 0 20 7 24 27 17 16 23 
6 0 20 7 24 27 17 16 23 
6 0 20 12 24 27 17 16 23 
6 0 20 12 24 27 17 16 23 
6 0 20 12 24 27 17 16 23 
6 0 20 12 24 27 17 16 23 
6 0 20 12 24 27 17 16 23 
6 0 20 12 24 27 17 16 23 
6 0 20 12 24 27 17 16 23 
6 0 20 12 24 27 17 16 23 
6 0 20 12 24 1 17 16 23 
6 0 20 12 10 1 17 16 23 
6 0 20 12 10 1 17 16 23 
6 0 20 12 10 1 17 16 23 
6 0 20 12 10 1 17 16 23 
6 0 20 12 10 1 17 16 23 
6 0 20 12 10 1 17 16 23 
6 0 20 12 10 1 25 16 23 
6 0 20 12 10 1 25 16 23 
21 0 20 12 10 1 25 16 23 
21 0 20 12 15 1 25 16 23 
3 0 20 12 15 1 25 16 23 
3 0 19 12 15 1 25 16 23 
3 0 19 12 14 1 25 16 23 
3 0 19 12 14 1 25 16 23 
3 0 19 11 14 1 25 16 23 
3 5 19 11 14 1 25 16 23 
3 5 19 11 14 1 25 16 20 
3 5 19 11 14 1 25 12 20 
3 5 19 11 14 1 17 12 20 
3 5 19 11 14 26 17 12 20 
0 0 0 0 0 0 0 0 0 
;
ROBOT MOVING BEST:
0 0 0 0 0 0 0 0 0 
1 1 0 0 0 0 0 0 0 
1 0 1 0 0 0 0 0 0 
1 0 0 1 0 0 0 0 0 
1 0 0 0 1 0 0 0 0 
1 0 0 0 0 1 0 0 0 
1 0 0 0 0 0 1 0 0 
1 1 0 0 0 0 0 0 0 
0 1 0 1 0 0 0 0 0 
0 0 0 1 0 0 0 1 0 
1 0 0 0 0 0 0 1 0 
0 1 0 0 1 0 0 0 0 
0 1 0 0 0 1 0 0 0 
0 0 0 0 0 0 0 1 1 
0 0 0 0 0 0 1 0 1 
0 1 0 0 0 0 0 0 1 
1 0 0 0 1 0 0 0 0 
1 0 0 0 0 1 0 0 0 
0 0 1 0 0 0 0 0 1 
0 1 0 1 0 0 0 0 0 
0 0 0 0 1 1 0 0 0 
1 0 0 1 0 0 0 0 0 
0 0 0 0 1 0 0 0 1 
0 0 0 0 0 1 0 0 1 
0 1 0 0 0 0 0 1 0 
0 1 0 0 0 0 1 0 0 
1 0 0 0 0 0 0 1 0 
1 0 0 0 0 0 1 0 0 
0 0 0 1 1 0 0 0 0 
0 0 0 1 0 1 0 0 0 
0 0 0 1 0 0 0 0 1 
1 0 0 0 1 0 0 0 0 
1 0 0 0 0 1 0 0 0 
0 1 0 0 1 0 0 0 0 
1 0 0 0 0 0 0 0 1 
0 0 0 0 0 1 0 1 0 
0 0 1 0 1 0 0 0 0 
0 0 0 0 0 1 1 0 0 
0 1 0 0 0 0 1 0 0 
0 0 1 0 0 0 0 1 0 
0 0 0 0 0 0 0 1 1 
0 0 1 0 0 0 0 0 1 
0 1 0 0 0 0 0 0 1 
1 0 0 1 0 0 0 0 0 
0 1 1 0 0 0 0 0 0 
0 1 0 0 0 0 0 1 0 
0 0 0 0 1 1 0 0 0 
0 1 0 0 0 1 0 0 0 
0 1 0 1 0 0 0 0 0 
1 1 0 0 0 0 0 0 0 
0 0 0 1 1 0 0 0 0 
1 0 0 0 1 0 0 0 0 
0 0 0 1 0 0 1 0 0 
0 0 0 1 0 0 0 0 1 
0 1 0 0 1 0 0 0 0 
1 0 0 1 0 0 0 0 0 
1 0 0 0 0 0 0 0 1 
0 1 0 0 0 0 1 0 0 
1 0 1 0 0 0 0 0 0 
0 1 0 0 0 0 0 0 1 
1 0 0 0 0 0 0 1 0 
1 0 0 0 1 0 0 0 0 
0 1 1 0 0 0 0 0 0 
1 0 0 0 0 0 0 0 1 
0 1 0 0 1 0 0 0 0 
1 0 0 1 0 0 0 0 0 
0 1 0 0 0 0 1 0 0 
0 0 1 0 0 0 1 0 0 
0 0 0 0 0 1 1 0 0 
1 0 1 0 0 0 0 0 0 
1 0 0 0 0 0 0 1 0 
0 0 1 1 0 0 0 0 0 
0 0 0 1 0 0 0 1 0 
0 1 1 0 0 0 0 0 0 
0 1 0 0 0 1 0 0 0 
0 1 0 0 0 0 0 1 0 
0 0 0 0 1 0 1 0 0 
1 0 0 0 1 0 0 0 0 
0 0 1 0 0 1 0 0 0 
0 0 1 0 0 0 0 1 0 
0 0 0 1 1 0 0 0 0 
0 0 0 0 0 1 0 1 0 
1 0 0 0 0 0 0 0 1 
0 1 0 0 1 0 0 0 0 
0 0 0 0 0 0 1 0 1 
1 0 0 0 0 0 1 0 0 
0 1 0 0 0 0 1 0 0 
0 0 1 0 1 0 0 0 0 
0 0 0 0 1 1 0 0 0 
0 0 0 0 1 0 0 1 0 
1 0 0 1 0 0 0 0 0 
0 0 1 0 0 0 1 0 0 
0 0 0 0 0 0 1 1 0 
0 0 1 1 0 0 0 0 0 
0 0 0 1 0 0 0 1 0 
0 0 0 0 0 1 0 0 1 
1 0 0 0 0 1 0 0 0 
0 1 0 0 0 1 0 0 0 
0 0 1 0 0 1 0 0 0 
0 0 0 0 1 0 0 0 1 
0 0 0 0 0 1 0 1 0 
1 0 0 0 1 0 0 0 0 
0 1 0 0 1 0 0 0 0 
0 0 0 0 0 0 1 0 1 
0 0 0 0 1 0 0 1 0 
0 0 1 0 1 0 0 0 0 
0 0 1 0 0 0 1 0 0 
0 0 0 0 0 0 1 1 0 
1 0 0 0 0 0 0 0 1 
0 1 0 0 0 0 0 0 1 
0 1 0 0 0 1 0 0 0 
0 0 0 1 1 0 0 0 0 
0 0 1 0 0 0 0 0 1 
0 0 0 0 0 0 0 1 1 
1 0 1 0 0 0 0 0 0 
1 0 0 0 0 0 0 1 0 
0 0 0 1 0 0 0 0 1 
1 0 0 1 0 0 0 0 0 
0 0 0 0 1 1 0 0 0 
0 0 0 0 0 1 0 0 1 
1 0 0 0 0 1 0 0 0 
0 0 1 0 0 0 0 1 0 
0 0 1 1 0 0 0 0 0 
0 0 0 1 0 0 0 1 0 
0 0 0 0 0 0 1 0 1 
1 0 0 0 0 0 1 0 0 
0 0 1 0 0 1 0 0 0 
0 0 0 0 0 1 0 1 0 
0 1 0 0 0 0 0 0 1 
0 0 1 0 0 0 1 0 0 
0 0 0 0 0 0 1 1 0 
0 1 1 0 0 0 0 0 0 
0 1 0 0 0 0 0 1 0 
0 0 0 0 1 0 0 0 1 
1 0 0 0 1 0 0 0 0 
0 1 0 1 0 0 0 0 0 
0 1 0 0 0 1 0 0 0 
1 0 0 1 0 0 0 0 0 
1 0 1 0 0 0 0 0 0 
1 0 0 0 0 0 0 1 0 
0 0 1 0 1 0 0 0 0 
0 0 0 0 1 0 0 1 0 
0 1 0 0 0 0 0 0 1 
0 0 1 1 0 0 0 0 0 
0 0 0 1 0 0 0 1 0 
0 0 0 0 1 1 0 0 0 
0 0 0 0 0 0 1 0 1 
0 0 1 0 0 0 0 0 1 
0 0 0 1 0 1 0 0 0 
0 0 0 0 0 0 0 1 1 
0 1 1 0 0 0 0 0 0 
0 1 0 0 0 0 0 1 0 
0 0 1 0 0 0 1 0 0 
0 0 0 0 0 1 0 0 1 
0 0 0 0 0 0 1 1 0 
0 1 0 0 0 1 0 0 0 
0 0 1 0 1 0 0 0 0 
1 0 0 0 1 0 0 0 0 
0 0 1 1 0 0 0 0 0 
1 0 0 1 0 0 0 0 0 
0 0 0 1 1 0 0 0 0 
0 0 0 1 0 0 0 1 0 
0 0 0 0 1 0 0 1 0 
0 0 1 0 0 0 0 0 1 
1 0 0 0 0 0 0 0 1 
0 1 1 0 0 0 0 0 0 
0 0 0 0 1 0 0 0 1 
0 1 0 0 1 0 0 0 0 
0 0 0 0 0 0 0 1 1 
0 1 0 0 0 0 0 1 0 
0 0 1 0 0 0 1 0 0 
0 0 0 0 0 1 0 0 1 
0 1 0 0 0 0 0 0 1 
0 0 1 1 0 0 0 0 0 
1 0 0 1 0 0 0 0 0 
0 1 1 0 0 0 0 0 0 
0 0 0 1 1 0 0 0 0 
0 1 0 0 1 0 0 0 0 
0 0 0 1 0 0 0 1 0 
1 0 0 0 1 0 0 0 0 
0 0 1 0 0 0 0 0 1 
0 0 0 0 1 0 0 0 1 
0 0 0 0 0 0 0 1 1 
0 0 0 0 1 0 1 0 0 
0 0 0 0 0 1 0 0 1 
0 0 1 0 0 0 0 1 0 
0 0 0 0 1 0 0 1 0 
0 0 1 1 0 0 0 0 0 
0 0 0 0 1 0 0 0 1 
1 0 1 0 0 0 0 0 0 
1 0 0 1 0 0 0 0 0 
0 0 1 0 0 0 1 0 0 
0 0 0 0 0 1 0 0 1 
0 0 1 0 0 0 0 1 0 
0 0 0 1 1 0 0 0 0 
0 0 0 0 0 1 1 0 0 
1 0 0 0 1 0 0 0 0 
0 0 0 1 0 0 0 1 0 
0 0 1 0 0 0 0 0 1 
0 0 0 1 0 0 0 0 1 
0 0 0 0 1 0 0 1 0 
0 0 0 0 0 1 0 0 1 
0 1 0 0 1 0 0 0 0 
0 0 0 1 0 1 0 0 0 
0 0 0 0 1 0 0 0 1 
0 0 1 0 0 0 0 0 1 
1 0 0 1 0 0 0 0 0 
0 0 1 0 0 0 0 1 0 
0 0 0 1 0 0 0 0 1 
0 0 0 0 1 0 1 0 0 
0 1 0 0 0 1 0 0 0 
0 0 0 1 0 0 0 1 0 
0 0 1 0 0 0 1 0 0 
0 0 0 1 1 0 0 0 0 
0 0 1 1 0 0 0 0 0 
1 0 0 1 0 0 0 0 0 
0 0 0 1 0 0 0 0 1 
0 0 1 0 0 1 0 0 0 
0 0 0 0 1 0 1 0 0 
0 0 0 1 0 0 0 1 0 
0 0 1 0 0 0 1 0 0 
0 0 0 1 0 1 0 0 0 
0 0 0 0 0 1 0 0 1 
0 0 0 0 0 1 0 1 0 
1 0 1 0 0 0 0 0 0 
0 0 1 1 0 0 0 0 0 
0 0 1 0 0 0 0 0 1 
1 0 0 1 0 0 0 0 0 
0 0 1 0 0 0 0 1 0 
1 0 0 0 0 0 0 1 0 
0 0 0 1 0 0 0 0 1 
0 1 0 0 0 1 0 0 0 
0 0 0 1 0 0 0 1 0 
0 0 0 0 0 1 0 0 1 
0 0 1 0 0 0 1 0 0 
0 0 0 0 0 1 0 1 0 
0 0 1 0 0 0 0 0 1 
0 0 0 1 1 0 0 0 0 
0 0 0 1 0 1 0 0 0 
0 0 1 0 0 0 0 1 0 
0 0 0 1 0 0 0 0 1 
0 0 0 1 0 0 0 1 0 
0 0 1 0 0 0 1 0 0 
1 0 0 1 0 0 0 0 0 
0 1 0 0 1 0 0 0 0 
0 0 1 0 1 0 0 0 0 
0 0 1 0 0 1 0 0 0 
0 0 0 0 1 0 0 0 1 
0 0 1 0 0 0 0 0 1 
0 0 0 0 1 0 0 1 0 
0 0 1 0 0 0 0 1 0 
0 0 0 0 0 0 0 1 1 
0 0 0 1 1 0 0 0 0 
0 0 0 1 0 1 0 0 0 
1 1 0 0 0 0 0 0 0 
1 0 0 0 0 0 0 0 1 
0 1 0 0 0 0 1 0 0 
0 0 1 1 0 0 0 0 0 
0 0 0 1 0 0 0 0 1 
1 0 0 0 0 0 0 1 0 
0 0 0 0 1 1 0 0 0 
0 1 0 0 1 0 0 0 0 
0 0 0 0 1 0 0 0 1 
0 0 0 1 0 0 0 1 0 
0 0 0 0 1 0 0 1 0 
1 0 0 1 0 0 0 0 0 
0 0 0 1 1 0 0 0 0 
0 1 0 0 0 0 1 0 0 
0 0 1 0 0 0 1 0 0 
1 0 0 0 0 0 0 1 0 
0 0 0 0 1 0 0 1 0 
1 0 0 0 0 0 0 1 0 
0 0 1 0 0 0 1 0 0 
0 1 0 0 1 0 0 0 0 
0 0 0 0 1 0 0 1 0 
0 0 0 1 0 0 0 1 0 
0 1 0 0 0 0 1 0 0 
0 0 0 0 1 0 0 0 1 
0 0 0 1 0 0 0 1 0 
0 1 0 0 0 0 1 0 0 
0 0 0 0 0 1 1 0 0 
1 1 1 1 1 1 1 1 1 
;
TIMETABLE BEST: 
0.0 0.0 0.0 0.0 0.0 0.0 0.0 0.0 0.0 
0 14 0 0 0 0 0 0 0 
0 14 17 0 0 0 0 0 0 
0 14 17 18 0 0 0 0 0 
0 14 17 18 24 0 0 0 0 
0 14 17 18 24 24 0 0 0 
0 14 17 18 24 24 26 0 0 
17 14 17 18 24 24 26 0 0 
17 14 17 18 24 24 26 0 0 
17 14 17 33 24 24 26 0 0 
17 14 17 33 24 24 26 18 0 
17 14 17 33 24 24 26 18 0 
17 14 17 33 24 24 26 18 0 
17 14 17 33 24 24 26 38 0 
17 14 17 33 24 24 39 38 0 
17 14 17 33 24 24 39 38 26 
17 14 17 33 24 24 39 38 26 
17 14 17 33 24 24 39 38 26 
17 14 17 33 24 24 39 38 26 
17 14 17 33 24 24 39 38 26 
17 14 17 33 24 24 39 38 26 
17 14 17 33 24 24 39 38 26 
17 14 17 33 24 24 39 38 26 
17 14 17 33 24 24 39 38 26 
17 14 17 33 24 24 39 38 26 
17 14 17 33 24 24 39 38 26 
17 14 17 33 24 24 39 38 26 
17 14 17 33 24 24 39 38 26 
17 14 17 33 24 24 39 38 26 
17 14 17 33 24 24 39 38 26 
17 14 17 33 24 24 39 38 26 
36 14 17 33 24 24 39 38 26 
36 14 17 33 24 24 39 38 26 
36 14 17 33 46 24 39 38 26 
36 14 17 33 46 24 39 38 26 
36 14 17 33 46 24 39 38 26 
36 14 17 33 46 24 39 38 26 
36 14 17 33 46 24 39 38 26 
36 14 17 33 46 24 50 38 26 
36 14 26 33 46 24 50 38 26 
36 14 26 33 46 24 50 38 26 
36 14 26 33 46 24 50 38 39 
36 14 26 33 46 24 50 38 52 
36 14 26 33 46 24 50 38 52 
36 14 56 33 46 24 50 38 52 
36 14 56 33 46 24 50 56 52 
36 14 56 33 46 24 50 56 52 
36 28 56 33 46 43 50 56 52 
36 41 56 33 46 43 50 56 52 
36 41 56 33 46 43 50 56 52 
36 41 56 33 46 43 50 56 52 
36 41 56 33 46 43 50 56 52 
36 41 56 33 46 43 50 56 52 
36 41 56 33 46 43 50 56 52 
36 41 56 33 46 43 50 56 52 
36 41 56 52 46 43 50 56 52 
36 41 56 52 46 43 50 56 52 
36 41 56 52 46 43 50 56 52 
36 41 56 52 46 43 50 56 52 
36 41 56 52 46 43 50 56 52 
36 41 56 52 46 43 50 56 52 
36 41 56 52 60 43 50 56 52 
36 41 56 52 60 43 50 56 52 
36 41 56 52 60 43 50 56 65 
36 41 56 52 60 43 50 56 65 
51 41 56 52 60 43 50 56 65 
51 54 56 52 60 43 50 56 65 
51 54 56 52 60 43 50 56 65 
51 54 56 52 60 56 50 56 65 
51 54 56 52 60 56 50 56 65 
51 54 56 52 60 56 50 56 65 
51 54 56 52 60 56 50 56 65 
51 54 56 52 60 56 50 56 65 
51 54 56 52 60 56 50 56 65 
51 54 56 52 60 56 50 56 65 
51 54 56 52 60 56 50 56 65 
51 54 56 52 60 56 50 56 65 
51 54 56 52 60 56 50 56 65 
51 54 56 52 60 56 50 56 65 
51 54 56 52 60 56 50 56 65 
51 54 56 52 60 56 50 56 65 
51 54 56 52 60 56 50 56 65 
51 54 56 52 60 56 50 56 65 
51 54 56 52 60 56 50 56 65 
51 54 56 52 60 56 50 56 65 
66 54 56 52 60 56 50 56 65 
66 66 56 52 60 56 50 56 65 
66 66 56 52 60 56 50 56 65 
66 66 56 52 60 56 50 56 65 
66 66 56 52 60 56 50 56 65 
66 66 56 52 60 56 50 56 65 
66 66 69 52 60 56 50 56 65 
66 66 69 52 60 56 50 69 65 
66 66 69 52 60 56 50 69 65 
66 66 69 52 60 56 50 69 65 
66 66 69 52 60 56 50 69 65 
66 66 69 52 60 56 50 69 65 
66 66 69 52 60 56 50 69 65 
66 66 69 52 60 56 50 69 65 
66 66 69 52 60 56 50 69 65 
66 66 69 52 60 56 50 69 65 
66 66 69 52 60 56 50 69 65 
66 66 69 52 60 56 50 69 65 
66 66 69 52 60 56 61 69 65 
66 66 69 52 60 56 61 69 65 
66 66 69 52 60 56 61 69 65 
66 66 69 52 60 56 61 69 65 
66 66 69 52 60 56 61 69 65 
66 66 69 52 60 56 61 69 65 
66 66 69 52 60 56 61 69 65 
66 77 69 52 60 56 61 69 65 
66 77 69 52 81 56 61 69 65 
66 77 69 52 81 56 61 69 65 
66 77 69 52 81 56 61 69 65 
66 77 69 52 81 56 61 69 65 
66 77 69 52 81 56 61 69 65 
66 77 69 70 81 56 61 69 65 
66 77 69 70 81 56 61 69 65 
66 77 69 70 81 56 61 69 65 
66 77 69 70 81 72 61 69 65 
66 77 69 70 81 72 61 69 65 
66 77 69 70 81 72 61 69 65 
66 77 69 70 81 72 61 69 65 
66 77 69 70 81 72 61 69 65 
66 77 69 70 81 72 74 69 65 
66 77 69 70 81 72 74 69 65 
66 77 69 70 81 72 74 69 65 
66 77 69 70 81 72 74 69 65 
66 77 69 70 81 72 74 69 65 
66 77 69 70 81 72 74 69 65 
66 77 69 70 81 72 74 69 65 
66 77 69 70 81 72 74 69 65 
66 77 69 70 81 72 74 69 65 
66 77 69 70 81 72 74 69 65 
66 77 69 70 81 72 74 69 65 
66 77 69 70 81 72 74 69 65 
66 77 69 70 81 72 74 69 65 
66 77 69 82 81 72 74 69 65 
81 77 69 82 81 72 74 69 65 
81 77 69 82 81 72 74 69 65 
81 77 69 82 81 72 74 69 65 
81 77 69 82 81 72 74 69 65 
81 86 69 82 81 72 74 69 65 
81 86 69 82 81 72 74 69 65 
81 86 69 82 81 72 74 69 65 
81 86 69 82 81 72 74 69 65 
81 86 69 82 81 72 88 69 65 
81 86 69 82 81 72 88 69 85 
81 86 69 82 81 72 88 69 85 
81 86 69 82 81 72 88 69 85 
81 86 69 82 81 72 88 69 85 
81 86 69 82 81 72 88 69 85 
81 86 69 82 81 72 88 69 85 
81 86 69 82 81 72 88 69 85 
81 86 69 82 81 72 88 69 85 
81 86 69 82 81 72 88 69 85 
81 86 80 82 81 72 88 69 85 
81 86 80 82 81 72 88 69 85 
81 86 80 82 81 72 88 69 85 
81 86 80 82 81 72 88 69 85 
81 86 80 82 81 72 88 69 85 
81 86 80 94 81 72 88 69 85 
81 86 80 94 81 72 88 82 85 
81 86 80 94 81 72 88 82 85 
81 86 80 94 81 72 88 82 85 
81 86 80 94 81 72 88 82 85 
81 86 80 94 81 72 88 82 85 
81 86 80 94 81 72 88 82 85 
81 86 80 94 81 72 88 82 85 
81 86 80 94 81 72 88 82 85 
81 86 80 94 81 72 88 82 85 
81 86 80 94 81 83 88 82 85 
81 86 80 94 81 83 88 82 85 
81 86 80 94 81 83 88 82 85 
81 86 80 94 81 83 88 82 85 
81 95 80 94 81 83 88 82 85 
81 95 80 94 81 83 88 82 85 
81 95 80 94 81 83 88 82 85 
81 95 80 94 81 83 88 82 85 
96 95 80 94 81 83 88 82 85 
96 95 80 94 81 83 88 82 98 
96 95 80 94 81 83 88 82 98 
96 95 80 94 81 83 88 82 98 
96 95 80 94 81 83 100 82 98 
96 95 80 94 81 83 100 82 98 
96 95 80 94 81 83 100 102 98 
96 95 80 94 81 83 100 102 98 
96 95 91 94 81 83 100 102 98 
96 95 91 94 81 83 100 102 108 
96 95 91 94 81 83 100 102 108 
96 95 91 94 81 83 100 102 108 
96 95 91 94 81 83 100 102 108 
96 95 91 94 81 83 100 102 108 
96 95 91 94 81 83 100 102 108 
96 95 91 94 100 83 100 102 108 
96 95 91 94 100 94 100 102 108 
96 95 91 94 100 94 100 102 108 
96 95 91 94 100 94 100 102 108 
96 95 91 94 100 94 100 102 108 
96 95 91 94 100 94 100 102 108 
96 95 91 94 100 94 100 102 108 
96 95 91 94 100 94 100 102 108 
96 104 91 94 100 94 100 102 108 
96 104 91 94 100 110 100 102 108 
96 104 91 94 100 110 100 102 108 
96 104 91 94 100 110 100 102 118 
116 104 91 94 100 110 100 102 118 
116 104 91 94 100 110 100 120 118 
116 104 91 94 100 110 100 120 118 
116 104 91 94 112 110 100 120 118 
116 104 91 94 112 110 100 120 118 
116 104 91 94 112 110 100 120 118 
116 104 115 94 112 110 100 120 118 
116 104 115 106 112 110 100 120 118 
116 104 115 106 112 110 100 120 118 
116 104 115 106 112 110 100 120 118 
116 104 115 106 112 110 100 120 118 
116 104 115 106 112 110 100 120 118 
116 104 115 106 125 110 100 120 118 
116 104 115 106 125 110 100 120 118 
116 104 115 106 125 110 112 120 118 
116 104 115 118 125 110 112 120 118 
116 104 115 118 125 110 112 120 118 
116 104 115 118 125 110 112 120 118 
116 104 115 118 125 110 112 120 118 
116 104 115 118 125 110 112 120 118 
116 104 115 118 125 110 112 120 118 
116 104 115 118 125 110 112 120 118 
116 104 115 118 125 110 112 120 118 
116 104 115 118 125 110 112 120 118 
116 104 115 118 125 110 112 120 118 
116 128 115 118 125 110 112 120 118 
116 128 115 118 125 110 112 120 118 
116 128 115 118 125 110 112 120 128 
116 128 115 118 125 110 125 120 128 
116 128 115 118 125 110 125 131 128 
116 128 115 118 125 110 125 131 128 
116 128 115 118 125 110 125 131 128 
116 128 115 118 125 125 125 131 128 
116 128 115 118 125 125 125 131 128 
116 128 115 118 125 125 125 131 128 
116 128 115 118 125 125 125 131 128 
116 128 115 118 125 125 136 131 128 
134 128 115 118 125 125 136 131 128 
134 128 115 118 125 125 136 131 128 
134 128 128 118 125 125 136 131 128 
134 128 128 118 125 125 136 131 128 
134 128 128 118 125 125 136 131 128 
134 128 128 118 125 125 136 131 128 
134 128 128 118 125 125 136 131 128 
134 128 128 118 125 125 136 131 128 
134 128 128 118 125 125 136 131 128 
134 128 128 136 125 125 136 131 128 
134 128 128 136 125 125 136 131 128 
134 128 128 136 125 125 136 131 128 
134 128 128 136 125 125 136 131 128 
134 128 128 136 125 125 136 131 128 
134 128 128 136 125 125 136 131 128 
134 128 128 136 125 125 136 131 128 
134 128 128 136 125 125 136 131 128 
134 128 128 136 125 140 136 131 128 
134 128 128 136 138 140 136 131 128 
134 128 128 136 138 140 136 131 128 
134 128 128 136 138 140 136 131 128 
134 128 128 136 138 140 136 131 128 
134 128 128 136 138 140 136 131 128 
134 128 128 136 138 140 136 131 128 
134 128 128 136 138 140 148 131 128 
134 128 128 136 138 140 148 131 128 
146 128 128 136 138 140 148 131 128 
146 128 128 136 149 140 148 131 128 
158 128 128 136 149 140 148 131 128 
158 128 141 136 149 140 148 131 128 
158 128 141 136 162 140 148 131 128 
158 128 141 136 162 140 148 131 128 
158 128 141 163 162 140 148 131 128 
158 152 141 163 162 140 148 131 128 
158 152 141 163 162 140 148 131 138 
158 152 141 163 162 140 148 142 138 
158 152 141 163 162 140 160 142 138 
158 152 141 163 162 159 160 142 138 
216.0 176.0 224.0 234.0 216.0 176.0 210.0 234.0 234.0 
;
EXECUTION TIME HBSS: 6976.32053518 seconds 

-------------------------------------------------------------------
