DATFILE : bwopen0_4r_500.dat
ENVIRONMENT : bwopen
ALGORITHM : HBSS - TAU 7
RANGE : 500
STARTING_POS : 0
N_ROBOTS : 4
GREEDY SOLUTION : 1298.0
COMPUTATIONS T :
1313.0
1342.0
1303.0
1343.0
1379.0
1280.0
1256.0
1262.0
1298.0
1244.0
1350.0
1291.0
1298.0
1298.0
1255.0
1293.0
1386.0
1347.0
1225.0
1294.0
1372.0
1325.0
1387.0
1345.0
1385.0
1340.0
1263.0
1309.0
1306.0
1336.0
1298.0
1409.0
1283.0
1313.0
1308.0
1214.0
1338.0
1322.0
1334.0
1281.0
1436.0
1412.0
1281.0
1304.0
1316.0
1298.0
1298.0
1298.0
1363.0
1254.0
1298.0
1298.0
1298.0
1411.0
1390.0
1379.0
1383.0
1343.0
1376.0
1346.0
1298.0
1320.0
1298.0
1307.0
1354.0
1298.0
1371.0
1298.0
1275.0
1298.0
1298.0
1319.0
1298.0
1286.0
1296.0
1337.0
1307.0
1298.0
1325.0
1297.0
1353.0
1326.0
1351.0
1380.0
1312.0
1249.0
1320.0
1313.0
1298.0
1285.0
1298.0
1257.0
1289.0
1302.0
1247.0
1298.0
1314.0
1298.0
1414.0
1330.0
1366.0
1334.0
1324.0
1302.0
1335.0
1402.0
1200.0
1330.0
1298.0
1281.0
1297.0
1402.0
1298.0
1304.0
1245.0
1298.0
1298.0
1258.0
1298.0
1392.0
1307.0
1247.0
1337.0
1325.0
1383.0
1298.0
1372.0
1298.0
1298.0
1347.0
1295.0
1330.0
1260.0
1289.0
1214.0
1298.0
1248.0
1245.0
1350.0
1294.0
1298.0
1368.0
1298.0
1272.0
1304.0
1345.0
1359.0
1314.0
1303.0
1328.0
1287.0
1298.0
1324.0
1333.0
1337.0
1362.0
1429.0
1225.0
1350.0
1369.0
1298.0
1326.0
1298.0
1328.0
1251.0
1336.0
1298.0
1298.0
1338.0
1261.0
1369.0
1297.0
1351.0
1298.0
1298.0
1325.0
1297.0
1333.0
1298.0
1298.0
1349.0
1379.0
1279.0
1296.0
1286.0
1296.0
1358.0
1332.0
1329.0
1309.0
1353.0
1299.0
1301.0
1326.0
1298.0
1247.0
1275.0
1353.0
1379.0
1328.0
;
HBBS bestT : 1200.0
BEST_CONFIGURATIONS : 
0 0 0 0 
0 4 0 0 
0 4 26 0 
0 4 26 0 
0 4 26 1 
0 4 26 1 
0 4 26 1 
0 4 5 1 
0 4 5 1 
0 4 5 1 
0 26 5 1 
0 26 5 27 
0 26 5 27 
0 26 5 27 
0 22 5 27 
0 22 5 27 
0 22 5 27 
0 22 26 27 
4 22 26 27 
4 22 26 27 
4 8 26 27 
4 8 0 27 
4 8 0 27 
26 8 0 27 
26 8 0 9 
26 8 0 9 
26 8 0 9 
5 8 0 9 
5 8 0 9 
5 8 4 9 
22 8 4 9 
22 8 4 9 
4 13 4 9 
4 13 0 9 
4 13 0 9 
4 17 0 9 
4 17 0 9 
4 17 0 9 
26 13 0 9 
26 13 0 10 
26 13 0 10 
26 13 0 10 
5 13 0 10 
5 13 0 10 
5 13 4 10 
5 17 4 10 
5 17 4 10 
5 17 26 10 
5 17 26 15 
5 17 26 15 
5 17 26 15 
5 13 22 15 
5 13 22 15 
5 13 22 15 
4 13 22 15 
4 17 22 15 
4 17 22 10 
8 17 22 10 
8 17 22 10 
8 13 22 10 
8 13 22 15 
8 13 9 15 
8 25 9 15 
8 25 9 15 
8 25 9 15 
8 25 9 10 
8 25 9 10 
22 25 9 10 
26 25 9 10 
26 25 9 24 
26 25 9 24 
26 25 9 24 
5 25 9 24 
5 25 9 24 
5 25 10 24 
22 25 10 24 
22 17 10 24 
22 17 15 24 
22 13 15 24 
4 13 15 24 
4 13 14 24 
4 13 14 24 
4 13 14 24 
4 13 18 24 
4 13 18 24 
4 13 18 24 
26 13 14 24 
26 17 14 24 
26 17 14 6 
26 17 14 6 
5 17 14 6 
5 17 14 6 
5 25 14 6 
5 25 14 6 
5 25 18 6 
5 25 18 6 
5 25 18 6 
26 25 18 6 
26 17 18 6 
26 17 18 11 
26 17 18 11 
26 25 18 11 
5 25 18 11 
5 25 14 11 
5 18 14 11 
22 18 14 11 
22 18 14 11 
22 18 14 11 
8 14 14 11 
8 14 18 11 
8 14 18 6 
8 15 14 6 
8 15 14 6 
22 15 14 6 
22 10 14 6 
22 10 14 6 
4 10 14 6 
4 10 18 6 
4 10 18 21 
5 10 18 21 
5 10 14 21 
5 15 14 21 
5 15 18 21 
1 15 18 21 
1 15 18 21 
1 15 18 21 
1 10 18 21 
1 10 14 21 
1 10 14 3 
1 10 14 3 
1 15 14 3 
27 15 14 3 
27 15 9 3 
27 15 9 3 
27 15 9 3 
27 10 9 3 
27 10 9 21 
27 10 9 21 
27 24 9 21 
27 24 9 6 
27 24 9 6 
27 24 9 6 
27 24 9 21 
1 24 9 21 
1 24 9 21 
1 24 9 6 
1 24 27 6 
1 11 27 6 
1 11 27 6 
1 11 27 6 
1 11 27 21 
1 11 9 21 
2 11 9 21 
2 11 9 21 
2 11 9 21 
2 11 9 3 
2 11 9 3 
2 11 10 3 
2 11 10 3 
2 11 15 3 
2 11 15 3 
2 11 15 7 
2 11 15 7 
2 11 15 7 
2 11 10 7 
2 6 10 7 
2 6 10 7 
2 6 24 7 
2 6 24 7 
2 21 24 7 
2 21 6 7 
27 21 6 7 
27 3 6 7 
27 3 6 7 
9 3 6 7 
9 3 21 7 
24 3 21 7 
24 3 21 12 
24 3 3 12 
24 21 3 12 
6 21 3 12 
6 21 7 12 
6 21 7 16 
6 3 7 16 
6 3 7 16 
6 3 7 23 
6 3 7 23 
6 3 7 23 
6 3 7 20 
6 3 7 20 
6 3 7 20 
21 3 7 20 
21 3 12 20 
21 2 12 20 
21 2 12 23 
21 2 12 23 
21 2 16 23 
21 2 16 20 
21 24 16 20 
21 24 16 20 
21 24 16 23 
21 24 16 23 
11 24 16 23 
11 24 16 23 
11 24 16 23 
11 24 16 20 
11 24 12 20 
11 10 12 20 
11 10 12 20 
11 10 12 23 
10 10 16 23 
10 15 16 23 
10 15 16 23 
10 15 16 20 
10 15 16 23 
15 15 12 23 
15 15 12 16 
15 14 12 16 
9 14 12 16 
9 14 12 16 
9 14 12 16 
9 18 12 16 
9 18 12 23 
9 18 12 23 
9 18 12 20 
9 18 12 20 
9 18 23 20 
9 14 20 20 
9 14 20 23 
27 14 20 23 
27 14 20 23 
27 18 20 23 
27 18 19 23 
27 18 19 23 
27 18 19 16 
27 18 19 12 
27 14 19 12 
27 14 19 12 
27 15 19 12 
9 15 19 12 
9 15 19 7 
9 10 19 7 
24 10 19 7 
24 10 19 21 
24 10 19 6 
24 11 19 6 
2 11 19 6 
27 11 19 2 
27 19 20 2 
1 19 20 2 
1 19 23 2 
5 19 23 2 
5 19 23 2 
26 19 23 2 
22 19 23 2 
22 19 23 2 
8 19 23 2 
8 19 23 2 
8 19 14 2 
13 19 14 2 
13 19 25 2 
13 19 25 2 
13 19 25 27 
13 19 25 27 
13 20 25 27 
17 20 25 27 
17 20 25 27 
17 19 25 27 
17 19 13 1 
17 19 13 1 
25 19 13 1 
25 19 8 1 
25 19 22 1 
25 19 4 1 
25 19 4 0 
25 6 4 0 
25 24 0 0 
14 24 0 0 
14 24 0 8 
14 2 0 8 
14 2 0 4 
0 0 0 0 
;
ROBOT MOVING BEST:
0 0 0 0 
1 1 0 0 
1 0 1 0 
0 1 1 0 
1 0 0 1 
0 1 0 1 
0 0 1 1 
1 0 1 0 
0 1 1 0 
0 0 1 1 
0 1 1 0 
1 0 0 1 
0 1 0 1 
0 0 1 1 
1 1 0 0 
0 1 1 0 
0 1 0 1 
0 1 1 0 
1 1 0 0 
1 0 0 1 
1 1 0 0 
0 1 1 0 
0 1 0 1 
1 1 0 0 
1 0 0 1 
0 1 0 1 
0 0 1 1 
1 1 0 0 
1 0 0 1 
0 0 1 1 
1 1 0 0 
1 0 0 1 
1 1 0 0 
0 1 1 0 
0 1 0 1 
1 1 0 0 
0 1 1 0 
0 1 0 1 
1 1 0 0 
1 0 0 1 
0 1 0 1 
0 0 1 1 
1 1 0 0 
1 0 0 1 
0 0 1 1 
1 1 0 0 
0 1 0 1 
0 1 1 0 
1 0 0 1 
0 1 0 1 
0 0 1 1 
0 1 1 0 
0 1 0 1 
0 0 1 1 
1 0 0 1 
0 1 1 0 
0 0 1 1 
1 1 0 0 
1 0 0 1 
1 1 0 0 
1 0 0 1 
0 0 1 1 
1 1 0 0 
0 1 1 0 
0 1 0 1 
0 1 0 1 
0 0 1 1 
1 1 0 0 
1 1 0 0 
1 0 0 1 
0 1 0 1 
0 0 1 1 
1 1 0 0 
1 0 0 1 
0 0 1 1 
1 0 0 1 
0 1 0 1 
0 0 1 1 
0 1 0 1 
1 0 0 1 
1 0 1 0 
0 1 1 0 
0 0 1 1 
1 0 1 0 
0 1 1 0 
0 0 1 1 
1 0 1 0 
0 1 1 0 
1 0 0 1 
0 0 1 1 
1 0 1 0 
1 0 0 1 
0 1 1 0 
0 1 0 1 
1 0 1 0 
0 1 1 0 
0 0 1 1 
1 0 1 0 
0 1 1 0 
1 0 0 1 
0 0 1 1 
0 1 0 1 
1 0 0 1 
0 0 1 1 
0 1 1 0 
1 1 0 0 
1 0 1 0 
1 0 0 1 
1 1 0 0 
1 0 1 0 
1 0 0 1 
0 1 1 0 
0 1 0 1 
1 0 0 1 
0 1 1 0 
0 1 0 1 
1 0 0 1 
0 1 1 0 
0 1 0 1 
1 0 0 1 
0 0 1 1 
0 1 0 1 
0 1 1 0 
1 1 0 0 
1 0 1 0 
1 0 0 1 
1 1 0 0 
1 0 1 0 
1 0 0 1 
0 1 0 1 
0 1 0 1 
1 1 0 0 
1 0 1 0 
1 0 0 1 
0 0 1 1 
1 1 0 0 
1 0 0 1 
0 0 1 1 
1 1 0 0 
1 0 0 1 
0 1 0 1 
0 0 1 1 
0 1 0 1 
1 1 0 0 
1 0 1 0 
1 0 0 1 
1 0 1 0 
1 1 0 0 
0 1 1 0 
0 1 0 1 
0 1 0 1 
0 1 1 0 
1 1 0 0 
1 0 1 0 
1 0 0 1 
1 0 0 1 
0 1 0 1 
1 0 1 0 
0 1 1 0 
1 0 1 0 
0 1 1 0 
1 0 0 1 
0 1 0 1 
0 0 1 1 
0 0 1 1 
1 1 0 0 
0 1 0 1 
1 0 1 0 
0 0 1 1 
0 1 0 1 
0 1 1 0 
1 0 0 1 
0 1 1 0 
0 1 0 1 
1 0 0 1 
0 1 1 0 
1 1 0 0 
1 0 0 1 
0 0 1 1 
0 1 0 1 
1 0 0 1 
0 0 1 1 
1 0 0 1 
0 1 0 1 
0 0 1 1 
1 0 0 1 
0 1 0 1 
0 0 1 1 
1 0 0 1 
0 1 0 1 
0 0 1 1 
1 0 0 1 
0 0 1 1 
0 1 1 0 
1 0 0 1 
0 0 1 1 
1 0 1 0 
0 0 1 1 
0 1 1 0 
0 1 0 1 
0 1 0 1 
0 0 1 1 
1 1 0 0 
1 0 1 0 
1 0 0 1 
1 0 0 1 
1 0 1 0 
0 1 1 0 
0 1 0 1 
0 1 0 1 
1 0 1 0 
1 1 0 0 
0 1 1 0 
0 1 0 1 
0 1 0 1 
1 0 1 0 
0 0 1 1 
0 1 0 1 
1 0 1 0 
1 1 0 0 
1 0 0 1 
1 1 0 0 
1 0 0 1 
0 1 0 1 
1 0 0 1 
0 1 0 1 
0 0 1 1 
0 1 1 0 
0 1 0 1 
1 1 0 0 
1 0 1 0 
1 1 0 0 
1 0 1 0 
0 1 1 0 
0 0 1 1 
1 0 0 1 
0 1 1 0 
0 0 1 1 
0 1 1 0 
1 0 1 0 
0 0 1 1 
0 1 1 0 
1 0 1 0 
0 0 1 1 
0 0 1 1 
0 1 1 0 
1 0 1 0 
1 0 0 1 
0 1 1 0 
1 0 0 1 
0 1 1 0 
1 1 0 0 
1 0 0 1 
1 0 0 1 
1 1 0 0 
1 0 0 1 
1 1 0 0 
1 0 0 1 
0 0 1 1 
1 1 0 0 
1 0 1 0 
0 1 1 0 
1 0 0 1 
0 0 1 1 
0 1 1 0 
1 0 1 0 
1 0 0 1 
1 1 0 0 
0 0 1 1 
1 0 1 0 
1 0 0 1 
0 0 1 1 
0 0 1 1 
1 0 1 0 
1 0 0 1 
0 1 0 1 
0 1 1 0 
1 0 1 0 
0 1 0 1 
0 1 1 0 
0 1 0 1 
1 1 0 1 
;
TIMETABLE BEST: 
0.0 0.0 0.0 0.0 
14 14 0 0 
17 14 17 0 
17 17 17 0 
18 17 17 18 
18 18 17 18 
18 18 18 18 
27 18 27 18 
27 27 27 18 
27 27 27 27 
27 38 38 27 
42 38 38 42 
42 42 38 42 
42 42 42 42 
53 53 42 42 
53 53 53 42 
53 53 53 53 
53 62 62 53 
67 67 62 53 
67 67 62 67 
79 79 62 67 
79 79 79 67 
79 79 79 79 
90 90 79 79 
94 90 79 94 
94 94 79 94 
94 94 94 94 
103 103 94 94 
103 103 94 103 
103 103 108 108 
115 115 108 108 
115 115 108 115 
128 128 108 115 
128 128 128 115 
128 128 128 128 
139 139 128 128 
139 139 139 128 
139 139 139 139 
150 150 139 139 
153 150 139 153 
153 153 139 153 
153 153 153 153 
162 162 153 153 
162 162 153 162 
162 162 167 167 
173 173 167 167 
173 173 167 173 
173 178 178 173 
184 178 178 184 
184 184 178 184 
184 184 184 184 
184 195 195 184 
184 195 195 195 
184 195 195 195 
198 195 195 198 
198 206 206 198 
198 206 209 209 
212 212 209 209 
212 212 209 212 
223 223 209 212 
223 223 209 223 
223 223 233 233 
236 236 233 233 
236 236 236 233 
236 236 236 236 
236 247 236 247 
236 247 247 247 
248 248 247 247 
259 259 247 247 
260 259 247 260 
260 260 247 260 
260 260 260 260 
269 269 260 260 
269 269 260 269 
269 269 274 274 
281 269 274 281 
281 281 274 281 
281 281 285 285 
281 292 285 292 
293 292 285 293 
298 292 298 293 
298 298 298 293 
298 298 298 298 
309 298 309 298 
309 309 309 298 
309 309 309 309 
320 309 320 309 
320 320 320 309 
322 320 320 322 
322 320 322 322 
331 320 331 322 
331 320 331 331 
331 332 332 331 
331 332 332 332 
343 332 343 332 
343 343 343 332 
343 343 343 343 
352 343 352 343 
352 355 355 343 
360 355 355 360 
360 355 360 360 
360 367 360 367 
369 367 360 369 
369 367 371 371 
369 380 380 371 
381 381 380 371 
381 381 381 371 
381 381 381 381 
393 393 381 381 
393 393 393 381 
398 393 393 398 
398 406 406 398 
398 406 406 406 
410 406 406 410 
410 417 417 410 
410 417 417 417 
422 417 417 422 
422 428 428 422 
422 434 428 434 
436 434 428 436 
436 434 439 439 
436 445 439 445 
436 450 450 445 
454 454 450 445 
454 454 454 445 
454 454 454 454 
465 465 454 454 
465 465 465 454 
466 465 465 466 
466 466 465 466 
466 477 465 477 
481 481 465 477 
481 481 481 477 
481 481 481 481 
481 481 481 481 
492 492 481 481 
493 492 481 493 
493 492 493 493 
505 505 493 493 
505 505 493 505 
505 505 493 505 
505 505 505 505 
505 517 505 517 
520 520 505 517 
520 520 520 517 
529 520 520 529 
535 520 535 529 
538 538 535 529 
538 538 538 529 
538 538 538 538 
538 550 538 550 
538 553 553 550 
558 558 553 550 
558 558 558 550 
558 558 558 558 
570 558 558 570 
570 570 558 570 
572 570 572 570 
572 572 572 570 
583 572 583 570 
583 583 583 570 
586 583 583 586 
586 586 583 586 
586 586 586 586 
586 586 597 597 
603 603 597 597 
603 603 597 603 
610 603 610 603 
610 603 610 610 
610 615 610 615 
610 623 623 615 
629 623 623 629 
629 635 635 629 
629 635 635 635 
644 635 635 644 
644 647 647 644 
659 659 647 644 
662 659 647 662 
662 659 662 662 
662 671 662 671 
675 671 662 675 
675 671 678 678 
689 671 678 689 
689 689 678 689 
689 689 689 689 
700 689 689 700 
700 700 689 700 
700 700 700 700 
710 700 700 710 
710 710 700 710 
710 710 710 710 
722 710 710 722 
722 710 728 728 
722 732 732 728 
738 732 732 738 
738 732 738 738 
749 732 749 738 
749 732 749 749 
749 751 751 749 
749 751 751 751 
749 761 751 761 
749 761 761 761 
768 768 761 761 
768 768 768 761 
768 768 768 768 
778 768 768 778 
779 768 779 778 
779 781 781 778 
779 781 781 781 
779 791 781 791 
800 791 800 791 
802 802 800 791 
802 802 802 791 
802 802 802 802 
802 812 802 812 
813 812 813 812 
813 812 823 823 
813 825 823 825 
834 825 834 825 
834 834 834 825 
834 834 834 834 
845 845 834 834 
845 845 834 845 
845 845 834 845 
855 845 834 855 
855 855 834 855 
855 855 856 856 
855 866 866 856 
855 866 866 866 
870 870 866 866 
870 870 870 866 
881 881 870 866 
883 881 883 866 
883 883 883 866 
883 883 883 883 
894 883 883 894 
894 894 894 894 
894 894 894 894 
894 907 907 894 
909 907 909 894 
909 907 912 912 
909 918 918 912 
924 918 924 912 
924 918 924 924 
924 918 936 936 
924 939 939 936 
943 939 943 936 
962 939 943 962 
962 969 969 962 
977 969 969 977 
977 979 979 977 
995 995 979 977 
995 995 979 995 
1004 995 979 1004 
1015 1015 979 1004 
1015 1015 979 1015 
1027 1027 979 1015 
1027 1027 979 1027 
1027 1027 1031 1031 
1040 1040 1031 1031 
1047 1040 1047 1031 
1047 1047 1047 1031 
1050 1047 1047 1050 
1050 1047 1050 1050 
1050 1060 1060 1050 
1061 1060 1061 1050 
1061 1060 1061 1061 
1073 1073 1061 1061 
1073 1073 1076 1076 
1076 1073 1076 1076 
1088 1073 1076 1088 
1088 1073 1089 1089 
1088 1073 1101 1101 
1113 1073 1113 1101 
1119 1073 1113 1119 
1119 1119 1113 1119 
1119 1132 1132 1119 
1135 1132 1135 1119 
1135 1145 1135 1145 
1135 1164 1164 1145 
1135 1164 1164 1164 
1189.0 1200.0 1164.0 1178.0 
;
EXECUTION TIME HBSS: 1133.67968106 seconds 

-------------------------------------------------------------------
