DATFILE : bwopen0_6r_500.dat
ENVIRONMENT : bwopen
ALGORITHM : HBSS - TAU 7
RANGE : 500
STARTING_POS : 0
N_ROBOTS : 6
GREEDY SOLUTION : 791.0
COMPUTATIONS T :
766.0
801.0
785.0
801.0
801.0
801.0
801.0
713.0
801.0
801.0
801.0
798.0
801.0
801.0
801.0
801.0
801.0
801.0
801.0
801.0
801.0
801.0
785.0
801.0
801.0
801.0
801.0
801.0
807.0
801.0
801.0
801.0
801.0
801.0
801.0
801.0
803.0
779.0
801.0
801.0
801.0
801.0
801.0
801.0
801.0
801.0
801.0
801.0
801.0
801.0
801.0
801.0
801.0
801.0
801.0
780.0
801.0
801.0
801.0
801.0
801.0
801.0
801.0
800.0
800.0
801.0
801.0
801.0
801.0
801.0
801.0
801.0
792.0
801.0
790.0
801.0
766.0
801.0
801.0
801.0
801.0
801.0
801.0
785.0
801.0
801.0
766.0
812.0
803.0
801.0
801.0
814.0
829.0
801.0
801.0
801.0
801.0
819.0
801.0
814.0
801.0
801.0
801.0
801.0
825.0
801.0
801.0
801.0
801.0
801.0
801.0
762.0
807.0
801.0
801.0
804.0
833.0
797.0
801.0
793.0
801.0
801.0
801.0
799.0
801.0
803.0
802.0
801.0
801.0
801.0
806.0
801.0
801.0
769.0
769.0
801.0
801.0
813.0
799.0
801.0
801.0
766.0
801.0
801.0
803.0
814.0
801.0
801.0
801.0
801.0
801.0
801.0
801.0
801.0
801.0
801.0
801.0
801.0
807.0
801.0
801.0
812.0
801.0
801.0
801.0
801.0
801.0
796.0
801.0
802.0
801.0
801.0
736.0
812.0
782.0
801.0
799.0
801.0
801.0
801.0
785.0
801.0
801.0
801.0
801.0
803.0
801.0
801.0
801.0
801.0
782.0
801.0
779.0
801.0
801.0
801.0
801.0
801.0
801.0
801.0
;
HBBS bestT : 713.0
BEST_CONFIGURATIONS : 
0 0 0 0 0 0 
0 4 0 0 0 0 
0 4 26 0 0 0 
0 4 26 0 0 0 
0 4 26 1 0 0 
0 4 26 1 0 0 
0 4 26 1 0 0 
0 4 26 1 5 0 
0 4 26 1 5 22 
0 4 26 1 5 22 
0 4 26 1 5 22 
0 4 26 1 5 22 
0 4 26 1 5 22 
0 4 26 1 5 22 
0 4 26 1 5 22 
0 4 26 1 5 22 
0 4 26 1 5 8 
0 4 26 1 5 8 
0 4 5 1 5 8 
0 4 5 1 5 8 
0 4 5 1 22 8 
0 4 26 1 22 8 
0 4 26 27 22 8 
0 4 26 27 22 8 
0 4 26 27 22 8 
0 4 26 27 5 8 
0 4 26 27 5 8 
0 4 22 27 5 8 
0 4 22 27 5 13 
0 4 22 27 5 13 
0 4 22 27 5 13 
0 4 22 27 5 13 
0 4 22 27 5 13 
0 4 22 27 26 13 
0 4 8 27 26 13 
0 4 8 9 26 13 
0 4 8 9 26 13 
0 4 8 9 26 13 
0 4 8 9 26 13 
0 4 8 9 26 13 
0 4 8 9 5 13 
0 4 8 9 5 17 
0 4 8 9 5 17 
0 4 8 9 5 17 
0 4 8 9 5 17 
0 4 8 9 5 17 
0 26 8 9 5 17 
0 26 22 9 5 17 
0 26 22 9 5 17 
1 26 22 9 5 17 
1 26 22 9 27 17 
1 26 22 9 27 17 
1 26 22 9 27 17 
1 26 13 9 27 17 
1 26 13 9 27 17 
1 26 13 10 27 17 
1 0 13 10 27 17 
1 0 13 10 27 17 
1 0 13 10 27 17 
1 0 13 10 27 17 
1 0 13 15 27 17 
1 0 13 15 27 17 
1 0 13 15 27 17 
1 0 13 15 27 17 
1 4 13 15 27 17 
1 4 13 15 27 25 
1 4 13 15 27 25 
1 4 13 15 27 25 
1 4 13 15 27 25 
1 4 13 15 27 25 
1 4 13 10 27 25 
1 4 17 10 27 25 
1 4 17 10 27 25 
1 4 17 10 9 25 
1 4 17 10 9 25 
5 4 17 10 9 25 
5 4 17 10 9 25 
5 26 17 10 9 25 
5 26 17 10 9 25 
5 26 18 10 9 25 
5 26 18 10 9 25 
5 26 18 10 9 25 
5 26 18 10 9 25 
5 26 18 10 9 25 
5 26 14 10 9 25 
5 26 14 15 9 25 
5 4 14 15 9 25 
5 4 14 15 9 25 
5 4 14 15 9 25 
5 4 14 15 9 25 
5 4 14 15 9 25 
26 4 14 15 9 25 
26 4 14 15 9 25 
26 22 14 15 9 25 
26 22 14 15 9 25 
26 22 14 15 9 25 
26 22 14 15 10 25 
26 22 14 15 10 25 
26 22 14 15 10 25 
26 22 14 15 10 17 
0 22 14 15 10 17 
0 8 14 15 10 17 
0 8 14 10 10 17 
0 8 14 10 15 17 
0 8 14 10 15 13 
0 8 14 24 15 13 
0 8 14 24 15 13 
0 8 14 24 15 13 
0 8 14 24 10 13 
0 8 14 24 10 13 
0 8 18 24 10 13 
0 8 18 24 10 13 
0 8 18 24 15 13 
0 8 18 24 15 13 
0 8 18 24 15 13 
4 8 18 24 15 13 
4 8 18 24 15 13 
4 8 18 24 15 17 
4 8 18 24 15 17 
4 22 18 24 15 17 
4 22 18 24 15 17 
4 22 18 24 14 17 
26 22 18 24 14 17 
5 22 18 24 14 17 
5 22 18 24 14 25 
5 8 18 24 14 25 
5 8 18 24 9 25 
5 8 19 24 9 25 
5 8 19 24 9 25 
5 8 19 24 9 25 
5 8 19 24 9 25 
5 8 19 24 9 25 
22 8 19 24 9 25 
22 8 19 24 9 17 
22 8 19 6 9 17 
22 13 19 6 9 17 
22 13 19 6 9 17 
22 13 19 6 9 17 
26 13 19 6 9 17 
26 13 19 6 9 25 
26 25 20 6 9 25 
26 25 20 6 9 25 
26 25 20 6 9 25 
5 25 20 6 9 25 
5 25 23 6 9 25 
5 25 23 6 9 25 
5 25 23 6 9 18 
5 25 23 6 9 18 
5 14 23 6 9 18 
5 14 23 6 9 18 
4 14 23 6 9 18 
4 14 23 6 10 18 
4 14 23 6 10 18 
4 15 23 6 10 18 
4 15 23 6 10 18 
4 15 23 6 10 19 
4 15 23 6 10 19 
4 15 23 6 10 19 
0 15 23 6 10 19 
0 15 20 6 10 19 
0 15 20 6 10 19 
0 15 20 6 10 19 
0 15 20 21 10 19 
0 15 20 21 10 19 
0 15 20 21 10 19 
0 15 20 21 10 19 
1 15 20 21 10 19 
1 15 23 21 10 19 
1 14 23 21 10 19 
1 14 23 21 24 19 
1 14 23 21 24 19 
1 14 23 21 24 19 
1 14 23 21 24 19 
1 14 23 21 24 19 
1 14 20 21 24 19 
1 14 20 21 24 19 
1 14 20 3 24 19 
1 14 20 3 24 19 
1 14 20 3 24 19 
1 14 20 3 24 18 
1 14 20 3 24 18 
1 15 20 3 24 18 
1 15 20 3 6 18 
1 15 20 3 6 18 
1 15 23 3 6 18 
1 10 23 3 6 18 
1 10 23 3 21 18 
27 10 20 3 21 18 
27 10 20 3 21 18 
27 10 20 3 21 18 
27 10 20 3 21 14 
27 24 20 3 21 14 
27 24 20 3 21 18 
27 24 20 3 6 18 
27 24 20 3 6 18 
27 24 20 21 6 18 
27 24 19 21 6 18 
27 24 19 21 6 18 
27 24 19 7 6 18 
27 24 19 7 6 18 
27 24 19 7 6 18 
27 24 19 7 6 18 
27 24 19 7 6 15 
27 24 19 7 21 15 
27 10 19 7 21 15 
27 10 20 7 21 15 
9 10 20 7 21 15 
9 10 20 7 21 15 
9 10 23 7 21 15 
9 10 23 7 3 15 
9 10 23 7 3 15 
9 11 23 7 3 15 
9 11 16 7 3 15 
9 11 16 7 3 15 
9 11 16 7 3 15 
9 11 16 7 3 15 
9 11 16 7 3 10 
9 11 16 7 3 10 
9 11 16 7 3 10 
9 11 16 7 3 10 
9 11 12 7 3 10 
9 11 12 7 3 10 
9 11 12 7 3 15 
9 11 12 7 3 15 
9 11 12 7 3 15 
9 11 12 7 3 15 
9 11 12 7 3 10 
9 11 12 21 3 10 
9 11 12 21 3 10 
24 11 12 21 3 10 
24 11 12 21 3 10 
24 11 12 21 2 10 
24 11 12 21 2 10 
24 11 12 21 2 10 
24 11 12 21 2 10 
24 11 12 21 2 10 
24 11 16 21 2 10 
24 11 16 21 2 10 
24 11 16 21 2 15 
24 11 16 21 2 15 
24 6 16 21 2 15 
24 6 16 21 2 15 
24 6 16 3 2 15 
24 6 16 3 2 14 
24 6 16 3 2 14 
9 6 16 3 2 14 
9 11 16 3 2 14 
9 11 23 3 2 14 
9 11 23 7 2 14 
27 11 23 7 2 14 
27 11 23 7 2 14 
27 11 20 7 2 14 
27 11 20 7 2 18 
1 11 20 7 2 18 
1 11 20 7 2 18 
1 11 20 12 2 18 
1 11 20 12 2 25 
1 11 23 12 2 25 
27 11 23 12 2 25 
27 11 23 12 6 25 
27 11 23 12 6 25 
27 11 16 12 6 25 
27 11 16 12 6 8 
27 11 23 16 6 8 
2 11 23 16 6 8 
2 11 20 16 6 8 
2 11 20 16 6 22 
2 11 20 16 6 22 
2 11 20 23 6 22 
2 11 20 23 6 26 
2 11 20 23 6 26 
2 11 20 23 6 5 
2 11 20 23 6 5 
2 11 20 23 21 5 
2 11 19 23 21 5 
2 11 19 23 21 5 
2 11 19 16 21 5 
2 11 19 12 21 5 
2 11 19 12 21 4 
2 11 19 12 21 0 
2 11 25 12 21 0 
0 0 0 0 0 0 
;
ROBOT MOVING BEST:
0 0 0 0 0 0 
1 1 0 0 0 0 
1 0 1 0 0 0 
0 1 1 0 0 0 
1 0 0 1 0 0 
0 1 0 1 0 0 
0 0 1 1 0 0 
1 0 0 0 1 0 
1 0 0 0 0 1 
0 1 0 0 1 0 
0 1 0 0 0 1 
0 0 1 0 1 0 
0 0 1 0 0 1 
0 0 0 1 1 0 
0 0 0 1 0 1 
0 0 0 0 1 1 
1 0 0 0 0 1 
0 1 0 0 0 1 
0 0 1 0 0 1 
0 0 0 1 0 1 
0 0 0 0 1 1 
0 0 1 0 0 1 
1 0 0 1 0 0 
0 1 0 1 0 0 
0 0 1 1 0 0 
0 0 0 1 1 0 
0 0 0 1 0 1 
0 0 1 1 0 0 
1 0 0 0 0 1 
0 1 0 0 0 1 
0 0 1 0 0 1 
0 0 0 1 0 1 
0 0 0 0 1 1 
0 0 0 0 1 1 
0 0 1 0 0 1 
1 0 0 1 0 0 
0 1 0 1 0 0 
0 0 1 1 0 0 
0 0 0 1 1 0 
0 0 0 1 0 1 
0 0 0 1 1 0 
1 0 0 0 0 1 
0 1 0 0 0 1 
0 0 1 0 0 1 
0 0 0 1 0 1 
0 0 0 0 1 1 
0 1 0 0 0 1 
0 0 1 1 0 0 
0 0 1 0 0 1 
1 0 0 1 0 0 
0 0 0 1 1 0 
1 0 0 0 1 0 
0 0 0 0 1 1 
1 0 1 0 0 0 
0 0 1 0 0 1 
1 0 0 1 0 0 
0 1 0 1 0 0 
0 0 1 1 0 0 
0 0 0 1 1 0 
0 0 0 1 0 1 
1 0 0 1 0 0 
0 0 1 1 0 0 
0 0 0 1 1 0 
0 0 0 1 0 1 
0 1 0 1 0 0 
1 0 0 0 0 1 
0 1 0 0 0 1 
0 0 1 0 0 1 
0 0 0 1 0 1 
0 0 0 0 1 1 
0 1 0 1 0 0 
0 0 1 0 0 1 
0 0 0 1 0 1 
0 0 0 1 1 0 
0 0 0 0 1 1 
1 0 0 1 0 0 
1 0 0 0 0 1 
0 1 0 1 0 0 
0 1 0 0 0 1 
1 0 1 0 0 0 
0 1 1 0 0 0 
0 0 1 1 0 0 
0 0 1 0 1 0 
0 0 1 0 0 1 
1 0 1 0 0 0 
1 0 0 1 0 0 
0 1 1 0 0 0 
0 0 1 1 0 0 
0 0 1 0 1 0 
0 0 1 0 0 1 
0 0 0 1 1 0 
1 0 1 0 0 0 
1 0 0 1 0 0 
0 1 1 0 0 0 
0 1 0 1 0 0 
0 1 0 0 0 1 
0 1 0 0 1 0 
0 0 1 0 1 0 
0 0 0 1 1 0 
0 0 1 0 0 1 
1 0 1 0 0 0 
0 1 1 0 0 0 
0 1 0 1 0 0 
0 1 0 0 1 0 
0 0 1 0 0 1 
1 0 0 1 0 0 
0 1 0 1 0 0 
0 0 1 1 0 0 
0 0 0 1 1 0 
0 0 0 1 0 1 
0 1 1 0 0 0 
0 0 1 1 0 0 
0 0 1 0 1 0 
0 0 1 0 0 1 
0 0 0 1 1 0 
1 0 1 0 0 0 
1 0 0 1 0 0 
0 0 1 0 0 1 
0 0 0 1 0 1 
0 1 1 0 0 0 
0 1 0 1 0 0 
0 0 1 0 1 0 
1 0 0 1 0 0 
1 0 0 1 0 0 
0 0 0 1 0 1 
0 1 0 0 0 1 
0 0 0 1 1 0 
1 0 1 0 0 0 
0 1 1 0 0 0 
0 0 1 1 0 0 
0 0 1 0 1 0 
0 0 1 0 0 1 
1 0 1 0 0 0 
0 0 1 0 0 1 
1 0 0 1 0 0 
0 1 1 0 0 0 
0 0 1 1 0 0 
0 0 0 1 1 0 
1 0 0 1 0 0 
0 0 0 1 0 1 
0 1 1 0 0 0 
0 0 1 1 0 0 
0 0 1 0 1 0 
1 0 0 1 0 0 
0 0 1 1 0 0 
0 0 1 0 1 0 
0 0 1 0 0 1 
0 0 0 1 0 1 
0 1 1 0 0 0 
0 1 0 1 0 0 
1 0 0 1 0 0 
0 0 1 0 1 0 
0 0 0 1 1 0 
0 1 1 0 0 0 
0 1 0 1 0 0 
0 1 0 0 0 1 
0 0 1 0 0 1 
0 0 0 0 1 1 
1 0 0 1 0 0 
0 1 1 0 0 0 
0 0 1 0 1 0 
0 0 1 0 0 1 
0 1 0 1 0 0 
0 0 1 1 0 0 
0 0 0 1 1 0 
0 0 0 1 0 1 
1 0 0 1 0 0 
0 0 1 1 0 0 
1 1 0 0 0 0 
1 0 0 0 1 0 
0 1 0 1 0 0 
0 1 0 0 0 1 
0 0 1 0 1 0 
0 0 0 1 1 0 
0 1 1 0 0 0 
0 0 1 0 1 0 
1 0 0 1 0 0 
0 0 1 1 0 0 
0 0 0 1 1 0 
1 0 0 0 0 1 
0 0 1 0 0 1 
0 1 0 1 0 0 
1 0 0 0 1 0 
0 0 0 1 1 0 
0 0 1 1 0 0 
0 1 0 1 0 0 
0 0 0 1 1 0 
1 0 1 0 0 0 
1 0 0 1 0 0 
1 0 0 0 1 0 
1 0 0 0 0 1 
1 1 0 0 0 0 
1 0 0 0 0 1 
1 0 0 0 1 0 
0 1 0 0 1 0 
0 0 0 1 1 0 
1 0 1 0 0 0 
0 0 1 0 0 1 
1 0 0 1 0 0 
0 1 0 1 0 0 
0 0 1 1 0 0 
0 0 0 1 1 0 
0 0 0 1 0 1 
0 0 0 1 1 0 
0 1 0 1 0 0 
0 0 1 1 0 0 
1 0 0 1 0 0 
1 0 0 0 1 0 
0 0 1 1 0 0 
1 0 0 0 1 0 
0 0 0 1 1 0 
1 1 0 0 0 0 
1 0 1 0 0 0 
0 1 1 0 0 0 
0 1 0 1 0 0 
0 1 0 0 1 0 
0 1 0 0 0 1 
0 0 1 1 0 0 
0 0 1 0 1 0 
0 0 1 0 0 1 
1 0 1 0 0 0 
0 1 1 0 0 0 
0 1 0 0 0 1 
0 0 1 1 0 0 
0 0 1 0 1 0 
0 0 1 0 0 1 
0 0 1 0 0 1 
0 1 0 1 0 0 
0 0 1 1 0 0 
1 1 0 0 0 0 
1 0 1 0 0 0 
1 0 0 0 1 0 
0 1 0 0 1 0 
0 0 1 0 1 0 
0 0 0 1 1 0 
0 0 0 0 1 1 
1 0 1 0 0 0 
0 0 1 1 0 0 
0 0 1 0 0 1 
0 0 0 0 1 1 
0 1 1 0 0 0 
0 1 0 0 1 0 
0 0 0 1 1 0 
0 0 1 0 0 1 
0 0 0 0 1 1 
1 0 0 0 1 0 
0 1 0 0 0 1 
0 1 1 0 0 0 
0 0 0 1 1 0 
1 1 0 0 0 0 
1 0 0 0 1 0 
0 1 1 0 0 0 
0 1 0 0 0 1 
1 1 0 0 0 0 
1 0 0 0 1 0 
0 0 1 1 0 0 
0 1 0 0 0 1 
0 0 1 1 0 0 
1 0 0 1 0 0 
0 1 0 0 1 0 
0 0 0 1 1 0 
0 0 1 1 0 0 
0 0 0 0 1 1 
0 0 1 1 0 0 
1 0 0 0 0 1 
0 0 1 1 0 0 
1 0 0 0 0 1 
0 1 0 0 0 1 
0 0 1 1 0 0 
1 0 0 0 0 1 
0 1 0 0 0 1 
1 0 0 0 0 1 
0 1 0 0 0 1 
0 0 0 0 1 1 
1 0 1 0 0 0 
0 1 1 0 0 0 
0 0 1 1 0 0 
0 0 1 1 0 0 
1 0 0 0 0 1 
1 0 0 0 0 1 
0 0 1 0 0 1 
1 1 1 1 1 0 
;
TIMETABLE BEST: 
0.0 0.0 0.0 0.0 0.0 0.0 
14 14 0 0 0 0 
17 14 17 0 0 0 
17 17 17 0 0 0 
18 17 17 18 0 0 
18 18 17 18 0 0 
18 18 18 18 0 0 
24 18 18 18 24 0 
24 18 18 18 24 24 
24 24 18 18 24 24 
24 24 18 18 24 24 
24 24 24 18 24 24 
24 24 24 18 24 24 
24 24 24 24 24 24 
24 24 24 24 24 24 
24 24 24 24 24 24 
36 24 24 24 24 36 
36 36 24 24 24 36 
36 36 36 24 24 36 
36 36 36 36 24 36 
36 36 36 36 36 36 
36 36 45 36 36 45 
51 36 45 51 36 45 
51 51 45 51 36 45 
51 51 51 51 36 45 
51 51 51 51 51 45 
51 51 51 51 51 51 
51 51 62 62 51 51 
64 51 62 62 51 64 
64 64 62 62 51 64 
64 64 64 62 51 64 
64 64 64 64 51 64 
64 64 64 64 64 64 
64 64 64 64 73 73 
64 64 76 64 73 76 
79 64 76 79 73 76 
79 79 76 79 73 76 
79 79 79 79 73 76 
79 79 79 79 79 76 
79 79 79 79 79 79 
79 79 79 88 88 79 
90 79 79 88 88 90 
90 90 79 88 88 90 
90 90 90 88 88 90 
90 90 90 90 88 90 
90 90 90 90 90 90 
90 101 90 90 90 101 
90 101 102 102 90 101 
90 101 102 102 90 102 
108 101 102 108 90 102 
108 101 102 111 111 102 
111 101 102 111 111 102 
111 101 102 111 111 111 
121 101 121 111 111 111 
121 101 121 111 111 121 
125 101 121 125 111 121 
125 125 121 125 111 121 
125 125 125 125 111 121 
125 125 125 125 125 121 
125 125 125 125 125 125 
136 125 125 136 125 125 
136 125 136 136 125 125 
136 125 136 136 136 125 
136 125 136 136 136 136 
136 139 136 139 136 136 
148 139 136 139 136 148 
148 148 136 139 136 148 
148 148 148 139 136 148 
148 148 148 148 136 148 
148 148 148 148 148 148 
148 159 148 159 148 148 
148 159 159 159 148 159 
148 159 159 159 148 159 
148 159 159 163 163 159 
148 159 159 163 163 163 
166 159 159 166 163 163 
166 159 159 166 163 166 
166 170 159 170 163 166 
166 170 159 170 163 170 
176 170 176 170 163 170 
176 176 176 170 163 170 
176 176 176 176 163 170 
176 176 176 176 176 170 
176 176 176 176 176 176 
187 176 187 176 176 176 
187 176 187 187 176 176 
187 187 187 187 176 176 
187 187 187 187 176 176 
187 187 187 187 187 176 
187 187 187 187 187 187 
187 187 187 187 187 187 
196 187 196 187 187 187 
196 187 196 196 187 187 
196 199 199 196 187 187 
196 199 199 199 187 187 
196 199 199 199 187 199 
196 201 199 199 201 199 
196 201 201 199 201 199 
196 201 201 201 201 199 
196 201 211 201 201 211 
213 201 213 201 201 211 
213 213 213 201 201 211 
213 213 213 213 201 211 
213 213 213 213 213 211 
213 213 222 213 213 222 
226 213 222 226 213 222 
226 226 222 226 213 222 
226 226 226 226 213 222 
226 226 226 226 226 222 
226 226 226 226 226 226 
226 237 237 226 226 226 
226 237 237 237 226 226 
226 237 237 237 237 226 
226 237 237 237 237 237 
226 237 237 237 237 237 
240 237 240 237 237 237 
240 237 240 240 237 237 
240 237 248 240 237 248 
240 237 248 248 237 248 
240 249 249 248 237 248 
240 249 249 249 237 248 
240 249 250 249 250 248 
251 249 250 251 250 248 
260 249 250 260 250 248 
260 249 250 260 250 260 
260 261 250 260 250 261 
260 261 250 266 266 261 
270 261 270 266 266 261 
270 270 270 266 266 261 
270 270 270 270 266 261 
270 270 270 270 270 261 
270 270 270 270 270 270 
282 270 282 270 270 270 
282 270 282 270 270 282 
283 270 282 283 270 282 
283 283 283 283 270 282 
283 283 283 283 270 282 
283 283 283 283 283 282 
294 283 283 294 283 282 
294 283 283 294 283 294 
294 296 296 294 283 294 
294 296 296 296 283 294 
294 296 296 296 296 294 
303 296 296 303 296 294 
303 296 306 306 296 294 
303 296 306 306 306 294 
303 296 307 306 306 307 
303 296 307 307 306 307 
303 312 312 307 306 307 
303 312 312 312 306 307 
317 312 312 317 306 307 
317 312 320 317 320 307 
317 312 320 320 320 307 
317 325 325 320 320 307 
317 325 325 325 320 307 
317 327 325 325 320 327 
317 327 327 325 320 327 
317 327 327 325 327 327 
331 327 327 331 327 327 
331 337 337 331 327 327 
331 337 337 331 337 327 
331 337 337 331 337 337 
331 343 337 343 337 337 
331 343 343 343 337 337 
331 343 343 343 343 337 
331 343 343 343 343 343 
349 343 343 349 343 343 
349 343 353 353 343 343 
356 356 353 353 343 343 
356 356 353 353 356 343 
356 356 353 356 356 343 
356 356 353 356 356 356 
356 356 356 356 356 356 
356 356 356 356 356 356 
356 366 366 356 356 356 
356 366 366 356 366 356 
368 366 366 368 366 356 
368 366 368 368 366 356 
368 366 368 368 368 356 
376 366 368 368 368 376 
376 366 376 368 368 376 
376 379 376 379 368 376 
381 379 376 379 381 376 
381 379 376 381 381 376 
381 379 386 386 381 376 
381 390 386 390 381 376 
381 390 386 393 393 376 
396 390 396 393 393 376 
396 390 396 396 393 376 
396 390 396 396 396 376 
396 390 396 396 396 396 
403 403 396 396 396 396 
407 403 396 396 396 407 
408 403 396 396 408 407 
408 408 396 396 408 407 
408 408 396 408 408 407 
409 408 409 408 408 407 
409 408 409 408 408 409 
420 408 409 420 408 409 
420 420 409 420 408 409 
420 420 420 420 408 409 
420 420 420 420 420 409 
420 420 420 427 420 427 
420 420 420 432 432 427 
420 433 420 433 432 427 
420 433 433 433 432 427 
435 433 433 435 432 427 
435 433 433 435 435 427 
435 433 443 443 435 427 
447 433 443 443 447 427 
447 433 443 447 447 427 
454 454 443 447 447 427 
454 454 454 447 447 427 
454 454 454 447 447 427 
454 454 454 454 447 427 
454 454 454 454 454 427 
454 454 454 454 454 454 
454 454 454 454 454 454 
454 454 454 454 454 454 
454 454 454 454 454 454 
465 454 465 454 454 454 
465 465 465 454 454 454 
465 465 465 454 454 465 
465 465 465 465 454 465 
465 465 465 465 465 465 
465 465 465 465 465 465 
465 465 476 465 465 476 
465 477 476 477 465 476 
465 477 477 477 465 476 
480 480 477 477 465 476 
480 480 480 477 465 476 
487 480 480 477 487 476 
487 487 480 477 487 476 
487 487 487 477 487 476 
487 487 487 487 487 476 
487 487 487 487 487 487 
498 487 498 487 487 487 
498 487 498 498 487 487 
498 487 498 498 487 498 
498 487 498 498 498 498 
498 504 504 498 498 498 
498 504 504 498 504 498 
498 504 504 510 510 498 
498 504 511 510 510 511 
498 504 511 510 511 511 
513 504 511 510 513 511 
513 521 511 510 513 521 
513 522 522 510 513 521 
513 522 522 526 526 521 
528 528 522 526 526 521 
528 528 522 526 528 521 
528 532 532 526 528 521 
528 532 532 526 528 532 
543 543 532 526 528 532 
543 543 532 526 543 532 
543 543 544 544 543 532 
543 545 544 544 543 545 
543 545 554 554 543 545 
558 545 554 558 543 545 
558 561 554 558 561 545 
558 561 554 561 561 545 
558 561 565 565 561 545 
558 561 565 565 571 571 
558 561 576 576 571 571 
577 561 576 576 571 577 
577 561 586 586 571 577 
589 561 586 586 571 589 
589 589 586 586 571 589 
589 589 597 597 571 589 
600 589 597 597 571 600 
600 600 597 597 571 600 
609 600 597 597 571 609 
609 609 597 597 571 609 
609 609 597 597 609 609 
610 609 610 597 609 609 
610 610 610 597 609 609 
610 610 610 610 609 609 
610 610 621 621 609 609 
623 610 621 621 609 623 
637 610 621 621 609 637 
637 610 654 621 609 654 
673.0 681.0 706.0 713.0 671.0 654.0 
;
EXECUTION TIME HBSS: 3020.73998404 seconds 

-------------------------------------------------------------------
