DATFILE : bwopen0_4r_500.dat
ENVIRONMENT : bwopen
ALGORITHM : HBSS - TAU 3
RANGE : 500
STARTING_POS : 0
N_ROBOTS : 4
GREEDY SOLUTION : [ 3108.]
COMPUTATIONS D :
3070
3000
3240
3234
3338
2878
2884
3166
3092
2980
2938
2754
3112
3228
2874
3312
2994
3048
3022
2872
3388
3062
3036
3176
3048
3142
3216
3034
3394
2954
3216
3106
3006
2880
3006
3042
3122
3172
3262
3012
3000
3198
2946
3268
3120
3424
2944
3076
2798
3130
3126
2856
2960
2798
3018
3060
3100
3272
3302
3196
3186
3140
3094
3288
2944
3024
2976
2754
2828
3444
3228
3214
3174
3304
3070
3032
3084
3066
3028
2934
3146
2756
3158
3260
3180
2932
3346
3196
2868
3260
3000
3136
3198
3046
3094
2948
3214
3270
3126
3088
3228
3082
3212
3004
3074
2976
3154
2890
2932
3064
3046
2988
3040
3048
3292
2990
2926
2970
3022
3030
3252
3032
3016
3320
3102
3122
2990
2944
3104
2884
2766
3138
3366
2874
3098
3230
2950
2858
3150
3018
3006
2994
2930
2926
2918
2812
2988
3234
3158
3046
3132
3016
3154
3234
3232
2958
2938
3158
3274
2946
3128
3218
3060
3046
2882
3242
3006
2920
3318
3072
2992
2982
2934
2866
2856
3246
3218
2960
2852
3186
3180
2846
3030
3060
2962
3112
3316
2996
3086
2936
3296
3182
3222
3092
3326
3216
3100
3112
2894
2980
;
HBBS sumD : 2754
BEST_CONFIGURATIONS : 
0 0 0 0 
0 4 0 0 
0 4 26 0 
0 4 26 1 
0 22 26 1 
0 22 5 1 
26 22 5 1 
26 22 5 1 
26 22 5 1 
26 22 5 1 
26 22 5 1 
4 22 5 1 
4 22 5 1 
4 22 5 1 
4 22 5 1 
4 22 5 27 
4 22 5 27 
4 22 5 27 
4 8 5 27 
4 8 5 27 
4 8 5 27 
4 8 26 27 
4 8 26 27 
4 8 26 27 
0 8 26 27 
0 8 26 9 
0 8 26 9 
0 8 22 9 
0 8 22 9 
0 8 22 9 
0 13 22 9 
0 13 22 9 
0 13 22 9 
0 13 22 9 
0 17 22 9 
0 17 22 10 
0 17 22 10 
0 17 22 10 
4 17 22 10 
4 17 22 10 
4 17 26 10 
4 17 5 10 
4 17 5 10 
4 17 5 10 
4 13 5 10 
4 13 5 15 
4 13 5 15 
26 13 5 15 
26 13 5 15 
26 13 5 15 
26 13 5 15 
26 13 5 10 
26 25 5 10 
26 25 5 10 
26 25 14 10 
4 25 14 10 
4 25 14 10 
4 25 14 24 
4 25 14 24 
22 25 14 24 
22 25 14 24 
22 25 14 24 
22 25 14 24 
22 25 14 24 
8 25 14 24 
8 25 18 24 
8 17 18 24 
8 17 18 24 
8 17 18 24 
8 17 18 24 
8 17 18 24 
8 13 18 24 
8 13 18 24 
8 13 18 6 
8 13 18 6 
8 13 18 6 
8 13 18 6 
8 13 14 6 
22 13 14 6 
22 13 14 6 
22 13 14 6 
5 13 14 6 
5 25 14 6 
5 25 14 21 
5 25 14 21 
5 25 14 21 
5 17 14 21 
5 17 9 21 
5 17 9 21 
1 17 9 21 
1 17 9 21 
1 17 9 3 
1 17 9 3 
1 17 9 3 
1 17 10 3 
1 13 10 3 
1 13 10 3 
27 13 10 3 
27 13 10 3 
27 13 15 3 
27 13 15 3 
27 13 15 21 
27 13 15 21 
27 17 15 21 
27 17 15 21 
27 17 15 6 
27 17 15 6 
27 17 15 6 
27 25 15 6 
27 25 15 6 
27 25 10 6 
27 25 10 6 
27 25 10 24 
27 18 10 24 
27 18 10 24 
27 18 9 24 
1 18 9 24 
1 18 9 24 
1 18 9 24 
1 18 9 6 
1 18 9 6 
1 14 9 6 
1 14 9 11 
1 14 27 11 
1 15 27 11 
27 15 27 11 
9 15 27 11 
9 15 27 11 
9 15 27 11 
9 10 27 11 
14 10 27 11 
14 10 2 11 
14 10 2 11 
14 24 2 11 
18 24 2 11 
18 24 2 24 
18 24 2 6 
18 10 2 6 
14 10 2 6 
14 10 2 21 
14 15 2 21 
14 15 2 3 
9 15 2 3 
9 15 24 3 
9 15 24 3 
9 15 10 3 
9 18 10 3 
9 18 10 3 
9 18 10 7 
14 18 10 7 
14 18 15 7 
14 18 15 7 
14 18 15 7 
14 18 15 7 
14 18 15 12 
14 19 15 12 
14 19 19 12 
18 19 19 12 
18 19 19 12 
18 19 20 12 
18 19 20 12 
25 19 20 12 
25 19 20 12 
25 19 20 16 
25 19 20 16 
25 19 20 16 
25 19 23 16 
17 19 23 16 
17 19 23 16 
13 19 23 16 
13 20 23 16 
13 20 23 12 
13 20 16 12 
13 20 16 7 
13 23 16 7 
13 23 16 7 
13 23 16 21 
18 23 16 21 
18 23 16 21 
18 23 11 21 
18 20 11 21 
18 20 11 21 
18 20 11 3 
14 20 11 3 
14 19 11 3 
14 19 6 3 
14 19 6 21 
9 19 6 21 
9 19 6 7 
9 20 6 7 
9 20 6 7 
9 23 6 7 
9 23 6 7 
9 16 6 7 
9 16 6 7 
9 16 6 7 
9 16 6 7 
9 12 6 7 
9 12 6 7 
24 12 6 7 
24 12 6 21 
24 12 21 21 
24 12 21 21 
24 12 21 21 
24 12 3 21 
24 16 3 21 
24 16 3 21 
24 16 3 21 
24 16 3 7 
6 16 3 7 
6 16 3 7 
6 23 3 7 
6 23 21 7 
24 23 21 7 
24 23 11 7 
24 12 11 7 
24 12 11 21 
10 12 11 21 
10 12 11 21 
10 12 11 3 
10 16 11 3 
10 16 11 3 
10 16 11 6 
10 12 11 6 
10 12 19 6 
10 23 19 6 
10 23 20 6 
15 23 20 6 
15 23 20 6 
15 16 20 6 
14 16 20 24 
14 16 23 24 
14 16 23 9 
14 16 23 9 
25 16 23 9 
25 12 23 9 
25 12 23 11 
8 12 19 11 
22 12 19 11 
22 12 19 11 
5 12 19 11 
5 12 19 24 
27 12 19 24 
27 12 20 24 
27 7 20 24 
27 7 20 24 
27 7 20 2 
27 7 19 2 
27 7 19 2 
27 12 19 2 
27 12 19 2 
1 12 19 2 
1 12 25 2 
0 12 25 2 
0 12 8 2 
0 12 8 6 
0 12 8 24 
26 11 8 24 
5 11 8 24 
5 10 8 24 
5 10 8 24 
5 15 8 24 
5 15 26 24 
5 15 26 2 
5 15 26 2 
22 15 26 2 
22 15 26 2 
22 15 4 2 
22 18 4 2 
22 18 4 2 
22 18 4 6 
26 18 4 6 
5 18 4 6 
5 18 26 6 
5 14 0 6 
4 9 0 6 
8 9 0 1 
8 25 0 0 
13 25 0 0 
17 25 0 0 
17 13 0 0 
0 0 0 0 
;
ROBOT MOVING BEST:
0 0 0 0 
1 1 0 0 
1 0 1 0 
1 0 0 1 
1 1 0 0 
1 0 1 0 
1 0 0 1 
1 1 0 0 
1 0 1 0 
0 1 0 1 
0 0 1 1 
1 0 0 1 
0 1 1 0 
1 1 0 0 
1 0 1 0 
0 1 0 1 
0 0 1 1 
1 0 0 1 
0 1 1 0 
1 1 0 0 
0 1 0 1 
1 0 1 0 
0 0 1 1 
0 1 1 0 
1 0 0 1 
0 0 1 1 
1 1 0 0 
0 1 1 0 
0 1 0 1 
1 0 0 1 
1 1 0 0 
0 0 1 1 
0 1 1 0 
0 1 0 1 
1 1 0 0 
1 0 0 1 
0 1 1 0 
0 0 1 1 
1 1 0 0 
1 0 0 1 
0 1 1 0 
0 1 1 0 
0 1 0 1 
0 0 1 1 
1 1 0 0 
1 0 0 1 
0 1 1 0 
1 1 0 0 
1 0 0 1 
0 0 1 1 
0 1 0 1 
1 0 0 1 
0 1 1 0 
1 1 0 0 
1 0 1 0 
1 1 0 0 
0 1 0 1 
1 0 0 1 
1 0 1 0 
1 1 0 0 
0 1 1 0 
0 1 0 1 
1 0 1 0 
1 0 0 1 
1 1 0 0 
0 1 1 0 
0 1 0 1 
1 0 0 1 
1 1 0 0 
0 0 1 1 
0 1 1 0 
0 1 0 1 
1 0 1 0 
1 0 0 1 
1 1 0 0 
0 1 1 0 
0 0 1 1 
1 0 1 0 
1 0 0 1 
0 1 1 0 
0 0 1 1 
1 0 0 1 
0 1 0 1 
0 0 1 1 
1 0 1 0 
1 0 0 1 
0 1 1 0 
0 0 1 1 
1 0 1 0 
1 0 0 1 
0 1 1 0 
0 0 1 1 
1 0 1 0 
1 0 0 1 
0 0 1 1 
1 1 0 0 
1 0 1 0 
1 0 0 1 
0 1 1 0 
0 0 1 1 
1 1 0 0 
1 0 0 1 
0 0 1 1 
1 1 0 0 
0 1 1 0 
1 0 0 1 
0 0 1 1 
1 0 1 0 
1 1 0 0 
0 1 1 0 
0 0 1 1 
1 0 1 0 
1 0 0 1 
1 1 0 0 
0 0 1 1 
1 0 1 0 
1 0 0 1 
1 1 0 0 
0 0 1 1 
1 0 0 1 
0 1 1 0 
1 1 0 0 
1 0 0 1 
1 0 1 0 
1 1 0 0 
1 0 0 1 
1 0 0 1 
0 1 0 1 
1 1 0 0 
0 1 0 1 
1 0 1 0 
0 0 1 1 
1 0 0 1 
0 1 0 1 
1 0 0 1 
0 0 1 1 
0 0 1 1 
0 1 1 0 
1 0 1 0 
0 0 1 1 
0 1 1 0 
0 0 1 1 
1 0 1 0 
0 1 1 0 
0 0 1 1 
0 1 1 0 
0 1 1 0 
1 0 1 0 
0 0 1 1 
1 0 1 0 
0 1 1 0 
0 0 1 1 
1 0 1 0 
1 1 0 0 
0 0 1 1 
0 1 1 0 
1 0 1 0 
1 0 1 0 
0 0 1 1 
1 0 1 0 
0 0 1 1 
1 1 0 0 
0 1 1 0 
0 1 0 1 
1 0 1 0 
0 0 1 1 
0 1 1 0 
1 1 0 0 
0 0 1 1 
1 1 0 0 
0 1 1 0 
0 0 1 1 
0 0 1 1 
0 1 0 1 
0 1 0 1 
0 0 1 1 
0 1 0 1 
1 1 0 0 
0 0 1 1 
0 1 1 0 
0 1 0 1 
0 1 1 0 
0 1 0 1 
1 1 0 0 
0 1 1 0 
0 1 1 0 
0 1 0 1 
1 1 0 0 
0 1 0 1 
1 1 0 0 
0 1 1 0 
0 1 1 0 
1 1 0 0 
0 1 1 0 
1 0 1 0 
0 0 1 1 
1 1 0 0 
0 1 1 0 
1 0 0 1 
1 0 1 0 
0 0 1 1 
0 1 1 0 
1 0 1 0 
1 1 0 0 
0 1 1 0 
0 1 1 0 
0 0 1 1 
1 1 0 0 
1 0 0 1 
1 0 1 0 
0 0 1 1 
0 1 1 0 
0 0 1 1 
1 1 0 0 
0 0 1 1 
0 1 0 1 
0 0 1 1 
1 0 0 1 
0 1 1 0 
0 0 1 1 
0 1 1 0 
1 1 0 0 
0 0 1 1 
1 1 0 0 
1 0 1 0 
1 1 0 0 
1 0 1 0 
1 0 1 0 
1 1 0 0 
1 1 0 0 
1 0 0 1 
1 0 1 0 
1 0 0 1 
1 1 0 0 
1 0 0 1 
0 1 0 1 
1 0 0 1 
1 0 1 0 
1 0 1 0 
1 0 0 1 
1 0 1 0 
0 0 1 1 
1 1 0 0 
0 0 1 1 
1 1 0 0 
1 0 1 0 
0 1 0 1 
1 0 1 0 
0 0 1 1 
0 1 0 1 
1 0 0 1 
1 0 0 1 
1 0 1 0 
1 0 0 1 
0 0 1 1 
1 0 0 1 
1 0 0 1 
1 1 0 0 
1 1 0 0 
0 1 1 0 
1 0 0 1 
0 1 1 0 
0 0 1 1 
1 0 0 1 
0 0 1 1 
1 1 0 0 
1 0 0 1 
0 0 1 1 
0 1 1 0 
1 1 0 0 
0 0 1 1 
1 1 0 0 
1 1 0 0 
0 0 1 1 
0 1 1 0 
1 1 0 0 
1 0 0 1 
0 1 0 1 
1 1 0 0 
1 1 0 0 
1 1 0 0 
1 1 0 0 
;
TIMETABLE BEST: 
0.0 0.0 0.0 0.0 
0 14 0 0 
0 14 17 0 
0 14 17 18 
0 26 17 18 
0 26 26 18 
17 26 26 18 
17 26 26 18 
17 26 26 18 
17 26 26 18 
17 26 26 18 
28 26 26 18 
28 26 26 18 
28 26 26 18 
28 26 26 18 
28 26 26 33 
28 26 26 33 
28 26 26 33 
28 38 26 33 
28 38 26 33 
28 38 26 33 
28 38 35 33 
28 38 35 33 
28 38 35 33 
42 38 35 33 
42 38 35 48 
42 38 35 48 
42 38 46 48 
42 38 46 48 
42 38 46 48 
42 51 46 48 
42 51 46 48 
42 51 46 48 
42 51 46 48 
42 62 46 48 
42 62 46 62 
42 62 46 62 
42 62 46 62 
56 62 46 62 
56 62 46 62 
56 62 57 62 
56 62 66 62 
56 62 66 62 
56 62 66 62 
56 73 66 62 
56 73 66 73 
56 73 66 73 
67 73 66 73 
67 73 66 73 
67 73 66 73 
67 73 66 73 
67 73 66 84 
67 86 66 84 
67 86 66 84 
67 86 96 84 
78 86 96 84 
78 86 96 84 
78 86 96 97 
78 86 96 97 
90 86 96 97 
90 86 96 97 
90 86 96 97 
90 86 96 97 
90 86 96 97 
102 86 96 97 
102 86 107 97 
102 98 107 97 
102 98 107 97 
102 98 107 97 
102 98 107 97 
102 98 107 97 
102 109 107 97 
102 109 107 97 
102 109 107 110 
102 109 107 110 
102 109 107 110 
102 109 107 110 
102 109 118 110 
114 109 118 110 
114 109 118 110 
114 109 118 110 
126 109 118 110 
126 122 118 110 
126 122 118 122 
126 122 118 122 
126 122 118 122 
126 134 118 122 
126 134 134 122 
126 134 134 122 
144 134 134 122 
144 134 134 122 
144 134 134 134 
144 134 134 134 
144 134 134 134 
144 134 148 134 
144 145 148 134 
144 145 148 134 
159 145 148 134 
159 145 148 134 
159 145 159 134 
159 145 159 134 
159 145 159 146 
159 145 159 146 
159 156 159 146 
159 156 159 146 
159 156 159 158 
159 156 159 158 
159 156 159 158 
159 168 159 158 
159 168 159 158 
159 168 170 158 
159 168 170 158 
159 168 170 171 
159 181 170 171 
159 181 170 171 
159 181 184 171 
174 181 184 171 
174 181 184 171 
174 181 184 171 
174 181 184 184 
174 181 184 184 
174 192 184 184 
174 192 184 201 
174 192 199 201 
174 205 199 201 
189 205 199 201 
204 205 199 201 
204 205 199 201 
204 205 199 201 
204 216 199 201 
220 216 199 201 
220 216 218 201 
220 216 218 201 
220 229 218 201 
231 229 218 201 
231 229 218 219 
231 229 218 232 
231 242 218 232 
242 242 218 232 
242 242 218 244 
242 253 218 244 
242 253 218 256 
258 253 218 256 
258 253 237 256 
258 253 237 256 
258 253 250 256 
258 271 250 256 
258 271 250 256 
258 271 250 272 
274 271 250 272 
274 271 261 272 
274 271 261 272 
274 271 261 272 
274 271 261 272 
274 271 261 290 
274 291 261 290 
274 291 285 290 
285 291 285 290 
285 291 285 290 
285 291 298 290 
285 291 298 290 
298 291 298 290 
298 291 298 290 
298 291 298 301 
298 291 298 301 
298 291 298 301 
298 291 308 301 
310 291 308 301 
310 291 308 301 
321 291 308 301 
321 304 308 301 
321 304 308 312 
321 304 319 312 
321 304 319 330 
321 314 319 330 
321 314 319 330 
321 314 319 342 
347 314 319 342 
347 314 319 342 
347 314 349 342 
347 324 349 342 
347 324 349 342 
347 324 349 354 
358 324 349 354 
358 337 349 354 
358 337 366 354 
358 337 366 366 
374 337 366 366 
374 337 366 378 
374 350 366 378 
374 350 366 378 
374 360 366 378 
374 360 366 378 
374 371 366 378 
374 371 366 378 
374 371 366 378 
374 371 366 378 
374 382 366 378 
374 382 366 378 
389 382 366 378 
389 382 366 390 
389 382 378 390 
389 382 378 390 
389 382 378 390 
389 382 390 390 
389 393 390 390 
389 393 390 390 
389 393 390 390 
389 393 390 402 
402 393 390 402 
402 393 390 402 
402 404 390 402 
402 404 402 402 
415 404 402 402 
415 404 421 402 
415 426 421 402 
415 426 421 414 
428 426 421 414 
428 426 421 414 
428 426 421 426 
428 437 421 426 
428 437 421 426 
428 437 421 450 
428 448 421 450 
428 448 451 450 
428 470 451 450 
428 470 464 450 
439 470 464 450 
439 470 464 450 
439 481 464 450 
452 481 464 463 
452 481 474 463 
452 481 474 478 
452 481 474 478 
468 481 474 478 
468 492 474 478 
468 492 474 503 
494 492 497 503 
506 492 497 503 
506 492 497 503 
518 492 497 503 
518 492 497 521 
539 492 497 521 
539 492 510 521 
539 510 510 521 
539 510 510 521 
539 510 510 540 
539 510 523 540 
539 510 523 540 
539 528 523 540 
539 528 523 540 
554 528 523 540 
554 528 556 540 
572 528 556 540 
572 528 582 540 
572 528 582 558 
572 528 582 571 
589 555 582 571 
598 555 582 571 
598 576 582 571 
598 576 582 571 
598 587 582 571 
598 587 605 571 
598 587 605 590 
598 587 605 590 
610 587 605 590 
610 587 605 590 
610 587 616 590 
610 605 616 590 
610 605 616 590 
610 605 616 608 
621 605 616 608 
630 605 616 608 
630 605 627 608 
630 616 644 608 
644 632 644 608 
658 632 644 644 
658 664 644 662 
671 664 644 662 
682 664 644 662 
682 677 644 662 
732.0 716.0 644.0 662.0 
;
EXECUTION TIME HBSS: 1232.98898387 seconds 

-------------------------------------------------------------------
