DATFILE : bwopen0_6r_500.dat
ENVIRONMENT : bwopen
ALGORITHM : HBSS - TAU 2
RANGE : 500
STARTING_POS : 0
N_ROBOTS : 6
GREEDY SOLUTION : [ 2274.]
COMPUTATIONS D :
2754
2936
3112
2614
3230
2804
2810
2600
3018
2894
2938
2920
3066
2976
2838
2622
2904
3042
2946
2894
3418
2786
2842
2824
2588
2948
2862
3012
2440
2808
2814
2950
2904
2942
2844
3090
2804
2660
2924
2550
2812
3022
2710
2776
2940
2896
2842
2884
2844
2706
2944
2874
2784
2732
2976
2842
3218
2724
2888
2558
2784
2596
3160
2852
2660
2932
2814
2986
3056
2926
2844
3264
2876
2690
3068
2844
2632
2650
2762
2804
3052
2574
2648
2746
3058
2702
2904
2972
3096
2702
2898
3100
2816
2832
3030
2834
3046
2926
2346
2894
2844
3038
2918
2642
2810
3230
2796
2920
2974
2924
3344
3066
2840
3042
2776
3056
2856
3342
3152
2852
2806
3068
2546
2754
3010
2824
2742
2864
2778
3046
2538
2670
2814
2806
3002
2974
2612
2662
2448
2774
2710
2638
2852
3076
2884
2710
2348
2950
2660
3164
2678
2992
3052
3208
3054
3012
3060
2752
2822
2970
3102
3056
2876
2558
2982
2862
2910
2876
2818
2826
3118
2948
2944
2922
2942
2826
2940
2844
2662
3092
2930
3012
2860
2612
2768
2880
2832
2588
2618
2908
2942
2952
2924
2834
2812
2914
2702
2972
2792
2878
;
HBBS sumD : 2346
BEST_CONFIGURATIONS : 
0 0 0 0 0 0 
0 0 4 0 0 0 
0 26 4 0 0 0 
0 26 4 1 0 0 
0 26 4 1 0 22 
0 26 4 1 5 22 
0 26 4 1 5 22 
0 26 8 1 5 22 
4 26 8 1 5 22 
4 26 8 1 5 22 
4 26 8 1 5 22 
4 26 8 1 5 22 
4 26 8 1 5 22 
22 26 8 1 5 22 
22 26 8 1 5 22 
22 26 8 1 5 22 
22 26 8 1 5 22 
22 26 8 1 5 22 
22 26 8 1 5 22 
22 26 8 27 5 22 
22 26 8 27 5 22 
22 5 8 27 5 22 
22 5 8 27 5 22 
22 5 8 27 5 22 
22 5 8 27 5 22 
22 5 8 27 5 4 
22 5 13 27 5 4 
9 5 13 27 5 4 
9 5 13 27 5 4 
9 5 13 27 5 4 
9 5 13 27 5 4 
9 5 13 27 26 4 
9 1 13 27 26 4 
9 1 13 9 26 4 
9 1 17 9 26 4 
9 1 17 9 26 4 
9 1 17 9 22 4 
9 1 17 9 22 4 
9 1 17 9 22 4 
9 1 17 9 22 4 
9 1 17 9 22 0 
9 1 17 9 22 0 
9 1 17 9 22 0 
9 1 25 9 22 0 
9 1 25 9 8 0 
9 1 25 10 8 0 
9 1 25 10 8 0 
24 1 25 10 8 0 
24 1 25 10 8 0 
24 27 25 10 8 0 
24 27 25 9 8 0 
24 27 25 9 8 0 
24 27 25 9 13 0 
24 27 25 9 13 0 
24 27 25 9 13 0 
24 27 25 9 13 0 
6 27 25 9 13 0 
6 2 25 9 13 0 
6 2 25 9 13 4 
6 2 25 9 13 4 
6 2 25 9 13 26 
6 2 25 9 13 26 
6 2 25 9 13 26 
6 2 25 9 17 26 
6 2 25 9 17 5 
6 2 25 9 17 5 
6 2 13 9 17 5 
6 2 13 9 17 5 
6 2 13 9 17 5 
6 2 13 9 17 5 
6 2 13 9 17 5 
6 2 13 9 17 5 
6 2 13 9 17 5 
21 2 13 9 17 5 
21 2 13 10 17 5 
21 2 13 10 17 5 
21 2 8 10 17 5 
21 2 8 10 17 5 
21 2 8 10 17 22 
21 24 8 10 17 22 
21 24 8 10 17 22 
21 24 8 10 17 22 
21 24 8 10 17 22 
21 24 8 10 13 22 
21 24 8 10 13 22 
21 24 8 10 13 22 
21 24 8 10 13 22 
21 24 8 10 13 22 
21 24 8 15 13 22 
21 24 8 15 13 22 
21 24 8 15 13 22 
21 24 8 15 13 22 
21 24 8 15 13 22 
21 24 8 15 25 22 
6 24 8 15 25 22 
6 24 8 15 25 22 
6 24 8 15 25 22 
6 24 8 15 25 22 
6 24 8 15 25 22 
6 24 8 15 25 22 
6 24 8 15 25 22 
6 24 8 15 25 22 
6 24 8 15 25 26 
6 24 4 15 25 26 
6 24 4 15 25 26 
6 10 4 15 25 26 
6 10 4 15 25 26 
6 10 4 15 25 26 
6 10 4 15 25 26 
6 10 4 15 25 26 
6 10 4 15 25 26 
6 10 4 15 25 26 
6 10 4 15 25 26 
6 10 4 14 25 26 
6 10 4 14 25 26 
6 10 4 14 25 26 
6 10 4 14 25 26 
6 10 4 14 25 26 
6 10 4 14 18 26 
6 10 4 14 18 26 
2 10 4 14 18 26 
2 10 4 14 18 26 
2 10 0 14 18 26 
2 10 0 14 18 26 
2 10 0 14 18 26 
2 10 0 14 18 5 
2 10 0 14 18 5 
2 10 0 14 18 5 
2 10 0 14 18 5 
2 10 0 14 18 5 
2 10 0 14 18 5 
2 15 0 14 18 5 
2 15 0 14 18 5 
2 15 0 14 18 5 
2 15 0 14 18 22 
2 15 0 14 18 22 
2 15 0 9 18 22 
2 15 0 9 18 22 
2 15 0 9 17 22 
2 15 1 9 17 22 
2 15 1 9 17 22 
2 15 1 9 17 22 
27 15 1 9 17 22 
27 10 1 9 17 22 
27 10 1 9 17 22 
27 10 1 27 17 22 
27 11 1 27 17 22 
27 11 1 27 17 22 
27 11 1 27 13 22 
27 11 1 27 13 22 
27 11 1 27 13 5 
27 11 2 27 13 5 
27 11 2 27 13 5 
24 11 2 27 13 5 
24 11 2 27 13 26 
24 11 2 9 13 26 
24 11 2 9 13 26 
24 11 2 9 25 26 
24 11 2 9 25 26 
24 11 2 9 18 26 
24 11 2 9 18 26 
24 11 6 9 18 26 
24 11 6 10 18 26 
24 21 6 10 18 5 
24 21 6 10 18 5 
24 21 6 10 18 5 
24 21 6 10 19 5 
24 21 6 10 19 1 
24 3 6 10 19 1 
24 3 6 10 19 1 
24 3 6 14 19 1 
24 3 6 14 19 1 
6 3 6 14 19 27 
6 3 21 14 19 27 
6 3 21 14 19 27 
6 3 21 14 19 27 
6 3 21 14 19 27 
6 3 7 14 19 27 
11 21 7 14 19 27 
11 21 7 14 19 27 
11 21 7 14 19 27 
11 21 7 14 19 27 
11 21 7 14 19 27 
11 21 7 14 19 2 
11 21 7 14 19 2 
11 21 7 14 19 2 
11 21 7 14 19 2 
11 21 7 14 19 2 
11 21 7 18 19 2 
11 21 7 18 19 2 
11 21 7 18 20 2 
6 21 12 18 20 2 
6 21 12 18 20 2 
6 21 12 18 20 2 
6 21 12 18 23 2 
6 3 12 18 23 2 
6 3 12 18 23 2 
6 3 12 18 23 2 
6 3 12 18 23 2 
6 3 12 18 23 2 
6 3 12 18 23 2 
6 3 12 18 23 2 
6 3 12 15 23 2 
6 3 12 15 20 2 
6 7 12 15 20 2 
6 7 12 15 20 2 
6 7 16 15 20 2 
6 7 16 15 20 2 
6 7 16 15 20 2 
6 7 16 15 20 2 
6 7 16 15 23 2 
6 7 16 15 23 2 
24 7 16 15 23 2 
24 7 16 15 23 2 
24 7 16 15 23 2 
24 7 16 10 23 2 
24 7 16 10 23 3 
9 7 16 10 23 3 
9 7 16 10 23 3 
9 7 16 10 23 3 
9 7 16 10 23 3 
9 7 16 10 23 3 
9 7 12 10 23 3 
9 7 12 10 23 3 
9 7 12 10 23 3 
9 21 12 10 23 3 
9 21 12 10 23 3 
9 21 12 10 23 3 
9 21 12 10 23 3 
9 21 12 24 23 3 
9 21 12 24 16 3 
9 21 12 24 16 3 
9 21 12 11 16 3 
9 21 12 11 16 3 
9 21 12 11 16 3 
9 21 12 11 16 3 
14 21 12 11 16 3 
14 21 12 11 16 3 
14 11 12 11 16 3 
14 11 12 11 16 3 
14 11 12 11 20 3 
15 11 12 11 20 3 
15 11 12 11 20 27 
15 11 23 11 20 27 
15 11 23 11 20 27 
15 11 23 11 20 27 
15 24 23 11 20 27 
15 24 16 11 20 27 
15 24 16 11 19 27 
15 24 16 7 19 27 
15 24 16 7 19 27 
18 24 16 7 19 27 
18 24 12 7 19 27 
18 24 12 7 20 27 
18 24 12 7 20 9 
14 24 12 7 20 9 
14 10 12 7 20 9 
14 10 12 7 19 9 
14 10 12 7 19 9 
14 10 23 7 19 9 
14 10 23 21 19 27 
14 10 23 21 19 1 
14 10 20 21 19 1 
14 10 20 21 19 1 
14 13 20 21 19 1 
18 13 20 21 19 1 
18 13 20 21 19 1 
25 13 20 21 19 1 
25 13 23 21 19 1 
17 13 23 21 19 1 
17 13 23 3 19 1 
17 13 23 3 19 5 
17 22 23 3 19 5 
17 22 23 3 18 5 
17 8 23 3 18 5 
17 8 23 3 14 5 
25 8 20 3 14 5 
25 8 20 3 14 5 
25 8 20 3 18 5 
25 8 19 3 18 5 
13 8 19 3 18 5 
0 0 0 0 0 0 
;
ROBOT MOVING BEST:
0 0 0 0 0 0 
1 0 1 0 0 0 
1 1 0 0 0 0 
1 0 0 1 0 0 
0 0 0 0 1 1 
1 0 0 0 1 0 
0 1 0 1 0 0 
1 0 1 0 0 0 
1 1 0 0 0 0 
1 0 0 1 0 0 
1 0 0 0 1 0 
1 0 0 0 0 1 
0 1 0 0 1 0 
1 1 0 0 0 0 
0 0 0 1 1 0 
1 0 0 1 0 0 
0 1 1 0 0 0 
0 0 1 1 0 0 
0 0 0 0 1 1 
0 1 0 1 0 0 
0 0 1 0 1 0 
0 1 0 1 0 0 
0 0 1 0 0 1 
0 0 0 1 0 1 
0 0 1 1 0 0 
0 0 1 0 0 1 
0 0 1 0 1 0 
1 0 0 0 1 0 
0 0 0 1 0 1 
0 0 1 1 0 0 
0 0 1 0 0 1 
0 0 1 0 1 0 
0 1 0 1 0 0 
0 0 0 1 1 0 
0 0 1 0 1 0 
0 0 0 1 0 1 
0 0 0 1 1 0 
0 1 0 1 0 0 
0 0 1 0 0 1 
0 0 1 0 1 0 
0 0 0 1 0 1 
0 0 1 1 0 0 
0 0 1 0 0 1 
0 0 1 0 1 0 
0 0 0 1 1 0 
0 1 0 1 0 0 
0 1 1 0 0 0 
1 1 0 0 0 0 
0 0 0 1 0 1 
0 1 0 0 0 1 
0 1 0 1 0 0 
0 0 1 0 0 1 
0 0 0 0 1 1 
0 1 1 0 0 0 
1 1 0 0 0 0 
1 0 0 0 0 1 
1 0 0 0 0 1 
0 1 0 0 0 1 
0 0 1 0 0 1 
0 0 1 0 1 0 
0 0 1 0 0 1 
0 0 1 1 0 0 
1 0 1 0 0 0 
0 0 1 0 1 0 
0 0 1 0 0 1 
0 1 0 1 0 0 
0 0 1 1 0 0 
1 0 0 1 0 0 
0 1 0 0 0 1 
1 1 0 0 0 0 
0 0 0 0 1 1 
0 0 1 0 1 0 
1 0 0 0 0 1 
1 1 0 0 0 0 
0 0 1 1 0 0 
0 1 0 1 0 0 
0 1 1 0 0 0 
0 0 1 0 1 0 
0 1 0 0 0 1 
0 1 0 0 1 0 
0 0 0 1 1 0 
1 0 0 1 0 0 
0 0 1 1 0 0 
0 0 1 0 1 0 
0 0 0 1 0 1 
0 1 0 1 0 0 
1 1 0 0 0 0 
0 0 0 0 1 1 
1 0 0 1 0 0 
0 0 0 1 1 0 
0 1 1 0 0 0 
0 1 0 0 1 0 
0 0 1 1 0 0 
0 0 1 0 1 0 
1 0 1 0 0 0 
0 1 0 0 0 1 
0 0 0 1 0 1 
1 0 0 1 0 0 
1 0 0 0 0 1 
0 1 0 1 0 0 
1 1 0 0 0 0 
0 1 0 0 1 0 
0 1 0 0 0 1 
0 1 1 0 0 0 
0 0 1 1 0 0 
0 1 0 1 0 0 
0 0 0 1 1 0 
1 0 1 0 0 0 
1 0 0 0 0 1 
0 0 0 1 0 1 
1 1 0 0 0 0 
0 1 1 0 0 0 
0 1 0 0 1 0 
1 0 0 1 0 0 
0 1 0 0 0 1 
0 0 1 1 0 0 
0 0 0 1 1 0 
0 0 0 1 0 1 
1 0 0 0 1 0 
0 0 1 0 1 0 
1 0 1 0 0 0 
0 0 0 0 1 1 
0 0 1 1 0 0 
0 1 0 1 0 0 
1 0 0 0 0 1 
0 1 0 0 0 1 
0 1 0 0 1 0 
0 0 0 1 0 1 
0 0 0 1 1 0 
0 0 0 0 1 1 
1 0 0 1 0 0 
0 1 0 1 0 0 
0 1 0 0 0 1 
1 1 0 0 0 0 
0 0 0 1 0 1 
0 1 0 0 1 0 
0 0 0 1 1 0 
0 0 0 0 1 1 
0 1 0 0 1 0 
0 1 1 0 0 0 
0 1 0 1 0 0 
1 0 1 0 0 0 
1 1 0 0 0 0 
0 1 0 1 0 0 
1 1 0 0 0 0 
0 0 0 1 1 0 
0 1 0 0 0 1 
0 1 1 0 0 0 
0 0 1 0 1 0 
1 1 0 0 0 0 
0 1 0 0 0 1 
1 0 1 0 0 0 
0 1 1 0 0 0 
1 0 0 0 0 1 
0 1 0 0 0 1 
0 1 0 1 0 0 
1 0 1 0 0 0 
0 1 0 0 1 0 
1 1 0 0 0 0 
0 1 0 0 1 0 
1 0 0 1 0 0 
0 1 1 0 0 0 
0 1 0 1 0 0 
0 1 0 0 0 1 
1 0 0 0 1 0 
0 1 1 0 0 0 
1 0 0 0 1 0 
0 1 0 0 0 1 
1 1 0 0 0 0 
0 0 1 0 0 1 
1 0 0 1 0 0 
0 1 1 0 0 0 
1 0 0 0 0 1 
0 1 1 0 0 0 
1 0 0 0 1 0 
0 1 0 0 0 1 
0 0 1 0 1 0 
1 0 1 0 0 0 
1 1 0 0 0 0 
0 0 0 1 0 1 
0 0 0 0 1 1 
0 0 0 1 1 0 
1 0 0 0 1 0 
0 0 0 0 1 1 
0 1 0 1 0 0 
1 0 0 1 0 0 
0 0 1 0 1 0 
1 0 1 0 0 0 
0 0 0 1 1 0 
0 1 1 0 0 0 
1 0 0 0 1 0 
1 0 1 0 0 0 
0 1 0 0 1 0 
0 0 0 1 1 0 
0 1 0 0 1 0 
0 1 0 0 0 1 
0 1 1 0 0 0 
0 0 0 1 1 0 
0 1 0 0 1 0 
1 0 0 0 1 0 
0 0 1 0 1 0 
0 0 1 0 0 1 
0 1 0 1 0 0 
0 1 0 0 1 0 
0 1 0 0 0 1 
1 0 0 0 1 0 
1 0 1 0 0 0 
0 0 0 1 1 0 
0 0 1 1 0 0 
0 1 0 0 1 0 
0 0 0 1 1 0 
0 1 0 1 0 0 
1 1 0 0 0 0 
1 0 1 0 0 0 
0 1 1 0 0 0 
0 1 0 1 0 0 
0 1 0 0 0 1 
1 1 0 0 0 0 
0 0 1 0 0 1 
0 0 1 1 0 0 
0 1 0 0 1 0 
0 0 1 0 1 0 
0 1 1 0 0 0 
0 0 0 1 0 1 
0 0 0 1 1 0 
1 1 0 0 0 0 
0 0 1 1 0 0 
1 0 0 0 0 1 
1 0 0 0 1 0 
0 0 0 1 1 0 
0 1 0 0 1 0 
0 0 1 1 0 0 
0 0 0 1 0 1 
1 0 1 0 0 0 
1 0 0 0 1 0 
0 1 1 0 0 0 
1 0 0 0 1 0 
0 0 1 0 1 0 
0 1 0 0 1 0 
0 1 1 0 0 0 
0 0 1 0 1 0 
1 0 1 0 0 0 
0 0 1 0 0 1 
0 1 1 0 0 0 
1 1 0 0 0 0 
0 0 1 0 1 0 
0 1 0 0 1 0 
0 0 1 0 1 0 
1 0 0 0 1 0 
0 0 0 1 0 1 
0 0 1 0 1 0 
1 0 0 0 0 1 
0 0 1 0 1 0 
0 0 0 0 1 1 
0 0 0 0 1 1 
1 0 0 0 0 1 
0 1 0 0 1 0 
0 1 0 0 1 0 
0 0 0 0 1 1 
1 0 1 0 0 0 
0 0 0 1 0 1 
1 0 0 0 0 1 
1 0 1 0 0 0 
0 0 1 0 1 0 
1 1 0 0 0 0 
1 0 0 0 0 1 
0 1 0 0 1 0 
1 0 0 0 1 0 
0 0 1 0 1 0 
1 0 0 0 1 0 
0 0 0 1 0 1 
0 0 0 0 1 1 
0 1 0 0 1 0 
1 0 0 0 1 0 
0 1 0 0 1 0 
1 0 0 0 1 0 
1 0 1 0 0 0 
0 1 0 0 1 0 
1 0 0 0 1 0 
0 1 1 0 0 0 
1 0 0 0 1 0 
1 1 1 1 1 1 
;
TIMETABLE BEST: 
0.0 0.0 0.0 0.0 0.0 0.0 
0 0 14 0 0 0 
0 17 14 0 0 0 
0 17 14 18 0 0 
0 17 14 18 0 24 
0 17 14 18 24 24 
0 17 14 18 24 24 
0 17 28 18 24 24 
14 17 28 18 24 24 
14 17 28 18 24 24 
14 17 28 18 24 24 
14 17 28 18 24 24 
14 17 28 18 24 24 
26 17 28 18 24 24 
26 17 28 18 24 24 
26 17 28 18 24 24 
26 17 28 18 24 24 
26 17 28 18 24 24 
26 17 28 18 24 24 
26 17 28 33 24 24 
26 17 28 33 24 24 
26 26 28 33 24 24 
26 26 28 33 24 24 
26 26 28 33 24 24 
26 26 28 33 24 24 
26 26 28 33 24 36 
26 26 41 33 24 36 
50 26 41 33 24 36 
50 26 41 33 24 36 
50 26 41 33 24 36 
50 26 41 33 24 36 
50 26 41 33 33 36 
50 44 41 33 33 36 
50 44 41 48 33 36 
50 44 52 48 33 36 
50 44 52 48 33 36 
50 44 52 48 44 36 
50 44 52 48 44 36 
50 44 52 48 44 36 
50 44 52 48 44 36 
50 44 52 48 44 50 
50 44 52 48 44 50 
50 44 52 48 44 50 
50 44 64 48 44 50 
50 44 64 48 56 50 
50 44 64 62 56 50 
50 44 64 62 56 50 
65 44 64 62 56 50 
65 44 64 62 56 50 
65 59 64 62 56 50 
65 59 64 76 56 50 
65 59 64 76 56 50 
65 59 64 76 69 50 
65 59 64 76 69 50 
65 59 64 76 69 50 
65 59 64 76 69 50 
78 59 64 76 69 50 
78 78 64 76 69 50 
78 78 64 76 69 64 
78 78 64 76 69 64 
78 78 64 76 69 75 
78 78 64 76 69 75 
78 78 64 76 69 75 
78 78 64 76 80 75 
78 78 64 76 80 84 
78 78 64 76 80 84 
78 78 77 76 80 84 
78 78 77 76 80 84 
78 78 77 76 80 84 
78 78 77 76 80 84 
78 78 77 76 80 84 
78 78 77 76 80 84 
78 78 77 76 80 84 
90 78 77 76 80 84 
90 78 77 90 80 84 
90 78 77 90 80 84 
90 78 90 90 80 84 
90 78 90 90 80 84 
90 78 90 90 80 96 
90 97 90 90 80 96 
90 97 90 90 80 96 
90 97 90 90 80 96 
90 97 90 90 80 96 
90 97 90 90 91 96 
90 97 90 90 91 96 
90 97 90 90 91 96 
90 97 90 90 91 96 
90 97 90 90 91 96 
90 97 90 101 91 96 
90 97 90 101 91 96 
90 97 90 101 91 96 
90 97 90 101 91 96 
90 97 90 101 91 96 
90 97 90 101 104 96 
102 97 90 101 104 96 
102 97 90 101 104 96 
102 97 90 101 104 96 
102 97 90 101 104 96 
102 97 90 101 104 96 
102 97 90 101 104 96 
102 97 90 101 104 96 
102 97 90 101 104 96 
102 97 90 101 104 107 
102 97 104 101 104 107 
102 97 104 101 104 107 
102 110 104 101 104 107 
102 110 104 101 104 107 
102 110 104 101 104 107 
102 110 104 101 104 107 
102 110 104 101 104 107 
102 110 104 101 104 107 
102 110 104 101 104 107 
102 110 104 101 104 107 
102 110 104 114 104 107 
102 110 104 114 104 107 
102 110 104 114 104 107 
102 110 104 114 104 107 
102 110 104 114 104 107 
102 110 104 114 117 107 
102 110 104 114 117 107 
120 110 104 114 117 107 
120 110 104 114 117 107 
120 110 118 114 117 107 
120 110 118 114 117 107 
120 110 118 114 117 107 
120 110 118 114 117 116 
120 110 118 114 117 116 
120 110 118 114 117 116 
120 110 118 114 117 116 
120 110 118 114 117 116 
120 110 118 114 117 116 
120 121 118 114 117 116 
120 121 118 114 117 116 
120 121 118 114 117 116 
120 121 118 114 117 128 
120 121 118 114 117 128 
120 121 118 130 117 128 
120 121 118 130 117 128 
120 121 118 130 134 128 
120 121 136 130 134 128 
120 121 136 130 134 128 
120 121 136 130 134 128 
139 121 136 130 134 128 
139 132 136 130 134 128 
139 132 136 130 134 128 
139 132 136 145 134 128 
139 153 136 145 134 128 
139 153 136 145 134 128 
139 153 136 145 145 128 
139 153 136 145 145 128 
139 153 136 145 145 140 
139 153 156 145 145 140 
139 153 156 145 145 140 
165 153 156 145 145 140 
165 153 156 145 145 149 
165 153 156 160 145 149 
165 153 156 160 145 149 
165 153 156 160 158 149 
165 153 156 160 158 149 
165 153 156 160 171 149 
165 153 156 160 171 149 
165 153 174 160 171 149 
165 153 174 174 171 149 
165 172 174 174 171 158 
165 172 174 174 171 158 
165 172 174 174 171 158 
165 172 174 174 191 158 
165 172 174 174 191 176 
165 184 174 174 191 176 
165 184 174 174 191 176 
165 184 174 192 191 176 
165 184 174 192 191 176 
178 184 174 192 191 191 
178 184 186 192 191 191 
178 184 186 192 191 191 
178 184 186 192 191 191 
178 184 186 192 191 191 
178 184 198 192 191 191 
195 196 198 192 191 191 
195 196 198 192 191 191 
195 196 198 192 191 191 
195 196 198 192 191 191 
195 196 198 192 191 191 
195 196 198 192 191 210 
195 196 198 192 191 210 
195 196 198 192 191 210 
195 196 198 192 191 210 
195 196 198 192 191 210 
195 196 198 203 191 210 
195 196 198 203 191 210 
195 196 198 203 204 210 
212 196 216 203 204 210 
212 196 216 203 204 210 
212 196 216 203 204 210 
212 196 216 203 214 210 
212 208 216 203 214 210 
212 208 216 203 214 210 
212 208 216 203 214 210 
212 208 216 203 214 210 
212 208 216 203 214 210 
212 208 216 203 214 210 
212 208 216 203 214 210 
212 208 216 221 214 210 
212 208 216 221 224 210 
212 224 216 221 224 210 
212 224 216 221 224 210 
212 224 227 221 224 210 
212 224 227 221 224 210 
212 224 227 221 224 210 
212 224 227 221 224 210 
212 224 227 221 234 210 
212 224 227 221 234 210 
225 224 227 221 234 210 
225 224 227 221 234 210 
225 224 227 221 234 210 
225 224 227 232 234 210 
225 224 227 232 234 232 
240 224 227 232 234 232 
240 224 227 232 234 232 
240 224 227 232 234 232 
240 224 227 232 234 232 
240 224 227 232 234 232 
240 224 238 232 234 232 
240 224 238 232 234 232 
240 224 238 232 234 232 
240 236 238 232 234 232 
240 236 238 232 234 232 
240 236 238 232 234 232 
240 236 238 232 234 232 
240 236 238 245 234 232 
240 236 238 245 245 232 
240 236 238 245 245 232 
240 236 238 263 245 232 
240 236 238 263 245 232 
240 236 238 263 245 232 
240 236 238 263 245 232 
256 236 238 263 245 232 
256 236 238 263 245 232 
256 255 238 263 245 232 
256 255 238 263 245 232 
256 255 238 263 266 232 
269 255 238 263 266 232 
269 255 238 263 266 271 
269 255 260 263 266 271 
269 255 260 263 266 271 
269 255 260 263 266 271 
269 273 260 263 266 271 
269 273 271 263 266 271 
269 273 271 263 279 271 
269 273 271 288 279 271 
269 273 271 288 279 271 
287 273 271 288 279 271 
287 273 282 288 279 271 
287 273 282 288 292 271 
287 273 282 288 292 286 
298 273 282 288 292 286 
298 286 282 288 292 286 
298 286 282 288 305 286 
298 286 282 288 305 286 
298 286 304 288 305 286 
298 286 304 300 305 301 
298 286 304 300 305 316 
298 286 314 300 305 316 
298 286 314 300 305 316 
298 323 314 300 305 316 
309 323 314 300 305 316 
309 323 314 300 305 316 
322 323 314 300 305 316 
322 323 324 300 305 316 
334 323 324 300 305 316 
334 323 324 312 305 316 
334 323 324 312 305 334 
334 342 324 312 305 334 
334 342 324 312 325 334 
334 354 324 312 325 334 
334 354 324 312 336 334 
346 354 334 312 336 334 
346 354 334 312 336 334 
346 354 334 312 347 334 
346 354 347 312 347 334 
359 354 347 312 347 334 
398.0 380.0 430.0 370.0 410.0 358.0 
;
EXECUTION TIME HBSS: 2826.5204339 seconds 

-------------------------------------------------------------------
