DATFILE : bwopen0_10r_500.dat
ENVIRONMENT : bwopen
ALGORITHM : HBSS - TAU 4
RANGE : _500
STARTING_POS : 0
N_ROBOTS : 10
GREEDY SOLUTION : [ 2014.]
COMPUTATIONS D :
2104
2044
2130
2146
2118
2008
1986
2084
2162
2124
2108
2392
2012
2284
2430
2242
2052
2014
2122
1982
2024
2170
2218
2202
2110
2232
2048
2178
2028
2122
2084
2126
2098
2286
2150
2174
2386
2076
2158
2072
2274
2354
2078
2146
2074
2136
2174
2124
2024
2318
1918
2294
2006
2072
2082
2090
2134
2078
2050
2224
2048
2106
1910
2278
2170
2008
1986
2130
1988
2182
2100
2180
2500
2200
2098
2030
2246
2228
1970
2138
2032
2158
2064
2106
2296
2100
2198
2262
2060
2360
2128
2072
2184
2126
2204
2000
2262
2234
2164
2280
2104
2044
2160
2262
2162
2134
2132
1974
2028
1994
1912
2284
2122
2216
2222
2064
2026
2104
2302
2122
2138
2052
2204
2308
2198
2066
2512
2204
2104
2274
2130
2180
2240
2014
2220
2078
2090
2134
2076
2124
2282
1990
2186
2094
2248
2158
2290
2180
2082
2210
2090
2208
2170
2098
2150
2220
2190
2070
2206
2108
2106
2218
2252
2176
2052
2062
2108
2012
2142
1966
2056
2174
2096
2002
2092
2046
2146
2130
2102
2160
2100
2154
2224
2152
2160
2070
2068
2332
2142
2198
2092
2206
2076
2248
2068
1958
2090
2186
2058
2004
;
HBBS sumD : 1910
BEST_CONFIGURATIONS : 
0 0 0 0 0 0 0 0 0 0 
0 4 0 0 0 0 0 0 0 0 
0 4 26 0 0 0 0 0 0 0 
0 4 26 1 0 0 0 0 0 0 
0 4 26 1 5 0 0 0 0 0 
0 4 26 1 5 22 0 0 0 0 
0 4 26 1 5 22 8 0 0 0 
26 4 26 1 5 22 8 0 0 0 
26 4 26 1 5 22 8 0 0 0 
26 4 26 27 5 22 8 0 0 0 
26 4 26 27 5 22 8 1 0 0 
26 4 26 27 5 22 8 1 0 2 
26 4 26 27 5 22 8 1 0 2 
26 4 26 27 5 22 8 1 0 2 
26 4 26 27 5 22 13 1 0 2 
26 4 26 27 5 22 13 1 0 2 
26 4 26 27 5 22 13 1 8 2 
26 4 26 27 5 22 13 1 8 2 
26 4 26 27 5 22 13 1 8 2 
26 4 26 27 5 22 13 1 8 2 
26 4 26 27 5 22 13 1 8 2 
26 4 26 27 5 22 13 1 8 2 
26 4 26 27 5 22 13 1 8 2 
26 4 26 27 5 22 13 1 8 2 
26 4 26 27 5 22 13 1 8 2 
26 4 26 27 5 22 13 1 8 2 
26 8 26 27 5 22 13 1 8 2 
26 8 26 27 5 22 13 1 8 2 
26 8 26 27 5 22 13 1 8 2 
26 8 26 27 5 22 13 1 8 2 
26 8 26 27 5 22 13 1 8 2 
26 8 26 27 5 22 13 1 8 2 
26 8 26 27 5 22 13 1 8 2 
26 8 26 27 5 22 13 27 8 2 
26 8 26 27 5 22 13 27 8 2 
26 8 26 27 5 22 13 27 8 2 
26 8 26 27 5 22 13 27 8 2 
26 8 26 27 5 22 13 27 8 2 
26 8 26 27 9 22 13 27 8 2 
26 8 26 27 9 22 13 27 8 2 
5 8 26 27 9 22 13 27 8 2 
5 8 26 27 9 22 13 27 8 2 
5 8 4 27 9 22 13 27 8 2 
5 8 4 27 9 22 13 27 8 2 
5 8 4 27 9 22 13 27 8 2 
5 8 4 27 9 22 13 27 8 2 
5 8 4 27 9 22 13 27 8 2 
5 8 4 27 9 22 13 27 8 2 
5 8 4 27 9 22 13 27 8 2 
5 8 4 27 9 22 13 27 17 2 
5 8 4 27 9 22 17 27 17 2 
5 25 4 27 9 22 17 27 17 2 
5 25 4 27 9 22 17 27 17 2 
5 25 4 27 9 22 17 27 17 6 
5 25 4 27 9 22 17 27 17 6 
5 25 4 27 9 22 17 27 17 6 
14 25 4 27 9 22 17 27 17 6 
14 25 4 27 9 22 17 27 17 6 
14 25 4 27 9 22 17 27 17 6 
14 25 4 24 9 22 17 27 17 6 
14 25 4 24 9 22 17 27 17 6 
14 25 4 24 9 22 17 27 17 6 
14 25 4 24 10 22 17 27 17 6 
14 25 4 24 10 26 17 27 17 6 
14 25 4 24 10 26 17 27 17 6 
14 25 4 24 10 26 17 27 17 6 
14 25 4 24 10 26 17 27 17 6 
14 25 4 24 10 26 17 27 17 6 
14 25 4 24 10 26 17 27 17 6 
14 25 4 24 10 26 17 27 17 6 
14 25 4 24 10 26 17 27 17 6 
14 25 0 24 10 26 17 9 17 6 
14 25 0 24 10 26 17 9 17 6 
14 25 0 24 10 26 17 9 17 6 
14 25 0 24 10 26 17 9 17 6 
14 25 0 24 10 26 17 9 17 6 
14 25 0 24 10 26 17 9 17 6 
14 25 0 24 10 26 17 9 17 6 
14 25 0 24 10 26 17 9 17 6 
14 25 0 24 10 26 17 9 17 6 
14 25 0 24 10 5 17 9 17 6 
14 25 0 24 10 5 17 9 17 6 
14 25 0 24 10 5 17 9 17 6 
14 25 0 24 10 5 17 9 17 6 
14 25 0 24 10 5 17 9 17 6 
14 25 0 24 10 5 17 9 17 6 
14 25 0 24 10 5 17 9 17 6 
14 25 0 24 10 5 17 9 17 6 
14 25 0 24 10 5 17 9 17 6 
14 25 0 24 10 5 17 9 17 6 
14 25 0 24 10 5 17 9 17 6 
14 25 0 24 10 5 17 9 17 6 
14 25 0 24 10 5 17 9 17 6 
14 25 1 24 10 5 17 9 17 6 
14 25 1 24 10 5 17 9 17 6 
14 25 1 24 10 5 17 9 17 6 
14 25 1 24 10 5 13 9 17 6 
14 25 1 24 10 5 13 9 17 6 
14 25 1 24 10 5 13 9 17 6 
14 25 1 24 10 5 13 9 17 21 
14 25 1 24 10 5 13 9 17 21 
18 25 1 24 10 5 13 9 17 21 
18 25 1 24 10 5 13 9 17 21 
18 25 1 24 10 5 13 9 17 21 
18 25 1 24 10 5 13 15 17 21 
18 25 1 24 10 5 13 15 17 21 
18 25 1 24 10 5 13 15 17 21 
18 25 1 24 10 5 13 15 17 21 
18 25 1 24 10 5 13 15 17 21 
18 25 1 24 10 8 13 15 17 21 
18 25 1 24 10 8 13 15 17 21 
18 25 1 24 10 8 13 15 17 21 
18 25 1 24 10 8 13 15 17 21 
18 25 1 24 10 8 13 15 17 21 
18 25 1 24 10 8 13 15 17 21 
18 25 1 24 10 8 13 15 17 21 
18 25 1 24 10 8 13 15 17 21 
18 25 1 24 10 8 13 15 17 21 
18 25 1 24 10 8 13 15 17 21 
18 25 1 24 10 8 13 15 17 21 
18 25 1 24 10 8 13 15 17 21 
18 25 1 24 10 8 13 15 17 21 
18 25 1 24 10 8 13 15 17 21 
18 25 1 24 10 8 13 15 17 21 
18 25 1 24 10 8 13 15 17 21 
18 25 1 24 10 8 13 15 17 21 
18 25 1 24 10 8 13 15 17 21 
18 25 1 24 10 8 13 15 17 21 
18 25 1 24 10 8 13 15 17 21 
18 25 1 24 10 8 13 15 17 21 
18 14 1 24 10 8 13 15 17 21 
18 14 1 24 10 8 13 15 17 21 
18 14 1 24 10 8 13 15 17 21 
18 14 1 24 10 8 13 15 17 21 
18 14 1 24 10 8 13 15 17 21 
18 14 1 24 10 8 13 15 17 21 
18 14 1 24 10 8 13 15 17 21 
18 14 1 6 10 8 13 15 17 21 
18 14 1 6 10 8 13 15 17 21 
18 14 1 6 10 8 13 15 17 21 
18 14 27 6 10 8 13 15 17 21 
18 14 27 6 10 8 13 15 17 21 
18 14 27 6 10 8 13 15 17 21 
18 14 27 6 10 8 13 15 17 21 
18 14 27 6 10 8 13 15 17 21 
19 14 27 6 10 8 13 15 17 21 
19 14 27 6 10 8 13 15 17 21 
19 14 27 6 10 8 13 15 17 21 
19 14 27 6 10 8 13 15 17 21 
19 14 27 6 10 8 13 15 17 3 
19 14 27 6 10 8 13 15 17 3 
19 14 27 6 10 8 13 15 18 3 
19 14 27 6 10 8 13 15 18 3 
19 14 27 6 10 8 13 15 18 3 
19 14 27 6 9 8 13 15 18 3 
19 14 27 6 9 8 13 15 18 3 
19 14 27 6 9 8 13 15 18 3 
19 14 27 6 9 8 13 15 18 3 
19 14 27 6 9 22 13 15 18 3 
19 14 27 6 9 22 13 15 18 3 
19 14 27 6 9 22 13 15 18 3 
19 14 27 6 9 22 13 15 18 3 
19 14 27 6 9 22 13 15 18 3 
19 14 27 6 9 22 13 15 18 3 
19 14 27 6 9 22 13 15 18 3 
19 14 27 6 9 22 13 15 18 3 
19 14 27 6 9 22 13 15 18 3 
19 14 27 6 9 22 4 15 18 3 
19 14 27 11 9 22 4 15 18 3 
19 14 27 11 9 22 4 15 18 3 
19 14 27 11 9 22 4 15 18 3 
19 14 27 11 9 22 4 15 18 3 
19 14 27 11 9 26 4 15 18 3 
19 14 27 11 9 26 4 15 18 3 
19 14 27 11 9 26 4 15 18 3 
19 14 27 11 9 26 4 15 18 3 
19 14 27 11 9 26 4 15 18 3 
19 14 27 11 9 26 4 15 18 7 
19 14 2 11 9 26 4 15 18 7 
19 14 2 11 9 26 4 15 18 7 
19 14 2 11 9 26 4 15 18 7 
19 14 2 11 9 26 4 10 18 7 
20 14 2 11 9 26 4 10 18 7 
20 14 2 11 9 26 4 10 18 7 
20 14 2 11 9 26 4 10 18 7 
20 14 2 11 9 26 4 10 18 7 
20 14 2 11 9 26 4 10 25 7 
20 14 2 11 9 26 4 10 25 7 
20 14 2 11 9 26 4 10 25 7 
20 14 2 11 9 26 4 10 25 7 
20 14 2 11 9 26 4 10 25 7 
20 14 2 11 24 26 4 10 25 7 
20 19 2 11 24 26 4 10 25 7 
20 19 2 11 24 26 4 10 25 7 
20 19 2 11 24 26 4 10 25 7 
20 19 2 11 24 26 4 10 25 7 
20 19 2 11 24 26 4 10 25 7 
20 19 2 11 24 26 4 10 25 7 
20 19 2 11 24 26 4 10 25 7 
20 19 2 11 24 26 4 24 25 7 
20 19 2 11 24 26 4 24 25 7 
20 19 2 11 24 26 4 24 25 7 
20 19 2 11 24 26 4 24 25 7 
20 19 2 11 24 26 4 24 25 7 
20 19 2 11 24 26 4 24 25 7 
20 19 2 11 24 5 4 24 25 7 
20 19 2 11 24 5 22 24 25 7 
20 19 2 11 6 5 22 24 25 7 
20 19 2 11 6 5 22 24 25 7 
20 19 2 11 6 5 22 24 25 7 
20 19 2 11 6 5 22 24 25 7 
20 19 2 11 6 5 22 24 25 21 
20 19 2 11 6 5 22 24 25 21 
20 19 2 11 6 5 22 24 25 21 
20 19 2 11 6 5 22 24 25 21 
23 19 2 11 6 5 22 24 25 21 
23 19 2 11 6 5 22 24 25 21 
23 19 2 11 6 5 22 24 25 21 
23 19 2 11 6 5 22 24 25 21 
23 19 2 11 6 5 22 24 25 21 
23 19 27 11 6 5 22 24 25 21 
23 19 27 11 6 5 22 24 25 21 
23 19 27 11 6 5 22 24 18 21 
23 19 27 11 6 5 22 24 18 21 
23 19 27 11 6 5 22 24 18 21 
23 19 27 11 6 1 22 24 18 21 
23 19 27 11 6 1 22 24 18 21 
23 19 27 11 6 1 22 24 18 3 
23 19 27 11 6 1 22 24 18 3 
23 19 27 12 6 1 22 24 18 3 
23 19 27 12 6 1 8 24 18 3 
23 19 27 12 6 1 8 24 18 3 
16 19 27 12 6 1 8 24 18 3 
16 20 27 12 6 1 8 24 18 3 
16 20 27 12 6 1 8 24 18 3 
16 20 27 12 6 1 8 10 18 3 
16 20 27 12 6 1 8 10 18 3 
16 20 27 12 6 1 8 10 15 3 
16 20 27 12 21 1 8 10 15 3 
16 20 27 12 21 1 8 10 15 3 
16 20 27 12 21 1 8 10 15 3 
16 20 27 12 21 1 8 10 15 3 
16 20 27 12 21 1 8 10 15 3 
16 20 27 12 21 1 8 10 15 3 
16 23 27 12 21 1 8 10 15 3 
16 23 27 12 21 1 8 10 15 3 
16 23 27 12 21 1 8 10 15 3 
16 23 27 12 21 1 8 10 15 3 
16 23 27 12 21 1 8 10 15 3 
16 23 27 12 21 1 8 10 15 3 
16 23 27 12 21 1 8 10 15 3 
16 23 27 12 21 1 8 9 15 3 
16 23 27 12 21 1 8 9 15 3 
16 23 27 12 21 1 8 9 15 3 
16 23 27 12 21 1 8 9 15 3 
16 23 27 12 21 1 8 9 15 3 
16 23 27 12 21 1 8 9 15 3 
16 23 27 12 21 1 8 9 15 3 
16 23 27 12 21 1 8 9 15 3 
16 23 27 12 7 1 8 9 15 3 
16 23 27 12 7 1 8 9 15 3 
16 23 27 12 7 1 8 9 15 3 
16 23 27 12 7 1 8 9 15 3 
16 23 27 12 7 1 8 9 15 3 
16 23 27 12 7 1 8 9 15 3 
16 23 27 12 7 1 8 9 15 3 
16 23 27 12 7 1 8 9 14 3 
16 23 27 12 7 1 8 9 14 3 
16 23 27 12 7 1 8 9 14 3 
16 23 27 12 7 1 8 9 14 3 
16 23 2 12 7 1 8 9 14 3 
16 20 2 12 7 1 8 9 14 3 
16 20 2 12 7 1 8 9 14 3 
16 20 2 12 7 1 8 9 14 3 
16 20 2 12 7 1 8 9 14 21 
16 19 2 12 7 1 8 9 14 21 
16 19 2 11 7 1 8 9 14 21 
16 19 2 11 7 1 8 9 14 21 
16 19 2 11 7 1 8 9 14 6 
12 19 2 11 7 1 8 9 14 6 
23 20 2 11 7 1 8 9 14 6 
0 0 0 0 0 0 0 0 0 0 
;
ROBOT MOVING BEST:
0 0 0 0 0 0 0 0 0 0 
1 1 0 0 0 0 0 0 0 0 
1 0 1 0 0 0 0 0 0 0 
1 0 0 1 0 0 0 0 0 0 
1 0 0 0 1 0 0 0 0 0 
1 0 0 0 0 1 0 0 0 0 
1 0 0 0 0 0 1 0 0 0 
1 1 0 0 0 0 0 0 0 0 
0 1 0 1 0 0 0 0 0 0 
0 0 0 1 0 0 0 0 1 0 
1 0 0 0 0 0 0 1 0 0 
0 0 0 0 0 0 0 0 1 1 
0 1 0 0 1 0 0 0 0 0 
0 1 0 0 0 1 0 0 0 0 
0 0 0 0 0 0 1 0 1 0 
1 0 0 0 0 1 0 0 0 0 
0 1 0 0 0 0 0 0 1 0 
1 0 0 0 1 0 0 0 0 0 
0 0 0 0 1 0 0 1 0 0 
0 0 0 0 0 1 0 1 0 0 
1 0 0 0 0 0 0 0 1 0 
0 0 0 0 0 0 0 1 1 0 
0 1 0 1 0 0 0 0 0 0 
0 0 0 0 1 1 0 0 0 0 
1 0 0 1 0 0 0 0 0 0 
0 1 0 0 0 0 0 0 0 1 
0 1 0 0 0 1 0 0 0 0 
0 0 0 0 1 0 0 0 1 0 
0 0 0 1 0 0 0 1 0 0 
1 0 0 0 0 0 0 0 0 1 
0 0 0 0 0 0 0 1 0 1 
1 0 0 0 0 0 1 0 0 0 
0 0 0 1 1 0 0 0 0 0 
0 0 0 0 0 1 0 1 0 0 
0 0 0 1 0 0 0 0 1 0 
0 0 0 0 1 0 0 0 0 1 
0 0 0 0 0 1 0 0 0 1 
0 0 0 0 0 0 0 0 1 1 
1 0 0 0 1 0 0 0 0 0 
0 0 0 0 0 1 1 0 0 0 
1 0 0 0 0 0 1 0 0 0 
0 0 0 0 0 0 1 0 1 0 
0 0 1 0 0 0 1 0 0 0 
0 0 0 1 0 0 0 0 0 1 
0 0 0 0 1 1 0 0 0 0 
1 0 0 0 1 0 0 0 0 0 
0 0 0 1 0 0 1 0 0 0 
0 0 0 0 1 0 0 0 1 0 
0 0 1 0 1 0 0 0 0 0 
0 0 0 0 0 1 0 0 1 0 
1 0 0 0 0 0 1 0 0 0 
0 1 0 0 0 1 0 0 0 0 
0 0 1 0 0 0 1 0 0 0 
0 0 0 0 0 1 0 0 0 1 
0 0 0 1 1 0 0 0 0 0 
1 1 0 0 0 0 0 0 0 0 
1 0 0 0 0 1 0 0 0 0 
0 1 1 0 0 0 0 0 0 0 
0 0 1 0 0 0 0 0 0 1 
0 0 0 1 0 1 0 0 0 0 
0 0 0 0 0 0 1 1 0 0 
1 0 1 0 0 0 0 0 0 0 
0 0 0 0 1 1 0 0 0 0 
0 0 0 0 0 1 1 0 0 0 
0 1 0 0 0 0 0 1 0 0 
0 0 1 1 0 0 0 0 0 0 
0 0 0 0 0 0 0 1 0 1 
0 0 1 0 1 0 0 0 0 0 
1 0 0 0 0 0 0 1 0 0 
0 1 0 0 0 1 0 0 0 0 
0 0 0 0 0 1 0 0 0 1 
0 0 1 0 0 0 0 1 0 0 
0 0 1 0 0 0 1 0 0 0 
1 0 0 0 0 1 0 0 0 0 
0 0 0 0 1 1 0 0 0 0 
0 0 0 1 0 1 0 0 0 0 
0 1 1 0 0 0 0 0 0 0 
0 0 1 0 0 0 0 0 0 1 
1 0 1 0 0 0 0 0 0 0 
0 0 0 0 0 0 1 1 0 0 
0 0 0 0 0 1 0 0 0 1 
1 0 0 0 0 1 0 0 0 0 
0 0 1 1 0 0 0 0 0 0 
0 1 0 0 0 0 0 1 0 0 
0 0 1 0 1 0 0 0 0 0 
0 0 0 0 0 0 0 1 0 1 
0 0 0 1 0 1 0 0 0 0 
1 0 0 0 0 0 0 1 0 0 
0 1 0 0 0 0 1 0 0 0 
0 0 0 0 1 1 0 0 0 0 
1 0 0 0 0 0 1 0 0 0 
0 0 0 1 0 0 0 1 0 0 
0 1 0 0 0 0 0 0 0 1 
0 0 1 0 0 0 0 1 0 0 
0 0 0 0 1 0 0 1 0 0 
0 0 0 1 0 0 1 0 0 0 
0 0 0 0 0 0 1 1 0 0 
1 1 0 0 0 0 0 0 0 0 
1 0 0 0 0 0 0 0 0 1 
0 0 0 0 0 1 0 0 0 1 
0 0 0 0 1 0 0 0 1 0 
1 0 0 0 0 1 0 0 0 0 
0 0 0 0 0 0 1 0 1 0 
0 1 0 1 0 0 0 0 0 0 
0 0 0 0 0 1 0 1 0 0 
0 1 1 0 0 0 0 0 0 0 
0 1 0 0 1 0 0 0 0 0 
0 1 0 0 0 0 1 0 0 0 
1 0 0 0 0 0 0 0 1 0 
0 0 0 0 0 1 0 0 1 0 
0 0 1 1 0 0 0 0 0 0 
0 0 0 1 1 0 0 0 0 0 
0 0 0 0 0 0 0 1 1 0 
0 0 0 1 0 0 1 0 0 0 
0 0 1 0 1 0 0 0 0 0 
1 1 0 0 0 0 0 0 0 0 
0 0 1 0 0 0 1 0 0 0 
0 0 0 0 1 0 1 0 0 0 
0 1 0 0 0 1 0 0 0 0 
0 1 0 0 0 0 0 1 0 0 
0 0 0 1 0 0 0 0 0 1 
1 0 0 1 0 0 0 0 0 0 
1 0 1 0 0 0 0 0 0 0 
0 0 0 0 1 0 0 0 0 1 
0 0 1 0 0 0 0 0 0 1 
1 0 0 0 1 0 0 0 0 0 
0 0 0 1 0 1 0 0 0 0 
1 0 0 0 0 0 1 0 0 0 
0 0 0 1 0 0 0 1 0 0 
0 0 0 0 1 1 0 0 0 0 
0 1 0 1 0 0 0 0 0 0 
0 0 1 0 0 0 0 1 0 0 
0 0 0 0 1 0 0 1 0 0 
0 1 1 0 0 0 0 0 0 0 
0 1 0 0 1 0 0 0 0 0 
0 0 0 0 0 0 1 1 0 0 
0 1 0 0 0 0 1 0 0 0 
0 0 1 1 0 0 0 0 0 0 
0 0 0 1 1 0 0 0 0 0 
1 0 0 0 0 1 0 0 0 0 
0 0 1 0 1 0 0 0 0 0 
0 0 0 0 0 0 0 1 0 1 
1 0 0 0 0 0 0 1 0 0 
0 1 0 0 0 0 0 0 0 1 
1 1 0 0 0 0 0 0 0 0 
1 0 0 0 0 0 0 0 1 0 
0 0 0 0 0 1 0 1 0 0 
0 1 0 0 0 1 0 0 0 0 
0 0 0 1 0 0 0 0 0 1 
0 0 0 0 1 0 0 0 0 1 
0 1 0 0 0 0 0 1 0 0 
0 0 0 1 0 0 0 0 1 0 
0 0 0 1 0 1 0 0 0 0 
0 0 0 1 0 0 0 1 0 0 
0 0 0 0 1 0 0 0 1 0 
0 0 1 0 0 0 0 0 1 0 
0 0 0 0 1 0 0 1 0 0 
0 0 1 0 0 0 0 1 0 0 
0 0 0 0 0 1 0 0 1 0 
0 0 0 0 0 0 0 1 0 1 
1 0 0 0 0 0 1 0 0 0 
0 0 0 0 0 1 0 1 0 0 
0 0 0 1 0 0 0 0 0 1 
0 0 0 0 1 0 0 0 0 1 
0 0 1 0 0 0 0 0 0 1 
1 0 0 0 0 0 0 0 1 0 
1 0 0 0 0 0 0 1 0 0 
0 0 0 0 0 0 1 0 1 0 
0 0 0 1 0 0 0 0 1 0 
1 1 0 0 0 0 0 0 0 0 
0 0 0 0 0 0 1 1 0 0 
0 0 0 1 0 0 0 1 0 0 
0 0 0 0 0 1 0 0 1 0 
0 1 0 1 0 0 0 0 0 0 
0 0 0 0 0 1 0 1 0 0 
1 0 0 0 1 0 0 0 0 0 
1 0 1 0 0 0 0 0 0 0 
0 0 0 0 0 0 0 1 0 1 
0 0 1 0 0 0 0 1 0 0 
0 1 1 0 0 0 0 0 0 0 
0 0 0 1 1 0 0 0 0 0 
1 0 0 0 0 0 0 1 0 0 
1 0 0 0 0 0 0 0 1 0 
0 0 0 0 1 0 0 0 0 1 
0 0 1 0 1 0 0 0 0 0 
0 0 0 1 0 0 0 1 0 0 
0 0 0 1 0 0 0 0 1 0 
1 1 0 0 0 0 0 0 0 0 
1 0 0 0 1 0 0 0 0 0 
0 0 1 0 0 0 0 1 0 0 
0 0 0 0 0 0 0 1 0 1 
0 0 0 1 1 0 0 0 0 0 
0 1 0 0 0 0 0 0 1 0 
1 0 0 0 0 0 0 1 0 0 
1 0 0 0 0 0 0 0 1 0 
0 0 0 1 0 1 0 0 0 0 
0 0 1 1 0 0 0 0 0 0 
0 0 1 0 1 0 0 0 0 0 
0 0 0 1 0 0 0 0 0 1 
0 0 0 0 0 0 0 1 0 1 
0 1 0 1 0 0 0 0 0 0 
0 1 0 0 1 0 0 0 0 0 
0 0 1 0 0 0 0 0 0 1 
1 0 0 1 0 0 0 0 0 0 
1 0 0 0 1 0 0 0 0 0 
0 0 0 1 0 1 0 0 0 0 
0 0 0 1 0 0 1 0 0 0 
0 0 0 1 1 0 0 0 0 0 
0 1 1 0 0 0 0 0 0 0 
0 1 0 0 0 0 0 0 0 1 
1 0 0 0 0 0 0 0 0 1 
0 0 0 1 0 0 0 0 0 1 
0 0 0 0 1 0 0 1 0 0 
0 0 1 0 1 0 0 0 0 0 
1 1 0 0 0 0 0 0 0 0 
1 0 0 1 0 0 0 0 0 0 
0 1 0 0 0 1 0 0 0 0 
0 1 0 0 0 0 1 0 0 0 
0 0 1 0 0 0 0 0 0 1 
0 1 0 0 1 0 0 0 0 0 
0 0 1 1 0 0 0 0 0 0 
1 0 0 0 0 0 0 1 0 0 
1 0 0 0 0 0 0 0 1 0 
1 0 0 0 1 0 0 0 0 0 
0 1 0 0 0 0 0 0 0 1 
0 0 0 1 0 1 0 0 0 0 
0 0 1 0 0 0 0 1 0 0 
0 0 0 1 0 0 0 0 0 1 
1 1 0 0 0 0 0 0 0 0 
0 0 0 1 0 0 0 1 0 0 
0 1 0 0 0 0 1 0 0 0 
0 0 0 0 0 0 0 1 0 1 
1 0 0 0 0 0 0 1 0 0 
0 1 0 0 1 0 0 0 0 0 
0 0 0 1 1 0 0 0 0 0 
0 0 0 1 0 0 0 1 0 0 
1 0 0 0 1 0 0 0 0 0 
0 1 0 0 0 0 0 0 1 0 
0 1 0 0 1 0 0 0 0 0 
0 1 1 0 0 0 0 0 0 0 
1 0 0 0 0 0 0 1 0 0 
0 0 1 0 1 0 0 0 0 0 
0 0 0 1 0 0 0 0 1 0 
0 1 0 1 0 0 0 0 0 0 
0 1 0 0 0 0 0 1 0 0 
0 0 1 1 0 0 0 0 0 0 
0 0 0 1 1 0 0 0 0 0 
1 0 0 0 0 0 0 0 1 0 
0 0 0 0 1 0 0 0 0 1 
0 1 0 0 0 0 0 0 1 0 
0 0 0 1 0 0 0 0 0 1 
0 0 0 0 1 0 0 1 0 0 
1 0 0 0 1 0 0 0 0 0 
0 1 0 0 1 0 0 0 0 0 
0 0 0 0 0 1 0 0 0 1 
0 0 0 1 0 0 0 1 0 0 
1 0 0 1 0 0 0 0 0 0 
0 1 0 1 0 0 0 0 0 0 
1 0 0 0 0 0 0 0 0 1 
0 0 1 0 1 0 0 0 0 0 
0 1 0 0 0 0 0 0 0 1 
1 0 0 0 0 0 0 1 0 0 
0 1 0 0 0 0 0 1 0 0 
0 0 0 1 1 0 0 0 0 0 
0 0 0 0 1 0 0 0 0 1 
1 1 0 0 0 0 0 0 0 0 
1 0 0 0 0 0 0 0 1 0 
0 1 0 0 0 0 0 0 1 0 
1 0 0 0 1 0 0 0 0 0 
0 1 0 0 1 0 0 0 0 0 
0 0 1 1 0 0 0 0 0 0 
0 1 0 0 0 0 0 0 0 1 
0 0 1 0 0 0 0 0 0 1 
1 1 0 0 0 0 0 0 0 0 
0 0 0 0 1 0 0 0 0 1 
0 1 0 1 0 0 0 0 0 0 
1 0 0 1 0 0 0 0 0 0 
1 1 0 0 0 0 0 0 0 0 
0 0 0 0 1 0 0 0 0 1 
1 0 0 1 0 0 0 0 0 0 
1 1 0 0 0 0 0 0 0 0 
1 1 1 1 1 1 1 1 1 1 
;
TIMETABLE BEST: 
0.0 0.0 0.0 0.0 0.0 0.0 0.0 0.0 0.0 0.0 
0 14 0 0 0 0 0 0 0 0 
0 14 17 0 0 0 0 0 0 0 
0 14 17 18 0 0 0 0 0 0 
0 14 17 18 24 0 0 0 0 0 
0 14 17 18 24 24 0 0 0 0 
0 14 17 18 24 24 26 0 0 0 
17 14 17 18 24 24 26 0 0 0 
17 14 17 18 24 24 26 0 0 0 
17 14 17 33 24 24 26 0 0 0 
17 14 17 33 24 24 26 18 0 0 
17 14 17 33 24 24 26 18 0 36 
17 14 17 33 24 24 26 18 0 36 
17 14 17 33 24 24 26 18 0 36 
17 14 17 33 24 24 39 18 0 36 
17 14 17 33 24 24 39 18 0 36 
17 14 17 33 24 24 39 18 26 36 
17 14 17 33 24 24 39 18 26 36 
17 14 17 33 24 24 39 18 26 36 
17 14 17 33 24 24 39 18 26 36 
17 14 17 33 24 24 39 18 26 36 
17 14 17 33 24 24 39 18 26 36 
17 14 17 33 24 24 39 18 26 36 
17 14 17 33 24 24 39 18 26 36 
17 14 17 33 24 24 39 18 26 36 
17 14 17 33 24 24 39 18 26 36 
17 28 17 33 24 24 39 18 26 36 
17 28 17 33 24 24 39 18 26 36 
17 28 17 33 24 24 39 18 26 36 
17 28 17 33 24 24 39 18 26 36 
17 28 17 33 24 24 39 18 26 36 
17 28 17 33 24 24 39 18 26 36 
17 28 17 33 24 24 39 18 26 36 
17 28 17 33 24 24 39 33 26 36 
17 28 17 33 24 24 39 33 26 36 
17 28 17 33 24 24 39 33 26 36 
17 28 17 33 24 24 39 33 26 36 
17 28 17 33 24 24 39 33 26 36 
17 28 17 33 46 24 39 33 26 36 
17 28 17 33 46 24 39 33 26 36 
26 28 17 33 46 24 39 33 26 36 
26 28 17 33 46 24 39 33 26 36 
26 28 28 33 46 24 39 33 26 36 
26 28 28 33 46 24 39 33 26 36 
26 28 28 33 46 24 39 33 26 36 
26 28 28 33 46 24 39 33 26 36 
26 28 28 33 46 24 39 33 26 36 
26 28 28 33 46 24 39 33 26 36 
26 28 28 33 46 24 39 33 26 36 
26 28 28 33 46 24 39 33 50 36 
26 28 28 33 46 24 50 33 50 36 
26 54 28 33 46 24 50 33 50 36 
26 54 28 33 46 24 50 33 50 36 
26 54 28 33 46 24 50 33 50 54 
26 54 28 33 46 24 50 33 50 54 
26 54 28 33 46 24 50 33 50 54 
56 54 28 33 46 24 50 33 50 54 
56 54 28 33 46 24 50 33 50 54 
56 54 28 33 46 24 50 33 50 54 
56 54 28 59 46 24 50 33 50 54 
56 54 28 59 46 24 50 33 50 54 
56 54 28 59 46 24 50 33 50 54 
56 54 28 59 60 24 50 33 50 54 
56 54 28 59 60 35 50 33 50 54 
56 54 28 59 60 35 50 33 50 54 
56 54 28 59 60 35 50 33 50 54 
56 54 28 59 60 35 50 33 50 54 
56 54 28 59 60 35 50 33 50 54 
56 54 28 59 60 35 50 33 50 54 
56 54 28 59 60 35 50 33 50 54 
56 54 28 59 60 35 50 33 50 54 
56 54 42 59 60 35 50 48 50 54 
56 54 42 59 60 35 50 48 50 54 
56 54 42 59 60 35 50 48 50 54 
56 54 42 59 60 35 50 48 50 54 
56 54 42 59 60 35 50 48 50 54 
56 54 42 59 60 35 50 48 50 54 
56 54 42 59 60 35 50 48 50 54 
56 54 42 59 60 35 50 48 50 54 
56 54 42 59 60 35 50 48 50 54 
56 54 42 59 60 44 50 48 50 54 
56 54 42 59 60 44 50 48 50 54 
56 54 42 59 60 44 50 48 50 54 
56 54 42 59 60 44 50 48 50 54 
56 54 42 59 60 44 50 48 50 54 
56 54 42 59 60 44 50 48 50 54 
56 54 42 59 60 44 50 48 50 54 
56 54 42 59 60 44 50 48 50 54 
56 54 42 59 60 44 50 48 50 54 
56 54 42 59 60 44 50 48 50 54 
56 54 42 59 60 44 50 48 50 54 
56 54 42 59 60 44 50 48 50 54 
56 54 42 59 60 44 50 48 50 54 
56 54 60 59 60 44 50 48 50 54 
56 54 60 59 60 44 50 48 50 54 
56 54 60 59 60 44 50 48 50 54 
56 54 60 59 60 44 61 48 50 54 
56 54 60 59 60 44 61 48 50 54 
56 54 60 59 60 44 61 48 50 54 
56 54 60 59 60 44 61 48 50 66 
56 54 60 59 60 44 61 48 50 66 
67 54 60 59 60 44 61 48 50 66 
67 54 60 59 60 44 61 48 50 66 
67 54 60 59 60 44 61 48 50 66 
67 54 60 59 60 44 61 69 50 66 
67 54 60 59 60 44 61 69 50 66 
67 54 60 59 60 44 61 69 50 66 
67 54 60 59 60 44 61 69 50 66 
67 54 60 59 60 44 61 69 50 66 
67 54 60 59 60 68 61 69 50 66 
67 54 60 59 60 68 61 69 50 66 
67 54 60 59 60 68 61 69 50 66 
67 54 60 59 60 68 61 69 50 66 
67 54 60 59 60 68 61 69 50 66 
67 54 60 59 60 68 61 69 50 66 
67 54 60 59 60 68 61 69 50 66 
67 54 60 59 60 68 61 69 50 66 
67 54 60 59 60 68 61 69 50 66 
67 54 60 59 60 68 61 69 50 66 
67 54 60 59 60 68 61 69 50 66 
67 54 60 59 60 68 61 69 50 66 
67 54 60 59 60 68 61 69 50 66 
67 54 60 59 60 68 61 69 50 66 
67 54 60 59 60 68 61 69 50 66 
67 54 60 59 60 68 61 69 50 66 
67 54 60 59 60 68 61 69 50 66 
67 54 60 59 60 68 61 69 50 66 
67 54 60 59 60 68 61 69 50 66 
67 54 60 59 60 68 61 69 50 66 
67 54 60 59 60 68 61 69 50 66 
67 70 60 59 60 68 61 69 50 66 
67 70 60 59 60 68 61 69 50 66 
67 70 60 59 60 68 61 69 50 66 
67 70 60 59 60 68 61 69 50 66 
67 70 60 59 60 68 61 69 50 66 
67 70 60 59 60 68 61 69 50 66 
67 70 60 59 60 68 61 69 50 66 
67 70 60 72 60 68 61 69 50 66 
67 70 60 72 60 68 61 69 50 66 
67 70 60 72 60 68 61 69 50 66 
67 70 75 72 60 68 61 69 50 66 
67 70 75 72 60 68 61 69 50 66 
67 70 75 72 60 68 61 69 50 66 
67 70 75 72 60 68 61 69 50 66 
67 70 75 72 60 68 61 69 50 66 
87 70 75 72 60 68 61 69 50 66 
87 70 75 72 60 68 61 69 50 66 
87 70 75 72 60 68 61 69 50 66 
87 70 75 72 60 68 61 69 50 66 
87 70 75 72 60 68 61 69 50 78 
87 70 75 72 60 68 61 69 50 78 
87 70 75 72 60 68 61 69 67 78 
87 70 75 72 60 68 61 69 67 78 
87 70 75 72 60 68 61 69 67 78 
87 70 75 72 74 68 61 69 67 78 
87 70 75 72 74 68 61 69 67 78 
87 70 75 72 74 68 61 69 67 78 
87 70 75 72 74 68 61 69 67 78 
87 70 75 72 74 80 61 69 67 78 
87 70 75 72 74 80 61 69 67 78 
87 70 75 72 74 80 61 69 67 78 
87 70 75 72 74 80 61 69 67 78 
87 70 75 72 74 80 61 69 67 78 
87 70 75 72 74 80 61 69 67 78 
87 70 75 72 74 80 61 69 67 78 
87 70 75 72 74 80 61 69 67 78 
87 70 75 72 74 80 61 69 67 78 
87 70 75 72 74 80 88 69 67 78 
87 70 75 89 74 80 88 69 67 78 
87 70 75 89 74 80 88 69 67 78 
87 70 75 89 74 80 88 69 67 78 
87 70 75 89 74 80 88 69 67 78 
87 70 75 89 74 91 88 69 67 78 
87 70 75 89 74 91 88 69 67 78 
87 70 75 89 74 91 88 69 67 78 
87 70 75 89 74 91 88 69 67 78 
87 70 75 89 74 91 88 69 67 78 
87 70 75 89 74 91 88 69 67 94 
87 70 94 89 74 91 88 69 67 94 
87 70 94 89 74 91 88 69 67 94 
87 70 94 89 74 91 88 69 67 94 
87 70 94 89 74 91 88 80 67 94 
100 70 94 89 74 91 88 80 67 94 
100 70 94 89 74 91 88 80 67 94 
100 70 94 89 74 91 88 80 67 94 
100 70 94 89 74 91 88 80 67 94 
100 70 94 89 74 91 88 80 80 94 
100 70 94 89 74 91 88 80 80 94 
100 70 94 89 74 91 88 80 80 94 
100 70 94 89 74 91 88 80 80 94 
100 70 94 89 74 91 88 80 80 94 
100 70 94 89 89 91 88 80 80 94 
100 99 94 89 89 91 88 80 80 94 
100 99 94 89 89 91 88 80 80 94 
100 99 94 89 89 91 88 80 80 94 
100 99 94 89 89 91 88 80 80 94 
100 99 94 89 89 91 88 80 80 94 
100 99 94 89 89 91 88 80 80 94 
100 99 94 89 89 91 88 80 80 94 
100 99 94 89 89 91 88 93 80 94 
100 99 94 89 89 91 88 93 80 94 
100 99 94 89 89 91 88 93 80 94 
100 99 94 89 89 91 88 93 80 94 
100 99 94 89 89 91 88 93 80 94 
100 99 94 89 89 91 88 93 80 94 
100 99 94 89 89 100 88 93 80 94 
100 99 94 89 89 100 100 93 80 94 
100 99 94 89 102 100 100 93 80 94 
100 99 94 89 102 100 100 93 80 94 
100 99 94 89 102 100 100 93 80 94 
100 99 94 89 102 100 100 93 80 94 
100 99 94 89 102 100 100 93 80 106 
100 99 94 89 102 100 100 93 80 106 
100 99 94 89 102 100 100 93 80 106 
100 99 94 89 102 100 100 93 80 106 
110 99 94 89 102 100 100 93 80 106 
110 99 94 89 102 100 100 93 80 106 
110 99 94 89 102 100 100 93 80 106 
110 99 94 89 102 100 100 93 80 106 
110 99 94 89 102 100 100 93 80 106 
110 99 113 89 102 100 100 93 80 106 
110 99 113 89 102 100 100 93 80 106 
110 99 113 89 102 100 100 93 93 106 
110 99 113 89 102 100 100 93 93 106 
110 99 113 89 102 100 100 93 93 106 
110 99 113 89 102 118 100 93 93 106 
110 99 113 89 102 118 100 93 93 106 
110 99 113 89 102 118 100 93 93 118 
110 99 113 89 102 118 100 93 93 118 
110 99 113 116 102 118 100 93 93 118 
110 99 113 116 102 118 112 93 93 118 
110 99 113 116 102 118 112 93 93 118 
121 99 113 116 102 118 112 93 93 118 
121 112 113 116 102 118 112 93 93 118 
121 112 113 116 102 118 112 93 93 118 
121 112 113 116 102 118 112 106 93 118 
121 112 113 116 102 118 112 106 93 118 
121 112 113 116 102 118 112 106 111 118 
121 112 113 116 114 118 112 106 111 118 
121 112 113 116 114 118 112 106 111 118 
121 112 113 116 114 118 112 106 111 118 
121 112 113 116 114 118 112 106 111 118 
121 112 113 116 114 118 112 106 111 118 
121 112 113 116 114 118 112 106 111 118 
121 122 113 116 114 118 112 106 111 118 
121 122 113 116 114 118 112 106 111 118 
121 122 113 116 114 118 112 106 111 118 
121 122 113 116 114 118 112 106 111 118 
121 122 113 116 114 118 112 106 111 118 
121 122 113 116 114 118 112 106 111 118 
121 122 113 116 114 118 112 106 111 118 
121 122 113 116 114 118 112 120 111 118 
121 122 113 116 114 118 112 120 111 118 
121 122 113 116 114 118 112 120 111 118 
121 122 113 116 114 118 112 120 111 118 
121 122 113 116 114 118 112 120 111 118 
121 122 113 116 114 118 112 120 111 118 
121 122 113 116 114 118 112 120 111 118 
121 122 113 116 114 118 112 120 111 118 
121 122 113 116 126 118 112 120 111 118 
121 122 113 116 126 118 112 120 111 118 
121 122 113 116 126 118 112 120 111 118 
121 122 113 116 126 118 112 120 111 118 
121 122 113 116 126 118 112 120 111 118 
121 122 113 116 126 118 112 120 111 118 
121 122 113 116 126 118 112 120 111 118 
121 122 113 116 126 118 112 120 124 118 
121 122 113 116 126 118 112 120 124 118 
121 122 113 116 126 118 112 120 124 118 
121 122 113 116 126 118 112 120 124 118 
121 122 132 116 126 118 112 120 124 118 
121 132 132 116 126 118 112 120 124 118 
121 132 132 116 126 118 112 120 124 118 
121 132 132 116 126 118 112 120 124 118 
121 132 132 116 126 118 112 120 124 130 
121 145 132 116 126 118 112 120 124 130 
121 145 132 143 126 118 112 120 124 130 
121 145 132 143 126 118 112 120 124 130 
121 145 132 143 126 118 112 120 124 142 
132 145 132 143 126 118 112 120 124 142 
154 158 132 143 126 118 112 120 124 142 
260.0 254.0 168.0 214.0 200.0 136.0 138.0 166.0 178.0 196.0 
;
EXECUTION TIME HBSS: 8252.72004485 seconds 

-------------------------------------------------------------------
