DATFILE : bwopen0_4r_500.dat
ENVIRONMENT : bwopen
ALGORITHM : HBSS - TAU 1
RANGE : 500
STARTING_POS : 0
N_ROBOTS : 4
GREEDY SOLUTION : 1298.0
COMPUTATIONS T :
4177.0
4037.0
3947.0
4126.0
3908.0
3989.0
4239.0
4371.0
3884.0
3682.0
4098.0
4343.0
3979.0
3687.0
4028.0
4414.0
3875.0
4044.0
3747.0
4184.0
4206.0
3802.0
4112.0
4331.0
3908.0
3920.0
3963.0
3978.0
4258.0
4188.0
4010.0
3669.0
4460.0
3755.0
4325.0
4399.0
4499.0
4204.0
4044.0
4051.0
3810.0
3885.0
4116.0
4237.0
3942.0
4439.0
3921.0
4016.0
3683.0
4148.0
4056.0
4106.0
4261.0
3926.0
3989.0
4083.0
4310.0
3703.0
4459.0
3863.0
4127.0
3875.0
4109.0
4270.0
4314.0
3574.0
3847.0
4318.0
4257.0
4080.0
4032.0
4162.0
3850.0
4226.0
3969.0
3857.0
4262.0
4145.0
4032.0
4344.0
4068.0
4085.0
4051.0
4026.0
4228.0
3889.0
4040.0
4225.0
3949.0
3558.0
4197.0
3997.0
4032.0
4528.0
4406.0
3971.0
4046.0
3879.0
4130.0
4024.0
4071.0
3953.0
4067.0
4138.0
3992.0
3926.0
4110.0
4025.0
4305.0
4067.0
4232.0
3794.0
4133.0
3954.0
3839.0
4476.0
4027.0
4399.0
3937.0
4001.0
3700.0
3895.0
4172.0
4102.0
3931.0
3979.0
3871.0
4116.0
3806.0
4266.0
4102.0
4248.0
3767.0
3942.0
4236.0
3924.0
4289.0
4257.0
3922.0
4493.0
4370.0
4233.0
4407.0
3891.0
4472.0
4091.0
4219.0
4176.0
3966.0
4308.0
4274.0
4395.0
3736.0
4047.0
4516.0
3903.0
3877.0
3935.0
3898.0
4208.0
3990.0
3840.0
4233.0
4011.0
3993.0
3923.0
3953.0
4123.0
4148.0
4332.0
3902.0
4518.0
4132.0
4462.0
3921.0
3798.0
3527.0
4521.0
4200.0
3878.0
3928.0
4302.0
4112.0
4293.0
3898.0
3863.0
3915.0
3907.0
4006.0
3955.0
3948.0
3790.0
3934.0
4073.0
3999.0
4189.0
3992.0
4032.0
4015.0
3980.0
;
HBBS bestT : 3527.0
BEST_CONFIGURATIONS : 
0 0 0 0 
0 0 4 0 
0 0 26 1 
0 17 26 10 
0 17 26 10 
0 22 26 27 
0 22 10 27 
26 22 11 27 
26 22 11 27 
26 22 2 22 
4 5 2 22 
4 26 2 8 
13 26 24 8 
13 0 24 22 
13 0 20 25 
25 1 20 25 
19 18 20 25 
19 18 19 25 
19 18 18 17 
19 5 26 17 
20 5 26 18 
20 5 26 19 
20 4 26 15 
15 4 27 15 
15 26 27 15 
15 26 27 15 
10 26 27 15 
10 8 1 15 
21 8 27 15 
21 8 1 21 
21 6 2 21 
21 6 2 11 
21 6 2 11 
21 6 2 11 
21 6 2 11 
21 6 2 11 
21 6 2 9 
6 1 2 9 
6 25 18 9 
2 1 18 9 
2 1 18 4 
2 0 18 5 
2 0 10 5 
1 0 24 5 
1 8 15 5 
2 8 15 5 
2 8 15 0 
27 13 15 0 
22 13 15 0 
22 13 18 0 
22 13 18 0 
26 13 18 0 
9 13 18 22 
9 13 25 22 
5 13 25 22 
5 14 25 22 
5 18 25 5 
5 18 25 26 
5 14 25 26 
5 14 14 1 
5 14 14 1 
5 9 13 1 
5 9 13 27 
4 9 8 27 
4 9 8 26 
4 14 8 4 
0 14 17 4 
4 14 17 9 
26 17 17 9 
26 17 14 10 
8 18 14 10 
8 18 14 15 
8 18 9 15 
8 18 9 15 
8 25 9 15 
8 15 2 15 
25 15 2 10 
25 15 2 10 
25 15 2 10 
17 15 2 10 
10 15 16 10 
10 15 16 11 
10 14 16 24 
10 14 16 9 
10 9 16 9 
11 9 12 9 
11 10 12 24 
11 15 12 24 
11 15 12 24 
6 15 12 24 
6 15 12 24 
6 15 19 9 
24 20 19 9 
21 20 20 9 
21 17 20 4 
6 17 18 4 
6 25 18 4 
6 25 18 22 
6 25 18 8 
6 25 14 8 
6 25 14 8 
24 8 14 8 
24 8 3 9 
11 25 3 9 
7 15 3 9 
7 15 3 14 
7 15 3 14 
21 15 3 14 
21 15 27 18 
7 10 27 18 
7 10 27 18 
12 10 27 18 
12 24 27 17 
23 24 27 17 
23 24 27 25 
12 24 6 25 
12 24 7 9 
23 3 7 9 
16 3 21 9 
23 7 21 9 
19 16 21 9 
10 16 27 9 
10 16 27 7 
18 16 27 22 
18 25 26 22 
18 0 1 22 
20 0 10 22 
20 0 10 14 
20 26 10 9 
20 26 10 24 
20 5 10 24 
20 5 15 24 
11 1 15 24 
11 1 10 6 
11 1 10 21 
11 27 11 21 
6 27 11 3 
21 9 11 3 
6 9 11 27 
3 2 11 27 
21 5 11 27 
21 5 20 27 
21 5 19 27 
21 5 25 4 
24 5 25 9 
24 1 22 9 
24 1 22 18 
19 1 22 17 
19 1 4 17 
19 9 4 17 
19 9 7 12 
18 9 7 12 
18 14 7 12 
25 0 7 12 
25 17 27 12 
5 8 27 12 
5 8 27 9 
5 8 14 21 
27 4 14 21 
2 4 14 12 
2 26 14 12 
2 26 9 12 
3 26 15 12 
3 27 15 7 
3 27 10 7 
16 27 14 7 
16 13 14 15 
16 22 25 15 
16 22 25 15 
16 22 25 15 
16 4 25 10 
20 4 25 15 
20 4 13 15 
20 22 8 15 
20 1 15 15 
23 1 15 9 
20 1 15 9 
12 1 15 21 
12 26 6 21 
12 26 11 7 
11 5 11 7 
11 5 17 22 
6 4 17 22 
24 22 17 22 
6 5 17 22 
19 11 17 22 
19 11 17 5 
19 11 17 5 
19 12 19 5 
23 16 19 5 
23 16 19 8 
23 24 19 27 
23 24 14 27 
23 24 12 10 
23 24 3 11 
19 24 3 11 
23 6 3 11 
23 15 3 11 
20 15 3 11 
20 8 10 11 
24 8 10 3 
24 8 10 21 
24 8 10 6 
24 0 24 6 
9 0 24 11 
22 4 24 11 
22 26 24 2 
22 26 5 2 
13 1 5 2 
13 1 8 2 
17 1 13 2 
17 26 22 2 
14 26 8 2 
14 5 8 2 
14 5 13 2 
14 27 13 2 
14 27 17 2 
14 27 17 11 
14 9 17 11 
14 9 25 11 
14 9 25 6 
19 9 14 6 
19 10 14 11 
19 24 18 11 
19 24 18 11 
20 24 18 11 
20 24 10 23 
18 11 10 23 
19 11 10 23 
20 12 10 23 
20 12 11 23 
20 12 16 20 
20 7 16 20 
23 21 16 20 
23 21 16 20 
23 24 16 16 
16 24 12 16 
23 24 12 16 
16 6 12 16 
19 21 12 16 
19 21 12 7 
19 21 6 7 
19 7 24 7 
19 7 2 7 
19 7 1 10 
16 3 1 10 
16 3 0 9 
20 3 0 14 
20 20 6 14 
24 20 6 2 
24 13 6 19 
6 13 7 19 
0 13 6 19 
13 10 6 19 
4 10 6 24 
4 22 19 24 
4 5 19 9 
13 5 19 9 
13 5 19 10 
17 5 25 10 
17 8 25 10 
17 8 14 2 
17 4 14 2 
17 8 14 0 
17 8 27 8 
1 8 27 8 
1 8 9 8 
1 8 27 25 
1 22 27 10 
21 22 7 10 
3 22 21 10 
3 27 21 2 
3 27 21 2 
3 1 21 3 
3 1 7 2 
27 0 7 2 
3 0 12 2 
3 10 12 19 
11 10 16 19 
11 15 16 19 
11 18 23 19 
0 0 0 0 
;
ROBOT MOVING BEST:
0 0 0 0 
1 0 1 0 
0 0 1 1 
0 1 0 1 
1 0 1 0 
0 1 0 1 
1 0 1 0 
1 0 1 0 
0 1 1 0 
0 0 1 1 
1 1 0 0 
0 1 0 1 
1 0 1 0 
0 1 0 1 
0 0 1 1 
1 1 0 0 
1 1 0 0 
0 0 1 1 
0 0 1 1 
0 1 1 0 
1 0 0 1 
1 0 0 1 
0 1 0 1 
1 0 1 0 
0 1 0 1 
0 1 1 0 
1 1 0 0 
0 1 1 0 
1 0 1 0 
0 0 1 1 
0 1 1 0 
0 0 1 1 
1 1 0 0 
0 1 0 1 
1 0 0 1 
1 0 1 0 
0 0 1 1 
1 1 0 0 
0 1 1 0 
1 1 0 0 
0 0 1 1 
0 1 0 1 
1 0 1 0 
1 0 1 0 
0 1 1 0 
1 1 0 0 
1 0 0 1 
1 1 0 0 
1 1 0 0 
0 1 1 0 
0 1 0 1 
1 1 0 0 
1 0 0 1 
0 1 1 0 
1 0 1 0 
0 1 0 1 
0 1 0 1 
0 1 0 1 
1 1 0 0 
0 0 1 1 
1 0 0 1 
0 1 1 0 
1 0 0 1 
1 0 1 0 
1 0 0 1 
0 1 0 1 
1 0 1 0 
1 0 0 1 
1 1 0 0 
0 0 1 1 
1 1 0 0 
0 1 0 1 
1 0 1 0 
0 0 1 1 
1 1 0 0 
0 1 1 0 
1 0 0 1 
0 1 0 1 
1 1 0 0 
1 1 0 0 
1 0 1 0 
0 1 0 1 
0 1 0 1 
0 0 1 1 
1 1 0 0 
1 0 1 0 
0 1 0 1 
0 1 0 1 
0 1 1 0 
1 1 0 0 
0 0 1 1 
0 0 1 1 
1 1 0 0 
1 0 1 0 
0 1 0 1 
1 0 1 0 
1 1 0 0 
1 0 0 1 
1 0 0 1 
0 1 1 0 
1 0 1 0 
1 1 0 0 
0 0 1 1 
1 1 0 0 
1 1 0 0 
0 1 0 1 
1 0 1 0 
1 1 0 0 
0 0 1 1 
1 1 0 0 
0 1 0 1 
1 0 1 0 
0 1 0 1 
1 1 0 0 
0 1 0 1 
1 0 1 0 
0 0 1 1 
1 1 0 0 
1 0 1 0 
1 1 0 0 
1 1 0 0 
1 0 1 0 
0 1 0 1 
1 0 0 1 
0 1 1 0 
0 1 1 0 
1 0 1 0 
0 1 0 1 
0 1 0 1 
0 1 0 1 
0 1 0 1 
0 1 1 0 
1 1 0 0 
0 0 1 1 
0 0 1 1 
0 1 1 0 
1 0 0 1 
1 1 0 0 
1 0 0 1 
1 1 0 0 
1 1 0 0 
0 0 1 1 
0 0 1 1 
0 0 1 1 
1 0 0 1 
0 1 1 0 
0 1 0 1 
1 0 0 1 
0 1 1 0 
0 1 0 1 
0 0 1 1 
1 1 0 0 
1 1 0 0 
1 1 0 0 
0 1 1 0 
1 1 0 0 
0 0 1 1 
0 0 1 1 
1 1 0 0 
1 0 0 1 
0 1 1 0 
0 0 1 1 
1 0 1 0 
0 1 0 1 
1 0 1 0 
1 0 1 0 
0 1 0 1 
0 1 1 0 
0 1 0 1 
1 0 0 1 
0 1 0 1 
1 0 0 1 
0 1 1 0 
0 1 1 0 
0 1 1 0 
1 0 0 1 
1 0 0 1 
1 0 0 1 
0 1 1 0 
0 0 1 1 
1 1 0 0 
0 0 1 1 
1 1 0 0 
1 1 0 0 
1 1 0 0 
1 1 0 0 
0 0 1 1 
1 0 0 1 
0 1 1 0 
1 1 0 0 
0 0 1 1 
0 1 0 1 
1 0 1 0 
0 0 1 1 
0 0 1 1 
1 1 0 0 
1 1 0 0 
1 1 0 0 
1 0 1 0 
0 1 1 0 
1 0 0 1 
1 0 0 1 
1 0 0 1 
0 1 1 0 
1 0 0 1 
1 1 0 0 
0 1 0 1 
1 0 1 0 
1 1 0 0 
1 0 1 0 
1 0 1 0 
0 1 1 0 
1 0 1 0 
0 1 0 1 
1 0 1 0 
1 1 0 0 
1 0 1 0 
1 0 0 1 
1 1 0 0 
0 1 1 0 
0 1 0 1 
1 0 1 0 
0 1 0 1 
0 1 1 0 
0 1 0 1 
1 0 0 1 
0 0 1 1 
1 1 0 0 
1 0 0 1 
1 1 0 0 
0 0 1 1 
0 0 1 1 
1 1 0 0 
1 1 0 0 
1 0 0 1 
0 1 0 1 
1 0 1 0 
1 0 1 0 
1 1 0 0 
1 1 0 0 
1 0 0 1 
1 0 1 0 
0 1 1 0 
1 0 1 0 
0 0 1 1 
1 1 0 0 
0 0 1 1 
1 0 0 1 
0 1 1 0 
1 0 0 1 
0 1 0 1 
1 0 1 0 
1 0 1 0 
1 1 0 0 
1 0 0 1 
0 1 1 0 
0 1 0 1 
1 1 0 0 
0 1 0 1 
1 0 1 0 
1 1 0 0 
0 0 1 1 
0 1 0 1 
0 1 0 1 
0 0 1 1 
1 0 1 0 
1 0 1 0 
0 0 1 1 
0 1 0 1 
1 0 1 0 
1 0 1 0 
0 1 0 1 
1 1 0 0 
0 1 0 1 
0 0 1 1 
1 1 0 0 
1 0 1 0 
0 1 0 1 
1 0 1 0 
0 1 0 1 
0 1 1 0 
1 1 1 1 
;
TIMETABLE BEST: 
0.0 0.0 0.0 0.0 
14 0 14 0 
14 0 25 25 
14 67 25 67 
25 67 25 67 
25 97 25 97 
70 97 70 97 
91 97 91 97 
91 97 97 97 
91 97 132 132 
109 109 132 132 
109 144 132 144 
151 144 151 144 
151 161 151 161 
151 161 194 194 
179 179 194 194 
232 232 194 194 
232 232 207 207 
232 232 227 227 
232 275 275 227 
245 275 275 245 
265 275 275 265 
265 289 275 289 
297 289 297 289 
297 300 297 300 
297 300 300 300 
308 308 300 300 
308 331 331 300 
346 331 346 300 
346 331 361 361 
346 389 389 361 
346 389 389 389 
389 389 389 389 
389 389 389 389 
389 389 389 389 
389 389 389 389 
389 389 414 414 
425 425 414 414 
425 479 479 414 
533 533 479 414 
533 533 479 479 
533 551 479 551 
533 551 533 551 
553 551 553 551 
553 577 577 551 
577 577 577 551 
577 577 577 577 
596 596 577 577 
627 627 577 577 
627 627 627 577 
627 627 627 627 
638 638 627 627 
669 638 627 669 
669 640 640 669 
691 640 691 669 
691 669 691 669 
691 681 691 681 
691 690 691 690 
701 701 691 690 
701 701 709 709 
709 701 709 709 
709 734 734 709 
724 734 734 724 
747 734 747 724 
747 734 747 747 
747 758 747 758 
771 758 771 758 
794 758 771 794 
805 805 771 794 
805 805 808 808 
828 828 808 808 
828 828 808 828 
828 828 828 828 
828 828 828 828 
841 841 828 828 
841 864 864 828 
867 864 864 867 
867 867 864 867 
867 867 864 867 
879 879 864 867 
929 879 929 867 
929 888 929 888 
929 906 929 906 
929 906 929 929 
929 929 929 929 
950 929 950 929 
950 944 950 944 
950 955 950 955 
950 955 955 955 
967 967 955 955 
967 967 955 955 
967 967 1000 1000 
998 998 1000 1000 
1023 998 1023 1000 
1023 1046 1023 1046 
1056 1046 1056 1046 
1058 1058 1056 1046 
1058 1058 1056 1058 
1070 1058 1056 1070 
1070 1067 1067 1070 
1070 1067 1070 1070 
1093 1093 1070 1070 
1093 1093 1138 1138 
1119 1119 1138 1138 
1144 1144 1138 1138 
1144 1154 1138 1154 
1144 1154 1144 1154 
1156 1156 1144 1154 
1156 1156 1183 1183 
1168 1168 1183 1183 
1168 1183 1183 1183 
1186 1183 1186 1183 
1186 1200 1186 1200 
1208 1208 1186 1200 
1208 1212 1186 1212 
1230 1212 1230 1212 
1230 1212 1250 1250 
1252 1252 1250 1250 
1263 1252 1263 1250 
1274 1274 1263 1250 
1301 1301 1263 1250 
1332 1301 1332 1250 
1332 1301 1332 1301 
1369 1301 1332 1369 
1369 1366 1366 1369 
1369 1418 1418 1369 
1460 1418 1460 1369 
1460 1418 1460 1418 
1460 1435 1460 1435 
1460 1450 1460 1450 
1460 1459 1460 1459 
1460 1471 1471 1459 
1495 1495 1471 1459 
1495 1495 1482 1482 
1495 1495 1494 1494 
1495 1515 1515 1494 
1512 1515 1515 1512 
1530 1530 1515 1512 
1551 1530 1515 1551 
1575 1575 1515 1551 
1613 1613 1515 1551 
1613 1613 1551 1551 
1613 1613 1564 1564 
1613 1613 1597 1597 
1638 1613 1597 1638 
1638 1631 1631 1638 
1638 1665 1631 1665 
1682 1665 1631 1682 
1682 1665 1665 1682 
1682 1693 1665 1693 
1682 1693 1773 1773 
1702 1702 1773 1773 
1718 1718 1773 1773 
1772 1772 1773 1773 
1772 1828 1828 1773 
1852 1852 1828 1773 
1852 1852 1828 1828 
1852 1852 1868 1868 
1873 1873 1868 1868 
1898 1873 1868 1898 
1898 1884 1884 1898 
1898 1884 1900 1900 
1921 1884 1921 1900 
1921 1918 1921 1918 
1932 1918 1932 1918 
1975 1918 1975 1918 
1975 1973 1975 1973 
1975 1992 1992 1973 
1975 1992 1992 1992 
1992 1992 1992 1992 
1992 2004 1992 2004 
2015 2004 1992 2015 
2015 2005 2005 2015 
2015 2018 2018 2015 
2015 2061 2061 2015 
2036 2061 2061 2036 
2046 2061 2061 2046 
2086 2061 2061 2086 
2086 2098 2098 2086 
2086 2098 2115 2115 
2113 2113 2115 2115 
2113 2113 2183 2183 
2130 2130 2183 2183 
2143 2143 2183 2183 
2156 2156 2183 2183 
2203 2203 2183 2183 
2203 2203 2195 2195 
2203 2203 2195 2203 
2203 2230 2230 2203 
2241 2241 2230 2203 
2241 2241 2230 2230 
2241 2289 2230 2289 
2259 2289 2259 2289 
2259 2289 2316 2316 
2259 2289 2350 2350 
2289 2289 2350 2350 
2312 2312 2350 2350 
2349 2349 2350 2350 
2359 2349 2359 2350 
2359 2409 2409 2350 
2402 2409 2409 2402 
2414 2409 2409 2414 
2426 2409 2409 2426 
2426 2435 2435 2426 
2443 2435 2435 2443 
2467 2467 2435 2443 
2467 2478 2435 2478 
2470 2478 2470 2478 
2497 2497 2470 2478 
2497 2497 2497 2478 
2510 2497 2510 2478 
2510 2529 2529 2478 
2541 2529 2541 2478 
2541 2538 2541 2538 
2554 2538 2554 2538 
2559 2559 2554 2538 
2565 2559 2565 2538 
2573 2559 2565 2573 
2574 2574 2565 2573 
2574 2577 2577 2573 
2574 2590 2577 2590 
2603 2590 2603 2590 
2603 2607 2603 2607 
2603 2620 2620 2607 
2603 2620 2620 2620 
2620 2620 2620 2620 
2620 2620 2655 2655 
2653 2653 2655 2655 
2673 2653 2655 2673 
2686 2686 2655 2673 
2686 2686 2676 2676 
2686 2686 2706 2706 
2704 2704 2706 2706 
2716 2716 2706 2706 
2716 2716 2706 2716 
2716 2741 2706 2741 
2727 2741 2727 2741 
2738 2741 2738 2741 
2754 2754 2738 2741 
2788 2788 2738 2741 
2788 2788 2738 2788 
2788 2788 2788 2788 
2788 2801 2801 2788 
2820 2801 2820 2788 
2820 2801 2840 2840 
2854 2854 2840 2840 
2854 2854 2858 2858 
2875 2854 2858 2875 
2875 2916 2916 2875 
2925 2916 2916 2925 
2925 2982 2916 2982 
2938 2982 2938 2982 
2992 2982 2992 2982 
3031 3031 2992 2982 
3058 3031 2992 3058 
3058 3069 3069 3058 
3058 3081 3069 3081 
3085 3085 3069 3081 
3085 3095 3069 3095 
3102 3095 3102 3095 
3119 3119 3102 3095 
3119 3119 3127 3127 
3119 3133 3127 3133 
3119 3169 3127 3169 
3119 3169 3195 3195 
3195 3169 3195 3195 
3210 3169 3210 3195 
3210 3169 3225 3225 
3210 3259 3225 3259 
3280 3259 3280 3259 
3292 3259 3292 3259 
3292 3291 3292 3291 
3292 3292 3292 3291 
3292 3313 3292 3313 
3292 3313 3335 3335 
3331 3331 3335 3335 
3370 3331 3370 3335 
3370 3392 3370 3392 
3401 3392 3401 3392 
3401 3403 3401 3403 
3401 3421 3421 3403 
3472.0 3484.0 3527.0 3486.0 
;
EXECUTION TIME HBSS: 1188.91875005 seconds 

-------------------------------------------------------------------
