DATFILE : bwopen0_7r_500.dat
ENVIRONMENT : bwopen
ALGORITHM : HBSS - TAU 1
RANGE : 500
STARTING_POS : 0
N_ROBOTS : 7
GREEDY SOLUTION : [ 2168.]
COMPUTATIONS D :
10074
9258
9846
10674
11186
10624
12010
10556
10770
11302
10402
9976
10426
11236
10444
10340
11714
8932
10468
11302
10522
10302
11050
10248
10582
10834
10566
10056
11540
10654
10886
9704
10694
11478
10406
10514
10328
9786
9730
10866
9734
10426
9932
10814
11092
11524
11018
10098
9966
10292
11170
9670
10264
10006
10400
10558
11914
10454
9712
10138
10250
10662
10222
9732
10442
10410
11082
9950
10222
10292
10852
10882
9280
9984
10538
10596
10538
11438
10330
10914
10244
10484
11456
11068
11432
9878
10508
10338
10964
10164
11172
9834
9942
10606
10876
10392
10358
11280
11064
10782
10838
9958
9496
10294
11022
9600
10488
10094
10566
10782
11174
9794
10560
10814
9462
9932
11212
9844
10380
10706
10702
10764
11062
9362
10536
10532
9848
10202
10296
10050
9872
9934
10280
10018
9874
10650
9550
10700
11526
10736
9996
9970
10326
10688
10524
9928
10386
10768
10702
10252
9698
10360
10364
10586
10722
10746
9856
10108
10730
11160
10256
9754
9502
9736
10334
10388
9932
10106
10048
10678
9918
9824
9508
9704
11762
10920
10744
10432
9982
11618
10112
10526
10814
10296
10964
10822
11286
11242
10162
10778
11000
9856
11142
9940
10036
10368
10800
10526
9312
10512
;
HBBS sumD : 8932
BEST_CONFIGURATIONS : 
0 0 0 0 0 0 0 
0 0 0 0 4 0 0 
0 0 5 9 4 0 0 
0 1 5 9 4 0 0 
1 1 4 9 4 0 0 
1 1 4 9 4 0 27 
1 1 4 9 22 0 27 
1 1 4 9 22 26 27 
1 5 4 9 22 26 27 
1 27 4 9 22 26 27 
1 27 4 9 22 26 9 
1 27 4 9 8 26 9 
0 27 4 9 8 26 9 
0 27 4 9 8 26 9 
5 27 17 9 8 26 9 
5 27 17 9 22 5 9 
5 27 17 10 22 22 9 
5 27 17 10 22 25 9 
5 27 17 10 5 25 9 
5 1 17 10 5 25 9 
5 1 17 10 5 25 24 
5 1 17 10 5 25 24 
5 1 17 10 5 25 24 
5 1 17 10 5 25 24 
5 1 17 10 5 25 2 
2 1 11 10 5 25 2 
2 1 11 24 5 17 2 
2 1 11 24 22 17 2 
2 1 11 24 22 17 2 
1 1 11 24 22 17 2 
1 1 11 24 13 17 2 
1 0 11 24 13 17 2 
1 0 11 24 13 17 2 
1 0 11 24 13 22 2 
27 0 11 24 13 22 2 
27 0 11 24 13 22 2 
27 0 11 6 13 22 2 
27 0 11 6 13 22 12 
27 0 11 6 8 22 12 
27 0 11 2 8 22 12 
27 0 11 2 8 22 12 
27 0 11 27 8 22 12 
27 0 11 27 13 9 12 
1 0 11 27 13 14 12 
1 0 11 27 25 14 12 
1 4 11 9 25 14 12 
1 4 11 9 25 14 12 
1 4 11 9 25 14 12 
1 26 11 9 25 14 12 
1 22 19 9 25 14 12 
1 22 19 9 18 14 12 
2 22 19 9 18 8 12 
2 22 19 9 15 8 12 
2 22 19 9 15 8 16 
2 4 19 10 15 8 16 
2 4 19 10 15 8 16 
2 4 19 10 15 8 12 
2 4 19 15 15 8 12 
2 4 19 18 15 8 12 
2 22 19 18 15 8 24 
2 22 4 18 15 8 24 
12 22 4 18 15 9 24 
12 9 4 18 15 9 24 
12 27 4 18 14 9 24 
12 11 4 18 14 9 24 
12 11 4 25 10 9 24 
12 11 4 14 15 9 24 
12 11 4 14 15 9 5 
12 11 4 14 15 9 5 
12 11 4 18 15 10 5 
12 11 4 18 10 10 5 
12 11 4 18 10 10 5 
12 11 4 25 20 10 5 
16 11 4 25 20 10 5 
16 11 4 25 20 10 5 
16 11 4 25 20 15 5 
6 11 4 25 20 15 5 
6 11 4 5 20 15 5 
6 6 4 5 20 15 4 
6 6 1 5 20 10 4 
6 6 1 5 20 15 4 
6 6 1 5 20 14 0 
6 11 1 5 23 14 0 
6 3 1 5 23 14 0 
6 16 1 5 23 14 0 
6 16 27 9 23 14 0 
10 16 27 9 23 14 27 
10 16 27 9 10 13 27 
10 16 27 9 10 13 2 
10 16 24 9 10 13 2 
10 16 24 0 10 13 2 
10 16 27 0 15 13 2 
24 16 27 0 15 8 2 
10 16 27 0 15 8 2 
10 16 27 0 14 5 2 
10 16 27 0 14 5 2 
10 12 27 0 14 5 2 
10 12 27 0 14 5 6 
15 12 27 0 13 5 6 
15 12 27 26 13 5 6 
15 12 27 26 13 25 6 
15 12 27 5 13 25 6 
15 12 21 7 13 25 6 
14 12 21 7 13 25 6 
14 12 21 7 13 25 7 
14 19 21 7 13 25 7 
15 19 21 7 13 25 7 
15 19 21 7 13 17 7 
15 19 21 7 13 5 21 
15 19 21 7 8 5 21 
15 23 9 7 8 5 21 
15 23 9 7 8 5 21 
26 23 9 7 4 5 21 
26 23 9 7 4 5 20 
22 23 9 7 4 5 20 
22 23 9 7 4 8 20 
22 23 9 7 26 8 20 
22 23 9 7 27 8 20 
22 20 9 7 9 8 20 
22 18 27 7 9 8 20 
22 18 27 7 9 8 19 
22 18 27 7 9 8 19 
22 18 27 21 10 8 19 
22 18 9 21 10 8 25 
22 18 9 6 10 8 25 
22 18 9 3 15 8 25 
22 18 24 3 15 19 25 
8 14 24 3 15 19 25 
17 14 27 3 15 19 25 
25 14 27 3 15 19 25 
25 14 27 3 15 19 25 
25 14 27 3 10 19 25 
17 14 27 3 10 19 25 
17 7 27 3 10 19 25 
17 7 27 7 19 19 25 
17 7 27 7 19 19 25 
17 7 27 7 19 19 14 
17 7 27 7 19 19 9 
17 7 11 7 19 19 9 
2 7 11 7 19 19 9 
2 21 11 7 19 19 9 
2 21 11 7 19 19 24 
2 2 11 7 19 5 24 
2 2 11 21 19 5 24 
2 2 11 6 19 5 24 
2 2 11 6 14 5 21 
2 2 11 21 14 5 21 
2 2 11 6 14 26 21 
2 2 11 16 14 26 21 
2 2 11 16 14 26 3 
2 2 23 16 15 26 3 
3 2 16 16 15 26 3 
3 2 16 16 15 26 3 
3 2 16 16 12 26 3 
3 2 16 16 12 26 7 
3 2 16 16 10 26 3 
3 24 16 20 10 26 3 
3 6 16 20 10 26 3 
3 6 16 20 10 11 3 
3 6 16 20 10 27 7 
3 6 16 20 10 27 7 
3 24 16 20 10 27 7 
3 24 16 20 10 27 7 
3 24 3 20 24 27 7 
3 24 3 20 24 27 7 
21 24 3 20 24 27 12 
10 24 3 20 24 27 12 
10 24 7 11 24 27 12 
10 24 7 11 24 27 7 
10 24 13 14 24 27 7 
11 24 13 14 24 27 7 
11 24 9 14 24 27 3 
11 9 9 14 24 27 7 
11 9 9 14 21 2 7 
6 9 9 14 21 2 7 
6 19 9 14 6 2 7 
6 19 9 14 19 5 7 
6 19 9 12 23 5 7 
6 8 9 12 25 5 7 
1 8 9 12 25 5 3 
27 8 9 12 25 5 3 
27 8 9 5 25 5 1 
27 8 9 5 25 5 1 
27 8 9 5 25 5 1 
27 8 9 5 25 5 1 
27 13 9 5 25 22 1 
27 13 9 5 25 22 1 
27 13 9 5 25 22 21 
27 13 9 5 25 8 21 
5 13 9 5 25 8 21 
26 13 9 5 25 8 21 
26 14 9 26 25 8 21 
26 14 9 26 25 17 21 
5 18 9 26 25 17 21 
5 18 9 26 25 17 21 
19 18 9 23 25 17 21 
19 18 24 23 25 25 21 
19 18 6 23 25 25 21 
19 18 6 23 25 25 21 
19 18 24 23 25 25 21 
19 18 24 23 25 25 21 
19 20 24 23 25 25 7 
19 20 24 23 25 13 7 
19 23 24 23 25 13 7 
19 23 24 23 25 13 12 
19 23 24 23 25 13 12 
19 23 11 23 25 22 12 
19 16 11 23 25 22 12 
19 16 19 23 25 22 16 
18 20 19 23 25 22 16 
18 20 19 23 18 14 16 
18 20 19 23 18 14 23 
18 16 23 23 18 14 23 
20 12 23 23 18 14 23 
20 12 23 17 22 14 23 
20 12 23 17 22 10 23 
20 12 23 17 22 10 20 
20 12 23 17 22 15 20 
20 12 19 17 22 15 20 
20 16 19 17 22 15 11 
20 16 19 17 22 15 11 
17 16 18 17 22 15 11 
17 16 18 17 26 15 11 
17 16 18 15 24 15 11 
17 16 18 15 10 15 15 
17 23 18 15 10 14 15 
17 23 18 15 10 18 15 
17 23 18 15 10 18 6 
17 20 18 15 10 14 6 
17 20 17 15 10 25 6 
17 20 17 15 15 25 6 
17 20 17 15 19 25 6 
17 19 17 15 19 18 6 
17 19 17 15 19 18 10 
17 19 13 15 19 18 10 
4 19 13 15 19 18 27 
4 19 13 15 19 18 27 
1 19 13 15 21 18 27 
26 19 13 15 21 10 27 
26 11 9 15 21 10 27 
26 6 9 15 21 10 1 
6 6 9 15 7 10 1 
6 6 5 15 7 10 1 
6 9 5 15 7 10 1 
6 9 5 14 7 24 1 
6 9 26 14 7 24 1 
6 9 2 14 7 7 1 
6 2 2 15 7 7 1 
6 2 2 15 7 1 1 
6 2 2 15 7 1 27 
6 2 2 15 12 1 27 
6 2 2 15 12 1 26 
6 2 2 14 12 1 22 
6 6 2 14 12 1 22 
6 9 2 14 12 1 8 
6 9 6 14 12 0 8 
6 9 6 14 19 0 8 
6 9 9 14 19 0 8 
6 9 9 22 19 0 8 
6 9 9 22 18 0 26 
6 18 9 22 18 8 26 
6 18 9 22 18 25 26 
6 17 9 26 18 25 26 
2 17 4 26 18 25 26 
2 17 4 0 18 25 5 
2 19 4 0 18 25 15 
1 19 4 0 18 25 15 
1 19 4 13 25 25 15 
1 19 4 13 25 25 25 
1 11 4 27 25 25 25 
1 11 4 4 25 25 17 
1 11 8 4 17 25 17 
4 11 8 4 13 25 17 
1 11 8 4 13 25 17 
3 11 21 4 13 25 17 
3 11 21 4 13 20 17 
3 6 21 4 27 20 17 
3 6 21 4 24 23 17 
3 6 21 4 24 23 17 
3 3 21 4 24 23 2 
3 3 1 4 27 23 2 
0 0 0 0 0 0 0 
;
ROBOT MOVING BEST:
0 0 0 0 0 0 0 
1 0 0 0 1 0 0 
0 0 1 1 0 0 0 
1 1 0 0 0 0 0 
1 0 1 0 0 0 0 
0 0 0 0 0 1 1 
0 0 0 0 1 1 0 
0 1 0 0 0 1 0 
0 1 0 0 0 0 1 
0 1 0 0 0 1 0 
0 0 0 0 1 0 1 
0 0 0 0 1 1 0 
1 0 0 0 0 1 0 
0 0 0 1 0 1 0 
1 0 1 0 0 0 0 
0 0 0 0 1 1 0 
0 0 0 1 0 1 0 
0 0 0 0 1 1 0 
0 0 0 1 1 0 0 
0 1 0 0 0 0 1 
1 0 0 0 0 0 1 
0 1 0 0 0 0 1 
0 0 0 1 0 0 1 
1 0 0 0 0 1 0 
0 0 0 1 0 0 1 
1 0 1 0 0 0 0 
0 0 0 1 0 1 0 
0 1 0 0 1 0 0 
0 0 0 1 0 0 1 
1 0 0 0 0 0 1 
0 1 0 0 1 0 0 
0 1 0 0 0 1 0 
0 1 0 1 0 0 0 
0 0 0 0 0 1 1 
1 0 0 1 0 0 0 
0 1 0 0 1 0 0 
0 0 0 1 0 0 1 
0 0 1 0 0 0 1 
0 0 0 1 1 0 0 
0 1 0 1 0 0 0 
0 1 0 0 1 0 0 
0 0 0 1 0 1 0 
0 0 0 0 1 1 0 
1 0 0 0 0 1 0 
0 1 0 0 1 0 0 
0 1 0 1 0 0 0 
0 1 0 0 1 0 0 
0 1 0 0 0 1 0 
0 1 0 0 1 0 0 
0 1 1 0 0 0 0 
0 1 0 0 1 0 0 
1 0 0 0 0 1 0 
0 1 0 0 1 0 0 
0 0 0 1 0 0 1 
0 1 0 1 0 0 0 
0 0 0 0 1 0 1 
0 0 0 0 1 0 1 
0 1 0 1 0 0 0 
0 1 0 1 0 0 0 
0 1 0 0 0 0 1 
0 0 1 0 0 0 1 
1 0 0 0 0 1 0 
0 1 0 0 1 0 0 
0 1 0 0 1 0 0 
0 1 0 0 1 0 0 
0 0 0 1 1 0 0 
0 0 0 1 1 0 0 
0 1 0 0 0 0 1 
0 0 0 1 0 1 0 
0 0 0 1 0 1 0 
0 1 0 0 1 0 0 
0 1 0 1 0 0 0 
0 0 0 1 1 0 0 
1 0 0 0 0 1 0 
0 1 0 1 0 0 0 
0 1 0 0 0 1 0 
1 0 0 0 1 0 0 
0 0 1 1 0 0 0 
0 1 0 0 0 0 1 
0 0 1 0 0 1 0 
0 1 0 0 0 1 0 
0 0 0 0 0 1 1 
0 1 0 0 1 0 0 
0 1 0 0 1 0 0 
0 1 0 0 0 1 0 
0 0 1 1 0 0 0 
1 0 0 0 0 0 1 
0 0 0 0 1 1 0 
0 0 0 1 0 0 1 
0 0 1 1 0 0 0 
0 0 0 1 1 0 0 
0 0 1 0 1 0 0 
1 0 0 0 0 1 0 
1 0 0 0 0 1 0 
0 0 0 0 1 1 0 
0 0 0 0 1 0 1 
0 1 0 0 0 0 1 
1 0 0 0 0 0 1 
1 0 0 0 1 0 0 
0 0 0 1 0 1 0 
0 0 1 0 0 1 0 
1 0 0 1 0 0 0 
0 0 1 1 0 0 0 
1 0 0 0 0 0 1 
0 1 0 0 0 0 1 
0 1 1 0 0 0 0 
1 0 0 0 0 0 1 
0 0 0 0 1 1 0 
0 0 0 0 0 1 1 
1 0 0 0 1 0 0 
0 1 1 0 0 0 0 
1 0 0 0 0 0 1 
1 0 0 0 1 0 0 
0 1 0 0 0 0 1 
1 0 0 0 1 0 0 
0 0 0 0 1 1 0 
1 0 0 0 1 0 0 
0 0 0 0 1 0 1 
0 1 0 0 1 0 0 
0 1 1 0 0 0 0 
0 0 0 0 0 1 1 
0 0 1 0 0 0 1 
0 0 0 1 1 0 0 
0 0 1 0 0 0 1 
1 0 0 1 0 0 0 
0 0 0 1 1 0 0 
0 0 1 0 0 1 0 
1 1 0 0 0 0 0 
1 0 1 0 0 0 0 
1 1 0 0 0 0 0 
0 0 0 0 1 0 1 
0 1 0 0 1 0 0 
1 0 0 0 1 0 0 
0 1 0 1 0 0 0 
0 0 0 1 1 0 0 
1 0 0 0 1 0 0 
1 0 0 0 0 0 1 
0 0 0 0 1 0 1 
0 0 1 0 1 0 0 
1 0 0 0 1 0 0 
0 1 0 0 0 0 1 
0 0 0 1 0 0 1 
0 1 0 0 0 1 0 
0 0 0 1 0 0 1 
0 0 0 1 0 0 1 
0 0 0 0 1 0 1 
0 0 1 1 0 0 0 
0 0 0 1 0 1 0 
0 0 0 1 0 0 1 
0 0 1 0 0 0 1 
0 0 1 0 1 0 0 
1 0 1 0 0 0 0 
0 0 0 0 1 1 0 
0 0 0 0 1 0 1 
0 0 1 0 0 0 1 
0 0 0 0 1 0 1 
0 1 0 1 0 0 0 
1 1 0 0 0 0 0 
0 1 0 0 0 1 0 
0 0 0 0 0 1 1 
0 1 1 0 0 0 0 
0 1 1 0 0 0 0 
0 0 1 1 0 0 0 
0 0 1 0 1 0 0 
1 0 0 1 0 0 0 
1 0 0 0 0 0 1 
1 0 0 0 0 0 1 
0 0 1 1 0 0 0 
1 0 0 0 0 0 1 
0 0 1 1 0 0 0 
1 1 0 0 0 0 0 
0 0 1 0 0 0 1 
0 1 0 0 0 0 1 
0 0 0 0 1 1 0 
1 1 0 0 0 0 0 
0 1 0 0 1 0 0 
0 0 0 0 1 1 0 
0 0 0 1 1 0 0 
0 1 0 0 1 0 0 
1 0 0 0 0 0 1 
1 0 0 0 0 0 1 
0 0 0 1 0 0 1 
1 1 0 0 0 0 0 
0 1 0 0 0 0 1 
0 1 0 0 0 1 0 
0 1 0 0 0 1 0 
1 1 0 0 0 0 0 
1 0 0 0 0 0 1 
0 1 0 0 0 1 0 
1 1 0 0 0 0 0 
1 1 0 0 0 0 0 
0 1 0 1 0 0 0 
0 0 1 0 0 1 0 
1 1 0 0 0 0 0 
0 1 1 0 0 0 0 
1 0 0 1 0 0 0 
0 0 1 0 0 1 0 
0 0 1 0 0 0 1 
0 1 1 0 0 0 0 
0 1 1 0 0 0 0 
0 1 0 0 0 1 0 
0 1 0 0 0 0 1 
0 0 1 0 0 1 0 
0 1 0 0 0 0 1 
1 0 0 0 0 0 1 
0 0 1 0 0 0 1 
0 0 1 0 0 1 0 
0 1 0 0 0 0 1 
0 0 1 0 0 0 1 
1 1 0 0 0 0 0 
0 0 0 0 1 1 0 
0 0 0 0 1 0 1 
0 1 1 0 0 0 0 
1 1 0 0 0 0 0 
0 0 0 1 1 0 0 
0 0 0 0 0 1 1 
0 0 0 0 0 1 1 
0 0 0 0 0 1 1 
0 0 1 0 0 0 1 
0 1 0 0 0 0 1 
1 0 0 0 0 0 1 
1 0 1 0 0 0 0 
0 0 0 0 1 0 1 
0 0 0 1 1 0 0 
0 0 0 0 1 0 1 
0 1 0 0 0 1 0 
0 0 0 0 0 1 1 
0 1 0 0 0 0 1 
0 1 0 0 0 1 0 
0 0 1 0 0 1 0 
0 0 1 0 1 0 0 
0 0 0 0 1 1 0 
0 1 0 0 0 1 0 
0 0 0 0 1 0 1 
0 1 1 0 0 0 0 
1 0 0 0 0 0 1 
0 0 1 0 0 1 0 
1 0 0 0 1 0 0 
1 0 0 0 0 1 0 
0 1 1 0 0 0 0 
0 1 0 0 0 0 1 
1 0 0 0 1 0 0 
0 1 1 0 0 0 0 
0 1 0 0 0 1 0 
0 0 0 1 0 1 0 
0 0 1 0 0 1 0 
0 0 1 0 0 1 0 
0 1 0 1 0 0 0 
0 0 0 1 0 1 0 
0 1 0 0 0 0 1 
0 0 0 0 1 0 1 
0 1 0 0 0 0 1 
0 0 0 1 0 0 1 
0 1 0 0 1 0 0 
0 1 0 0 0 0 1 
0 0 1 0 0 1 0 
0 0 0 1 1 0 0 
0 0 1 0 0 1 0 
0 0 0 1 0 0 1 
0 0 0 0 1 0 1 
0 1 0 0 0 1 0 
1 0 0 0 0 1 0 
0 1 0 1 0 0 0 
1 0 1 0 0 0 0 
0 0 0 1 0 0 1 
0 1 0 0 0 0 1 
1 0 0 0 1 0 0 
0 0 0 1 1 0 0 
1 0 0 0 0 0 1 
0 1 0 1 0 0 0 
0 0 0 1 0 0 1 
0 0 1 0 1 0 0 
1 0 0 0 1 0 0 
1 1 0 0 0 0 0 
1 0 1 0 0 0 0 
0 0 1 0 0 1 0 
0 1 0 0 1 0 0 
0 0 0 0 1 1 0 
0 0 1 0 0 1 0 
0 1 0 0 0 0 1 
0 0 1 0 1 0 0 
1 1 1 1 1 1 1 
;
TIMETABLE BEST: 
0.0 0.0 0.0 0.0 0.0 0.0 0.0 
0 0 0 0 14 0 0 
0 0 24 46 14 0 0 
0 18 24 46 14 0 0 
18 18 38 46 14 0 0 
18 18 38 46 14 0 33 
18 18 38 46 26 0 33 
18 18 38 46 26 17 33 
18 36 38 46 26 17 33 
18 57 38 46 26 17 33 
18 57 38 46 26 17 48 
18 57 38 46 38 17 48 
36 57 38 46 38 17 48 
36 57 38 46 38 17 48 
60 57 76 46 38 17 48 
60 57 76 46 50 26 48 
60 57 76 60 50 38 48 
60 57 76 60 50 70 48 
60 57 76 60 62 70 48 
60 72 76 60 62 70 48 
60 72 76 60 62 70 63 
60 72 76 60 62 70 63 
60 72 76 60 62 70 63 
60 72 76 60 62 70 63 
60 72 76 60 62 70 82 
98 72 141 60 62 70 82 
98 72 141 73 62 82 82 
98 72 141 73 74 82 82 
98 72 141 73 74 82 82 
118 72 141 73 74 82 82 
118 72 141 73 93 82 82 
118 90 141 73 93 82 82 
118 90 141 73 93 82 82 
118 90 141 73 93 112 82 
133 90 141 73 93 112 82 
133 90 141 73 93 112 82 
133 90 141 86 93 112 82 
133 90 141 86 93 112 138 
133 90 141 86 106 112 138 
133 90 141 104 106 112 138 
133 90 141 104 106 112 138 
133 90 141 123 106 112 138 
133 90 141 123 119 136 138 
148 90 141 123 119 152 138 
148 90 141 123 132 152 138 
148 104 141 138 132 152 138 
148 104 141 138 132 152 138 
148 104 141 138 132 152 138 
148 115 141 138 132 152 138 
148 126 171 138 132 152 138 
148 126 171 138 145 152 138 
168 126 171 138 145 182 138 
168 126 171 138 163 182 138 
168 126 171 138 163 182 149 
168 138 171 152 163 182 149 
168 138 171 152 163 182 149 
168 138 171 152 163 182 160 
168 138 171 163 163 182 160 
168 138 171 181 163 182 160 
168 150 171 181 163 182 205 
168 150 244 181 163 182 205 
224 150 244 181 163 214 205 
224 174 244 181 163 214 205 
224 189 244 181 176 214 205 
224 227 244 181 176 214 205 
224 227 244 194 194 214 205 
224 227 244 210 205 214 205 
224 227 244 210 205 214 240 
224 227 244 210 205 214 240 
224 227 244 221 205 228 240 
224 227 244 221 216 228 240 
224 227 244 221 216 228 240 
224 227 244 234 252 228 240 
235 227 244 234 252 228 240 
235 227 244 234 252 228 240 
235 227 244 234 252 239 240 
282 227 244 234 252 239 240 
282 227 244 270 252 239 240 
282 244 244 270 252 239 254 
282 244 274 270 252 250 254 
282 244 274 270 252 261 254 
282 244 274 270 252 274 268 
282 261 274 270 262 274 268 
282 292 274 270 262 274 268 
282 335 274 270 262 274 268 
282 335 289 292 262 274 268 
308 335 289 292 262 274 301 
308 335 289 292 308 299 301 
308 335 289 292 308 299 320 
308 335 315 292 308 299 320 
308 335 315 338 308 299 320 
308 335 341 338 319 299 320 
321 335 341 338 319 312 320 
334 335 341 338 319 312 320 
334 335 341 338 332 336 320 
334 335 341 338 332 336 320 
334 346 341 338 332 336 320 
334 346 341 338 332 336 338 
345 346 341 338 357 336 338 
345 346 341 355 357 336 338 
345 346 341 355 357 372 338 
345 346 341 364 357 372 338 
345 346 384 430 357 372 338 
358 346 384 430 357 372 338 
358 346 384 430 357 372 358 
358 391 384 430 357 372 358 
371 391 384 430 357 372 358 
371 391 384 430 357 384 358 
371 391 384 430 357 424 370 
371 391 384 430 370 424 370 
371 414 424 430 370 424 370 
371 414 424 430 370 424 370 
423 414 424 430 384 424 370 
423 414 424 430 384 424 424 
434 414 424 430 384 424 424 
434 414 424 430 384 448 424 
434 414 424 430 395 448 424 
434 414 424 430 417 448 424 
434 424 424 430 432 448 424 
434 457 439 430 432 448 424 
434 457 439 430 432 448 437 
434 457 439 430 432 448 437 
434 457 439 442 446 448 437 
434 457 454 442 446 448 470 
434 457 454 454 446 448 470 
434 457 454 478 457 448 470 
434 457 469 478 457 507 470 
446 468 469 478 457 507 470 
470 468 495 478 457 507 470 
482 468 495 478 457 507 470 
482 468 495 478 457 507 470 
482 468 495 478 468 507 470 
494 468 495 478 468 507 470 
494 530 495 478 468 507 470 
494 530 495 494 499 507 470 
494 530 495 494 499 507 470 
494 530 495 494 499 507 486 
494 530 495 494 499 507 502 
494 530 533 494 499 507 502 
572 530 533 494 499 507 502 
572 542 533 494 499 507 502 
572 542 533 494 499 507 517 
572 568 533 494 499 566 517 
572 568 533 506 499 566 517 
572 568 533 518 499 566 517 
572 568 533 518 528 566 542 
572 568 533 530 528 566 542 
572 568 533 542 528 575 542 
572 568 533 589 528 575 542 
572 568 533 589 528 575 554 
572 568 568 589 541 575 554 
594 568 579 589 541 575 554 
594 568 579 589 541 575 554 
594 568 579 589 586 575 554 
594 568 579 589 586 575 570 
594 568 579 589 632 575 586 
594 587 579 610 632 575 586 
594 600 579 610 632 575 586 
594 600 579 610 632 631 586 
594 600 579 610 632 669 602 
594 600 579 610 632 669 602 
594 613 579 610 632 669 602 
594 613 579 610 632 669 602 
594 613 622 610 645 669 602 
594 613 622 610 645 669 602 
606 613 622 610 645 669 620 
644 613 622 610 645 669 620 
644 613 638 645 645 669 620 
644 613 638 645 645 669 638 
644 613 719 682 645 669 638 
665 613 719 682 645 669 638 
665 613 754 682 645 669 654 
665 628 754 682 645 669 670 
665 628 754 682 670 688 670 
682 628 754 682 670 688 670 
682 665 754 682 682 688 670 
682 665 754 682 727 726 670 
682 665 754 734 750 726 670 
682 724 754 734 806 726 670 
718 724 754 734 806 726 686 
733 724 754 734 806 726 686 
733 724 754 808 806 726 726 
733 724 754 808 806 726 726 
733 724 754 808 806 726 726 
733 724 754 808 806 726 726 
733 737 754 808 806 738 726 
733 737 754 808 806 738 726 
733 737 754 808 806 738 770 
733 737 754 808 806 750 770 
754 737 754 808 806 750 770 
763 737 754 808 806 750 770 
763 762 754 817 806 750 770 
763 762 754 817 806 774 770 
772 773 754 817 806 774 770 
772 773 754 817 806 774 770 
831 773 754 908 806 774 770 
831 773 769 908 806 786 770 
831 773 782 908 806 786 770 
831 773 782 908 806 786 770 
831 773 795 908 806 786 770 
831 773 795 908 806 786 770 
831 806 795 908 806 786 782 
831 806 795 908 806 799 782 
831 816 795 908 806 799 782 
831 816 795 908 806 799 800 
831 816 795 908 806 799 800 
831 816 813 908 806 818 800 
831 827 813 908 806 818 800 
831 827 843 908 806 818 811 
851 848 843 908 806 818 811 
851 848 843 908 819 850 811 
851 848 843 908 819 850 822 
851 869 866 908 819 850 822 
884 880 866 908 819 850 822 
884 880 866 966 860 850 822 
884 880 866 966 860 868 822 
884 880 866 966 860 868 832 
884 880 866 966 860 879 832 
884 880 889 966 860 879 832 
884 891 889 966 860 879 867 
884 891 889 966 860 879 867 
932 891 909 966 860 879 867 
932 891 909 966 871 879 867 
932 891 909 1001 915 879 867 
932 891 909 1001 928 879 897 
932 902 909 1001 928 892 897 
932 902 909 1001 928 903 897 
932 902 909 1001 928 903 934 
932 912 909 1001 928 914 934 
932 912 926 1001 928 930 934 
932 912 926 1001 939 930 934 
932 912 926 1001 963 930 934 
932 925 926 1001 963 943 934 
932 925 926 1001 963 943 960 
932 925 937 1001 963 943 960 
970 925 937 1001 963 943 987 
970 925 937 1001 963 943 987 
1000 925 937 1001 1012 943 987 
1019 925 937 1001 1012 972 987 
1019 955 972 1001 1012 972 987 
1019 972 972 1001 1012 972 1002 
1074 972 972 1001 1024 972 1002 
1074 972 994 1001 1024 972 1002 
1074 1000 994 1001 1024 972 1002 
1074 1000 994 1014 1024 985 1002 
1074 1000 1003 1014 1024 985 1002 
1074 1000 1042 1014 1024 1016 1002 
1074 1034 1042 1027 1024 1016 1002 
1074 1034 1042 1027 1024 1072 1002 
1074 1034 1042 1027 1024 1072 1017 
1074 1034 1042 1027 1042 1072 1017 
1074 1034 1042 1027 1042 1072 1039 
1074 1034 1042 1040 1042 1072 1050 
1074 1052 1042 1040 1042 1072 1050 
1074 1080 1042 1040 1042 1072 1062 
1074 1080 1060 1040 1042 1090 1062 
1074 1080 1060 1040 1087 1090 1062 
1074 1080 1088 1040 1087 1090 1062 
1074 1080 1088 1072 1087 1090 1062 
1074 1080 1088 1072 1107 1090 1085 
1074 1107 1088 1072 1107 1116 1085 
1074 1107 1088 1072 1107 1142 1085 
1074 1124 1088 1083 1107 1142 1085 
1092 1124 1124 1083 1107 1142 1085 
1092 1124 1124 1100 1107 1142 1094 
1092 1159 1124 1100 1107 1142 1137 
1112 1159 1124 1100 1107 1142 1137 
1112 1159 1124 1139 1120 1142 1137 
1112 1159 1124 1139 1120 1142 1160 
1112 1189 1124 1189 1120 1142 1160 
1112 1189 1124 1222 1120 1142 1172 
1112 1189 1138 1222 1132 1142 1172 
1142 1189 1138 1222 1143 1142 1172 
1172 1189 1138 1222 1143 1142 1172 
1212 1189 1208 1222 1143 1142 1172 
1212 1189 1208 1222 1143 1188 1172 
1212 1206 1208 1222 1193 1188 1172 
1212 1206 1208 1222 1219 1198 1172 
1212 1206 1208 1222 1219 1198 1172 
1212 1230 1208 1222 1219 1198 1250 
1212 1230 1252 1222 1245 1198 1250 
1270.0 1288.0 1270.0 1236.0 1278.0 1304.0 1286.0 
;
EXECUTION TIME HBSS: 3821.03580904 seconds 

-------------------------------------------------------------------
