DATFILE : bwopen0_4r_500.dat
ENVIRONMENT : bwopen
ALGORITHM : HBSS - TAU 6
RANGE : 500
STARTING_POS : 0
N_ROBOTS : 4
GREEDY SOLUTION : 1298.0
COMPUTATIONS T :
1315.0
1417.0
1309.0
1385.0
1392.0
1327.0
1330.0
1324.0
1339.0
1337.0
1343.0
1320.0
1305.0
1330.0
1344.0
1397.0
1362.0
1346.0
1307.0
1380.0
1309.0
1304.0
1345.0
1326.0
1328.0
1257.0
1287.0
1349.0
1323.0
1285.0
1346.0
1311.0
1347.0
1267.0
1300.0
1299.0
1329.0
1377.0
1354.0
1307.0
1334.0
1310.0
1280.0
1312.0
1332.0
1276.0
1321.0
1363.0
1322.0
1361.0
1262.0
1346.0
1340.0
1322.0
1246.0
1346.0
1349.0
1274.0
1317.0
1316.0
1345.0
1283.0
1325.0
1393.0
1342.0
1232.0
1309.0
1356.0
1346.0
1340.0
1373.0
1354.0
1346.0
1288.0
1375.0
1326.0
1337.0
1293.0
1296.0
1259.0
1299.0
1312.0
1329.0
1338.0
1276.0
1310.0
1335.0
1340.0
1336.0
1341.0
1312.0
1309.0
1336.0
1306.0
1286.0
1282.0
1303.0
1298.0
1267.0
1317.0
1314.0
1268.0
1276.0
1296.0
1280.0
1283.0
1357.0
1339.0
1417.0
1336.0
1297.0
1308.0
1399.0
1348.0
1326.0
1277.0
1339.0
1298.0
1277.0
1285.0
1270.0
1306.0
1329.0
1334.0
1349.0
1228.0
1379.0
1254.0
1326.0
1359.0
1320.0
1328.0
1284.0
1272.0
1370.0
1260.0
1388.0
1342.0
1317.0
1301.0
1313.0
1417.0
1339.0
1298.0
1298.0
1322.0
1287.0
1339.0
1327.0
1246.0
1308.0
1287.0
1352.0
1342.0
1353.0
1302.0
1357.0
1354.0
1273.0
1360.0
1291.0
1318.0
1275.0
1337.0
1346.0
1288.0
1353.0
1247.0
1338.0
1321.0
1284.0
1329.0
1303.0
1310.0
1379.0
1316.0
1295.0
1292.0
1254.0
1310.0
1333.0
1278.0
1273.0
1344.0
1227.0
1378.0
1311.0
1236.0
1344.0
1340.0
1398.0
1384.0
1270.0
1353.0
1299.0
1294.0
1227.0
1325.0
1254.0
1372.0
;
HBBS bestT : 1227.0
BEST_CONFIGURATIONS : 
0 0 0 0 
0 4 0 0 
0 4 26 0 
0 4 26 0 
0 4 26 1 
0 4 26 1 
0 4 26 1 
0 4 5 1 
0 4 5 1 
0 4 5 1 
0 26 5 1 
0 26 5 27 
0 26 5 27 
0 26 5 27 
0 22 5 27 
0 22 5 27 
0 22 5 27 
0 22 26 27 
4 22 26 27 
4 22 26 27 
4 8 26 27 
4 8 0 27 
4 8 0 27 
26 8 0 27 
26 8 0 9 
26 8 0 9 
26 8 0 9 
5 8 0 9 
5 8 0 9 
5 8 4 9 
22 8 4 9 
22 8 4 9 
4 13 4 9 
4 13 0 9 
4 13 0 9 
4 17 0 9 
4 17 0 9 
4 17 0 9 
26 13 0 9 
26 13 0 10 
26 13 0 10 
26 13 0 10 
5 13 0 10 
5 13 0 10 
5 13 4 10 
5 17 4 10 
5 17 4 10 
5 17 26 10 
5 17 26 15 
5 17 26 15 
5 17 26 15 
5 13 22 15 
5 13 22 15 
5 13 22 15 
4 13 22 15 
4 17 22 15 
4 17 22 10 
8 17 22 10 
8 17 22 10 
8 13 22 10 
8 13 22 15 
8 13 9 15 
8 25 9 15 
8 25 9 15 
8 25 9 15 
8 25 9 10 
8 25 9 10 
22 25 9 10 
26 25 9 10 
26 25 9 24 
26 25 9 24 
26 25 9 24 
5 25 9 24 
5 25 9 24 
5 25 10 24 
22 25 10 24 
22 17 10 24 
22 17 15 24 
22 13 15 24 
4 13 15 24 
4 13 14 24 
4 13 14 24 
4 13 14 24 
4 13 18 24 
4 13 18 24 
4 13 18 24 
26 13 14 24 
26 17 14 24 
26 17 14 6 
26 17 14 6 
5 17 14 6 
5 17 14 6 
5 25 14 6 
5 25 14 6 
5 25 18 6 
5 25 18 6 
5 25 18 6 
26 25 18 6 
26 17 18 6 
26 17 18 11 
26 17 18 11 
26 25 18 11 
5 25 18 11 
5 25 14 11 
5 18 14 11 
22 18 14 11 
22 18 14 11 
22 18 14 11 
8 14 14 11 
8 14 18 11 
8 14 18 6 
8 15 14 6 
8 15 14 6 
22 15 14 6 
22 10 14 6 
22 10 14 6 
4 10 14 6 
4 10 18 6 
4 10 18 21 
5 10 18 21 
5 10 14 21 
5 15 14 21 
5 15 18 21 
1 15 18 21 
1 15 18 21 
1 15 18 21 
1 10 18 21 
1 10 14 21 
1 10 14 3 
1 10 14 3 
1 15 14 3 
27 15 14 3 
27 15 9 3 
27 15 9 3 
27 15 9 3 
27 10 9 3 
27 10 9 21 
27 10 9 21 
27 10 9 6 
27 24 9 6 
27 24 9 6 
27 24 9 6 
27 24 9 21 
1 24 9 21 
1 24 9 21 
1 24 9 6 
1 24 27 6 
1 11 27 6 
1 11 27 6 
1 11 27 6 
1 11 27 21 
1 11 9 21 
2 11 9 21 
2 11 9 21 
2 11 9 21 
2 11 9 3 
2 11 9 3 
2 11 10 3 
2 11 10 3 
2 11 15 3 
2 11 15 3 
2 11 15 7 
2 11 15 7 
2 11 15 7 
2 11 10 7 
2 6 10 7 
2 6 10 7 
2 6 24 7 
2 6 24 7 
2 21 24 7 
2 21 6 7 
27 21 6 7 
27 3 6 7 
27 3 6 7 
9 3 6 7 
9 3 21 7 
24 3 21 7 
24 3 21 12 
24 3 21 12 
24 3 6 12 
24 3 6 16 
24 3 6 16 
24 3 6 16 
24 3 6 23 
24 3 6 23 
24 3 21 23 
24 3 21 20 
24 3 21 20 
24 3 21 20 
24 3 6 20 
10 3 6 20 
10 7 6 20 
15 7 6 20 
15 7 11 20 
15 12 11 20 
15 12 11 20 
15 12 11 20 
15 12 11 23 
15 12 11 23 
15 12 11 23 
10 12 11 23 
10 12 11 16 
10 12 11 16 
10 12 11 16 
15 16 11 16 
15 16 11 23 
15 16 6 23 
10 23 6 23 
10 23 21 16 
10 20 21 16 
9 20 21 16 
9 20 21 16 
9 20 7 16 
9 23 7 16 
9 23 7 16 
9 23 7 12 
9 23 7 12 
9 23 21 12 
27 20 21 12 
27 20 21 12 
27 19 21 12 
27 19 6 12 
27 19 6 12 
27 19 6 16 
27 19 21 16 
9 19 21 16 
9 19 21 23 
9 19 7 23 
10 19 7 23 
10 19 7 20 
15 19 7 20 
15 19 11 20 
14 19 11 20 
14 19 11 16 
18 19 11 16 
18 19 11 23 
18 19 24 23 
18 19 24 20 
18 19 9 20 
18 20 9 23 
14 20 9 23 
14 20 9 23 
14 20 9 23 
15 20 10 23 
15 11 24 23 
25 11 24 19 
17 11 24 19 
17 11 2 19 
13 11 2 19 
13 12 2 19 
8 12 2 19 
8 12 2 19 
22 12 2 19 
22 12 2 19 
4 12 2 19 
26 12 2 19 
26 14 2 19 
5 14 2 19 
5 14 2 19 
5 25 2 20 
4 25 2 20 
4 25 27 20 
0 25 27 20 
0 25 1 20 
1 13 1 20 
1 13 27 20 
1 13 27 18 
1 17 27 18 
1 17 27 14 
0 17 27 14 
0 17 2 14 
0 13 2 25 
0 17 2 25 
0 17 6 25 
0 13 6 17 
0 13 24 17 
0 8 24 17 
1 8 24 17 
1 8 24 22 
1 8 2 22 
27 8 2 22 
0 0 0 0 
;
ROBOT MOVING BEST:
0 0 0 0 
1 1 0 0 
1 0 1 0 
0 1 1 0 
1 0 0 1 
0 1 0 1 
0 0 1 1 
1 0 1 0 
0 1 1 0 
0 0 1 1 
0 1 1 0 
1 0 0 1 
0 1 0 1 
0 0 1 1 
1 1 0 0 
0 1 1 0 
0 1 0 1 
0 1 1 0 
1 1 0 0 
1 0 0 1 
1 1 0 0 
0 1 1 0 
0 1 0 1 
1 1 0 0 
1 0 0 1 
0 1 0 1 
0 0 1 1 
1 1 0 0 
1 0 0 1 
0 0 1 1 
1 1 0 0 
1 0 0 1 
1 1 0 0 
0 1 1 0 
0 1 0 1 
1 1 0 0 
0 1 1 0 
0 1 0 1 
1 1 0 0 
1 0 0 1 
0 1 0 1 
0 0 1 1 
1 1 0 0 
1 0 0 1 
0 0 1 1 
1 1 0 0 
0 1 0 1 
0 1 1 0 
1 0 0 1 
0 1 0 1 
0 0 1 1 
0 1 1 0 
0 1 0 1 
0 0 1 1 
1 0 0 1 
0 1 1 0 
0 0 1 1 
1 1 0 0 
1 0 0 1 
1 1 0 0 
1 0 0 1 
0 0 1 1 
1 1 0 0 
0 1 1 0 
0 1 0 1 
0 1 0 1 
0 0 1 1 
1 1 0 0 
1 1 0 0 
1 0 0 1 
0 1 0 1 
0 0 1 1 
1 1 0 0 
1 0 0 1 
0 0 1 1 
1 0 0 1 
0 1 0 1 
0 0 1 1 
0 1 0 1 
1 0 0 1 
1 0 1 0 
0 1 1 0 
0 0 1 1 
1 0 1 0 
0 1 1 0 
0 0 1 1 
1 0 1 0 
0 1 1 0 
1 0 0 1 
0 0 1 1 
1 0 1 0 
1 0 0 1 
0 1 1 0 
0 1 0 1 
1 0 1 0 
0 1 1 0 
0 0 1 1 
1 0 1 0 
0 1 1 0 
0 0 1 1 
1 0 0 1 
0 1 0 1 
1 0 0 1 
0 0 1 1 
0 1 1 0 
1 1 0 0 
1 0 1 0 
1 0 0 1 
1 1 0 0 
1 0 1 0 
1 0 0 1 
0 1 1 0 
0 1 0 1 
1 0 0 1 
0 1 1 0 
0 1 0 1 
1 0 0 1 
0 1 1 0 
0 1 0 1 
1 0 0 1 
0 0 1 1 
0 1 0 1 
0 1 1 0 
1 1 0 0 
1 0 1 0 
1 0 0 1 
1 1 0 0 
1 0 1 0 
1 0 0 1 
0 1 0 1 
0 1 0 1 
1 1 0 0 
1 0 1 0 
1 0 0 1 
0 0 1 1 
1 1 0 0 
1 0 0 1 
0 0 1 1 
1 0 0 1 
1 1 0 0 
0 1 0 1 
0 0 1 1 
0 1 0 1 
1 1 0 0 
1 0 1 0 
1 0 0 1 
1 0 1 0 
1 1 0 0 
0 1 1 0 
0 1 0 1 
0 1 0 1 
0 1 1 0 
1 1 0 0 
1 0 1 0 
1 0 0 1 
1 0 0 1 
0 1 0 1 
1 0 1 0 
0 1 1 0 
1 0 1 0 
0 1 1 0 
1 0 0 1 
0 1 0 1 
0 0 1 1 
0 0 1 1 
0 1 0 1 
1 1 0 0 
1 0 1 0 
0 0 1 1 
0 1 0 1 
0 1 1 0 
1 0 0 1 
0 1 1 0 
0 1 0 1 
1 0 0 1 
0 1 1 0 
1 1 0 0 
1 0 0 1 
0 1 0 1 
0 0 1 1 
1 0 0 1 
0 1 0 1 
0 0 1 1 
1 0 0 1 
0 1 0 1 
0 0 1 1 
1 0 0 1 
0 1 0 1 
0 0 1 1 
0 0 1 1 
1 0 0 1 
0 1 0 1 
1 0 0 1 
0 0 1 1 
1 1 0 0 
0 1 1 0 
0 1 0 1 
1 0 0 1 
0 1 0 1 
0 0 1 1 
1 1 0 0 
1 0 0 1 
0 1 0 1 
0 0 1 1 
1 1 0 0 
0 1 0 1 
0 0 1 1 
1 1 0 0 
0 0 1 1 
0 1 0 1 
1 1 0 0 
1 0 0 1 
0 0 1 1 
1 1 0 0 
0 1 1 0 
1 0 0 1 
0 0 1 1 
0 0 1 1 
1 1 0 0 
1 0 0 1 
1 1 0 0 
0 1 1 0 
0 1 0 1 
0 1 0 1 
0 1 1 0 
1 1 0 0 
0 1 0 1 
0 1 1 0 
1 1 0 0 
0 1 0 1 
1 1 0 0 
0 1 1 0 
1 1 0 0 
1 0 0 1 
1 1 0 0 
1 0 0 1 
0 1 1 0 
1 0 0 1 
1 0 1 0 
0 1 0 1 
1 1 0 0 
1 0 1 0 
1 0 0 1 
1 0 1 0 
0 1 1 0 
1 0 0 1 
1 0 0 1 
0 0 1 1 
1 0 0 1 
0 1 1 0 
1 0 1 0 
1 0 0 1 
1 0 1 0 
1 0 0 1 
1 0 1 0 
1 0 1 0 
0 1 1 0 
1 0 1 0 
1 0 0 1 
0 1 0 1 
1 1 0 0 
0 1 1 0 
1 1 0 0 
0 1 1 0 
1 1 0 0 
0 1 1 0 
0 0 1 1 
0 1 1 0 
0 0 1 1 
1 0 0 1 
1 0 1 0 
0 1 0 1 
0 1 0 1 
1 0 1 0 
0 1 0 1 
1 0 1 0 
0 1 1 0 
1 1 0 0 
1 0 0 1 
1 0 1 0 
1 0 1 0 
1 1 1 1 
;
TIMETABLE BEST: 
0.0 0.0 0.0 0.0 
14 14 0 0 
17 14 17 0 
17 17 17 0 
18 17 17 18 
18 18 17 18 
18 18 18 18 
27 18 27 18 
27 27 27 18 
27 27 27 27 
27 38 38 27 
42 38 38 42 
42 42 38 42 
42 42 42 42 
53 53 42 42 
53 53 53 42 
53 53 53 53 
53 62 62 53 
67 67 62 53 
67 67 62 67 
79 79 62 67 
79 79 79 67 
79 79 79 79 
90 90 79 79 
94 90 79 94 
94 94 79 94 
94 94 94 94 
103 103 94 94 
103 103 94 103 
103 103 108 108 
115 115 108 108 
115 115 108 115 
128 128 108 115 
128 128 128 115 
128 128 128 128 
139 139 128 128 
139 139 139 128 
139 139 139 139 
150 150 139 139 
153 150 139 153 
153 153 139 153 
153 153 153 153 
162 162 153 153 
162 162 153 162 
162 162 167 167 
173 173 167 167 
173 173 167 173 
173 178 178 173 
184 178 178 184 
184 184 178 184 
184 184 184 184 
184 195 195 184 
184 195 195 195 
184 195 195 195 
198 195 195 198 
198 206 206 198 
198 206 209 209 
212 212 209 209 
212 212 209 212 
223 223 209 212 
223 223 209 223 
223 223 233 233 
236 236 233 233 
236 236 236 233 
236 236 236 236 
236 247 236 247 
236 247 247 247 
248 248 247 247 
259 259 247 247 
260 259 247 260 
260 260 247 260 
260 260 260 260 
269 269 260 260 
269 269 260 269 
269 269 274 274 
281 269 274 281 
281 281 274 281 
281 281 285 285 
281 292 285 292 
293 292 285 293 
298 292 298 293 
298 298 298 293 
298 298 298 298 
309 298 309 298 
309 309 309 298 
309 309 309 309 
320 309 320 309 
320 320 320 309 
322 320 320 322 
322 320 322 322 
331 320 331 322 
331 320 331 331 
331 332 332 331 
331 332 332 332 
343 332 343 332 
343 343 343 332 
343 343 343 343 
352 343 352 343 
352 355 355 343 
352 355 360 360 
360 355 360 360 
360 367 360 367 
369 367 360 369 
369 367 371 371 
369 380 380 371 
381 381 380 371 
381 381 381 371 
381 381 381 381 
393 393 381 381 
393 393 393 381 
398 393 393 398 
398 406 406 398 
398 406 406 406 
410 406 406 410 
410 417 417 410 
410 417 417 417 
422 417 417 422 
422 428 428 422 
422 434 428 434 
436 434 428 436 
436 434 439 439 
436 445 439 445 
436 450 450 445 
454 454 450 445 
454 454 454 445 
454 454 454 454 
465 465 454 454 
465 465 465 454 
466 465 465 466 
466 466 465 466 
466 477 465 477 
481 481 465 477 
481 481 481 477 
481 481 481 481 
481 481 481 481 
492 492 481 481 
493 492 481 493 
493 492 493 493 
505 492 493 505 
505 505 493 505 
505 505 493 505 
505 505 505 505 
505 517 505 517 
520 520 505 517 
520 520 520 517 
529 520 520 529 
535 520 535 529 
538 538 535 529 
538 538 538 529 
538 538 538 538 
538 550 538 550 
538 553 553 550 
558 558 553 550 
558 558 558 550 
558 558 558 558 
570 558 558 570 
570 570 558 570 
572 570 572 570 
572 572 572 570 
583 572 583 570 
583 583 583 570 
586 583 583 586 
586 586 583 586 
586 586 586 586 
586 586 597 597 
586 603 597 603 
603 603 597 603 
610 603 610 603 
610 603 610 610 
610 615 610 615 
610 623 623 615 
629 623 623 629 
629 635 635 629 
629 635 635 635 
644 635 635 644 
644 647 647 644 
659 659 647 644 
662 659 647 662 
662 662 647 662 
662 662 662 662 
673 662 662 673 
673 673 662 673 
673 673 673 673 
684 673 673 684 
684 684 673 684 
684 684 685 685 
695 684 685 695 
695 695 685 695 
695 695 695 695 
695 695 707 707 
708 695 707 708 
708 711 707 711 
719 711 707 719 
719 711 724 724 
729 729 724 724 
729 729 729 724 
729 729 729 729 
739 729 729 739 
739 739 729 739 
739 739 739 739 
750 750 739 739 
750 750 739 750 
750 750 739 750 
750 750 750 750 
761 761 750 750 
761 761 750 761 
761 761 767 767 
772 772 767 767 
772 772 779 779 
772 782 779 782 
786 786 779 782 
786 786 779 786 
786 786 791 791 
796 796 791 791 
796 796 796 791 
802 796 796 802 
802 796 802 802 
802 796 814 814 
817 817 814 814 
817 817 814 817 
830 830 814 817 
830 830 830 817 
830 830 830 830 
830 841 830 841 
830 842 842 841 
845 845 842 841 
845 852 842 852 
845 854 854 852 
859 859 854 852 
859 862 854 862 
870 870 854 862 
870 879 879 862 
883 883 879 862 
883 883 879 883 
894 894 879 883 
894 894 879 894 
894 897 897 894 
904 897 897 904 
912 897 912 904 
912 914 912 914 
923 923 912 914 
923 923 923 914 
923 923 923 923 
937 923 937 923 
937 958 958 923 
960 958 958 960 
972 958 958 972 
972 958 977 977 
983 958 977 983 
983 985 985 983 
996 985 996 983 
996 985 996 996 
1008 985 1008 996 
1008 985 1008 1008 
1020 985 1020 1008 
1031 985 1031 1008 
1031 1037 1037 1008 
1040 1037 1040 1008 
1040 1037 1040 1040 
1040 1053 1040 1053 
1054 1054 1040 1053 
1054 1059 1059 1053 
1068 1068 1059 1053 
1068 1074 1074 1053 
1087 1087 1074 1053 
1087 1089 1089 1053 
1087 1089 1089 1089 
1087 1100 1100 1089 
1087 1100 1100 1100 
1105 1100 1100 1105 
1119 1100 1119 1105 
1119 1121 1119 1121 
1119 1132 1119 1132 
1137 1132 1137 1132 
1137 1144 1137 1144 
1150 1144 1150 1144 
1150 1157 1157 1144 
1168 1168 1157 1144 
1174 1168 1157 1174 
1176 1168 1176 1174 
1191 1168 1191 1174 
1224.0 1194.0 1227.0 1198.0 
;
EXECUTION TIME HBSS: 1135.1693151 seconds 

-------------------------------------------------------------------
