DATFILE : offices1_5r_1000.dat
ENVIRONMENT : office
ALGORITHM : HBSS - TAU 5
RANGE : 1000
STARTING_POS : 42
N_ROBOTS : 5
GREEDY SOLUTION : 2276.0
COMPUTATIONS T :
2331.0
2465.0
2417.0
2307.0
2318.0
2437.0
2343.0
2335.0
2399.0
2350.0
2382.0
2403.0
2357.0
2365.0
2398.0
2361.0
2385.0
2313.0
2308.0
2396.0
2387.0
2346.0
2292.0
2254.0
2359.0
2394.0
2451.0
2294.0
2304.0
2358.0
2464.0
2389.0
2337.0
2453.0
2352.0
2411.0
2417.0
2314.0
2413.0
2361.0
2376.0
2351.0
2328.0
2343.0
2468.0
2491.0
2419.0
2318.0
2287.0
2412.0
2269.0
2435.0
2253.0
2295.0
2402.0
2403.0
2333.0
2502.0
2398.0
2318.0
2425.0
2354.0
2533.0
2432.0
2409.0
2511.0
2449.0
2351.0
2413.0
2365.0
2481.0
2309.0
2384.0
2325.0
2448.0
2416.0
2470.0
2341.0
2380.0
2502.0
2339.0
2421.0
2344.0
2275.0
2348.0
2426.0
2427.0
2379.0
2378.0
2370.0
2369.0
2517.0
2457.0
2476.0
2370.0
2435.0
2518.0
2523.0
2422.0
2370.0
2347.0
2357.0
2343.0
2395.0
2370.0
2475.0
2489.0
2497.0
2487.0
2521.0
2452.0
2475.0
2378.0
2437.0
2453.0
2510.0
2388.0
2387.0
2419.0
2413.0
2323.0
2342.0
2375.0
2467.0
2489.0
2460.0
2397.0
2380.0
2369.0
2408.0
2282.0
2384.0
2389.0
2340.0
2395.0
2357.0
2382.0
2340.0
2296.0
2336.0
2318.0
2264.0
2360.0
2405.0
2359.0
2439.0
2520.0
2250.0
2315.0
2505.0
2287.0
2352.0
2314.0
2334.0
2262.0
2468.0
2532.0
2362.0
2369.0
2420.0
2430.0
2395.0
2301.0
2427.0
2350.0
2588.0
2471.0
2321.0
2379.0
2287.0
2343.0
2469.0
2419.0
2416.0
2339.0
2352.0
2404.0
2341.0
2476.0
2396.0
2451.0
2353.0
2398.0
2395.0
2503.0
2397.0
2435.0
2362.0
2525.0
2399.0
2519.0
2256.0
2378.0
2426.0
2506.0
2320.0
2339.0
2463.0
2406.0
2525.0
;
HBBS bestT : 2250.0
BEST_CONFIGURATIONS : 
42 42 42 42 42 
41 42 42 42 42 
41 42 5 24 42 
41 42 5 24 42 
41 42 5 24 42 
41 42 5 24 42 
41 42 5 24 42 
41 42 5 24 36 
41 42 5 24 36 
41 42 5 24 36 
41 42 5 24 36 
41 42 5 4 36 
41 42 5 4 36 
41 42 5 4 36 
41 42 5 4 36 
41 42 24 4 36 
36 42 24 4 35 
36 41 24 4 35 
36 41 24 4 35 
36 41 24 4 35 
36 41 24 4 34 
36 41 24 4 34 
36 41 4 4 34 
36 41 4 24 34 
36 41 4 5 34 
35 42 4 5 34 
35 42 4 5 34 
35 42 4 5 34 
35 42 4 5 34 
35 42 3 5 34 
35 42 3 5 34 
35 42 3 5 34 
35 42 3 5 34 
35 42 3 5 33 
35 42 3 24 33 
34 42 3 24 33 
34 42 3 24 33 
34 42 3 24 33 
34 42 3 4 33 
34 42 3 4 33 
35 42 3 4 33 
35 41 3 4 33 
35 41 3 4 33 
36 41 3 4 33 
36 41 3 4 33 
36 40 3 4 33 
36 40 3 4 33 
36 40 3 4 33 
36 40 3 4 33 
36 40 3 24 33 
41 40 3 24 33 
41 40 3 24 32 
41 40 3 24 32 
41 40 3 24 32 
41 40 3 4 32 
36 40 3 4 32 
36 39 3 4 32 
36 39 3 4 32 
36 39 3 4 32 
36 39 3 4 32 
36 39 3 4 27 
36 39 3 4 27 
36 39 3 4 27 
36 39 3 4 27 
36 39 3 4 26 
36 39 3 24 26 
36 39 3 24 26 
36 39 3 24 26 
36 39 3 24 26 
36 39 3 4 26 
41 26 3 4 26 
41 26 23 4 26 
41 26 23 4 26 
41 26 23 4 26 
41 26 23 4 27 
41 26 23 4 27 
41 26 23 4 27 
41 26 23 4 32 
41 26 23 24 32 
41 26 23 24 32 
41 26 23 24 32 
36 26 23 24 32 
36 26 23 24 27 
36 38 23 24 27 
36 38 23 24 27 
36 38 23 24 27 
36 38 23 24 27 
36 38 23 24 32 
36 38 2 24 32 
36 38 2 24 32 
36 38 2 4 32 
36 38 2 4 32 
36 38 2 4 32 
36 38 2 4 27 
36 38 2 24 27 
36 26 2 24 27 
41 26 2 24 27 
41 26 2 24 31 
41 26 2 24 31 
41 26 2 24 31 
41 26 2 24 31 
41 27 2 24 31 
41 27 23 24 31 
41 27 23 4 31 
36 27 23 4 31 
36 32 23 4 31 
36 32 1 4 31 
36 32 1 4 31 
36 32 1 4 31 
36 32 1 4 31 
36 27 1 4 31 
36 27 1 24 31 
36 27 1 24 30 
36 27 1 24 30 
36 27 1 24 30 
36 27 1 24 30 
36 32 1 24 30 
36 32 1 4 30 
41 32 1 4 30 
41 32 1 4 30 
41 33 1 4 30 
41 33 1 4 30 
42 33 1 4 30 
42 33 1 4 30 
42 33 1 3 30 
42 33 1 3 30 
42 32 1 3 30 
42 32 1 3 29 
42 32 1 3 29 
42 32 1 3 29 
42 32 1 3 29 
42 27 1 3 29 
42 27 1 3 28 
42 27 1 3 28 
42 27 1 3 28 
42 27 1 3 28 
42 32 1 3 28 
42 32 23 3 28 
42 32 23 3 28 
42 32 23 3 28 
42 33 23 3 28 
42 33 23 3 28 
41 33 23 3 28 
41 33 2 3 28 
41 33 2 3 28 
41 33 2 3 28 
36 33 2 3 28 
36 34 2 3 28 
36 34 2 3 28 
36 34 2 23 28 
36 34 2 23 28 
35 34 2 23 28 
35 34 2 23 28 
35 34 2 23 28 
34 34 2 26 28 
34 33 2 26 28 
34 33 2 26 28 
34 33 1 26 28 
34 33 1 26 28 
34 32 1 26 28 
34 32 1 26 29 
34 32 1 26 29 
34 27 1 26 29 
34 27 1 26 29 
34 27 1 38 29 
34 27 1 38 29 
34 27 1 38 29 
34 31 1 38 29 
34 31 1 38 29 
34 31 1 38 29 
34 31 23 38 29 
35 27 23 38 29 
35 27 23 26 29 
35 27 23 26 29 
35 27 2 26 29 
35 32 2 26 29 
35 32 2 27 29 
35 32 2 27 30 
35 32 2 27 30 
35 32 2 31 30 
35 32 2 31 30 
35 33 2 31 30 
35 33 23 31 30 
35 33 23 27 30 
34 33 23 27 30 
34 33 26 27 30 
34 33 26 32 30 
33 33 38 32 30 
33 33 38 32 29 
33 35 38 32 29 
33 35 38 26 29 
33 35 38 26 30 
33 35 38 39 30 
33 34 38 39 30 
33 34 38 39 30 
33 34 38 39 30 
33 35 38 39 30 
33 35 38 39 29 
32 35 37 39 29 
32 35 37 39 29 
32 35 37 39 29 
32 35 37 39 29 
27 35 37 39 29 
27 34 37 39 29 
27 34 37 26 29 
27 34 37 26 30 
31 34 37 26 30 
31 34 37 39 30 
31 33 37 39 30 
31 33 37 39 28 
31 33 37 39 28 
31 33 37 39 28 
31 33 43 39 28 
31 32 43 39 28 
31 32 43 39 28 
31 32 43 39 28 
31 27 43 39 28 
30 27 43 39 28 
30 27 43 39 28 
30 27 43 26 28 
29 27 43 26 28 
29 27 43 26 28 
29 27 43 23 28 
29 30 43 23 28 
29 30 37 23 28 
28 30 37 23 17 
28 29 37 23 17 
28 29 37 23 17 
28 29 37 23 17 
28 29 43 23 17 
28 29 43 2 17 
28 29 43 2 17 
28 30 43 2 17 
28 30 37 2 17 
19 30 37 2 17 
19 30 37 2 17 
19 30 37 2 17 
19 30 37 2 17 
19 30 43 2 17 
19 30 43 23 17 
19 29 43 23 17 
19 29 43 23 28 
19 29 43 26 28 
19 29 25 26 28 
19 28 25 26 28 
19 28 25 26 28 
19 28 25 26 29 
19 28 25 27 29 
19 28 25 27 29 
19 17 25 27 29 
19 17 25 27 29 
19 17 25 27 30 
19 17 25 32 30 
19 17 25 32 30 
19 17 25 32 30 
19 17 25 32 31 
19 17 25 32 31 
19 17 25 32 31 
19 17 25 33 31 
19 17 25 33 31 
19 17 25 33 31 
19 17 25 33 26 
19 17 25 34 26 
19 17 25 34 26 
19 17 25 34 26 
19 17 25 34 38 
19 17 25 34 38 
19 17 25 34 38 
19 17 25 35 38 
19 17 25 35 38 
19 17 25 35 38 
19 17 25 35 37 
19 17 25 36 37 
19 17 25 36 37 
19 17 25 36 37 
19 17 25 36 43 
19 17 25 36 43 
19 17 25 36 37 
17 17 0 36 37 
17 19 0 36 37 
17 19 0 36 37 
17 19 0 36 37 
17 19 0 36 43 
17 19 0 41 43 
17 19 0 41 43 
17 19 0 41 43 
17 19 0 41 43 
17 19 0 41 37 
28 19 0 41 37 
28 16 0 41 37 
28 16 0 41 37 
28 16 0 41 37 
28 16 0 41 37 
28 16 0 41 43 
29 16 0 41 43 
29 16 0 41 43 
29 16 0 36 43 
29 16 0 36 43 
30 16 0 36 43 
30 16 0 36 43 
30 16 0 36 25 
30 16 0 36 25 
30 16 0 41 25 
31 16 0 41 25 
31 16 0 41 25 
31 16 0 42 25 
31 16 0 42 25 
31 16 0 42 25 
31 16 0 42 25 
27 16 0 42 25 
27 16 0 42 25 
27 16 0 42 43 
32 16 0 42 43 
32 16 0 42 43 
32 16 0 42 37 
33 16 0 42 37 
33 16 0 42 37 
33 16 0 42 43 
34 16 0 42 43 
34 16 0 42 43 
34 16 0 42 43 
34 16 0 5 43 
34 16 0 5 43 
34 16 0 5 43 
35 16 0 5 43 
35 16 0 5 43 
35 16 0 5 43 
35 16 0 24 43 
35 16 0 24 43 
35 16 0 24 43 
35 16 0 24 37 
35 16 25 24 37 
33 6 25 24 37 
33 6 25 24 37 
33 6 25 24 37 
33 6 25 24 37 
33 6 25 24 43 
33 6 25 4 43 
33 6 25 4 43 
33 6 25 4 43 
32 6 25 4 43 
32 6 25 4 37 
27 6 25 4 37 
27 6 0 4 37 
27 6 0 4 37 
26 6 0 4 37 
26 6 0 4 37 
26 6 0 4 38 
26 6 0 4 38 
23 6 0 4 38 
23 6 0 4 38 
23 6 0 3 38 
23 6 0 3 38 
23 6 0 3 37 
2 6 0 3 37 
2 6 0 3 37 
2 6 0 3 43 
2 6 25 3 43 
2 6 25 3 43 
2 22 25 3 43 
2 22 25 3 43 
2 22 25 3 43 
2 22 25 3 37 
2 7 25 3 37 
2 7 25 3 37 
2 7 25 3 37 
2 7 25 3 37 
2 7 25 3 43 
23 7 25 3 43 
23 7 25 3 43 
23 22 25 3 43 
23 22 25 3 43 
23 22 25 24 43 
23 22 0 24 43 
23 22 0 4 43 
26 22 0 4 43 
26 7 0 4 43 
26 7 0 4 43 
26 7 0 4 43 
26 7 0 4 28 
26 7 0 4 28 
26 22 0 4 28 
27 22 0 4 28 
27 22 0 24 28 
27 7 0 24 28 
27 7 0 24 28 
27 7 1 24 28 
27 7 1 24 29 
27 7 1 24 29 
32 7 1 24 29 
32 7 1 4 29 
32 22 1 4 29 
32 22 1 4 29 
32 22 1 4 29 
32 7 1 4 30 
33 7 1 4 30 
33 7 1 5 30 
33 7 1 5 30 
33 7 1 5 30 
33 7 1 5 30 
33 22 1 5 30 
33 22 1 5 30 
33 22 1 5 30 
33 22 23 5 30 
33 7 23 5 31 
33 7 23 5 31 
34 7 23 5 31 
34 7 2 5 31 
34 22 2 5 31 
34 22 2 5 31 
34 22 2 5 27 
35 7 2 5 27 
35 7 1 5 27 
35 7 1 5 32 
35 22 1 5 32 
36 7 1 5 32 
36 7 1 5 26 
36 7 25 5 26 
36 22 25 5 26 
36 22 25 5 38 
36 22 43 5 38 
36 22 43 5 38 
41 22 43 5 38 
41 22 37 5 38 
41 22 37 5 38 
41 22 37 5 38 
41 7 37 5 38 
41 7 37 5 38 
41 7 43 5 37 
42 7 43 5 37 
42 22 43 5 37 
42 22 43 5 38 
42 22 43 40 38 
42 22 43 40 38 
42 22 25 40 38 
42 22 25 40 26 
42 7 25 40 26 
42 7 25 40 26 
42 7 43 40 26 
42 7 43 40 27 
42 7 37 40 27 
41 6 37 40 27 
41 6 37 40 27 
41 6 37 40 31 
41 6 37 40 31 
41 6 38 40 31 
41 6 38 40 30 
41 6 38 40 30 
36 6 38 40 30 
36 6 38 40 29 
36 6 38 40 29 
41 6 39 40 29 
41 6 39 40 29 
41 6 39 40 29 
41 6 39 40 29 
41 6 39 40 28 
41 6 39 40 28 
42 6 39 40 28 
42 6 39 40 28 
42 6 39 40 17 
42 6 39 40 17 
42 6 39 40 17 
42 6 39 40 17 
42 6 23 40 17 
42 6 23 40 19 
42 6 23 40 19 
42 6 23 40 19 
42 6 2 40 19 
42 6 2 40 19 
42 22 2 40 17 
42 22 2 39 17 
42 22 2 39 17 
42 7 2 39 17 
42 7 2 39 17 
5 7 2 39 17 
5 7 2 39 17 
5 7 23 39 17 
24 7 23 39 17 
24 7 1 23 17 
24 7 1 23 17 
24 6 1 23 17 
4 6 1 23 17 
4 6 1 2 17 
4 16 1 2 17 
4 16 1 2 19 
4 16 1 2 19 
4 16 1 2 19 
4 16 1 2 19 
4 16 1 2 19 
24 16 1 2 19 
24 16 1 23 19 
5 16 1 23 19 
5 16 26 23 19 
5 16 26 39 19 
5 16 38 39 19 
5 16 38 39 19 
5 16 38 40 19 
5 16 38 40 19 
5 16 38 40 17 
5 16 38 40 28 
5 16 38 40 28 
5 6 38 40 28 
5 6 38 40 29 
5 6 38 35 29 
5 6 38 34 29 
5 6 40 34 29 
3 6 40 34 17 
3 6 40 35 17 
3 16 40 35 17 
3 16 40 35 19 
3 6 40 18 19 
3 6 40 18 19 
3 6 5 18 19 
3 6 5 18 19 
3 6 24 18 19 
3 22 24 18 19 
3 22 24 18 19 
23 22 24 18 19 
23 22 4 18 19 
23 7 4 18 19 
23 7 4 18 19 
2 7 4 18 19 
2 7 4 18 17 
1 10 4 18 17 
1 10 4 18 17 
1 10 2 18 17 
1 10 2 18 17 
1 10 2 18 17 
1 10 23 18 17 
1 10 23 18 28 
1 10 23 18 28 
0 10 23 18 28 
0 10 23 18 28 
0 10 26 18 28 
0 10 26 18 29 
0 10 26 18 29 
0 10 26 18 29 
0 10 27 18 29 
0 10 27 18 29 
25 10 27 18 29 
25 10 27 18 29 
25 10 27 18 30 
25 10 27 18 30 
25 10 32 18 30 
25 10 32 18 30 
43 10 32 18 30 
43 10 32 18 30 
43 10 32 18 31 
43 10 32 18 31 
43 10 33 18 31 
43 10 33 18 31 
37 10 33 18 31 
37 10 33 18 31 
37 10 34 18 31 
37 10 34 18 31 
38 10 34 18 31 
38 10 34 18 31 
38 10 35 18 31 
38 10 35 18 31 
38 10 35 18 39 
38 10 35 18 39 
38 10 36 18 39 
38 10 36 18 39 
1 10 36 18 39 
1 10 41 18 39 
1 10 41 18 39 
1 10 41 18 40 
1 10 41 18 40 
1 10 41 18 40 
1 10 42 18 40 
1 10 42 18 40 
0 10 42 18 39 
0 11 42 18 39 
0 11 41 18 39 
0 11 41 18 39 
0 11 41 18 39 
0 11 41 18 26 
0 11 36 18 26 
25 11 36 18 26 
25 11 36 18 27 
25 11 36 20 27 
25 11 35 20 27 
25 11 35 20 27 
25 11 35 20 27 
25 11 35 20 27 
25 11 35 20 32 
25 11 35 20 32 
25 11 34 20 32 
25 11 34 20 32 
0 11 34 20 32 
0 11 34 20 33 
0 11 34 20 33 
0 11 36 20 33 
1 11 36 20 33 
1 11 36 20 33 
1 11 41 20 33 
1 11 41 20 31 
1 11 41 20 31 
23 11 41 20 31 
23 11 41 20 31 
2 11 41 20 31 
2 11 41 20 31 
2 11 42 20 31 
2 11 42 20 30 
2 11 42 20 30 
2 11 42 20 30 
2 11 42 9 30 
2 11 42 9 29 
2 11 42 9 29 
2 11 42 9 29 
2 11 42 9 29 
2 11 42 9 30 
23 11 42 9 30 
23 21 42 9 30 
23 21 41 9 30 
23 21 41 9 30 
23 21 41 9 30 
23 21 41 9 30 
2 8 41 9 30 
2 8 41 9 30 
2 8 41 9 30 
2 8 41 9 30 
2 21 41 9 30 
2 21 41 9 29 
2 21 36 9 29 
2 21 36 20 29 
2 21 36 20 29 
2 8 36 20 29 
23 8 36 20 29 
23 8 36 20 29 
23 8 36 20 29 
26 8 36 20 29 
26 8 36 9 29 
26 8 36 9 28 
26 8 36 9 28 
26 8 36 9 28 
27 8 36 9 28 
27 8 36 9 28 
27 8 35 9 28 
27 8 35 9 17 
27 8 35 9 17 
27 8 35 9 17 
32 8 35 9 17 
32 8 35 9 17 
32 8 34 9 17 
32 8 34 9 17 
33 8 34 9 17 
33 8 34 9 19 
33 8 34 9 19 
33 8 34 9 19 
33 21 34 9 19 
33 21 34 9 19 
33 21 34 9 19 
33 21 34 20 19 
33 21 35 20 19 
32 21 35 20 19 
32 21 35 12 19 
32 21 35 12 19 
32 21 35 12 19 
32 21 35 12 19 
27 21 35 12 19 
27 21 35 12 19 
27 21 34 12 19 
27 21 34 12 17 
27 21 34 12 17 
26 21 34 12 17 
26 21 34 12 17 
26 21 33 12 17 
26 8 33 12 17 
38 8 33 12 17 
38 8 33 12 17 
38 8 33 12 28 
38 21 33 12 28 
38 21 33 12 28 
38 21 33 20 28 
38 21 33 20 28 
38 8 31 20 28 
26 8 31 20 28 
26 21 31 20 28 
26 21 31 20 17 
39 21 31 20 17 
39 21 31 20 17 
39 8 31 20 17 
39 8 31 9 17 
39 8 31 9 17 
39 8 31 9 43 
39 8 31 9 43 
40 8 31 9 43 
40 8 31 9 43 
40 8 31 9 37 
40 8 31 9 37 
40 21 31 9 37 
40 21 31 9 37 
40 21 38 9 37 
40 21 38 9 43 
40 21 38 20 43 
40 21 37 20 43 
40 21 37 20 43 
40 11 37 20 43 
40 11 37 20 43 
40 11 37 20 43 
40 11 37 12 43 
40 11 37 12 43 
40 11 37 12 43 
40 11 37 12 43 
40 11 38 12 43 
39 11 38 12 43 
39 11 38 12 25 
39 11 38 12 25 
39 21 38 12 25 
39 21 23 12 25 
39 8 23 12 25 
2 8 23 12 25 
2 8 1 12 25 
2 8 1 12 25 
2 8 1 12 25 
2 21 1 12 25 
2 21 1 12 0 
2 21 1 12 0 
2 21 1 12 0 
3 21 1 12 0 
3 21 1 12 0 
3 8 1 12 0 
3 8 1 12 0 
3 8 1 20 0 
3 8 38 20 0 
3 8 38 9 0 
3 8 38 9 0 
3 12 38 9 0 
3 12 38 9 25 
3 20 38 9 25 
24 20 38 9 25 
24 20 1 9 25 
24 20 1 9 25 
24 20 1 9 43 
4 9 1 9 43 
4 9 1 20 43 
4 9 1 20 37 
4 9 1 12 37 
4 20 1 12 37 
24 12 1 12 37 
24 12 1 21 37 
24 12 1 21 29 
24 12 4 21 29 
5 12 4 21 29 
5 12 4 21 29 
5 12 4 21 30 
5 12 4 8 30 
5 12 4 8 30 
5 12 4 8 31 
5 12 24 8 31 
5 20 24 8 31 
5 20 3 8 31 
5 9 3 8 31 
5 9 3 11 31 
5 9 3 11 31 
24 9 3 11 31 
24 9 3 11 28 
24 9 4 11 28 
24 21 4 11 28 
24 21 4 11 17 
42 21 4 11 17 
42 8 4 11 17 
42 8 4 11 17 
42 8 4 11 19 
42 8 4 21 19 
42 8 4 21 16 
42 8 4 21 16 
40 8 0 21 16 
40 8 0 11 16 
41 12 0 11 16 
41 12 0 11 16 
41 12 0 10 16 
36 12 0 10 16 
36 12 0 10 16 
36 12 3 10 16 
36 20 3 10 16 
36 20 3 10 16 
18 20 3 10 16 
18 20 3 10 16 
18 20 24 10 16 
18 9 24 10 16 
18 9 24 10 16 
18 9 24 10 16 
18 9 4 10 16 
18 9 4 21 16 
18 9 4 21 6 
18 9 4 21 6 
18 9 4 8 6 
18 9 4 8 6 
18 20 4 8 6 
18 12 4 8 6 
18 12 42 8 6 
18 12 42 8 6 
18 12 42 11 6 
18 8 42 11 22 
18 8 42 11 22 
20 8 42 11 22 
20 21 42 11 22 
9 21 42 11 22 
9 21 5 10 22 
9 21 5 10 22 
9 21 5 10 22 
9 21 5 10 7 
9 21 5 10 7 
9 21 5 10 7 
9 8 5 10 7 
9 8 5 10 7 
20 8 5 10 7 
12 8 5 10 7 
12 8 5 22 7 
12 8 5 22 7 
12 11 5 22 7 
12 11 5 6 7 
12 10 5 6 7 
12 10 5 6 22 
11 10 5 6 22 
11 10 5 6 15 
11 10 5 6 15 
11 10 0 6 15 
11 10 0 6 15 
21 10 0 6 15 
21 10 25 6 15 
21 10 25 22 15 
8 10 25 22 15 
8 7 25 22 15 
8 7 43 22 15 
8 7 37 15 15 
12 7 37 15 15 
12 7 37 15 13 
12 6 37 15 13 
12 6 37 15 13 
12 6 43 15 13 
12 6 43 15 13 
20 6 43 15 13 
20 6 43 15 13 
20 22 43 15 13 
20 22 25 15 13 
20 7 25 15 13 
9 7 25 15 13 
9 7 25 15 13 
9 7 0 15 13 
9 7 0 14 13 
9 6 0 14 13 
9 6 0 14 13 
9 6 0 14 13 
20 6 0 14 13 
20 6 25 14 13 
20 22 25 14 13 
20 22 25 14 15 
20 7 25 14 15 
12 7 25 14 15 
12 7 43 14 15 
12 7 37 14 15 
21 7 37 14 15 
21 7 37 14 13 
21 7 38 14 13 
21 10 38 14 13 
21 10 38 14 13 
8 10 38 14 13 
8 10 38 14 13 
8 10 38 14 13 
8 10 26 14 13 
8 10 26 14 13 
8 11 26 14 13 
8 11 26 14 13 
8 11 27 14 13 
8 11 27 14 13 
8 11 32 14 13 
8 11 32 14 13 
8 11 33 14 13 
8 11 33 14 13 
18 11 33 14 13 
18 11 33 14 13 
18 11 34 14 13 
18 11 34 14 13 
18 15 34 14 13 
18 15 34 14 13 
18 15 35 14 13 
18 15 35 14 13 
18 15 35 14 13 
36 15 35 14 13 
36 15 35 14 13 
36 15 35 14 13 
36 15 33 14 13 
41 15 33 14 13 
41 15 33 14 13 
41 15 33 14 13 
41 15 32 14 13 
42 15 32 14 13 
42 15 32 14 13 
42 15 32 14 13 
42 15 27 14 13 
42 15 26 14 13 
42 15 23 14 13 
42 15 23 14 13 
42 15 23 14 13 
24 15 23 14 13 
24 15 23 14 13 
24 15 23 14 13 
24 15 2 14 13 
24 15 2 14 13 
24 15 2 14 13 
4 15 2 14 13 
4 15 2 14 13 
4 15 2 14 13 
4 15 3 14 13 
4 15 3 14 13 
3 15 3 14 13 
3 13 1 14 13 
3 13 1 14 13 
3 13 1 14 15 
5 13 1 14 15 
5 13 1 14 15 
5 13 1 14 15 
5 15 38 14 15 
40 15 38 14 15 
40 15 38 13 15 
40 15 38 13 14 
40 15 39 13 14 
40 15 39 13 14 
40 15 39 13 14 
40 13 31 13 14 
40 13 31 14 14 
40 13 31 14 15 
40 13 30 14 15 
30 13 30 14 15 
30 13 30 14 15 
30 13 29 14 15 
30 13 29 14 15 
30 13 29 14 15 
28 13 29 14 15 
28 13 29 14 15 
28 13 29 14 15 
28 13 17 14 15 
28 13 17 14 15 
28 13 17 14 15 
19 13 17 14 15 
19 13 17 14 15 
19 13 17 14 15 
16 13 17 14 15 
16 13 17 14 15 
16 13 17 14 15 
16 13 17 14 22 
16 13 17 14 7 
16 13 19 10 7 
16 13 19 10 6 
42 42 42 42 42 
;
ROBOT MOVING BEST:
0 0 0 0 0 
1 1 0 0 0 
0 0 1 1 0 
1 0 1 0 0 
1 0 0 1 0 
0 1 1 0 0 
0 1 0 1 0 
0 0 1 0 1 
1 0 0 0 1 
0 1 0 0 1 
0 0 0 1 1 
1 0 0 1 0 
0 1 0 1 0 
0 0 1 1 0 
0 0 0 1 1 
0 0 1 1 0 
1 0 0 0 1 
0 1 0 0 1 
0 0 1 0 1 
0 0 0 1 1 
1 0 0 0 1 
0 1 0 0 1 
0 0 1 0 1 
0 0 0 1 1 
0 0 0 1 1 
1 1 0 0 0 
1 0 0 1 0 
1 0 0 0 1 
0 1 0 0 1 
1 0 1 0 0 
0 1 1 0 0 
0 0 1 1 0 
0 0 1 0 1 
0 1 0 0 1 
0 0 1 1 0 
1 0 0 0 1 
0 0 1 0 1 
0 0 0 1 1 
0 0 1 1 0 
0 0 0 1 1 
1 0 0 0 1 
0 1 0 0 1 
0 1 1 0 0 
1 0 1 0 0 
1 0 0 0 1 
1 1 0 0 0 
0 1 1 0 0 
0 1 0 1 0 
0 1 0 0 1 
0 1 0 1 0 
1 1 0 0 0 
1 0 0 0 1 
0 1 0 0 1 
0 0 1 0 1 
0 0 0 1 1 
1 0 0 0 1 
1 1 0 0 0 
0 1 1 0 0 
0 1 0 1 0 
0 1 0 0 1 
0 1 0 0 1 
0 0 1 0 1 
1 0 0 0 1 
0 0 0 1 1 
1 0 0 0 1 
0 1 0 1 0 
0 1 0 0 1 
0 0 1 0 1 
0 0 0 1 1 
0 0 0 1 1 
1 1 0 0 0 
1 0 1 0 0 
0 1 1 0 0 
0 0 1 1 0 
1 0 0 0 1 
0 1 0 0 1 
0 0 1 0 1 
0 1 0 0 1 
0 0 1 1 0 
0 0 1 0 1 
0 0 0 1 1 
1 0 1 0 0 
0 0 0 1 1 
1 1 0 0 0 
0 1 1 0 0 
0 1 0 1 0 
0 1 0 0 1 
0 1 0 0 1 
1 0 1 0 0 
0 1 1 0 0 
0 1 0 1 0 
0 0 1 1 0 
0 0 1 0 1 
0 0 1 0 1 
0 0 1 1 0 
0 1 1 0 0 
1 0 1 0 0 
1 0 0 0 1 
0 1 0 0 1 
0 0 1 0 1 
0 0 0 1 1 
0 1 0 0 1 
0 0 1 0 1 
0 0 0 1 1 
1 0 0 0 1 
0 1 0 0 1 
1 0 1 0 0 
0 1 1 0 0 
0 0 1 1 0 
0 0 1 0 1 
0 1 1 0 0 
0 0 1 1 0 
1 0 0 0 1 
0 1 0 0 1 
0 0 1 0 1 
0 0 0 1 1 
0 1 0 0 1 
0 0 0 1 1 
1 0 1 0 0 
1 0 0 0 1 
0 1 1 0 0 
0 1 0 0 1 
1 0 1 0 0 
1 0 0 0 1 
0 0 1 1 0 
0 0 0 1 1 
1 1 0 0 0 
1 0 0 0 1 
0 1 0 0 1 
0 0 1 0 1 
0 0 0 1 1 
1 1 0 0 0 
1 0 0 0 1 
0 1 0 0 1 
0 0 1 0 1 
0 0 0 1 1 
0 1 0 0 1 
1 0 1 0 0 
0 0 1 1 0 
0 0 1 0 1 
0 1 1 0 0 
0 1 0 0 1 
1 0 0 0 1 
0 1 1 0 0 
0 0 1 1 0 
0 0 1 0 1 
1 0 0 0 1 
0 1 1 0 0 
0 1 0 0 1 
0 1 0 1 0 
0 0 1 1 0 
1 0 1 0 0 
1 0 0 1 0 
1 0 0 0 1 
1 0 0 1 0 
0 1 0 1 0 
0 0 0 1 1 
1 0 1 0 0 
0 0 1 1 0 
1 1 0 0 0 
1 0 0 0 1 
0 0 0 1 1 
1 1 0 0 0 
0 1 0 0 1 
1 0 0 1 0 
0 0 1 1 0 
0 0 0 1 1 
1 1 0 0 0 
0 1 0 1 0 
0 1 0 0 1 
0 0 1 0 1 
1 1 0 0 0 
1 0 0 1 0 
1 0 0 0 1 
0 0 1 0 1 
1 1 0 0 0 
0 1 0 1 0 
1 0 0 0 1 
0 0 1 0 1 
1 0 0 1 0 
0 0 0 1 1 
0 1 0 1 0 
0 0 1 0 1 
0 1 0 1 0 
1 0 0 0 1 
0 0 1 0 1 
0 1 0 1 0 
1 0 1 0 0 
1 0 0 0 1 
0 1 1 0 0 
0 0 1 1 0 
0 0 1 0 1 
1 0 0 1 0 
0 1 0 1 0 
0 0 1 1 0 
0 0 0 1 1 
0 1 0 1 0 
0 0 0 1 1 
1 0 1 0 0 
0 1 1 0 0 
0 0 1 1 0 
0 0 1 0 1 
1 0 1 0 0 
0 1 1 0 0 
0 0 1 1 0 
0 0 1 0 1 
1 0 1 0 0 
1 0 0 1 0 
0 1 1 0 0 
1 0 0 0 1 
0 0 1 0 1 
0 0 0 1 1 
1 0 1 0 0 
0 1 1 0 0 
0 0 1 1 0 
0 0 1 0 1 
0 1 1 0 0 
1 0 1 0 0 
1 0 0 0 1 
0 0 1 1 0 
1 0 1 0 0 
1 0 0 0 1 
0 0 1 1 0 
1 1 0 0 0 
0 0 1 1 0 
1 0 0 0 1 
0 1 0 0 1 
0 0 1 0 1 
0 0 0 1 1 
0 0 1 0 1 
0 0 1 1 0 
0 0 0 1 1 
0 1 0 0 1 
0 0 1 1 0 
1 1 0 0 0 
1 0 1 0 0 
1 0 0 1 0 
1 0 0 0 1 
1 0 1 0 0 
1 0 0 1 0 
1 1 0 0 0 
1 0 0 0 1 
1 0 0 1 0 
1 0 1 0 0 
0 1 1 0 0 
0 0 1 1 0 
0 0 1 0 1 
1 0 0 1 0 
0 0 1 1 0 
0 1 1 0 0 
0 1 0 1 0 
0 0 1 0 1 
1 0 0 1 0 
0 0 1 1 0 
0 1 0 1 0 
1 0 0 0 1 
0 1 0 0 1 
0 0 1 0 1 
1 0 0 1 0 
0 1 0 1 0 
0 0 1 1 0 
0 1 0 0 1 
1 0 0 1 0 
0 1 0 1 0 
0 0 1 1 0 
1 0 0 0 1 
0 1 0 0 1 
0 0 1 0 1 
1 0 0 1 0 
0 1 0 1 0 
0 0 1 1 0 
0 0 1 0 1 
1 0 0 1 0 
0 1 0 1 0 
0 0 1 1 0 
0 0 1 0 1 
0 0 0 1 1 
0 0 0 1 1 
1 0 1 0 0 
0 1 1 0 0 
0 0 1 1 0 
0 0 1 0 1 
0 0 1 0 1 
1 0 0 1 0 
0 1 0 1 0 
0 0 1 1 0 
0 0 0 1 1 
0 0 0 1 1 
1 0 1 0 0 
1 1 0 0 0 
0 1 1 0 0 
0 1 0 1 0 
0 1 0 0 1 
0 1 0 0 1 
1 1 0 0 0 
1 0 1 0 0 
1 0 0 1 0 
0 1 0 1 0 
1 1 0 0 0 
1 0 1 0 0 
0 1 0 0 1 
0 0 1 0 1 
0 0 0 1 1 
1 1 0 0 0 
1 0 1 0 0 
1 0 0 1 0 
0 1 0 1 0 
0 0 1 1 0 
0 0 0 1 1 
1 1 0 0 0 
1 0 1 0 0 
0 0 0 1 1 
1 1 0 0 0 
1 0 1 0 0 
0 0 0 1 1 
1 1 0 0 0 
1 0 1 0 0 
1 0 0 0 1 
1 1 0 0 0 
1 0 1 0 0 
1 0 0 0 1 
0 1 0 1 0 
0 0 1 1 0 
0 0 0 1 1 
1 1 0 0 0 
1 0 1 0 0 
1 0 0 0 1 
0 1 0 1 0 
0 0 1 1 0 
0 0 0 1 1 
0 0 0 1 1 
0 0 1 1 0 
1 1 0 0 0 
0 1 1 0 0 
0 1 0 1 0 
0 1 0 0 1 
0 1 0 0 1 
0 1 0 1 0 
0 0 1 1 0 
0 0 0 1 1 
1 1 0 0 0 
0 0 0 1 1 
1 1 0 0 0 
0 1 1 0 0 
0 0 1 1 0 
1 1 0 0 0 
1 0 1 0 0 
0 1 0 0 1 
0 0 1 0 1 
1 1 0 0 0 
1 0 1 0 0 
0 1 0 1 0 
0 0 1 1 0 
0 0 0 1 1 
1 1 0 0 0 
1 0 1 0 0 
0 0 0 1 1 
1 0 1 0 0 
0 0 1 1 0 
1 1 0 0 0 
0 1 1 0 0 
0 1 0 1 0 
0 1 0 0 1 
1 1 0 0 0 
0 1 1 0 0 
0 1 0 1 0 
0 1 0 0 1 
0 1 0 0 1 
1 0 1 0 0 
1 1 0 0 0 
1 1 0 0 0 
0 1 0 0 1 
0 1 0 1 0 
0 1 1 0 0 
0 1 0 1 0 
1 1 0 0 0 
1 1 0 0 0 
0 1 1 0 0 
0 1 0 1 0 
0 1 0 0 1 
0 0 0 1 1 
0 1 0 0 1 
1 1 0 0 0 
0 0 0 1 1 
1 1 0 0 0 
0 1 0 1 0 
0 1 1 0 0 
0 1 0 0 1 
0 0 0 1 1 
1 1 0 0 0 
0 0 0 1 1 
1 1 0 0 0 
0 1 1 0 0 
0 1 0 0 1 
0 1 0 0 1 
1 1 0 0 0 
1 0 0 1 0 
0 1 0 1 0 
0 0 1 1 0 
0 0 0 1 1 
1 1 0 0 0 
0 1 0 1 0 
0 1 0 0 1 
0 0 1 1 0 
0 1 0 0 1 
0 0 0 1 1 
1 1 0 0 0 
0 0 1 1 0 
0 1 0 0 1 
1 1 0 0 0 
0 0 0 1 1 
1 1 0 0 0 
1 0 1 0 0 
0 0 0 1 1 
1 1 0 0 0 
1 1 0 0 0 
0 0 0 1 1 
0 0 1 1 0 
1 1 0 0 0 
0 1 0 0 1 
0 0 1 0 1 
0 0 0 1 1 
1 1 0 0 0 
0 0 1 0 1 
1 0 0 0 1 
0 0 1 1 0 
1 1 0 0 0 
0 1 0 0 1 
0 0 1 0 1 
1 1 0 0 0 
1 1 0 0 0 
1 0 0 0 1 
0 1 0 1 0 
1 0 0 1 0 
0 0 1 1 0 
1 0 0 0 1 
0 1 0 1 0 
0 0 0 1 1 
0 0 1 1 0 
0 0 0 1 1 
0 0 1 1 0 
1 1 0 0 0 
0 1 0 1 0 
0 1 0 0 1 
0 0 0 1 1 
0 0 1 1 0 
0 1 0 0 1 
0 0 0 1 1 
1 1 0 0 0 
0 1 0 0 1 
0 0 0 1 1 
1 0 1 0 0 
1 0 0 0 1 
0 1 1 0 0 
0 0 1 1 0 
0 1 0 0 1 
0 0 0 1 1 
1 1 0 0 0 
1 0 1 0 0 
1 0 0 0 1 
0 1 0 0 1 
0 0 1 0 1 
0 0 0 1 1 
0 0 1 1 0 
1 0 0 0 1 
0 1 0 0 1 
0 0 0 1 1 
1 0 1 0 0 
0 0 1 1 0 
0 1 0 0 1 
0 1 0 1 0 
0 0 1 1 0 
0 1 0 1 0 
0 1 0 0 1 
1 0 0 1 0 
1 0 0 0 1 
0 0 1 1 0 
1 0 0 0 1 
0 0 1 1 0 
0 0 1 0 1 
0 1 1 0 0 
1 0 0 0 1 
0 0 1 1 0 
1 1 0 0 0 
1 0 0 0 1 
0 1 1 0 0 
0 1 0 1 0 
0 1 0 0 1 
0 0 1 0 1 
1 0 0 0 1 
0 1 0 1 0 
1 0 0 0 1 
0 1 1 0 0 
0 1 0 1 0 
0 1 1 0 0 
0 0 0 1 1 
1 0 0 1 0 
0 1 0 1 0 
0 1 0 0 1 
1 0 0 0 1 
0 0 1 0 1 
1 1 0 0 0 
1 0 0 0 1 
0 1 0 1 0 
0 1 0 1 0 
0 0 1 1 0 
1 0 0 0 1 
0 0 1 1 0 
1 1 0 0 0 
1 0 0 0 1 
0 1 0 1 0 
1 0 0 1 0 
0 0 1 1 0 
0 0 0 1 1 
0 0 1 1 0 
0 1 0 1 0 
0 1 0 0 1 
1 0 0 1 0 
0 0 1 1 0 
0 1 0 1 0 
0 1 0 0 1 
1 0 0 1 0 
0 0 0 1 1 
1 1 0 0 0 
1 0 0 1 0 
0 1 1 0 0 
0 1 0 0 1 
0 1 0 1 0 
0 1 1 0 0 
0 1 0 0 1 
0 0 0 1 1 
1 1 0 0 0 
1 0 0 1 0 
0 1 1 0 0 
0 1 0 0 1 
0 0 1 1 0 
0 0 0 1 1 
0 1 1 0 0 
0 0 1 1 0 
1 1 0 0 0 
1 0 0 1 0 
0 1 0 0 1 
0 0 0 1 1 
0 1 1 0 0 
0 0 1 1 0 
1 1 0 0 0 
1 0 0 1 0 
0 1 0 0 1 
0 0 0 1 1 
0 1 1 0 0 
0 0 1 1 0 
1 1 0 0 0 
1 0 0 1 0 
0 1 1 0 0 
0 0 1 1 0 
1 1 0 0 0 
1 0 0 1 0 
0 1 1 0 0 
0 0 1 1 0 
0 1 0 0 1 
0 0 0 1 1 
0 1 1 0 0 
0 0 1 1 0 
1 0 0 0 1 
0 1 1 0 0 
0 0 1 1 0 
1 0 0 0 1 
0 1 0 0 1 
0 0 0 1 1 
0 1 1 0 0 
0 0 1 1 0 
1 0 0 0 1 
1 1 0 0 0 
0 1 1 0 0 
0 1 0 1 0 
0 1 0 0 1 
0 1 0 0 1 
0 1 1 0 0 
1 1 0 0 0 
0 1 0 0 1 
1 0 0 1 0 
0 1 1 0 0 
0 1 0 1 0 
0 0 1 1 0 
0 0 0 1 1 
0 1 0 0 1 
0 0 0 1 1 
0 1 1 0 0 
0 0 1 1 0 
1 0 0 1 0 
0 0 0 1 1 
0 1 0 0 1 
0 0 1 1 0 
1 1 0 0 0 
1 0 0 1 0 
0 0 1 1 0 
0 1 0 0 1 
0 0 0 1 1 
1 1 0 0 0 
1 0 0 1 0 
1 1 0 0 0 
1 0 0 1 0 
0 1 1 0 0 
0 1 0 0 1 
0 0 1 1 0 
0 0 0 1 1 
1 0 0 1 0 
0 1 0 0 1 
0 1 0 1 0 
0 0 1 1 0 
0 0 0 1 1 
0 0 0 1 1 
1 0 0 1 0 
1 1 0 0 0 
0 1 1 0 0 
0 1 0 1 0 
0 1 0 0 1 
0 0 1 1 0 
1 1 0 0 0 
0 1 1 0 0 
0 1 0 1 0 
0 1 0 0 1 
1 1 0 0 0 
0 1 0 0 1 
0 1 1 0 0 
0 1 0 1 0 
0 0 0 1 1 
0 1 1 0 0 
1 1 0 0 0 
0 1 0 1 0 
0 1 0 0 1 
1 1 0 0 0 
1 0 0 1 0 
0 1 0 0 1 
0 0 1 1 0 
0 0 0 1 1 
1 1 0 0 0 
1 0 0 1 0 
0 1 1 0 0 
0 1 0 0 1 
0 0 1 1 0 
0 0 0 1 1 
1 1 0 0 0 
1 0 0 1 0 
0 1 1 0 0 
0 0 1 1 0 
1 1 0 0 0 
0 1 0 0 1 
1 0 0 1 0 
0 0 0 1 1 
1 1 0 0 0 
0 1 1 0 0 
0 1 0 0 1 
0 0 0 1 1 
0 1 1 0 0 
1 1 0 0 0 
1 0 0 1 0 
0 1 0 1 0 
0 0 1 1 0 
0 0 0 1 1 
1 1 0 0 0 
1 0 0 1 0 
0 0 1 1 0 
0 1 0 0 1 
0 0 0 1 1 
1 1 0 0 0 
1 0 0 1 0 
0 0 1 1 0 
0 1 0 1 0 
1 1 0 0 0 
1 0 0 1 0 
0 0 0 1 1 
1 1 0 0 0 
0 1 0 0 1 
1 0 0 1 0 
0 0 0 1 1 
0 1 1 0 0 
1 0 0 1 0 
0 1 1 0 0 
0 0 0 1 1 
1 1 0 0 0 
1 0 0 1 0 
1 1 0 0 0 
1 0 0 1 0 
0 0 1 1 0 
0 1 0 0 1 
0 0 0 1 1 
1 1 0 0 0 
1 0 0 1 0 
0 1 0 0 1 
0 0 0 1 1 
1 1 0 0 0 
0 1 0 0 1 
0 0 1 1 0 
0 1 0 0 1 
1 0 0 1 0 
0 0 1 1 0 
0 0 0 1 1 
1 1 0 0 0 
0 1 1 0 0 
0 1 0 0 1 
1 0 0 1 0 
0 1 0 1 0 
0 0 1 1 0 
0 0 0 1 1 
0 1 1 0 0 
1 0 0 1 0 
1 0 0 0 1 
0 0 0 1 1 
0 1 0 0 1 
0 0 1 1 0 
0 1 0 0 1 
1 0 0 1 0 
0 1 1 0 0 
0 0 1 1 0 
0 0 1 0 1 
0 1 1 0 0 
0 1 0 0 1 
0 0 1 0 1 
0 0 0 1 1 
1 1 0 0 0 
1 0 0 1 0 
1 1 0 0 0 
0 1 0 0 1 
1 0 0 1 0 
1 0 1 0 0 
1 0 0 1 0 
0 0 0 1 1 
0 1 0 1 0 
0 0 0 1 1 
0 1 0 1 0 
1 1 0 0 0 
0 0 1 1 0 
1 0 0 1 0 
0 0 1 0 1 
1 1 0 0 0 
1 0 0 1 0 
0 0 1 0 1 
1 0 0 1 0 
0 1 0 1 0 
1 1 0 0 0 
1 0 0 1 0 
0 1 0 0 1 
0 0 1 1 0 
1 1 0 0 0 
1 0 0 1 0 
0 1 0 0 1 
1 0 0 1 0 
0 0 1 1 0 
0 1 0 0 1 
0 0 1 1 0 
1 1 0 0 0 
0 0 1 0 1 
1 1 0 0 0 
1 0 0 1 0 
0 0 1 1 0 
1 0 0 1 0 
0 0 0 1 1 
0 0 1 1 0 
0 1 0 1 0 
0 0 0 1 1 
1 1 0 0 0 
1 1 0 0 0 
0 1 0 1 0 
0 0 0 1 1 
0 1 0 1 0 
0 1 0 0 1 
0 0 0 1 1 
1 0 1 0 0 
0 0 0 1 1 
1 1 0 0 0 
0 1 0 0 1 
0 1 0 1 0 
1 1 0 0 0 
0 0 0 1 1 
0 0 1 1 0 
0 1 0 1 0 
0 1 0 0 1 
1 1 0 0 0 
1 0 0 0 1 
0 0 1 1 0 
1 1 0 0 0 
0 1 0 1 0 
0 1 0 0 1 
0 0 1 1 0 
1 0 0 1 0 
0 1 0 0 1 
0 0 0 1 1 
1 0 0 1 0 
0 0 0 1 1 
0 1 0 0 1 
1 1 0 0 0 
0 1 1 0 0 
0 1 0 0 1 
0 0 0 1 1 
0 1 0 0 1 
0 0 0 1 1 
1 0 0 0 1 
0 1 0 0 1 
1 0 0 0 1 
0 0 1 1 0 
0 1 0 1 0 
0 0 0 1 1 
1 0 0 0 1 
0 1 0 0 1 
0 0 0 1 1 
0 1 0 1 0 
0 1 0 0 1 
1 0 0 0 1 
1 0 0 0 1 
1 0 0 1 0 
0 0 0 1 1 
0 1 0 0 1 
0 0 0 1 1 
0 1 0 1 0 
0 0 0 1 1 
1 1 0 0 0 
1 0 0 0 1 
0 1 0 0 1 
0 0 1 0 1 
0 0 0 1 1 
1 0 0 0 1 
0 0 1 0 1 
0 0 0 1 1 
1 0 0 0 1 
0 1 0 0 1 
0 0 1 0 1 
0 0 1 1 0 
1 0 0 1 0 
1 0 0 0 1 
0 1 0 0 1 
0 0 1 0 1 
0 0 1 0 1 
0 0 0 1 1 
1 0 0 1 0 
1 0 0 0 1 
0 1 0 0 1 
0 0 1 0 1 
0 1 0 0 1 
1 0 0 1 0 
1 0 0 0 1 
0 0 1 0 1 
1 0 0 1 0 
0 1 0 1 0 
0 0 1 1 0 
0 0 0 1 1 
1 0 0 1 0 
0 0 1 1 0 
0 1 0 1 0 
0 0 0 1 1 
0 1 0 1 0 
1 0 0 1 0 
0 0 1 1 0 
0 0 1 1 0 
1 0 0 1 0 
1 0 0 0 1 
0 0 1 1 0 
0 1 0 0 1 
0 1 0 1 0 
1 0 0 1 0 
0 0 1 0 1 
1 0 0 0 1 
0 0 1 1 0 
0 0 1 0 1 
0 1 0 0 1 
0 1 0 1 0 
0 0 1 1 0 
0 0 1 0 1 
0 0 1 1 0 
0 0 1 0 1 
0 0 1 0 1 
0 0 1 1 0 
1 0 0 1 0 
1 0 0 0 1 
0 0 1 1 0 
0 0 1 0 1 
1 1 0 0 0 
0 1 1 0 0 
0 1 1 0 0 
0 0 1 1 0 
0 0 1 0 1 
1 1 0 0 0 
1 0 0 1 0 
1 0 0 0 1 
0 1 1 0 0 
1 1 0 0 0 
1 0 0 1 0 
1 0 0 0 1 
0 1 1 0 0 
1 1 0 0 0 
1 0 0 1 0 
1 0 0 0 1 
0 1 1 0 0 
0 1 1 0 0 
0 1 1 0 0 
0 0 1 1 0 
0 0 1 0 1 
1 1 0 0 0 
1 0 0 1 0 
1 0 0 0 1 
0 1 1 0 0 
0 0 1 1 0 
0 0 1 0 1 
1 1 0 0 0 
1 0 0 1 0 
1 0 0 0 1 
0 1 1 0 0 
0 0 1 1 0 
1 0 0 0 1 
0 1 1 0 0 
0 0 1 1 0 
0 0 1 0 1 
1 1 0 0 0 
1 0 0 1 0 
1 0 0 0 1 
0 1 1 0 0 
1 1 0 0 0 
1 0 0 1 0 
1 0 0 0 1 
0 1 1 0 0 
0 0 1 1 0 
0 0 1 0 1 
0 1 1 0 0 
0 0 1 1 0 
0 0 1 0 1 
0 1 1 0 0 
1 0 0 1 0 
0 0 1 0 1 
0 1 1 0 0 
0 0 1 1 0 
0 0 1 0 1 
1 1 0 0 0 
1 0 0 1 0 
1 0 0 0 1 
0 1 1 0 0 
0 0 1 1 0 
0 0 1 0 1 
1 1 0 0 0 
1 0 0 1 0 
1 0 0 0 1 
1 1 0 0 0 
1 0 0 1 0 
1 0 0 0 1 
1 0 0 0 1 
1 0 0 0 1 
0 0 1 1 0 
1 0 0 0 1 
1 1 1 1 1 
;
TIMETABLE BEST: 
0.0 0.0 0.0 0.0 0.0 
10.0 10.0 0.0 0.0 0.0 
10.0 10.0 18.0 18.0 0.0 
18.0 10.0 18.0 18.0 0.0 
18.0 10.0 18.0 18.0 0.0 
18.0 18.0 18.0 18.0 0.0 
18.0 18.0 18.0 18.0 0.0 
18.0 18.0 19.0 18.0 19.0 
19.0 18.0 19.0 18.0 19.0 
19.0 19.0 19.0 18.0 19.0 
19.0 19.0 19.0 19.0 19.0 
26.0 19.0 19.0 26.0 19.0 
26.0 26.0 19.0 26.0 19.0 
26.0 26.0 26.0 26.0 19.0 
26.0 26.0 26.0 26.0 26.0 
26.0 26.0 34.0 34.0 26.0 
36.0 26.0 34.0 34.0 36.0 
36.0 36.0 34.0 34.0 36.0 
36.0 36.0 36.0 34.0 36.0 
36.0 36.0 36.0 36.0 36.0 
44.0 36.0 36.0 36.0 44.0 
44.0 44.0 36.0 36.0 44.0 
44.0 44.0 44.0 36.0 44.0 
44.0 44.0 44.0 44.0 44.0 
44.0 44.0 44.0 52.0 52.0 
54.0 54.0 44.0 52.0 52.0 
54.0 54.0 44.0 54.0 52.0 
54.0 54.0 44.0 54.0 54.0 
54.0 54.0 44.0 54.0 54.0 
58.0 54.0 58.0 54.0 54.0 
58.0 58.0 58.0 54.0 54.0 
58.0 58.0 58.0 58.0 54.0 
58.0 58.0 58.0 58.0 58.0 
58.0 67.0 58.0 58.0 67.0 
58.0 67.0 66.0 66.0 67.0 
67.0 67.0 66.0 66.0 67.0 
67.0 67.0 67.0 66.0 67.0 
67.0 67.0 67.0 67.0 67.0 
67.0 67.0 74.0 74.0 67.0 
67.0 67.0 74.0 74.0 74.0 
75.0 67.0 74.0 74.0 75.0 
75.0 77.0 74.0 74.0 77.0 
75.0 77.0 77.0 74.0 77.0 
85.0 77.0 85.0 74.0 77.0 
85.0 77.0 85.0 74.0 85.0 
88.0 88.0 85.0 74.0 85.0 
88.0 88.0 88.0 74.0 85.0 
88.0 88.0 88.0 88.0 85.0 
88.0 88.0 88.0 88.0 88.0 
88.0 95.0 88.0 95.0 88.0 
97.0 97.0 88.0 95.0 88.0 
97.0 97.0 88.0 95.0 97.0 
97.0 97.0 88.0 95.0 97.0 
97.0 97.0 97.0 95.0 97.0 
97.0 97.0 97.0 102.0 102.0 
106.0 97.0 97.0 102.0 106.0 
108.0 108.0 97.0 102.0 106.0 
108.0 108.0 108.0 102.0 106.0 
108.0 108.0 108.0 108.0 106.0 
108.0 108.0 108.0 108.0 108.0 
108.0 114.0 108.0 108.0 114.0 
108.0 114.0 114.0 108.0 114.0 
114.0 114.0 114.0 108.0 114.0 
114.0 114.0 114.0 114.0 114.0 
121.0 114.0 114.0 114.0 121.0 
121.0 121.0 114.0 121.0 121.0 
121.0 121.0 114.0 121.0 121.0 
121.0 121.0 121.0 121.0 121.0 
121.0 121.0 121.0 121.0 121.0 
121.0 121.0 121.0 128.0 128.0 
130.0 130.0 121.0 128.0 128.0 
134.0 130.0 134.0 128.0 128.0 
134.0 134.0 134.0 128.0 128.0 
134.0 134.0 134.0 134.0 128.0 
135.0 134.0 134.0 134.0 135.0 
135.0 135.0 134.0 134.0 135.0 
135.0 135.0 135.0 134.0 135.0 
135.0 141.0 135.0 134.0 141.0 
135.0 141.0 141.0 141.0 141.0 
135.0 141.0 141.0 141.0 141.0 
135.0 141.0 141.0 141.0 141.0 
144.0 141.0 144.0 141.0 141.0 
144.0 141.0 144.0 147.0 147.0 
149.0 149.0 144.0 147.0 147.0 
149.0 149.0 149.0 147.0 147.0 
149.0 149.0 149.0 149.0 147.0 
149.0 149.0 149.0 149.0 149.0 
149.0 155.0 149.0 149.0 155.0 
156.0 155.0 156.0 149.0 155.0 
156.0 156.0 156.0 149.0 155.0 
156.0 156.0 156.0 156.0 155.0 
156.0 156.0 156.0 156.0 155.0 
156.0 156.0 156.0 156.0 156.0 
156.0 156.0 162.0 156.0 162.0 
156.0 156.0 163.0 163.0 162.0 
156.0 164.0 164.0 163.0 162.0 
165.0 164.0 165.0 163.0 162.0 
169.0 164.0 165.0 163.0 169.0 
169.0 169.0 165.0 163.0 169.0 
169.0 169.0 169.0 163.0 169.0 
169.0 169.0 169.0 169.0 169.0 
169.0 176.0 169.0 169.0 176.0 
169.0 176.0 176.0 169.0 176.0 
169.0 176.0 176.0 176.0 176.0 
178.0 176.0 176.0 176.0 178.0 
178.0 182.0 176.0 176.0 182.0 
186.0 182.0 186.0 176.0 182.0 
186.0 186.0 186.0 176.0 182.0 
186.0 186.0 186.0 186.0 182.0 
186.0 186.0 186.0 186.0 186.0 
186.0 192.0 192.0 186.0 186.0 
186.0 192.0 193.0 193.0 186.0 
194.0 192.0 193.0 193.0 194.0 
194.0 194.0 193.0 193.0 194.0 
194.0 194.0 194.0 193.0 194.0 
194.0 194.0 194.0 194.0 194.0 
194.0 200.0 194.0 194.0 200.0 
194.0 200.0 194.0 201.0 201.0 
203.0 200.0 203.0 201.0 201.0 
203.0 200.0 203.0 201.0 203.0 
203.0 209.0 209.0 201.0 203.0 
203.0 209.0 209.0 201.0 209.0 
213.0 209.0 213.0 201.0 209.0 
213.0 209.0 213.0 201.0 213.0 
213.0 209.0 215.0 215.0 213.0 
213.0 209.0 215.0 215.0 215.0 
218.0 218.0 215.0 215.0 215.0 
223.0 218.0 215.0 215.0 223.0 
223.0 223.0 215.0 215.0 223.0 
223.0 223.0 223.0 215.0 223.0 
223.0 223.0 223.0 223.0 223.0 
229.0 229.0 223.0 223.0 223.0 
232.0 229.0 223.0 223.0 232.0 
232.0 232.0 223.0 223.0 232.0 
232.0 232.0 232.0 223.0 232.0 
232.0 232.0 232.0 232.0 232.0 
232.0 238.0 232.0 232.0 238.0 
242.0 238.0 242.0 232.0 238.0 
242.0 238.0 242.0 242.0 238.0 
242.0 238.0 242.0 242.0 242.0 
242.0 247.0 247.0 242.0 242.0 
242.0 247.0 247.0 242.0 247.0 
252.0 247.0 247.0 242.0 252.0 
252.0 254.0 254.0 242.0 252.0 
252.0 254.0 254.0 254.0 252.0 
252.0 254.0 254.0 254.0 254.0 
261.0 254.0 254.0 254.0 261.0 
261.0 263.0 263.0 254.0 261.0 
261.0 263.0 263.0 254.0 263.0 
261.0 267.0 263.0 267.0 263.0 
261.0 267.0 267.0 267.0 263.0 
271.0 267.0 271.0 267.0 263.0 
271.0 267.0 271.0 271.0 263.0 
271.0 267.0 271.0 271.0 271.0 
279.0 267.0 271.0 279.0 271.0 
279.0 279.0 271.0 279.0 271.0 
279.0 279.0 271.0 279.0 279.0 
286.0 279.0 286.0 279.0 279.0 
286.0 279.0 286.0 286.0 279.0 
288.0 288.0 286.0 286.0 279.0 
288.0 288.0 286.0 286.0 288.0 
288.0 288.0 286.0 288.0 288.0 
294.0 294.0 286.0 288.0 288.0 
294.0 294.0 286.0 288.0 294.0 
296.0 294.0 286.0 296.0 294.0 
296.0 294.0 296.0 296.0 294.0 
296.0 294.0 296.0 296.0 296.0 
301.0 301.0 296.0 296.0 296.0 
301.0 301.0 296.0 301.0 296.0 
301.0 301.0 296.0 301.0 301.0 
301.0 301.0 306.0 301.0 306.0 
309.0 309.0 306.0 301.0 306.0 
309.0 309.0 306.0 309.0 306.0 
309.0 309.0 306.0 309.0 309.0 
309.0 309.0 313.0 309.0 313.0 
315.0 315.0 313.0 309.0 313.0 
315.0 316.0 313.0 316.0 313.0 
321.0 316.0 313.0 316.0 321.0 
321.0 316.0 321.0 316.0 321.0 
323.0 316.0 321.0 323.0 321.0 
323.0 316.0 321.0 323.0 323.0 
323.0 325.0 321.0 325.0 323.0 
323.0 325.0 328.0 325.0 328.0 
323.0 332.0 328.0 332.0 328.0 
331.0 332.0 328.0 332.0 331.0 
331.0 332.0 336.0 332.0 336.0 
331.0 338.0 336.0 338.0 336.0 
344.0 338.0 344.0 338.0 336.0 
344.0 338.0 344.0 338.0 344.0 
344.0 351.0 351.0 338.0 344.0 
344.0 351.0 351.0 351.0 344.0 
344.0 351.0 352.0 351.0 352.0 
359.0 351.0 352.0 359.0 352.0 
359.0 359.0 352.0 359.0 352.0 
359.0 359.0 359.0 359.0 352.0 
359.0 359.0 359.0 359.0 359.0 
359.0 367.0 359.0 367.0 359.0 
359.0 367.0 359.0 367.0 367.0 
368.0 367.0 368.0 367.0 367.0 
368.0 368.0 368.0 367.0 367.0 
368.0 368.0 368.0 368.0 367.0 
368.0 368.0 368.0 368.0 368.0 
374.0 368.0 374.0 368.0 368.0 
374.0 376.0 376.0 368.0 368.0 
374.0 376.0 376.0 376.0 368.0 
374.0 376.0 376.0 376.0 376.0 
381.0 376.0 381.0 376.0 376.0 
384.0 376.0 381.0 384.0 376.0 
384.0 385.0 385.0 384.0 376.0 
389.0 385.0 385.0 384.0 389.0 
389.0 385.0 389.0 384.0 389.0 
389.0 385.0 389.0 389.0 389.0 
395.0 385.0 395.0 389.0 389.0 
395.0 395.0 395.0 389.0 389.0 
395.0 395.0 395.0 395.0 389.0 
395.0 395.0 395.0 395.0 395.0 
395.0 401.0 401.0 395.0 395.0 
403.0 401.0 403.0 395.0 395.0 
403.0 401.0 403.0 395.0 403.0 
403.0 401.0 403.0 403.0 403.0 
411.0 401.0 411.0 403.0 403.0 
411.0 401.0 411.0 403.0 411.0 
411.0 401.0 411.0 411.0 411.0 
412.0 412.0 411.0 411.0 411.0 
412.0 412.0 417.0 417.0 411.0 
421.0 412.0 417.0 417.0 421.0 
421.0 421.0 417.0 417.0 421.0 
421.0 421.0 421.0 417.0 421.0 
421.0 421.0 421.0 421.0 421.0 
421.0 421.0 427.0 421.0 427.0 
421.0 421.0 428.0 428.0 427.0 
421.0 421.0 428.0 428.0 428.0 
421.0 429.0 428.0 428.0 429.0 
421.0 429.0 434.0 434.0 429.0 
435.0 435.0 434.0 434.0 429.0 
435.0 435.0 435.0 434.0 429.0 
435.0 435.0 435.0 435.0 429.0 
435.0 435.0 435.0 435.0 435.0 
441.0 435.0 441.0 435.0 435.0 
442.0 435.0 441.0 442.0 435.0 
443.0 443.0 441.0 442.0 435.0 
445.0 443.0 441.0 442.0 445.0 
450.0 443.0 441.0 450.0 445.0 
452.0 443.0 452.0 450.0 445.0 
452.0 452.0 452.0 450.0 445.0 
452.0 452.0 452.0 452.0 445.0 
452.0 452.0 454.0 452.0 454.0 
459.0 452.0 454.0 459.0 454.0 
459.0 452.0 459.0 459.0 454.0 
459.0 462.0 462.0 459.0 454.0 
459.0 462.0 462.0 462.0 454.0 
459.0 462.0 462.0 462.0 462.0 
468.0 462.0 462.0 468.0 462.0 
468.0 462.0 468.0 468.0 462.0 
468.0 468.0 468.0 468.0 462.0 
470.0 468.0 468.0 468.0 470.0 
470.0 470.0 468.0 468.0 470.0 
470.0 470.0 470.0 468.0 470.0 
477.0 470.0 470.0 477.0 470.0 
477.0 477.0 470.0 477.0 470.0 
477.0 477.0 477.0 477.0 470.0 
477.0 484.0 477.0 477.0 484.0 
486.0 484.0 477.0 486.0 484.0 
486.0 486.0 477.0 486.0 484.0 
486.0 486.0 486.0 486.0 484.0 
492.0 486.0 486.0 486.0 492.0 
492.0 492.0 486.0 486.0 492.0 
492.0 492.0 492.0 486.0 492.0 
494.0 492.0 492.0 494.0 492.0 
494.0 494.0 492.0 494.0 492.0 
494.0 494.0 494.0 494.0 492.0 
494.0 494.0 501.0 494.0 501.0 
504.0 494.0 501.0 504.0 501.0 
504.0 504.0 501.0 504.0 501.0 
504.0 504.0 504.0 504.0 501.0 
504.0 504.0 507.0 504.0 507.0 
504.0 504.0 507.0 507.0 507.0 
504.0 504.0 507.0 513.0 513.0 
517.0 504.0 517.0 513.0 513.0 
517.0 517.0 517.0 513.0 513.0 
517.0 517.0 517.0 517.0 513.0 
517.0 517.0 517.0 517.0 517.0 
517.0 517.0 523.0 517.0 523.0 
526.0 517.0 523.0 526.0 523.0 
526.0 526.0 523.0 526.0 523.0 
526.0 526.0 526.0 526.0 523.0 
526.0 526.0 526.0 526.0 526.0 
526.0 526.0 526.0 532.0 532.0 
536.0 526.0 536.0 532.0 532.0 
540.0 540.0 536.0 532.0 532.0 
540.0 540.0 540.0 532.0 532.0 
540.0 540.0 540.0 540.0 532.0 
540.0 540.0 540.0 540.0 540.0 
540.0 546.0 540.0 540.0 546.0 
549.0 549.0 540.0 540.0 546.0 
549.0 549.0 549.0 540.0 546.0 
549.0 549.0 549.0 549.0 546.0 
549.0 549.0 549.0 549.0 546.0 
557.0 557.0 549.0 549.0 546.0 
557.0 557.0 557.0 549.0 546.0 
557.0 557.0 557.0 549.0 557.0 
557.0 557.0 557.0 549.0 557.0 
557.0 557.0 557.0 558.0 558.0 
565.0 565.0 557.0 558.0 558.0 
565.0 565.0 565.0 558.0 558.0 
568.0 565.0 565.0 568.0 558.0 
568.0 568.0 565.0 568.0 558.0 
568.0 568.0 568.0 568.0 558.0 
568.0 568.0 568.0 568.0 568.0 
575.0 575.0 568.0 568.0 568.0 
575.0 575.0 575.0 568.0 568.0 
575.0 575.0 575.0 579.0 579.0 
581.0 581.0 575.0 579.0 579.0 
581.0 581.0 581.0 579.0 579.0 
581.0 581.0 581.0 585.0 585.0 
590.0 590.0 581.0 585.0 585.0 
590.0 590.0 590.0 585.0 585.0 
591.0 590.0 590.0 585.0 591.0 
600.0 600.0 590.0 585.0 591.0 
600.0 600.0 600.0 585.0 591.0 
600.0 600.0 600.0 585.0 600.0 
600.0 603.0 600.0 603.0 600.0 
600.0 603.0 603.0 603.0 600.0 
600.0 603.0 603.0 603.0 603.0 
608.0 608.0 603.0 603.0 603.0 
608.0 608.0 608.0 603.0 603.0 
608.0 608.0 608.0 603.0 608.0 
608.0 611.0 608.0 611.0 608.0 
608.0 611.0 611.0 611.0 608.0 
608.0 611.0 611.0 611.0 611.0 
608.0 611.0 611.0 617.0 617.0 
608.0 611.0 621.0 621.0 617.0 
625.0 625.0 621.0 621.0 617.0 
625.0 625.0 625.0 621.0 617.0 
625.0 625.0 625.0 625.0 617.0 
625.0 625.0 625.0 625.0 625.0 
625.0 631.0 625.0 625.0 631.0 
625.0 632.0 625.0 632.0 631.0 
625.0 632.0 632.0 632.0 631.0 
625.0 632.0 632.0 632.0 632.0 
634.0 634.0 632.0 632.0 632.0 
634.0 634.0 632.0 638.0 638.0 
640.0 640.0 632.0 638.0 638.0 
640.0 642.0 642.0 638.0 638.0 
640.0 642.0 642.0 642.0 638.0 
647.0 647.0 642.0 642.0 638.0 
647.0 647.0 647.0 642.0 638.0 
647.0 647.0 647.0 642.0 647.0 
647.0 647.0 647.0 642.0 647.0 
655.0 655.0 647.0 642.0 647.0 
655.0 655.0 655.0 642.0 647.0 
655.0 656.0 655.0 656.0 647.0 
655.0 656.0 656.0 656.0 647.0 
655.0 656.0 656.0 656.0 656.0 
662.0 662.0 656.0 656.0 656.0 
662.0 662.0 662.0 656.0 656.0 
662.0 662.0 662.0 662.0 662.0 
672.0 662.0 672.0 662.0 662.0 
672.0 662.0 672.0 672.0 662.0 
674.0 674.0 672.0 672.0 662.0 
674.0 674.0 674.0 672.0 662.0 
674.0 674.0 674.0 674.0 662.0 
674.0 674.0 674.0 674.0 674.0 
680.0 680.0 674.0 674.0 674.0 
680.0 680.0 680.0 674.0 674.0 
680.0 680.0 680.0 680.0 674.0 
680.0 680.0 680.0 680.0 680.0 
680.0 686.0 680.0 680.0 686.0 
687.0 686.0 687.0 680.0 686.0 
687.0 687.0 687.0 680.0 686.0 
693.0 693.0 687.0 680.0 686.0 
693.0 693.0 687.0 680.0 693.0 
693.0 693.0 687.0 693.0 693.0 
693.0 697.0 697.0 693.0 693.0 
693.0 700.0 697.0 700.0 693.0 
701.0 701.0 697.0 700.0 693.0 
707.0 707.0 697.0 700.0 693.0 
707.0 707.0 707.0 700.0 693.0 
707.0 707.0 707.0 707.0 693.0 
707.0 707.0 707.0 707.0 707.0 
707.0 707.0 707.0 707.0 707.0 
707.0 713.0 707.0 707.0 713.0 
714.0 714.0 707.0 707.0 713.0 
714.0 714.0 707.0 714.0 714.0 
720.0 720.0 707.0 714.0 714.0 
720.0 720.0 707.0 720.0 714.0 
720.0 721.0 721.0 720.0 714.0 
720.0 723.0 721.0 720.0 723.0 
720.0 723.0 721.0 723.0 723.0 
726.0 726.0 721.0 723.0 723.0 
726.0 726.0 721.0 730.0 730.0 
732.0 732.0 721.0 730.0 730.0 
732.0 732.0 732.0 730.0 730.0 
732.0 732.0 732.0 730.0 732.0 
732.0 740.0 732.0 730.0 740.0 
741.0 741.0 732.0 730.0 740.0 
745.0 741.0 732.0 745.0 740.0 
745.0 745.0 732.0 745.0 740.0 
745.0 745.0 745.0 745.0 740.0 
745.0 745.0 745.0 745.0 745.0 
751.0 751.0 745.0 745.0 745.0 
751.0 751.0 745.0 751.0 745.0 
751.0 751.0 745.0 751.0 751.0 
751.0 751.0 755.0 755.0 751.0 
751.0 759.0 755.0 755.0 759.0 
751.0 759.0 755.0 759.0 759.0 
760.0 760.0 755.0 759.0 759.0 
760.0 760.0 762.0 762.0 759.0 
760.0 766.0 762.0 762.0 766.0 
766.0 766.0 762.0 762.0 766.0 
766.0 766.0 762.0 773.0 773.0 
774.0 774.0 762.0 773.0 773.0 
777.0 774.0 777.0 773.0 773.0 
777.0 774.0 777.0 779.0 779.0 
780.0 780.0 777.0 779.0 779.0 
790.0 790.0 777.0 779.0 779.0 
790.0 790.0 777.0 792.0 792.0 
790.0 790.0 793.0 793.0 792.0 
796.0 796.0 793.0 793.0 792.0 
796.0 800.0 793.0 793.0 800.0 
796.0 800.0 804.0 793.0 804.0 
796.0 800.0 804.0 804.0 804.0 
805.0 805.0 804.0 804.0 804.0 
805.0 805.0 810.0 804.0 810.0 
810.0 805.0 810.0 804.0 810.0 
810.0 805.0 810.0 810.0 810.0 
811.0 811.0 810.0 810.0 810.0 
811.0 811.0 810.0 810.0 811.0 
811.0 811.0 820.0 810.0 820.0 
821.0 821.0 820.0 810.0 820.0 
827.0 827.0 820.0 810.0 820.0 
829.0 827.0 820.0 810.0 829.0 
829.0 831.0 820.0 831.0 829.0 
831.0 831.0 820.0 831.0 829.0 
831.0 831.0 831.0 831.0 829.0 
837.0 831.0 831.0 831.0 837.0 
837.0 837.0 831.0 837.0 837.0 
837.0 837.0 831.0 837.0 837.0 
837.0 837.0 842.0 842.0 837.0 
837.0 837.0 842.0 844.0 844.0 
837.0 837.0 848.0 848.0 844.0 
851.0 851.0 848.0 848.0 844.0 
851.0 851.0 848.0 851.0 844.0 
851.0 851.0 848.0 851.0 851.0 
851.0 851.0 848.0 851.0 851.0 
851.0 851.0 857.0 857.0 851.0 
851.0 859.0 857.0 857.0 859.0 
851.0 859.0 857.0 859.0 859.0 
860.0 860.0 857.0 859.0 859.0 
860.0 867.0 857.0 859.0 867.0 
860.0 867.0 857.0 867.0 867.0 
869.0 867.0 869.0 867.0 867.0 
869.0 867.0 869.0 867.0 869.0 
869.0 869.0 869.0 867.0 869.0 
869.0 869.0 869.0 869.0 869.0 
869.0 878.0 869.0 869.0 878.0 
869.0 878.0 869.0 878.0 878.0 
879.0 879.0 869.0 878.0 878.0 
879.0 879.0 879.0 878.0 878.0 
888.0 879.0 879.0 878.0 888.0 
888.0 888.0 879.0 878.0 888.0 
888.0 888.0 888.0 878.0 888.0 
888.0 888.0 888.0 888.0 888.0 
888.0 888.0 898.0 898.0 888.0 
900.0 888.0 898.0 898.0 900.0 
900.0 900.0 898.0 898.0 900.0 
900.0 900.0 898.0 900.0 900.0 
905.0 900.0 905.0 900.0 900.0 
905.0 900.0 905.0 905.0 900.0 
905.0 912.0 905.0 905.0 912.0 
905.0 916.0 905.0 916.0 912.0 
905.0 916.0 916.0 916.0 912.0 
905.0 922.0 916.0 922.0 912.0 
905.0 922.0 916.0 922.0 922.0 
923.0 922.0 916.0 923.0 922.0 
923.0 922.0 916.0 923.0 923.0 
923.0 922.0 923.0 923.0 923.0 
931.0 922.0 923.0 923.0 931.0 
931.0 922.0 933.0 933.0 931.0 
931.0 922.0 933.0 933.0 933.0 
931.0 936.0 936.0 933.0 933.0 
938.0 936.0 936.0 933.0 938.0 
938.0 936.0 940.0 940.0 938.0 
950.0 950.0 940.0 940.0 938.0 
950.0 950.0 940.0 940.0 950.0 
950.0 950.0 950.0 940.0 950.0 
950.0 950.0 950.0 950.0 950.0 
950.0 950.0 950.0 950.0 950.0 
950.0 950.0 950.0 950.0 950.0 
957.0 950.0 950.0 950.0 957.0 
957.0 957.0 950.0 957.0 957.0 
965.0 957.0 950.0 957.0 965.0 
965.0 966.0 966.0 957.0 965.0 
965.0 967.0 966.0 967.0 965.0 
965.0 974.0 974.0 967.0 965.0 
965.0 974.0 974.0 967.0 967.0 
978.0 974.0 974.0 978.0 967.0 
978.0 978.0 974.0 978.0 967.0 
978.0 979.0 974.0 978.0 979.0 
989.0 979.0 974.0 978.0 989.0 
989.0 979.0 989.0 978.0 989.0 
993.0 993.0 989.0 978.0 989.0 
998.0 993.0 989.0 978.0 998.0 
998.0 1004.0 989.0 1004.0 998.0 
998.0 1012.0 989.0 1012.0 998.0 
998.0 1012.0 1012.0 1012.0 998.0 
1019.0 1012.0 1012.0 1012.0 1019.0 
1019.0 1012.0 1020.0 1020.0 1019.0 
1026.0 1026.0 1020.0 1020.0 1019.0 
1031.0 1026.0 1020.0 1020.0 1031.0 
1031.0 1042.0 1020.0 1042.0 1031.0 
1042.0 1042.0 1020.0 1042.0 1031.0 
1042.0 1042.0 1042.0 1042.0 1031.0 
1042.0 1042.0 1042.0 1042.0 1042.0 
1042.0 1042.0 1050.0 1050.0 1042.0 
1042.0 1054.0 1050.0 1054.0 1042.0 
1042.0 1054.0 1050.0 1054.0 1054.0 
1055.0 1054.0 1050.0 1055.0 1054.0 
1055.0 1054.0 1057.0 1057.0 1054.0 
1055.0 1060.0 1057.0 1060.0 1054.0 
1055.0 1060.0 1057.0 1060.0 1060.0 
1062.0 1060.0 1057.0 1062.0 1060.0 
1062.0 1060.0 1057.0 1072.0 1072.0 
1077.0 1077.0 1057.0 1072.0 1072.0 
1077.0 1077.0 1057.0 1077.0 1072.0 
1077.0 1077.0 1077.0 1077.0 1072.0 
1077.0 1077.0 1077.0 1077.0 1077.0 
1077.0 1077.0 1077.0 1077.0 1077.0 
1077.0 1084.0 1084.0 1077.0 1077.0 
1077.0 1087.0 1084.0 1077.0 1087.0 
1077.0 1087.0 1084.0 1087.0 1087.0 
1091.0 1091.0 1084.0 1087.0 1087.0 
1091.0 1091.0 1084.0 1091.0 1087.0 
1091.0 1092.0 1092.0 1091.0 1087.0 
1091.0 1096.0 1092.0 1091.0 1096.0 
1091.0 1096.0 1092.0 1092.0 1096.0 
1091.0 1096.0 1092.0 1096.0 1096.0 
1091.0 1099.0 1099.0 1096.0 1096.0 
1091.0 1099.0 1099.0 1099.0 1096.0 
1101.0 1101.0 1099.0 1099.0 1096.0 
1101.0 1101.0 1099.0 1101.0 1096.0 
1101.0 1104.0 1099.0 1101.0 1104.0 
1101.0 1104.0 1099.0 1104.0 1104.0 
1101.0 1105.0 1105.0 1104.0 1104.0 
1101.0 1105.0 1105.0 1105.0 1104.0 
1112.0 1112.0 1105.0 1105.0 1104.0 
1112.0 1112.0 1105.0 1112.0 1104.0 
1112.0 1112.0 1105.0 1112.0 1112.0 
1112.0 1112.0 1105.0 1112.0 1112.0 
1112.0 1114.0 1114.0 1112.0 1112.0 
1112.0 1114.0 1114.0 1114.0 1112.0 
1118.0 1118.0 1114.0 1114.0 1112.0 
1118.0 1118.0 1114.0 1118.0 1112.0 
1118.0 1123.0 1123.0 1118.0 1112.0 
1118.0 1123.0 1123.0 1123.0 1112.0 
1127.0 1127.0 1123.0 1123.0 1112.0 
1127.0 1127.0 1123.0 1127.0 1112.0 
1127.0 1131.0 1131.0 1127.0 1112.0 
1127.0 1131.0 1131.0 1131.0 1112.0 
1127.0 1134.0 1131.0 1131.0 1134.0 
1127.0 1134.0 1131.0 1134.0 1134.0 
1127.0 1141.0 1141.0 1134.0 1134.0 
1127.0 1141.0 1141.0 1141.0 1134.0 
1145.0 1141.0 1141.0 1141.0 1145.0 
1145.0 1150.0 1150.0 1141.0 1145.0 
1145.0 1150.0 1150.0 1150.0 1145.0 
1156.0 1150.0 1150.0 1150.0 1156.0 
1156.0 1156.0 1150.0 1150.0 1156.0 
1156.0 1156.0 1150.0 1156.0 1156.0 
1156.0 1160.0 1160.0 1156.0 1156.0 
1156.0 1160.0 1160.0 1160.0 1156.0 
1170.0 1160.0 1160.0 1160.0 1170.0 
1173.0 1173.0 1160.0 1160.0 1170.0 
1173.0 1173.0 1173.0 1160.0 1170.0 
1173.0 1173.0 1173.0 1173.0 1170.0 
1173.0 1173.0 1173.0 1173.0 1173.0 
1173.0 1181.0 1173.0 1173.0 1181.0 
1173.0 1182.0 1182.0 1173.0 1181.0 
1183.0 1183.0 1182.0 1173.0 1181.0 
1183.0 1188.0 1182.0 1173.0 1188.0 
1192.0 1188.0 1182.0 1192.0 1188.0 
1192.0 1192.0 1192.0 1192.0 1188.0 
1192.0 1192.0 1192.0 1192.0 1188.0 
1192.0 1192.0 1192.0 1192.0 1188.0 
1192.0 1192.0 1192.0 1192.0 1192.0 
1192.0 1198.0 1192.0 1192.0 1198.0 
1192.0 1198.0 1192.0 1198.0 1198.0 
1192.0 1200.0 1200.0 1198.0 1198.0 
1192.0 1200.0 1200.0 1200.0 1198.0 
1202.0 1200.0 1200.0 1202.0 1198.0 
1202.0 1200.0 1200.0 1207.0 1207.0 
1202.0 1207.0 1200.0 1207.0 1207.0 
1202.0 1207.0 1214.0 1214.0 1207.0 
1216.0 1216.0 1214.0 1214.0 1207.0 
1216.0 1216.0 1214.0 1216.0 1207.0 
1216.0 1216.0 1223.0 1223.0 1207.0 
1216.0 1225.0 1223.0 1223.0 1225.0 
1216.0 1225.0 1223.0 1225.0 1225.0 
1226.0 1226.0 1223.0 1225.0 1225.0 
1226.0 1226.0 1223.0 1226.0 1225.0 
1233.0 1233.0 1223.0 1226.0 1225.0 
1233.0 1233.0 1223.0 1233.0 1225.0 
1233.0 1233.0 1233.0 1233.0 1225.0 
1233.0 1233.0 1233.0 1233.0 1233.0 
1233.0 1233.0 1233.0 1233.0 1233.0 
1233.0 1233.0 1233.0 1233.0 1233.0 
1242.0 1233.0 1233.0 1242.0 1233.0 
1242.0 1241.0 1233.0 1242.0 1241.0 
1242.0 1242.0 1233.0 1242.0 1241.0 
1242.0 1242.0 1242.0 1242.0 1241.0 
1242.0 1242.0 1242.0 1242.0 1242.0 
1242.0 1242.0 1242.0 1250.0 1250.0 
1250.0 1242.0 1242.0 1250.0 1250.0 
1252.0 1252.0 1242.0 1250.0 1250.0 
1252.0 1252.0 1252.0 1250.0 1250.0 
1252.0 1252.0 1252.0 1252.0 1250.0 
1252.0 1252.0 1252.0 1252.0 1252.0 
1252.0 1252.0 1252.0 1252.0 1252.0 
1259.0 1259.0 1252.0 1252.0 1252.0 
1259.0 1259.0 1259.0 1252.0 1252.0 
1259.0 1259.0 1259.0 1259.0 1252.0 
1259.0 1259.0 1259.0 1259.0 1259.0 
1266.0 1266.0 1259.0 1259.0 1259.0 
1266.0 1267.0 1259.0 1259.0 1267.0 
1266.0 1268.0 1268.0 1259.0 1267.0 
1266.0 1268.0 1268.0 1268.0 1267.0 
1266.0 1268.0 1268.0 1268.0 1268.0 
1266.0 1275.0 1275.0 1268.0 1268.0 
1275.0 1275.0 1275.0 1268.0 1268.0 
1275.0 1275.0 1275.0 1275.0 1268.0 
1275.0 1275.0 1275.0 1275.0 1275.0 
1283.0 1283.0 1275.0 1275.0 1275.0 
1284.0 1283.0 1275.0 1284.0 1275.0 
1284.0 1284.0 1275.0 1284.0 1284.0 
1284.0 1284.0 1284.0 1284.0 1284.0 
1284.0 1284.0 1284.0 1284.0 1284.0 
1291.0 1291.0 1284.0 1284.0 1284.0 
1291.0 1291.0 1284.0 1291.0 1284.0 
1291.0 1294.0 1294.0 1291.0 1284.0 
1291.0 1294.0 1294.0 1291.0 1294.0 
1291.0 1294.0 1294.0 1294.0 1294.0 
1291.0 1294.0 1294.0 1294.0 1294.0 
1297.0 1297.0 1294.0 1294.0 1294.0 
1297.0 1297.0 1294.0 1297.0 1294.0 
1297.0 1302.0 1302.0 1297.0 1294.0 
1297.0 1302.0 1302.0 1302.0 1294.0 
1306.0 1306.0 1302.0 1302.0 1294.0 
1306.0 1306.0 1302.0 1302.0 1306.0 
1306.0 1306.0 1302.0 1306.0 1306.0 
1306.0 1306.0 1302.0 1306.0 1306.0 
1313.0 1313.0 1302.0 1306.0 1306.0 
1313.0 1313.0 1313.0 1306.0 1306.0 
1313.0 1313.0 1313.0 1306.0 1313.0 
1313.0 1313.0 1313.0 1315.0 1315.0 
1313.0 1321.0 1321.0 1315.0 1315.0 
1322.0 1322.0 1321.0 1315.0 1315.0 
1325.0 1322.0 1321.0 1325.0 1315.0 
1325.0 1325.0 1321.0 1325.0 1315.0 
1325.0 1325.0 1325.0 1325.0 1315.0 
1325.0 1325.0 1325.0 1325.0 1325.0 
1331.0 1331.0 1325.0 1325.0 1325.0 
1331.0 1331.0 1325.0 1331.0 1325.0 
1331.0 1331.0 1333.0 1333.0 1325.0 
1331.0 1337.0 1333.0 1333.0 1337.0 
1331.0 1337.0 1333.0 1337.0 1337.0 
1338.0 1338.0 1333.0 1337.0 1337.0 
1338.0 1338.0 1333.0 1338.0 1337.0 
1338.0 1338.0 1342.0 1342.0 1337.0 
1338.0 1345.0 1342.0 1345.0 1337.0 
1346.0 1346.0 1342.0 1345.0 1337.0 
1346.0 1346.0 1342.0 1346.0 1337.0 
1346.0 1346.0 1342.0 1347.0 1347.0 
1353.0 1353.0 1342.0 1347.0 1347.0 
1353.0 1353.0 1342.0 1347.0 1353.0 
1357.0 1353.0 1342.0 1357.0 1353.0 
1357.0 1353.0 1342.0 1357.0 1357.0 
1357.0 1360.0 1360.0 1357.0 1357.0 
1365.0 1360.0 1360.0 1365.0 1357.0 
1365.0 1367.0 1367.0 1365.0 1357.0 
1365.0 1367.0 1367.0 1367.0 1367.0 
1373.0 1373.0 1367.0 1367.0 1367.0 
1373.0 1373.0 1367.0 1373.0 1367.0 
1380.0 1380.0 1367.0 1373.0 1367.0 
1382.0 1380.0 1367.0 1382.0 1367.0 
1382.0 1380.0 1382.0 1382.0 1367.0 
1382.0 1387.0 1382.0 1382.0 1387.0 
1382.0 1387.0 1382.0 1387.0 1387.0 
1393.0 1393.0 1382.0 1387.0 1387.0 
1393.0 1393.0 1382.0 1393.0 1387.0 
1393.0 1393.0 1382.0 1393.0 1393.0 
1393.0 1393.0 1382.0 1393.0 1393.0 
1400.0 1400.0 1382.0 1393.0 1393.0 
1400.0 1400.0 1382.0 1393.0 1400.0 
1400.0 1400.0 1402.0 1402.0 1400.0 
1400.0 1406.0 1402.0 1402.0 1406.0 
1411.0 1406.0 1402.0 1411.0 1406.0 
1411.0 1406.0 1411.0 1411.0 1406.0 
1411.0 1406.0 1411.0 1411.0 1411.0 
1416.0 1416.0 1411.0 1411.0 1411.0 
1416.0 1416.0 1416.0 1411.0 1411.0 
1416.0 1416.0 1416.0 1411.0 1416.0 
1421.0 1416.0 1416.0 1421.0 1416.0 
1421.0 1421.0 1416.0 1421.0 1416.0 
1421.0 1421.0 1421.0 1421.0 1416.0 
1421.0 1421.0 1421.0 1421.0 1421.0 
1421.0 1430.0 1430.0 1421.0 1421.0 
1432.0 1430.0 1430.0 1432.0 1421.0 
1432.0 1430.0 1430.0 1432.0 1432.0 
1432.0 1430.0 1430.0 1432.0 1432.0 
1432.0 1440.0 1430.0 1432.0 1440.0 
1432.0 1440.0 1442.0 1442.0 1440.0 
1432.0 1447.0 1442.0 1442.0 1447.0 
1449.0 1447.0 1442.0 1449.0 1447.0 
1449.0 1452.0 1452.0 1449.0 1447.0 
1449.0 1452.0 1452.0 1452.0 1447.0 
1449.0 1452.0 1452.0 1452.0 1452.0 
1449.0 1459.0 1459.0 1452.0 1452.0 
1449.0 1462.0 1459.0 1452.0 1462.0 
1449.0 1462.0 1462.0 1452.0 1462.0 
1449.0 1462.0 1462.0 1462.0 1462.0 
1463.0 1463.0 1462.0 1462.0 1462.0 
1463.0 1463.0 1462.0 1463.0 1462.0 
1470.0 1470.0 1462.0 1463.0 1462.0 
1470.0 1470.0 1462.0 1463.0 1470.0 
1473.0 1470.0 1462.0 1473.0 1470.0 
1480.0 1470.0 1480.0 1473.0 1470.0 
1482.0 1470.0 1480.0 1482.0 1470.0 
1482.0 1470.0 1480.0 1482.0 1482.0 
1482.0 1484.0 1480.0 1484.0 1482.0 
1482.0 1484.0 1480.0 1492.0 1492.0 
1482.0 1494.0 1480.0 1494.0 1492.0 
1495.0 1495.0 1480.0 1494.0 1492.0 
1495.0 1495.0 1498.0 1498.0 1492.0 
1498.0 1495.0 1498.0 1498.0 1492.0 
1498.0 1495.0 1503.0 1498.0 1503.0 
1505.0 1505.0 1503.0 1498.0 1503.0 
1507.0 1505.0 1503.0 1507.0 1503.0 
1507.0 1505.0 1509.0 1507.0 1509.0 
1517.0 1505.0 1509.0 1517.0 1509.0 
1517.0 1517.0 1509.0 1517.0 1509.0 
1527.0 1527.0 1509.0 1517.0 1509.0 
1530.0 1527.0 1509.0 1530.0 1509.0 
1530.0 1534.0 1509.0 1530.0 1534.0 
1530.0 1534.0 1536.0 1536.0 1534.0 
1538.0 1538.0 1536.0 1536.0 1534.0 
1538.0 1538.0 1536.0 1538.0 1534.0 
1538.0 1542.0 1536.0 1538.0 1542.0 
1545.0 1542.0 1536.0 1545.0 1542.0 
1545.0 1542.0 1545.0 1545.0 1542.0 
1545.0 1550.0 1545.0 1545.0 1550.0 
1545.0 1550.0 1552.0 1552.0 1550.0 
1560.0 1560.0 1552.0 1552.0 1550.0 
1560.0 1560.0 1565.0 1552.0 1565.0 
1569.0 1569.0 1565.0 1552.0 1565.0 
1569.0 1569.0 1565.0 1569.0 1565.0 
1569.0 1569.0 1569.0 1569.0 1565.0 
1577.0 1569.0 1569.0 1577.0 1565.0 
1577.0 1569.0 1569.0 1582.0 1582.0 
1577.0 1569.0 1583.0 1583.0 1582.0 
1577.0 1589.0 1583.0 1589.0 1582.0 
1577.0 1589.0 1583.0 1592.0 1592.0 
1595.0 1595.0 1583.0 1592.0 1592.0 
1602.0 1602.0 1583.0 1592.0 1592.0 
1602.0 1602.0 1583.0 1602.0 1592.0 
1602.0 1602.0 1583.0 1604.0 1604.0 
1602.0 1614.0 1583.0 1614.0 1604.0 
1602.0 1618.0 1583.0 1614.0 1618.0 
1602.0 1618.0 1583.0 1618.0 1618.0 
1621.0 1618.0 1621.0 1618.0 1618.0 
1621.0 1618.0 1621.0 1628.0 1628.0 
1632.0 1632.0 1621.0 1628.0 1628.0 
1632.0 1632.0 1621.0 1628.0 1632.0 
1632.0 1641.0 1621.0 1641.0 1632.0 
1641.0 1641.0 1621.0 1641.0 1632.0 
1641.0 1641.0 1621.0 1641.0 1641.0 
1641.0 1641.0 1648.0 1648.0 1641.0 
1641.0 1651.0 1648.0 1651.0 1641.0 
1641.0 1651.0 1648.0 1651.0 1651.0 
1659.0 1659.0 1648.0 1651.0 1651.0 
1659.0 1659.0 1648.0 1651.0 1659.0 
1659.0 1659.0 1661.0 1661.0 1659.0 
1668.0 1668.0 1661.0 1661.0 1659.0 
1668.0 1668.0 1661.0 1668.0 1659.0 
1668.0 1668.0 1661.0 1668.0 1668.0 
1668.0 1668.0 1668.0 1668.0 1668.0 
1681.0 1668.0 1668.0 1681.0 1668.0 
1681.0 1682.0 1668.0 1681.0 1682.0 
1681.0 1682.0 1668.0 1682.0 1682.0 
1689.0 1682.0 1668.0 1689.0 1682.0 
1689.0 1682.0 1668.0 1689.0 1689.0 
1689.0 1691.0 1668.0 1689.0 1691.0 
1701.0 1701.0 1668.0 1689.0 1691.0 
1701.0 1701.0 1701.0 1689.0 1691.0 
1701.0 1701.0 1701.0 1689.0 1701.0 
1701.0 1701.0 1701.0 1706.0 1706.0 
1701.0 1718.0 1701.0 1706.0 1718.0 
1701.0 1718.0 1701.0 1718.0 1718.0 
1720.0 1718.0 1701.0 1718.0 1720.0 
1720.0 1725.0 1701.0 1718.0 1725.0 
1729.0 1725.0 1701.0 1718.0 1729.0 
1729.0 1725.0 1731.0 1731.0 1729.0 
1729.0 1731.0 1731.0 1731.0 1729.0 
1729.0 1731.0 1731.0 1731.0 1731.0 
1737.0 1731.0 1731.0 1731.0 1737.0 
1737.0 1737.0 1731.0 1731.0 1737.0 
1737.0 1737.0 1731.0 1737.0 1737.0 
1737.0 1744.0 1731.0 1744.0 1737.0 
1737.0 1744.0 1731.0 1744.0 1744.0 
1746.0 1744.0 1731.0 1744.0 1746.0 
1756.0 1744.0 1731.0 1744.0 1756.0 
1757.0 1744.0 1731.0 1757.0 1756.0 
1757.0 1744.0 1731.0 1757.0 1757.0 
1757.0 1761.0 1731.0 1757.0 1761.0 
1757.0 1761.0 1731.0 1769.0 1769.0 
1757.0 1774.0 1731.0 1774.0 1769.0 
1757.0 1774.0 1731.0 1775.0 1775.0 
1780.0 1780.0 1731.0 1775.0 1775.0 
1788.0 1780.0 1731.0 1775.0 1788.0 
1788.0 1788.0 1731.0 1775.0 1788.0 
1788.0 1788.0 1788.0 1775.0 1788.0 
1788.0 1788.0 1788.0 1788.0 1788.0 
1798.0 1788.0 1788.0 1788.0 1798.0 
1798.0 1788.0 1798.0 1788.0 1798.0 
1798.0 1788.0 1798.0 1800.0 1800.0 
1805.0 1788.0 1798.0 1800.0 1805.0 
1805.0 1805.0 1798.0 1800.0 1805.0 
1805.0 1805.0 1809.0 1800.0 1809.0 
1805.0 1805.0 1815.0 1815.0 1809.0 
1819.0 1805.0 1815.0 1819.0 1809.0 
1823.0 1805.0 1815.0 1819.0 1823.0 
1823.0 1823.0 1815.0 1819.0 1823.0 
1823.0 1823.0 1823.0 1819.0 1823.0 
1823.0 1823.0 1829.0 1819.0 1829.0 
1823.0 1823.0 1829.0 1829.0 1829.0 
1833.0 1823.0 1829.0 1833.0 1829.0 
1833.0 1823.0 1829.0 1833.0 1833.0 
1833.0 1835.0 1829.0 1833.0 1835.0 
1833.0 1835.0 1840.0 1833.0 1840.0 
1833.0 1841.0 1840.0 1833.0 1841.0 
1842.0 1841.0 1840.0 1842.0 1841.0 
1842.0 1841.0 1840.0 1842.0 1842.0 
1842.0 1841.0 1850.0 1842.0 1850.0 
1856.0 1841.0 1850.0 1856.0 1850.0 
1856.0 1856.0 1850.0 1856.0 1850.0 
1856.0 1856.0 1856.0 1856.0 1850.0 
1856.0 1856.0 1856.0 1856.0 1856.0 
1865.0 1856.0 1856.0 1865.0 1856.0 
1865.0 1856.0 1866.0 1866.0 1856.0 
1865.0 1868.0 1866.0 1868.0 1856.0 
1865.0 1868.0 1866.0 1870.0 1870.0 
1865.0 1874.0 1866.0 1874.0 1870.0 
1875.0 1874.0 1866.0 1875.0 1870.0 
1875.0 1874.0 1877.0 1877.0 1870.0 
1875.0 1874.0 1883.0 1883.0 1870.0 
1888.0 1874.0 1883.0 1888.0 1870.0 
1888.0 1874.0 1883.0 1888.0 1888.0 
1888.0 1874.0 1892.0 1892.0 1888.0 
1888.0 1891.0 1892.0 1892.0 1891.0 
1888.0 1892.0 1892.0 1892.0 1891.0 
1895.0 1892.0 1892.0 1895.0 1891.0 
1895.0 1892.0 1892.0 1895.0 1892.0 
1895.0 1892.0 1892.0 1895.0 1895.0 
1895.0 1892.0 1900.0 1900.0 1895.0 
1895.0 1892.0 1900.0 1900.0 1900.0 
1895.0 1905.0 1900.0 1900.0 1905.0 
1895.0 1905.0 1900.0 1905.0 1905.0 
1895.0 1905.0 1907.0 1907.0 1905.0 
1895.0 1905.0 1907.0 1907.0 1907.0 
1895.0 1905.0 1913.0 1913.0 1907.0 
1895.0 1905.0 1913.0 1913.0 1913.0 
1895.0 1905.0 1922.0 1913.0 1922.0 
1895.0 1905.0 1922.0 1922.0 1922.0 
1928.0 1905.0 1922.0 1928.0 1922.0 
1928.0 1905.0 1922.0 1928.0 1928.0 
1928.0 1905.0 1931.0 1931.0 1928.0 
1928.0 1905.0 1931.0 1931.0 1931.0 
1932.0 1932.0 1931.0 1931.0 1931.0 
1932.0 1932.0 1932.0 1931.0 1931.0 
1932.0 1940.0 1940.0 1931.0 1931.0 
1932.0 1940.0 1940.0 1940.0 1931.0 
1932.0 1940.0 1940.0 1940.0 1940.0 
1950.0 1950.0 1940.0 1940.0 1940.0 
1950.0 1950.0 1940.0 1950.0 1940.0 
1950.0 1950.0 1940.0 1950.0 1950.0 
1950.0 1953.0 1953.0 1950.0 1950.0 
1959.0 1959.0 1953.0 1950.0 1950.0 
1959.0 1959.0 1953.0 1959.0 1950.0 
1959.0 1959.0 1953.0 1959.0 1959.0 
1959.0 1962.0 1962.0 1959.0 1959.0 
1969.0 1969.0 1962.0 1959.0 1959.0 
1969.0 1969.0 1962.0 1969.0 1959.0 
1969.0 1969.0 1962.0 1969.0 1969.0 
1969.0 1969.0 1969.0 1969.0 1969.0 
1969.0 1976.0 1976.0 1969.0 1969.0 
1969.0 1984.0 1984.0 1969.0 1969.0 
1969.0 1984.0 1984.0 1984.0 1969.0 
1969.0 1984.0 1984.0 1984.0 1984.0 
1987.0 1987.0 1984.0 1984.0 1984.0 
1987.0 1987.0 1984.0 1987.0 1984.0 
1987.0 1987.0 1984.0 1987.0 1987.0 
1987.0 1991.0 1991.0 1987.0 1987.0 
1987.0 1991.0 1991.0 1991.0 1987.0 
1987.0 1991.0 1991.0 1991.0 1991.0 
1994.0 1994.0 1991.0 1991.0 1991.0 
1994.0 1994.0 1991.0 1994.0 1991.0 
1994.0 1994.0 1991.0 1994.0 1994.0 
1994.0 2005.0 2005.0 1994.0 1994.0 
1994.0 2005.0 2005.0 2005.0 1994.0 
2008.0 2005.0 2005.0 2005.0 2008.0 
2008.0 2026.0 2026.0 2005.0 2008.0 
2008.0 2026.0 2026.0 2026.0 2008.0 
2008.0 2026.0 2026.0 2026.0 2026.0 
2029.0 2029.0 2026.0 2026.0 2026.0 
2029.0 2029.0 2026.0 2029.0 2026.0 
2029.0 2029.0 2026.0 2029.0 2029.0 
2029.0 2044.0 2044.0 2029.0 2029.0 
2050.0 2050.0 2044.0 2029.0 2029.0 
2050.0 2050.0 2044.0 2050.0 2029.0 
2050.0 2050.0 2044.0 2050.0 2050.0 
2050.0 2056.0 2056.0 2050.0 2050.0 
2050.0 2056.0 2056.0 2056.0 2050.0 
2050.0 2056.0 2056.0 2056.0 2056.0 
2050.0 2078.0 2078.0 2056.0 2056.0 
2050.0 2078.0 2078.0 2078.0 2056.0 
2050.0 2078.0 2078.0 2078.0 2078.0 
2050.0 2086.0 2086.0 2078.0 2078.0 
2087.0 2086.0 2086.0 2087.0 2078.0 
2087.0 2086.0 2086.0 2087.0 2086.0 
2087.0 2094.0 2094.0 2087.0 2086.0 
2087.0 2094.0 2094.0 2094.0 2086.0 
2087.0 2094.0 2094.0 2094.0 2094.0 
2100.0 2100.0 2094.0 2094.0 2094.0 
2100.0 2100.0 2094.0 2100.0 2094.0 
2100.0 2100.0 2094.0 2100.0 2100.0 
2100.0 2109.0 2109.0 2100.0 2100.0 
2100.0 2109.0 2109.0 2109.0 2100.0 
2100.0 2109.0 2109.0 2109.0 2109.0 
2114.0 2114.0 2109.0 2109.0 2109.0 
2114.0 2114.0 2109.0 2114.0 2109.0 
2114.0 2114.0 2109.0 2114.0 2114.0 
2128.0 2128.0 2109.0 2114.0 2114.0 
2128.0 2128.0 2109.0 2128.0 2114.0 
2128.0 2128.0 2109.0 2128.0 2128.0 
2141.0 2128.0 2109.0 2128.0 2141.0 
2147.0 2128.0 2109.0 2128.0 2147.0 
2147.0 2128.0 2158.0 2158.0 2147.0 
2161.0 2128.0 2158.0 2158.0 2161.0 
2250.0 2226.0 2233.0 2230.0 2246.0 
;
EXECUTION TIME HBSS: 17527.6456499 seconds 

-------------------------------------------------------------------
