DATFILE : bwopen0_9r_250.dat
ENVIRONMENT : bwopen
ALGORITHM : HBSS - TAU 4
RANGE : 250
STARTING_POS : 0
N_ROBOTS : 9
GREEDY SOLUTION : 311.0
COMPUTATIONS T :
297.0
299.0
311.0
297.0
301.0
302.0
310.0
311.0
305.0
311.0
293.0
290.0
282.0
298.0
294.0
302.0
308.0
292.0
308.0
309.0
296.0
288.0
305.0
315.0
288.0
324.0
298.0
301.0
305.0
294.0
293.0
312.0
304.0
307.0
301.0
310.0
300.0
296.0
316.0
298.0
299.0
314.0
292.0
299.0
301.0
301.0
317.0
303.0
301.0
292.0
308.0
303.0
285.0
289.0
301.0
319.0
303.0
306.0
315.0
301.0
300.0
308.0
313.0
327.0
302.0
291.0
306.0
310.0
298.0
293.0
301.0
305.0
285.0
293.0
303.0
299.0
300.0
300.0
303.0
294.0
307.0
314.0
298.0
313.0
306.0
300.0
299.0
296.0
312.0
296.0
308.0
319.0
305.0
305.0
291.0
295.0
305.0
301.0
285.0
298.0
297.0
297.0
289.0
312.0
301.0
299.0
316.0
300.0
287.0
312.0
304.0
287.0
297.0
293.0
311.0
301.0
305.0
303.0
285.0
293.0
302.0
303.0
298.0
305.0
310.0
310.0
301.0
294.0
296.0
286.0
307.0
304.0
305.0
312.0
316.0
294.0
294.0
290.0
305.0
305.0
306.0
296.0
301.0
298.0
296.0
306.0
301.0
309.0
302.0
299.0
311.0
298.0
303.0
294.0
305.0
312.0
295.0
287.0
301.0
305.0
294.0
309.0
293.0
282.0
300.0
300.0
305.0
310.0
317.0
293.0
301.0
301.0
296.0
303.0
290.0
308.0
313.0
317.0
275.0
314.0
295.0
297.0
300.0
290.0
311.0
292.0
295.0
293.0
296.0
307.0
304.0
305.0
312.0
301.0
318.0
287.0
318.0
309.0
303.0
302.0
;
HBBS bestT : 275.0
BEST_CONFIGURATIONS : 
0 0 0 0 0 0 0 0 0 
0 4 0 0 0 0 0 0 0 
0 4 26 0 0 0 0 0 0 
0 4 26 0 0 0 0 0 0 
0 4 26 1 0 0 0 0 0 
0 4 26 1 0 0 0 0 0 
0 4 26 1 0 0 0 0 0 
0 4 26 1 5 0 0 0 0 
0 4 26 1 5 22 0 0 0 
0 4 26 1 5 22 0 0 0 
0 4 26 1 5 22 0 0 0 
0 4 26 1 5 22 0 0 0 
0 4 26 1 5 22 0 0 0 
0 4 26 1 5 22 0 0 0 
0 4 26 1 5 22 0 0 0 
0 4 26 1 5 22 0 0 0 
0 4 26 1 5 22 4 8 0 
0 4 26 1 5 22 4 8 0 
0 4 26 1 5 22 4 8 0 
0 4 26 1 5 22 4 8 0 
0 26 26 1 5 22 4 8 27 
0 26 26 1 5 22 4 8 27 
0 26 5 1 5 22 4 8 27 
0 26 5 1 22 22 4 13 27 
0 26 5 1 22 8 4 13 27 
1 26 5 1 22 8 4 13 9 
1 5 5 1 22 8 4 13 9 
1 5 22 1 22 8 4 13 9 
1 5 22 27 22 8 4 13 9 
1 5 22 27 26 8 4 13 9 
1 5 22 27 26 8 4 17 9 
1 5 22 27 26 8 13 17 9 
27 5 22 27 26 8 13 17 10 
27 5 8 27 26 8 13 25 10 
27 5 8 9 26 8 13 25 10 
27 5 8 9 26 13 13 25 10 
27 5 8 9 26 13 17 25 10 
27 9 8 9 26 13 17 25 15 
27 9 8 9 26 13 17 25 15 
27 9 8 10 26 13 17 25 15 
9 9 8 10 26 13 18 25 15 
9 9 13 10 26 13 18 25 15 
9 9 13 10 26 13 18 25 15 
9 9 13 10 26 17 18 25 15 
9 9 13 10 26 17 18 25 15 
9 9 13 10 26 17 18 25 15 
9 9 13 10 14 17 18 25 15 
9 9 13 10 14 17 18 25 15 
9 9 13 10 14 17 18 25 15 
9 9 13 10 14 17 18 25 15 
9 9 13 10 14 17 18 25 15 
9 9 13 10 14 17 18 25 15 
9 9 13 10 14 17 18 25 15 
9 24 13 10 14 17 18 25 15 
9 24 13 10 14 17 18 25 15 
9 24 13 10 14 17 18 25 15 
9 24 13 10 14 17 18 25 15 
9 6 13 10 14 17 18 25 15 
9 6 13 10 14 17 18 25 15 
9 6 22 10 14 17 18 25 15 
9 6 22 10 14 17 19 25 15 
9 6 22 10 14 18 19 25 15 
9 6 22 10 14 18 19 25 15 
9 6 22 10 14 18 19 25 15 
24 6 22 10 14 18 19 25 15 
24 6 22 15 14 18 20 25 15 
24 6 22 15 14 18 20 19 15 
24 21 22 15 14 18 20 19 15 
24 21 22 15 14 18 23 20 15 
24 21 27 15 14 18 23 20 15 
24 21 27 15 14 18 23 20 11 
24 21 27 15 14 18 23 20 11 
24 21 27 10 14 18 23 20 11 
24 21 27 10 15 18 23 20 11 
24 21 27 10 15 18 23 20 11 
24 21 27 10 15 20 16 20 11 
24 21 27 10 15 20 16 20 11 
24 21 27 10 15 20 16 23 11 
24 6 27 10 15 20 16 23 11 
24 6 27 10 15 20 16 23 11 
2 6 27 10 15 20 16 23 11 
2 6 27 10 15 20 16 23 11 
2 6 27 24 15 20 16 23 11 
2 6 27 24 15 23 12 23 11 
2 6 27 24 15 23 12 16 11 
2 6 27 24 15 23 12 16 11 
2 21 27 24 15 23 12 16 11 
2 21 27 24 15 23 12 16 11 
2 21 27 6 15 23 12 16 11 
2 21 1 6 15 23 12 16 11 
2 7 1 6 15 23 12 16 11 
2 7 1 6 11 23 12 16 11 
2 7 1 6 11 12 12 16 11 
2 7 1 6 11 12 12 16 21 
3 7 1 6 11 12 12 16 21 
3 7 2 6 11 12 12 16 21 
3 7 2 6 11 12 12 16 21 
3 7 2 6 11 12 12 16 21 
0 0 0 0 0 0 0 0 0 
;
ROBOT MOVING BEST:
0 0 0 0 0 0 0 0 0 
1 1 0 0 0 0 0 0 0 
1 0 1 0 0 0 0 0 0 
0 1 1 0 0 0 0 0 0 
1 0 0 1 0 0 0 0 0 
0 1 0 1 0 0 0 0 0 
0 0 1 1 0 0 0 0 0 
1 0 0 0 1 0 0 0 0 
1 0 0 0 0 1 0 0 0 
0 1 0 0 1 0 0 0 0 
0 1 0 0 0 1 0 0 0 
0 0 1 0 1 0 0 0 0 
0 0 1 0 0 1 0 0 0 
0 0 0 1 1 0 0 0 0 
0 0 0 1 0 1 0 0 0 
0 0 0 0 1 1 0 0 0 
0 0 0 0 0 0 1 1 0 
0 0 1 0 0 0 0 1 0 
0 0 0 0 1 0 0 1 0 
0 0 0 0 0 1 0 1 0 
0 1 0 0 0 0 0 0 1 
0 0 0 1 0 0 0 0 1 
0 0 1 0 0 0 0 0 1 
0 0 0 0 1 0 0 1 0 
0 0 0 0 0 1 0 1 0 
1 0 0 0 0 0 0 0 1 
0 1 0 0 0 0 0 0 1 
0 0 1 0 0 0 0 0 1 
0 0 0 1 0 0 0 0 1 
0 0 0 0 1 0 0 0 1 
0 0 0 0 0 1 0 1 0 
0 0 0 0 0 0 1 1 0 
1 0 0 0 0 0 0 0 1 
0 0 1 0 0 0 0 1 0 
0 0 0 1 0 0 0 0 1 
0 0 0 0 0 1 0 1 0 
0 0 0 0 0 0 1 1 0 
0 1 0 0 0 0 0 0 1 
0 0 0 0 0 0 0 1 1 
0 0 0 1 0 0 0 0 1 
1 0 0 0 0 0 1 0 0 
0 0 1 0 0 0 1 0 0 
0 0 0 1 0 0 1 0 0 
0 0 0 0 0 1 1 0 0 
0 0 0 0 0 0 1 1 0 
0 0 0 0 0 0 1 0 1 
0 0 0 1 1 0 0 0 0 
1 0 0 0 1 0 0 0 0 
0 0 1 0 1 0 0 0 0 
0 0 0 0 1 1 0 0 0 
0 0 0 0 1 0 1 0 0 
0 0 0 0 1 0 0 1 0 
0 0 0 0 1 0 0 0 1 
1 1 0 0 0 0 0 0 0 
0 1 0 1 0 0 0 0 0 
0 1 0 0 1 0 0 0 0 
0 1 0 0 0 0 0 0 1 
1 1 0 0 0 0 0 0 0 
0 1 0 1 0 0 0 0 0 
0 0 1 0 1 0 0 0 0 
0 0 0 0 1 0 1 0 0 
0 0 0 0 0 1 1 0 0 
0 0 0 1 0 0 1 0 0 
0 0 0 0 0 0 1 0 1 
1 1 0 0 0 0 0 0 0 
0 0 0 1 0 0 1 0 0 
0 0 0 0 0 0 1 1 0 
1 1 0 0 0 0 0 0 0 
0 0 0 0 0 0 1 1 0 
1 0 1 0 0 0 0 0 0 
0 1 0 0 0 0 0 0 1 
1 0 0 0 0 0 0 0 1 
0 0 0 1 0 0 0 0 1 
0 0 0 0 1 0 0 0 1 
0 0 0 0 0 0 0 1 1 
0 0 0 0 0 1 1 0 0 
0 0 0 0 0 0 1 0 1 
0 0 0 0 0 0 1 1 0 
0 1 1 0 0 0 0 0 0 
0 1 0 0 0 0 0 0 1 
1 0 1 0 0 0 0 0 0 
1 1 0 0 0 0 0 0 0 
1 0 0 1 0 0 0 0 0 
0 0 0 0 0 1 1 0 0 
0 0 0 0 0 0 1 1 0 
0 0 0 0 0 0 1 0 1 
0 1 0 0 0 0 1 0 0 
1 1 0 0 0 0 0 0 0 
0 1 0 1 0 0 0 0 0 
1 0 1 0 0 0 0 0 0 
0 1 0 1 0 0 0 0 0 
0 1 0 0 1 0 0 0 0 
0 1 0 0 0 1 0 0 0 
0 1 0 0 0 0 0 0 1 
1 1 0 0 0 0 0 0 0 
1 0 1 0 0 0 0 0 0 
1 0 0 1 0 0 0 0 0 
1 0 0 0 0 0 0 0 1 
1 1 1 1 1 1 1 1 1 
;
TIMETABLE BEST: 
0.0 0.0 0.0 0.0 0.0 0.0 0.0 0.0 0.0 
14 14 0 0 0 0 0 0 0 
17 14 17 0 0 0 0 0 0 
17 17 17 0 0 0 0 0 0 
18 17 17 18 0 0 0 0 0 
18 18 17 18 0 0 0 0 0 
18 18 18 18 0 0 0 0 0 
24 18 18 18 24 0 0 0 0 
24 18 18 18 24 24 0 0 0 
24 24 18 18 24 24 0 0 0 
24 24 18 18 24 24 0 0 0 
24 24 24 18 24 24 0 0 0 
24 24 24 18 24 24 0 0 0 
24 24 24 24 24 24 0 0 0 
24 24 24 24 24 24 0 0 0 
24 24 24 24 24 24 0 0 0 
24 24 24 24 24 24 26 26 0 
24 24 26 24 24 24 26 26 0 
24 24 26 24 26 24 26 26 0 
24 24 26 24 26 26 26 26 0 
24 35 26 24 26 26 26 26 35 
24 35 26 35 26 26 26 26 35 
24 35 35 35 26 26 26 26 35 
24 35 35 35 39 26 26 39 35 
24 35 35 35 39 39 26 39 35 
50 35 35 35 39 39 26 39 50 
50 50 35 35 39 39 26 39 50 
50 50 50 35 39 39 26 39 50 
50 50 50 50 39 39 26 39 50 
50 50 50 50 50 39 26 39 50 
50 50 50 50 50 50 26 50 50 
50 50 50 50 50 50 53 53 50 
65 50 50 50 50 50 53 53 65 
65 50 65 50 50 50 53 65 65 
65 50 65 65 50 50 53 65 65 
65 50 65 65 50 65 53 65 65 
65 50 65 65 50 65 65 65 65 
65 76 65 65 50 65 65 65 76 
65 76 65 65 50 65 65 76 76 
65 76 65 79 50 65 65 76 79 
82 76 65 79 50 65 82 76 79 
82 76 82 79 50 65 82 76 79 
82 76 82 82 50 65 82 76 79 
82 76 82 82 50 82 82 76 79 
82 76 82 82 50 82 82 82 79 
82 76 82 82 50 82 82 82 82 
82 76 82 89 89 82 82 82 82 
89 76 82 89 89 82 82 82 82 
89 76 89 89 89 82 82 82 82 
89 76 89 89 89 89 82 82 82 
89 76 89 89 89 89 89 82 82 
89 76 89 89 89 89 89 89 82 
89 76 89 89 89 89 89 89 89 
91 91 89 89 89 89 89 89 89 
91 91 89 91 89 89 89 89 89 
91 91 89 91 91 89 89 89 89 
91 91 89 91 91 89 89 89 91 
104 104 89 91 91 89 89 89 91 
104 104 89 104 91 89 89 89 91 
104 104 108 104 108 89 89 89 91 
104 104 108 104 109 89 109 89 91 
104 104 108 104 109 109 109 89 91 
104 104 108 109 109 109 109 89 91 
104 104 108 109 109 109 109 89 109 
119 119 108 109 109 109 109 89 109 
119 119 108 122 109 109 122 89 109 
119 119 108 122 109 109 122 122 109 
131 131 108 122 109 109 122 122 109 
131 131 108 122 109 109 135 135 109 
139 131 139 122 109 109 135 135 109 
139 139 139 122 109 109 135 135 139 
139 139 139 122 109 109 135 135 139 
139 139 139 139 109 109 135 135 139 
139 139 139 139 139 109 135 135 139 
139 139 139 139 139 109 135 139 139 
139 139 139 139 139 146 146 139 139 
139 139 139 139 139 146 146 139 146 
139 139 139 139 139 146 149 149 146 
139 151 151 139 139 146 149 149 146 
139 151 151 139 139 146 149 149 151 
158 151 158 139 139 146 149 149 151 
158 158 158 139 139 146 149 149 151 
158 158 158 158 139 146 149 149 151 
158 158 158 158 139 160 160 149 151 
158 158 158 158 139 160 160 160 151 
158 158 158 158 139 160 160 160 160 
158 170 158 158 139 160 170 160 160 
170 170 158 158 139 160 170 160 160 
170 171 158 171 139 160 170 160 160 
173 171 173 171 139 160 170 160 160 
173 183 173 183 139 160 170 160 160 
173 183 173 183 183 160 170 160 160 
173 183 173 183 183 183 170 160 160 
173 183 173 183 183 183 170 160 183 
195 195 173 183 183 183 170 160 183 
195 195 195 183 183 183 170 160 183 
195 195 195 195 183 183 170 160 183 
195 195 195 195 183 183 170 160 195 
253.0 269.0 231.0 249.0 254.0 275.0 262.0 261.0 257.0 
;
EXECUTION TIME HBSS: 889.065608978 seconds 

-------------------------------------------------------------------
