DATFILE : bwopen0_9r_250.dat
ENVIRONMENT : bwopen
ALGORITHM : HBSS - TAU 4
RANGE : 250
STARTING_POS : 0
N_ROBOTS : 9
GREEDY SOLUTION : [ 1600.]
COMPUTATIONS D :
1764
1734
1620
1584
1668
1678
1730
1642
1676
1574
1602
1684
1610
1580
1548
1700
1624
1608
1610
1600
1712
1672
1660
1618
1600
1728
1672
1638
1674
1686
1600
1696
1724
1618
1608
1622
1608
1778
1632
1678
1714
1640
1658
1638
1612
1572
1692
1766
1776
1664
1672
1608
1780
1670
1690
1682
1622
1656
1702
1622
1682
1694
1608
1682
1596
1674
1564
1746
1680
1678
1606
1606
1728
1622
1606
1688
1618
1662
1604
1608
1666
1622
1746
1600
1660
1620
1592
1548
1654
1632
1710
1636
1598
1658
1602
1628
1682
1600
1702
1618
1626
1624
1568
1656
1568
1550
1542
1630
1650
1602
1602
1612
1600
1672
1614
1682
1698
1690
1768
1658
1600
1668
1700
1584
1654
1600
1654
1596
1572
1638
1686
1724
1530
1564
1636
1624
1654
1600
1594
1708
1598
1616
1618
1602
1662
1618
1600
1622
1576
1766
1644
1698
1572
1622
1600
1684
1700
1678
1672
1586
1600
1656
1750
1596
1720
1570
1550
1660
1774
1664
1606
1624
1600
1630
1600
1576
1616
1542
1618
1702
1614
1614
1634
1672
1644
1696
1724
1624
1660
1640
1654
1600
1716
1732
1580
1698
1722
1700
1624
1704
;
HBBS sumD : 1530
BEST_CONFIGURATIONS : 
0 0 0 0 0 0 0 0 0 
0 4 0 0 0 0 0 0 0 
0 4 26 0 0 0 0 0 0 
0 4 26 1 0 0 0 0 0 
0 4 26 1 5 0 0 0 0 
0 4 26 1 5 22 0 0 0 
26 4 26 1 5 22 0 0 0 
26 4 26 1 5 22 0 0 0 
26 4 26 1 5 22 0 0 0 
26 4 26 1 5 22 0 0 0 
26 4 26 1 5 22 0 0 0 
26 4 26 1 5 22 8 0 0 
26 4 26 1 5 22 8 0 0 
26 4 26 1 5 22 8 0 0 
26 4 26 1 5 22 8 0 0 
26 4 26 1 5 22 8 0 0 
26 4 26 1 5 22 8 8 0 
26 4 26 1 5 22 8 8 0 
26 4 26 27 5 22 8 8 0 
26 4 26 27 5 22 8 8 0 
26 4 26 27 5 22 8 8 0 
26 4 26 27 5 22 8 8 1 
26 4 26 27 5 22 8 8 1 
26 4 26 27 9 22 8 8 1 
26 4 26 27 9 22 13 8 1 
26 4 26 27 9 22 13 8 1 
26 4 26 27 9 22 13 8 1 
26 4 26 2 9 22 13 8 1 
26 4 26 2 9 22 13 8 1 
5 4 26 2 9 22 13 8 1 
5 4 26 2 9 22 17 8 1 
5 4 27 2 9 22 17 8 2 
5 8 27 2 9 22 17 25 2 
14 8 27 2 9 22 17 25 2 
14 8 27 2 9 22 17 25 2 
14 13 27 2 9 22 17 25 2 
14 13 27 2 9 22 17 25 2 
14 13 27 2 9 22 17 25 6 
14 13 27 2 9 22 17 25 6 
14 13 27 2 10 22 17 25 6 
14 13 27 2 10 24 17 25 6 
14 13 27 2 10 24 17 25 6 
14 13 27 2 10 24 17 25 6 
18 13 27 2 10 24 17 25 6 
18 13 27 2 10 24 17 25 6 
18 13 9 2 10 24 17 25 6 
18 13 9 2 10 24 17 25 6 
18 13 9 2 10 24 17 25 6 
18 13 9 2 10 24 17 25 6 
18 13 9 2 10 24 17 25 6 
18 13 9 2 10 24 17 18 6 
18 13 9 2 10 24 17 18 6 
18 25 9 2 10 24 17 18 6 
18 25 9 2 10 24 17 18 6 
18 25 9 2 10 24 17 18 21 
18 25 9 2 10 24 17 18 21 
18 14 9 2 10 24 17 18 21 
18 14 9 2 15 24 17 18 21 
18 14 9 2 15 24 17 18 21 
18 14 9 2 15 24 17 18 21 
18 14 9 2 15 24 25 18 21 
18 14 9 2 15 24 25 18 3 
18 14 9 2 15 24 25 18 3 
18 14 10 2 15 24 25 18 3 
18 14 10 2 15 24 25 18 3 
18 14 10 2 15 24 25 18 3 
18 14 10 2 15 24 25 18 3 
18 14 10 2 15 24 25 18 3 
18 14 10 2 15 24 25 18 3 
18 14 10 2 15 24 25 18 3 
18 14 10 2 15 11 25 18 3 
18 14 10 6 15 11 25 18 3 
18 14 10 6 15 11 25 18 3 
18 14 10 6 15 11 25 18 3 
18 14 10 6 15 11 25 19 3 
18 14 10 6 15 11 25 19 3 
18 14 10 6 15 11 25 19 3 
18 14 10 6 15 11 25 19 3 
18 14 24 6 15 11 25 19 3 
18 14 24 21 15 11 25 19 3 
18 14 24 21 15 11 25 19 3 
18 14 24 21 15 11 25 20 3 
18 14 24 7 15 11 25 20 3 
18 14 24 7 15 11 25 20 3 
18 14 24 7 15 11 25 20 3 
19 14 24 7 15 11 25 20 3 
19 14 6 7 15 11 25 20 21 
19 14 6 7 15 11 25 20 21 
19 14 6 7 15 7 25 20 21 
19 14 6 12 15 7 25 20 21 
20 14 6 12 15 7 25 23 21 
20 14 6 12 11 7 25 23 21 
20 14 6 12 11 7 25 23 21 
20 14 6 12 11 7 25 16 21 
20 14 6 12 11 7 25 16 21 
23 14 6 12 11 7 25 16 21 
23 14 6 12 11 7 25 16 21 
23 14 6 12 11 7 25 16 21 
0 0 0 0 0 0 0 0 0 
;
ROBOT MOVING BEST:
0 0 0 0 0 0 0 0 0 
1 1 0 0 0 0 0 0 0 
1 0 1 0 0 0 0 0 0 
1 0 0 1 0 0 0 0 0 
1 0 0 0 1 0 0 0 0 
1 0 0 0 0 1 0 0 0 
1 1 0 0 0 0 0 0 0 
0 1 0 1 0 0 0 0 0 
1 0 0 1 0 0 0 0 0 
0 1 0 0 1 0 0 0 0 
0 1 0 0 0 1 0 0 0 
0 1 0 0 0 0 1 0 0 
1 0 0 0 1 0 0 0 0 
1 0 0 0 0 1 0 0 0 
0 0 0 1 1 0 0 0 0 
0 0 0 1 0 1 0 0 0 
1 0 0 0 0 0 0 1 0 
0 0 0 0 1 1 0 0 0 
1 0 0 1 0 0 0 0 0 
0 0 0 0 1 0 1 0 0 
0 0 0 0 0 1 1 0 0 
0 0 0 1 0 0 0 0 1 
0 0 0 1 1 0 0 0 0 
1 0 0 0 1 0 0 0 0 
0 0 0 0 0 1 1 0 0 
0 0 0 0 1 0 0 0 1 
0 0 0 0 0 0 1 1 0 
0 0 0 1 0 0 0 0 1 
0 0 0 0 1 1 0 0 0 
1 0 0 0 1 0 0 0 0 
0 0 0 0 0 0 1 1 0 
0 0 1 0 0 0 0 0 1 
0 1 0 0 0 0 0 1 0 
1 0 0 0 0 1 0 0 0 
0 0 1 0 1 0 0 0 0 
0 1 0 0 0 0 1 0 0 
0 1 0 0 0 0 0 1 0 
0 0 1 0 0 0 0 0 1 
1 1 0 0 0 0 0 0 0 
0 0 1 0 1 0 0 0 0 
0 0 1 0 0 1 0 0 0 
0 0 0 0 0 0 1 1 0 
1 0 0 0 0 0 1 0 0 
1 1 0 0 0 0 0 0 0 
0 0 0 1 0 0 0 0 1 
0 0 1 0 0 0 0 0 1 
0 0 0 1 0 1 0 0 0 
0 0 1 0 1 0 0 0 0 
0 0 1 0 0 1 0 0 0 
0 0 0 0 1 0 0 0 1 
0 0 0 0 0 0 1 1 0 
0 0 0 0 0 1 0 0 1 
0 1 0 0 0 0 0 1 0 
0 0 1 0 0 0 0 1 0 
0 0 0 1 0 0 0 0 1 
0 0 0 0 1 1 0 0 0 
0 1 1 0 0 0 0 0 0 
0 0 1 0 1 0 0 0 0 
0 0 0 0 0 1 0 0 1 
0 1 0 0 0 1 0 0 0 
0 1 0 0 0 0 1 0 0 
0 0 0 1 0 0 0 0 1 
0 0 0 0 1 1 0 0 0 
0 0 1 0 0 0 0 1 0 
0 0 0 0 1 0 1 0 0 
0 1 0 0 0 0 0 1 0 
0 0 0 0 1 0 0 1 0 
0 1 1 0 0 0 0 0 0 
0 0 1 0 1 0 0 0 0 
0 1 0 0 1 0 0 0 0 
0 0 1 0 0 1 0 0 0 
0 0 0 1 0 1 0 0 0 
0 0 0 1 0 0 0 0 1 
0 0 0 0 1 1 0 0 0 
1 0 0 0 0 0 0 1 0 
0 0 1 0 0 0 0 1 0 
0 1 0 0 0 0 0 1 0 
0 0 0 0 1 0 0 1 0 
0 0 1 0 0 1 0 0 0 
0 0 0 1 0 1 0 0 0 
0 0 0 1 0 0 0 0 1 
0 0 0 0 1 0 0 1 0 
0 0 0 1 0 1 0 0 0 
0 0 0 1 0 0 0 0 1 
0 0 0 0 0 1 0 1 0 
1 0 0 0 0 0 0 1 0 
0 0 1 0 0 0 0 0 1 
0 0 0 1 0 0 0 0 1 
0 0 1 0 0 1 0 0 0 
0 0 0 1 0 0 0 0 1 
1 0 0 0 0 0 0 1 0 
0 0 0 1 1 0 0 0 0 
0 0 0 1 0 1 0 0 0 
1 0 0 0 0 0 0 1 0 
0 0 0 0 1 0 0 1 0 
1 0 0 1 0 0 0 0 0 
1 0 0 0 0 0 0 1 0 
0 0 0 1 0 0 0 1 0 
1 1 1 1 1 1 1 1 1 
;
TIMETABLE BEST: 
0.0 0.0 0.0 0.0 0.0 0.0 0.0 0.0 0.0 
0 14 0 0 0 0 0 0 0 
0 14 17 0 0 0 0 0 0 
0 14 17 18 0 0 0 0 0 
0 14 17 18 24 0 0 0 0 
0 14 17 18 24 24 0 0 0 
17 14 17 18 24 24 0 0 0 
17 14 17 18 24 24 0 0 0 
17 14 17 18 24 24 0 0 0 
17 14 17 18 24 24 0 0 0 
17 14 17 18 24 24 0 0 0 
17 14 17 18 24 24 26 0 0 
17 14 17 18 24 24 26 0 0 
17 14 17 18 24 24 26 0 0 
17 14 17 18 24 24 26 0 0 
17 14 17 18 24 24 26 0 0 
17 14 17 18 24 24 26 26 0 
17 14 17 18 24 24 26 26 0 
17 14 17 33 24 24 26 26 0 
17 14 17 33 24 24 26 26 0 
17 14 17 33 24 24 26 26 0 
17 14 17 33 24 24 26 26 18 
17 14 17 33 24 24 26 26 18 
17 14 17 33 46 24 26 26 18 
17 14 17 33 46 24 39 26 18 
17 14 17 33 46 24 39 26 18 
17 14 17 33 46 24 39 26 18 
17 14 17 52 46 24 39 26 18 
17 14 17 52 46 24 39 26 18 
26 14 17 52 46 24 39 26 18 
26 14 17 52 46 24 50 26 18 
26 14 39 52 46 24 50 26 38 
26 28 39 52 46 24 50 52 38 
56 28 39 52 46 24 50 52 38 
56 28 39 52 46 24 50 52 38 
56 41 39 52 46 24 50 52 38 
56 41 39 52 46 24 50 52 38 
56 41 39 52 46 24 50 52 56 
56 41 39 52 46 24 50 52 56 
56 41 39 52 60 24 50 52 56 
56 41 39 52 60 61 50 52 56 
56 41 39 52 60 61 50 52 56 
56 41 39 52 60 61 50 52 56 
67 41 39 52 60 61 50 52 56 
67 41 39 52 60 61 50 52 56 
67 41 54 52 60 61 50 52 56 
67 41 54 52 60 61 50 52 56 
67 41 54 52 60 61 50 52 56 
67 41 54 52 60 61 50 52 56 
67 41 54 52 60 61 50 52 56 
67 41 54 52 60 61 50 65 56 
67 41 54 52 60 61 50 65 56 
67 54 54 52 60 61 50 65 56 
67 54 54 52 60 61 50 65 56 
67 54 54 52 60 61 50 65 68 
67 54 54 52 60 61 50 65 68 
67 70 54 52 60 61 50 65 68 
67 70 54 52 71 61 50 65 68 
67 70 54 52 71 61 50 65 68 
67 70 54 52 71 61 50 65 68 
67 70 54 52 71 61 62 65 68 
67 70 54 52 71 61 62 65 80 
67 70 54 52 71 61 62 65 80 
67 70 68 52 71 61 62 65 80 
67 70 68 52 71 61 62 65 80 
67 70 68 52 71 61 62 65 80 
67 70 68 52 71 61 62 65 80 
67 70 68 52 71 61 62 65 80 
67 70 68 52 71 61 62 65 80 
67 70 68 52 71 61 62 65 80 
67 70 68 52 71 79 62 65 80 
67 70 68 70 71 79 62 65 80 
67 70 68 70 71 79 62 65 80 
67 70 68 70 71 79 62 65 80 
67 70 68 70 71 79 62 85 80 
67 70 68 70 71 79 62 85 80 
67 70 68 70 71 79 62 85 80 
67 70 68 70 71 79 62 85 80 
67 70 81 70 71 79 62 85 80 
67 70 81 82 71 79 62 85 80 
67 70 81 82 71 79 62 85 80 
67 70 81 82 71 79 62 98 80 
67 70 81 94 71 79 62 98 80 
67 70 81 94 71 79 62 98 80 
67 70 81 94 71 79 62 98 80 
87 70 81 94 71 79 62 98 80 
87 70 94 94 71 79 62 98 92 
87 70 94 94 71 79 62 98 92 
87 70 94 94 71 104 62 98 92 
87 70 94 112 71 104 62 98 92 
100 70 94 112 71 104 62 108 92 
100 70 94 112 101 104 62 108 92 
100 70 94 112 101 104 62 108 92 
100 70 94 112 101 104 62 119 92 
100 70 94 112 101 104 62 119 92 
110 70 94 112 101 104 62 119 92 
110 70 94 112 101 104 62 119 92 
110 70 94 112 101 104 62 119 92 
216.0 124.0 148.0 204.0 172.0 178.0 114.0 220.0 154.0 
;
EXECUTION TIME HBSS: 909.896399021 seconds 

-------------------------------------------------------------------
