DATFILE : bwopen0_7r_250.dat
ENVIRONMENT : bwopen
ALGORITHM : HBSS - TAU 3
RANGE : 250
STARTING_POS : 0
N_ROBOTS : 7
GREEDY SOLUTION : 379.0
COMPUTATIONS T :
340.0
379.0
377.0
356.0
368.0
325.0
356.0
336.0
367.0
339.0
392.0
332.0
323.0
349.0
329.0
372.0
356.0
325.0
367.0
355.0
359.0
334.0
353.0
360.0
358.0
354.0
359.0
330.0
336.0
347.0
365.0
328.0
326.0
371.0
371.0
369.0
342.0
355.0
374.0
337.0
349.0
321.0
344.0
321.0
334.0
346.0
346.0
385.0
375.0
341.0
337.0
351.0
371.0
373.0
337.0
376.0
330.0
350.0
339.0
334.0
360.0
358.0
367.0
340.0
343.0
332.0
303.0
347.0
354.0
365.0
345.0
361.0
347.0
341.0
350.0
342.0
319.0
348.0
327.0
335.0
363.0
352.0
317.0
341.0
353.0
326.0
372.0
364.0
381.0
328.0
329.0
351.0
354.0
331.0
330.0
365.0
344.0
331.0
381.0
354.0
326.0
357.0
355.0
336.0
360.0
351.0
346.0
365.0
324.0
357.0
341.0
367.0
334.0
347.0
336.0
362.0
347.0
377.0
332.0
358.0
366.0
352.0
360.0
346.0
353.0
339.0
337.0
347.0
359.0
346.0
366.0
340.0
340.0
353.0
360.0
319.0
365.0
365.0
353.0
367.0
371.0
326.0
378.0
352.0
361.0
369.0
369.0
355.0
374.0
367.0
329.0
377.0
356.0
328.0
347.0
343.0
352.0
334.0
349.0
328.0
359.0
351.0
379.0
332.0
347.0
320.0
320.0
367.0
350.0
390.0
354.0
372.0
358.0
332.0
346.0
376.0
377.0
334.0
359.0
352.0
363.0
347.0
360.0
355.0
361.0
350.0
370.0
337.0
353.0
309.0
343.0
331.0
337.0
341.0
369.0
342.0
332.0
358.0
371.0
324.0
;
HBBS bestT : 303.0
BEST_CONFIGURATIONS : 
0 0 0 0 0 0 0 
0 4 0 0 0 0 0 
0 4 0 26 0 0 0 
0 4 0 26 0 0 0 
0 4 1 26 0 0 0 
0 4 1 26 0 0 0 
0 4 1 26 0 0 0 
0 4 1 26 5 0 0 
0 4 1 26 5 0 22 
0 4 1 26 5 0 22 
0 4 1 26 5 0 22 
0 4 1 26 5 0 22 
0 4 1 26 5 22 22 
0 4 1 26 5 22 22 
0 4 1 26 5 22 22 
0 4 1 26 5 22 22 
0 4 1 26 5 8 22 
0 4 1 5 5 8 22 
0 4 1 5 22 8 22 
0 4 1 5 22 8 26 
0 4 27 5 22 8 26 
0 4 27 5 22 8 26 
1 4 27 5 22 8 26 
1 22 27 5 22 13 26 
1 22 27 5 8 13 26 
1 22 9 5 8 13 26 
1 22 9 5 8 13 26 
1 22 9 5 8 13 26 
1 22 9 5 8 13 26 
1 22 9 5 8 25 26 
27 22 9 5 8 25 26 
27 8 9 5 8 17 26 
27 8 9 5 13 17 26 
27 8 10 5 13 17 26 
27 13 10 14 13 17 26 
27 13 10 14 13 17 26 
27 13 10 14 17 17 26 
27 13 10 14 17 25 26 
27 13 10 14 17 25 26 
27 13 10 14 17 25 22 
27 13 10 14 17 25 22 
27 13 10 18 17 25 22 
27 13 15 18 17 25 22 
27 13 15 18 17 25 22 
27 13 15 18 17 25 22 
27 13 15 18 17 25 22 
9 13 15 18 17 25 22 
9 13 15 14 17 25 22 
9 13 15 14 17 25 22 
9 13 15 14 17 18 22 
9 13 15 14 17 18 22 
9 13 10 14 17 18 22 
9 13 10 14 18 18 22 
9 14 10 14 18 18 24 
9 14 10 14 18 18 24 
9 14 10 15 18 18 24 
9 14 10 15 18 18 24 
9 14 10 15 18 18 24 
9 14 10 15 18 19 24 
9 14 10 15 18 19 24 
9 14 10 15 18 19 24 
9 14 10 15 18 19 24 
9 14 10 15 18 19 6 
9 14 10 15 18 19 6 
9 15 10 15 18 20 6 
9 15 24 15 18 20 21 
27 15 24 15 18 20 21 
27 15 24 19 18 20 21 
27 15 24 19 18 20 6 
27 15 24 19 18 20 6 
27 15 24 19 20 23 6 
27 11 24 20 20 23 6 
27 11 24 20 20 23 6 
27 11 24 20 20 23 21 
27 11 24 20 20 16 21 
27 11 24 20 20 16 21 
27 11 24 20 23 16 21 
2 11 24 20 23 16 21 
2 11 24 20 23 16 21 
2 11 24 20 23 12 21 
2 11 24 23 23 12 21 
2 11 24 23 23 12 21 
2 11 24 23 16 12 21 
2 11 6 23 16 12 21 
2 11 6 23 16 12 21 
2 11 6 23 16 12 21 
2 11 6 23 16 7 21 
2 11 6 23 16 7 21 
2 11 6 23 12 7 21 
2 11 6 23 12 7 21 
3 11 6 23 12 7 21 
3 11 6 23 12 7 21 
3 11 6 23 12 7 21 
3 11 6 15 11 7 21 
3 10 6 15 11 7 21 
3 10 2 15 11 3 21 
2 10 27 15 11 3 21 
2 10 27 15 2 3 1 
0 0 0 0 0 0 0 
;
ROBOT MOVING BEST:
0 0 0 0 0 0 0 
1 1 0 0 0 0 0 
1 0 0 1 0 0 0 
0 1 0 1 0 0 0 
1 0 1 0 0 0 0 
0 1 1 0 0 0 0 
0 0 1 1 0 0 0 
1 0 0 0 1 0 0 
1 0 0 0 0 0 1 
0 1 0 0 1 0 0 
0 1 0 0 0 0 1 
0 0 1 0 1 0 0 
0 0 1 0 0 1 0 
0 0 0 1 1 0 0 
0 0 0 1 0 1 0 
0 0 0 0 1 1 0 
0 1 0 0 0 1 0 
0 0 0 1 0 1 0 
0 0 0 0 1 1 0 
0 0 0 0 0 1 1 
0 0 1 1 0 0 0 
0 0 1 0 0 0 1 
1 0 1 0 0 0 0 
0 1 0 0 0 1 0 
0 0 0 0 1 1 0 
1 0 1 0 0 0 0 
0 1 1 0 0 0 0 
0 0 1 1 0 0 0 
0 0 1 0 0 0 1 
0 0 0 0 1 1 0 
1 0 1 0 0 0 0 
0 1 0 0 0 1 0 
0 0 0 0 1 1 0 
1 0 1 0 0 0 0 
0 1 0 1 0 0 0 
0 0 1 1 0 0 0 
0 0 0 1 1 0 0 
0 1 0 0 0 1 0 
0 0 0 1 0 1 0 
0 0 0 1 0 0 1 
0 0 0 0 1 1 0 
0 1 0 1 0 0 0 
0 0 1 0 0 1 0 
0 0 0 1 0 1 0 
0 0 1 1 0 0 0 
0 0 0 1 1 0 0 
1 0 1 0 0 0 0 
0 0 1 1 0 0 0 
1 0 0 1 0 0 0 
1 0 0 0 0 1 0 
0 0 0 1 0 1 0 
1 0 1 0 0 0 0 
0 0 1 0 1 0 0 
0 1 0 0 0 0 1 
1 0 0 0 0 0 1 
0 0 1 1 0 0 0 
0 0 1 0 0 0 1 
0 0 0 1 0 0 1 
0 0 1 0 0 1 0 
0 1 0 0 0 1 0 
0 0 0 1 0 1 0 
0 0 0 0 1 1 0 
1 0 0 0 0 0 1 
0 0 1 0 0 0 1 
0 1 0 0 0 1 0 
0 0 1 0 0 0 1 
1 0 1 0 0 0 0 
0 0 0 1 0 1 0 
1 0 0 0 0 0 1 
0 0 1 0 0 0 1 
0 0 0 0 1 1 0 
0 1 0 1 0 0 0 
0 1 1 0 0 0 0 
0 1 0 0 0 0 1 
0 1 0 0 0 1 0 
0 0 0 1 0 1 0 
0 0 0 0 1 1 0 
1 0 1 0 0 0 0 
1 0 0 0 0 0 1 
0 1 0 0 0 1 0 
0 0 0 1 0 1 0 
0 0 0 0 0 1 1 
0 0 0 0 1 1 0 
1 0 1 0 0 0 0 
0 1 1 0 0 0 0 
0 0 1 0 0 0 1 
0 1 0 0 0 1 0 
0 0 1 0 0 1 0 
0 0 0 0 1 1 0 
0 0 0 0 0 1 1 
1 0 0 0 0 1 0 
1 0 1 0 0 0 0 
1 0 0 0 0 0 1 
0 0 0 1 1 0 0 
0 1 0 0 1 0 0 
0 0 1 0 0 1 0 
1 0 1 0 0 0 0 
0 0 0 0 1 0 1 
1 1 1 1 1 1 1 
;
TIMETABLE BEST: 
0.0 0.0 0.0 0.0 0.0 0.0 0.0 
14 14 0 0 0 0 0 
17 14 0 17 0 0 0 
17 17 0 17 0 0 0 
18 17 18 17 0 0 0 
18 18 18 17 0 0 0 
18 18 18 18 0 0 0 
24 18 18 18 24 0 0 
24 18 18 18 24 0 24 
24 24 18 18 24 0 24 
24 24 18 18 24 0 24 
24 24 24 18 24 0 24 
24 24 24 18 24 24 24 
24 24 24 24 24 24 24 
24 24 24 24 24 24 24 
24 24 24 24 24 24 24 
24 36 24 24 24 36 24 
24 36 24 36 24 36 24 
24 36 24 36 36 36 24 
24 36 24 36 36 36 36 
24 36 39 39 36 36 36 
24 36 39 39 36 36 39 
42 36 42 39 36 36 39 
42 49 42 39 36 49 39 
42 49 42 39 49 49 39 
57 49 57 39 49 49 39 
57 57 57 39 49 49 39 
57 57 57 57 49 49 39 
57 57 57 57 49 49 57 
57 57 57 57 62 62 57 
72 57 72 57 62 62 57 
72 74 72 57 62 74 57 
72 74 72 57 75 75 57 
86 74 86 57 75 75 57 
86 87 86 87 75 75 57 
86 87 87 87 75 75 57 
86 87 87 87 87 75 57 
86 87 87 87 87 87 57 
86 87 87 87 87 87 57 
86 87 87 87 87 87 87 
86 87 87 87 87 87 87 
86 98 87 98 87 87 87 
86 98 98 98 87 98 87 
86 98 98 98 87 98 87 
86 98 98 98 87 98 87 
86 98 98 98 98 98 87 
101 98 101 98 98 98 87 
101 98 109 109 98 98 87 
109 98 109 109 98 98 87 
111 98 109 109 98 111 87 
111 98 109 111 98 111 87 
120 98 120 111 98 111 87 
120 98 120 111 120 111 87 
120 124 120 111 120 111 124 
124 124 120 111 120 111 124 
124 124 124 124 120 111 124 
124 124 124 124 120 111 124 
124 124 124 124 120 111 124 
124 124 131 124 120 131 124 
124 131 131 124 120 131 124 
124 131 131 131 120 131 124 
124 131 131 131 131 131 124 
137 131 131 131 131 131 137 
137 131 137 131 131 131 137 
137 144 137 131 131 144 137 
137 144 150 131 131 144 150 
152 144 152 131 131 144 150 
152 144 152 155 131 155 150 
162 144 152 155 131 155 162 
162 144 162 155 131 155 162 
162 144 162 155 165 165 162 
162 174 162 174 165 165 162 
162 174 174 174 165 165 162 
162 174 174 174 165 165 174 
162 176 174 174 165 176 174 
162 176 174 176 165 176 174 
162 176 174 176 176 176 174 
181 176 181 176 176 176 174 
181 176 181 176 176 176 181 
181 187 181 176 176 187 181 
181 187 181 187 176 187 181 
181 187 181 187 176 187 187 
181 187 181 187 187 187 187 
194 187 194 187 187 187 187 
194 194 194 187 187 187 187 
194 194 194 187 187 187 194 
194 205 194 187 187 205 194 
194 205 205 187 187 205 194 
194 205 205 187 205 205 194 
194 205 205 187 205 205 205 
216 205 205 187 205 216 205 
216 205 216 187 205 216 205 
216 205 216 187 205 216 216 
216 205 216 232 232 216 216 
216 232 216 232 232 216 216 
216 232 234 232 232 234 216 
253 232 253 232 232 234 216 
253 232 253 232 267 234 267 
289.0 292.0 286.0 299.0 303.0 292.0 285.0 
;
EXECUTION TIME HBSS: 453.869982004 seconds 

-------------------------------------------------------------------
