DATFILE : bwopen0_3r_250.dat
ENVIRONMENT : bwopen
ALGORITHM : HBSS - TAU 7
RANGE : 250
STARTING_POS : 0
N_ROBOTS : 3
GREEDY SOLUTION : [ 1658.]
COMPUTATIONS D :
1658
1658
1658
1654
1658
1614
1658
1658
1432
1636
1738
1658
1660
1658
1658
1654
1432
1658
1658
1658
1776
1658
1514
1520
1658
1692
1658
1658
1658
1660
1644
1458
1530
1658
1520
1328
1658
1658
1658
1658
1658
1658
1436
1658
1658
1514
1658
1660
1658
1658
1268
1658
1658
1658
1658
1660
1658
1658
1658
1658
1658
1658
1658
1660
1606
1658
1658
1352
1722
1658
1658
1410
1372
1514
1658
1564
1520
1658
1658
1328
1660
1648
1498
1616
1654
1658
1624
1658
1650
1658
1328
1658
1566
1760
1658
1658
1520
1658
1680
1658
1496
1658
1658
1658
1658
1658
1520
1638
1658
1658
1458
1658
1772
1658
1658
1658
1658
1658
1658
1526
1658
1658
1658
1372
1658
1566
1344
1660
1658
1436
1664
1658
1658
1658
1658
1566
1566
1516
1658
1658
1658
1450
1658
1658
1658
1372
1658
1658
1562
1658
1658
1658
1660
1658
1756
1658
1658
1658
1658
1658
1604
1436
1432
1624
1496
1658
1658
1436
1560
1658
1654
1800
1692
1658
1658
1658
1722
1500
1658
1658
1658
1658
1666
1718
1428
1660
1658
1718
1786
1704
1660
1432
1658
1654
1658
1658
1658
1558
1542
1800
;
HBBS sumD : 1268
BEST_CONFIGURATIONS : 
0 0 0 
0 4 0 
0 4 26 
0 22 26 
0 22 5 
4 22 5 
4 22 5 
4 22 26 
26 22 26 
5 22 26 
5 22 26 
5 8 26 
5 8 26 
22 8 26 
22 8 4 
13 8 4 
13 13 22 
13 17 22 
13 17 8 
13 25 8 
13 25 8 
17 25 8 
17 18 8 
17 18 13 
17 14 13 
17 14 13 
25 14 13 
25 18 13 
25 18 15 
14 18 15 
14 18 15 
15 18 15 
10 18 15 
10 18 15 
10 19 15 
10 19 15 
10 19 14 
10 19 14 
10 19 18 
15 20 18 
9 20 18 
9 20 19 
9 20 23 
11 20 23 
11 20 16 
11 23 16 
11 16 16 
11 12 16 
11 12 16 
11 7 16 
11 21 16 
11 6 16 
21 6 12 
21 6 12 
7 6 12 
7 6 12 
7 21 12 
7 3 12 
23 3 12 
23 3 21 
23 3 6 
23 3 2 
23 21 2 
23 6 2 
23 24 2 
23 24 6 
11 24 6 
11 24 21 
11 10 21 
11 15 21 
24 15 21 
24 10 21 
24 10 6 
9 10 6 
9 10 6 
9 10 24 
9 15 24 
9 14 24 
27 14 24 
27 14 24 
27 14 6 
27 9 6 
27 9 2 
27 10 2 
1 10 2 
1 10 27 
1 9 27 
5 9 27 
5 9 27 
26 9 27 
26 9 27 
26 9 1 
22 9 1 
22 9 1 
22 14 1 
4 14 1 
0 14 1 
0 5 1 
0 0 0 
;
ROBOT MOVING BEST:
0 0 0 
1 1 0 
1 0 1 
1 1 0 
1 0 1 
1 1 0 
1 0 1 
1 0 1 
1 1 0 
1 1 0 
1 0 1 
1 1 0 
0 1 1 
1 1 0 
0 1 1 
1 1 0 
0 1 1 
1 1 0 
0 1 1 
1 1 0 
0 1 1 
1 1 0 
1 1 0 
0 1 1 
1 1 0 
0 1 1 
1 1 0 
1 1 0 
1 0 1 
1 1 0 
1 0 1 
1 1 0 
1 1 0 
1 0 1 
0 1 1 
1 1 0 
1 0 1 
0 1 1 
0 1 1 
1 1 0 
1 0 1 
0 1 1 
0 1 1 
1 1 0 
0 1 1 
0 1 1 
1 1 0 
1 1 0 
0 1 1 
1 1 0 
1 1 0 
1 1 0 
1 0 1 
1 1 0 
1 0 1 
1 1 0 
1 1 0 
1 1 0 
1 0 1 
0 1 1 
0 1 1 
0 1 1 
0 1 1 
0 1 1 
0 1 1 
0 1 1 
1 1 0 
0 1 1 
1 1 0 
1 1 0 
1 1 0 
1 1 0 
0 1 1 
1 0 1 
1 1 0 
1 0 1 
1 1 0 
1 1 0 
1 0 1 
0 1 1 
1 0 1 
1 1 0 
1 0 1 
1 1 0 
1 0 1 
1 0 1 
1 1 0 
1 0 1 
1 1 0 
1 0 1 
1 1 0 
1 0 1 
1 1 0 
1 0 1 
1 1 0 
1 0 1 
1 0 1 
0 1 1 
0 1 1 
;
TIMETABLE BEST: 
0.0 0.0 0.0 
0 14 0 
0 14 17 
0 26 17 
0 26 26 
14 26 26 
14 26 26 
14 26 35 
25 26 35 
34 26 35 
34 26 35 
34 38 35 
34 38 35 
46 38 35 
46 38 46 
65 38 46 
65 51 58 
65 62 58 
65 62 70 
65 74 70 
65 74 70 
76 74 70 
76 87 70 
76 87 83 
76 98 83 
76 98 83 
88 98 83 
88 109 83 
88 109 117 
104 109 117 
104 109 117 
117 109 117 
128 109 117 
128 109 117 
128 129 117 
128 129 117 
128 129 130 
128 129 130 
128 129 141 
139 142 141 
160 142 141 
160 142 161 
160 142 184 
185 142 184 
185 142 195 
185 152 195 
185 163 195 
185 174 195 
185 174 195 
185 192 195 
185 204 195 
185 216 195 
204 216 206 
204 216 206 
216 216 206 
216 216 206 
216 228 206 
216 240 206 
252 240 206 
252 240 236 
252 240 248 
252 240 266 
252 252 266 
252 264 266 
252 277 266 
252 277 284 
287 277 284 
287 277 296 
287 290 296 
287 301 296 
305 301 296 
305 312 296 
305 312 308 
320 312 308 
320 312 308 
320 312 321 
320 323 321 
320 336 321 
335 336 321 
335 336 321 
335 336 334 
335 352 334 
335 352 352 
335 366 352 
350 366 352 
350 366 371 
350 380 371 
368 380 371 
368 380 371 
377 380 371 
377 380 371 
377 380 386 
388 380 386 
388 380 386 
388 396 386 
400 396 386 
414 396 386 
414 426 386 
414.0 450.0 404.0 
;
EXECUTION TIME HBSS: 59.7801711559 seconds 

-------------------------------------------------------------------
