DATFILE : bwopen0_3r_250.dat
ENVIRONMENT : bwopen
ALGORITHM : HBSS - TAU 3
RANGE : 250
STARTING_POS : 0
N_ROBOTS : 3
GREEDY SOLUTION : 814.0
COMPUTATIONS T :
840.0
865.0
856.0
850.0
840.0
972.0
1012.0
846.0
847.0
836.0
930.0
878.0
876.0
864.0
826.0
892.0
855.0
836.0
827.0
892.0
890.0
804.0
876.0
844.0
823.0
872.0
923.0
930.0
832.0
859.0
1000.0
784.0
789.0
977.0
843.0
840.0
850.0
829.0
872.0
864.0
835.0
963.0
834.0
900.0
911.0
770.0
926.0
864.0
865.0
907.0
807.0
809.0
807.0
885.0
859.0
856.0
819.0
917.0
859.0
863.0
886.0
777.0
881.0
837.0
834.0
839.0
875.0
821.0
905.0
876.0
869.0
940.0
821.0
868.0
784.0
878.0
992.0
937.0
871.0
897.0
806.0
852.0
886.0
960.0
844.0
822.0
870.0
956.0
836.0
834.0
897.0
909.0
893.0
905.0
819.0
923.0
876.0
862.0
975.0
830.0
848.0
861.0
815.0
835.0
853.0
899.0
884.0
881.0
960.0
893.0
854.0
867.0
855.0
809.0
983.0
804.0
907.0
952.0
862.0
780.0
932.0
853.0
822.0
962.0
899.0
875.0
947.0
833.0
867.0
867.0
846.0
805.0
855.0
972.0
833.0
869.0
860.0
849.0
912.0
923.0
839.0
895.0
959.0
908.0
833.0
859.0
834.0
843.0
887.0
901.0
819.0
844.0
909.0
843.0
824.0
887.0
861.0
876.0
839.0
807.0
932.0
901.0
869.0
818.0
882.0
876.0
852.0
984.0
819.0
825.0
898.0
807.0
849.0
805.0
825.0
858.0
848.0
905.0
953.0
878.0
776.0
839.0
874.0
871.0
984.0
853.0
881.0
917.0
847.0
898.0
911.0
789.0
771.0
882.0
890.0
980.0
854.0
889.0
865.0
830.0
;
HBBS bestT : 770.0
BEST_CONFIGURATIONS : 
0 0 0 
0 4 0 
0 4 26 
0 4 26 
0 4 5 
0 4 5 
0 26 5 
1 26 5 
1 26 5 
1 4 5 
1 4 22 
1 4 22 
1 26 22 
27 26 22 
27 26 5 
27 1 5 
27 1 9 
27 1 9 
27 1 10 
27 1 24 
27 2 24 
27 2 24 
27 2 6 
27 2 6 
27 2 21 
1 2 21 
1 2 3 
1 6 7 
9 6 7 
9 6 21 
24 6 21 
24 6 3 
10 6 3 
10 21 3 
24 21 3 
24 7 3 
11 7 3 
11 7 21 
11 7 21 
11 7 6 
11 12 6 
11 12 21 
11 16 21 
11 12 7 
12 16 7 
12 23 7 
12 23 16 
16 20 16 
16 20 23 
16 19 20 
11 20 20 
11 20 15 
11 19 15 
11 20 15 
10 20 15 
10 19 15 
10 19 14 
10 19 14 
10 19 18 
10 19 18 
15 19 14 
15 18 14 
15 18 14 
14 25 14 
14 25 15 
14 17 15 
14 17 18 
25 17 18 
25 17 18 
25 13 18 
25 13 14 
25 13 18 
17 13 18 
13 8 18 
13 8 25 
17 8 25 
13 22 25 
13 22 14 
8 4 14 
8 26 14 
8 26 9 
8 5 9 
8 5 9 
22 5 9 
22 9 14 
22 9 14 
22 9 18 
9 24 18 
9 24 14 
9 10 14 
9 10 15 
9 24 10 
15 24 10 
10 24 11 
10 24 11 
8 22 11 
22 0 11 
22 0 1 
0 0 0 
;
ROBOT MOVING BEST:
0 0 0 
1 1 0 
1 0 1 
0 1 1 
1 0 1 
0 1 1 
0 1 1 
1 1 0 
1 0 1 
1 1 0 
0 1 1 
1 0 1 
0 1 1 
1 1 0 
1 0 1 
1 1 0 
0 1 1 
1 0 1 
1 0 1 
1 0 1 
0 1 1 
1 1 0 
1 0 1 
0 1 1 
0 1 1 
1 1 0 
0 1 1 
0 1 1 
1 1 0 
0 1 1 
1 1 0 
0 1 1 
1 1 0 
0 1 1 
1 1 0 
0 1 1 
1 1 0 
1 0 1 
0 1 1 
1 0 1 
1 1 0 
0 1 1 
1 1 0 
0 1 1 
1 1 0 
1 1 0 
0 1 1 
1 1 0 
0 1 1 
0 1 1 
1 1 0 
1 0 1 
0 1 1 
0 1 1 
1 0 1 
1 1 0 
1 0 1 
0 1 1 
1 0 1 
0 1 1 
1 0 1 
1 1 0 
0 1 1 
1 1 0 
0 1 1 
1 1 0 
0 1 1 
1 1 0 
1 0 1 
1 1 0 
0 1 1 
0 1 1 
1 1 0 
1 1 0 
0 1 1 
1 1 0 
1 1 0 
0 1 1 
1 1 0 
1 1 0 
0 1 1 
1 1 0 
0 1 1 
1 1 0 
0 1 1 
1 1 0 
0 1 1 
1 1 0 
0 1 1 
1 1 0 
1 0 1 
0 1 1 
1 1 0 
1 0 1 
0 1 1 
1 1 0 
1 1 0 
0 1 1 
1 0 1 
;
TIMETABLE BEST: 
0.0 0.0 0.0 
14 14 0 
17 14 17 
17 17 17 
26 17 26 
26 26 26 
26 37 37 
44 44 37 
44 44 44 
55 55 44 
55 56 56 
56 56 56 
56 67 67 
71 71 67 
79 71 79 
90 90 79 
90 101 101 
101 101 101 
115 101 115 
128 101 128 
128 128 128 
128 128 128 
141 128 141 
141 141 141 
141 153 153 
156 156 153 
156 165 165 
156 183 183 
184 184 183 
184 195 195 
199 199 195 
199 207 207 
212 212 207 
212 224 224 
225 225 224 
225 237 237 
243 243 237 
249 243 249 
249 249 249 
261 249 261 
267 267 261 
267 273 273 
284 284 273 
284 295 295 
311 311 295 
322 322 295 
322 322 322 
333 333 322 
333 333 333 
333 346 346 
363 363 346 
377 363 377 
377 377 377 
377 390 390 
398 390 398 
403 403 398 
411 403 411 
411 411 411 
422 411 422 
422 422 422 
433 422 433 
442 442 433 
442 442 442 
455 455 442 
455 455 455 
467 467 455 
467 473 473 
483 483 473 
483 483 483 
494 494 483 
494 494 494 
494 505 505 
506 506 505 
519 519 505 
519 519 519 
530 530 519 
542 542 519 
542 542 542 
555 555 542 
566 566 542 
566 566 566 
575 575 566 
575 575 575 
587 587 575 
587 609 609 
609 609 609 
609 620 620 
635 635 620 
635 635 635 
648 648 635 
648 648 648 
648 661 661 
669 669 661 
682 669 682 
682 682 682 
722 722 682 
746 746 682 
746 746 746 
770.0 746.0 764.0 
;
EXECUTION TIME HBSS: 56.2584559917 seconds 

-------------------------------------------------------------------
