DATFILE : bwopen0_10r_250.dat
ENVIRONMENT : bwopen
ALGORITHM : HBSS - TAU 6
RANGE : _250
STARTING_POS : 0
N_ROBOTS : 10
GREEDY SOLUTION : 286.0
COMPUTATIONS T :
286.0
286.0
288.0
286.0
286.0
286.0
299.0
286.0
286.0
286.0
286.0
286.0
286.0
287.0
286.0
286.0
286.0
286.0
286.0
289.0
286.0
282.0
300.0
286.0
286.0
286.0
286.0
289.0
289.0
286.0
286.0
286.0
286.0
286.0
291.0
286.0
290.0
286.0
286.0
286.0
286.0
286.0
286.0
285.0
291.0
286.0
292.0
286.0
286.0
286.0
290.0
283.0
286.0
286.0
286.0
286.0
289.0
286.0
286.0
286.0
286.0
286.0
292.0
286.0
286.0
286.0
291.0
295.0
286.0
285.0
286.0
290.0
288.0
286.0
286.0
286.0
286.0
286.0
286.0
286.0
286.0
295.0
286.0
282.0
284.0
286.0
278.0
286.0
286.0
286.0
286.0
286.0
293.0
286.0
283.0
286.0
286.0
286.0
286.0
289.0
290.0
286.0
286.0
286.0
286.0
283.0
286.0
285.0
286.0
286.0
286.0
286.0
286.0
286.0
286.0
286.0
286.0
289.0
284.0
286.0
275.0
286.0
286.0
289.0
296.0
291.0
282.0
286.0
286.0
286.0
286.0
286.0
296.0
286.0
286.0
286.0
286.0
289.0
290.0
290.0
284.0
286.0
289.0
286.0
286.0
286.0
288.0
286.0
291.0
281.0
282.0
286.0
286.0
286.0
284.0
286.0
286.0
286.0
286.0
286.0
286.0
288.0
285.0
286.0
286.0
288.0
286.0
286.0
286.0
286.0
295.0
286.0
286.0
286.0
280.0
286.0
285.0
286.0
286.0
286.0
286.0
284.0
289.0
284.0
284.0
284.0
284.0
289.0
289.0
293.0
289.0
286.0
286.0
284.0
286.0
284.0
286.0
295.0
286.0
286.0
;
HBBS bestT : 275.0
BEST_CONFIGURATIONS : 
0 0 0 0 0 0 0 0 0 0 
0 4 0 0 0 0 0 0 0 0 
0 4 26 0 0 0 0 0 0 0 
0 4 26 0 0 0 0 0 0 0 
0 4 26 1 0 0 0 0 0 0 
0 4 26 1 0 0 0 0 0 0 
0 4 26 1 0 0 0 0 0 0 
0 4 26 1 5 0 0 0 0 0 
0 4 26 1 5 22 0 0 0 0 
0 4 26 1 5 22 0 0 0 0 
0 4 26 1 5 22 0 0 0 0 
0 4 26 1 5 22 0 0 0 0 
0 4 26 1 5 22 0 0 0 0 
0 4 26 1 5 22 0 0 0 0 
0 4 26 1 5 22 0 0 0 0 
0 4 26 1 5 22 0 0 0 0 
0 4 26 1 5 22 4 8 0 0 
0 4 26 1 5 22 4 8 0 0 
0 4 26 1 5 22 4 8 0 0 
0 4 26 1 5 22 4 8 0 0 
0 4 26 1 5 22 4 8 1 27 
0 4 26 1 5 22 4 8 1 27 
0 4 26 1 5 22 4 8 1 27 
0 8 26 1 5 22 4 13 1 27 
0 8 26 1 5 22 4 13 1 27 
1 8 26 2 5 22 4 13 1 27 
1 8 26 2 5 22 4 13 1 27 
1 8 26 2 5 22 4 17 1 27 
1 8 26 2 9 22 4 17 1 27 
1 8 26 2 9 22 13 17 1 27 
1 8 5 2 9 22 13 17 1 27 
1 8 5 2 9 26 13 17 1 27 
1 8 5 2 9 26 13 17 27 27 
1 22 5 2 9 26 13 17 27 27 
1 22 5 6 9 26 13 17 27 27 
1 22 5 6 9 26 13 17 27 27 
1 22 5 6 9 26 13 25 27 27 
1 8 5 6 9 26 13 25 27 27 
1 8 5 6 9 26 13 25 2 27 
27 8 5 6 10 26 13 25 2 27 
27 8 5 6 10 26 13 25 2 27 
27 8 5 6 10 26 17 25 2 27 
27 8 9 6 10 26 17 25 2 27 
27 8 9 6 15 26 17 25 2 27 
27 8 9 21 15 26 17 25 2 27 
27 8 9 21 15 26 17 25 2 24 
27 8 9 21 15 26 17 25 2 24 
27 8 9 21 15 26 17 25 2 24 
27 8 9 21 15 26 25 25 2 24 
27 8 9 21 15 26 25 25 2 24 
27 8 9 21 15 26 25 25 2 24 
27 13 9 21 15 26 25 18 2 24 
27 13 9 21 15 26 25 18 2 24 
27 13 9 21 15 26 25 18 2 24 
27 13 9 21 15 26 25 18 2 24 
27 13 9 21 15 14 25 18 2 24 
27 13 9 21 15 14 25 18 2 24 
27 13 9 21 15 14 25 18 2 24 
27 13 9 21 15 14 25 18 2 24 
27 13 9 21 15 14 25 18 2 24 
27 13 9 21 15 14 25 18 2 24 
27 13 9 3 15 14 25 18 2 24 
27 17 9 3 15 14 25 18 2 24 
27 17 9 3 15 14 25 18 2 24 
27 17 9 3 10 14 25 18 2 24 
27 17 9 3 10 14 25 18 2 24 
27 17 9 3 10 14 25 18 2 24 
10 17 15 3 10 14 25 18 2 24 
10 17 15 3 10 14 25 18 6 24 
10 17 15 3 24 14 25 18 6 24 
10 17 15 3 24 14 25 18 6 11 
10 17 15 3 24 14 25 18 6 11 
10 17 15 3 24 14 25 18 6 11 
10 17 15 3 24 14 25 18 6 11 
10 17 15 3 24 14 25 19 6 11 
10 18 15 3 24 14 25 19 6 11 
10 18 15 3 24 14 25 19 6 11 
10 18 15 3 24 14 25 19 6 11 
10 18 15 3 24 14 22 19 6 11 
10 18 15 21 24 14 22 19 6 11 
10 18 15 21 24 14 22 19 6 11 
15 18 15 21 24 14 22 20 6 11 
15 18 15 21 24 14 22 20 6 11 
15 18 15 7 6 14 22 20 6 11 
15 18 15 7 6 14 22 20 21 11 
15 18 15 7 6 14 22 20 21 11 
15 19 15 7 6 14 22 20 21 11 
15 19 15 7 6 14 22 20 3 11 
15 19 15 7 21 14 22 20 3 11 
15 19 20 7 21 14 22 23 3 11 
15 20 20 7 21 14 22 16 3 11 
15 20 23 7 21 14 22 16 3 11 
15 20 23 7 21 11 22 16 3 11 
11 20 23 7 21 11 22 16 3 12 
11 20 23 7 21 11 22 16 3 12 
11 20 23 7 21 11 22 16 3 12 
11 20 23 7 21 11 22 16 3 12 
11 20 23 7 21 11 22 16 3 12 
0 0 0 0 0 0 0 0 0 0 
;
ROBOT MOVING BEST:
0 0 0 0 0 0 0 0 0 0 
1 1 0 0 0 0 0 0 0 0 
1 0 1 0 0 0 0 0 0 0 
0 1 1 0 0 0 0 0 0 0 
1 0 0 1 0 0 0 0 0 0 
0 1 0 1 0 0 0 0 0 0 
0 0 1 1 0 0 0 0 0 0 
1 0 0 0 1 0 0 0 0 0 
1 0 0 0 0 1 0 0 0 0 
0 1 0 0 1 0 0 0 0 0 
0 1 0 0 0 1 0 0 0 0 
0 0 1 0 1 0 0 0 0 0 
0 0 1 0 0 1 0 0 0 0 
0 0 0 1 1 0 0 0 0 0 
0 0 0 1 0 1 0 0 0 0 
0 0 0 0 1 1 0 0 0 0 
0 0 0 0 0 0 1 1 0 0 
0 0 1 0 0 0 0 1 0 0 
0 0 0 0 0 1 0 1 0 0 
0 0 0 0 1 0 0 1 0 0 
0 0 0 0 0 0 0 0 1 1 
0 0 1 0 0 0 0 0 0 1 
0 0 0 0 1 0 0 0 0 1 
0 1 0 0 0 0 0 1 0 0 
0 0 0 0 0 1 0 1 0 0 
1 0 0 1 0 0 0 0 0 0 
0 0 0 1 0 0 0 0 0 1 
0 1 0 0 0 0 0 1 0 0 
1 0 0 0 1 0 0 0 0 0 
0 0 0 0 0 0 1 1 0 0 
0 0 1 0 1 0 0 0 0 0 
0 0 0 0 1 1 0 0 0 0 
0 0 0 0 1 0 0 0 1 0 
0 1 0 0 1 0 0 0 0 0 
0 0 0 1 1 0 0 0 0 0 
0 0 0 1 0 0 0 0 0 1 
0 0 0 0 0 0 1 1 0 0 
0 1 0 0 0 0 0 1 0 0 
0 0 0 1 0 0 0 0 1 0 
1 0 0 0 1 0 0 0 0 0 
0 0 0 1 1 0 0 0 0 0 
0 0 0 0 0 0 1 1 0 0 
0 0 1 0 1 0 0 0 0 0 
0 0 1 0 1 0 0 0 0 0 
0 0 0 1 0 0 0 0 1 0 
0 0 0 1 0 0 0 0 0 1 
1 0 0 0 0 0 0 0 0 1 
0 0 1 0 0 0 0 0 0 1 
0 0 0 0 1 0 1 0 0 0 
0 0 0 0 1 0 0 0 0 1 
0 0 0 0 0 0 0 0 1 1 
0 1 0 0 0 0 0 1 0 0 
0 0 1 0 0 0 0 1 0 0 
0 0 0 0 1 0 0 1 0 0 
0 0 0 0 0 0 1 1 0 0 
0 0 0 0 1 1 0 0 0 0 
0 1 0 0 0 1 0 0 0 0 
0 0 1 0 0 1 0 0 0 0 
0 0 0 0 0 1 1 0 0 0 
0 0 0 0 0 1 0 1 0 0 
0 0 0 0 0 1 0 0 0 1 
0 0 0 1 0 0 0 0 1 0 
0 1 0 0 0 1 0 0 0 0 
0 1 0 0 0 0 0 1 0 0 
0 0 0 0 1 1 0 0 0 0 
0 0 0 0 1 0 0 1 0 0 
0 0 0 0 1 0 0 0 0 1 
1 0 1 0 0 0 0 0 0 0 
0 0 0 1 0 0 0 0 1 0 
0 0 0 0 1 0 0 0 1 0 
1 0 0 0 0 0 0 0 0 1 
0 0 0 0 1 0 0 0 0 1 
0 0 1 0 0 0 0 0 0 1 
0 0 0 0 0 0 0 0 1 1 
1 0 0 0 0 0 0 1 0 0 
0 1 0 0 0 0 0 1 0 0 
0 0 1 0 0 0 0 1 0 0 
0 0 0 0 0 1 0 1 0 0 
0 0 0 0 0 1 1 0 0 0 
0 0 0 1 0 0 0 0 1 0 
0 0 0 1 0 0 0 0 0 1 
1 0 0 0 0 0 0 1 0 0 
0 0 0 0 0 0 0 1 0 1 
0 0 0 1 1 0 0 0 0 0 
0 0 0 1 0 0 0 0 1 0 
0 0 0 1 0 0 0 0 0 1 
0 1 0 0 0 0 0 1 0 0 
0 0 0 1 0 0 0 0 1 0 
0 0 0 0 1 0 0 0 1 0 
0 0 1 0 0 0 0 1 0 0 
0 1 0 0 0 0 0 1 0 0 
0 0 1 0 0 0 0 1 0 0 
0 0 0 0 0 1 0 1 0 0 
1 0 0 0 0 0 0 0 0 1 
0 0 1 0 0 0 0 0 0 1 
0 0 0 1 0 0 0 0 0 1 
0 0 0 0 1 0 0 0 0 1 
0 0 0 0 0 0 0 1 0 1 
1 1 1 1 1 1 1 1 1 1 
;
TIMETABLE BEST: 
0.0 0.0 0.0 0.0 0.0 0.0 0.0 0.0 0.0 0.0 
14 14 0 0 0 0 0 0 0 0 
17 14 17 0 0 0 0 0 0 0 
17 17 17 0 0 0 0 0 0 0 
18 17 17 18 0 0 0 0 0 0 
18 18 17 18 0 0 0 0 0 0 
18 18 18 18 0 0 0 0 0 0 
24 18 18 18 24 0 0 0 0 0 
24 18 18 18 24 24 0 0 0 0 
24 24 18 18 24 24 0 0 0 0 
24 24 18 18 24 24 0 0 0 0 
24 24 24 18 24 24 0 0 0 0 
24 24 24 18 24 24 0 0 0 0 
24 24 24 24 24 24 0 0 0 0 
24 24 24 24 24 24 0 0 0 0 
24 24 24 24 24 24 0 0 0 0 
24 24 24 24 24 24 26 26 0 0 
24 24 26 24 24 24 26 26 0 0 
24 24 26 24 24 26 26 26 0 0 
24 24 26 24 26 26 26 26 0 0 
24 24 26 24 26 26 26 26 33 33 
24 24 33 24 26 26 26 26 33 33 
24 24 33 24 33 26 26 26 33 33 
24 39 33 24 33 26 26 39 33 33 
24 39 33 24 33 39 26 39 33 33 
44 39 33 44 33 39 26 39 33 33 
44 39 33 44 33 39 26 39 33 44 
44 50 33 44 33 39 26 50 33 44 
55 50 33 44 55 39 26 50 33 44 
55 50 33 44 55 39 53 53 33 44 
55 50 55 44 55 39 53 53 33 44 
55 50 55 44 55 55 53 53 33 44 
55 50 55 44 55 55 53 53 55 44 
55 62 55 44 62 55 53 53 55 44 
55 62 55 62 62 55 53 53 55 44 
55 62 55 62 62 55 53 53 55 62 
55 62 55 62 62 55 65 65 55 62 
55 74 55 62 62 55 65 74 55 62 
55 74 55 74 62 55 65 74 74 62 
76 74 55 74 76 55 65 74 74 62 
76 74 55 76 76 55 65 74 74 62 
76 74 55 76 76 55 76 76 74 62 
76 74 77 76 77 55 76 76 74 62 
76 74 88 76 88 55 76 76 74 62 
76 74 88 88 88 55 76 76 88 62 
76 74 88 88 88 55 76 76 88 88 
88 74 88 88 88 55 76 76 88 88 
88 74 88 88 88 55 76 76 88 88 
88 74 88 88 88 55 88 76 88 88 
88 74 88 88 88 55 88 76 88 88 
88 74 88 88 88 55 88 76 88 88 
88 89 88 88 88 55 88 89 88 88 
88 89 89 88 88 55 88 89 88 88 
88 89 89 88 89 55 88 89 88 88 
88 89 89 88 89 55 89 89 88 88 
88 89 89 88 94 94 89 89 88 88 
88 94 89 88 94 94 89 89 88 88 
88 94 94 88 94 94 89 89 88 88 
88 94 94 88 94 94 94 89 88 88 
88 94 94 88 94 94 94 94 88 88 
88 94 94 88 94 94 94 94 88 94 
88 94 94 100 94 94 94 94 100 94 
88 105 94 100 94 105 94 94 100 94 
88 105 94 100 94 105 94 105 100 94 
88 105 94 100 105 105 94 105 100 94 
88 105 94 100 105 105 94 105 100 94 
88 105 94 100 105 105 94 105 100 105 
115 105 115 100 105 105 94 105 100 105 
115 105 115 118 105 105 94 105 118 105 
115 105 115 118 118 105 94 105 118 105 
123 105 115 118 118 105 94 105 118 123 
123 105 115 118 123 105 94 105 118 123 
123 105 123 118 123 105 94 105 118 123 
123 105 123 118 123 105 94 105 123 123 
125 105 123 118 123 105 94 125 123 123 
125 125 123 118 123 105 94 125 123 123 
125 125 125 118 123 105 94 125 123 123 
125 125 125 118 123 125 94 125 123 123 
125 125 125 118 123 126 126 125 123 123 
125 125 125 130 123 126 126 125 130 123 
125 125 125 130 123 126 126 125 130 130 
138 125 125 130 123 126 126 138 130 130 
138 125 125 130 123 126 126 138 130 138 
138 125 125 142 142 126 126 138 130 138 
138 125 125 142 142 126 126 138 142 138 
138 125 125 142 142 126 126 138 142 142 
138 145 125 142 142 126 126 145 142 142 
138 145 125 154 142 126 126 145 154 142 
138 145 125 154 154 126 126 145 154 142 
138 145 156 154 154 126 126 156 154 142 
138 167 156 154 154 126 126 167 154 142 
138 167 167 154 154 126 126 167 154 142 
138 167 167 154 154 167 126 167 154 142 
169 167 167 154 154 167 126 167 154 169 
169 167 169 154 154 167 126 167 154 169 
169 167 169 169 154 167 126 167 154 169 
169 167 169 169 169 167 126 167 154 169 
169 167 169 169 169 167 126 169 154 169 
240.0 263.0 275.0 243.0 231.0 238.0 150.0 270.0 212.0 261.0 
;
EXECUTION TIME HBSS: 1079.22379088 seconds 

-------------------------------------------------------------------
