DATFILE : bwopen0_4r_250.dat
ENVIRONMENT : bwopen
ALGORITHM : HBSS - TAU 6
RANGE : 250
STARTING_POS : 0
N_ROBOTS : 4
GREEDY SOLUTION : 589.0
COMPUTATIONS T :
583.0
589.0
634.0
589.0
626.0
589.0
589.0
605.0
589.0
570.0
611.0
673.0
595.0
559.0
589.0
591.0
666.0
589.0
589.0
659.0
642.0
605.0
553.0
589.0
574.0
560.0
590.0
567.0
576.0
568.0
644.0
567.0
589.0
592.0
603.0
614.0
632.0
605.0
626.0
589.0
629.0
579.0
632.0
576.0
592.0
589.0
589.0
577.0
582.0
591.0
589.0
611.0
625.0
618.0
605.0
672.0
589.0
589.0
589.0
605.0
572.0
677.0
658.0
603.0
592.0
584.0
582.0
601.0
591.0
642.0
616.0
579.0
626.0
601.0
601.0
589.0
606.0
597.0
589.0
648.0
601.0
589.0
575.0
606.0
589.0
614.0
584.0
589.0
586.0
672.0
612.0
589.0
589.0
581.0
579.0
589.0
589.0
581.0
589.0
589.0
601.0
603.0
589.0
589.0
572.0
636.0
589.0
567.0
625.0
659.0
642.0
587.0
634.0
658.0
577.0
589.0
625.0
601.0
565.0
607.0
589.0
601.0
589.0
589.0
589.0
624.0
589.0
589.0
585.0
583.0
609.0
626.0
673.0
589.0
636.0
672.0
587.0
581.0
589.0
590.0
603.0
570.0
589.0
674.0
601.0
618.0
560.0
584.0
586.0
589.0
574.0
665.0
621.0
574.0
589.0
587.0
589.0
589.0
589.0
666.0
677.0
669.0
656.0
574.0
606.0
589.0
589.0
607.0
567.0
601.0
573.0
589.0
589.0
589.0
589.0
595.0
589.0
601.0
582.0
582.0
565.0
589.0
589.0
589.0
589.0
592.0
589.0
576.0
589.0
624.0
579.0
589.0
553.0
589.0
589.0
634.0
601.0
589.0
624.0
589.0
;
HBBS bestT : 553.0
BEST_CONFIGURATIONS : 
0 0 0 0 
0 4 0 0 
0 4 26 0 
0 4 26 0 
0 4 26 1 
0 4 26 1 
0 4 26 1 
0 4 5 1 
0 26 5 1 
0 26 5 1 
0 22 5 1 
0 22 5 1 
0 22 5 1 
0 22 26 1 
4 22 26 1 
4 22 26 27 
4 22 5 27 
4 22 5 27 
4 8 5 27 
4 8 5 27 
4 8 26 27 
22 8 26 27 
22 8 26 9 
22 8 26 9 
22 8 5 9 
8 13 5 9 
8 13 22 9 
13 13 22 14 
13 13 22 14 
13 17 22 14 
13 17 22 14 
13 17 8 14 
13 17 8 18 
13 17 8 18 
13 25 8 18 
13 25 8 18 
13 25 8 14 
17 25 8 14 
17 25 8 18 
17 18 8 14 
18 18 9 14 
18 18 9 14 
18 15 9 14 
18 15 9 14 
18 15 9 14 
14 10 9 14 
14 10 9 14 
14 10 9 18 
15 10 9 18 
15 10 9 25 
15 10 24 25 
15 10 24 25 
14 24 24 25 
14 24 11 15 
14 24 11 15 
9 24 11 15 
9 24 11 10 
9 6 11 10 
9 6 11 10 
9 6 11 10 
9 21 11 10 
9 21 11 24 
27 21 11 24 
27 7 11 24 
27 7 11 6 
27 7 11 6 
27 21 11 6 
27 21 10 6 
27 3 10 6 
27 3 24 6 
2 3 24 6 
2 3 24 6 
2 3 24 6 
2 21 24 6 
2 3 24 7 
2 3 21 7 
2 3 21 7 
21 3 21 12 
21 7 21 12 
21 7 11 12 
21 7 11 16 
21 12 11 16 
21 12 11 23 
11 12 11 20 
11 16 11 20 
11 16 15 20 
11 23 15 20 
11 16 15 23 
10 16 19 23 
10 16 19 20 
15 16 19 20 
14 16 19 20 
18 19 19 20 
18 19 27 2 
9 19 27 2 
9 19 1 2 
9 27 1 2 
9 27 1 2 
0 0 0 0 
;
ROBOT MOVING BEST:
0 0 0 0 
1 1 0 0 
1 0 1 0 
0 1 1 0 
1 0 0 1 
0 1 0 1 
0 0 1 1 
1 0 1 0 
0 1 1 0 
0 0 1 1 
1 1 0 0 
0 1 1 0 
0 1 0 1 
0 1 1 0 
1 1 0 0 
0 0 1 1 
1 0 1 0 
0 0 1 1 
1 1 0 0 
0 1 1 0 
0 1 1 0 
1 1 0 0 
1 0 0 1 
0 0 1 1 
0 0 1 1 
1 1 0 0 
0 1 1 0 
1 0 0 1 
0 0 1 1 
1 1 0 0 
0 1 0 1 
0 1 1 0 
1 0 0 1 
0 1 0 1 
1 1 0 0 
0 1 1 0 
0 1 0 1 
1 1 0 0 
0 1 0 1 
0 1 0 1 
1 0 1 0 
0 0 1 1 
0 1 1 0 
1 1 0 0 
0 1 0 1 
1 1 0 0 
0 1 1 0 
0 1 0 1 
1 1 0 0 
1 0 0 1 
1 0 1 0 
0 1 1 0 
1 1 0 0 
0 0 1 1 
0 1 1 0 
1 1 0 0 
0 0 1 1 
1 1 0 0 
0 1 1 0 
0 1 0 1 
0 1 1 0 
0 1 0 1 
1 0 0 1 
0 1 1 0 
1 0 0 1 
0 1 0 1 
0 1 0 1 
1 0 1 0 
0 1 0 1 
0 0 1 1 
1 1 0 0 
1 0 1 0 
1 0 0 1 
1 1 0 0 
0 1 0 1 
0 1 1 0 
0 0 1 1 
1 0 0 1 
0 1 0 1 
0 0 1 1 
0 0 1 1 
0 1 0 1 
0 1 0 1 
1 0 0 1 
0 1 0 1 
0 0 1 1 
0 1 0 1 
0 1 0 1 
1 0 1 0 
0 0 1 1 
1 0 1 0 
1 0 1 0 
1 1 0 0 
0 0 1 1 
1 0 1 0 
1 0 1 0 
0 1 1 0 
0 0 1 1 
1 1 1 1 
;
TIMETABLE BEST: 
0.0 0.0 0.0 0.0 
14 14 0 0 
17 14 17 0 
17 17 17 0 
18 17 17 18 
18 18 17 18 
18 18 18 18 
27 18 27 18 
27 29 29 18 
27 29 29 29 
40 40 29 29 
40 40 40 29 
40 40 40 40 
40 49 49 40 
54 54 49 40 
54 54 55 55 
64 54 64 55 
64 54 64 64 
66 66 64 64 
66 66 66 64 
66 75 75 64 
78 78 75 64 
79 78 75 79 
79 78 79 79 
79 78 88 88 
91 91 88 88 
91 100 100 88 
104 100 100 104 
104 100 104 104 
111 111 104 104 
111 111 104 111 
111 116 116 111 
122 116 116 122 
122 122 116 122 
134 134 116 122 
134 134 134 122 
134 134 134 134 
145 145 134 134 
145 145 134 145 
145 158 134 158 
166 158 166 158 
166 158 166 166 
166 176 176 166 
176 176 176 166 
176 176 176 176 
187 187 176 176 
187 187 187 176 
187 187 187 187 
200 200 187 187 
200 200 187 200 
202 200 202 200 
202 202 202 200 
215 215 202 200 
215 215 223 223 
215 223 223 223 
231 231 223 223 
231 231 234 234 
244 244 234 234 
244 244 244 234 
244 244 244 244 
244 256 256 244 
244 257 256 257 
259 257 256 259 
259 269 269 259 
272 269 269 272 
272 272 269 272 
272 284 269 284 
290 284 290 284 
290 296 290 296 
290 296 303 303 
309 309 303 303 
309 309 309 303 
309 309 309 309 
321 321 309 309 
321 333 309 333 
321 334 334 333 
321 334 334 334 
352 334 334 352 
352 352 334 352 
352 352 353 353 
352 352 364 364 
352 370 364 370 
352 381 364 381 
391 381 364 391 
391 392 364 392 
391 392 394 394 
391 403 394 403 
391 414 394 414 
418 414 418 414 
418 414 424 424 
429 414 429 424 
442 414 442 424 
453 453 442 424 
453 453 492 492 
492 453 492 492 
507 453 507 492 
507 507 507 492 
507 507 507 507 
553.0 540.0 525.0 543.0 
;
EXECUTION TIME HBSS: 122.982780933 seconds 

-------------------------------------------------------------------
