DATFILE : bwopen0_10r_250.dat
ENVIRONMENT : bwopen
ALGORITHM : HBSS - TAU 4
RANGE : _250
STARTING_POS : 0
N_ROBOTS : 10
GREEDY SOLUTION : 286.0
COMPUTATIONS T :
273.0
285.0
286.0
289.0
282.0
300.0
284.0
285.0
290.0
286.0
284.0
286.0
300.0
295.0
279.0
286.0
272.0
276.0
290.0
290.0
269.0
296.0
287.0
281.0
286.0
286.0
291.0
281.0
282.0
283.0
275.0
286.0
289.0
292.0
303.0
297.0
281.0
289.0
286.0
284.0
298.0
295.0
293.0
290.0
281.0
286.0
283.0
275.0
286.0
283.0
281.0
285.0
292.0
295.0
291.0
286.0
290.0
280.0
299.0
286.0
293.0
284.0
283.0
286.0
285.0
286.0
287.0
281.0
280.0
287.0
290.0
285.0
285.0
275.0
291.0
289.0
286.0
291.0
286.0
295.0
292.0
296.0
289.0
283.0
290.0
283.0
277.0
300.0
299.0
295.0
281.0
280.0
283.0
278.0
279.0
291.0
291.0
286.0
302.0
287.0
294.0
293.0
285.0
287.0
284.0
280.0
286.0
295.0
271.0
296.0
293.0
282.0
288.0
281.0
287.0
278.0
291.0
286.0
289.0
277.0
282.0
286.0
291.0
286.0
292.0
265.0
285.0
275.0
288.0
296.0
295.0
286.0
275.0
286.0
285.0
287.0
303.0
294.0
282.0
276.0
283.0
291.0
286.0
286.0
297.0
282.0
286.0
286.0
282.0
292.0
289.0
286.0
280.0
284.0
295.0
286.0
286.0
287.0
280.0
291.0
293.0
283.0
292.0
283.0
288.0
285.0
292.0
268.0
290.0
280.0
295.0
287.0
302.0
289.0
285.0
298.0
283.0
292.0
281.0
276.0
295.0
283.0
298.0
284.0
299.0
296.0
281.0
285.0
281.0
276.0
284.0
292.0
284.0
294.0
287.0
284.0
294.0
282.0
280.0
292.0
;
HBBS bestT : 265.0
BEST_CONFIGURATIONS : 
0 0 0 0 0 0 0 0 0 0 
0 4 0 0 0 0 0 0 0 0 
0 4 26 0 0 0 0 0 0 0 
0 4 26 0 0 0 0 0 0 0 
0 4 26 1 0 0 0 0 0 0 
0 4 26 1 1 0 0 0 0 0 
0 4 26 1 1 0 0 0 0 0 
0 4 26 1 1 5 0 0 0 0 
0 4 26 1 1 5 22 0 0 0 
0 4 26 1 1 5 22 0 0 0 
0 4 26 1 1 5 22 0 0 0 
0 4 26 1 1 5 22 0 0 0 
0 4 26 1 1 5 22 0 0 0 
0 4 26 1 1 5 22 0 0 0 
0 4 26 1 1 5 22 0 0 0 
0 4 26 1 1 5 22 0 0 0 
0 4 26 1 1 5 22 4 8 0 
0 4 26 1 1 5 22 4 8 0 
0 4 26 1 1 5 22 4 8 0 
0 4 26 1 1 5 22 4 8 0 
0 4 26 1 27 5 22 4 8 0 
0 4 26 1 27 5 22 4 8 0 
0 4 26 1 27 5 22 4 8 0 
0 8 26 1 27 5 22 4 13 0 
0 8 26 1 27 5 22 4 13 0 
1 8 26 1 27 5 22 4 13 9 
1 8 5 1 27 5 22 4 13 9 
1 8 5 1 27 22 22 4 13 9 
1 8 5 1 27 22 22 4 13 9 
1 8 5 1 27 22 22 26 13 9 
1 13 5 1 27 22 22 26 25 9 
1 13 5 1 27 22 8 26 25 9 
1 13 5 2 27 22 8 26 25 9 
1 13 5 2 27 22 8 26 25 9 
1 13 5 2 27 22 8 26 25 24 
1 13 5 2 27 22 8 26 25 24 
1 17 5 2 27 8 8 26 25 24 
1 17 5 2 27 8 8 26 25 24 
1 17 9 2 27 8 8 26 25 24 
1 17 9 2 27 8 13 26 25 24 
1 13 9 2 27 8 13 26 18 24 
1 13 9 2 27 8 13 26 18 24 
1 13 9 2 27 8 17 26 18 24 
2 13 9 6 27 8 17 26 18 24 
2 13 9 6 27 8 17 26 18 24 
2 13 9 6 27 8 17 26 18 24 
2 13 9 6 27 8 17 26 18 10 
2 13 9 6 27 8 17 26 18 10 
2 13 9 6 27 8 17 26 18 10 
2 13 9 6 27 8 17 26 18 10 
2 13 9 6 27 8 17 14 18 10 
2 13 9 6 27 8 17 14 18 10 
2 13 9 6 27 8 17 14 18 10 
2 13 9 6 27 22 17 14 18 10 
2 13 9 6 27 22 17 14 18 10 
2 13 9 6 27 22 17 14 18 10 
2 13 9 21 27 22 17 14 18 10 
2 13 9 21 27 22 17 14 18 15 
2 13 9 21 27 22 17 14 18 15 
2 13 9 21 27 22 17 14 18 15 
2 13 9 21 27 22 25 14 18 15 
2 13 9 21 27 22 25 14 18 15 
2 13 9 21 27 22 25 14 18 15 
2 13 9 3 27 22 25 14 18 15 
2 13 9 3 24 22 25 14 18 15 
2 13 9 3 24 22 25 14 18 15 
2 13 10 3 24 22 25 14 18 15 
2 13 10 3 24 22 25 14 18 15 
2 14 10 3 24 22 25 14 19 15 
2 14 10 3 24 22 25 14 19 15 
2 14 10 21 24 22 25 14 19 15 
2 14 10 21 24 22 18 14 19 15 
2 14 10 21 24 22 18 14 19 15 
6 14 10 21 24 22 18 14 19 15 
6 14 10 21 24 22 18 14 19 15 
6 15 10 21 24 22 18 14 20 15 
6 15 10 21 24 11 18 14 20 15 
6 15 10 21 24 11 18 14 20 15 
6 15 10 21 24 11 18 14 20 15 
6 15 10 21 24 11 18 14 20 15 
6 15 10 21 24 11 18 14 20 15 
6 15 10 21 24 11 18 14 20 15 
6 15 10 21 24 11 19 14 20 15 
21 15 10 3 24 11 19 14 20 15 
21 15 10 3 6 11 19 14 20 15 
21 15 10 3 6 11 19 14 23 20 
7 15 11 3 6 11 19 14 23 20 
7 15 11 3 6 11 19 14 23 20 
7 15 11 3 6 11 19 14 23 20 
7 15 11 3 6 21 19 12 23 20 
7 15 11 3 6 21 19 12 23 20 
7 15 11 3 6 21 19 12 16 20 
7 15 11 3 6 21 19 12 16 20 
7 15 11 3 6 21 19 12 16 20 
7 15 11 3 6 21 19 12 16 20 
7 15 11 3 6 21 20 12 16 20 
7 15 11 3 6 21 20 12 16 23 
7 15 11 3 6 21 20 12 16 23 
0 0 0 0 0 0 0 0 0 0 
;
ROBOT MOVING BEST:
0 0 0 0 0 0 0 0 0 0 
1 1 0 0 0 0 0 0 0 0 
1 0 1 0 0 0 0 0 0 0 
0 1 1 0 0 0 0 0 0 0 
1 0 0 1 0 0 0 0 0 0 
0 1 0 0 1 0 0 0 0 0 
0 0 1 1 0 0 0 0 0 0 
1 0 0 0 0 1 0 0 0 0 
1 0 0 0 0 0 1 0 0 0 
0 1 0 0 0 1 0 0 0 0 
0 1 0 0 0 0 1 0 0 0 
0 0 1 0 0 1 0 0 0 0 
0 0 1 0 0 0 1 0 0 0 
0 0 0 1 0 1 0 0 0 0 
0 0 0 1 0 0 1 0 0 0 
0 0 0 0 0 1 1 0 0 0 
0 0 0 0 0 0 0 1 1 0 
0 0 1 0 0 0 0 0 1 0 
0 0 0 0 0 1 0 0 1 0 
0 0 0 0 0 0 1 0 1 0 
0 0 1 0 1 0 0 0 0 0 
0 0 0 1 1 0 0 0 0 0 
0 0 0 0 1 1 0 0 0 0 
0 1 0 0 0 0 0 0 1 0 
0 0 0 0 0 0 1 0 1 0 
1 0 0 0 0 0 0 0 0 1 
0 0 1 0 0 0 0 0 0 1 
0 0 0 0 0 1 0 0 0 1 
0 0 0 0 1 0 0 0 0 1 
0 0 0 0 0 0 0 1 0 1 
0 1 0 0 0 0 0 0 1 0 
0 0 0 0 0 0 1 0 1 0 
1 0 0 1 0 0 0 0 0 0 
0 0 0 1 1 0 0 0 0 0 
0 0 0 1 0 0 0 0 0 1 
0 0 0 0 1 0 0 0 0 1 
0 1 0 0 0 1 0 0 0 0 
0 1 0 0 0 0 0 0 1 0 
0 0 1 0 0 0 0 0 0 1 
0 1 0 0 0 0 1 0 0 0 
0 1 0 0 0 0 0 0 1 0 
0 0 1 0 0 0 0 0 1 0 
0 0 0 0 0 0 1 0 1 0 
1 0 0 1 0 0 0 0 0 0 
0 0 1 1 0 0 0 0 0 0 
0 0 0 1 1 0 0 0 0 0 
0 0 1 0 0 0 0 0 0 1 
0 0 0 1 0 0 0 0 0 1 
0 0 0 0 1 0 0 0 0 1 
0 0 0 0 0 0 0 0 1 1 
0 0 0 0 0 0 1 1 0 0 
0 1 0 0 0 0 0 1 0 0 
0 0 1 0 0 0 0 1 0 0 
0 0 0 0 0 1 0 1 0 0 
0 0 0 0 0 0 0 1 1 0 
0 0 0 0 0 0 0 1 0 1 
1 0 0 1 0 0 0 0 0 0 
0 0 1 0 0 0 0 0 0 1 
0 0 0 0 0 0 0 1 0 1 
0 0 0 0 0 0 0 0 1 1 
0 0 0 0 0 0 1 1 0 0 
0 0 0 0 0 0 1 0 1 0 
0 0 0 0 0 0 1 0 0 1 
1 0 0 1 0 0 0 0 0 0 
0 0 0 0 1 0 0 1 0 0 
0 0 0 0 1 0 0 0 0 1 
0 0 1 0 1 0 0 0 0 0 
0 0 1 0 0 0 0 0 0 1 
0 1 0 0 0 0 0 0 1 0 
0 0 1 0 0 0 0 0 1 0 
0 0 0 1 1 0 0 0 0 0 
0 0 0 0 0 0 1 0 1 0 
0 0 0 0 0 0 0 0 1 1 
1 0 0 1 0 0 0 0 0 0 
1 0 0 0 1 0 0 0 0 0 
0 1 0 0 0 0 0 0 1 0 
1 0 0 0 0 1 0 0 0 0 
0 1 0 0 0 1 0 0 0 0 
0 0 1 0 0 1 0 0 0 0 
0 0 0 1 0 1 0 0 0 0 
0 0 0 0 1 1 0 0 0 0 
0 0 0 0 0 1 0 0 1 0 
0 0 0 0 0 0 1 0 1 0 
1 0 0 1 0 0 0 0 0 0 
0 0 0 1 1 0 0 0 0 0 
0 0 0 0 0 0 0 0 1 1 
1 0 1 0 0 0 0 0 0 0 
1 0 0 1 0 0 0 0 0 0 
1 0 0 0 1 0 0 0 0 0 
0 0 0 0 0 1 0 1 0 0 
1 0 0 0 0 1 0 0 0 0 
0 0 0 0 0 0 0 1 1 0 
1 0 0 0 0 0 0 1 0 0 
0 0 1 0 0 0 0 1 0 0 
0 0 1 0 0 0 0 0 1 0 
0 0 0 0 0 0 1 0 1 0 
0 0 0 0 0 0 0 1 0 1 
0 0 0 0 0 0 0 0 1 1 
1 1 1 1 1 1 1 1 1 1 
;
TIMETABLE BEST: 
0.0 0.0 0.0 0.0 0.0 0.0 0.0 0.0 0.0 0.0 
14 14 0 0 0 0 0 0 0 0 
17 14 17 0 0 0 0 0 0 0 
17 17 17 0 0 0 0 0 0 0 
18 17 17 18 0 0 0 0 0 0 
18 18 17 18 18 0 0 0 0 0 
18 18 18 18 18 0 0 0 0 0 
24 18 18 18 18 24 0 0 0 0 
24 18 18 18 18 24 24 0 0 0 
24 24 18 18 18 24 24 0 0 0 
24 24 18 18 18 24 24 0 0 0 
24 24 24 18 18 24 24 0 0 0 
24 24 24 18 18 24 24 0 0 0 
24 24 24 24 18 24 24 0 0 0 
24 24 24 24 18 24 24 0 0 0 
24 24 24 24 18 24 24 0 0 0 
24 24 24 24 18 24 24 26 26 0 
24 24 26 24 18 24 24 26 26 0 
24 24 26 24 18 26 24 26 26 0 
24 24 26 24 18 26 26 26 26 0 
24 24 33 24 33 26 26 26 26 0 
24 24 33 33 33 26 26 26 26 0 
24 24 33 33 33 33 26 26 26 0 
24 39 33 33 33 33 26 26 39 0 
24 39 33 33 33 33 39 26 39 0 
46 39 33 33 33 33 39 26 39 46 
46 39 46 33 33 33 39 26 39 46 
46 39 46 33 33 46 39 26 39 46 
46 39 46 33 46 46 39 26 39 46 
46 39 46 33 46 46 39 46 39 46 
46 52 46 33 46 46 39 46 52 46 
46 52 46 33 46 46 52 46 52 46 
53 52 46 53 46 46 52 46 52 46 
53 52 46 53 53 46 52 46 52 46 
53 52 46 61 53 46 52 46 52 61 
53 52 46 61 61 46 52 46 52 61 
53 63 46 61 61 63 52 46 52 61 
53 63 46 61 61 63 52 46 63 61 
53 63 68 61 61 63 52 46 63 68 
53 65 68 61 61 63 65 46 63 68 
53 76 68 61 61 63 65 46 76 68 
53 76 76 61 61 63 65 46 76 68 
53 76 76 61 61 63 76 46 76 68 
79 76 76 79 61 63 76 46 76 68 
79 76 79 79 61 63 76 46 76 68 
79 76 79 79 79 63 76 46 76 68 
79 76 81 79 79 63 76 46 76 81 
79 76 81 81 79 63 76 46 76 81 
79 76 81 81 81 63 76 46 76 81 
79 76 81 81 81 63 76 46 81 81 
79 76 81 81 81 63 85 85 81 81 
79 85 81 81 81 63 85 85 81 81 
79 85 85 81 81 63 85 85 81 81 
79 85 85 81 81 85 85 85 81 81 
79 85 85 81 81 85 85 85 85 81 
79 85 85 81 81 85 85 85 85 85 
93 85 85 93 81 85 85 85 85 85 
93 85 96 93 81 85 85 85 85 96 
93 85 96 93 81 85 85 96 85 96 
93 85 96 93 81 85 85 96 96 96 
93 85 96 93 81 85 97 97 96 96 
93 85 96 93 81 85 97 97 97 96 
93 85 96 93 81 85 97 97 97 97 
105 85 96 105 81 85 97 97 97 97 
105 85 96 105 107 85 97 107 97 97 
105 85 96 105 107 85 97 107 97 107 
105 85 110 105 110 85 97 107 97 107 
105 85 110 105 110 85 97 107 97 110 
105 117 110 105 110 85 97 107 117 110 
105 117 117 105 110 85 97 107 117 110 
105 117 117 117 117 85 97 107 117 110 
105 117 117 117 117 85 117 107 117 110 
105 117 117 117 117 85 117 107 117 117 
123 117 117 123 117 85 117 107 117 117 
123 117 117 123 123 85 117 107 117 117 
123 130 117 123 123 85 117 107 130 117 
134 130 117 123 123 134 117 107 130 117 
134 134 117 123 123 134 117 107 130 117 
134 134 134 123 123 134 117 107 130 117 
134 134 134 134 123 134 117 107 130 117 
134 134 134 134 134 134 117 107 130 117 
134 134 134 134 134 134 117 107 134 117 
134 134 134 134 134 134 137 107 137 117 
146 134 134 146 134 134 137 107 137 117 
146 134 134 147 147 134 137 107 137 117 
146 134 134 147 147 134 137 107 148 148 
158 134 158 147 147 134 137 107 148 148 
158 134 158 158 147 134 137 107 148 148 
158 134 158 158 158 134 137 107 148 148 
158 134 158 158 158 159 137 159 148 148 
159 134 158 158 158 159 137 159 148 148 
159 134 158 158 158 159 137 159 159 148 
159 134 158 158 158 159 137 159 159 148 
159 134 159 158 158 159 137 159 159 148 
159 134 159 158 158 159 137 159 159 148 
159 134 159 158 158 159 159 159 159 148 
159 134 159 158 158 159 159 159 159 159 
159 134 159 158 158 159 159 159 159 159 
233.0 201.0 230.0 216.0 212.0 221.0 255.0 251.0 260.0 265.0 
;
EXECUTION TIME HBSS: 1038.10336995 seconds 

-------------------------------------------------------------------
