DATFILE : bwopen0_2r_250.dat
ENVIRONMENT : bwopen
ALGORITHM : HBSS - TAU 2
RANGE : 250
STARTING_POS : 0
N_ROBOTS : 2
GREEDY SOLUTION : [ 1710.]
COMPUTATIONS D :
2540
2296
2438
2216
2238
2444
2448
2524
2228
2180
2316
2182
2368
2592
2148
2392
2376
2132
2328
2370
2274
2216
2244
2556
2138
2410
2470
2720
2526
2448
2336
2546
2242
2170
2210
2298
2420
2272
2358
2454
2262
2262
2236
2488
2220
2492
2624
2460
2434
2330
2580
2576
2256
2734
2458
2132
2654
2202
2214
2086
2460
2254
2224
2208
2544
1998
2298
2154
2418
2414
2210
2418
2140
2612
2526
2612
2266
2280
3128
2022
2488
2452
2254
2446
2590
2692
2366
2314
2370
2120
3026
2378
2112
2194
2186
2318
2406
2330
2370
2458
2318
1964
2428
2440
2366
2244
2374
2438
2658
2574
2394
2568
2360
2272
2154
2462
2098
2598
2364
2248
2502
2524
2380
2232
2476
2292
2606
2414
2102
2280
2410
2366
2332
2010
2560
2064
2388
2366
2658
2480
2078
2216
2506
2360
2126
2564
2590
2822
2162
2490
2256
2808
2650
2636
2338
2256
2174
2408
2146
2274
2216
2232
2396
2244
2284
2510
2274
2590
2356
2498
2558
2136
2252
2314
2538
2460
2188
2258
2168
2542
2712
2652
2492
2682
2544
2284
2052
2486
2274
2368
2130
2478
2490
2492
2316
2356
2422
2358
2202
2198
;
HBBS sumD : 1964
BEST_CONFIGURATIONS : 
0 0 
0 4 
0 26 
0 22 
0 5 
4 5 
4 26 
4 22 
26 22 
5 22 
5 26 
1 26 
1 5 
1 4 
1 22 
1 9 
1 27 
5 27 
5 9 
26 9 
22 9 
22 14 
13 14 
13 18 
13 25 
17 25 
17 14 
25 14 
25 18 
14 18 
9 18 
9 14 
9 15 
24 10 
6 10 
6 24 
21 24 
21 11 
6 11 
24 11 
15 11 
10 11 
10 15 
24 15 
24 14 
10 14 
10 18 
10 19 
15 19 
20 19 
20 23 
16 23 
16 20 
12 23 
12 16 
12 7 
6 21 
7 21 
7 3 
21 3 
6 3 
6 2 
6 27 
24 9 
10 9 
10 27 
9 27 
24 27 
24 2 
21 2 
27 2 
1 2 
26 27 
0 1 
8 5 
8 22 
8 26 
8 4 
13 22 
17 8 
13 8 
25 8 
17 13 
17 18 
19 14 
19 18 
15 18 
15 25 
15 14 
15 20 
11 16 
11 20 
11 12 
11 7 
21 12 
6 7 
6 9 
3 2 
0 0 
;
ROBOT MOVING BEST:
0 0 
1 1 
1 1 
1 1 
1 1 
1 1 
1 1 
1 1 
1 1 
1 1 
1 1 
1 1 
1 1 
1 1 
1 1 
1 1 
1 1 
1 1 
1 1 
1 1 
1 1 
1 1 
1 1 
1 1 
1 1 
1 1 
1 1 
1 1 
1 1 
1 1 
1 1 
1 1 
1 1 
1 1 
1 1 
1 1 
1 1 
1 1 
1 1 
1 1 
1 1 
1 1 
1 1 
1 1 
1 1 
1 1 
1 1 
1 1 
1 1 
1 1 
1 1 
1 1 
1 1 
1 1 
1 1 
1 1 
1 1 
1 1 
1 1 
1 1 
1 1 
1 1 
1 1 
1 1 
1 1 
1 1 
1 1 
1 1 
1 1 
1 1 
1 1 
1 1 
1 1 
1 1 
1 1 
1 1 
1 1 
1 1 
1 1 
1 1 
1 1 
1 1 
1 1 
1 1 
1 1 
1 1 
1 1 
1 1 
1 1 
1 1 
1 1 
1 1 
1 1 
1 1 
1 1 
1 1 
1 1 
1 1 
1 1 
;
TIMETABLE BEST: 
0.0 0.0 
0 14 
0 25 
0 36 
0 48 
14 48 
14 57 
14 68 
25 68 
34 68 
34 79 
52 79 
52 88 
52 102 
52 114 
52 138 
52 153 
70 153 
70 168 
79 168 
90 168 
90 184 
109 184 
109 195 
109 208 
120 208 
120 224 
132 224 
132 235 
148 235 
164 235 
164 246 
164 259 
179 270 
192 270 
192 283 
204 283 
204 301 
216 301 
229 301 
253 301 
264 301 
264 331 
277 331 
277 344 
290 344 
290 355 
290 375 
301 375 
332 375 
332 398 
353 398 
353 408 
364 418 
364 429 
364 456 
402 468 
422 468 
422 480 
434 480 
446 480 
446 502 
446 521 
459 536 
472 536 
472 551 
486 551 
501 551 
501 570 
526 570 
569 570 
584 570 
603 589 
620 604 
646 622 
646 634 
646 645 
646 656 
659 668 
670 680 
681 680 
694 680 
706 693 
706 719 
741 730 
741 741 
765 741 
765 754 
765 770 
765 812 
795 833 
795 854 
795 886 
795 904 
814 922 
826 940 
826 986 
850 1020 
908.0 1056.0 
;
EXECUTION TIME HBSS: 21.1212818623 seconds 

-------------------------------------------------------------------
