DATFILE : bwopen0_5r_250.dat
ENVIRONMENT : bwopen
ALGORITHM : HBSS - TAU 4
RANGE : 250
STARTING_POS : 0
N_ROBOTS : 5
GREEDY SOLUTION : [ 1488.]
COMPUTATIONS D :
1404
1488
1476
1476
1556
1508
1452
1582
1358
1354
1452
1538
1352
1308
1386
1390
1410
1460
1516
1328
1552
1536
1416
1488
1448
1560
1432
1432
1442
1348
1416
1328
1536
1494
1508
1508
1414
1510
1432
1356
1498
1654
1336
1428
1406
1550
1486
1792
1420
1438
1636
1486
1458
1444
1506
1594
1308
1432
1522
1536
1704
1486
1476
1724
1422
1404
1582
1440
1362
1494
1412
1426
1496
1414
1578
1416
1578
1532
1734
1566
1358
1632
1494
1484
1436
1394
1310
1514
1502
1602
1302
1442
1510
1400
1354
1318
1526
1582
1428
1406
1564
1364
1566
1458
1528
1258
1532
1524
1590
1508
1624
1286
1380
1700
1656
1378
1356
1328
1402
1678
1402
1580
1486
1394
1510
1498
1412
1470
1350
1530
1336
1416
1328
1486
1334
1320
1420
1384
1328
1522
1406
1508
1356
1614
1538
1516
1402
1346
1388
1578
1346
1502
1246
1582
1666
1376
1632
1448
1460
1666
1508
1426
1412
1444
1554
1420
1530
1514
1578
1384
1614
1504
1584
1592
1660
1340
1398
1550
1586
1696
1760
1402
1624
1404
1498
1358
1516
1526
1400
1302
1350
1302
1440
1488
1400
1466
1664
1480
1370
1720
;
HBBS sumD : 1246
BEST_CONFIGURATIONS : 
0 0 0 0 0 
0 4 0 0 0 
0 4 26 0 0 
0 4 26 1 0 
0 4 26 1 5 
0 22 26 1 5 
4 22 26 1 5 
4 22 26 1 5 
4 22 26 1 5 
4 22 26 1 5 
4 22 26 1 5 
4 22 26 1 5 
4 22 26 1 5 
22 22 26 1 5 
22 22 26 1 5 
22 22 26 1 5 
22 22 26 27 5 
8 22 26 27 5 
8 22 26 27 5 
8 22 26 27 5 
8 22 26 27 5 
8 22 26 27 9 
8 22 4 27 9 
8 22 4 27 9 
13 22 4 27 9 
13 22 4 27 9 
13 5 4 27 9 
13 1 4 27 9 
13 1 8 27 9 
13 1 8 27 10 
17 1 8 27 10 
17 1 8 9 10 
17 1 8 9 10 
25 1 8 9 10 
25 1 22 14 10 
25 1 22 18 10 
25 27 22 18 24 
25 27 13 18 24 
25 27 13 18 24 
25 27 13 18 24 
25 27 13 18 6 
25 27 17 18 6 
25 27 17 18 6 
25 27 17 14 6 
25 27 17 14 6 
13 27 17 14 6 
13 9 17 14 6 
13 9 17 14 6 
13 9 17 14 6 
13 9 18 14 6 
13 9 18 14 24 
13 9 18 15 24 
13 9 18 15 24 
25 9 18 15 24 
25 10 18 15 24 
25 10 18 15 24 
25 10 18 15 24 
25 10 14 15 24 
25 10 14 15 24 
25 10 14 15 24 
25 10 14 15 11 
25 10 14 15 11 
25 10 14 19 11 
18 10 14 19 11 
18 24 14 19 11 
18 24 14 19 11 
18 24 14 19 11 
18 6 14 19 11 
18 6 15 19 11 
18 6 15 20 11 
18 21 15 20 11 
18 21 15 20 11 
18 7 15 20 11 
19 7 15 20 11 
19 7 10 20 6 
19 7 24 20 6 
19 7 24 20 6 
20 7 24 23 6 
20 7 24 23 21 
20 7 24 23 21 
20 7 24 16 21 
20 7 24 16 3 
23 7 24 16 3 
23 7 24 12 3 
23 21 24 12 3 
23 21 6 12 3 
23 21 6 12 3 
23 21 6 12 3 
23 21 6 12 3 
16 21 6 12 3 
16 21 2 12 3 
16 21 2 12 3 
16 11 2 12 3 
16 11 2 12 3 
16 11 2 12 6 
16 11 2 12 24 
16 27 2 12 24 
16 27 2 12 1 
0 0 0 0 0 
;
ROBOT MOVING BEST:
0 0 0 0 0 
1 1 0 0 0 
1 0 1 0 0 
1 0 0 1 0 
1 0 0 0 1 
1 1 0 0 0 
1 0 1 0 0 
0 0 1 1 0 
1 0 0 1 0 
1 0 0 0 1 
1 1 0 0 0 
0 0 1 0 1 
0 0 0 1 1 
1 0 1 0 0 
1 0 0 1 0 
1 0 0 0 1 
0 0 1 1 0 
1 0 1 0 0 
0 0 0 1 1 
1 0 0 0 1 
1 1 0 0 0 
0 0 1 0 1 
1 0 1 0 0 
0 1 0 0 1 
1 1 0 0 0 
0 0 0 1 1 
0 1 0 0 1 
0 1 0 1 0 
1 0 1 0 0 
0 0 0 1 1 
1 0 1 0 0 
0 1 0 1 0 
0 0 0 1 1 
1 0 1 0 0 
0 0 1 1 0 
0 0 0 1 1 
0 1 0 0 1 
1 0 1 0 0 
0 0 1 1 0 
1 0 0 1 0 
0 1 0 0 1 
1 0 1 0 0 
0 0 1 1 0 
1 0 0 1 0 
0 0 1 1 0 
1 0 1 0 0 
0 1 0 1 0 
0 1 0 0 1 
1 0 0 1 0 
0 1 1 0 0 
0 1 0 0 1 
0 1 0 1 0 
0 0 0 1 1 
1 0 0 1 0 
0 1 0 1 0 
0 1 0 0 1 
0 0 1 1 0 
0 0 1 1 0 
0 0 1 0 1 
0 1 1 0 0 
0 0 0 1 1 
0 1 0 0 1 
0 1 0 1 0 
1 0 1 0 0 
0 1 0 0 1 
0 0 1 1 0 
1 0 0 1 0 
0 1 0 0 1 
0 0 1 1 0 
0 0 0 1 1 
0 1 0 0 1 
0 0 1 1 0 
0 1 0 0 1 
1 0 0 1 0 
0 0 1 0 1 
0 0 1 0 1 
0 1 0 0 1 
1 0 0 1 0 
0 0 1 0 1 
0 1 0 0 1 
1 0 0 1 0 
0 1 0 0 1 
1 0 0 1 0 
0 1 0 1 0 
0 1 0 0 1 
0 0 1 0 1 
1 0 0 1 0 
0 1 1 0 0 
0 1 0 1 0 
1 0 0 1 0 
0 0 1 0 1 
0 1 1 0 0 
1 1 0 0 0 
0 1 0 1 0 
0 0 1 0 1 
0 0 1 0 1 
0 1 1 0 0 
0 0 1 0 1 
1 1 1 1 1 
;
TIMETABLE BEST: 
0.0 0.0 0.0 0.0 0.0 
0 14 0 0 0 
0 14 17 0 0 
0 14 17 18 0 
0 14 17 18 24 
0 26 17 18 24 
14 26 17 18 24 
14 26 17 18 24 
14 26 17 18 24 
14 26 17 18 24 
14 26 17 18 24 
14 26 17 18 24 
14 26 17 18 24 
26 26 17 18 24 
26 26 17 18 24 
26 26 17 18 24 
26 26 17 33 24 
38 26 17 33 24 
38 26 17 33 24 
38 26 17 33 24 
38 26 17 33 24 
38 26 17 33 46 
38 26 28 33 46 
38 26 28 33 46 
51 26 28 33 46 
51 26 28 33 46 
51 38 28 33 46 
51 56 28 33 46 
51 56 42 33 46 
51 56 42 33 60 
62 56 42 33 60 
62 56 42 48 60 
62 56 42 48 60 
74 56 42 48 60 
74 56 54 64 60 
74 56 54 75 60 
74 71 54 75 73 
74 71 73 75 73 
74 71 73 75 73 
74 71 73 75 73 
74 71 73 75 86 
74 71 84 75 86 
74 71 84 75 86 
74 71 84 86 86 
74 71 84 86 86 
87 71 84 86 86 
87 86 84 86 86 
87 86 84 86 86 
87 86 84 86 86 
87 86 101 86 86 
87 86 101 86 99 
87 86 101 99 99 
87 86 101 99 99 
100 86 101 99 99 
100 100 101 99 99 
100 100 101 99 99 
100 100 101 99 99 
100 100 112 99 99 
100 100 112 99 99 
100 100 112 99 99 
100 100 112 99 117 
100 100 112 99 117 
100 100 112 123 117 
113 100 112 123 117 
113 113 112 123 117 
113 113 112 123 117 
113 113 112 123 117 
113 126 112 123 117 
113 126 125 123 117 
113 126 125 136 117 
113 138 125 136 117 
113 138 125 136 117 
113 150 125 136 117 
133 150 125 136 117 
133 150 136 136 134 
133 150 149 136 134 
133 150 149 136 134 
146 150 149 146 134 
146 150 149 146 146 
146 150 149 146 146 
146 150 149 157 146 
146 150 149 157 158 
156 150 149 157 158 
156 150 149 168 158 
156 162 149 168 158 
156 162 162 168 158 
156 162 162 168 158 
156 162 162 168 158 
156 162 162 168 158 
167 162 162 168 158 
167 162 180 168 158 
167 162 180 168 158 
167 181 180 168 158 
167 181 180 168 158 
167 181 180 168 182 
167 181 180 168 195 
167 219 180 168 195 
167 219 180 168 232 
268.0 252.0 216.0 260.0 250.0 
;
EXECUTION TIME HBSS: 203.524710894 seconds 

-------------------------------------------------------------------
