DATFILE : bwopen0_9r_250.dat
ENVIRONMENT : bwopen
ALGORITHM : HBSS - TAU 2
RANGE : 250
STARTING_POS : 0
N_ROBOTS : 9
GREEDY SOLUTION : [ 1600.]
COMPUTATIONS D :
1736
1882
1872
1896
1708
1760
1832
1788
1906
1954
1578
1814
1800
1888
1896
1740
1664
1962
1764
1922
1878
1788
1680
1882
1884
1710
1910
1784
1710
1924
1888
1842
1906
1732
1816
1838
1754
1830
1854
1838
1974
1902
1798
1922
1830
1716
1876
1828
1788
1826
1916
1884
1878
2014
1776
1730
1766
1936
1938
1974
1988
1830
1826
1680
2008
1962
1816
1704
1820
1812
1846
1804
1712
1796
1732
1990
1818
1736
1802
1880
1880
1832
1818
1810
1810
1766
1852
1740
1830
1804
1768
1882
1940
1672
1680
1906
1810
1904
1848
1936
1850
1880
1966
1768
1730
1692
1846
1746
1862
1724
1922
1838
1838
1882
1846
1824
1876
1852
1938
1744
1954
1762
1802
1850
1766
1910
1866
1940
1918
1910
2078
1882
1852
1860
1814
1950
1832
1876
1840
1922
1774
1910
1726
1858
1652
1844
1860
1938
1846
1854
1728
1786
1870
1772
2052
1822
1784
1938
1976
1868
1894
1800
1850
2028
1850
1844
1876
2024
1898
1958
1818
1774
1770
1726
1844
1746
1918
1912
1724
1902
1878
1786
1762
1892
1900
1778
1944
1730
1738
1802
1848
1766
1930
1828
1910
1932
1738
1904
1756
1934
;
HBBS sumD : 1578
BEST_CONFIGURATIONS : 
0 0 0 0 0 0 0 0 0 
0 4 0 0 0 0 0 0 0 
0 4 26 0 0 0 0 0 0 
0 4 26 1 0 0 0 0 0 
0 4 26 1 5 0 0 0 0 
0 4 26 1 5 22 0 0 0 
4 4 26 1 5 22 0 26 0 
4 4 26 1 5 22 0 26 0 
4 4 26 1 5 22 0 26 1 
4 4 26 1 5 22 0 26 1 
4 4 26 1 5 22 0 26 1 
4 4 26 1 5 22 0 26 1 
4 4 26 1 5 22 8 26 1 
4 4 26 1 5 22 8 26 1 
4 4 26 1 5 22 8 26 1 
4 4 26 1 5 22 8 26 1 
4 4 26 1 5 22 8 5 1 
22 4 26 1 5 22 8 5 1 
22 4 26 1 5 22 8 5 1 
22 4 26 1 5 22 8 5 1 
22 26 26 1 5 22 8 5 27 
22 26 26 1 5 22 8 5 27 
22 26 5 1 5 22 8 5 27 
22 26 5 1 9 22 8 5 27 
22 26 5 9 9 22 8 5 27 
22 26 5 9 9 22 13 5 27 
22 26 5 9 9 22 13 5 27 
22 26 5 9 9 22 13 5 27 
8 26 5 9 9 13 13 5 27 
8 26 5 9 9 13 13 5 27 
8 22 5 9 9 13 13 14 27 
8 22 5 9 9 13 17 14 27 
8 22 5 10 9 13 17 14 27 
8 22 5 10 9 13 17 14 27 
8 22 5 10 9 25 17 14 27 
8 22 24 10 9 25 17 14 27 
8 22 24 10 9 25 17 14 24 
8 22 24 10 9 25 17 14 24 
8 22 24 10 9 25 17 14 24 
13 22 24 10 9 25 17 14 24 
13 22 24 10 9 25 17 14 24 
13 22 24 10 9 25 17 14 24 
13 22 24 10 9 25 17 14 24 
13 22 24 10 9 25 17 14 24 
13 22 24 10 9 25 18 14 24 
13 22 24 10 9 25 18 15 24 
13 22 24 10 10 18 18 15 24 
13 22 24 10 10 18 18 15 24 
13 22 24 10 10 18 18 15 24 
13 14 24 10 10 18 18 15 24 
13 14 24 10 10 18 18 15 24 
17 14 24 10 10 18 18 15 24 
17 14 24 10 10 18 18 15 24 
17 14 24 10 10 18 18 15 24 
17 14 6 10 10 18 18 15 24 
17 14 6 10 10 18 18 15 6 
17 14 6 10 10 18 18 15 6 
17 14 6 10 10 18 18 15 6 
17 14 6 10 10 18 18 15 6 
25 14 6 10 10 18 18 15 6 
25 14 6 10 10 18 18 15 6 
25 14 6 10 11 18 18 15 6 
25 14 6 9 11 18 18 15 6 
25 14 6 9 11 18 19 15 6 
25 14 6 9 11 18 19 15 6 
25 14 6 9 11 18 19 15 6 
25 14 6 9 11 18 19 15 6 
25 14 6 9 11 18 19 15 21 
25 14 6 9 11 18 19 15 21 
25 14 6 27 11 18 19 15 21 
25 14 6 27 11 18 19 15 21 
25 14 6 27 11 18 19 10 21 
25 14 24 27 11 18 19 10 21 
25 14 24 27 11 18 19 10 21 
25 14 24 27 11 18 19 10 7 
25 15 24 27 11 20 19 10 7 
25 15 24 27 11 20 19 10 7 
25 15 24 27 21 20 19 10 7 
25 15 24 27 3 20 19 10 7 
25 15 24 27 3 20 19 10 7 
25 15 24 2 3 20 19 10 7 
25 15 6 2 3 20 19 10 7 
25 15 6 2 3 20 19 10 7 
25 15 6 2 3 20 19 10 3 
25 15 6 2 3 20 23 10 3 
25 15 6 2 3 20 23 27 3 
25 15 21 2 3 20 23 27 3 
25 15 21 2 3 20 23 27 3 
25 15 21 2 3 20 16 27 3 
25 15 21 2 3 20 16 27 3 
25 11 21 2 3 20 16 27 3 
25 11 21 2 3 20 16 1 3 
25 11 21 2 3 23 16 1 3 
25 11 21 2 3 23 12 1 3 
25 11 21 2 3 23 12 1 3 
25 11 21 2 3 23 12 1 3 
25 11 21 2 3 16 12 1 3 
25 11 7 2 3 16 12 1 3 
0 0 0 0 0 0 0 0 0 
;
ROBOT MOVING BEST:
0 0 0 0 0 0 0 0 0 
1 1 0 0 0 0 0 0 0 
1 0 1 0 0 0 0 0 0 
1 0 0 1 0 0 0 0 0 
1 0 0 0 1 0 0 0 0 
1 0 0 0 0 1 0 0 0 
1 0 0 0 0 0 0 1 0 
1 0 0 1 0 0 0 0 0 
0 0 1 0 0 0 0 0 1 
1 0 0 0 1 0 0 0 0 
1 0 0 0 0 1 0 0 0 
0 0 0 0 1 0 0 1 0 
1 0 0 0 0 0 1 0 0 
0 0 0 1 0 1 0 0 0 
0 0 1 0 0 1 0 0 0 
0 0 1 0 0 0 1 0 0 
0 0 0 1 0 0 0 1 0 
1 0 0 0 0 0 1 0 0 
1 0 0 0 1 0 0 0 0 
0 0 0 0 1 0 1 0 0 
0 1 0 0 0 0 0 0 1 
0 0 0 1 0 0 0 0 1 
0 0 1 0 0 0 0 0 1 
0 0 0 1 1 0 0 0 0 
0 0 0 1 0 1 0 0 0 
0 0 0 0 0 1 1 0 0 
0 1 0 1 0 0 0 0 0 
0 0 1 1 0 0 0 0 0 
1 0 0 0 0 1 0 0 0 
0 0 0 0 1 0 0 0 1 
0 1 0 0 0 0 0 1 0 
1 0 0 0 0 0 1 0 0 
0 0 0 1 0 0 0 0 1 
0 0 0 0 0 1 1 0 0 
1 0 0 0 0 1 0 0 0 
0 0 1 0 0 0 0 0 1 
0 0 0 0 1 0 0 0 1 
0 0 0 0 1 0 0 1 0 
0 0 0 1 1 0 0 0 0 
1 0 0 0 0 1 0 0 0 
0 0 0 0 0 1 1 0 0 
0 0 0 0 0 1 0 1 0 
0 0 0 0 0 0 1 1 0 
1 0 0 0 0 0 0 1 0 
0 0 0 0 1 0 1 0 0 
0 0 0 0 1 0 0 1 0 
0 0 0 0 1 1 0 0 0 
1 0 0 0 0 0 1 0 0 
0 0 1 0 1 0 0 0 0 
0 1 0 0 0 0 0 0 1 
0 1 0 1 0 0 0 0 0 
1 0 0 0 0 0 1 0 0 
0 0 0 0 0 0 0 1 1 
0 0 0 1 0 0 0 1 0 
0 0 1 0 0 0 0 0 1 
0 0 0 0 1 0 0 0 1 
0 1 0 0 0 0 1 0 0 
0 1 0 0 0 0 0 1 0 
0 0 0 0 0 0 1 1 0 
1 0 0 0 0 0 1 0 0 
1 0 0 0 0 0 0 1 0 
0 0 0 1 1 0 0 0 0 
0 0 0 1 0 0 0 0 1 
0 0 0 0 0 0 1 1 0 
0 0 1 0 1 0 0 0 0 
0 0 0 0 1 0 0 1 0 
0 1 0 0 0 0 1 0 0 
0 0 1 0 0 0 0 0 1 
0 0 0 0 0 1 1 0 0 
0 0 1 1 0 0 0 0 0 
0 0 0 0 1 0 0 0 1 
0 0 0 0 0 0 1 1 0 
0 0 1 0 1 0 0 0 0 
0 0 1 0 0 0 0 0 1 
0 0 0 0 1 0 0 0 1 
0 1 0 0 0 1 0 0 0 
0 0 0 0 1 1 0 0 0 
0 0 0 0 1 0 0 0 1 
0 0 0 0 1 0 0 0 1 
0 0 0 0 0 1 1 0 0 
0 0 1 1 0 0 0 0 0 
0 0 1 1 0 0 0 0 0 
0 0 1 0 0 0 0 0 1 
0 0 1 0 0 0 0 0 1 
0 0 0 0 0 1 1 0 0 
0 0 0 1 0 0 0 1 0 
0 0 1 1 0 0 0 0 0 
0 0 0 1 1 0 0 0 0 
0 0 0 0 0 1 1 0 0 
0 0 1 0 1 0 0 0 0 
0 1 0 0 0 0 1 0 0 
0 0 0 1 0 0 0 1 0 
0 0 0 0 0 1 1 0 0 
0 1 0 0 0 0 1 0 0 
0 0 1 0 0 0 1 0 0 
0 0 0 0 0 1 1 0 0 
0 0 0 0 0 1 1 0 0 
0 0 1 0 0 0 1 0 0 
1 1 1 1 1 1 1 1 1 
;
TIMETABLE BEST: 
0.0 0.0 0.0 0.0 0.0 0.0 0.0 0.0 0.0 
0 14 0 0 0 0 0 0 0 
0 14 17 0 0 0 0 0 0 
0 14 17 18 0 0 0 0 0 
0 14 17 18 24 0 0 0 0 
0 14 17 18 24 24 0 0 0 
14 14 17 18 24 24 0 17 0 
14 14 17 18 24 24 0 17 0 
14 14 17 18 24 24 0 17 18 
14 14 17 18 24 24 0 17 18 
14 14 17 18 24 24 0 17 18 
14 14 17 18 24 24 0 17 18 
14 14 17 18 24 24 26 17 18 
14 14 17 18 24 24 26 17 18 
14 14 17 18 24 24 26 17 18 
14 14 17 18 24 24 26 17 18 
14 14 17 18 24 24 26 26 18 
26 14 17 18 24 24 26 26 18 
26 14 17 18 24 24 26 26 18 
26 14 17 18 24 24 26 26 18 
26 25 17 18 24 24 26 26 33 
26 25 17 18 24 24 26 26 33 
26 25 26 18 24 24 26 26 33 
26 25 26 18 46 24 26 26 33 
26 25 26 46 46 24 26 26 33 
26 25 26 46 46 24 39 26 33 
26 25 26 46 46 24 39 26 33 
26 25 26 46 46 24 39 26 33 
38 25 26 46 46 43 39 26 33 
38 25 26 46 46 43 39 26 33 
38 36 26 46 46 43 39 56 33 
38 36 26 46 46 43 50 56 33 
38 36 26 60 46 43 50 56 33 
38 36 26 60 46 43 50 56 33 
38 36 26 60 46 56 50 56 33 
38 36 61 60 46 56 50 56 33 
38 36 61 60 46 56 50 56 59 
38 36 61 60 46 56 50 56 59 
38 36 61 60 46 56 50 56 59 
51 36 61 60 46 56 50 56 59 
51 36 61 60 46 56 50 56 59 
51 36 61 60 46 56 50 56 59 
51 36 61 60 46 56 50 56 59 
51 36 61 60 46 56 50 56 59 
51 36 61 60 46 56 67 56 59 
51 36 61 60 46 56 67 69 59 
51 36 61 60 60 69 67 69 59 
51 36 61 60 60 69 67 69 59 
51 36 61 60 60 69 67 69 59 
51 68 61 60 60 69 67 69 59 
51 68 61 60 60 69 67 69 59 
62 68 61 60 60 69 67 69 59 
62 68 61 60 60 69 67 69 59 
62 68 61 60 60 69 67 69 59 
62 68 74 60 60 69 67 69 59 
62 68 74 60 60 69 67 69 72 
62 68 74 60 60 69 67 69 72 
62 68 74 60 60 69 67 69 72 
62 68 74 60 60 69 67 69 72 
74 68 74 60 60 69 67 69 72 
74 68 74 60 60 69 67 69 72 
74 68 74 60 81 69 67 69 72 
74 68 74 74 81 69 67 69 72 
74 68 74 74 81 69 87 69 72 
74 68 74 74 81 69 87 69 72 
74 68 74 74 81 69 87 69 72 
74 68 74 74 81 69 87 69 72 
74 68 74 74 81 69 87 69 84 
74 68 74 74 81 69 87 69 84 
74 68 74 89 81 69 87 69 84 
74 68 74 89 81 69 87 69 84 
74 68 74 89 81 69 87 80 84 
74 68 87 89 81 69 87 80 84 
74 68 87 89 81 69 87 80 84 
74 68 87 89 81 69 87 80 96 
74 81 87 89 81 102 87 80 96 
74 81 87 89 81 102 87 80 96 
74 81 87 89 100 102 87 80 96 
74 81 87 89 112 102 87 80 96 
74 81 87 89 112 102 87 80 96 
74 81 87 108 112 102 87 80 96 
74 81 100 108 112 102 87 80 96 
74 81 100 108 112 102 87 80 96 
74 81 100 108 112 102 87 80 112 
74 81 100 108 112 102 110 80 112 
74 81 100 108 112 102 110 107 112 
74 81 112 108 112 102 110 107 112 
74 81 112 108 112 102 110 107 112 
74 81 112 108 112 102 121 107 112 
74 81 112 108 112 102 121 107 112 
74 111 112 108 112 102 121 107 112 
74 111 112 108 112 102 121 122 112 
74 111 112 108 112 112 121 122 112 
74 111 112 108 112 112 132 122 112 
74 111 112 108 112 112 132 122 112 
74 111 112 108 112 112 132 122 112 
74 111 112 108 112 123 132 122 112 
74 111 124 108 112 123 132 122 112 
126.0 182.0 198.0 144.0 170.0 224.0 224.0 140.0 170.0 
;
EXECUTION TIME HBSS: 897.046632051 seconds 

-------------------------------------------------------------------
