DATFILE : bwopen0_8r_250.dat
ENVIRONMENT : bwopen
ALGORITHM : HBSS - TAU 7
RANGE : 250
STARTING_POS : 0
N_ROBOTS : 8
GREEDY SOLUTION : [ 1666.]
COMPUTATIONS D :
1666
1666
1494
1666
1666
1666
1492
1666
1624
1666
1666
1702
1666
1666
1666
1554
1666
1666
1666
1582
1666
1614
1666
1584
1666
1638
1552
1666
1666
1638
1634
1502
1666
1666
1666
1606
1542
1666
1606
1666
1560
1666
1666
1666
1666
1576
1666
1576
1666
1666
1666
1666
1662
1666
1666
1666
1628
1666
1666
1482
1666
1666
1666
1494
1666
1666
1666
1666
1666
1666
1666
1666
1702
1640
1672
1666
1614
1666
1628
1666
1666
1666
1666
1666
1666
1666
1516
1666
1666
1494
1552
1666
1666
1638
1666
1666
1652
1666
1666
1720
1516
1666
1666
1666
1666
1666
1606
1666
1662
1666
1666
1616
1666
1666
1666
1666
1560
1666
1666
1666
1628
1666
1666
1666
1666
1666
1662
1652
1666
1666
1640
1666
1666
1666
1666
1654
1614
1666
1666
1666
1666
1666
1478
1666
1580
1666
1614
1666
1666
1666
1666
1666
1666
1554
1666
1702
1614
1666
1666
1624
1666
1638
1666
1666
1606
1666
1666
1666
1624
1628
1666
1666
1666
1666
1576
1666
1652
1666
1666
1666
1666
1666
1666
1666
1672
1666
1666
1596
1514
1666
1666
1666
1666
1666
1652
1652
1666
1666
1666
1666
;
HBBS sumD : 1478
BEST_CONFIGURATIONS : 
0 0 0 0 0 0 0 0 
0 4 0 0 0 0 0 0 
0 4 26 0 0 0 0 0 
0 4 26 1 0 0 0 0 
0 4 26 1 5 0 0 0 
0 4 26 1 5 22 0 0 
26 4 26 1 5 22 0 0 
26 4 26 1 5 22 0 0 
26 4 26 1 5 22 0 0 
26 4 26 1 5 22 0 0 
26 4 26 1 5 22 0 0 
26 4 26 1 5 22 8 0 
26 4 26 1 5 22 8 0 
26 4 26 1 5 22 8 0 
26 4 26 1 5 22 8 0 
26 4 26 1 5 22 8 22 
26 4 26 1 5 22 8 22 
26 4 26 1 5 22 8 22 
26 4 26 27 5 22 8 22 
26 4 26 27 5 22 8 22 
26 4 26 27 5 22 8 22 
26 4 26 27 5 22 8 22 
26 4 26 27 9 22 8 22 
26 4 26 27 9 22 13 22 
26 8 26 27 9 22 13 22 
1 8 26 27 9 22 13 22 
1 8 26 27 9 22 13 22 
1 8 5 27 9 22 13 22 
1 8 5 27 9 22 17 22 
1 8 5 27 9 22 17 22 
1 8 14 27 9 22 17 22 
1 8 14 27 9 22 17 22 
1 8 14 27 9 25 17 22 
1 8 14 2 9 25 17 22 
1 13 14 2 9 25 17 22 
1 13 14 2 9 25 17 22 
1 13 14 2 9 25 17 22 
1 13 14 2 9 25 17 22 
27 13 14 2 9 25 17 22 
27 25 14 2 9 25 17 22 
27 25 14 2 9 25 17 22 
27 25 14 2 9 25 17 24 
27 25 14 2 9 25 17 24 
27 25 14 2 10 25 17 24 
27 25 14 2 10 25 17 24 
27 25 14 2 10 25 17 24 
27 25 14 2 10 25 17 24 
27 18 14 2 10 25 17 24 
27 18 14 2 10 25 17 24 
27 18 14 6 10 25 17 24 
27 18 14 6 10 25 17 24 
27 18 14 6 10 25 17 24 
27 18 14 6 10 25 17 24 
27 18 15 6 10 25 17 24 
9 18 15 6 10 25 17 24 
9 18 15 6 10 25 17 24 
9 18 15 6 10 25 13 24 
9 18 15 6 10 25 13 24 
9 18 15 6 10 25 13 24 
9 18 15 6 10 25 13 24 
9 18 15 6 10 25 13 24 
9 18 15 6 10 25 13 24 
9 18 15 6 10 25 13 24 
9 18 15 6 10 25 13 24 
9 18 15 6 10 25 13 24 
9 18 15 6 10 25 13 11 
9 18 15 6 10 14 13 11 
9 19 15 6 10 14 13 11 
9 19 15 6 10 14 13 11 
9 19 15 6 10 14 13 11 
9 19 15 6 24 14 13 11 
9 19 15 21 24 14 13 11 
9 19 15 21 24 14 13 11 
9 19 15 21 24 14 13 11 
9 19 15 21 24 14 13 11 
9 19 15 21 6 14 13 11 
9 20 15 21 6 14 13 11 
9 20 15 7 6 14 13 11 
9 20 19 7 6 18 13 11 
9 20 19 7 6 18 13 11 
9 20 19 7 6 18 13 11 
2 20 19 7 6 18 13 11 
2 20 19 12 6 18 13 11 
2 20 19 12 6 18 13 11 
2 20 19 12 21 18 13 11 
2 16 19 12 21 18 13 11 
2 16 19 12 21 18 13 7 
2 16 19 12 3 18 13 7 
2 16 19 12 3 18 13 7 
2 16 19 12 3 18 13 7 
2 16 19 12 3 18 13 21 
2 16 20 12 3 18 13 21 
6 16 20 12 3 18 13 21 
6 16 23 12 3 18 13 21 
6 16 23 12 3 18 13 21 
6 16 23 12 3 20 13 21 
6 16 23 12 3 20 13 21 
6 16 23 12 3 20 13 21 
0 0 0 0 0 0 0 0 
;
ROBOT MOVING BEST:
0 0 0 0 0 0 0 0 
1 1 0 0 0 0 0 0 
1 0 1 0 0 0 0 0 
1 0 0 1 0 0 0 0 
1 0 0 0 1 0 0 0 
1 0 0 0 0 1 0 0 
1 1 0 0 0 0 0 0 
0 1 0 1 0 0 0 0 
1 0 0 1 0 0 0 0 
0 1 0 0 1 0 0 0 
0 1 0 0 0 1 0 0 
0 1 0 0 0 0 1 0 
1 0 0 0 1 0 0 0 
1 0 0 0 0 1 0 0 
0 0 0 1 1 0 0 0 
0 0 0 1 0 0 0 1 
1 0 0 0 0 0 1 0 
0 0 0 0 1 1 0 0 
1 0 0 1 0 0 0 0 
0 0 0 0 1 0 1 0 
0 0 0 0 0 1 1 0 
0 0 0 1 1 0 0 0 
1 0 0 0 1 0 0 0 
0 0 0 0 0 1 1 0 
0 1 0 0 0 0 1 0 
1 0 0 1 0 0 0 0 
0 0 0 0 1 1 0 0 
0 0 1 0 1 0 0 0 
0 1 0 0 0 0 1 0 
0 0 0 1 1 0 0 0 
0 0 1 0 0 1 0 0 
1 0 0 0 1 0 0 0 
0 1 0 0 0 1 0 0 
1 0 0 1 0 0 0 0 
0 1 0 0 0 0 1 0 
0 1 1 0 0 0 0 0 
0 1 0 0 0 1 0 0 
0 0 1 0 1 0 0 0 
1 0 0 1 0 0 0 0 
0 1 0 0 0 0 1 0 
0 0 1 0 0 0 1 0 
0 0 0 0 1 0 0 1 
0 1 1 0 0 0 0 0 
1 0 0 0 1 0 0 0 
1 0 0 0 0 0 0 1 
0 0 0 1 0 0 0 1 
0 0 1 0 1 0 0 0 
0 1 0 0 0 0 1 0 
0 0 1 0 0 0 0 1 
1 0 0 1 0 0 0 0 
0 0 0 0 1 0 0 1 
0 1 1 0 0 0 0 0 
0 1 0 0 0 1 0 0 
0 0 1 0 0 1 0 0 
1 0 0 0 1 0 0 0 
0 1 0 0 1 0 0 0 
0 1 0 0 0 0 1 0 
0 0 1 0 1 0 0 0 
0 0 1 0 0 0 0 1 
0 0 0 1 1 0 0 0 
0 0 0 1 0 0 0 1 
1 0 1 0 0 0 0 0 
1 1 0 0 0 0 0 0 
1 0 0 1 0 0 0 0 
0 1 1 0 0 0 0 0 
0 0 0 0 1 0 0 1 
0 0 1 0 0 1 0 0 
0 1 0 0 1 0 0 0 
0 0 1 0 0 0 0 1 
0 0 0 1 0 0 0 1 
0 0 0 0 1 0 0 1 
0 0 0 1 1 0 0 0 
0 1 1 0 0 0 0 0 
0 1 0 0 0 1 0 0 
0 0 0 1 0 0 0 1 
0 0 0 1 1 0 0 0 
0 1 1 0 0 0 0 0 
0 0 0 1 0 0 0 1 
0 0 1 0 0 1 0 0 
0 1 0 0 0 0 0 1 
0 0 0 1 1 0 0 0 
1 0 0 0 1 0 0 0 
0 0 0 1 0 0 0 1 
0 1 1 0 0 0 0 0 
1 0 0 0 1 0 0 0 
0 1 0 0 0 0 0 1 
0 0 0 0 1 0 0 1 
1 0 0 0 1 0 0 0 
0 0 0 0 1 0 0 1 
0 0 0 1 0 0 0 1 
0 0 0 0 1 0 0 1 
0 1 1 0 0 0 0 0 
1 0 0 0 1 0 0 0 
0 0 1 1 0 0 0 0 
0 0 0 1 0 0 0 1 
0 0 1 0 0 1 0 0 
0 1 0 1 0 0 0 0 
0 1 1 0 0 0 0 0 
1 1 1 1 1 1 1 1 
;
TIMETABLE BEST: 
0.0 0.0 0.0 0.0 0.0 0.0 0.0 0.0 
0 14 0 0 0 0 0 0 
0 14 17 0 0 0 0 0 
0 14 17 18 0 0 0 0 
0 14 17 18 24 0 0 0 
0 14 17 18 24 24 0 0 
17 14 17 18 24 24 0 0 
17 14 17 18 24 24 0 0 
17 14 17 18 24 24 0 0 
17 14 17 18 24 24 0 0 
17 14 17 18 24 24 0 0 
17 14 17 18 24 24 26 0 
17 14 17 18 24 24 26 0 
17 14 17 18 24 24 26 0 
17 14 17 18 24 24 26 0 
17 14 17 18 24 24 26 24 
17 14 17 18 24 24 26 24 
17 14 17 18 24 24 26 24 
17 14 17 33 24 24 26 24 
17 14 17 33 24 24 26 24 
17 14 17 33 24 24 26 24 
17 14 17 33 24 24 26 24 
17 14 17 33 46 24 26 24 
17 14 17 33 46 24 39 24 
17 28 17 33 46 24 39 24 
36 28 17 33 46 24 39 24 
36 28 17 33 46 24 39 24 
36 28 26 33 46 24 39 24 
36 28 26 33 46 24 50 24 
36 28 26 33 46 24 50 24 
36 28 56 33 46 24 50 24 
36 28 56 33 46 24 50 24 
36 28 56 33 46 56 50 24 
36 28 56 52 46 56 50 24 
36 41 56 52 46 56 50 24 
36 41 56 52 46 56 50 24 
36 41 56 52 46 56 50 24 
36 41 56 52 46 56 50 24 
51 41 56 52 46 56 50 24 
51 54 56 52 46 56 50 24 
51 54 56 52 46 56 50 24 
51 54 56 52 46 56 50 61 
51 54 56 52 46 56 50 61 
51 54 56 52 60 56 50 61 
51 54 56 52 60 56 50 61 
51 54 56 52 60 56 50 61 
51 54 56 52 60 56 50 61 
51 67 56 52 60 56 50 61 
51 67 56 52 60 56 50 61 
51 67 56 70 60 56 50 61 
51 67 56 70 60 56 50 61 
51 67 56 70 60 56 50 61 
51 67 56 70 60 56 50 61 
51 67 69 70 60 56 50 61 
66 67 69 70 60 56 50 61 
66 67 69 70 60 56 50 61 
66 67 69 70 60 56 61 61 
66 67 69 70 60 56 61 61 
66 67 69 70 60 56 61 61 
66 67 69 70 60 56 61 61 
66 67 69 70 60 56 61 61 
66 67 69 70 60 56 61 61 
66 67 69 70 60 56 61 61 
66 67 69 70 60 56 61 61 
66 67 69 70 60 56 61 61 
66 67 69 70 60 56 61 79 
66 67 69 70 60 72 61 79 
66 87 69 70 60 72 61 79 
66 87 69 70 60 72 61 79 
66 87 69 70 60 72 61 79 
66 87 69 70 73 72 61 79 
66 87 69 82 73 72 61 79 
66 87 69 82 73 72 61 79 
66 87 69 82 73 72 61 79 
66 87 69 82 73 72 61 79 
66 87 69 82 86 72 61 79 
66 100 69 82 86 72 61 79 
66 100 69 94 86 72 61 79 
66 100 93 94 86 83 61 79 
66 100 93 94 86 83 61 79 
66 100 93 94 86 83 61 79 
100 100 93 94 86 83 61 79 
100 100 93 112 86 83 61 79 
100 100 93 112 86 83 61 79 
100 100 93 112 98 83 61 79 
100 121 93 112 98 83 61 79 
100 121 93 112 98 83 61 104 
100 121 93 112 110 83 61 104 
100 121 93 112 110 83 61 104 
100 121 93 112 110 83 61 104 
100 121 93 112 110 83 61 116 
100 121 106 112 110 83 61 116 
118 121 106 112 110 83 61 116 
118 121 116 112 110 83 61 116 
118 121 116 112 110 83 61 116 
118 121 116 112 110 116 61 116 
118 121 116 112 110 116 61 116 
118 121 116 112 110 116 61 116 
172.0 222.0 222.0 204.0 168.0 212.0 100.0 178.0 
;
EXECUTION TIME HBSS: 640.887648821 seconds 

-------------------------------------------------------------------
