DATFILE : bwopen0_9r_250.dat
ENVIRONMENT : bwopen
ALGORITHM : HBSS - TAU 7
RANGE : 250
STARTING_POS : 0
N_ROBOTS : 9
GREEDY SOLUTION : [ 1600.]
COMPUTATIONS D :
1600
1600
1600
1600
1600
1600
1742
1600
1600
1570
1616
1600
1600
1618
1698
1600
1602
1600
1600
1600
1600
1600
1618
1742
1638
1600
1600
1600
1600
1600
1600
1600
1600
1600
1600
1600
1600
1600
1600
1600
1600
1600
1698
1600
1600
1602
1600
1600
1600
1600
1600
1570
1636
1600
1600
1600
1600
1742
1570
1694
1600
1600
1600
1600
1674
1600
1600
1600
1600
1600
1600
1600
1600
1600
1600
1600
1600
1600
1600
1600
1742
1632
1600
1600
1632
1636
1600
1600
1600
1600
1600
1608
1600
1600
1600
1600
1600
1600
1632
1600
1600
1600
1602
1600
1600
1600
1600
1600
1600
1600
1600
1600
1600
1600
1608
1678
1636
1600
1600
1600
1600
1600
1600
1600
1570
1600
1600
1600
1600
1600
1600
1600
1600
1542
1600
1600
1600
1600
1600
1600
1632
1600
1600
1600
1600
1570
1600
1600
1546
1608
1600
1600
1600
1600
1694
1600
1600
1600
1708
1600
1600
1600
1600
1600
1604
1600
1600
1600
1600
1600
1684
1600
1600
1600
1600
1600
1600
1600
1600
1600
1600
1610
1600
1600
1600
1696
1600
1600
1600
1654
1600
1600
1600
1600
1636
1600
1600
1602
1600
1694
;
HBBS sumD : 1542
BEST_CONFIGURATIONS : 
0 0 0 0 0 0 0 0 0 
0 4 0 0 0 0 0 0 0 
0 4 26 0 0 0 0 0 0 
0 4 26 1 0 0 0 0 0 
0 4 26 1 5 0 0 0 0 
0 4 26 1 5 22 0 0 0 
26 4 26 1 5 22 0 0 0 
26 4 26 1 5 22 0 0 0 
26 4 26 1 5 22 0 0 0 
26 4 26 1 5 22 0 0 0 
26 4 26 1 5 22 0 0 0 
26 4 26 1 5 22 8 0 0 
26 4 26 1 5 22 8 0 0 
26 4 26 1 5 22 8 0 0 
26 4 26 1 5 22 8 0 0 
26 4 26 1 5 22 8 0 0 
26 4 26 1 5 22 8 0 0 
26 4 26 1 5 22 8 0 0 
26 4 26 27 5 22 8 0 0 
26 4 26 27 5 22 8 0 0 
26 4 26 27 5 22 8 0 0 
26 4 26 27 5 22 8 1 0 
26 4 26 27 5 22 8 1 2 
26 4 26 27 5 22 8 1 2 
26 4 26 27 9 22 8 1 2 
26 4 26 27 9 22 13 1 2 
26 4 26 27 9 22 13 1 2 
26 8 26 27 9 22 13 1 2 
26 8 26 27 9 22 13 1 2 
26 8 26 27 9 22 13 1 2 
5 8 26 27 9 22 13 1 2 
5 8 26 27 9 22 13 1 2 
5 8 26 27 9 22 17 1 2 
5 8 14 27 9 22 17 1 2 
5 8 14 27 9 25 17 1 2 
5 8 14 27 9 25 17 6 2 
5 8 14 27 9 25 17 6 24 
5 13 14 27 9 25 17 6 24 
5 13 14 27 10 25 17 6 24 
14 13 14 27 10 25 17 6 24 
14 13 14 27 10 25 17 6 24 
14 13 14 9 10 25 17 6 24 
14 13 14 9 10 25 17 6 24 
14 13 14 9 10 25 17 6 24 
14 25 14 9 10 25 17 6 24 
14 25 14 9 10 25 17 6 24 
14 25 14 9 10 25 17 6 24 
14 25 14 9 10 25 17 6 24 
14 25 14 9 10 25 17 6 24 
14 25 14 9 10 25 17 6 24 
14 25 14 9 10 25 17 6 24 
18 25 14 9 10 25 17 6 24 
18 25 14 9 10 25 17 6 24 
18 25 14 9 10 25 17 6 24 
18 25 14 9 10 25 17 6 24 
18 25 15 9 10 25 17 6 24 
18 25 15 9 10 25 17 6 24 
18 25 15 9 10 25 17 21 24 
18 25 15 9 10 25 17 21 24 
18 25 15 9 10 25 17 21 24 
18 25 15 9 10 25 17 21 24 
18 25 15 9 10 25 13 21 24 
18 25 15 11 10 25 13 21 24 
18 25 15 11 10 25 13 21 24 
18 25 15 11 10 25 13 21 24 
18 25 15 11 10 25 13 21 6 
18 25 15 11 10 25 13 21 6 
18 14 15 11 10 25 13 21 6 
18 14 15 11 10 25 13 21 6 
18 14 15 11 10 25 13 21 6 
18 14 15 11 10 25 13 21 6 
18 14 15 11 10 25 13 21 6 
18 14 15 11 10 25 13 3 6 
19 14 15 11 10 25 13 3 6 
19 14 15 11 10 25 13 3 6 
19 14 15 11 10 18 13 3 6 
19 14 15 11 10 18 13 3 6 
19 14 15 11 10 18 13 3 21 
19 14 15 11 20 18 13 3 21 
19 14 15 11 20 18 13 3 7 
19 14 15 11 20 18 13 3 7 
19 14 15 11 20 18 13 3 7 
19 14 15 6 20 18 13 3 7 
19 14 15 6 20 18 13 21 7 
19 14 15 6 20 18 13 21 7 
19 14 15 2 20 18 13 21 7 
19 14 15 2 20 18 13 21 12 
19 14 24 2 20 18 13 21 12 
20 14 24 2 23 18 13 21 12 
20 14 24 2 23 18 13 3 12 
20 14 6 2 23 18 13 3 12 
20 14 6 2 23 18 13 3 12 
20 14 6 2 16 18 13 3 12 
20 11 6 2 16 18 13 3 12 
20 11 6 2 16 18 13 3 12 
23 11 6 2 16 18 13 3 12 
23 11 6 2 16 18 13 3 12 
23 11 6 2 16 18 13 7 12 
0 0 0 0 0 0 0 0 0 
;
ROBOT MOVING BEST:
0 0 0 0 0 0 0 0 0 
1 1 0 0 0 0 0 0 0 
1 0 1 0 0 0 0 0 0 
1 0 0 1 0 0 0 0 0 
1 0 0 0 1 0 0 0 0 
1 0 0 0 0 1 0 0 0 
1 1 0 0 0 0 0 0 0 
0 1 0 1 0 0 0 0 0 
1 0 0 1 0 0 0 0 0 
0 1 0 0 1 0 0 0 0 
0 1 0 0 0 1 0 0 0 
0 1 0 0 0 0 1 0 0 
1 0 0 0 1 0 0 0 0 
1 0 0 0 0 1 0 0 0 
0 0 0 1 1 0 0 0 0 
0 0 0 1 0 1 0 0 0 
1 0 0 0 0 0 1 0 0 
0 0 0 0 1 1 0 0 0 
1 0 0 1 0 0 0 0 0 
0 0 0 0 1 0 1 0 0 
0 0 0 0 0 1 1 0 0 
0 0 0 1 0 0 0 1 0 
0 0 0 0 0 0 0 1 1 
0 0 0 1 1 0 0 0 0 
1 0 0 0 1 0 0 0 0 
0 0 0 0 0 1 1 0 0 
0 0 0 0 1 0 0 1 0 
0 1 0 0 0 0 1 0 0 
0 0 0 1 0 0 0 0 1 
0 0 0 0 1 1 0 0 0 
1 0 0 0 1 0 0 0 0 
0 0 0 1 1 0 0 0 0 
0 1 0 0 0 0 1 0 0 
0 0 1 0 0 1 0 0 0 
0 1 0 0 0 1 0 0 0 
0 0 0 1 0 0 0 1 0 
0 0 0 1 0 0 0 0 1 
0 1 0 0 0 0 1 0 0 
0 0 0 1 1 0 0 0 0 
1 1 0 0 0 0 0 0 0 
0 1 0 0 0 1 0 0 0 
0 0 0 1 0 0 0 1 0 
0 0 0 1 0 0 0 0 1 
1 0 0 1 0 0 0 0 0 
0 1 0 0 0 0 1 0 0 
1 0 0 0 0 0 1 0 0 
0 0 0 1 1 0 0 0 0 
0 0 0 0 0 0 0 1 1 
1 1 0 0 0 0 0 0 0 
1 0 0 0 0 0 0 0 1 
0 0 0 0 1 0 0 1 0 
1 0 0 1 0 0 0 0 0 
0 0 0 0 1 0 0 0 1 
0 0 1 0 1 0 0 0 0 
1 0 0 0 0 0 1 0 0 
0 0 1 1 0 0 0 0 0 
1 1 0 0 0 0 0 0 0 
0 0 0 0 0 0 0 1 1 
0 1 1 0 0 0 0 0 0 
0 0 1 0 0 0 0 0 1 
1 0 0 0 1 0 0 0 0 
1 0 0 0 0 0 1 0 0 
0 0 0 1 0 0 0 0 1 
0 0 1 0 1 0 0 0 0 
0 0 0 1 1 0 0 0 0 
0 0 0 0 0 0 0 1 1 
1 0 1 0 0 0 0 0 0 
1 1 0 0 0 0 0 0 0 
0 1 1 0 0 0 0 0 0 
0 0 0 1 0 0 0 1 0 
0 0 0 1 0 0 0 0 1 
0 0 1 1 0 0 0 0 0 
0 0 0 0 0 0 0 1 1 
1 0 0 0 1 0 0 0 0 
1 0 1 0 0 0 0 0 0 
1 0 0 0 0 1 0 0 0 
1 1 0 0 0 0 0 0 0 
0 0 0 0 0 0 0 1 1 
0 0 1 0 1 0 0 0 0 
0 0 0 1 0 0 0 0 1 
0 0 0 1 1 0 0 0 0 
0 0 0 0 0 0 0 1 1 
0 0 0 1 0 0 0 0 1 
0 0 0 0 0 0 0 1 1 
1 0 0 0 1 0 0 0 0 
0 0 0 1 0 0 0 1 0 
0 0 0 0 0 0 0 1 1 
0 0 1 1 0 0 0 0 0 
1 0 0 0 1 0 0 0 0 
0 0 0 1 0 0 0 1 0 
0 0 1 1 0 0 0 0 0 
0 0 0 0 1 0 0 0 1 
1 0 0 0 1 0 0 0 0 
0 1 0 0 0 0 0 0 1 
0 1 0 0 1 0 0 0 0 
1 0 0 0 1 0 0 0 0 
0 0 0 0 1 0 0 0 1 
0 0 0 0 0 0 0 1 1 
1 1 1 1 1 1 1 1 1 
;
TIMETABLE BEST: 
0.0 0.0 0.0 0.0 0.0 0.0 0.0 0.0 0.0 
0 14 0 0 0 0 0 0 0 
0 14 17 0 0 0 0 0 0 
0 14 17 18 0 0 0 0 0 
0 14 17 18 24 0 0 0 0 
0 14 17 18 24 24 0 0 0 
17 14 17 18 24 24 0 0 0 
17 14 17 18 24 24 0 0 0 
17 14 17 18 24 24 0 0 0 
17 14 17 18 24 24 0 0 0 
17 14 17 18 24 24 0 0 0 
17 14 17 18 24 24 26 0 0 
17 14 17 18 24 24 26 0 0 
17 14 17 18 24 24 26 0 0 
17 14 17 18 24 24 26 0 0 
17 14 17 18 24 24 26 0 0 
17 14 17 18 24 24 26 0 0 
17 14 17 18 24 24 26 0 0 
17 14 17 33 24 24 26 0 0 
17 14 17 33 24 24 26 0 0 
17 14 17 33 24 24 26 0 0 
17 14 17 33 24 24 26 18 0 
17 14 17 33 24 24 26 18 36 
17 14 17 33 24 24 26 18 36 
17 14 17 33 46 24 26 18 36 
17 14 17 33 46 24 39 18 36 
17 14 17 33 46 24 39 18 36 
17 28 17 33 46 24 39 18 36 
17 28 17 33 46 24 39 18 36 
17 28 17 33 46 24 39 18 36 
26 28 17 33 46 24 39 18 36 
26 28 17 33 46 24 39 18 36 
26 28 17 33 46 24 50 18 36 
26 28 56 33 46 24 50 18 36 
26 28 56 33 46 56 50 18 36 
26 28 56 33 46 56 50 54 36 
26 28 56 33 46 56 50 54 55 
26 41 56 33 46 56 50 54 55 
26 41 56 33 60 56 50 54 55 
56 41 56 33 60 56 50 54 55 
56 41 56 33 60 56 50 54 55 
56 41 56 48 60 56 50 54 55 
56 41 56 48 60 56 50 54 55 
56 41 56 48 60 56 50 54 55 
56 54 56 48 60 56 50 54 55 
56 54 56 48 60 56 50 54 55 
56 54 56 48 60 56 50 54 55 
56 54 56 48 60 56 50 54 55 
56 54 56 48 60 56 50 54 55 
56 54 56 48 60 56 50 54 55 
56 54 56 48 60 56 50 54 55 
67 54 56 48 60 56 50 54 55 
67 54 56 48 60 56 50 54 55 
67 54 56 48 60 56 50 54 55 
67 54 56 48 60 56 50 54 55 
67 54 69 48 60 56 50 54 55 
67 54 69 48 60 56 50 54 55 
67 54 69 48 60 56 50 66 55 
67 54 69 48 60 56 50 66 55 
67 54 69 48 60 56 50 66 55 
67 54 69 48 60 56 50 66 55 
67 54 69 48 60 56 61 66 55 
67 54 69 73 60 56 61 66 55 
67 54 69 73 60 56 61 66 55 
67 54 69 73 60 56 61 66 55 
67 54 69 73 60 56 61 66 68 
67 54 69 73 60 56 61 66 68 
67 70 69 73 60 56 61 66 68 
67 70 69 73 60 56 61 66 68 
67 70 69 73 60 56 61 66 68 
67 70 69 73 60 56 61 66 68 
67 70 69 73 60 56 61 66 68 
67 70 69 73 60 56 61 78 68 
87 70 69 73 60 56 61 78 68 
87 70 69 73 60 56 61 78 68 
87 70 69 73 60 69 61 78 68 
87 70 69 73 60 69 61 78 68 
87 70 69 73 60 69 61 78 80 
87 70 69 73 96 69 61 78 80 
87 70 69 73 96 69 61 78 92 
87 70 69 73 96 69 61 78 92 
87 70 69 73 96 69 61 78 92 
87 70 69 90 96 69 61 78 92 
87 70 69 90 96 69 61 90 92 
87 70 69 90 96 69 61 90 92 
87 70 69 108 96 69 61 90 92 
87 70 69 108 96 69 61 90 110 
87 70 93 108 96 69 61 90 110 
100 70 93 108 106 69 61 90 110 
100 70 93 108 106 69 61 102 110 
100 70 106 108 106 69 61 102 110 
100 70 106 108 106 69 61 102 110 
100 70 106 108 117 69 61 102 110 
100 107 106 108 117 69 61 102 110 
100 107 106 108 117 69 61 102 110 
110 107 106 108 117 69 61 102 110 
110 107 106 108 117 69 61 102 110 
110 107 106 108 117 69 61 118 110 
216.0 178.0 160.0 144.0 218.0 132.0 100.0 192.0 202.0 
;
EXECUTION TIME HBSS: 969.215326786 seconds 

-------------------------------------------------------------------
