DATFILE : bwopen0_7r_250.dat
ENVIRONMENT : bwopen
ALGORITHM : HBSS - TAU 1
RANGE : 250
STARTING_POS : 0
N_ROBOTS : 7
GREEDY SOLUTION : 379.0
COMPUTATIONS T :
866.0
1081.0
974.0
1063.0
940.0
994.0
889.0
1013.0
940.0
984.0
1054.0
950.0
913.0
873.0
952.0
962.0
792.0
1094.0
891.0
1009.0
914.0
893.0
908.0
976.0
925.0
879.0
914.0
809.0
1122.0
960.0
841.0
901.0
842.0
1061.0
889.0
984.0
821.0
1019.0
924.0
967.0
791.0
842.0
820.0
909.0
830.0
947.0
994.0
873.0
944.0
1032.0
975.0
974.0
939.0
843.0
979.0
990.0
963.0
876.0
909.0
867.0
962.0
985.0
1039.0
815.0
914.0
940.0
1075.0
970.0
955.0
911.0
942.0
952.0
931.0
973.0
982.0
1118.0
879.0
926.0
946.0
848.0
939.0
918.0
907.0
1129.0
850.0
989.0
850.0
921.0
991.0
898.0
791.0
954.0
983.0
1055.0
901.0
995.0
995.0
911.0
930.0
824.0
947.0
882.0
1119.0
964.0
996.0
1001.0
996.0
954.0
1063.0
881.0
901.0
872.0
851.0
857.0
982.0
1044.0
932.0
937.0
1035.0
1016.0
1007.0
787.0
951.0
888.0
1038.0
886.0
883.0
906.0
896.0
923.0
1103.0
909.0
819.0
1060.0
888.0
970.0
1079.0
936.0
871.0
932.0
950.0
904.0
1038.0
976.0
1049.0
996.0
893.0
939.0
1110.0
930.0
1019.0
922.0
1075.0
925.0
834.0
698.0
928.0
866.0
1048.0
890.0
1067.0
904.0
909.0
968.0
935.0
958.0
1126.0
933.0
1190.0
974.0
862.0
891.0
951.0
906.0
912.0
835.0
878.0
997.0
738.0
849.0
885.0
1109.0
993.0
995.0
878.0
948.0
1036.0
1027.0
793.0
860.0
874.0
1005.0
913.0
1028.0
1025.0
853.0
928.0
847.0
1016.0
855.0
;
HBBS bestT : 698.0
BEST_CONFIGURATIONS : 
0 0 0 0 0 0 0 
0 0 0 0 0 0 4 
0 1 0 0 0 0 4 
0 1 1 0 0 26 4 
0 1 1 0 0 26 4 
0 1 1 0 0 26 4 
0 1 5 0 0 4 4 
0 5 5 0 26 4 4 
0 5 5 17 26 25 4 
0 5 5 17 22 25 8 
0 5 5 17 22 25 8 
0 5 5 17 22 25 8 
0 5 5 17 5 25 8 
0 1 5 17 5 25 8 
0 1 26 17 5 25 8 
22 1 26 17 5 25 8 
22 1 22 17 5 25 8 
26 27 22 17 5 25 8 
26 27 22 17 5 25 13 
26 27 24 17 5 25 10 
26 26 24 22 5 25 10 
22 26 24 22 5 14 10 
22 26 24 22 14 15 10 
22 22 24 22 9 15 10 
9 22 24 26 9 15 10 
9 22 6 26 9 24 10 
9 22 6 26 9 24 10 
9 22 6 26 9 24 15 
19 22 6 26 20 24 15 
19 22 6 4 20 24 15 
19 27 6 4 20 24 15 
19 27 9 4 20 24 14 
19 27 9 14 20 24 18 
9 6 9 14 20 24 18 
24 6 9 14 20 21 18 
24 6 10 15 20 21 18 
24 6 6 10 20 21 18 
24 6 6 10 18 21 25 
24 6 6 10 18 21 25 
24 6 6 10 14 21 25 
24 6 21 10 14 21 25 
24 6 21 27 10 21 25 
24 21 7 27 10 21 25 
2 21 7 27 10 3 25 
2 21 7 2 10 6 25 
2 21 7 2 24 6 15 
9 21 7 2 18 6 15 
9 3 21 2 18 6 15 
9 7 6 2 18 6 15 
9 7 21 2 18 6 15 
15 7 21 2 18 6 18 
15 7 21 2 18 24 18 
15 3 6 2 18 24 18 
15 3 6 27 18 2 18 
15 3 27 1 18 2 18 
15 3 27 1 9 1 18 
15 24 27 1 9 1 18 
15 24 27 1 9 1 14 
11 24 27 1 9 1 10 
11 24 27 5 9 1 10 
11 6 27 5 9 1 10 
11 6 27 5 19 18 10 
11 24 27 5 19 18 10 
11 24 27 27 19 18 9 
11 24 5 27 19 18 9 
11 2 5 1 19 18 9 
10 2 5 1 19 18 14 
10 2 15 1 20 18 14 
14 2 15 1 20 18 13 
14 2 15 1 20 17 13 
14 2 15 1 20 13 8 
14 11 15 1 20 13 8 
20 11 15 1 23 13 8 
20 11 15 6 23 13 8 
16 11 15 6 23 13 20 
16 11 10 6 19 13 20 
16 11 10 21 19 13 20 
16 11 10 7 19 13 20 
16 11 10 12 19 13 20 
16 8 4 12 19 13 20 
12 8 4 21 19 13 20 
12 8 4 21 19 14 20 
12 8 4 21 11 14 16 
12 25 4 21 11 14 15 
12 25 4 7 11 14 15 
12 25 4 7 11 23 15 
12 25 4 7 12 16 15 
7 25 4 3 12 16 15 
7 25 4 3 16 23 15 
7 20 4 11 16 23 15 
7 20 17 11 16 23 18 
7 20 13 11 16 23 18 
7 20 13 11 19 15 18 
7 20 13 11 17 15 18 
7 20 13 11 17 25 13 
7 20 8 11 17 17 13 
8 20 8 11 17 17 25 
4 20 26 11 17 17 25 
0 0 0 0 0 0 0 
;
ROBOT MOVING BEST:
0 0 0 0 0 0 0 
0 0 0 0 1 0 1 
1 1 0 0 0 0 0 
0 0 1 0 0 1 0 
1 0 0 0 0 1 0 
0 1 0 0 0 0 1 
0 0 1 0 0 1 0 
0 1 0 0 1 0 0 
0 0 0 1 0 1 0 
0 0 0 0 1 0 1 
1 1 0 0 0 0 0 
1 0 0 0 1 0 0 
0 0 0 0 1 0 1 
0 1 1 0 0 0 0 
0 0 1 0 0 0 1 
1 1 0 0 0 0 0 
0 0 1 0 1 0 0 
1 1 0 0 0 0 0 
0 0 1 0 0 0 1 
0 0 1 0 0 0 1 
0 1 0 1 0 0 0 
1 0 0 0 0 1 0 
0 0 0 0 1 1 0 
0 1 0 0 1 0 0 
1 0 0 1 0 0 0 
0 0 1 0 0 1 0 
1 0 0 0 0 0 1 
0 0 0 0 1 0 1 
1 0 0 0 1 0 0 
0 1 0 1 0 0 0 
0 1 0 0 0 1 0 
0 0 1 0 0 0 1 
0 0 0 1 0 0 1 
1 1 0 0 0 0 0 
1 0 0 0 0 1 0 
0 0 1 1 0 0 0 
0 0 1 1 0 0 0 
0 0 0 0 1 0 1 
0 0 0 1 1 0 0 
0 0 0 0 1 0 1 
0 1 1 0 0 0 0 
0 0 0 1 1 0 0 
0 1 1 0 0 0 0 
1 0 0 0 0 1 0 
0 0 0 1 0 1 0 
0 0 0 0 1 0 1 
1 0 0 0 1 0 0 
0 1 1 0 0 0 0 
0 1 1 0 0 0 0 
0 0 1 1 0 0 0 
1 0 0 0 0 0 1 
0 0 0 1 0 1 0 
0 1 1 0 0 0 0 
0 0 0 1 0 1 0 
0 0 1 1 0 0 0 
0 0 0 0 1 1 0 
0 1 0 0 1 0 0 
0 1 0 0 0 0 1 
1 0 0 0 0 0 1 
0 0 1 1 0 0 0 
0 1 1 0 0 0 0 
0 0 0 0 1 1 0 
1 1 0 0 0 0 0 
0 0 0 1 0 0 1 
0 0 1 0 0 0 1 
0 1 0 1 0 0 0 
1 0 0 0 0 0 1 
0 0 1 0 1 0 0 
1 0 0 0 0 0 1 
1 0 0 0 0 1 0 
0 0 0 0 0 1 1 
0 1 1 0 0 0 0 
1 0 0 0 1 0 0 
0 1 0 1 0 0 0 
1 0 0 0 0 0 1 
0 0 1 0 1 0 0 
0 1 0 1 0 0 0 
0 1 0 1 0 0 0 
0 1 0 1 0 0 0 
0 1 1 0 0 0 0 
1 0 0 1 0 0 0 
0 0 0 0 1 1 0 
0 0 0 0 1 0 1 
0 1 0 0 0 0 1 
1 0 0 1 0 0 0 
1 0 0 0 0 1 0 
0 0 0 0 1 1 0 
1 0 0 1 0 0 0 
0 0 0 0 1 1 0 
0 1 0 1 0 0 0 
0 0 1 0 0 0 1 
0 0 1 0 0 0 1 
0 0 0 0 1 1 0 
0 0 1 0 1 0 0 
0 0 0 0 0 1 1 
0 0 1 0 0 1 0 
1 0 0 0 0 0 1 
1 0 1 0 0 0 0 
1 1 1 1 1 1 1 
;
TIMETABLE BEST: 
0.0 0.0 0.0 0.0 0.0 0.0 0.0 
0 0 0 0 14 0 14 
18 18 0 0 14 0 14 
18 18 18 0 14 18 14 
18 18 18 0 14 18 14 
18 18 18 0 14 18 18 
18 18 36 0 14 36 18 
18 36 36 0 36 36 18 
18 36 36 76 36 76 18 
18 36 36 76 47 76 47 
36 36 36 76 47 76 47 
47 36 36 76 47 76 47 
47 36 36 76 59 76 59 
47 54 54 76 59 76 59 
47 54 63 76 59 76 63 
71 71 63 76 59 76 63 
71 71 74 76 74 76 63 
86 86 74 76 74 76 63 
86 86 76 76 74 76 76 
86 86 113 76 74 76 113 
86 108 113 108 74 76 113 
97 108 113 108 74 97 113 
97 108 113 108 110 110 113 
97 126 113 108 126 110 113 
121 126 113 121 126 110 113 
121 126 134 121 126 134 113 
121 126 134 121 126 134 121 
121 126 134 121 132 134 132 
182 126 134 121 182 134 132 
182 132 134 132 182 134 132 
182 163 134 132 182 163 132 
182 163 162 132 182 163 162 
182 163 162 176 182 163 176 
219 219 162 176 182 163 176 
234 219 162 176 182 234 176 
234 219 189 189 182 234 176 
234 219 215 215 182 234 176 
234 219 215 215 215 234 215 
234 219 215 215 215 234 215 
234 219 215 215 226 234 226 
234 227 227 215 226 234 226 
234 227 227 244 244 234 226 
234 239 239 244 244 234 226 
253 239 239 244 244 253 226 
253 239 239 277 244 277 226 
253 239 239 277 257 277 257 
299 239 239 277 299 277 257 
299 251 251 277 299 277 257 
299 267 267 277 299 277 257 
299 267 279 279 299 277 257 
320 267 279 279 299 277 320 
320 267 279 290 299 290 320 
320 291 291 290 299 290 320 
320 291 291 309 299 309 320 
320 291 326 326 299 309 320 
320 291 326 326 329 329 320 
320 329 326 326 329 329 320 
320 331 326 326 329 329 331 
350 331 326 326 329 329 350 
350 331 344 344 329 329 350 
350 344 344 344 329 329 350 
350 344 344 344 382 382 350 
357 357 344 344 382 382 350 
357 357 344 365 382 382 365 
357 357 365 365 382 382 365 
357 380 365 380 382 382 365 
381 380 365 380 382 382 381 
381 380 408 380 408 382 381 
406 380 408 380 408 382 406 
406 380 408 380 408 406 406 
406 380 408 380 408 419 419 
406 415 415 380 408 419 419 
448 415 415 380 448 419 419 
448 416 415 416 448 419 419 
491 416 415 416 448 419 491 
491 416 471 416 471 419 491 
491 428 471 428 471 419 491 
491 440 471 440 471 419 491 
491 458 471 458 471 419 491 
491 521 521 458 471 419 491 
502 521 521 502 471 419 491 
502 521 521 502 471 471 491 
502 521 521 502 512 471 512 
502 556 521 502 512 471 556 
514 556 521 514 512 471 556 
523 556 521 514 512 523 556 
523 556 521 514 539 539 556 
541 556 521 541 539 539 556 
541 556 521 541 550 550 556 
541 602 521 602 550 550 556 
541 602 574 602 550 550 574 
541 602 585 602 550 550 585 
541 602 585 602 591 591 585 
541 602 626 602 626 591 585 
541 602 626 602 626 614 614 
541 602 639 602 626 639 614 
627 602 639 602 626 639 627 
662 602 662 602 626 639 627 
676.0 698.0 679.0 673.0 676.0 689.0 679.0 
;
EXECUTION TIME HBSS: 483.489406109 seconds 

-------------------------------------------------------------------
