DATFILE : bwopen0_8r_250.dat
ENVIRONMENT : bwopen
ALGORITHM : HBSS - TAU 7
RANGE : 250
STARTING_POS : 0
N_ROBOTS : 8
GREEDY SOLUTION : 317.0
COMPUTATIONS T :
317.0
317.0
317.0
292.0
317.0
292.0
317.0
317.0
317.0
317.0
317.0
317.0
337.0
317.0
319.0
317.0
317.0
317.0
329.0
318.0
317.0
317.0
317.0
319.0
319.0
320.0
317.0
317.0
317.0
317.0
317.0
331.0
324.0
319.0
326.0
309.0
317.0
337.0
317.0
309.0
317.0
317.0
317.0
317.0
317.0
335.0
317.0
317.0
309.0
317.0
325.0
324.0
317.0
317.0
317.0
301.0
319.0
317.0
317.0
317.0
317.0
317.0
317.0
317.0
317.0
317.0
317.0
317.0
337.0
326.0
308.0
317.0
317.0
317.0
317.0
324.0
317.0
317.0
317.0
306.0
317.0
317.0
317.0
317.0
317.0
317.0
317.0
318.0
317.0
317.0
317.0
306.0
317.0
317.0
317.0
317.0
317.0
317.0
326.0
312.0
317.0
306.0
317.0
317.0
317.0
337.0
317.0
317.0
317.0
317.0
317.0
309.0
309.0
317.0
299.0
317.0
317.0
317.0
317.0
317.0
317.0
317.0
317.0
317.0
317.0
317.0
317.0
317.0
309.0
317.0
317.0
324.0
317.0
317.0
317.0
317.0
317.0
317.0
317.0
318.0
317.0
317.0
317.0
325.0
317.0
317.0
317.0
321.0
319.0
319.0
329.0
317.0
317.0
317.0
317.0
317.0
317.0
317.0
317.0
317.0
325.0
317.0
337.0
309.0
317.0
317.0
317.0
317.0
317.0
317.0
317.0
317.0
328.0
331.0
317.0
309.0
324.0
317.0
317.0
328.0
313.0
317.0
317.0
320.0
317.0
329.0
317.0
317.0
337.0
317.0
337.0
312.0
312.0
317.0
288.0
317.0
317.0
317.0
317.0
317.0
;
HBBS bestT : 288.0
BEST_CONFIGURATIONS : 
0 0 0 0 0 0 0 0 
0 4 0 0 0 0 0 0 
0 4 26 0 0 0 0 0 
0 4 26 0 0 0 0 0 
0 4 26 1 0 0 0 0 
0 4 26 1 0 0 0 0 
0 4 26 1 0 0 0 0 
0 4 26 1 5 0 0 0 
0 4 26 1 5 22 0 0 
0 4 26 1 5 22 0 0 
0 4 26 1 5 22 0 0 
0 4 26 1 5 22 0 0 
0 4 26 1 5 22 0 0 
0 4 26 1 5 22 0 0 
0 4 26 1 5 22 0 0 
0 4 26 1 5 22 0 0 
0 4 26 1 5 22 4 8 
0 4 26 1 5 22 4 8 
0 4 26 1 5 22 4 8 
0 4 26 1 5 22 4 8 
0 5 26 27 5 22 4 8 
0 5 26 27 5 22 4 8 
0 5 26 27 22 22 4 13 
0 5 26 27 22 8 4 13 
1 5 26 27 22 8 4 13 
1 5 26 27 22 8 4 17 
1 5 26 27 22 8 13 17 
1 5 26 9 22 8 13 17 
1 5 26 9 22 8 13 17 
1 5 22 9 22 8 13 17 
1 5 22 9 26 8 13 17 
1 5 22 9 26 8 13 25 
1 5 22 9 26 8 13 25 
27 5 22 9 26 8 13 25 
27 5 13 9 26 8 13 18 
27 5 13 9 26 8 13 18 
27 5 13 9 26 8 17 18 
9 14 13 9 26 8 17 18 
9 14 13 9 26 8 17 18 
9 14 13 9 22 8 17 18 
9 14 13 9 22 8 17 18 
9 14 13 9 22 8 17 18 
9 14 13 9 22 25 17 18 
9 14 13 9 22 25 17 18 
9 14 13 9 22 25 17 18 
9 14 13 10 22 25 17 18 
9 14 13 10 22 25 17 18 
9 14 13 10 22 25 17 18 
9 14 13 15 22 25 17 18 
9 14 13 15 22 25 17 18 
9 14 25 15 22 25 17 18 
9 14 25 15 22 25 17 18 
9 14 25 10 22 15 17 18 
24 14 25 10 22 15 17 18 
24 14 25 10 22 15 17 18 
24 14 25 10 9 15 17 18 
24 14 25 10 9 15 17 18 
24 14 25 10 9 15 17 19 
24 14 18 10 9 15 17 19 
24 14 18 10 9 15 17 19 
24 14 18 10 9 15 17 19 
6 14 18 10 9 15 17 19 
6 14 18 10 9 15 17 19 
6 15 18 10 9 15 17 20 
6 15 18 10 9 15 19 20 
6 15 18 24 9 15 19 20 
6 15 18 24 27 15 19 20 
6 15 18 24 27 15 19 20 
6 15 18 24 27 10 19 20 
6 15 18 24 27 10 20 23 
21 15 18 24 27 10 20 23 
21 15 20 24 27 10 20 16 
21 15 20 24 27 10 23 16 
21 15 20 24 2 10 23 16 
21 24 20 24 2 10 23 16 
21 24 20 24 2 11 23 16 
21 24 20 24 2 11 23 16 
21 24 20 24 2 11 23 16 
21 24 20 24 2 11 23 16 
21 24 20 6 2 11 23 16 
21 24 20 6 2 11 23 16 
21 24 20 6 2 11 23 16 
21 24 20 6 2 11 23 12 
21 24 23 6 2 11 23 12 
21 24 23 6 2 11 23 12 
21 24 23 6 2 11 16 12 
21 10 23 6 2 11 16 12 
3 10 23 2 2 11 16 12 
3 10 23 2 6 11 16 12 
3 15 23 2 6 11 16 12 
3 15 23 2 6 11 16 7 
3 15 23 2 6 11 16 7 
3 15 23 2 6 11 16 7 
3 15 23 2 6 11 12 7 
3 15 23 2 21 11 12 7 
3 15 23 2 21 11 12 7 
3 27 23 2 21 11 12 7 
2 1 23 2 21 11 12 7 
0 0 0 0 0 0 0 0 
;
ROBOT MOVING BEST:
0 0 0 0 0 0 0 0 
1 1 0 0 0 0 0 0 
1 0 1 0 0 0 0 0 
0 1 1 0 0 0 0 0 
1 0 0 1 0 0 0 0 
0 1 0 1 0 0 0 0 
0 0 1 1 0 0 0 0 
1 0 0 0 1 0 0 0 
1 0 0 0 0 1 0 0 
0 1 0 0 1 0 0 0 
0 1 0 0 0 1 0 0 
0 0 1 0 1 0 0 0 
0 0 1 0 0 1 0 0 
0 0 0 1 1 0 0 0 
0 0 0 1 0 1 0 0 
0 0 0 0 1 1 0 0 
0 0 0 0 0 0 1 1 
0 0 1 0 0 0 0 1 
0 0 0 0 1 0 0 1 
0 0 0 0 0 1 0 1 
0 1 0 1 0 0 0 0 
0 0 1 1 0 0 0 0 
0 0 0 0 1 0 0 1 
0 0 0 0 0 1 0 1 
1 0 0 1 0 0 0 0 
0 0 0 0 0 1 0 1 
0 0 0 0 0 0 1 1 
1 0 0 1 0 0 0 0 
0 1 0 1 0 0 0 0 
0 0 1 1 0 0 0 0 
0 0 0 1 1 0 0 0 
0 0 0 0 0 1 0 1 
0 0 0 0 0 0 1 1 
1 0 0 1 0 0 0 0 
0 0 1 0 0 0 0 1 
0 0 0 1 0 0 0 1 
0 0 0 0 0 0 1 1 
1 1 0 0 0 0 0 0 
0 1 1 0 0 0 0 0 
0 1 0 0 1 0 0 0 
0 1 0 0 0 0 1 0 
0 1 0 0 0 0 0 1 
0 1 0 0 0 1 0 0 
0 0 0 0 0 1 1 0 
0 0 0 0 0 1 0 1 
1 0 0 1 0 0 0 0 
0 1 0 1 0 0 0 0 
0 0 0 1 0 0 0 1 
1 0 0 1 0 0 0 0 
0 1 0 1 0 0 0 0 
0 0 1 1 0 0 0 0 
0 0 0 1 0 0 0 1 
0 0 0 1 0 1 0 0 
1 1 0 0 0 0 0 0 
1 0 0 1 0 0 0 0 
1 0 0 0 1 0 0 0 
1 0 0 0 0 1 0 0 
0 1 0 0 0 0 0 1 
0 0 1 0 0 0 0 1 
0 0 0 1 0 0 0 1 
0 0 0 0 0 1 0 1 
1 0 0 1 0 0 0 0 
1 0 0 0 1 0 0 0 
0 1 0 0 0 0 0 1 
0 0 0 0 0 0 1 1 
1 0 0 1 0 0 0 0 
1 0 0 0 1 0 0 0 
0 0 0 1 1 0 0 0 
0 0 0 0 1 1 0 0 
0 0 0 0 0 0 1 1 
1 0 0 1 0 0 0 0 
0 0 1 0 0 0 0 1 
0 0 0 0 0 0 1 1 
1 0 0 0 1 0 0 0 
0 1 0 0 1 0 0 0 
1 0 0 0 0 1 0 0 
0 1 0 0 0 1 0 0 
0 0 1 0 0 1 0 0 
0 0 0 0 0 1 0 1 
1 0 0 1 0 0 0 0 
0 0 0 1 1 0 0 0 
0 0 0 1 0 1 0 0 
1 0 0 0 0 0 0 1 
0 0 1 0 0 0 0 1 
0 0 0 0 0 1 0 1 
0 0 0 0 0 0 1 1 
0 1 0 0 0 1 0 0 
1 0 0 1 0 0 0 0 
1 0 0 0 1 0 0 0 
0 1 0 0 0 1 0 0 
1 0 0 0 0 0 0 1 
0 0 0 0 1 0 0 1 
0 0 0 0 0 1 0 1 
0 0 0 0 0 0 1 1 
1 0 0 0 1 0 0 0 
0 0 0 0 1 0 0 1 
0 1 0 1 0 0 0 0 
1 1 0 0 0 0 0 0 
1 1 1 1 1 1 1 1 
;
TIMETABLE BEST: 
0.0 0.0 0.0 0.0 0.0 0.0 0.0 0.0 
14 14 0 0 0 0 0 0 
17 14 17 0 0 0 0 0 
17 17 17 0 0 0 0 0 
18 17 17 18 0 0 0 0 
18 18 17 18 0 0 0 0 
18 18 18 18 0 0 0 0 
24 18 18 18 24 0 0 0 
24 18 18 18 24 24 0 0 
24 24 18 18 24 24 0 0 
24 24 18 18 24 24 0 0 
24 24 24 18 24 24 0 0 
24 24 24 18 24 24 0 0 
24 24 24 24 24 24 0 0 
24 24 24 24 24 24 0 0 
24 24 24 24 24 24 0 0 
24 24 24 24 24 24 26 26 
24 24 26 24 24 24 26 26 
24 24 26 24 26 24 26 26 
24 24 26 24 26 26 26 26 
24 39 26 39 26 26 26 26 
24 39 39 39 26 26 26 26 
24 39 39 39 39 26 26 39 
24 39 39 39 39 39 26 39 
42 39 39 42 39 39 26 39 
42 39 39 42 39 50 26 50 
42 39 39 42 39 50 53 53 
57 39 39 57 39 50 53 53 
57 57 39 57 39 50 53 53 
57 57 57 57 39 50 53 53 
57 57 57 57 57 50 53 53 
57 57 57 57 57 65 53 65 
57 57 57 57 57 65 65 65 
72 57 57 72 57 65 65 65 
72 57 78 72 57 65 65 78 
72 57 78 78 57 65 65 78 
72 57 78 78 57 65 78 78 
87 87 78 78 57 65 78 78 
87 87 87 78 57 65 78 78 
87 87 87 78 87 65 78 78 
87 87 87 78 87 65 87 78 
87 87 87 78 87 65 87 87 
87 91 87 78 87 91 87 87 
87 91 87 78 87 91 91 87 
87 91 87 78 87 91 91 91 
92 91 87 92 87 91 91 91 
92 92 87 92 87 91 91 91 
92 92 87 92 87 91 91 92 
103 92 87 103 87 91 91 92 
103 103 87 103 87 91 91 92 
103 103 103 103 87 91 91 92 
103 103 103 103 87 91 91 103 
103 103 103 114 87 114 91 103 
118 118 103 114 87 114 91 103 
118 118 103 118 87 114 91 103 
118 118 103 118 118 114 91 103 
118 118 103 118 118 118 91 103 
118 123 103 118 118 118 91 123 
118 123 123 118 118 118 91 123 
118 123 123 123 118 118 91 123 
118 123 123 123 118 123 91 123 
131 123 123 131 118 123 91 123 
131 123 123 131 131 123 91 123 
131 136 123 131 131 123 91 136 
131 136 123 131 131 123 136 136 
144 136 123 144 131 123 136 136 
146 136 123 144 146 123 136 136 
146 136 123 146 146 123 136 136 
146 136 123 146 146 146 136 136 
146 136 123 146 146 146 149 149 
158 136 123 158 146 146 149 149 
158 136 160 158 146 146 149 160 
158 136 160 158 146 146 160 160 
165 136 160 158 165 146 160 160 
165 165 160 158 165 146 160 160 
167 165 160 158 165 167 160 160 
167 167 160 158 165 167 160 160 
167 167 167 158 165 167 160 160 
167 167 167 158 165 167 160 167 
171 167 167 171 165 167 160 167 
171 167 167 171 171 167 160 167 
171 167 167 171 171 171 160 167 
178 167 167 171 171 171 160 178 
178 167 178 171 171 171 160 178 
178 167 178 171 171 178 160 178 
178 167 178 171 171 178 178 178 
178 180 178 171 171 180 178 178 
190 180 178 190 171 180 178 178 
190 180 178 190 190 180 178 178 
190 191 178 190 190 191 178 178 
196 191 178 190 190 191 178 196 
196 191 178 190 196 191 178 196 
196 191 178 190 196 196 178 196 
196 191 178 190 196 196 196 196 
208 191 178 190 208 196 196 196 
208 191 178 190 208 196 196 208 
208 225 178 225 208 196 196 208 
240 240 178 225 208 196 196 208 
276.0 258.0 284.0 261.0 270.0 267.0 288.0 282.0 
;
EXECUTION TIME HBSS: 648.949458838 seconds 

-------------------------------------------------------------------
