DATFILE : bwopen0_9r_250.dat
ENVIRONMENT : bwopen
ALGORITHM : HBSS - TAU 1
RANGE : 250
STARTING_POS : 0
N_ROBOTS : 9
GREEDY SOLUTION : [ 1600.]
COMPUTATIONS D :
4762
4588
4352
4316
3646
4300
4430
4380
4536
5106
4190
4324
5016
4918
3886
4780
4326
4336
4544
4028
3954
4432
4176
4754
4490
4586
4840
4446
4836
4008
3758
5034
4480
4512
4766
3680
3740
4400
4260
4206
4494
3818
4294
4272
4730
5138
4388
4732
4392
3900
4494
5276
4368
4798
4086
4800
4658
4608
4402
5346
4338
4072
4458
4610
4854
4222
4320
4214
4446
4216
4466
4318
4180
4080
4780
4804
4328
4460
4722
4352
4578
4794
5064
4692
3958
4038
5172
4542
3954
4328
4134
4226
4732
4064
3936
4850
4530
4130
4584
3620
4608
4026
5038
4586
4004
4164
4414
4212
4538
3658
3916
4504
4282
4892
5550
4102
3862
4344
4370
4472
3940
4750
4532
4572
4834
3998
4724
4806
4626
4740
4112
4538
5062
4570
3942
4286
4360
4222
4326
4090
4978
4184
4614
4918
4582
4262
4260
4374
4168
4124
4228
4806
4924
4420
3946
4590
4686
3868
4244
4336
4138
4080
4278
3942
3922
4314
4318
4284
3988
4552
4262
3996
4430
4098
4644
4210
4712
4770
4096
3740
4408
4066
3796
3696
4112
3828
3618
4460
3910
4402
4032
3772
4032
5738
4658
4160
3938
4354
4350
4082
;
HBBS sumD : 3618
BEST_CONFIGURATIONS : 
0 0 0 0 0 0 0 0 0 
0 0 4 0 0 0 0 0 0 
0 0 4 0 0 0 0 5 0 
0 0 4 0 0 0 0 5 26 
0 1 4 0 0 0 0 5 26 
0 1 4 0 0 0 22 5 26 
0 1 14 0 0 0 22 5 15 
0 26 14 22 0 0 22 5 15 
0 26 14 22 26 0 22 5 15 
1 26 14 22 26 26 22 5 15 
1 26 14 22 26 26 22 5 15 
26 26 14 22 26 26 8 5 15 
26 26 14 22 26 26 8 9 15 
26 26 14 22 22 26 8 9 1 
26 26 14 22 22 5 8 9 1 
26 26 14 22 22 14 8 9 1 
26 26 14 22 22 14 13 9 1 
26 26 14 22 22 14 13 9 1 
26 26 14 27 22 14 13 9 1 
26 26 14 27 4 14 13 9 1 
26 22 14 27 4 14 13 9 1 
9 22 14 27 4 14 13 9 1 
9 22 14 27 4 8 13 5 1 
9 5 14 27 4 8 13 5 1 
9 5 14 1 4 8 13 5 1 
9 5 14 1 4 8 8 5 1 
9 5 14 1 4 8 8 22 1 
9 5 14 1 13 8 8 22 1 
9 5 14 1 13 8 8 22 1 
9 5 14 1 22 8 8 22 1 
9 5 18 1 22 8 8 22 1 
9 5 25 1 22 8 8 22 1 
9 5 25 1 22 8 8 22 1 
9 5 25 1 22 8 8 13 1 
27 5 25 1 22 8 8 13 1 
27 5 17 1 22 8 8 13 1 
21 6 17 1 22 8 8 13 1 
21 6 25 1 22 8 13 13 1 
21 6 25 9 22 8 10 13 1 
21 6 25 9 22 8 10 17 1 
21 6 25 9 22 8 15 17 1 
21 6 25 9 22 8 15 17 1 
21 6 25 9 24 8 15 17 1 
21 6 17 9 24 13 15 17 1 
21 6 17 9 24 13 15 17 1 
21 6 17 9 24 13 15 18 1 
21 15 17 9 24 13 18 18 1 
11 15 17 9 24 13 18 18 1 
11 15 17 9 24 25 18 14 1 
11 15 17 18 24 17 18 14 1 
11 15 17 14 24 17 18 14 1 
11 15 17 14 24 15 18 14 10 
11 15 6 11 24 15 18 14 10 
11 14 6 11 10 15 18 14 10 
11 14 24 11 27 15 18 14 10 
11 14 24 11 27 15 18 25 10 
11 19 24 11 27 15 18 25 10 
11 17 24 11 27 15 18 25 14 
6 17 24 11 27 2 18 25 14 
10 17 24 11 27 2 18 25 14 
10 17 24 11 27 2 18 14 14 
10 17 24 11 27 19 18 14 14 
10 17 24 11 27 19 18 14 10 
10 17 24 6 27 19 18 14 10 
15 17 24 6 27 19 25 14 10 
15 17 24 6 27 19 6 14 10 
15 17 24 21 11 19 6 14 10 
15 17 24 21 11 19 11 14 10 
15 17 24 21 11 19 11 15 10 
15 17 24 21 21 19 11 12 10 
15 17 24 21 21 19 11 12 10 
19 17 24 21 21 19 11 12 14 
19 17 24 21 21 19 11 12 14 
19 17 24 21 21 19 11 3 14 
19 17 7 21 21 19 11 3 14 
19 17 7 6 7 19 11 3 14 
19 17 7 11 12 19 11 3 14 
19 17 7 11 3 19 2 3 14 
20 17 7 11 3 19 2 3 14 
20 17 7 11 3 19 2 3 15 
20 17 7 11 3 19 2 3 15 
19 17 7 11 3 19 2 3 15 
19 17 7 11 3 19 2 3 15 
19 17 7 6 3 19 2 3 15 
19 1 7 6 3 19 2 3 15 
19 1 7 6 3 19 2 3 20 
19 1 21 2 3 19 2 3 20 
20 1 23 2 3 19 2 3 20 
20 1 23 23 3 19 2 16 20 
12 1 23 23 3 19 2 16 16 
12 1 23 23 3 27 2 16 2 
12 24 23 23 3 27 2 16 2 
12 24 16 23 11 27 2 16 2 
12 24 7 23 11 27 2 16 2 
6 24 7 23 11 27 24 16 2 
6 24 7 23 11 27 12 23 2 
6 1 7 23 11 27 12 23 2 
6 1 7 20 16 27 12 23 2 
0 0 0 0 0 0 0 0 0 
;
ROBOT MOVING BEST:
0 0 0 0 0 0 0 0 0 
0 1 1 0 0 0 0 0 0 
0 0 0 1 0 0 0 1 0 
0 0 0 0 1 0 0 0 1 
1 1 0 0 0 0 0 0 0 
0 0 0 1 0 0 1 0 0 
0 0 1 0 0 0 0 0 1 
0 1 0 1 0 0 0 0 0 
0 0 0 0 1 0 0 1 0 
1 0 0 0 0 1 0 0 0 
1 0 0 0 0 0 0 1 0 
1 0 0 0 0 0 1 0 0 
0 0 0 0 1 0 0 1 0 
0 0 0 0 1 0 0 0 1 
0 0 0 0 0 1 0 1 0 
0 0 0 0 1 1 0 0 0 
0 0 0 1 0 0 1 0 0 
0 0 0 1 0 0 0 1 0 
1 0 0 1 0 0 0 0 0 
0 1 0 0 1 0 0 0 0 
0 1 0 0 1 0 0 0 0 
1 0 0 1 0 0 0 0 0 
0 0 0 0 0 1 0 1 0 
0 1 0 0 1 0 0 0 0 
0 0 0 1 1 0 0 0 0 
0 0 0 0 1 0 1 0 0 
0 0 0 0 0 0 1 1 0 
0 0 1 0 1 0 0 0 0 
1 0 1 0 0 0 0 0 0 
0 1 0 0 1 0 0 0 0 
1 0 1 0 0 0 0 0 0 
0 0 1 0 0 0 1 0 0 
1 0 0 1 0 0 0 0 0 
0 0 0 0 0 0 1 1 0 
1 1 0 0 0 0 0 0 0 
0 0 1 0 0 0 1 0 0 
1 1 0 0 0 0 0 0 0 
0 0 1 0 0 0 1 0 0 
0 0 0 1 0 0 1 0 0 
0 0 1 0 0 0 0 1 0 
0 0 0 1 0 0 1 0 0 
0 1 0 1 0 0 0 0 0 
0 0 0 1 1 0 0 0 0 
0 0 1 0 0 1 0 0 0 
0 0 0 0 1 0 1 0 0 
0 0 0 0 0 1 0 1 0 
0 1 0 0 0 0 1 0 0 
1 0 0 0 1 0 0 0 0 
0 0 0 0 0 1 0 1 0 
0 0 0 1 0 1 0 0 0 
0 0 0 1 1 0 0 0 0 
0 0 0 0 0 1 0 0 1 
0 0 1 1 0 0 0 0 0 
0 1 0 0 1 0 0 0 0 
0 0 1 0 1 0 0 0 0 
0 0 0 0 0 0 1 1 0 
0 1 0 0 0 0 0 0 1 
0 1 0 0 0 0 0 0 1 
1 0 0 0 0 1 0 0 0 
1 0 0 0 0 0 1 0 0 
0 0 0 0 0 0 1 1 0 
0 0 0 0 0 1 1 0 0 
0 0 0 0 1 0 0 0 1 
1 0 0 1 0 0 0 0 0 
1 0 0 0 0 0 1 0 0 
0 0 0 0 1 0 1 0 0 
0 0 0 1 1 0 0 0 0 
0 0 0 0 0 0 1 0 1 
0 0 0 0 1 0 0 1 0 
0 0 0 0 1 0 0 1 0 
0 0 1 0 0 0 0 0 1 
1 0 0 0 0 0 0 0 1 
0 0 1 1 0 0 0 0 0 
0 0 0 1 0 0 0 1 0 
0 0 1 1 0 0 0 0 0 
0 0 0 1 1 0 0 0 0 
0 0 0 1 1 0 0 0 0 
0 0 0 0 1 0 1 0 0 
1 0 0 1 0 0 0 0 0 
1 0 0 0 0 0 0 0 1 
0 0 1 1 0 0 0 0 0 
1 0 0 0 0 0 0 0 1 
0 0 1 0 0 0 0 1 0 
0 0 0 1 0 0 0 1 0 
0 1 0 0 0 0 1 0 0 
1 0 0 0 0 0 0 0 1 
0 0 1 1 0 0 0 0 0 
1 0 1 0 0 0 0 0 0 
0 0 0 1 0 0 0 1 0 
1 0 0 0 0 0 0 0 1 
0 0 0 0 0 1 0 0 1 
0 1 0 0 0 0 1 0 0 
0 0 1 0 1 0 0 0 0 
1 0 1 0 0 0 0 0 0 
1 0 0 0 0 0 1 0 0 
0 0 0 0 0 0 1 1 0 
0 1 0 0 0 1 0 0 0 
0 0 0 1 1 0 0 0 0 
1 1 1 1 1 1 1 1 1 
;
TIMETABLE BEST: 
0.0 0.0 0.0 0.0 0.0 0.0 0.0 0.0 0.0 
0 0 14 0 0 0 0 0 0 
0 0 14 0 0 0 0 24 0 
0 0 14 0 0 0 0 24 17 
0 18 14 0 0 0 0 24 17 
0 18 14 0 0 0 24 24 17 
0 18 58 0 0 0 24 24 69 
0 37 58 24 0 0 24 24 69 
0 37 58 24 17 0 24 24 69 
18 37 58 24 17 17 24 24 69 
18 37 58 24 17 17 24 24 69 
37 37 58 24 17 17 36 24 69 
37 37 58 24 17 17 36 46 69 
37 37 58 24 28 17 36 46 118 
37 37 58 24 28 26 36 46 118 
37 37 58 24 28 56 36 46 118 
37 37 58 24 28 56 49 46 118 
37 37 58 24 28 56 49 46 118 
37 37 58 55 28 56 49 46 118 
37 37 58 55 40 56 49 46 118 
37 48 58 55 40 56 49 46 118 
68 48 58 55 40 56 49 46 118 
68 48 58 55 40 86 49 68 118 
68 60 58 55 40 86 49 68 118 
68 60 58 70 40 86 49 68 118 
68 60 58 70 40 86 62 68 118 
68 60 58 70 40 86 62 80 118 
68 60 58 70 67 86 62 80 118 
68 60 58 70 67 86 62 80 118 
68 60 58 70 86 86 62 80 118 
68 60 69 70 86 86 62 80 118 
68 60 82 70 86 86 62 80 118 
68 60 82 70 86 86 62 80 118 
68 60 82 70 86 86 62 99 118 
83 60 82 70 86 86 62 99 118 
83 60 94 70 86 86 62 99 118 
126 108 94 70 86 86 62 99 118 
126 108 106 70 86 86 75 99 118 
126 108 106 98 86 86 112 99 118 
126 108 106 98 86 86 112 110 118 
126 108 106 98 86 86 123 110 118 
126 108 106 98 86 86 123 110 118 
126 108 106 98 123 86 123 110 118 
126 108 118 98 123 99 123 110 118 
126 108 118 98 123 99 123 110 118 
126 108 118 98 123 99 123 127 118 
126 145 118 98 123 99 141 127 118 
145 145 118 98 123 99 141 127 118 
145 145 118 98 123 112 141 138 118 
145 145 118 125 123 124 141 138 118 
145 145 118 136 123 124 141 138 118 
145 145 118 136 123 159 141 138 160 
145 145 190 173 123 159 141 138 160 
145 158 190 173 136 159 141 138 160 
145 158 203 173 163 159 141 138 160 
145 158 203 173 163 159 141 154 160 
145 187 203 173 163 159 141 154 160 
145 222 203 173 163 159 141 154 178 
162 222 203 173 163 202 141 154 178 
188 222 203 173 163 202 141 154 178 
188 222 203 173 163 202 141 170 178 
188 222 203 173 163 259 141 170 178 
188 222 203 173 163 259 141 170 196 
188 222 203 190 163 259 141 170 196 
199 222 203 190 163 259 154 170 196 
199 222 203 190 163 259 214 170 196 
199 222 203 202 201 259 214 170 196 
199 222 203 202 201 259 231 170 196 
199 222 203 202 201 259 231 183 196 
199 222 203 202 220 259 231 228 196 
199 222 203 202 220 259 231 228 196 
223 222 203 202 220 259 231 228 214 
223 222 203 202 220 259 231 228 214 
223 222 203 202 220 259 231 262 214 
223 222 234 202 220 259 231 262 214 
223 222 234 214 232 259 231 262 214 
223 222 234 231 250 259 231 262 214 
223 222 234 231 284 259 266 262 214 
236 222 234 231 284 259 266 262 214 
236 222 234 231 284 259 266 262 227 
236 222 234 231 284 259 266 262 227 
249 222 234 231 284 259 266 262 227 
249 222 234 231 284 259 266 262 227 
249 222 234 248 284 259 266 262 227 
249 280 234 248 284 259 266 262 227 
249 280 234 248 284 259 266 262 258 
249 280 246 266 284 259 266 262 258 
262 280 294 266 284 259 266 262 258 
262 280 294 336 284 259 266 305 258 
294 280 294 336 284 259 266 305 279 
294 280 294 336 284 309 266 305 344 
294 317 294 336 284 309 266 305 344 
294 317 305 336 315 309 266 305 344 
294 317 332 336 315 309 266 305 344 
332 317 332 336 315 309 285 305 344 
332 317 332 336 315 309 330 316 344 
332 354 332 336 315 309 330 316 344 
332 354 332 346 345 309 330 316 344 
386.0 372.0 406.0 442.0 446.0 342.0 422.0 422.0 380.0 
;
EXECUTION TIME HBSS: 837.512103081 seconds 

-------------------------------------------------------------------
