DATFILE : bwopen0_3r_250.dat
ENVIRONMENT : bwopen
ALGORITHM : HBSS - TAU 2
RANGE : 250
STARTING_POS : 0
N_ROBOTS : 3
GREEDY SOLUTION : 814.0
COMPUTATIONS T :
996.0
1133.0
1282.0
960.0
939.0
1002.0
1173.0
960.0
1115.0
977.0
960.0
1033.0
984.0
1117.0
961.0
988.0
1097.0
1003.0
1034.0
913.0
1122.0
1013.0
1055.0
1019.0
1118.0
1115.0
1025.0
1105.0
929.0
1129.0
1058.0
1015.0
894.0
1017.0
1005.0
893.0
1029.0
1159.0
1083.0
1094.0
1029.0
1123.0
915.0
1078.0
1023.0
950.0
1151.0
1072.0
1048.0
1005.0
1132.0
1094.0
1099.0
966.0
942.0
990.0
1157.0
999.0
969.0
1005.0
1085.0
1013.0
998.0
990.0
1060.0
1031.0
902.0
1047.0
1110.0
1123.0
1074.0
1068.0
1088.0
1068.0
1052.0
1069.0
885.0
1055.0
1042.0
922.0
998.0
1025.0
989.0
819.0
1145.0
1020.0
943.0
944.0
1083.0
1189.0
995.0
955.0
964.0
849.0
1125.0
1030.0
1059.0
939.0
1080.0
972.0
968.0
886.0
928.0
928.0
928.0
1168.0
968.0
1023.0
1010.0
1094.0
1025.0
1017.0
1025.0
940.0
982.0
1005.0
1054.0
918.0
962.0
1043.0
1008.0
1142.0
1097.0
894.0
1009.0
975.0
965.0
1102.0
966.0
1036.0
955.0
972.0
994.0
969.0
1032.0
955.0
1138.0
1002.0
1093.0
1131.0
991.0
933.0
1023.0
1022.0
994.0
1095.0
1006.0
1211.0
954.0
1034.0
1072.0
1068.0
991.0
983.0
984.0
1088.0
966.0
1099.0
948.0
983.0
936.0
1098.0
976.0
1015.0
869.0
1082.0
1135.0
1052.0
904.0
1077.0
884.0
1115.0
982.0
951.0
1011.0
991.0
1069.0
955.0
945.0
1224.0
986.0
1182.0
928.0
965.0
989.0
1110.0
1004.0
1091.0
993.0
973.0
971.0
1028.0
977.0
1102.0
1201.0
1022.0
1068.0
1045.0
1094.0
1181.0
;
HBBS bestT : 819.0
BEST_CONFIGURATIONS : 
0 0 0 
0 0 1 
0 26 1 
0 26 1 
0 5 1 
0 5 1 
0 22 1 
0 22 5 
4 22 5 
4 26 5 
4 26 5 
4 22 5 
4 22 26 
22 8 26 
22 8 4 
22 8 26 
22 8 5 
9 22 5 
9 22 5 
9 22 26 
9 13 22 
14 13 22 
14 13 22 
14 13 8 
25 13 8 
25 17 8 
25 17 8 
25 17 8 
18 25 8 
18 25 13 
14 25 13 
14 18 13 
14 18 17 
14 18 17 
15 14 17 
10 14 17 
10 14 18 
15 18 18 
15 18 25 
15 17 13 
9 18 13 
9 18 14 
9 15 14 
9 10 14 
9 10 15 
9 24 15 
9 24 10 
9 6 10 
9 6 10 
9 6 24 
27 6 24 
27 6 24 
27 21 24 
2 21 24 
2 21 24 
2 3 24 
2 21 11 
3 21 11 
3 21 6 
3 21 6 
3 7 6 
3 7 6 
3 7 21 
3 12 21 
7 12 21 
12 16 21 
12 16 11 
12 16 11 
12 23 11 
12 20 11 
11 20 6 
11 20 24 
11 15 24 
11 15 10 
11 15 10 
11 14 24 
19 14 24 
19 14 10 
19 18 10 
20 18 15 
20 19 15 
20 19 15 
23 20 15 
16 20 15 
16 23 15 
7 11 15 
7 10 27 
6 10 2 
6 27 2 
2 1 2 
2 1 27 
27 1 9 
27 1 9 
27 5 9 
27 26 9 
27 4 1 
1 22 1 
0 4 1 
0 0 0 
;
ROBOT MOVING BEST:
0 0 0 
1 0 1 
1 1 0 
0 1 1 
0 1 1 
1 1 0 
1 1 0 
0 1 1 
1 0 1 
1 1 0 
0 1 1 
1 1 0 
0 1 1 
1 1 0 
0 1 1 
0 1 1 
0 1 1 
1 1 0 
1 0 1 
1 0 1 
0 1 1 
1 0 1 
1 1 0 
0 1 1 
1 1 0 
1 1 0 
1 0 1 
0 1 1 
1 1 0 
1 0 1 
1 1 0 
1 1 0 
1 0 1 
0 1 1 
1 1 0 
1 1 0 
1 0 1 
1 1 0 
1 0 1 
0 1 1 
1 1 0 
1 0 1 
1 1 0 
1 1 0 
0 1 1 
1 1 0 
0 1 1 
1 1 0 
0 1 1 
0 1 1 
1 1 0 
1 0 1 
0 1 1 
1 1 0 
1 0 1 
1 1 0 
0 1 1 
1 1 0 
1 0 1 
0 1 1 
1 1 0 
0 1 1 
0 1 1 
0 1 1 
1 1 0 
1 1 0 
1 0 1 
0 1 1 
1 1 0 
0 1 1 
1 0 1 
1 0 1 
0 1 1 
1 0 1 
1 1 0 
0 1 1 
1 1 0 
1 0 1 
1 1 0 
1 0 1 
1 1 0 
0 1 1 
1 1 0 
1 1 0 
1 1 0 
1 1 0 
0 1 1 
1 0 1 
0 1 1 
1 1 0 
0 1 1 
1 0 1 
0 1 1 
1 1 0 
1 1 0 
0 1 1 
1 1 0 
1 1 0 
0 1 1 
;
TIMETABLE BEST: 
0.0 0.0 0.0 
18 0 18 
18 18 18 
18 18 18 
18 27 27 
27 27 27 
39 39 27 
39 45 45 
53 45 53 
56 56 53 
56 56 56 
67 67 56 
67 67 67 
79 79 67 
79 79 79 
79 90 90 
79 99 99 
111 111 99 
111 111 111 
120 111 120 
120 131 131 
136 131 136 
136 136 136 
136 148 148 
152 152 148 
163 163 148 
163 163 163 
163 163 163 
176 176 163 
176 176 176 
187 187 176 
200 200 176 
200 200 200 
200 200 200 
213 213 200 
224 224 200 
224 224 224 
235 235 224 
237 235 237 
237 252 252 
269 269 252 
277 269 277 
287 287 277 
298 298 277 
298 298 298 
311 311 298 
311 311 311 
324 324 311 
324 324 324 
324 337 337 
339 339 337 
339 339 339 
339 351 351 
358 358 351 
358 358 358 
370 370 358 
370 382 382 
392 392 382 
399 392 399 
399 399 399 
411 411 399 
411 411 411 
411 423 423 
411 441 441 
441 441 441 
459 459 441 
460 459 460 
460 460 460 
471 471 460 
471 481 481 
498 481 498 
511 481 511 
511 512 512 
525 512 525 
525 525 525 
525 538 538 
555 555 538 
555 555 555 
566 566 555 
579 566 579 
586 586 579 
586 586 586 
599 599 586 
610 610 586 
620 620 586 
655 655 586 
655 676 676 
695 676 695 
695 703 703 
718 718 703 
718 722 722 
737 722 737 
737 737 737 
755 755 737 
764 764 737 
764 775 775 
787 787 775 
805 805 775 
805.0 819.0 793.0 
;
EXECUTION TIME HBSS: 56.9333019257 seconds 

-------------------------------------------------------------------
