DATFILE : bwopen0_9r_250.dat
ENVIRONMENT : bwopen
ALGORITHM : HBSS - TAU 5
RANGE : 250
STARTING_POS : 0
N_ROBOTS : 9
GREEDY SOLUTION : [ 1600.]
COMPUTATIONS D :
1622
1608
1602
1696
1600
1600
1600
1694
1602
1600
1602
1602
1600
1600
1638
1602
1632
1600
1600
1634
1600
1542
1568
1606
1654
1602
1564
1698
1694
1696
1600
1600
1696
1600
1636
1620
1662
1666
1602
1702
1600
1576
1600
1804
1584
1664
1638
1632
1622
1656
1600
1552
1620
1684
1570
1538
1580
1640
1618
1696
1700
1600
1668
1602
1610
1684
1692
1694
1550
1602
1570
1742
1710
1600
1600
1598
1632
1606
1742
1580
1734
1632
1600
1600
1570
1580
1600
1606
1704
1632
1686
1522
1692
1602
1600
1600
1694
1662
1600
1566
1650
1608
1662
1600
1772
1656
1600
1648
1650
1710
1600
1580
1600
1600
1588
1638
1632
1602
1656
1600
1616
1700
1600
1600
1558
1600
1632
1600
1706
1696
1596
1600
1598
1600
1632
1690
1766
1580
1632
1600
1620
1600
1596
1600
1608
1602
1570
1570
1696
1600
1600
1698
1558
1622
1600
1694
1694
1680
1600
1648
1600
1638
1634
1632
1598
1670
1686
1600
1600
1680
1640
1600
1600
1600
1632
1618
1600
1608
1694
1542
1608
1708
1586
1602
1598
1808
1600
1734
1600
1580
1638
1698
1600
1592
1716
1700
1608
1602
1600
1580
;
HBBS sumD : 1522
BEST_CONFIGURATIONS : 
0 0 0 0 0 0 0 0 0 
0 4 0 0 0 0 0 0 0 
0 4 26 0 0 0 0 0 0 
0 4 26 1 0 0 0 0 0 
0 4 26 1 5 0 0 0 0 
0 4 26 1 5 22 0 0 0 
26 4 26 1 5 22 0 0 0 
26 4 26 1 5 22 0 0 0 
26 4 26 1 5 22 0 0 0 
26 4 26 1 5 22 0 0 0 
26 4 26 1 5 22 0 0 0 
26 4 26 1 5 22 8 0 0 
26 4 26 1 5 22 8 0 0 
26 4 26 1 5 22 8 0 0 
26 4 26 1 5 22 8 0 0 
26 4 26 1 5 22 8 0 0 
26 4 26 1 5 22 8 0 0 
26 4 26 1 5 22 8 0 0 
26 4 26 27 5 22 8 0 0 
26 4 26 27 5 22 8 0 0 
26 4 26 27 5 22 8 0 0 
26 4 26 27 5 22 8 1 0 
26 4 26 27 5 22 8 1 2 
26 4 26 27 5 22 8 1 2 
26 4 26 27 9 22 8 1 2 
26 4 26 27 9 22 13 1 2 
26 4 26 27 9 22 13 1 2 
26 8 26 27 9 22 13 1 2 
26 8 26 27 9 22 13 1 2 
26 8 26 27 9 22 13 1 2 
5 8 26 27 9 22 13 9 2 
5 8 26 27 9 22 17 9 2 
5 8 26 27 9 22 17 9 2 
14 8 26 27 9 22 17 9 2 
14 8 26 27 9 25 17 9 2 
14 8 26 27 9 25 17 9 6 
14 13 26 27 9 25 17 9 6 
14 13 26 27 10 25 17 9 6 
14 13 24 27 10 25 17 9 6 
14 13 24 27 10 25 17 9 6 
14 13 24 27 10 25 17 9 6 
14 13 24 27 10 25 17 9 6 
14 13 24 27 10 25 17 9 6 
14 25 24 27 10 25 17 9 6 
14 25 24 24 10 25 17 9 6 
14 25 24 24 10 25 17 9 6 
14 25 24 24 10 25 17 9 6 
14 25 24 24 10 25 17 9 6 
14 18 24 24 10 25 17 9 6 
14 18 24 24 10 25 17 9 6 
14 18 24 24 10 25 17 9 6 
14 18 24 24 10 25 17 9 6 
15 18 24 24 10 25 17 9 6 
15 18 24 24 10 25 17 9 6 
15 18 24 24 10 25 17 9 6 
15 18 24 24 10 25 17 14 6 
15 18 24 24 10 25 17 14 6 
15 18 24 24 10 25 17 14 6 
15 18 24 24 10 25 17 14 21 
15 18 24 24 10 25 17 14 21 
15 18 24 24 10 25 17 14 21 
15 18 24 24 10 25 13 14 21 
15 18 24 24 10 25 13 14 21 
15 18 24 24 10 25 13 14 21 
15 18 24 24 10 25 13 14 21 
15 18 24 24 10 25 13 14 21 
15 18 24 11 10 25 13 14 21 
15 18 24 11 10 25 13 14 21 
15 18 6 11 10 25 13 14 21 
15 18 6 11 10 25 13 14 21 
15 18 6 11 10 25 13 14 21 
15 19 6 11 10 25 13 14 21 
15 19 6 11 10 25 13 14 21 
15 19 6 11 10 25 13 14 21 
15 19 6 11 10 25 13 14 3 
15 19 6 11 10 25 13 14 3 
15 19 6 11 10 25 13 18 3 
15 19 21 11 10 25 13 18 3 
15 19 21 11 20 25 13 18 3 
15 19 21 11 20 25 13 18 7 
15 19 21 11 20 25 13 18 7 
15 19 21 11 20 25 13 18 7 
15 19 21 11 20 25 13 18 7 
15 19 21 6 20 25 13 18 7 
15 19 3 6 20 25 13 18 7 
24 19 3 2 20 25 13 18 7 
24 20 3 2 23 25 13 18 7 
2 20 3 2 23 25 13 18 7 
2 20 3 2 16 25 13 18 7 
2 20 3 2 16 25 13 18 21 
2 20 3 2 16 11 13 18 21 
2 23 3 2 16 11 13 18 21 
2 23 3 2 16 11 13 18 6 
2 23 3 2 12 11 13 18 6 
2 23 21 2 12 11 13 18 6 
2 23 21 2 12 11 13 18 6 
2 16 21 2 12 11 13 18 6 
2 16 7 2 12 11 13 18 6 
0 0 0 0 0 0 0 0 0 
;
ROBOT MOVING BEST:
0 0 0 0 0 0 0 0 0 
1 1 0 0 0 0 0 0 0 
1 0 1 0 0 0 0 0 0 
1 0 0 1 0 0 0 0 0 
1 0 0 0 1 0 0 0 0 
1 0 0 0 0 1 0 0 0 
1 1 0 0 0 0 0 0 0 
0 1 0 1 0 0 0 0 0 
1 0 0 1 0 0 0 0 0 
0 1 0 0 1 0 0 0 0 
0 1 0 0 0 1 0 0 0 
0 1 0 0 0 0 1 0 0 
1 0 0 0 1 0 0 0 0 
1 0 0 0 0 1 0 0 0 
0 0 0 1 1 0 0 0 0 
0 0 0 1 0 1 0 0 0 
1 0 0 0 0 0 1 0 0 
0 0 0 0 1 1 0 0 0 
1 0 0 1 0 0 0 0 0 
0 0 0 0 1 0 1 0 0 
0 0 0 0 0 1 1 0 0 
0 0 0 1 0 0 0 1 0 
0 0 0 0 0 0 0 1 1 
0 0 0 1 1 0 0 0 0 
1 0 0 0 1 0 0 0 0 
0 0 0 0 0 1 1 0 0 
0 0 0 0 1 0 0 1 0 
0 1 0 0 0 0 1 0 0 
0 0 0 1 0 0 0 0 1 
0 0 0 0 1 1 0 0 0 
1 0 0 0 0 0 0 1 0 
0 1 0 0 0 0 1 0 0 
0 0 0 1 1 0 0 0 0 
1 0 0 0 0 1 0 0 0 
0 1 0 0 0 1 0 0 0 
0 0 0 1 0 0 0 0 1 
0 1 0 0 0 0 1 0 0 
0 0 0 1 1 0 0 0 0 
0 0 1 1 0 0 0 0 0 
1 1 0 0 0 0 0 0 0 
0 1 0 0 0 1 0 0 0 
0 0 0 0 0 0 0 1 1 
1 0 0 0 0 0 0 1 0 
0 1 0 0 0 0 1 0 0 
0 0 0 1 0 0 0 1 0 
1 0 0 0 0 0 1 0 0 
0 0 0 0 1 0 0 1 0 
1 1 0 0 0 0 0 0 0 
0 1 0 0 0 0 0 1 0 
0 0 0 1 0 0 0 0 1 
0 0 0 0 1 0 0 0 1 
1 0 0 1 0 0 0 0 0 
1 0 0 0 0 0 0 1 0 
0 1 0 0 0 0 1 0 0 
0 0 0 1 1 0 0 0 0 
0 0 0 0 1 0 0 1 0 
0 1 0 0 0 1 0 0 0 
1 0 0 0 0 1 0 0 0 
0 0 0 1 0 0 0 0 1 
0 1 0 0 1 0 0 0 0 
1 0 0 1 0 0 0 0 0 
0 1 0 0 0 0 1 0 0 
1 0 0 0 1 0 0 0 0 
0 1 0 0 0 0 0 1 0 
1 0 0 0 0 0 0 1 0 
1 1 0 0 0 0 0 0 0 
0 0 0 1 1 0 0 0 0 
0 0 1 1 0 0 0 0 0 
0 0 1 0 0 0 0 0 1 
0 0 0 1 0 0 0 0 1 
1 0 0 1 0 0 0 0 0 
0 1 0 0 1 0 0 0 0 
0 1 0 0 0 0 0 1 0 
0 0 1 1 0 0 0 0 0 
0 0 1 0 0 0 0 0 1 
1 1 0 0 0 0 0 0 0 
0 1 0 0 0 0 0 1 0 
0 0 1 0 0 0 0 0 1 
1 0 0 0 1 0 0 0 0 
0 0 0 1 0 0 0 0 1 
0 0 0 1 1 0 0 0 0 
0 0 1 0 0 0 0 0 1 
0 1 0 0 1 0 0 0 0 
0 0 0 1 0 0 0 0 1 
0 0 1 0 0 0 0 0 1 
1 0 0 1 0 0 0 0 0 
0 1 0 0 1 0 0 0 0 
1 0 1 0 0 0 0 0 0 
0 1 0 0 1 0 0 0 0 
1 0 0 0 0 0 0 0 1 
0 0 0 0 1 1 0 0 0 
0 1 0 0 1 0 0 0 0 
1 0 0 0 0 0 0 0 1 
0 0 0 0 1 1 0 0 0 
0 0 1 0 1 0 0 0 0 
0 1 0 0 1 0 0 0 0 
0 1 0 0 1 0 0 0 0 
0 0 1 0 1 0 0 0 0 
1 1 1 1 1 1 1 1 1 
;
TIMETABLE BEST: 
0.0 0.0 0.0 0.0 0.0 0.0 0.0 0.0 0.0 
0 14 0 0 0 0 0 0 0 
0 14 17 0 0 0 0 0 0 
0 14 17 18 0 0 0 0 0 
0 14 17 18 24 0 0 0 0 
0 14 17 18 24 24 0 0 0 
17 14 17 18 24 24 0 0 0 
17 14 17 18 24 24 0 0 0 
17 14 17 18 24 24 0 0 0 
17 14 17 18 24 24 0 0 0 
17 14 17 18 24 24 0 0 0 
17 14 17 18 24 24 26 0 0 
17 14 17 18 24 24 26 0 0 
17 14 17 18 24 24 26 0 0 
17 14 17 18 24 24 26 0 0 
17 14 17 18 24 24 26 0 0 
17 14 17 18 24 24 26 0 0 
17 14 17 18 24 24 26 0 0 
17 14 17 33 24 24 26 0 0 
17 14 17 33 24 24 26 0 0 
17 14 17 33 24 24 26 0 0 
17 14 17 33 24 24 26 18 0 
17 14 17 33 24 24 26 18 36 
17 14 17 33 24 24 26 18 36 
17 14 17 33 46 24 26 18 36 
17 14 17 33 46 24 39 18 36 
17 14 17 33 46 24 39 18 36 
17 28 17 33 46 24 39 18 36 
17 28 17 33 46 24 39 18 36 
17 28 17 33 46 24 39 18 36 
26 28 17 33 46 24 39 46 36 
26 28 17 33 46 24 50 46 36 
26 28 17 33 46 24 50 46 36 
56 28 17 33 46 24 50 46 36 
56 28 17 33 46 56 50 46 36 
56 28 17 33 46 56 50 46 54 
56 41 17 33 46 56 50 46 54 
56 41 17 33 60 56 50 46 54 
56 41 61 33 60 56 50 46 54 
56 41 61 33 60 56 50 46 54 
56 41 61 33 60 56 50 46 54 
56 41 61 33 60 56 50 46 54 
56 41 61 33 60 56 50 46 54 
56 54 61 33 60 56 50 46 54 
56 54 61 59 60 56 50 46 54 
56 54 61 59 60 56 50 46 54 
56 54 61 59 60 56 50 46 54 
56 54 61 59 60 56 50 46 54 
56 67 61 59 60 56 50 46 54 
56 67 61 59 60 56 50 46 54 
56 67 61 59 60 56 50 46 54 
56 67 61 59 60 56 50 46 54 
69 67 61 59 60 56 50 46 54 
69 67 61 59 60 56 50 46 54 
69 67 61 59 60 56 50 46 54 
69 67 61 59 60 56 50 62 54 
69 67 61 59 60 56 50 62 54 
69 67 61 59 60 56 50 62 54 
69 67 61 59 60 56 50 62 66 
69 67 61 59 60 56 50 62 66 
69 67 61 59 60 56 50 62 66 
69 67 61 59 60 56 61 62 66 
69 67 61 59 60 56 61 62 66 
69 67 61 59 60 56 61 62 66 
69 67 61 59 60 56 61 62 66 
69 67 61 59 60 56 61 62 66 
69 67 61 77 60 56 61 62 66 
69 67 61 77 60 56 61 62 66 
69 67 74 77 60 56 61 62 66 
69 67 74 77 60 56 61 62 66 
69 67 74 77 60 56 61 62 66 
69 87 74 77 60 56 61 62 66 
69 87 74 77 60 56 61 62 66 
69 87 74 77 60 56 61 62 66 
69 87 74 77 60 56 61 62 78 
69 87 74 77 60 56 61 62 78 
69 87 74 77 60 56 61 73 78 
69 87 86 77 60 56 61 73 78 
69 87 86 77 96 56 61 73 78 
69 87 86 77 96 56 61 73 94 
69 87 86 77 96 56 61 73 94 
69 87 86 77 96 56 61 73 94 
69 87 86 77 96 56 61 73 94 
69 87 86 94 96 56 61 73 94 
69 87 98 94 96 56 61 73 94 
93 87 98 112 96 56 61 73 94 
93 100 98 112 106 56 61 73 94 
112 100 98 112 106 56 61 73 94 
112 100 98 112 117 56 61 73 94 
112 100 98 112 117 56 61 73 106 
112 100 98 112 117 109 61 73 106 
112 110 98 112 117 109 61 73 106 
112 110 98 112 117 109 61 73 118 
112 110 98 112 128 109 61 73 118 
112 110 110 112 128 109 61 73 118 
112 110 110 112 128 109 61 73 118 
112 121 110 112 128 109 61 73 118 
112 121 122 112 128 109 61 73 118 
148.0 222.0 196.0 148.0 220.0 180.0 100.0 136.0 172.0 
;
EXECUTION TIME HBSS: 934.472560883 seconds 

-------------------------------------------------------------------
