DATFILE : bwopen0_4r_250.dat
ENVIRONMENT : bwopen
ALGORITHM : HBSS - TAU 7
RANGE : 250
STARTING_POS : 0
N_ROBOTS : 4
GREEDY SOLUTION : [ 1520.]
COMPUTATIONS D :
1702
1520
1520
1520
1520
1520
1520
1520
1520
1520
1562
1520
1520
1520
1520
1520
1520
1520
1520
1520
1520
1520
1520
1520
1520
1520
1340
1520
1520
1540
1520
1520
1520
1520
1520
1520
1520
1520
1520
1520
1520
1520
1520
1520
1520
1556
1520
1520
1564
1520
1520
1520
1520
1520
1520
1534
1520
1520
1520
1550
1560
1520
1520
1520
1520
1520
1520
1622
1520
1520
1520
1520
1520
1582
1520
1446
1520
1520
1692
1520
1520
1520
1520
1520
1520
1520
1520
1520
1520
1520
1520
1520
1688
1520
1520
1520
1520
1520
1520
1520
1520
1520
1520
1520
1520
1520
1520
1468
1520
1520
1520
1520
1570
1502
1520
1692
1570
1520
1520
1520
1520
1520
1520
1616
1520
1520
1520
1520
1520
1520
1520
1520
1702
1520
1520
1520
1564
1520
1520
1520
1520
1520
1520
1520
1604
1520
1520
1520
1520
1520
1520
1520
1520
1520
1520
1520
1596
1520
1520
1700
1520
1544
1520
1520
1520
1520
1520
1520
1520
1520
1520
1520
1520
1520
1660
1520
1520
1552
1628
1520
1520
1520
1520
1556
1520
1520
1520
1520
1520
1520
1520
1520
1564
1520
1520
1520
1520
1520
1570
1520
;
HBBS sumD : 1340
BEST_CONFIGURATIONS : 
0 0 0 0 
0 4 0 0 
0 4 0 26 
0 4 1 26 
0 22 1 26 
0 22 1 5 
4 22 1 5 
4 22 1 5 
4 22 1 5 
26 22 1 5 
26 22 1 5 
26 22 1 5 
26 22 1 5 
26 22 1 5 
26 22 1 5 
26 22 27 5 
26 22 27 5 
26 4 27 5 
26 4 9 5 
26 4 9 8 
5 4 9 8 
5 4 9 8 
5 4 9 8 
22 4 9 8 
22 4 9 8 
22 4 9 13 
22 4 14 13 
22 8 14 13 
22 8 14 17 
13 8 14 17 
25 8 14 17 
25 8 14 17 
25 13 14 17 
25 13 18 17 
25 13 18 17 
25 13 18 17 
25 13 18 17 
25 13 18 17 
25 13 14 17 
25 15 14 17 
18 15 14 17 
18 15 14 17 
18 15 14 17 
18 15 9 17 
18 15 9 19 
18 10 9 19 
14 10 9 19 
14 10 9 19 
14 10 9 19 
14 10 9 19 
15 10 9 19 
15 10 9 19 
15 10 9 19 
15 10 9 19 
15 24 9 19 
15 24 24 19 
15 24 24 20 
10 24 24 20 
10 6 24 20 
10 6 6 20 
11 6 6 20 
11 6 6 20 
11 6 21 20 
11 6 21 20 
11 6 21 16 
11 6 3 16 
11 24 3 16 
11 24 3 12 
11 10 3 12 
11 10 7 12 
11 15 7 12 
21 15 7 12 
21 15 7 12 
21 15 7 12 
3 15 7 12 
3 15 16 12 
3 15 16 21 
3 24 16 21 
2 24 16 21 
2 24 16 3 
2 24 16 3 
2 6 16 3 
2 6 16 7 
27 6 16 7 
27 6 23 12 
27 24 23 12 
27 24 23 16 
27 10 23 16 
27 10 20 16 
27 9 20 16 
27 9 20 23 
1 9 20 23 
1 9 19 20 
1 27 19 20 
1 2 19 20 
24 2 14 20 
6 2 9 20 
6 2 27 20 
0 0 0 0 
;
ROBOT MOVING BEST:
0 0 0 0 
1 1 0 0 
1 0 0 1 
1 0 1 0 
1 1 0 0 
1 0 0 1 
1 0 1 0 
1 1 0 0 
1 0 0 1 
1 0 1 0 
0 1 1 0 
0 0 1 1 
1 1 0 0 
1 0 0 1 
0 1 0 1 
1 0 1 0 
0 0 1 1 
1 1 0 0 
1 0 1 0 
1 0 0 1 
1 0 1 0 
1 0 0 1 
0 1 0 1 
1 0 1 0 
1 0 0 1 
1 0 0 1 
1 0 1 0 
0 1 0 1 
0 1 0 1 
1 0 1 0 
1 1 0 0 
0 0 1 1 
0 1 0 1 
0 1 1 0 
1 1 0 0 
0 0 1 1 
1 0 0 1 
1 0 1 0 
1 0 1 0 
1 1 0 0 
1 0 1 0 
0 1 1 0 
1 1 0 0 
1 0 1 0 
1 0 0 1 
1 1 0 0 
1 0 1 0 
1 0 0 1 
1 1 0 0 
0 1 1 0 
1 0 1 0 
0 1 0 1 
1 0 0 1 
1 1 0 0 
0 1 1 0 
1 0 1 0 
1 0 0 1 
1 0 1 0 
0 1 1 0 
1 0 1 0 
1 0 0 1 
1 0 1 0 
0 1 1 0 
1 0 1 0 
1 0 0 1 
0 1 1 0 
1 1 0 0 
1 0 0 1 
1 1 0 0 
1 0 1 0 
1 1 0 0 
1 0 0 1 
0 0 1 1 
1 0 1 0 
1 0 1 0 
0 0 1 1 
1 0 0 1 
0 1 0 1 
1 0 0 1 
1 0 0 1 
1 1 0 0 
1 1 0 0 
0 1 0 1 
1 1 0 0 
0 0 1 1 
1 1 0 0 
0 0 1 1 
1 1 0 0 
0 0 1 1 
1 1 0 0 
0 0 1 1 
1 1 0 0 
0 0 1 1 
1 1 0 0 
1 1 0 0 
1 0 1 0 
1 0 1 0 
0 1 1 0 
1 1 1 1 
;
TIMETABLE BEST: 
0.0 0.0 0.0 0.0 
0 14 0 0 
0 14 0 17 
0 14 18 17 
0 26 18 17 
0 26 18 26 
14 26 18 26 
14 26 18 26 
14 26 18 26 
25 26 18 26 
25 26 18 26 
25 26 18 26 
25 26 18 26 
25 26 18 26 
25 26 18 26 
25 26 33 26 
25 26 33 26 
25 38 33 26 
25 38 48 26 
25 38 48 50 
34 38 48 50 
34 38 48 50 
34 38 48 50 
46 38 48 50 
46 38 48 50 
46 38 48 63 
46 38 64 63 
46 52 64 63 
46 52 64 74 
65 52 64 74 
78 52 64 74 
78 52 64 74 
78 65 64 74 
78 65 75 74 
78 65 75 74 
78 65 75 74 
78 65 75 74 
78 65 75 74 
78 65 86 74 
78 99 86 74 
91 99 86 74 
91 99 86 74 
91 99 86 74 
91 99 102 74 
91 99 102 109 
91 110 102 109 
102 110 102 109 
102 110 102 109 
102 110 102 109 
102 110 102 109 
115 110 102 109 
115 110 102 109 
115 110 102 109 
115 110 102 109 
115 123 102 109 
115 123 117 109 
115 123 117 122 
126 123 117 122 
126 136 117 122 
126 136 130 122 
147 136 130 122 
147 136 130 122 
147 136 142 122 
147 136 142 122 
147 136 142 143 
147 136 154 143 
147 149 154 143 
147 149 154 154 
147 162 154 154 
147 162 170 154 
147 173 170 154 
166 173 170 154 
166 173 170 154 
166 173 170 154 
178 173 170 154 
178 173 197 154 
178 173 197 184 
178 197 197 184 
200 197 197 184 
200 197 197 196 
200 197 197 196 
200 210 197 196 
200 210 197 212 
219 210 197 212 
219 210 208 230 
219 223 208 230 
219 223 208 241 
219 236 208 241 
219 236 218 241 
219 250 218 241 
219 250 218 252 
234 250 218 252 
234 250 231 262 
234 265 231 262 
234 284 231 262 
271 284 260 262 
284 284 276 262 
284 284 291 262 
338.0 320.0 324.0 358.0 
;
EXECUTION TIME HBSS: 114.107288837 seconds 

-------------------------------------------------------------------
