DATFILE : bwopen0_7r_250.dat
ENVIRONMENT : bwopen
ALGORITHM : HBSS - TAU 2
RANGE : 250
STARTING_POS : 0
N_ROBOTS : 7
GREEDY SOLUTION : [ 1400.]
COMPUTATIONS D :
1624
1792
1766
1656
1536
1852
1986
1814
1774
1704
1718
1634
1792
1692
1724
1838
1844
1706
1826
1780
1784
1786
1524
1682
1724
1604
1884
1858
1854
1840
1720
1674
1708
1866
1884
1572
1662
1670
1816
1862
1476
1720
1532
1988
1840
1526
1668
1686
1832
1636
1728
1816
1766
1748
1502
1746
1670
1708
1592
1584
1736
1968
1566
1542
1818
1860
1870
1802
1738
1506
1812
1576
1810
1920
1872
1692
1692
1584
1594
1832
1872
1714
1652
1528
1660
1826
1726
1546
1696
1706
1708
1726
1866
1692
1738
1454
1864
1772
1540
1704
1732
1654
1748
1760
1630
1722
1884
1664
1820
1768
1606
1548
1896
1612
1804
1730
1606
1712
1618
1634
1680
1810
1918
1664
1710
1614
1832
1812
1602
1798
1798
1644
1912
1658
1794
1588
1538
1918
1876
1660
1590
1488
1850
1830
1944
1628
1790
1694
1648
1562
1584
2036
1766
1644
1650
2024
1760
1494
1928
1706
1734
1624
1562
1802
1958
1546
1732
1972
1646
1428
1882
1898
1832
1486
1572
1752
1794
1908
1930
1822
1834
1810
1598
1706
1664
1722
1730
1832
1814
1456
1758
1774
1708
1816
1608
1728
1692
1562
1714
1674
;
HBBS sumD : 1428
BEST_CONFIGURATIONS : 
0 0 0 0 0 0 0 
0 4 0 0 0 0 0 
0 4 26 0 0 0 0 
0 4 26 1 0 0 0 
0 4 26 1 5 0 0 
0 4 26 1 5 22 0 
26 4 26 1 5 22 0 
26 4 26 1 5 22 0 
26 4 26 1 5 22 26 
26 4 26 1 5 22 26 
26 4 26 1 5 22 26 
26 4 26 1 5 22 26 
26 22 26 1 5 22 26 
26 22 26 1 5 22 26 
26 22 26 1 5 22 26 
26 22 26 1 5 22 26 
26 8 26 1 5 22 26 
26 8 26 27 5 22 26 
5 8 26 27 5 22 26 
5 8 26 27 5 8 26 
5 8 26 27 9 8 26 
5 8 4 27 9 8 26 
5 8 4 27 9 8 22 
5 8 4 27 9 8 22 
5 8 4 9 9 8 22 
5 8 4 9 9 13 22 
14 8 4 9 9 13 22 
14 8 4 9 9 13 13 
14 8 4 9 9 13 17 
14 8 4 9 9 25 17 
14 8 4 9 10 25 17 
14 8 1 9 10 25 17 
14 8 1 9 10 25 17 
14 13 1 9 10 25 17 
14 13 1 9 10 25 17 
14 13 1 9 10 25 17 
14 13 1 9 10 25 17 
14 13 1 9 10 25 17 
18 13 1 9 10 25 17 
18 13 27 9 10 25 17 
18 13 27 9 10 25 17 
18 13 27 9 15 25 17 
18 13 27 9 15 25 17 
18 13 27 9 15 25 17 
18 13 27 9 15 25 17 
18 13 27 14 15 25 17 
18 13 27 14 15 25 17 
18 13 27 14 15 25 17 
18 13 27 14 15 25 17 
18 13 27 14 15 25 17 
18 13 27 18 15 25 17 
18 13 27 18 10 25 17 
18 13 27 18 10 25 19 
19 14 27 18 10 25 19 
19 14 27 18 24 25 19 
19 14 27 18 24 25 19 
19 15 27 18 24 25 19 
19 15 27 18 24 15 19 
19 15 27 18 6 15 19 
19 15 27 18 6 10 19 
19 15 27 18 6 10 19 
20 15 27 18 6 10 19 
20 15 27 18 6 10 19 
20 15 24 18 6 10 19 
20 15 24 9 6 10 19 
20 15 11 9 6 10 19 
20 10 11 9 6 10 19 
20 10 11 9 6 10 19 
20 10 11 9 6 10 19 
20 10 11 9 6 10 20 
20 10 11 9 6 24 20 
20 10 11 9 6 24 23 
20 10 11 9 6 24 23 
20 10 11 9 6 24 16 
20 10 11 9 6 24 16 
20 10 11 9 21 24 16 
20 10 11 9 21 24 16 
23 10 11 9 21 24 16 
16 10 11 9 21 24 16 
16 2 11 9 21 24 16 
16 2 11 9 21 6 16 
12 2 11 9 21 6 16 
12 2 11 27 21 6 16 
12 2 11 27 7 6 16 
12 2 11 27 7 6 16 
12 2 11 27 7 6 16 
12 2 11 27 7 6 16 
12 2 11 27 7 6 16 
12 2 11 27 7 21 16 
12 2 11 1 7 21 16 
12 2 11 1 7 21 16 
12 2 7 1 7 21 16 
12 2 7 1 3 21 16 
12 2 7 1 3 21 23 
12 2 7 1 3 21 23 
12 27 7 1 3 21 23 
12 27 7 1 3 3 23 
12 27 6 1 3 3 23 
0 0 0 0 0 0 0 
;
ROBOT MOVING BEST:
0 0 0 0 0 0 0 
1 1 0 0 0 0 0 
1 0 1 0 0 0 0 
1 0 0 1 0 0 0 
1 0 0 0 1 0 0 
1 0 0 0 0 1 0 
1 1 0 0 0 0 0 
0 1 0 1 0 0 0 
0 0 0 1 0 0 1 
0 1 0 0 1 0 0 
0 1 0 0 0 1 0 
1 0 0 0 1 0 0 
0 1 0 0 0 0 1 
0 0 0 1 1 0 0 
0 0 0 1 0 1 0 
0 0 0 0 1 1 0 
0 1 0 0 0 0 1 
1 0 0 1 0 0 0 
1 0 0 1 0 0 0 
0 0 0 0 1 1 0 
0 0 1 0 1 0 0 
0 0 1 0 0 1 0 
0 0 0 0 0 1 1 
1 0 0 0 1 0 0 
0 0 0 1 0 0 1 
0 0 0 0 0 1 1 
1 0 0 0 0 0 1 
0 1 0 0 0 0 1 
0 1 0 0 0 0 1 
0 1 0 0 0 1 0 
0 0 0 1 1 0 0 
0 0 1 1 0 0 0 
1 0 0 1 0 0 0 
1 1 0 0 0 0 0 
1 0 0 0 1 0 0 
0 1 0 0 0 0 1 
0 1 0 0 0 1 0 
1 0 0 0 0 0 1 
1 0 0 1 0 0 0 
0 0 1 0 1 0 0 
1 1 0 0 0 0 0 
0 0 0 1 1 0 0 
0 0 0 0 0 1 1 
0 0 1 1 0 0 0 
1 0 0 0 0 0 1 
0 0 0 1 0 1 0 
1 0 0 0 0 1 0 
1 0 0 1 0 0 0 
0 0 0 0 1 1 0 
0 0 0 1 1 0 0 
0 0 0 1 1 0 0 
0 0 0 1 1 0 0 
1 0 0 0 0 0 1 
1 1 0 0 0 0 0 
0 0 1 0 1 0 0 
0 1 0 0 1 0 0 
1 1 0 0 0 0 0 
0 0 0 0 1 1 0 
0 0 1 0 1 0 0 
1 0 0 0 0 1 0 
0 1 0 0 0 1 0 
1 1 0 0 0 0 0 
1 0 0 0 0 0 1 
0 0 1 0 0 1 0 
0 0 1 1 0 0 0 
0 1 1 0 0 0 0 
0 1 0 0 1 0 0 
0 0 1 0 0 1 0 
0 0 0 1 1 0 0 
0 0 1 0 0 0 1 
0 0 1 0 0 1 0 
1 0 0 0 0 0 1 
0 0 0 0 1 1 0 
1 0 0 0 0 0 1 
0 0 1 0 1 0 0 
0 0 0 0 1 1 0 
0 0 1 0 1 0 0 
1 0 0 0 0 0 1 
1 0 1 0 0 0 0 
0 1 0 0 0 1 0 
0 0 0 0 1 1 0 
1 0 1 0 0 0 0 
0 1 0 1 0 0 0 
0 0 1 0 1 0 0 
0 1 0 0 0 1 0 
0 0 0 0 1 1 0 
1 0 0 0 0 0 1 
1 0 0 0 1 0 0 
1 0 0 0 0 1 0 
0 1 0 1 0 0 0 
0 1 0 0 0 1 0 
0 0 1 0 0 1 0 
0 0 0 0 1 1 0 
1 0 0 0 0 0 1 
0 1 0 0 1 0 0 
0 1 0 1 0 0 0 
0 0 1 0 0 1 0 
0 0 1 0 0 1 0 
1 1 1 1 1 1 1 
;
TIMETABLE BEST: 
0.0 0.0 0.0 0.0 0.0 0.0 0.0 
0 14 0 0 0 0 0 
0 14 17 0 0 0 0 
0 14 17 18 0 0 0 
0 14 17 18 24 0 0 
0 14 17 18 24 24 0 
17 14 17 18 24 24 0 
17 14 17 18 24 24 0 
17 14 17 18 24 24 17 
17 14 17 18 24 24 17 
17 14 17 18 24 24 17 
17 14 17 18 24 24 17 
17 26 17 18 24 24 17 
17 26 17 18 24 24 17 
17 26 17 18 24 24 17 
17 26 17 18 24 24 17 
17 38 17 18 24 24 17 
17 38 17 33 24 24 17 
26 38 17 33 24 24 17 
26 38 17 33 24 36 17 
26 38 17 33 46 36 17 
26 38 28 33 46 36 17 
26 38 28 33 46 36 28 
26 38 28 33 46 36 28 
26 38 28 48 46 36 28 
26 38 28 48 46 49 28 
56 38 28 48 46 49 28 
56 38 28 48 46 49 47 
56 38 28 48 46 49 58 
56 38 28 48 46 62 58 
56 38 28 48 60 62 58 
56 38 58 48 60 62 58 
56 38 58 48 60 62 58 
56 51 58 48 60 62 58 
56 51 58 48 60 62 58 
56 51 58 48 60 62 58 
56 51 58 48 60 62 58 
56 51 58 48 60 62 58 
67 51 58 48 60 62 58 
67 51 73 48 60 62 58 
67 51 73 48 60 62 58 
67 51 73 48 71 62 58 
67 51 73 48 71 62 58 
67 51 73 48 71 62 58 
67 51 73 48 71 62 58 
67 51 73 64 71 62 58 
67 51 73 64 71 62 58 
67 51 73 64 71 62 58 
67 51 73 64 71 62 58 
67 51 73 64 71 62 58 
67 51 73 75 71 62 58 
67 51 73 75 82 62 58 
67 51 73 75 82 62 93 
87 76 73 75 82 62 93 
87 76 73 75 95 62 93 
87 76 73 75 95 62 93 
87 89 73 75 95 62 93 
87 89 73 75 95 85 93 
87 89 73 75 108 85 93 
87 89 73 75 108 96 93 
87 89 73 75 108 96 93 
100 89 73 75 108 96 93 
100 89 73 75 108 96 93 
100 89 99 75 108 96 93 
100 89 99 102 108 96 93 
100 89 117 102 108 96 93 
100 100 117 102 108 96 93 
100 100 117 102 108 96 93 
100 100 117 102 108 96 93 
100 100 117 102 108 96 106 
100 100 117 102 108 109 106 
100 100 117 102 108 109 116 
100 100 117 102 108 109 116 
100 100 117 102 108 109 127 
100 100 117 102 108 109 127 
100 100 117 102 120 109 127 
100 100 117 102 120 109 127 
110 100 117 102 120 109 127 
121 100 117 102 120 109 127 
121 132 117 102 120 109 127 
121 132 117 102 120 122 127 
132 132 117 102 120 122 127 
132 132 117 117 120 122 127 
132 132 117 117 132 122 127 
132 132 117 117 132 122 127 
132 132 117 117 132 122 127 
132 132 117 117 132 122 127 
132 132 117 117 132 122 127 
132 132 117 117 132 134 127 
132 132 117 132 132 134 127 
132 132 117 132 132 134 127 
132 132 142 132 132 134 127 
132 132 142 132 148 134 127 
132 132 142 132 148 134 138 
132 132 142 132 148 134 138 
132 151 142 132 148 134 138 
132 151 142 132 148 146 138 
132 151 162 132 148 146 138 
224.0 184.0 216.0 150.0 206.0 204.0 244.0 
;
EXECUTION TIME HBSS: 433.022002935 seconds 

-------------------------------------------------------------------
