DATFILE : bwopen0_5r_250.dat
ENVIRONMENT : bwopen
ALGORITHM : HBSS - TAU 7
RANGE : 250
STARTING_POS : 0
N_ROBOTS : 5
GREEDY SOLUTION : [ 1488.]
COMPUTATIONS D :
1488
1488
1496
1478
1488
1286
1426
1496
1588
1376
1502
1488
1376
1488
1488
1488
1572
1488
1408
1488
1488
1498
1402
1488
1426
1488
1488
1488
1488
1488
1356
1488
1488
1600
1488
1488
1488
1446
1488
1488
1338
1488
1488
1488
1488
1488
1488
1488
1488
1340
1488
1488
1486
1346
1488
1456
1488
1488
1488
1488
1488
1356
1488
1552
1488
1488
1488
1488
1488
1488
1414
1488
1488
1488
1488
1488
1488
1416
1488
1488
1488
1488
1486
1488
1488
1488
1488
1552
1488
1488
1488
1488
1486
1488
1488
1408
1434
1588
1488
1556
1478
1488
1488
1488
1488
1488
1488
1488
1488
1362
1488
1486
1488
1488
1488
1488
1488
1488
1488
1356
1544
1488
1362
1488
1488
1488
1488
1488
1488
1546
1588
1488
1488
1488
1488
1488
1488
1416
1488
1488
1488
1488
1394
1286
1488
1488
1488
1488
1426
1520
1488
1488
1404
1488
1488
1552
1488
1488
1538
1488
1488
1488
1488
1488
1488
1488
1488
1488
1488
1488
1488
1488
1488
1488
1488
1488
1488
1426
1488
1488
1488
1488
1488
1340
1488
1488
1488
1410
1488
1488
1488
1488
1488
1488
1286
1488
1488
1488
1432
1488
;
HBBS sumD : 1286
BEST_CONFIGURATIONS : 
0 0 0 0 0 
0 4 0 0 0 
0 4 26 0 0 
0 4 26 1 0 
0 4 26 1 5 
0 22 26 1 5 
4 22 26 1 5 
4 22 26 1 5 
4 22 26 1 5 
4 22 26 1 5 
4 22 26 1 5 
4 22 26 1 5 
4 22 26 1 5 
22 22 26 1 5 
22 22 26 1 5 
22 22 26 1 5 
22 22 26 27 5 
8 22 26 27 5 
8 22 26 27 5 
8 22 26 27 5 
8 22 26 27 9 
8 22 26 27 9 
8 22 4 27 9 
8 22 4 27 9 
13 22 4 27 9 
13 22 4 27 9 
13 5 4 27 9 
13 1 4 27 9 
13 1 8 27 9 
13 1 8 27 10 
17 1 8 27 10 
17 1 8 9 10 
17 1 8 9 10 
25 1 8 9 10 
25 1 22 14 10 
25 1 22 14 10 
25 1 22 18 10 
25 1 22 18 15 
25 1 22 18 15 
25 1 13 18 15 
25 1 13 18 15 
25 1 13 18 15 
25 9 13 18 15 
25 9 13 18 14 
25 9 17 18 14 
25 9 17 18 14 
25 9 17 18 14 
25 9 17 18 14 
25 9 17 18 14 
25 9 17 18 14 
25 9 17 18 14 
25 9 17 15 14 
13 9 17 15 14 
13 24 17 15 14 
13 24 17 15 14 
13 24 17 15 10 
13 24 17 15 10 
13 11 17 15 10 
13 11 19 15 10 
13 11 19 15 10 
13 11 19 19 10 
14 11 19 19 10 
14 11 19 19 24 
18 11 19 19 24 
18 11 19 19 6 
18 11 19 20 6 
18 11 19 20 6 
18 11 19 20 21 
18 11 19 16 21 
18 11 19 16 7 
15 11 20 16 7 
15 16 20 16 7 
15 16 23 16 7 
15 12 23 16 7 
15 12 23 16 7 
15 12 23 16 7 
20 12 23 16 7 
20 12 23 16 21 
20 12 11 16 21 
20 7 11 16 21 
20 7 11 16 3 
20 21 11 16 3 
20 21 6 16 3 
20 21 6 7 3 
20 21 6 7 3 
20 21 6 7 2 
20 21 6 7 2 
20 21 6 3 2 
20 21 24 3 2 
20 21 24 3 2 
20 6 24 3 2 
10 6 24 3 2 
10 6 24 3 27 
9 6 24 3 27 
9 6 24 3 27 
9 6 24 3 27 
9 6 24 2 27 
9 6 24 2 1 
0 0 0 0 0 
;
ROBOT MOVING BEST:
0 0 0 0 0 
1 1 0 0 0 
1 0 1 0 0 
1 0 0 1 0 
1 0 0 0 1 
1 1 0 0 0 
1 0 1 0 0 
1 0 0 1 0 
0 0 1 1 0 
1 0 0 0 1 
1 1 0 0 0 
0 0 1 0 1 
0 0 0 1 1 
1 0 1 0 0 
1 0 0 1 0 
1 0 0 0 1 
0 0 1 1 0 
1 0 1 0 0 
0 0 0 1 1 
1 0 0 0 1 
0 0 1 0 1 
1 1 0 0 0 
1 0 1 0 0 
0 1 0 0 1 
1 1 0 0 0 
0 0 0 1 1 
0 1 0 0 1 
0 1 0 1 0 
1 0 1 0 0 
0 0 0 1 1 
1 0 1 0 0 
0 1 0 1 0 
0 0 0 1 1 
1 0 1 0 0 
0 0 1 1 0 
0 0 0 1 1 
0 0 0 1 1 
1 0 0 0 1 
0 0 0 1 1 
1 0 1 0 0 
0 0 1 1 0 
1 0 0 1 0 
0 1 0 0 1 
0 0 1 0 1 
1 0 1 0 0 
1 0 0 0 1 
0 1 0 1 0 
0 0 1 1 0 
0 0 0 1 1 
0 1 0 0 1 
0 0 1 0 1 
0 0 0 1 1 
1 0 1 0 0 
0 1 0 0 1 
0 1 0 1 0 
0 0 0 1 1 
0 1 0 0 1 
0 1 0 1 0 
0 0 1 1 0 
0 1 0 0 1 
0 0 0 1 1 
1 0 0 1 0 
0 1 0 0 1 
1 0 0 1 0 
0 1 0 0 1 
0 1 0 1 0 
0 0 1 1 0 
0 1 0 0 1 
0 1 0 1 0 
0 1 0 0 1 
1 0 1 0 0 
0 1 1 0 0 
0 1 1 0 0 
0 1 1 0 0 
0 1 0 1 0 
0 1 0 0 1 
1 0 1 0 0 
0 1 0 0 1 
0 1 1 0 0 
0 1 0 0 1 
0 1 0 0 1 
0 1 0 0 1 
0 0 1 0 1 
0 0 1 1 0 
0 1 1 0 0 
0 1 0 0 1 
0 0 1 0 1 
0 0 0 1 1 
0 1 1 0 0 
0 0 1 0 1 
0 1 1 0 0 
1 1 0 0 0 
0 1 0 0 1 
1 1 0 0 0 
0 0 1 0 1 
1 0 1 0 0 
0 0 0 1 1 
0 0 0 1 1 
1 1 1 1 1 
;
TIMETABLE BEST: 
0.0 0.0 0.0 0.0 0.0 
0 14 0 0 0 
0 14 17 0 0 
0 14 17 18 0 
0 14 17 18 24 
0 26 17 18 24 
14 26 17 18 24 
14 26 17 18 24 
14 26 17 18 24 
14 26 17 18 24 
14 26 17 18 24 
14 26 17 18 24 
14 26 17 18 24 
26 26 17 18 24 
26 26 17 18 24 
26 26 17 18 24 
26 26 17 33 24 
38 26 17 33 24 
38 26 17 33 24 
38 26 17 33 24 
38 26 17 33 46 
38 26 17 33 46 
38 26 28 33 46 
38 26 28 33 46 
51 26 28 33 46 
51 26 28 33 46 
51 38 28 33 46 
51 56 28 33 46 
51 56 42 33 46 
51 56 42 33 60 
62 56 42 33 60 
62 56 42 48 60 
62 56 42 48 60 
74 56 42 48 60 
74 56 54 64 60 
74 56 54 64 60 
74 56 54 75 60 
74 56 54 75 71 
74 56 54 75 71 
74 56 73 75 71 
74 56 73 75 71 
74 56 73 75 71 
74 84 73 75 71 
74 84 73 75 84 
74 84 84 75 84 
74 84 84 75 84 
74 84 84 75 84 
74 84 84 75 84 
74 84 84 75 84 
74 84 84 75 84 
74 84 84 75 84 
74 84 84 93 84 
87 84 84 93 84 
87 99 84 93 84 
87 99 84 93 84 
87 99 84 93 102 
87 99 84 93 102 
87 117 84 93 102 
87 117 119 93 102 
87 117 119 93 102 
87 117 119 117 102 
112 117 119 117 102 
112 117 119 117 115 
123 117 119 117 115 
123 117 119 117 128 
123 117 119 130 128 
123 117 119 130 128 
123 117 119 130 140 
123 117 119 151 140 
123 117 119 151 152 
141 117 132 151 152 
141 147 132 151 152 
141 147 142 151 152 
141 158 142 151 152 
141 158 142 151 152 
141 158 142 151 152 
172 158 142 151 152 
172 158 142 151 164 
172 158 177 151 164 
172 176 177 151 164 
172 176 177 151 176 
172 188 177 151 176 
172 188 194 151 176 
172 188 194 178 176 
172 188 194 178 176 
172 188 194 178 198 
172 188 194 178 198 
172 188 194 194 198 
172 188 207 194 198 
172 188 207 194 198 
172 200 207 194 198 
208 200 207 194 198 
208 200 207 194 217 
222 200 207 194 217 
222 200 207 194 217 
222 200 207 194 217 
222 200 207 216 217 
222 200 207 216 232 
268.0 254.0 262.0 252.0 250.0 
;
EXECUTION TIME HBSS: 193.26530695 seconds 

-------------------------------------------------------------------
