DATFILE : bwopen0_10r_250.dat
ENVIRONMENT : bwopen
ALGORITHM : HBSS - TAU 3
RANGE : _250
STARTING_POS : 0
N_ROBOTS : 10
GREEDY SOLUTION : 286.0
COMPUTATIONS T :
298.0
289.0
279.0
281.0
292.0
284.0
288.0
291.0
290.0
279.0
287.0
277.0
280.0
283.0
295.0
285.0
292.0
286.0
277.0
297.0
295.0
281.0
271.0
289.0
287.0
277.0
286.0
286.0
279.0
294.0
294.0
286.0
301.0
294.0
285.0
297.0
290.0
288.0
286.0
281.0
280.0
287.0
286.0
306.0
277.0
301.0
293.0
277.0
288.0
278.0
290.0
278.0
297.0
289.0
283.0
296.0
274.0
280.0
300.0
288.0
283.0
291.0
287.0
286.0
286.0
302.0
287.0
282.0
287.0
292.0
296.0
293.0
289.0
277.0
289.0
301.0
290.0
294.0
279.0
308.0
284.0
287.0
286.0
292.0
281.0
299.0
299.0
287.0
291.0
290.0
293.0
278.0
276.0
284.0
290.0
293.0
292.0
288.0
290.0
295.0
283.0
290.0
295.0
291.0
290.0
292.0
285.0
296.0
286.0
279.0
296.0
287.0
283.0
285.0
281.0
311.0
285.0
293.0
277.0
293.0
281.0
285.0
295.0
276.0
289.0
268.0
292.0
288.0
286.0
284.0
285.0
286.0
282.0
289.0
284.0
273.0
279.0
293.0
280.0
287.0
275.0
284.0
284.0
284.0
285.0
282.0
296.0
281.0
283.0
276.0
293.0
283.0
279.0
290.0
297.0
271.0
293.0
287.0
283.0
285.0
291.0
288.0
291.0
283.0
295.0
291.0
291.0
289.0
292.0
286.0
280.0
284.0
296.0
278.0
285.0
289.0
286.0
293.0
292.0
273.0
287.0
296.0
289.0
282.0
290.0
284.0
285.0
290.0
285.0
281.0
283.0
277.0
281.0
281.0
291.0
285.0
290.0
272.0
292.0
286.0
;
HBBS bestT : 268.0
BEST_CONFIGURATIONS : 
0 0 0 0 0 0 0 0 0 0 
0 4 0 0 0 0 0 0 0 0 
0 4 26 0 0 0 0 0 0 0 
0 4 26 0 0 0 0 0 0 0 
0 4 26 1 0 0 0 0 0 0 
0 4 26 1 0 0 0 0 0 0 
0 4 26 1 0 0 0 0 0 0 
0 4 26 1 5 0 0 0 0 0 
0 4 26 1 5 22 0 0 0 0 
0 4 26 1 5 22 0 0 0 0 
0 4 26 1 5 22 0 0 0 0 
0 4 26 1 5 22 0 0 0 0 
0 4 26 1 5 22 0 0 0 0 
0 4 26 1 5 22 0 0 0 0 
0 4 26 1 5 22 22 0 0 0 
0 4 26 1 5 22 22 0 0 0 
0 4 26 1 5 22 22 4 8 0 
0 4 26 1 5 22 22 4 8 0 
0 4 26 1 5 22 22 4 8 0 
0 4 26 1 5 22 22 4 8 0 
0 26 26 1 5 22 22 4 8 27 
0 26 5 1 5 22 22 4 8 27 
0 26 5 1 5 22 22 4 8 27 
0 26 5 1 5 22 22 4 13 27 
0 26 5 1 5 22 8 4 13 27 
5 26 5 1 9 22 8 4 13 27 
5 22 5 1 9 22 8 4 13 9 
5 22 26 1 9 22 8 4 13 9 
5 22 26 1 9 22 8 4 13 9 
5 22 26 1 9 22 8 4 17 9 
5 22 26 1 9 22 8 13 17 9 
5 22 26 27 9 22 8 13 17 9 
5 22 26 27 9 22 8 13 17 10 
5 22 26 27 9 22 8 13 17 10 
5 8 26 27 9 22 8 13 25 10 
5 8 26 27 9 13 8 13 25 10 
5 8 26 27 9 13 8 17 25 10 
9 8 26 27 9 13 8 17 25 15 
9 8 26 27 9 13 8 17 25 15 
9 8 26 27 10 13 8 17 25 15 
9 8 26 27 10 13 14 17 25 15 
9 13 26 27 10 13 14 17 25 15 
9 13 22 27 10 13 14 17 25 15 
9 13 22 27 10 17 14 17 25 15 
9 13 22 27 10 17 14 17 25 15 
9 13 22 27 10 17 14 25 25 15 
9 13 22 27 10 17 14 25 25 15 
9 13 22 27 10 17 14 25 18 15 
9 13 22 27 10 17 14 25 18 15 
9 13 22 27 10 17 14 25 18 15 
9 13 22 27 10 17 14 25 18 15 
9 13 22 27 10 17 14 25 18 15 
9 13 22 24 10 17 14 25 18 15 
9 13 22 24 10 17 14 25 18 15 
9 13 22 24 10 17 14 25 18 15 
9 13 22 24 10 17 14 25 18 15 
9 13 22 24 10 17 14 25 18 15 
9 13 22 24 15 17 18 25 18 15 
9 13 22 6 15 17 18 25 18 15 
9 13 22 6 15 18 18 25 19 15 
9 13 22 6 15 18 18 25 19 10 
9 13 22 6 15 18 18 25 19 10 
9 13 22 6 15 18 18 14 19 10 
9 13 22 6 15 18 18 14 19 10 
9 13 27 6 15 18 18 14 19 10 
24 13 27 6 15 18 18 14 19 10 
24 13 27 6 15 18 15 14 20 10 
24 13 27 6 15 18 15 14 20 10 
24 13 27 6 15 19 15 14 20 10 
24 10 27 6 15 19 15 14 20 11 
24 10 27 6 15 19 15 14 20 11 
24 10 27 6 15 19 15 14 20 11 
24 10 27 6 15 19 15 14 20 11 
24 10 27 6 15 19 15 14 20 11 
24 10 2 6 15 19 15 14 20 11 
24 10 2 6 15 19 15 14 20 11 
24 10 2 6 15 19 15 27 20 11 
24 10 2 6 20 19 15 27 23 11 
24 10 2 6 20 19 15 27 23 21 
24 10 2 6 20 19 15 27 23 21 
24 10 2 6 20 19 15 27 23 21 
24 11 2 6 20 19 15 27 16 21 
24 11 2 6 20 19 15 27 16 21 
24 11 2 6 20 19 15 27 16 21 
24 11 2 6 20 23 15 27 16 21 
24 11 2 6 20 23 15 1 16 21 
6 11 2 6 20 23 15 1 16 7 
6 11 2 6 20 23 15 1 12 7 
6 11 2 6 23 23 15 1 12 7 
6 11 2 6 23 23 15 1 12 7 
6 11 2 21 23 23 15 1 12 7 
6 11 2 21 23 23 15 1 12 7 
6 11 2 21 23 23 15 1 12 7 
6 11 2 21 23 16 15 1 12 7 
6 11 2 3 23 16 15 1 12 7 
6 11 2 3 23 16 15 1 12 7 
6 11 2 3 23 16 15 1 12 7 
6 11 2 3 23 16 21 1 12 7 
0 0 0 0 0 0 0 0 0 0 
;
ROBOT MOVING BEST:
0 0 0 0 0 0 0 0 0 0 
1 1 0 0 0 0 0 0 0 0 
1 0 1 0 0 0 0 0 0 0 
0 1 1 0 0 0 0 0 0 0 
1 0 0 1 0 0 0 0 0 0 
0 1 0 1 0 0 0 0 0 0 
0 0 1 1 0 0 0 0 0 0 
1 0 0 0 1 0 0 0 0 0 
1 0 0 0 0 1 0 0 0 0 
0 1 0 0 1 0 0 0 0 0 
0 1 0 0 0 1 0 0 0 0 
0 0 1 0 1 0 0 0 0 0 
0 0 1 0 0 1 0 0 0 0 
0 0 0 1 1 0 0 0 0 0 
0 0 0 1 0 0 1 0 0 0 
0 0 0 0 1 1 0 0 0 0 
0 0 0 0 0 0 0 1 1 0 
0 0 0 0 1 0 0 0 1 0 
0 0 1 0 0 0 0 0 1 0 
0 0 0 0 0 1 0 0 1 0 
0 1 0 0 0 0 0 0 0 1 
0 0 1 0 0 0 0 0 0 1 
0 0 0 1 0 0 0 0 0 1 
0 0 0 0 0 1 0 0 1 0 
0 0 0 0 0 0 1 0 1 0 
1 0 0 0 1 0 0 0 0 0 
0 1 0 0 0 0 0 0 0 1 
0 0 1 0 1 0 0 0 0 0 
0 0 0 1 1 0 0 0 0 0 
0 0 0 0 0 0 1 0 1 0 
0 0 0 0 0 0 0 1 1 0 
0 0 0 1 1 0 0 0 0 0 
0 0 0 1 0 0 0 0 0 1 
0 0 0 0 1 0 0 0 0 1 
0 1 0 0 0 0 0 0 1 0 
0 0 0 0 0 1 0 0 1 0 
0 0 0 0 0 0 0 1 1 0 
1 0 0 0 0 0 0 0 0 1 
0 0 0 0 0 0 0 0 1 1 
0 0 0 0 1 0 0 0 0 1 
1 0 0 0 0 0 1 0 0 0 
0 1 0 0 0 0 1 0 0 0 
0 0 1 0 0 0 1 0 0 0 
0 0 0 0 0 1 1 0 0 0 
0 0 0 0 1 0 1 0 0 0 
0 0 0 0 0 0 1 1 0 0 
0 0 0 0 0 0 1 0 0 1 
1 0 0 0 0 0 0 0 1 0 
0 0 0 0 0 1 0 0 1 0 
0 1 0 0 0 0 0 0 1 0 
0 0 0 0 0 0 1 0 1 0 
0 0 0 0 1 0 0 0 1 0 
0 0 0 1 0 0 0 0 0 1 
0 0 0 0 0 0 0 1 1 0 
0 0 0 1 1 0 0 0 0 0 
1 0 0 1 0 0 0 0 0 0 
0 0 0 1 0 0 1 0 0 0 
0 0 0 0 1 0 1 0 0 0 
1 0 0 1 0 0 0 0 0 0 
0 0 0 0 0 1 0 0 1 0 
0 0 0 1 0 0 0 0 0 1 
0 0 0 0 1 0 0 0 1 0 
0 0 0 0 0 0 0 1 1 0 
0 0 0 0 0 0 0 0 1 1 
0 0 1 1 0 0 0 0 0 0 
1 0 1 0 0 0 0 0 0 0 
0 0 0 0 0 0 1 0 1 0 
1 0 0 1 0 0 0 0 0 0 
0 0 0 0 0 1 0 0 1 0 
0 1 0 0 0 0 0 0 0 1 
0 0 0 0 0 0 1 0 0 1 
1 0 0 0 0 0 0 0 0 1 
0 0 0 1 0 0 0 0 0 1 
0 0 0 0 0 0 0 0 1 1 
1 0 1 0 0 0 0 0 0 0 
0 0 1 1 0 0 0 0 0 0 
0 0 1 0 0 0 0 1 0 0 
0 0 0 0 1 0 0 0 1 0 
1 0 0 0 0 0 0 0 0 1 
0 0 1 0 0 0 0 0 0 1 
0 0 0 1 0 0 0 0 0 1 
0 1 0 0 0 0 0 0 1 0 
0 1 0 0 0 0 0 0 0 1 
0 0 0 0 1 0 0 0 1 0 
0 0 0 0 0 1 0 0 1 0 
0 0 1 0 0 0 0 1 0 0 
1 0 0 0 0 0 0 0 0 1 
0 1 0 0 0 0 0 0 1 0 
0 0 0 0 1 0 0 0 1 0 
0 1 0 0 0 0 0 0 0 1 
0 0 0 1 0 0 0 0 0 1 
0 0 0 1 0 0 0 0 1 0 
0 0 0 0 0 0 0 0 1 1 
0 0 0 0 0 1 0 0 1 0 
1 0 0 1 0 0 0 0 0 0 
0 0 1 1 0 0 0 0 0 0 
0 0 0 1 0 0 0 0 0 1 
0 0 0 1 0 0 1 0 0 0 
1 1 1 1 1 1 1 1 1 1 
;
TIMETABLE BEST: 
0.0 0.0 0.0 0.0 0.0 0.0 0.0 0.0 0.0 0.0 
14 14 0 0 0 0 0 0 0 0 
17 14 17 0 0 0 0 0 0 0 
17 17 17 0 0 0 0 0 0 0 
18 17 17 18 0 0 0 0 0 0 
18 18 17 18 0 0 0 0 0 0 
18 18 18 18 0 0 0 0 0 0 
24 18 18 18 24 0 0 0 0 0 
24 18 18 18 24 24 0 0 0 0 
24 24 18 18 24 24 0 0 0 0 
24 24 18 18 24 24 0 0 0 0 
24 24 24 18 24 24 0 0 0 0 
24 24 24 18 24 24 0 0 0 0 
24 24 24 24 24 24 0 0 0 0 
24 24 24 24 24 24 24 0 0 0 
24 24 24 24 24 24 24 0 0 0 
24 24 24 24 24 24 24 26 26 0 
24 24 24 24 26 24 24 26 26 0 
24 24 26 24 26 24 24 26 26 0 
24 24 26 24 26 26 24 26 26 0 
24 35 26 24 26 26 24 26 26 35 
24 35 35 24 26 26 24 26 26 35 
24 35 35 35 26 26 24 26 26 35 
24 35 35 35 26 39 24 26 39 35 
24 35 35 35 26 39 39 26 39 35 
48 35 35 35 48 39 39 26 39 35 
48 50 35 35 48 39 39 26 39 50 
48 50 48 35 48 39 39 26 39 50 
48 50 48 48 48 39 39 26 39 50 
48 50 48 48 48 39 50 26 50 50 
48 50 48 48 48 39 50 53 53 50 
48 50 48 63 63 39 50 53 53 50 
48 50 48 64 63 39 50 53 53 64 
48 50 48 64 64 39 50 53 53 64 
48 65 48 64 64 39 50 53 65 64 
48 65 48 64 64 65 50 53 65 64 
48 65 48 64 64 65 50 65 65 64 
75 65 48 64 64 65 50 65 65 75 
75 65 48 64 64 65 50 65 75 75 
75 65 48 64 78 65 50 65 75 78 
80 65 48 64 78 65 80 65 75 78 
80 80 48 64 78 65 80 65 75 78 
80 80 80 64 78 65 80 65 75 78 
80 80 80 64 78 80 80 65 75 78 
80 80 80 64 80 80 80 65 75 78 
80 80 80 64 80 80 80 80 75 78 
80 80 80 64 80 80 80 80 75 80 
88 80 80 64 80 80 80 80 88 80 
88 80 80 64 80 88 80 80 88 80 
88 88 80 64 80 88 80 80 88 80 
88 88 80 64 80 88 88 80 88 80 
88 88 80 64 88 88 88 80 88 80 
88 88 80 90 88 88 88 80 88 90 
88 88 80 90 88 88 88 88 88 90 
88 88 80 90 90 88 88 88 88 90 
90 88 80 90 90 88 88 88 88 90 
90 88 80 90 90 88 90 88 88 90 
90 88 80 90 101 88 101 88 88 90 
103 88 80 103 101 88 101 88 88 90 
103 88 80 103 101 108 101 88 108 90 
103 88 80 103 101 108 101 88 108 103 
103 88 80 103 108 108 101 88 108 103 
103 88 80 103 108 108 101 108 108 103 
103 88 80 103 108 108 101 108 108 108 
103 88 111 111 108 108 101 108 108 108 
118 88 118 111 108 108 101 108 108 108 
118 88 118 111 108 108 121 108 121 108 
118 88 118 118 108 108 121 108 121 108 
118 88 118 118 108 128 121 108 128 108 
118 129 118 118 108 128 121 108 128 129 
118 129 118 118 108 128 129 108 128 129 
129 129 118 118 108 128 129 108 128 129 
129 129 118 129 108 128 129 108 128 129 
129 129 118 129 108 128 129 108 129 129 
137 129 137 129 108 128 129 108 129 129 
137 129 137 137 108 128 129 108 129 129 
137 129 139 137 108 128 129 139 129 129 
137 129 139 137 139 128 129 139 139 129 
148 129 139 137 139 128 129 139 139 148 
148 129 148 137 139 128 129 139 139 148 
148 129 148 148 139 128 129 139 139 148 
148 150 148 148 139 128 129 139 150 148 
148 150 148 148 139 128 129 139 150 150 
148 150 148 148 150 128 129 139 150 150 
148 150 148 148 150 151 129 139 151 150 
148 150 154 148 150 151 129 154 151 150 
162 150 154 148 150 151 129 154 151 162 
162 162 154 148 150 151 129 154 162 162 
162 162 154 148 162 151 129 154 162 162 
162 162 154 148 162 151 129 154 162 162 
162 162 154 162 162 151 129 154 162 162 
162 162 154 162 162 151 129 154 162 162 
162 162 154 162 162 151 129 154 162 162 
162 162 154 162 162 162 129 154 162 162 
174 162 154 174 162 162 129 154 162 162 
174 162 174 174 162 162 129 154 162 162 
174 162 174 174 162 162 129 154 162 174 
174 162 174 178 162 162 178 154 162 174 
228.0 233.0 210.0 236.0 268.0 263.0 240.0 172.0 254.0 248.0 
;
EXECUTION TIME HBSS: 1021.95102191 seconds 

-------------------------------------------------------------------
