DATFILE : bwopen0_3r_250.dat
ENVIRONMENT : bwopen
ALGORITHM : HBSS - TAU 7
RANGE : 250
STARTING_POS : 0
N_ROBOTS : 3
GREEDY SOLUTION : 814.0
COMPUTATIONS T :
814.0
814.0
814.0
873.0
876.0
832.0
807.0
846.0
814.0
814.0
833.0
814.0
814.0
814.0
814.0
814.0
814.0
814.0
794.0
774.0
814.0
814.0
751.0
814.0
814.0
833.0
759.0
814.0
879.0
809.0
817.0
772.0
803.0
847.0
830.0
814.0
814.0
814.0
879.0
814.0
821.0
806.0
814.0
814.0
814.0
814.0
836.0
814.0
814.0
812.0
764.0
814.0
814.0
804.0
814.0
814.0
767.0
760.0
814.0
832.0
812.0
773.0
820.0
855.0
853.0
814.0
814.0
747.0
814.0
814.0
759.0
814.0
814.0
830.0
814.0
828.0
814.0
853.0
825.0
748.0
825.0
869.0
834.0
761.0
814.0
771.0
892.0
766.0
788.0
814.0
814.0
857.0
814.0
814.0
812.0
882.0
814.0
768.0
870.0
814.0
814.0
869.0
814.0
814.0
814.0
814.0
814.0
816.0
788.0
814.0
766.0
838.0
814.0
814.0
849.0
814.0
826.0
814.0
814.0
814.0
760.0
814.0
788.0
814.0
814.0
832.0
767.0
820.0
824.0
825.0
794.0
814.0
768.0
814.0
814.0
814.0
814.0
814.0
814.0
814.0
847.0
768.0
825.0
851.0
825.0
814.0
879.0
825.0
768.0
836.0
814.0
814.0
814.0
814.0
752.0
814.0
814.0
794.0
814.0
814.0
814.0
814.0
768.0
814.0
747.0
846.0
814.0
819.0
816.0
806.0
814.0
814.0
827.0
814.0
814.0
838.0
814.0
814.0
838.0
814.0
819.0
825.0
814.0
814.0
768.0
814.0
810.0
814.0
814.0
757.0
814.0
814.0
814.0
814.0
814.0
814.0
837.0
855.0
773.0
814.0
;
HBBS bestT : 747.0
BEST_CONFIGURATIONS : 
0 0 0 
0 4 0 
0 4 26 
0 4 26 
0 4 5 
0 4 5 
0 26 5 
1 26 5 
1 26 5 
1 4 5 
1 4 22 
1 4 22 
1 26 22 
27 26 22 
27 26 5 
27 22 5 
9 5 5 
9 5 22 
9 26 22 
9 26 8 
9 5 8 
14 22 8 
14 22 8 
14 4 8 
25 4 8 
17 8 8 
17 8 13 
17 8 13 
13 22 13 
13 22 25 
17 22 25 
13 22 18 
13 9 18 
13 9 14 
13 9 14 
17 9 14 
17 10 14 
25 10 14 
25 15 14 
25 15 14 
25 15 18 
25 10 18 
25 15 18 
17 15 18 
17 14 18 
17 9 15 
15 9 10 
15 9 10 
10 9 24 
10 9 24 
15 9 24 
15 27 24 
10 27 24 
10 27 6 
10 27 6 
24 27 6 
24 9 6 
6 9 21 
6 24 21 
6 24 3 
6 2 3 
6 2 3 
21 2 3 
21 2 3 
7 2 3 
7 6 3 
7 6 21 
7 11 21 
7 11 21 
7 11 6 
12 11 6 
12 11 21 
16 11 21 
12 11 7 
16 12 7 
23 12 7 
23 12 16 
20 12 16 
20 12 23 
20 11 23 
19 11 20 
19 10 20 
19 15 20 
19 15 20 
19 14 20 
19 18 20 
19 15 11 
19 10 11 
14 24 11 
14 24 11 
14 2 24 
27 2 24 
27 2 9 
1 2 9 
1 2 9 
1 2 27 
0 1 27 
0 1 22 
0 0 0 
;
ROBOT MOVING BEST:
0 0 0 
1 1 0 
1 0 1 
0 1 1 
1 0 1 
0 1 1 
0 1 1 
1 1 0 
1 0 1 
1 1 0 
1 0 1 
0 1 1 
0 1 1 
1 1 0 
1 0 1 
0 1 1 
1 1 0 
1 0 1 
1 1 0 
0 1 1 
0 1 1 
1 1 0 
0 1 1 
0 1 1 
1 0 1 
1 1 0 
1 0 1 
0 1 1 
1 1 0 
1 0 1 
1 0 1 
1 0 1 
0 1 1 
1 0 1 
0 1 1 
1 0 1 
0 1 1 
1 0 1 
1 1 0 
0 1 1 
1 0 1 
0 1 1 
0 1 1 
1 0 1 
0 1 1 
0 1 1 
1 0 1 
0 1 1 
1 0 1 
0 1 1 
1 0 1 
0 1 1 
1 1 0 
1 0 1 
0 1 1 
1 0 1 
0 1 1 
1 0 1 
0 1 1 
1 0 1 
0 1 1 
1 1 0 
1 1 0 
1 0 1 
1 0 1 
1 1 0 
1 0 1 
1 1 0 
0 1 1 
0 1 1 
1 1 0 
1 0 1 
1 1 0 
1 0 1 
1 1 0 
1 1 0 
1 0 1 
1 0 1 
1 0 1 
1 1 0 
1 0 1 
1 1 0 
1 1 0 
0 1 1 
1 1 0 
1 1 0 
0 1 1 
0 1 1 
1 1 0 
0 1 1 
0 1 1 
1 1 0 
1 0 1 
1 1 0 
1 0 1 
1 0 1 
1 1 0 
1 0 1 
0 1 1 
;
TIMETABLE BEST: 
0.0 0.0 0.0 
14 14 0 
17 14 17 
17 17 17 
26 17 26 
26 26 26 
26 37 37 
44 44 37 
44 44 44 
55 55 44 
56 55 56 
56 56 56 
56 67 67 
71 71 67 
79 71 79 
79 82 82 
94 94 82 
94 94 94 
103 103 94 
103 106 106 
103 115 115 
127 127 115 
127 127 127 
127 139 139 
143 139 143 
155 155 143 
156 155 156 
156 156 156 
168 168 156 
169 168 169 
180 168 180 
193 168 193 
193 193 193 
204 193 204 
204 204 204 
215 204 215 
215 218 218 
227 218 227 
229 229 227 
229 229 229 
240 229 240 
240 240 240 
240 251 251 
252 251 252 
252 264 264 
252 282 282 
293 282 293 
293 293 293 
306 293 306 
306 306 306 
317 306 317 
317 321 321 
328 328 321 
334 328 334 
334 334 334 
347 334 347 
347 349 349 
361 349 361 
361 364 364 
376 364 376 
376 383 383 
383 383 383 
395 395 383 
395 395 395 
407 395 407 
413 413 407 
419 413 419 
430 430 419 
430 430 430 
430 442 442 
448 448 442 
454 448 454 
465 465 454 
476 465 476 
492 492 476 
503 503 476 
503 503 503 
513 503 513 
524 503 524 
530 530 524 
543 530 543 
551 551 543 
562 562 543 
562 562 562 
575 575 562 
586 586 562 
586 604 604 
586 615 615 
628 628 615 
628 628 628 
628 647 647 
659 659 647 
662 659 662 
677 677 662 
677 677 677 
692 677 692 
710 710 692 
723 710 723 
723.0 728.0 747.0 
;
EXECUTION TIME HBSS: 55.7696509361 seconds 

-------------------------------------------------------------------
