DATFILE : bwopen0_6r_250.dat
ENVIRONMENT : bwopen
ALGORITHM : HBSS - TAU 5
RANGE : 250
STARTING_POS : 0
N_ROBOTS : 6
GREEDY SOLUTION : 380.0
COMPUTATIONS T :
368.0
367.0
385.0
364.0
380.0
395.0
367.0
380.0
380.0
368.0
375.0
366.0
412.0
397.0
383.0
369.0
385.0
380.0
358.0
379.0
388.0
383.0
347.0
405.0
397.0
351.0
385.0
360.0
380.0
408.0
375.0
380.0
367.0
418.0
386.0
392.0
380.0
381.0
428.0
380.0
380.0
358.0
360.0
373.0
339.0
387.0
407.0
414.0
347.0
377.0
351.0
380.0
380.0
364.0
380.0
371.0
405.0
412.0
349.0
375.0
376.0
407.0
382.0
384.0
415.0
405.0
391.0
389.0
385.0
380.0
398.0
365.0
408.0
340.0
381.0
375.0
365.0
408.0
398.0
380.0
427.0
380.0
400.0
380.0
347.0
380.0
361.0
399.0
417.0
392.0
361.0
345.0
397.0
353.0
379.0
388.0
393.0
380.0
378.0
411.0
380.0
411.0
363.0
413.0
362.0
369.0
361.0
380.0
386.0
405.0
380.0
355.0
347.0
347.0
411.0
335.0
380.0
380.0
380.0
375.0
376.0
380.0
368.0
375.0
376.0
374.0
411.0
420.0
356.0
419.0
413.0
349.0
370.0
441.0
383.0
380.0
361.0
349.0
384.0
384.0
414.0
380.0
370.0
384.0
411.0
353.0
402.0
406.0
380.0
356.0
413.0
388.0
377.0
359.0
415.0
387.0
425.0
372.0
375.0
380.0
397.0
341.0
362.0
424.0
379.0
385.0
375.0
412.0
372.0
408.0
380.0
404.0
397.0
351.0
340.0
385.0
380.0
389.0
366.0
388.0
380.0
421.0
384.0
358.0
383.0
343.0
418.0
372.0
380.0
372.0
368.0
405.0
378.0
340.0
390.0
380.0
345.0
354.0
364.0
392.0
;
HBBS bestT : 335.0
BEST_CONFIGURATIONS : 
0 0 0 0 0 0 
0 4 0 0 0 0 
0 4 26 0 0 0 
0 4 26 0 0 0 
0 4 26 1 0 0 
0 4 26 1 0 0 
0 4 26 1 0 0 
0 4 26 1 5 0 
0 4 26 1 5 22 
0 4 26 1 5 22 
0 4 26 1 5 22 
0 4 26 1 5 22 
0 4 26 1 5 22 
0 4 26 1 5 22 
0 4 26 1 5 22 
0 4 26 1 5 22 
0 4 26 1 5 8 
0 4 5 1 5 8 
0 4 5 1 22 8 
0 4 5 27 22 8 
26 4 5 27 22 8 
26 4 5 27 22 8 
22 4 5 27 22 13 
22 8 5 27 22 13 
22 8 5 9 22 13 
22 8 5 9 22 13 
22 8 5 9 26 13 
22 8 5 9 26 17 
22 8 22 14 26 17 
22 8 22 14 26 17 
13 8 22 14 26 17 
13 8 22 14 26 17 
13 8 22 18 26 17 
13 8 22 18 26 17 
13 8 22 18 9 17 
13 25 8 18 9 17 
13 25 8 18 9 17 
13 25 8 18 9 17 
13 25 8 18 9 17 
13 25 8 18 10 17 
25 14 8 18 10 17 
25 14 8 18 10 17 
25 14 8 18 15 17 
25 14 8 18 15 17 
25 14 8 18 15 17 
25 14 8 18 10 17 
25 14 9 18 10 17 
25 14 9 18 10 17 
25 14 9 18 10 15 
25 14 9 18 10 15 
14 14 9 19 10 15 
14 14 9 19 10 15 
14 14 9 19 10 15 
14 18 9 19 10 15 
14 18 24 19 10 15 
14 18 24 19 10 15 
14 18 24 19 10 15 
14 18 24 20 10 15 
14 19 24 20 10 15 
14 19 6 20 10 15 
9 19 6 20 10 15 
9 19 6 20 24 15 
9 20 6 23 24 15 
9 20 6 23 24 15 
9 20 6 23 24 11 
9 20 6 23 24 11 
9 20 6 23 24 11 
9 20 6 16 24 11 
9 20 6 16 24 11 
10 20 6 16 24 11 
10 23 6 16 24 11 
10 23 21 16 24 11 
10 23 21 16 24 11 
15 23 21 16 24 11 
15 16 21 12 24 11 
15 16 21 12 24 11 
15 16 21 12 24 11 
15 16 21 12 6 11 
15 23 21 12 6 11 
15 23 7 12 6 11 
15 23 7 12 6 11 
15 23 7 12 6 11 
27 23 7 12 6 11 
27 23 3 12 6 11 
27 23 3 12 6 24 
27 23 3 7 6 24 
27 23 3 7 21 24 
27 23 3 7 21 24 
27 23 3 7 21 10 
27 23 3 7 21 9 
27 23 2 7 21 9 
27 3 2 7 21 9 
27 3 2 6 21 9 
27 3 2 6 21 9 
27 3 2 6 21 24 
1 3 2 6 21 24 
1 3 2 6 21 9 
1 3 27 6 21 9 
0 0 0 0 0 0 
;
ROBOT MOVING BEST:
0 0 0 0 0 0 
1 1 0 0 0 0 
1 0 1 0 0 0 
0 1 1 0 0 0 
1 0 0 1 0 0 
0 1 0 1 0 0 
0 0 1 1 0 0 
1 0 0 0 1 0 
1 0 0 0 0 1 
0 1 0 0 1 0 
0 1 0 0 0 1 
0 0 1 0 1 0 
0 0 1 0 0 1 
0 0 0 1 1 0 
0 0 0 1 0 1 
0 0 0 0 1 1 
0 1 0 0 0 1 
0 0 1 0 0 1 
0 0 0 0 1 1 
0 0 1 1 0 0 
1 0 0 1 0 0 
1 0 0 0 0 1 
1 0 0 0 0 1 
0 1 0 0 0 1 
1 0 0 1 0 0 
0 0 1 1 0 0 
0 0 0 1 1 0 
0 1 0 0 0 1 
0 0 1 1 0 0 
0 0 0 1 0 1 
1 0 0 1 0 0 
1 0 0 0 0 1 
1 0 0 1 0 0 
0 0 0 1 0 1 
0 0 0 1 1 0 
0 1 1 0 0 0 
1 1 0 0 0 0 
0 1 0 1 0 0 
0 1 0 0 0 1 
0 0 0 1 1 0 
1 1 0 0 0 0 
0 1 0 1 0 0 
1 0 0 0 1 0 
0 1 0 0 1 0 
0 0 0 1 1 0 
0 1 0 0 1 0 
0 0 1 0 1 0 
0 1 1 0 0 0 
0 0 1 0 0 1 
0 0 0 0 1 1 
1 0 0 1 0 0 
0 0 0 1 1 0 
0 0 0 1 0 1 
0 1 0 1 0 0 
1 0 1 0 0 0 
0 0 1 0 1 0 
0 0 1 0 0 1 
0 0 0 1 0 1 
0 1 0 1 0 0 
0 0 1 0 1 0 
1 0 1 0 0 0 
1 0 0 0 1 0 
0 1 0 1 0 0 
0 0 1 0 1 0 
0 1 0 0 0 1 
0 0 1 0 0 1 
0 0 0 0 1 1 
0 1 0 1 0 0 
0 0 0 1 0 1 
1 0 0 0 0 1 
0 1 0 1 0 0 
0 0 1 0 1 0 
0 0 1 0 0 1 
1 0 0 0 0 1 
0 1 0 1 0 0 
0 0 1 1 0 0 
0 0 0 1 0 1 
0 0 1 0 1 0 
0 1 0 1 0 0 
0 0 1 1 0 0 
0 0 1 0 1 0 
0 0 1 0 0 1 
1 0 0 0 1 0 
0 0 1 0 1 0 
1 0 0 0 0 1 
0 0 1 1 0 0 
0 0 1 0 1 0 
0 0 0 1 1 0 
1 0 0 0 0 1 
1 0 0 0 0 1 
1 0 1 0 0 0 
0 1 1 0 0 0 
0 0 1 1 0 0 
0 0 1 0 1 0 
0 0 1 0 0 1 
1 0 1 0 0 0 
1 0 0 0 0 1 
1 0 1 0 0 0 
1 1 1 1 1 1 
;
TIMETABLE BEST: 
0.0 0.0 0.0 0.0 0.0 0.0 
14 14 0 0 0 0 
17 14 17 0 0 0 
17 17 17 0 0 0 
18 17 17 18 0 0 
18 18 17 18 0 0 
18 18 18 18 0 0 
24 18 18 18 24 0 
24 18 18 18 24 24 
24 24 18 18 24 24 
24 24 18 18 24 24 
24 24 24 18 24 24 
24 24 24 18 24 24 
24 24 24 24 24 24 
24 24 24 24 24 24 
24 24 24 24 24 24 
24 36 24 24 24 36 
24 36 36 24 24 36 
24 36 36 24 36 36 
24 36 39 39 36 36 
41 36 39 41 36 36 
41 36 39 41 36 41 
54 36 39 41 36 54 
54 54 39 41 36 54 
56 54 39 56 36 54 
56 54 56 56 36 54 
56 54 56 56 56 54 
56 65 56 56 56 65 
56 65 72 72 56 65 
56 65 72 72 56 72 
75 65 72 75 56 72 
75 65 72 75 56 75 
86 65 72 86 56 75 
86 65 72 86 56 86 
86 65 72 87 87 86 
86 91 91 87 87 86 
91 91 91 87 87 86 
91 91 91 91 87 86 
91 91 91 91 87 91 
91 91 91 101 101 91 
107 107 91 101 101 91 
107 107 91 107 101 91 
112 107 91 107 112 91 
112 112 91 107 112 91 
112 112 91 112 112 91 
112 123 91 112 123 91 
112 123 123 112 123 91 
112 123 123 112 123 91 
112 123 126 112 123 126 
112 123 126 112 126 126 
132 123 126 132 126 126 
132 123 126 132 132 126 
132 123 126 132 132 132 
132 134 126 134 132 132 
141 134 141 134 132 132 
141 134 141 134 141 132 
141 134 141 134 141 141 
141 134 141 147 141 147 
141 154 141 154 141 147 
141 154 154 154 154 147 
157 154 157 154 154 147 
167 154 157 154 167 147 
167 167 157 167 167 147 
167 167 167 167 167 147 
167 177 167 167 167 177 
167 177 177 167 167 177 
167 177 177 167 177 177 
167 178 177 178 177 177 
167 178 177 178 177 178 
181 178 177 178 177 181 
181 188 177 188 177 181 
181 188 189 188 189 181 
181 188 189 188 189 189 
192 188 189 188 189 192 
192 199 189 199 189 192 
192 199 199 199 189 192 
192 199 199 199 189 199 
192 199 202 199 202 199 
192 210 202 210 202 199 
192 210 214 214 202 199 
192 210 214 214 214 199 
192 210 214 214 214 214 
226 210 214 214 226 214 
226 210 230 214 230 214 
232 210 230 214 230 232 
232 210 232 232 230 232 
232 210 242 232 242 232 
232 210 242 242 242 232 
245 210 242 242 242 245 
259 210 242 242 242 259 
264 210 264 242 242 259 
264 264 264 242 242 259 
264 264 264 264 242 259 
264 264 264 264 264 259 
264 264 274 264 264 274 
279 264 279 264 264 274 
289 264 279 264 264 289 
298 264 298 264 264 289 
316.0 322.0 331.0 318.0 326.0 335.0 
;
EXECUTION TIME HBSS: 312.976737022 seconds 

-------------------------------------------------------------------
