DATFILE : bwopen0_5r_250.dat
ENVIRONMENT : bwopen
ALGORITHM : HBSS - TAU 5
RANGE : 250
STARTING_POS : 0
N_ROBOTS : 5
GREEDY SOLUTION : [ 1488.]
COMPUTATIONS D :
1402
1570
1556
1410
1488
1314
1456
1634
1556
1346
1488
1486
1506
1432
1644
1326
1406
1308
1500
1552
1488
1384
1424
1362
1432
1588
1338
1512
1548
1390
1406
1404
1348
1488
1338
1612
1414
1292
1326
1506
1488
1564
1356
1462
1516
1390
1394
1488
1278
1498
1488
1404
1476
1496
1294
1488
1356
1420
1488
1388
1462
1534
1456
1600
1488
1356
1426
1564
1384
1394
1488
1694
1524
1488
1434
1440
1426
1434
1570
1486
1460
1452
1416
1548
1580
1488
1456
1498
1488
1446
1386
1488
1342
1466
1596
1510
1488
1356
1434
1390
1560
1430
1408
1390
1680
1444
1464
1380
1488
1398
1614
1496
1394
1516
1506
1486
1356
1496
1318
1426
1380
1338
1434
1394
1478
1434
1390
1488
1516
1556
1488
1508
1478
1314
1488
1488
1410
1254
1416
1488
1370
1488
1346
1498
1410
1492
1408
1436
1356
1594
1342
1416
1436
1392
1390
1426
1488
1284
1404
1546
1390
1486
1496
1504
1402
1680
1388
1334
1424
1488
1286
1380
1442
1394
1304
1542
1408
1314
1398
1488
1486
1696
1456
1414
1314
1488
1488
1488
1396
1362
1434
1488
1456
1456
1488
1346
1384
1414
1364
1408
;
HBBS sumD : 1254
BEST_CONFIGURATIONS : 
0 0 0 0 0 
0 4 0 0 0 
0 4 26 0 0 
0 4 26 1 0 
0 4 26 1 5 
0 22 26 1 5 
4 22 26 1 5 
4 22 26 1 5 
4 22 26 1 5 
4 22 26 1 5 
4 22 26 1 5 
4 22 26 1 5 
4 22 26 1 5 
22 22 26 1 5 
22 22 26 1 5 
22 22 26 1 5 
22 22 26 27 5 
8 22 26 27 5 
8 22 26 27 5 
8 22 26 27 5 
8 22 26 27 9 
8 22 26 27 9 
8 22 4 27 9 
8 22 4 27 9 
13 22 4 27 9 
13 22 4 27 9 
13 5 4 27 9 
13 1 4 27 9 
13 1 8 27 9 
13 1 8 27 10 
17 1 8 27 10 
17 1 8 9 10 
17 1 8 9 10 
25 1 8 9 10 
25 1 22 14 10 
25 1 22 14 10 
25 1 22 18 10 
25 27 22 18 24 
25 27 13 18 24 
25 27 13 18 24 
25 27 13 18 24 
25 27 13 18 6 
25 27 17 18 6 
25 27 17 18 6 
25 27 17 14 6 
25 27 17 14 6 
13 27 17 14 6 
13 9 17 14 6 
13 9 17 14 6 
13 9 17 14 6 
13 9 17 18 6 
13 9 17 18 24 
13 14 17 18 24 
13 14 17 14 24 
25 15 17 14 24 
25 15 17 14 24 
25 15 18 14 24 
25 15 18 14 24 
25 10 18 14 24 
25 10 19 14 24 
25 10 19 14 10 
25 10 19 15 10 
18 10 19 15 10 
18 10 19 15 10 
18 10 19 15 9 
18 10 20 15 9 
19 10 20 15 9 
19 11 20 15 9 
19 11 20 10 9 
19 11 20 10 9 
19 11 20 10 6 
20 11 23 10 6 
20 11 23 24 6 
20 11 23 24 6 
20 11 16 24 6 
20 11 16 24 6 
20 11 16 24 6 
23 11 16 24 6 
23 21 16 24 6 
23 21 16 24 2 
23 21 12 24 2 
23 21 12 11 2 
23 21 12 11 2 
23 21 12 11 2 
16 21 12 11 2 
16 21 12 11 2 
16 7 12 11 2 
16 7 12 11 2 
16 7 12 6 2 
16 7 12 6 2 
16 3 12 6 2 
16 3 12 6 2 
16 3 21 6 2 
7 3 21 21 2 
7 3 21 21 2 
7 3 21 21 2 
7 27 21 21 2 
7 27 21 1 2 
0 0 0 0 0 
;
ROBOT MOVING BEST:
0 0 0 0 0 
1 1 0 0 0 
1 0 1 0 0 
1 0 0 1 0 
1 0 0 0 1 
1 1 0 0 0 
1 0 0 1 0 
1 0 1 0 0 
1 0 0 0 1 
0 0 1 1 0 
1 1 0 0 0 
0 0 1 0 1 
0 0 0 1 1 
1 0 1 0 0 
1 0 0 1 0 
1 0 0 0 1 
0 0 1 1 0 
1 0 1 0 0 
0 0 0 1 1 
1 0 0 0 1 
0 0 1 0 1 
1 1 0 0 0 
1 0 1 0 0 
0 1 0 0 1 
1 1 0 0 0 
0 0 0 1 1 
0 1 0 0 1 
0 1 0 1 0 
1 0 1 0 0 
0 0 0 1 1 
1 0 1 0 0 
0 1 0 1 0 
0 0 0 1 1 
1 0 1 0 0 
0 0 1 1 0 
0 0 0 1 1 
0 0 0 1 1 
0 1 0 0 1 
1 0 1 0 0 
0 0 1 1 0 
1 0 0 1 0 
0 1 0 0 1 
1 0 1 0 0 
0 0 1 1 0 
1 0 0 1 0 
0 0 1 1 0 
1 0 1 0 0 
0 1 0 1 0 
0 1 0 0 1 
1 0 0 1 0 
0 1 0 1 0 
0 1 0 0 1 
0 1 0 1 0 
0 0 0 1 1 
1 1 0 0 0 
0 1 0 0 1 
0 1 1 0 0 
0 1 0 1 0 
0 1 0 0 1 
0 0 1 1 0 
0 0 1 0 1 
0 0 0 1 1 
1 0 1 0 0 
0 0 1 1 0 
0 0 0 1 1 
0 0 1 1 0 
1 0 1 0 0 
0 1 0 1 0 
0 1 0 1 0 
0 1 1 0 0 
0 0 0 1 1 
1 0 1 0 0 
0 1 0 1 0 
0 0 0 1 1 
1 0 1 0 0 
0 1 0 0 1 
0 1 1 0 0 
1 0 1 0 0 
0 1 0 1 0 
0 0 0 1 1 
1 0 1 0 0 
0 1 0 1 0 
0 0 1 1 0 
0 1 1 0 0 
1 0 1 0 0 
0 1 0 0 1 
0 1 0 1 0 
0 1 1 0 0 
0 0 0 1 1 
0 1 0 1 0 
0 1 0 0 1 
0 1 0 1 0 
0 0 1 1 0 
1 0 0 1 0 
0 1 0 1 0 
1 1 0 0 0 
0 1 0 0 1 
0 0 0 1 1 
1 1 1 1 1 
;
TIMETABLE BEST: 
0.0 0.0 0.0 0.0 0.0 
0 14 0 0 0 
0 14 17 0 0 
0 14 17 18 0 
0 14 17 18 24 
0 26 17 18 24 
14 26 17 18 24 
14 26 17 18 24 
14 26 17 18 24 
14 26 17 18 24 
14 26 17 18 24 
14 26 17 18 24 
14 26 17 18 24 
26 26 17 18 24 
26 26 17 18 24 
26 26 17 18 24 
26 26 17 33 24 
38 26 17 33 24 
38 26 17 33 24 
38 26 17 33 24 
38 26 17 33 46 
38 26 17 33 46 
38 26 28 33 46 
38 26 28 33 46 
51 26 28 33 46 
51 26 28 33 46 
51 38 28 33 46 
51 56 28 33 46 
51 56 42 33 46 
51 56 42 33 60 
62 56 42 33 60 
62 56 42 48 60 
62 56 42 48 60 
74 56 42 48 60 
74 56 54 64 60 
74 56 54 64 60 
74 56 54 75 60 
74 71 54 75 73 
74 71 73 75 73 
74 71 73 75 73 
74 71 73 75 73 
74 71 73 75 86 
74 71 84 75 86 
74 71 84 75 86 
74 71 84 86 86 
74 71 84 86 86 
87 71 84 86 86 
87 86 84 86 86 
87 86 84 86 86 
87 86 84 86 86 
87 86 84 97 86 
87 86 84 97 99 
87 102 84 97 99 
87 102 84 108 99 
100 115 84 108 99 
100 115 84 108 99 
100 115 101 108 99 
100 115 101 108 99 
100 126 101 108 99 
100 126 121 108 99 
100 126 121 108 112 
100 126 121 121 112 
113 126 121 121 112 
113 126 121 121 112 
113 126 121 121 126 
113 126 134 121 126 
133 126 134 121 126 
133 147 134 121 126 
133 147 134 132 126 
133 147 134 132 126 
133 147 134 132 154 
146 147 144 132 154 
146 147 144 145 154 
146 147 144 145 154 
146 147 155 145 154 
146 147 155 145 154 
146 147 155 145 154 
156 147 155 145 154 
156 166 155 145 154 
156 166 155 145 172 
156 166 166 145 172 
156 166 166 163 172 
156 166 166 163 172 
156 166 166 163 172 
167 166 166 163 172 
167 166 166 163 172 
167 178 166 163 172 
167 178 166 163 172 
167 178 166 180 172 
167 178 166 180 172 
167 194 166 180 172 
167 194 166 180 172 
167 194 196 180 172 
194 194 196 192 172 
194 194 196 192 172 
194 194 196 192 172 
194 233 196 192 172 
194 233 196 236 172 
268.0 266.0 258.0 254.0 208.0 
;
EXECUTION TIME HBSS: 217.319788933 seconds 

-------------------------------------------------------------------
