DATFILE : bwopen0_6r_250.dat
ENVIRONMENT : bwopen
ALGORITHM : HBSS - TAU 7
RANGE : 250
STARTING_POS : 0
N_ROBOTS : 6
GREEDY SOLUTION : 380.0
COMPUTATIONS T :
380.0
380.0
380.0
380.0
380.0
380.0
380.0
380.0
380.0
380.0
380.0
380.0
402.0
380.0
375.0
380.0
380.0
380.0
420.0
380.0
380.0
380.0
380.0
375.0
384.0
383.0
380.0
374.0
380.0
380.0
380.0
380.0
353.0
370.0
380.0
381.0
380.0
384.0
380.0
385.0
380.0
353.0
380.0
356.0
405.0
411.0
402.0
349.0
380.0
380.0
380.0
380.0
380.0
380.0
349.0
395.0
370.0
380.0
389.0
361.0
380.0
380.0
380.0
380.0
375.0
380.0
351.0
380.0
380.0
380.0
380.0
384.0
380.0
383.0
380.0
374.0
380.0
380.0
380.0
380.0
380.0
380.0
380.0
380.0
380.0
380.0
380.0
380.0
380.0
389.0
380.0
380.0
380.0
380.0
380.0
380.0
380.0
380.0
380.0
380.0
384.0
354.0
340.0
380.0
345.0
380.0
431.0
380.0
349.0
380.0
380.0
382.0
334.0
380.0
380.0
380.0
380.0
380.0
380.0
365.0
380.0
380.0
382.0
383.0
380.0
379.0
380.0
380.0
380.0
380.0
380.0
380.0
380.0
370.0
384.0
380.0
411.0
380.0
380.0
381.0
380.0
361.0
380.0
380.0
380.0
380.0
380.0
384.0
388.0
380.0
380.0
380.0
369.0
380.0
380.0
420.0
385.0
380.0
370.0
369.0
384.0
380.0
380.0
380.0
361.0
354.0
395.0
380.0
398.0
351.0
380.0
380.0
380.0
380.0
350.0
380.0
380.0
370.0
380.0
380.0
380.0
380.0
380.0
380.0
380.0
365.0
380.0
385.0
380.0
380.0
380.0
411.0
385.0
380.0
380.0
380.0
380.0
380.0
380.0
420.0
;
HBBS bestT : 334.0
BEST_CONFIGURATIONS : 
0 0 0 0 0 0 
0 4 0 0 0 0 
0 4 26 0 0 0 
0 4 26 0 0 0 
0 4 26 1 0 0 
0 4 26 1 0 0 
0 4 26 1 0 0 
0 4 26 1 5 0 
0 4 26 1 5 22 
0 4 26 1 5 22 
0 4 26 1 5 22 
0 4 26 1 5 22 
0 4 26 1 5 22 
0 4 26 1 5 22 
0 4 26 1 5 22 
0 4 26 1 5 22 
0 4 26 1 5 8 
0 4 5 1 5 8 
0 4 5 1 22 8 
0 4 5 27 22 8 
26 4 5 27 22 8 
26 4 5 27 22 8 
22 4 5 27 22 13 
22 8 5 27 22 13 
22 8 5 9 22 13 
22 8 5 9 22 13 
22 8 5 9 26 13 
22 8 5 9 26 17 
22 8 22 14 26 17 
22 8 22 14 26 17 
13 8 22 14 26 17 
13 8 22 14 26 17 
13 8 22 18 26 17 
13 8 22 18 26 17 
13 8 22 18 9 17 
13 25 8 18 9 17 
13 25 8 18 9 17 
13 25 8 18 9 17 
13 25 8 18 9 17 
13 25 8 18 10 17 
25 14 8 18 10 17 
25 14 8 18 10 17 
25 14 8 18 10 17 
25 14 8 18 15 17 
25 14 8 18 15 17 
25 14 8 18 15 17 
25 14 9 18 15 17 
25 14 9 18 15 17 
25 14 9 18 15 19 
25 14 9 18 15 19 
25 14 9 18 15 19 
25 14 9 18 10 19 
25 14 9 18 10 19 
25 15 9 18 10 19 
15 15 9 18 10 20 
15 15 9 19 10 20 
15 15 24 19 10 20 
15 10 24 19 10 20 
15 10 24 19 9 20 
15 10 24 20 9 23 
14 24 24 20 9 23 
14 24 6 20 9 23 
14 24 6 20 9 23 
14 24 6 20 9 16 
14 24 21 20 9 16 
9 24 21 20 27 16 
9 24 21 20 27 16 
9 24 21 23 27 16 
9 24 6 23 27 16 
9 10 6 23 27 16 
9 10 6 23 27 16 
9 10 6 16 27 12 
11 10 6 16 27 12 
11 10 6 16 27 12 
11 10 6 12 27 12 
11 10 6 12 27 16 
11 10 6 12 2 16 
11 15 6 12 2 16 
11 15 6 12 2 23 
11 15 21 12 2 23 
11 15 21 12 2 23 
11 15 21 12 2 23 
11 15 21 12 2 20 
11 15 7 12 2 20 
11 15 7 12 2 20 
11 24 7 12 2 20 
11 24 7 12 2 20 
11 24 3 12 2 20 
11 6 3 12 2 20 
11 6 3 7 2 20 
11 6 3 7 2 20 
21 6 3 7 2 20 
21 6 3 7 2 20 
21 6 3 7 2 20 
21 6 3 7 1 9 
21 2 3 7 1 9 
2 2 3 7 1 27 
2 2 3 7 1 27 
0 0 0 0 0 0 
;
ROBOT MOVING BEST:
0 0 0 0 0 0 
1 1 0 0 0 0 
1 0 1 0 0 0 
0 1 1 0 0 0 
1 0 0 1 0 0 
0 1 0 1 0 0 
0 0 1 1 0 0 
1 0 0 0 1 0 
1 0 0 0 0 1 
0 1 0 0 1 0 
0 1 0 0 0 1 
0 0 1 0 1 0 
0 0 1 0 0 1 
0 0 0 1 1 0 
0 0 0 1 0 1 
0 0 0 0 1 1 
0 1 0 0 0 1 
0 0 1 0 0 1 
0 0 0 0 1 1 
0 0 1 1 0 0 
1 0 0 1 0 0 
1 0 0 0 0 1 
1 0 0 0 0 1 
0 1 0 0 0 1 
1 0 0 1 0 0 
0 0 1 1 0 0 
0 0 0 1 1 0 
0 1 0 0 0 1 
0 0 1 1 0 0 
0 0 0 1 0 1 
1 0 0 1 0 0 
1 0 0 0 0 1 
1 0 0 1 0 0 
0 0 0 1 0 1 
0 0 0 1 1 0 
0 1 1 0 0 0 
1 1 0 0 0 0 
0 1 0 1 0 0 
0 1 0 0 0 1 
0 0 0 1 1 0 
1 1 0 0 0 0 
0 1 0 1 0 0 
0 1 0 0 1 0 
1 0 0 0 1 0 
0 1 0 0 1 0 
0 0 0 1 1 0 
0 0 1 0 1 0 
0 1 1 0 0 0 
0 0 0 0 1 1 
0 1 0 0 0 1 
0 0 0 1 0 1 
0 0 1 0 1 0 
0 0 0 0 1 1 
0 1 0 0 1 0 
1 0 0 0 0 1 
0 0 0 1 0 1 
1 0 1 0 0 0 
0 1 1 0 0 0 
0 0 1 0 1 0 
0 0 0 1 0 1 
1 1 0 0 0 0 
0 0 1 0 1 0 
0 1 1 0 0 0 
0 0 0 1 0 1 
0 1 1 0 0 0 
1 0 0 0 1 0 
0 1 0 0 1 0 
0 0 0 1 0 1 
0 0 1 0 1 0 
0 1 1 0 0 0 
0 1 0 0 1 0 
0 0 0 1 0 1 
1 0 1 0 0 0 
1 1 0 0 0 0 
1 0 0 1 0 0 
1 0 0 0 0 1 
0 0 1 0 1 0 
1 1 0 0 0 0 
0 0 0 1 0 1 
1 0 1 0 0 0 
0 0 1 1 0 0 
0 0 1 0 1 0 
1 0 0 0 0 1 
1 0 1 0 0 0 
0 0 1 1 0 0 
1 1 0 0 0 0 
0 1 0 0 1 0 
0 0 1 0 1 0 
0 1 1 0 0 0 
0 1 0 1 0 0 
0 0 1 1 0 0 
1 0 1 0 0 0 
1 1 0 0 0 0 
1 0 0 1 0 0 
0 0 0 0 1 1 
0 1 0 0 1 0 
1 0 0 0 0 1 
0 0 0 0 1 1 
1 1 1 1 1 1 
;
TIMETABLE BEST: 
0.0 0.0 0.0 0.0 0.0 0.0 
14 14 0 0 0 0 
17 14 17 0 0 0 
17 17 17 0 0 0 
18 17 17 18 0 0 
18 18 17 18 0 0 
18 18 18 18 0 0 
24 18 18 18 24 0 
24 18 18 18 24 24 
24 24 18 18 24 24 
24 24 18 18 24 24 
24 24 24 18 24 24 
24 24 24 18 24 24 
24 24 24 24 24 24 
24 24 24 24 24 24 
24 24 24 24 24 24 
24 36 24 24 24 36 
24 36 36 24 24 36 
24 36 36 24 36 36 
24 36 39 39 36 36 
41 36 39 41 36 36 
41 36 39 41 36 41 
54 36 39 41 36 54 
54 54 39 41 36 54 
56 54 39 56 36 54 
56 54 56 56 36 54 
56 54 56 56 56 54 
56 65 56 56 56 65 
56 65 72 72 56 65 
56 65 72 72 56 72 
75 65 72 75 56 72 
75 65 72 75 56 75 
86 65 72 86 56 75 
86 65 72 86 56 86 
86 65 72 87 87 86 
86 91 91 87 87 86 
91 91 91 87 87 86 
91 91 91 91 87 86 
91 91 91 91 87 91 
91 91 91 101 101 91 
107 107 91 101 101 91 
107 107 91 107 101 91 
107 107 91 107 107 91 
118 107 91 107 118 91 
118 118 91 107 118 91 
118 118 91 118 118 91 
118 118 123 118 123 91 
118 123 123 118 123 91 
118 123 123 118 126 126 
118 126 123 118 126 126 
118 126 123 126 126 126 
118 126 137 126 137 126 
118 126 137 126 137 137 
118 139 137 126 139 137 
150 139 137 126 139 150 
150 139 137 150 139 150 
152 139 152 150 139 150 
152 152 152 150 139 150 
152 152 153 150 153 150 
152 152 153 163 153 163 
165 165 153 163 153 163 
165 165 166 163 166 163 
165 166 166 163 166 163 
165 166 166 174 166 174 
165 178 178 174 166 174 
181 178 178 174 181 174 
181 181 178 174 181 174 
181 181 178 184 181 184 
181 181 190 184 190 184 
181 194 194 184 190 184 
181 194 194 184 194 184 
181 194 194 195 194 195 
206 194 206 195 194 195 
206 206 206 195 194 195 
206 206 206 206 194 195 
206 206 206 206 194 206 
206 206 213 206 213 206 
217 217 213 206 213 206 
217 217 213 217 213 217 
225 217 225 217 213 217 
225 217 225 225 213 217 
225 217 225 225 225 217 
227 217 225 225 225 227 
237 217 237 225 225 227 
237 217 237 237 225 227 
241 241 237 237 225 227 
241 241 237 237 241 227 
241 241 253 237 253 227 
241 254 254 237 253 227 
241 255 254 255 253 227 
241 255 255 255 253 227 
260 255 260 255 253 227 
260 260 260 255 253 227 
260 260 260 260 253 227 
260 260 260 260 277 277 
260 278 260 260 278 277 
292 278 260 260 278 292 
292 278 260 260 292 292 
328.0 314.0 318.0 334.0 310.0 325.0 
;
EXECUTION TIME HBSS: 325.205925941 seconds 

-------------------------------------------------------------------
