DATFILE : bwopen0_9r_250.dat
ENVIRONMENT : bwopen
ALGORITHM : HBSS - TAU 5
RANGE : 250
STARTING_POS : 0
N_ROBOTS : 9
GREEDY SOLUTION : 311.0
COMPUTATIONS T :
311.0
301.0
302.0
311.0
313.0
311.0
297.0
301.0
302.0
299.0
285.0
311.0
299.0
325.0
301.0
301.0
301.0
295.0
307.0
287.0
297.0
302.0
311.0
297.0
311.0
299.0
288.0
296.0
313.0
296.0
297.0
297.0
306.0
296.0
295.0
311.0
290.0
294.0
303.0
290.0
299.0
311.0
311.0
309.0
300.0
298.0
289.0
299.0
299.0
297.0
304.0
300.0
311.0
306.0
295.0
312.0
311.0
315.0
301.0
295.0
312.0
302.0
313.0
311.0
296.0
287.0
315.0
304.0
305.0
299.0
311.0
295.0
297.0
313.0
294.0
301.0
308.0
301.0
304.0
303.0
311.0
289.0
304.0
311.0
306.0
311.0
295.0
301.0
305.0
295.0
303.0
311.0
294.0
308.0
304.0
295.0
293.0
301.0
303.0
311.0
306.0
311.0
299.0
311.0
318.0
298.0
294.0
296.0
311.0
295.0
295.0
307.0
300.0
311.0
299.0
310.0
304.0
311.0
311.0
311.0
310.0
293.0
311.0
313.0
306.0
294.0
307.0
303.0
305.0
311.0
290.0
300.0
307.0
311.0
288.0
301.0
297.0
296.0
287.0
308.0
286.0
296.0
311.0
290.0
301.0
298.0
309.0
311.0
302.0
307.0
296.0
301.0
289.0
308.0
290.0
308.0
307.0
312.0
290.0
304.0
308.0
294.0
305.0
297.0
288.0
297.0
290.0
294.0
307.0
301.0
302.0
318.0
306.0
306.0
294.0
296.0
311.0
309.0
305.0
296.0
284.0
311.0
301.0
301.0
311.0
311.0
298.0
285.0
298.0
305.0
296.0
303.0
307.0
305.0
297.0
312.0
301.0
296.0
311.0
305.0
;
HBBS bestT : 284.0
BEST_CONFIGURATIONS : 
0 0 0 0 0 0 0 0 0 
0 0 4 0 0 0 0 0 0 
0 26 4 0 0 0 0 0 0 
0 26 4 0 0 0 0 0 0 
0 26 4 1 0 0 0 0 0 
0 26 4 1 0 0 0 0 0 
0 26 4 1 0 0 0 0 0 
0 26 4 1 5 0 0 0 0 
0 26 4 1 5 22 0 0 0 
0 26 4 1 5 22 0 0 0 
0 26 4 1 5 22 0 0 0 
0 26 4 1 5 22 0 0 0 
0 26 4 1 5 22 0 0 0 
0 26 4 1 5 22 0 0 0 
0 26 4 1 5 22 0 0 0 
0 26 4 1 5 22 0 0 0 
0 26 4 1 5 22 4 8 0 
0 26 4 1 5 22 4 8 0 
0 26 4 1 5 22 4 8 0 
0 26 4 1 5 22 4 8 0 
0 26 26 1 5 22 4 8 27 
0 5 26 1 5 22 4 8 27 
0 5 26 1 5 22 4 8 27 
0 5 26 1 22 22 4 13 27 
0 5 26 1 22 8 4 13 27 
8 5 26 1 22 8 4 17 27 
8 5 26 1 22 8 4 17 9 
8 5 22 1 22 8 4 17 9 
8 5 22 1 22 8 4 17 9 
8 5 22 1 22 8 26 17 9 
8 5 22 1 22 13 26 17 9 
8 5 22 1 22 13 26 25 9 
8 5 22 1 13 13 26 25 9 
8 5 22 1 13 17 26 25 9 
8 5 22 27 13 17 26 25 9 
13 5 22 27 13 17 26 18 9 
13 9 22 27 13 17 26 18 9 
13 9 22 27 17 17 26 18 9 
13 9 22 27 17 25 26 18 9 
13 9 22 27 17 25 26 18 10 
13 9 22 27 17 25 26 18 10 
13 9 22 27 17 25 26 18 10 
13 9 14 27 17 25 26 18 10 
13 9 14 27 17 25 26 18 10 
13 9 14 27 17 25 26 18 10 
13 9 14 27 17 25 26 18 10 
13 9 14 27 17 25 22 18 10 
13 9 14 27 17 25 22 18 10 
13 9 14 27 17 25 22 18 10 
13 9 14 27 17 25 22 18 15 
13 9 14 27 17 25 22 18 15 
13 9 14 27 17 25 22 18 15 
13 9 14 27 18 25 22 18 15 
13 9 14 27 18 25 22 19 15 
13 9 14 27 18 25 22 19 15 
13 9 14 27 18 25 22 19 15 
13 9 14 24 18 25 22 19 15 
13 9 14 24 18 25 22 19 15 
13 9 14 24 18 25 22 19 15 
13 9 14 24 18 25 27 19 15 
13 9 14 24 18 25 27 20 15 
15 10 14 24 18 25 27 20 15 
15 10 14 24 18 25 27 20 15 
15 10 14 24 19 25 27 20 15 
15 10 14 24 19 25 27 20 15 
10 10 14 6 19 25 27 20 15 
10 10 14 6 19 9 27 20 15 
10 10 14 6 19 9 2 20 15 
10 24 14 6 19 9 2 20 15 
10 24 14 6 19 9 2 20 15 
10 24 14 6 20 9 2 23 15 
10 24 27 6 20 9 2 23 15 
10 24 27 6 20 9 2 23 15 
10 24 27 6 20 9 2 23 11 
10 24 27 6 20 9 2 23 11 
10 24 27 6 20 9 2 23 11 
10 24 27 6 20 9 2 23 11 
10 24 27 6 20 9 2 16 11 
10 24 27 6 20 9 2 16 11 
10 24 1 6 20 9 2 16 11 
10 24 1 6 20 15 2 16 11 
10 24 1 6 23 15 2 16 11 
10 24 1 21 23 15 2 16 11 
10 24 1 21 23 15 2 16 11 
10 24 1 21 23 15 2 16 11 
11 24 1 21 23 15 2 12 11 
11 24 1 21 23 15 2 12 11 
11 24 1 21 16 15 2 12 11 
11 6 1 21 16 15 2 12 11 
11 6 1 21 23 15 2 12 11 
11 6 1 21 23 15 3 12 11 
11 6 2 21 23 15 3 12 11 
11 6 2 21 23 15 3 12 11 
11 6 2 21 23 15 3 12 7 
11 6 2 21 23 15 3 12 7 
11 6 2 21 23 15 3 12 7 
11 6 2 21 23 15 3 12 7 
11 6 2 21 23 15 3 12 7 
0 0 0 0 0 0 0 0 0 
;
ROBOT MOVING BEST:
0 0 0 0 0 0 0 0 0 
1 0 1 0 0 0 0 0 0 
1 1 0 0 0 0 0 0 0 
0 1 1 0 0 0 0 0 0 
1 0 0 1 0 0 0 0 0 
0 1 0 1 0 0 0 0 0 
0 0 1 1 0 0 0 0 0 
1 0 0 0 1 0 0 0 0 
1 0 0 0 0 1 0 0 0 
0 1 0 0 1 0 0 0 0 
0 1 0 0 0 1 0 0 0 
0 0 1 0 1 0 0 0 0 
0 0 1 0 0 1 0 0 0 
0 0 0 1 1 0 0 0 0 
0 0 0 1 0 1 0 0 0 
0 0 0 0 1 1 0 0 0 
0 0 0 0 0 0 1 1 0 
0 1 0 0 0 0 0 1 0 
0 0 0 0 1 0 0 1 0 
0 0 0 0 0 1 0 1 0 
0 0 1 0 0 0 0 0 1 
0 1 0 0 0 0 0 0 1 
0 0 0 1 0 0 0 0 1 
0 0 0 0 1 0 0 1 0 
0 0 0 0 0 1 0 1 0 
1 0 0 0 0 0 0 1 0 
0 1 0 0 0 0 0 0 1 
0 0 1 0 0 0 0 0 1 
0 0 0 1 0 0 0 0 1 
0 0 0 0 0 0 1 0 1 
0 0 0 0 0 1 0 1 0 
1 0 0 0 0 0 0 1 0 
0 0 0 0 1 0 0 1 0 
0 0 0 0 0 1 0 1 0 
0 0 0 1 0 0 0 0 1 
1 0 0 0 0 0 0 1 0 
0 1 0 0 0 0 0 1 0 
0 0 0 0 1 0 0 1 0 
0 0 0 0 0 1 0 1 0 
0 1 0 0 0 0 0 0 1 
0 0 0 1 0 0 0 0 1 
0 0 0 0 0 0 0 1 1 
0 0 1 0 0 1 0 0 0 
1 0 1 0 0 0 0 0 0 
0 1 1 0 0 0 0 0 0 
0 0 1 0 1 0 0 0 0 
0 0 1 0 0 0 1 0 0 
0 0 1 0 0 0 0 1 0 
0 0 1 0 0 0 0 0 1 
0 1 0 0 0 0 0 0 1 
0 0 1 0 0 0 0 0 1 
0 0 0 0 0 1 0 0 1 
0 0 0 0 1 0 0 0 1 
0 0 1 0 0 0 0 1 0 
0 0 0 0 1 0 0 1 0 
0 0 0 0 0 0 0 1 1 
0 0 1 1 0 0 0 0 0 
0 1 0 1 0 0 0 0 0 
0 0 0 1 0 0 0 0 1 
0 0 0 1 0 0 1 0 0 
0 0 0 0 0 0 0 1 1 
1 1 0 0 0 0 0 0 0 
0 1 0 1 0 0 0 0 0 
0 1 0 0 1 0 0 0 0 
0 0 0 0 1 0 0 1 0 
1 0 0 1 0 0 0 0 0 
0 0 0 1 0 1 0 0 0 
0 0 0 1 0 0 1 0 0 
0 1 0 1 0 0 0 0 0 
0 1 0 0 0 0 1 0 0 
0 0 0 0 1 0 0 1 0 
0 0 1 0 0 0 1 0 0 
0 0 1 1 0 0 0 0 0 
0 0 0 1 0 0 0 0 1 
1 0 0 0 0 0 0 0 1 
0 1 0 0 0 0 0 0 1 
0 0 0 0 1 0 0 0 1 
0 0 0 0 1 0 0 1 0 
0 0 0 0 0 0 0 1 1 
0 0 1 0 0 0 1 0 0 
0 0 0 0 0 1 0 0 1 
0 0 0 0 1 0 0 1 0 
0 1 0 1 0 0 0 0 0 
0 0 0 1 0 0 1 0 0 
0 0 0 1 0 0 0 0 1 
1 0 0 0 0 0 0 1 0 
0 0 0 1 0 0 0 1 0 
0 0 0 0 1 0 0 1 0 
0 1 0 1 0 0 0 0 0 
0 0 0 0 1 0 0 1 0 
0 1 0 0 0 0 1 0 0 
0 0 1 0 0 0 1 0 0 
0 0 0 1 0 0 1 0 0 
0 0 0 0 0 0 1 0 1 
1 0 0 0 0 0 0 0 1 
0 1 0 0 0 0 0 0 1 
0 0 0 1 0 0 0 0 1 
0 0 0 0 0 0 0 1 1 
1 1 1 1 1 1 1 1 1 
;
TIMETABLE BEST: 
0.0 0.0 0.0 0.0 0.0 0.0 0.0 0.0 0.0 
14 0 14 0 0 0 0 0 0 
17 17 14 0 0 0 0 0 0 
17 17 17 0 0 0 0 0 0 
18 17 17 18 0 0 0 0 0 
18 18 17 18 0 0 0 0 0 
18 18 18 18 0 0 0 0 0 
24 18 18 18 24 0 0 0 0 
24 18 18 18 24 24 0 0 0 
24 24 18 18 24 24 0 0 0 
24 24 18 18 24 24 0 0 0 
24 24 24 18 24 24 0 0 0 
24 24 24 18 24 24 0 0 0 
24 24 24 24 24 24 0 0 0 
24 24 24 24 24 24 0 0 0 
24 24 24 24 24 24 0 0 0 
24 24 24 24 24 24 26 26 0 
24 26 24 24 24 24 26 26 0 
24 26 24 24 26 24 26 26 0 
24 26 24 24 26 26 26 26 0 
24 26 35 24 26 26 26 26 35 
24 35 35 24 26 26 26 26 35 
24 35 35 35 26 26 26 26 35 
24 35 35 35 39 26 26 39 35 
24 35 35 35 39 39 26 39 35 
50 35 35 35 39 39 26 50 35 
50 50 35 35 39 39 26 50 50 
50 50 50 35 39 39 26 50 50 
50 50 50 50 39 39 26 50 50 
50 50 50 50 39 39 50 50 50 
50 50 50 50 39 52 50 52 50 
64 50 50 50 39 52 50 64 50 
64 50 50 50 64 52 50 64 50 
64 50 50 50 64 64 50 64 50 
64 50 50 65 64 64 50 64 65 
77 50 50 65 64 64 50 77 65 
77 77 50 65 64 64 50 77 65 
77 77 50 65 77 64 50 77 65 
77 77 50 65 77 77 50 77 65 
77 79 50 65 77 77 50 77 79 
77 79 50 79 77 77 50 77 79 
77 79 50 79 77 77 50 79 79 
77 79 82 79 77 82 50 79 79 
82 79 82 79 77 82 50 79 79 
82 82 82 79 77 82 50 79 79 
82 82 82 79 82 82 50 79 79 
82 82 82 79 82 82 82 79 79 
82 82 82 79 82 82 82 82 79 
82 82 82 79 82 82 82 82 82 
82 93 82 79 82 82 82 82 93 
82 93 93 79 82 82 82 82 93 
82 93 93 79 82 93 82 82 93 
82 93 93 79 99 93 82 82 99 
82 93 102 79 99 93 82 102 99 
82 93 102 79 102 93 82 102 99 
82 93 102 79 102 93 82 102 102 
82 93 105 105 102 93 82 102 102 
82 105 105 105 102 93 82 102 102 
82 105 105 105 102 93 82 102 105 
82 105 105 113 102 93 113 102 105 
82 105 105 113 102 93 113 115 115 
119 119 105 113 102 93 113 115 115 
119 119 105 119 102 93 113 115 115 
119 122 105 119 122 93 113 115 115 
119 122 105 119 122 93 113 122 115 
132 122 105 132 122 93 113 122 115 
132 122 105 132 122 132 113 122 115 
132 122 105 132 122 132 132 122 115 
132 135 105 135 122 132 132 122 115 
132 135 105 135 122 132 135 122 115 
132 135 105 135 135 132 135 135 115 
132 135 136 135 135 132 136 135 115 
132 135 136 136 135 132 136 135 115 
132 135 136 145 135 132 136 135 145 
145 135 136 145 135 132 136 135 145 
145 145 136 145 135 132 136 135 145 
145 145 136 145 145 132 136 135 145 
145 145 136 145 146 132 136 146 145 
145 145 136 145 146 132 136 146 146 
145 145 151 145 146 132 151 146 146 
145 145 151 145 146 153 151 146 153 
145 145 151 145 156 153 151 156 153 
145 157 151 157 156 153 151 156 153 
145 157 151 157 156 153 157 156 153 
145 157 151 157 156 153 157 156 157 
167 157 151 157 156 153 157 167 157 
167 157 151 167 156 153 157 167 157 
167 157 151 167 167 153 157 167 157 
167 170 151 170 167 153 157 167 157 
167 170 151 170 178 153 157 178 157 
167 179 151 170 178 153 179 178 157 
167 179 179 170 178 153 179 178 157 
167 179 179 179 178 153 179 178 157 
167 179 179 179 178 153 182 178 182 
182 179 179 179 178 153 182 178 182 
182 182 179 179 178 153 182 178 182 
182 182 179 182 178 153 182 178 182 
182 182 179 182 178 153 182 182 182 
253.0 236.0 215.0 244.0 284.0 220.0 240.0 274.0 256.0 
;
EXECUTION TIME HBSS: 929.587367058 seconds 

-------------------------------------------------------------------
