DATFILE : bwopen0_3r_250.dat
ENVIRONMENT : bwopen
ALGORITHM : HBSS - TAU 1
RANGE : 250
STARTING_POS : 0
N_ROBOTS : 3
GREEDY SOLUTION : [ 1658.]
COMPUTATIONS D :
4440
4694
5044
4820
4742
4816
4532
4482
4354
4578
4914
4588
4402
5336
4464
4416
4160
4672
4298
5024
4842
4580
4834
4792
5342
3954
4658
4464
4802
4870
4772
5246
5206
5192
4046
4778
4732
5224
3750
5032
4046
4386
5062
4512
4646
4616
4458
4412
4732
4534
4456
4158
5162
4578
4704
4434
4488
4294
5288
5130
4658
3924
4034
4944
4964
4688
4500
5530
5078
4096
5472
4792
4162
4274
4606
4968
4146
5548
4860
4952
4190
4772
4738
4252
4644
4974
4696
4654
4708
4320
3834
4302
3866
4816
4412
5038
4998
4676
4596
4750
4410
4754
4860
4238
5032
4318
4498
5028
4498
4750
5048
4464
4142
4554
5048
4046
4424
4738
4710
5512
4794
4828
4606
4086
4502
4728
4756
4244
4622
4796
4116
5084
3742
4748
4802
4532
4638
4812
4958
5018
4860
5020
5082
4614
4476
4570
4564
4724
4798
4384
4762
5030
4386
4746
4740
4936
4554
4214
5346
4584
4430
4768
4596
5096
4664
4602
4714
5172
4746
4614
4724
4756
5266
4618
4578
4500
4484
5026
4700
5048
4950
4436
4414
4302
4494
5220
4624
4704
4832
4552
4626
4202
4538
5196
4612
4270
4300
4654
4590
4256
;
HBBS sumD : 3742
BEST_CONFIGURATIONS : 
0 0 0 
1 5 0 
5 5 0 
5 5 4 
15 5 25 
15 5 22 
15 26 22 
15 10 22 
15 11 22 
8 11 22 
8 9 22 
8 13 8 
4 13 22 
5 13 27 
5 13 9 
9 13 10 
9 1 2 
24 1 2 
24 1 27 
10 1 27 
10 1 27 
9 1 27 
9 26 27 
6 26 27 
6 26 9 
24 26 9 
24 13 14 
24 13 18 
24 17 18 
24 17 10 
14 17 10 
14 18 10 
14 19 10 
18 19 10 
18 20 15 
19 20 20 
6 7 20 
10 7 19 
14 24 19 
14 12 16 
8 12 25 
13 12 25 
8 12 17 
8 12 11 
11 16 11 
11 20 11 
6 10 11 
6 10 24 
6 10 11 
21 24 11 
21 2 11 
21 6 11 
3 6 11 
21 6 12 
21 7 12 
21 3 12 
0 4 12 
4 4 26 
4 4 1 
0 4 1 
1 22 1 
18 22 25 
13 22 25 
13 5 8 
13 26 0 
9 27 0 
8 4 0 
8 22 0 
8 26 0 
8 26 1 
8 26 5 
14 22 5 
14 25 5 
18 25 9 
14 15 9 
14 15 24 
14 18 24 
15 18 24 
15 6 21 
11 6 21 
11 6 2 
7 6 3 
7 11 3 
12 23 3 
12 23 7 
20 23 7 
20 23 16 
17 25 16 
20 25 16 
9 25 6 
9 15 9 
9 14 9 
15 14 19 
15 14 10 
15 11 24 
17 13 24 
17 27 2 
17 3 2 
0 0 0 
;
ROBOT MOVING BEST:
0 0 0 
1 1 0 
1 0 1 
0 1 1 
1 0 1 
0 1 1 
0 1 1 
1 1 0 
1 1 0 
1 0 1 
0 1 1 
0 1 1 
1 0 1 
1 0 1 
1 0 1 
1 0 1 
0 1 1 
1 0 1 
1 0 1 
1 0 1 
0 1 1 
1 1 0 
0 1 1 
1 0 1 
0 1 1 
1 0 1 
0 1 1 
0 1 1 
0 1 1 
1 0 1 
1 1 0 
0 1 1 
1 1 0 
1 1 0 
0 1 1 
1 0 1 
1 1 0 
1 0 1 
1 1 0 
0 1 1 
1 0 1 
1 0 1 
1 0 1 
0 1 1 
1 1 0 
1 1 0 
1 1 0 
1 0 1 
0 1 1 
1 1 0 
1 1 0 
0 1 1 
1 1 0 
1 0 1 
1 1 0 
1 1 0 
1 1 0 
1 0 1 
0 1 1 
1 0 1 
1 1 0 
1 0 1 
1 1 0 
0 1 1 
0 1 1 
1 1 0 
1 1 0 
0 1 1 
1 1 0 
0 1 1 
0 1 1 
1 1 0 
1 1 0 
1 0 1 
1 1 0 
0 1 1 
1 1 0 
1 1 0 
0 1 1 
1 0 1 
0 1 1 
1 0 1 
1 1 0 
1 1 0 
1 0 1 
1 1 0 
0 1 1 
1 1 0 
1 0 1 
1 0 1 
0 1 1 
0 1 1 
1 0 1 
0 1 1 
0 1 1 
1 1 0 
0 1 1 
0 1 1 
1 1 1 
;
TIMETABLE BEST: 
0.0 0.0 0.0 
18 24 0 
36 24 0 
36 24 14 
79 24 54 
79 24 86 
79 33 86 
79 78 86 
79 99 86 
122 99 86 
122 124 86 
122 159 98 
136 159 110 
150 159 141 
150 159 156 
172 159 170 
172 208 202 
187 208 202 
187 208 221 
200 208 221 
200 208 221 
214 208 221 
214 227 221 
242 227 221 
242 227 236 
255 227 236 
255 257 252 
255 257 263 
255 268 263 
255 268 292 
286 268 292 
286 285 292 
286 305 292 
297 305 292 
297 318 303 
317 318 334 
362 364 334 
388 364 347 
406 395 347 
406 440 381 
436 440 446 
449 440 446 
462 440 458 
462 440 523 
519 451 523 
519 472 523 
536 508 523 
536 508 541 
536 508 559 
548 521 559 
548 540 559 
548 558 559 
560 558 559 
572 558 586 
572 578 586 
572 594 586 
634 664 586 
648 664 669 
648 664 688 
662 664 688 
680 676 688 
733 676 742 
759 676 742 
759 688 768 
759 697 794 
794 719 794 
826 752 794 
826 764 794 
826 775 794 
826 775 812 
826 775 830 
856 786 830 
856 818 830 
867 818 852 
878 841 852 
878 841 867 
878 859 867 
891 859 867 
891 914 892 
921 914 892 
921 914 918 
946 914 940 
946 931 940 
964 966 940 
964 966 956 
996 966 956 
996 966 983 
1044 1022 983 
1092 1022 983 
1142 1022 1030 
1142 1045 1058 
1142 1058 1058 
1163 1058 1095 
1163 1058 1126 
1163 1095 1139 
1198 1153 1139 
1198 1203 1158 
1198 1242 1158 
1248.0 1300.0 1194.0 
;
EXECUTION TIME HBSS: 55.0989809036 seconds 

-------------------------------------------------------------------
