DATFILE : bwopen0_6r_250.dat
ENVIRONMENT : bwopen
ALGORITHM : HBSS - TAU 4
RANGE : 250
STARTING_POS : 0
N_ROBOTS : 6
GREEDY SOLUTION : 380.0
COMPUTATIONS T :
453.0
368.0
349.0
340.0
411.0
404.0
361.0
380.0
382.0
355.0
437.0
415.0
369.0
388.0
398.0
407.0
353.0
408.0
397.0
376.0
446.0
383.0
362.0
347.0
385.0
355.0
342.0
394.0
386.0
359.0
404.0
359.0
416.0
378.0
378.0
381.0
359.0
447.0
399.0
392.0
369.0
342.0
415.0
382.0
361.0
413.0
357.0
380.0
415.0
383.0
373.0
426.0
363.0
356.0
339.0
434.0
390.0
367.0
395.0
411.0
345.0
394.0
366.0
377.0
379.0
350.0
390.0
380.0
340.0
380.0
422.0
352.0
347.0
352.0
395.0
424.0
371.0
380.0
406.0
398.0
415.0
395.0
375.0
402.0
381.0
381.0
355.0
411.0
395.0
377.0
365.0
373.0
372.0
372.0
396.0
363.0
431.0
357.0
359.0
417.0
403.0
398.0
390.0
418.0
378.0
374.0
397.0
424.0
400.0
430.0
393.0
376.0
369.0
402.0
361.0
394.0
380.0
380.0
357.0
407.0
396.0
366.0
352.0
351.0
390.0
374.0
353.0
426.0
408.0
380.0
385.0
383.0
361.0
369.0
376.0
374.0
391.0
354.0
371.0
423.0
397.0
370.0
409.0
368.0
396.0
354.0
404.0
331.0
380.0
384.0
366.0
406.0
403.0
407.0
417.0
393.0
380.0
377.0
403.0
410.0
355.0
423.0
389.0
351.0
364.0
412.0
394.0
350.0
394.0
374.0
360.0
387.0
340.0
419.0
403.0
386.0
419.0
375.0
397.0
345.0
417.0
407.0
423.0
399.0
439.0
383.0
392.0
411.0
422.0
371.0
432.0
382.0
361.0
364.0
370.0
355.0
361.0
355.0
389.0
350.0
;
HBBS bestT : 331.0
BEST_CONFIGURATIONS : 
0 0 0 0 0 0 
0 4 0 0 0 0 
0 4 26 0 0 0 
0 4 26 0 0 0 
0 4 26 1 0 0 
0 4 26 1 0 0 
0 4 26 1 0 0 
0 4 26 1 5 0 
0 4 26 1 5 0 
0 4 26 1 5 22 
0 4 26 1 5 22 
0 4 26 1 5 22 
0 4 26 1 5 22 
0 4 26 1 5 22 
0 4 26 1 5 22 
0 4 26 1 5 22 
0 4 26 1 5 8 
0 4 5 1 5 8 
0 4 5 1 22 8 
0 4 5 27 22 8 
26 4 5 27 22 8 
26 4 5 27 22 8 
22 4 5 27 22 13 
22 8 5 27 22 13 
22 8 5 9 22 13 
22 8 5 9 22 13 
22 8 5 9 26 13 
22 8 5 9 26 17 
22 8 5 14 26 17 
22 8 5 14 26 25 
22 8 27 14 1 25 
22 8 27 14 1 25 
22 8 27 18 1 25 
22 13 27 18 1 25 
22 13 27 18 1 25 
22 13 9 18 1 25 
22 13 9 18 1 25 
13 17 9 18 1 25 
13 17 9 18 1 25 
13 17 9 18 1 14 
13 17 9 18 1 14 
13 17 10 18 1 14 
13 17 10 18 1 14 
13 17 10 18 1 14 
13 17 10 18 27 14 
17 25 10 18 27 14 
17 25 15 14 27 14 
17 25 15 14 27 14 
17 25 15 14 27 18 
17 25 15 14 9 18 
17 25 15 14 9 18 
17 25 10 14 9 18 
17 25 10 15 9 18 
18 25 10 15 9 19 
18 14 10 15 9 19 
18 14 10 15 9 19 
18 14 10 15 9 19 
18 14 10 15 24 19 
18 14 10 15 24 19 
18 14 10 15 24 19 
18 14 10 15 24 20 
19 14 10 15 24 20 
19 14 10 15 6 20 
19 14 10 9 6 20 
20 14 10 9 6 23 
20 9 24 9 6 23 
20 9 24 9 6 23 
20 9 24 9 6 16 
20 9 24 9 21 16 
20 9 24 27 21 16 
20 9 24 27 21 16 
23 9 24 27 21 16 
23 9 24 27 6 16 
16 9 24 27 6 12 
16 9 11 27 6 12 
16 10 11 27 6 12 
16 10 11 27 6 12 
16 10 11 27 6 12 
23 10 11 27 6 12 
23 15 11 27 6 12 
23 15 11 27 21 12 
23 15 11 2 21 12 
23 15 11 2 21 12 
20 15 11 2 21 12 
20 15 11 2 7 12 
20 15 11 2 7 12 
20 15 11 24 7 12 
20 15 11 24 3 7 
20 15 11 6 3 7 
20 15 11 6 3 7 
20 6 21 6 3 7 
20 6 21 6 3 7 
20 6 21 6 3 7 
20 6 3 2 3 7 
20 6 3 2 3 7 
24 6 3 2 3 7 
2 6 3 27 3 7 
2 6 3 27 1 2 
0 0 0 0 0 0 
;
ROBOT MOVING BEST:
0 0 0 0 0 0 
1 1 0 0 0 0 
1 0 1 0 0 0 
0 1 1 0 0 0 
1 0 0 1 0 0 
0 1 0 1 0 0 
0 0 1 1 0 0 
1 0 0 0 1 0 
0 1 0 0 1 0 
1 0 0 0 0 1 
0 1 0 0 0 1 
0 0 1 0 1 0 
0 0 0 1 1 0 
0 0 1 0 0 1 
0 0 0 1 0 1 
0 0 0 0 1 1 
0 1 0 0 0 1 
0 0 1 0 0 1 
0 0 0 0 1 1 
0 0 1 1 0 0 
1 0 0 1 0 0 
1 0 0 0 0 1 
1 0 0 0 0 1 
0 1 0 0 0 1 
1 0 0 1 0 0 
0 0 1 1 0 0 
0 0 0 1 1 0 
0 1 0 0 0 1 
1 0 0 1 0 0 
0 1 0 0 0 1 
0 0 1 0 1 0 
0 0 0 1 0 1 
0 0 0 1 0 1 
0 1 0 1 0 0 
0 1 0 0 0 1 
0 0 1 1 0 0 
0 0 1 0 1 0 
1 1 0 0 0 0 
0 1 0 1 0 0 
1 0 0 0 0 1 
0 1 0 0 0 1 
0 0 1 1 0 0 
0 0 1 0 0 1 
0 0 0 1 0 1 
0 0 1 0 1 0 
1 1 0 0 0 0 
0 0 1 1 0 0 
0 1 1 0 0 0 
0 0 1 0 0 1 
0 0 1 0 1 0 
0 0 0 1 1 0 
0 0 1 0 1 0 
0 0 1 1 0 0 
1 0 0 0 0 1 
0 1 0 0 0 1 
0 0 1 0 0 1 
0 0 0 1 0 1 
0 1 0 0 1 0 
0 0 0 1 1 0 
0 0 1 0 1 0 
0 0 0 1 0 1 
1 0 0 0 0 1 
0 0 1 0 1 0 
0 0 0 1 1 0 
1 0 0 0 0 1 
0 1 1 0 0 0 
0 0 1 0 1 0 
1 0 0 0 0 1 
0 0 1 0 1 0 
0 1 0 1 0 0 
0 0 1 1 0 0 
1 0 0 0 0 1 
0 0 0 1 1 0 
1 0 0 0 0 1 
1 0 1 0 0 0 
0 1 1 0 0 0 
0 0 1 0 1 0 
0 0 1 0 0 1 
1 0 0 0 0 1 
0 1 1 0 0 0 
0 0 1 0 1 0 
0 0 0 1 1 0 
0 0 0 0 1 1 
1 0 1 0 0 0 
0 0 1 0 1 0 
0 0 0 0 1 1 
0 0 1 1 0 0 
0 0 0 0 1 1 
0 0 0 1 1 0 
0 0 0 1 0 1 
0 1 1 0 0 0 
0 0 1 0 1 0 
0 0 1 0 0 1 
0 0 1 1 0 0 
0 1 0 1 0 0 
1 0 0 1 0 0 
1 0 0 1 0 0 
0 0 0 0 1 1 
1 1 1 1 1 1 
;
TIMETABLE BEST: 
0.0 0.0 0.0 0.0 0.0 0.0 
14 14 0 0 0 0 
17 14 17 0 0 0 
17 17 17 0 0 0 
18 17 17 18 0 0 
18 18 17 18 0 0 
18 18 18 18 0 0 
24 18 18 18 24 0 
24 24 18 18 24 0 
24 24 18 18 24 24 
24 24 18 18 24 24 
24 24 24 18 24 24 
24 24 24 24 24 24 
24 24 24 24 24 24 
24 24 24 24 24 24 
24 24 24 24 24 24 
24 36 24 24 24 36 
24 36 36 24 24 36 
24 36 36 24 36 36 
24 36 39 39 36 36 
41 36 39 41 36 36 
41 36 39 41 36 41 
54 36 39 41 36 54 
54 54 39 41 36 54 
56 54 39 56 36 54 
56 54 56 56 36 54 
56 54 56 56 56 54 
56 65 56 56 56 65 
72 65 56 72 56 65 
72 77 56 72 56 77 
72 77 77 72 77 77 
72 77 77 77 77 77 
72 77 77 88 77 88 
72 90 77 90 77 88 
72 90 77 90 77 90 
72 90 92 92 77 90 
72 90 92 92 92 90 
101 101 92 92 92 90 
101 101 92 101 92 90 
106 101 92 101 92 106 
106 106 92 101 92 106 
106 106 106 106 92 106 
106 106 106 106 92 106 
106 106 106 106 92 106 
106 106 107 106 107 106 
118 118 107 106 107 106 
118 118 118 118 107 106 
118 118 118 118 107 106 
118 118 118 118 107 118 
118 118 122 118 122 118 
118 118 122 122 122 118 
118 118 133 122 133 118 
118 118 135 135 133 118 
138 118 135 135 133 138 
138 138 135 135 133 138 
138 138 138 135 133 138 
138 138 138 138 133 138 
138 148 138 138 148 138 
138 148 138 148 148 138 
138 148 148 148 148 138 
138 148 148 151 148 151 
158 148 148 151 148 158 
158 148 161 151 161 158 
158 148 161 172 172 158 
171 148 161 172 172 171 
171 174 174 172 172 171 
171 174 174 172 174 171 
182 174 174 172 174 182 
182 174 186 172 186 182 
182 187 186 187 186 182 
182 187 187 187 186 182 
192 187 187 187 186 192 
192 187 187 198 198 192 
203 187 187 198 198 203 
205 187 205 198 198 203 
205 205 205 198 198 203 
205 205 205 198 205 203 
205 205 205 198 205 205 
216 205 205 198 205 216 
216 216 216 198 205 216 
216 216 217 198 217 216 
216 216 217 217 217 216 
216 216 217 217 217 217 
226 216 226 217 217 217 
226 216 229 217 229 217 
226 216 229 217 229 229 
226 216 236 236 229 229 
226 216 236 236 247 247 
226 216 236 249 249 247 
226 216 236 249 249 249 
226 255 255 249 249 249 
226 255 255 249 255 249 
226 255 255 249 255 255 
226 255 267 267 255 255 
226 267 267 267 255 255 
269 267 267 269 255 255 
288 267 267 288 255 255 
288 267 267 288 295 295 
324.0 321.0 325.0 321.0 313.0 331.0 
;
EXECUTION TIME HBSS: 330.413668156 seconds 

-------------------------------------------------------------------
