DATFILE : bwopen0_6r_250.dat
ENVIRONMENT : bwopen
ALGORITHM : HBSS - TAU 1
RANGE : 250
STARTING_POS : 0
N_ROBOTS : 6
GREEDY SOLUTION : 380.0
COMPUTATIONS T :
1207.0
1146.0
1106.0
1102.0
841.0
987.0
1310.0
1063.0
954.0
1231.0
951.0
1282.0
978.0
1027.0
1171.0
1080.0
1116.0
980.0
1062.0
1015.0
990.0
999.0
1113.0
961.0
1140.0
1073.0
995.0
1074.0
970.0
1034.0
1019.0
1040.0
1170.0
1249.0
1181.0
1073.0
1045.0
1083.0
1142.0
940.0
1051.0
1089.0
865.0
1006.0
989.0
924.0
963.0
1117.0
1201.0
1224.0
1088.0
1072.0
1160.0
1169.0
1104.0
983.0
964.0
1020.0
1115.0
1165.0
1205.0
1133.0
971.0
1060.0
907.0
1260.0
1212.0
1410.0
990.0
1291.0
1021.0
942.0
1203.0
1106.0
1049.0
1124.0
1010.0
1085.0
989.0
1014.0
1290.0
1070.0
912.0
898.0
1082.0
1016.0
1004.0
890.0
1004.0
1148.0
1142.0
1057.0
1240.0
1225.0
1179.0
1160.0
1135.0
1222.0
980.0
1052.0
975.0
1076.0
1235.0
1067.0
1044.0
1061.0
845.0
1003.0
1223.0
1012.0
1093.0
949.0
967.0
1160.0
1068.0
1005.0
1030.0
1094.0
953.0
1011.0
1229.0
1360.0
959.0
1044.0
1076.0
1264.0
1092.0
1065.0
1088.0
1114.0
1082.0
1131.0
1137.0
1210.0
1326.0
1294.0
1049.0
1119.0
1184.0
1052.0
1025.0
1025.0
1143.0
1219.0
985.0
1165.0
1134.0
878.0
1048.0
992.0
1060.0
948.0
1145.0
1058.0
1203.0
1222.0
1080.0
894.0
1166.0
1141.0
1211.0
1037.0
938.0
1006.0
1150.0
1028.0
1104.0
1220.0
1054.0
1341.0
865.0
1030.0
1184.0
842.0
1031.0
1155.0
1282.0
987.0
1040.0
890.0
1049.0
1208.0
911.0
1093.0
921.0
1206.0
1152.0
1025.0
1256.0
1147.0
1296.0
1231.0
1136.0
1097.0
1335.0
992.0
1186.0
1033.0
1317.0
951.0
;
HBBS bestT : 841.0
BEST_CONFIGURATIONS : 
0 0 0 0 0 0 
0 0 0 4 0 0 
5 0 8 4 0 0 
5 0 8 8 22 0 
5 0 8 8 22 26 
5 0 8 22 22 26 
10 24 8 22 22 26 
10 24 8 22 26 26 
10 24 21 22 3 26 
10 24 21 22 3 5 
10 24 21 4 3 5 
10 24 21 4 3 26 
10 24 21 0 3 22 
10 24 21 0 3 5 
9 24 21 0 3 5 
10 6 21 0 3 5 
10 6 21 0 3 5 
17 6 13 0 3 5 
17 6 13 26 3 5 
17 6 13 5 3 1 
17 2 13 5 3 1 
17 2 13 24 3 1 
17 2 13 24 4 22 
17 2 13 24 4 22 
17 27 13 24 4 22 
17 27 14 24 13 22 
17 9 14 24 13 26 
15 24 14 24 13 26 
15 24 14 6 13 27 
15 24 14 6 13 27 
15 24 14 21 13 27 
10 24 14 21 13 27 
15 24 25 21 13 27 
15 24 25 21 9 27 
15 6 25 21 9 27 
15 6 11 21 9 7 
10 6 11 21 9 7 
10 2 11 3 9 7 
10 2 11 3 27 7 
10 6 11 3 24 7 
18 6 11 3 10 7 
18 6 9 3 10 7 
18 6 9 2 10 7 
18 6 9 2 15 7 
18 6 9 2 15 7 
18 6 9 2 15 7 
18 6 14 2 15 7 
18 6 14 2 11 6 
18 21 14 2 11 6 
18 7 14 2 12 6 
19 7 15 2 12 6 
19 7 15 21 12 7 
15 7 10 21 12 7 
9 7 1 21 12 7 
9 11 1 21 12 24 
9 11 1 21 23 20 
9 11 1 21 23 20 
9 15 1 21 23 20 
27 15 1 21 23 20 
27 15 1 9 23 20 
27 15 5 27 23 20 
27 10 5 27 23 19 
27 10 5 27 20 19 
26 10 5 27 20 19 
26 14 5 27 20 19 
26 14 0 1 20 19 
26 14 0 1 20 19 
26 18 0 1 19 19 
26 17 0 1 18 19 
22 17 0 1 18 19 
22 17 0 1 17 25 
8 17 0 1 17 25 
11 17 0 16 17 25 
11 18 13 16 17 25 
11 14 13 16 25 25 
11 14 13 16 25 25 
11 14 13 16 11 12 
11 14 17 16 11 12 
11 25 8 16 11 12 
11 13 8 16 11 12 
9 13 22 16 11 12 
9 14 22 16 10 12 
9 14 22 16 10 12 
9 14 22 23 10 12 
9 14 14 23 15 12 
11 10 14 23 15 12 
11 10 14 23 15 16 
11 11 14 20 15 16 
16 11 14 20 20 16 
16 11 15 20 20 16 
16 11 15 20 4 8 
12 21 15 20 4 8 
7 3 15 20 4 8 
7 3 25 18 4 8 
7 3 22 14 4 8 
7 3 5 9 4 8 
1 3 4 9 4 8 
1 3 4 9 9 14 
0 0 0 0 0 0 
;
ROBOT MOVING BEST:
0 0 0 0 0 0 
1 0 0 1 0 0 
1 0 1 0 0 0 
0 0 0 1 1 0 
0 1 0 0 0 1 
0 0 0 1 0 1 
1 1 0 0 0 0 
0 0 1 0 1 0 
0 0 1 0 1 0 
0 0 0 1 0 1 
0 0 0 1 0 1 
0 0 0 1 0 1 
0 0 0 1 0 1 
0 0 0 1 0 1 
1 1 0 0 0 0 
1 1 0 0 0 0 
0 1 0 0 1 0 
1 0 1 0 0 0 
0 0 0 1 0 1 
0 0 0 1 0 1 
0 1 0 0 0 1 
0 1 0 1 0 0 
0 0 0 0 1 1 
0 0 1 0 0 1 
0 1 0 1 0 0 
0 0 1 0 1 0 
0 1 0 0 0 1 
1 1 0 0 0 0 
0 0 0 1 0 1 
0 1 1 0 0 0 
0 1 0 1 0 0 
1 0 0 0 0 1 
1 0 1 0 0 0 
0 0 0 0 1 1 
0 1 0 1 0 0 
0 0 1 0 0 1 
1 0 0 0 1 0 
0 1 0 1 0 0 
0 1 0 0 1 0 
0 1 0 0 1 0 
1 0 0 0 1 0 
0 1 1 0 0 0 
0 1 0 1 0 0 
1 0 0 0 1 0 
1 0 1 0 0 0 
0 1 0 0 0 1 
1 0 1 0 0 0 
0 0 0 0 1 1 
0 1 0 1 0 0 
0 1 0 0 1 0 
1 0 1 0 0 0 
0 0 0 1 0 1 
1 0 1 0 0 0 
1 0 1 0 0 0 
0 1 0 0 0 1 
0 0 0 0 1 1 
0 1 0 1 0 0 
0 1 0 0 0 1 
1 0 1 0 0 0 
0 1 0 1 0 0 
0 0 1 1 0 0 
0 1 0 0 0 1 
0 0 0 0 1 1 
1 0 0 1 0 0 
0 1 0 0 0 1 
0 0 1 1 0 0 
1 0 0 1 0 0 
0 1 0 0 1 0 
0 1 0 0 1 0 
1 0 0 1 0 0 
0 0 0 0 1 1 
1 1 0 0 0 0 
1 0 0 1 0 0 
0 1 1 0 0 0 
0 1 0 0 1 0 
0 0 1 0 0 1 
0 0 0 0 1 1 
0 1 1 0 0 0 
0 1 1 0 0 0 
0 1 1 0 0 0 
1 0 1 0 0 0 
0 1 0 0 1 0 
0 0 0 1 0 1 
0 0 0 1 0 1 
0 0 1 0 1 0 
1 1 0 0 0 0 
0 0 0 1 0 1 
0 1 0 1 0 0 
1 0 0 0 1 0 
0 1 1 0 0 0 
0 0 0 0 1 1 
1 1 0 0 0 0 
1 1 0 0 0 0 
0 0 1 1 0 0 
0 0 1 1 0 0 
0 0 1 1 0 0 
1 0 1 0 0 0 
0 0 0 0 1 1 
1 1 1 1 1 1 
;
TIMETABLE BEST: 
0.0 0.0 0.0 0.0 0.0 0.0 
14 0 0 14 0 0 
38 0 38 14 0 0 
38 0 38 28 28 0 
38 17 38 28 28 17 
38 17 38 40 28 40 
74 74 38 40 28 40 
74 74 39 40 39 40 
74 74 109 40 109 40 
74 74 109 49 109 49 
74 74 109 61 109 61 
74 74 109 70 109 70 
74 74 109 84 109 84 
74 74 109 96 109 96 
88 88 109 96 109 96 
102 102 109 96 109 96 
102 109 109 96 109 96 
184 109 184 96 109 96 
184 109 184 113 109 113 
184 109 184 131 109 131 
184 131 184 131 109 131 
184 166 184 166 109 131 
184 166 184 166 179 179 
184 166 184 166 179 184 
184 185 184 185 179 184 
184 185 209 185 209 184 
184 200 209 185 209 200 
219 219 209 185 209 200 
219 219 209 222 209 222 
219 219 219 222 209 222 
219 234 219 234 209 222 
230 234 219 234 209 230 
241 234 241 234 209 230 
241 234 241 234 244 244 
241 247 241 247 244 244 
241 247 299 247 244 299 
252 247 299 247 252 299 
252 265 299 265 252 299 
252 267 299 265 267 299 
252 293 299 265 293 299 
306 293 299 265 306 299 
306 324 324 265 306 299 
306 324 324 324 306 299 
317 324 324 324 317 299 
324 324 324 324 317 299 
324 324 324 324 317 324 
340 324 340 324 317 324 
340 324 340 324 347 347 
340 336 340 336 347 347 
340 374 340 336 374 347 
360 374 360 336 374 347 
360 374 360 367 374 367 
384 374 384 367 374 367 
426 374 426 367 374 367 
426 399 426 367 374 399 
426 399 426 367 442 442 
426 399 426 399 442 442 
426 442 426 399 442 442 
441 442 441 399 442 442 
441 442 441 442 442 442 
441 442 459 459 442 442 
441 455 459 459 442 455 
441 455 459 459 455 455 
463 455 459 463 455 455 
463 473 459 463 455 473 
463 473 483 483 455 473 
483 473 483 483 455 473 
483 484 483 483 484 473 
483 504 483 483 504 473 
494 504 483 494 504 473 
494 504 483 494 521 521 
506 506 483 494 521 521 
577 506 483 577 521 521 
577 523 523 577 521 521 
577 534 523 577 534 521 
577 534 523 577 534 523 
577 534 523 577 591 591 
577 534 534 577 591 591 
577 558 558 577 591 591 
577 571 571 577 591 591 
602 571 602 577 591 591 
602 612 602 577 612 591 
602 612 602 591 612 591 
602 612 602 602 612 602 
602 612 634 602 634 602 
630 630 634 602 634 602 
630 630 634 613 634 613 
630 651 634 651 634 613 
665 651 634 651 665 613 
665 651 651 651 665 613 
665 651 651 651 751 751 
676 676 651 651 751 751 
694 694 651 651 751 751 
694 694 684 684 751 751 
694 694 716 716 751 751 
694 694 732 732 751 751 
750 694 750 732 751 751 
750 694 750 732 787 787 
768.0 752.0 764.0 778.0 833.0 841.0 
;
EXECUTION TIME HBSS: 328.850096941 seconds 

-------------------------------------------------------------------
