DATFILE : bwopen0_3r_250.dat
ENVIRONMENT : bwopen
ALGORITHM : HBSS - TAU 4
RANGE : 250
STARTING_POS : 0
N_ROBOTS : 3
GREEDY SOLUTION : [ 1658.]
COMPUTATIONS D :
1526
1806
1546
1660
1532
1476
1446
1824
1730
1468
1708
1526
1624
1534
1500
1370
1698
1516
1684
1726
1516
1700
1556
1676
1602
1460
1530
1806
1688
1734
1702
1564
1836
1598
1620
1602
1664
1522
1954
1562
1716
1640
1712
1632
1334
1636
1554
1728
1618
1724
1716
1580
1372
1732
1636
1538
1588
1750
1488
1818
1716
1680
1482
1738
1696
1508
1568
1866
1834
1584
1770
1596
1462
1842
1766
1552
1696
1490
1458
1744
1828
1674
1702
1494
1686
1528
1544
1554
1686
1714
1690
1452
1500
1546
1802
1478
1642
1622
1624
1416
1450
1632
1718
1480
1796
1688
1508
1548
1706
1452
1506
1380
2046
1604
1404
1692
1638
1558
1602
1422
1442
1562
1614
1726
1798
1654
1622
1714
1810
1582
1656
1670
1558
1790
1456
1676
1842
1524
1532
1516
1798
1714
1778
1652
1694
1598
1798
1576
1770
1704
1768
1748
1550
1762
1656
1810
1676
1722
1728
1546
1690
1578
1692
1786
1578
1664
1590
1582
1758
1500
1660
1822
1472
1326
1752
1520
1822
1808
1750
1742
1894
1776
1554
1802
1518
1450
1538
1714
1756
1762
1666
1500
1820
1588
1666
1530
1672
1664
1544
1758
;
HBBS sumD : 1326
BEST_CONFIGURATIONS : 
0 0 0 
0 4 0 
0 4 26 
0 22 26 
0 22 5 
4 22 5 
4 22 5 
4 22 26 
26 22 26 
5 22 26 
5 8 26 
5 8 26 
5 8 26 
22 8 26 
22 8 4 
22 13 4 
8 13 4 
8 17 4 
8 25 4 
13 25 4 
13 14 22 
13 14 22 
13 14 17 
13 18 17 
25 18 17 
25 18 17 
18 18 17 
14 18 17 
14 18 17 
14 18 25 
14 15 25 
14 15 25 
14 15 18 
9 15 18 
9 15 18 
9 10 18 
9 10 14 
9 10 14 
9 10 14 
24 10 14 
24 10 15 
24 10 15 
24 10 15 
6 10 15 
6 11 15 
6 11 15 
6 11 10 
6 11 24 
6 11 24 
21 11 24 
21 11 24 
7 11 24 
7 9 24 
7 9 6 
7 9 6 
21 9 6 
21 27 6 
3 27 6 
3 27 24 
3 27 10 
3 2 10 
21 2 10 
21 2 24 
21 2 6 
21 3 6 
21 3 7 
7 3 7 
12 21 7 
12 7 7 
12 7 11 
16 7 11 
16 12 11 
23 12 11 
20 12 11 
20 16 11 
23 16 11 
20 23 11 
20 23 15 
19 23 15 
19 20 15 
19 20 14 
19 20 18 
19 10 18 
9 10 5 
9 27 5 
9 27 22 
9 1 22 
9 1 26 
27 1 26 
27 1 26 
27 1 5 
2 1 5 
2 1 26 
2 27 26 
1 27 5 
1 27 22 
0 1 22 
4 1 22 
0 0 0 
;
ROBOT MOVING BEST:
0 0 0 
1 1 0 
1 0 1 
1 1 0 
1 0 1 
1 1 0 
1 0 1 
1 0 1 
1 1 0 
1 1 0 
1 1 0 
1 0 1 
0 1 1 
1 1 0 
0 1 1 
1 1 0 
1 1 0 
1 1 0 
1 1 0 
1 1 0 
0 1 1 
1 1 0 
1 0 1 
1 1 0 
1 0 1 
1 1 0 
1 0 1 
1 0 1 
1 1 0 
1 0 1 
0 1 1 
1 1 0 
0 1 1 
1 0 1 
1 1 0 
0 1 1 
1 0 1 
1 1 0 
0 1 1 
1 0 1 
0 1 1 
1 1 0 
1 0 1 
1 1 0 
0 1 1 
1 1 0 
0 1 1 
0 1 1 
1 0 1 
1 1 0 
1 0 1 
1 1 0 
0 1 1 
1 0 1 
0 1 1 
1 0 1 
0 1 1 
1 0 1 
0 1 1 
0 1 1 
1 1 0 
1 1 0 
0 1 1 
0 1 1 
1 1 0 
1 0 1 
1 1 0 
1 1 0 
1 1 0 
1 0 1 
1 0 1 
1 1 0 
1 1 0 
1 0 1 
1 1 0 
1 1 0 
1 1 0 
1 0 1 
1 0 1 
1 1 0 
1 0 1 
1 0 1 
1 1 0 
1 0 1 
1 1 0 
1 0 1 
1 1 0 
1 0 1 
1 1 0 
1 0 1 
1 0 1 
1 1 0 
0 1 1 
1 1 0 
1 0 1 
1 0 1 
1 1 0 
1 1 0 
1 1 1 
;
TIMETABLE BEST: 
0.0 0.0 0.0 
0 14 0 
0 14 17 
0 26 17 
0 26 26 
14 26 26 
14 26 26 
14 26 35 
25 26 35 
34 26 35 
34 38 35 
34 38 35 
34 38 35 
46 38 35 
46 38 46 
46 51 46 
58 51 46 
58 62 46 
58 74 46 
71 74 46 
71 90 58 
71 90 58 
71 90 88 
71 101 88 
84 101 88 
84 101 88 
97 101 88 
108 101 88 
108 101 88 
108 101 100 
108 119 100 
108 119 100 
108 119 113 
124 119 113 
124 119 113 
124 130 113 
124 130 124 
124 130 124 
124 130 124 
139 130 124 
139 130 137 
139 130 137 
139 130 137 
152 130 137 
152 151 137 
152 151 137 
152 151 148 
152 151 161 
152 151 161 
164 151 161 
164 151 161 
176 151 161 
176 176 161 
176 176 174 
176 176 174 
188 176 174 
188 191 174 
200 191 174 
200 191 187 
200 191 200 
200 210 200 
212 210 200 
212 210 213 
212 210 226 
212 232 226 
212 232 246 
224 232 246 
242 244 246 
242 256 246 
242 256 271 
253 256 271 
253 274 271 
264 274 271 
274 274 271 
274 285 271 
284 285 271 
294 296 271 
294 296 301 
307 296 301 
307 306 301 
307 306 314 
307 306 325 
307 342 325 
344 342 364 
344 369 364 
344 369 376 
344 384 376 
344 384 387 
359 384 387 
359 384 387 
359 384 396 
378 384 396 
378 384 405 
378 399 405 
398 399 414 
398 399 426 
416 414 426 
430 414 426 
444.0 432.0 450.0 
;
EXECUTION TIME HBSS: 56.8287010193 seconds 

-------------------------------------------------------------------
