DATFILE : bwopen0_10r_250.dat
ENVIRONMENT : bwopen
ALGORITHM : HBSS - TAU 1
RANGE : _250
STARTING_POS : 0
N_ROBOTS : 10
GREEDY SOLUTION : 286.0
COMPUTATIONS T :
714.0
612.0
705.0
756.0
625.0
589.0
719.0
708.0
807.0
674.0
740.0
726.0
649.0
668.0
690.0
654.0
744.0
633.0
808.0
683.0
678.0
613.0
771.0
701.0
655.0
805.0
685.0
660.0
635.0
695.0
653.0
669.0
735.0
637.0
642.0
815.0
810.0
678.0
758.0
686.0
607.0
649.0
666.0
604.0
636.0
639.0
616.0
669.0
800.0
903.0
633.0
733.0
581.0
766.0
600.0
680.0
688.0
638.0
633.0
628.0
601.0
760.0
686.0
749.0
782.0
644.0
652.0
616.0
618.0
666.0
761.0
596.0
686.0
608.0
686.0
648.0
607.0
592.0
696.0
759.0
667.0
623.0
622.0
690.0
749.0
714.0
644.0
670.0
801.0
634.0
676.0
682.0
663.0
754.0
817.0
616.0
634.0
802.0
633.0
751.0
773.0
691.0
567.0
717.0
613.0
692.0
679.0
630.0
707.0
604.0
508.0
636.0
763.0
568.0
596.0
665.0
629.0
645.0
941.0
661.0
643.0
797.0
684.0
676.0
738.0
652.0
780.0
560.0
720.0
618.0
600.0
799.0
676.0
693.0
675.0
593.0
606.0
571.0
617.0
673.0
657.0
799.0
649.0
520.0
678.0
607.0
638.0
581.0
552.0
664.0
732.0
521.0
590.0
735.0
643.0
687.0
739.0
781.0
742.0
692.0
602.0
642.0
713.0
676.0
776.0
740.0
610.0
687.0
783.0
593.0
612.0
669.0
699.0
709.0
701.0
797.0
656.0
581.0
606.0
617.0
770.0
586.0
711.0
671.0
607.0
722.0
627.0
750.0
599.0
686.0
584.0
601.0
767.0
583.0
659.0
615.0
566.0
650.0
699.0
662.0
;
HBBS bestT : 508.0
BEST_CONFIGURATIONS : 
0 0 0 0 0 0 0 0 0 0 
0 0 0 0 0 0 0 0 0 4 
0 26 0 0 0 0 0 0 0 4 
0 26 0 4 0 26 0 0 0 4 
0 26 0 4 0 26 1 0 4 4 
0 26 0 4 0 26 1 0 4 4 
0 26 22 4 0 26 1 0 4 4 
0 26 22 4 0 26 1 0 4 8 
0 26 22 4 0 26 1 0 4 8 
0 26 22 4 5 26 1 0 4 8 
0 5 22 8 5 26 1 0 4 8 
0 5 22 8 5 26 1 0 4 8 
0 5 22 8 5 4 1 0 4 8 
0 2 22 8 5 27 1 0 4 8 
0 2 22 8 26 27 5 0 4 8 
4 2 8 8 26 27 5 0 4 8 
13 2 8 8 26 27 5 0 14 8 
13 2 20 8 11 27 5 0 14 8 
13 2 20 8 11 27 5 26 14 22 
13 2 20 22 11 27 5 26 14 22 
13 2 20 22 11 27 5 13 14 17 
13 2 20 26 11 27 9 13 14 17 
13 2 20 26 11 27 9 17 14 17 
22 2 20 26 11 27 9 17 14 17 
22 2 20 26 11 27 9 17 14 17 
8 2 20 22 11 27 9 17 14 17 
8 2 20 22 11 15 9 17 14 18 
8 2 20 22 11 15 9 25 14 18 
2 2 20 22 11 15 9 25 21 18 
2 2 10 22 11 24 9 25 21 18 
2 2 10 22 18 24 9 17 21 18 
2 6 10 22 18 24 9 17 21 18 
2 21 10 22 18 24 6 17 21 18 
2 21 10 9 18 24 6 17 21 14 
2 21 10 10 18 24 6 17 21 9 
2 21 10 10 18 11 6 17 6 9 
2 3 10 10 18 11 21 17 6 9 
2 3 10 10 18 11 6 17 6 9 
2 2 10 24 18 11 6 17 6 9 
2 2 24 24 18 11 21 17 6 9 
2 2 24 10 18 11 21 17 6 14 
2 2 24 10 18 11 21 25 6 15 
2 2 24 10 18 11 6 25 6 15 
2 2 24 10 18 11 6 25 6 15 
2 2 24 10 18 11 6 25 6 15 
3 2 24 10 18 11 6 25 6 15 
3 2 24 10 18 11 6 25 6 15 
3 2 11 10 18 11 6 25 21 15 
3 2 11 10 18 11 6 25 21 14 
3 2 11 10 18 11 6 25 21 14 
3 2 11 15 14 11 6 25 21 14 
3 2 11 15 14 11 6 25 21 14 
3 6 11 15 14 11 6 25 21 27 
3 6 11 25 14 11 6 17 21 27 
3 6 11 25 15 11 6 17 24 27 
3 6 11 18 14 11 6 17 24 27 
1 6 9 18 14 11 6 17 24 27 
1 6 9 18 14 12 7 17 24 27 
1 6 9 18 14 12 7 17 24 27 
1 6 9 18 14 12 7 17 10 27 
1 6 9 18 14 12 11 17 10 27 
1 6 9 18 18 12 9 17 10 27 
1 6 9 18 18 12 9 17 15 27 
1 6 9 25 18 12 9 13 15 27 
1 6 9 25 18 12 9 13 15 27 
1 6 14 25 18 19 9 13 15 27 
1 6 14 20 18 19 9 15 15 27 
1 2 14 20 18 19 9 15 15 27 
1 2 14 20 18 19 9 15 15 15 
1 2 14 20 18 19 9 15 15 15 
1 2 14 20 18 19 9 15 10 15 
5 27 14 20 18 19 9 15 10 15 
5 27 14 20 18 19 24 15 10 15 
22 27 14 20 18 19 24 15 10 15 
22 27 14 20 18 19 24 15 9 15 
22 27 14 20 18 19 24 15 9 10 
22 27 14 20 18 19 24 15 9 10 
22 27 20 20 18 19 24 16 9 10 
22 27 20 20 18 19 24 16 5 9 
8 27 20 20 17 19 24 16 5 9 
8 27 20 16 17 19 11 16 5 9 
8 27 20 16 17 19 11 23 16 9 
8 27 20 16 13 18 11 23 16 9 
4 27 20 16 22 18 11 23 16 9 
8 27 20 16 13 18 11 23 16 9 
8 27 20 23 13 18 11 23 16 9 
8 22 20 23 13 13 11 23 16 9 
8 22 20 23 13 25 11 23 16 18 
8 22 20 23 13 25 12 23 16 18 
8 22 12 23 13 25 12 23 16 11 
8 22 12 16 13 25 12 23 16 11 
8 22 7 16 13 25 12 23 16 3 
8 22 7 20 13 19 12 23 16 3 
1 22 7 20 5 19 12 23 16 3 
6 22 7 20 5 19 12 23 7 3 
6 22 7 20 5 19 11 23 7 7 
6 21 7 20 5 19 11 12 7 7 
6 21 7 20 5 19 11 7 7 7 
0 0 0 0 0 0 0 0 0 0 
;
ROBOT MOVING BEST:
0 0 0 0 0 0 0 0 0 0 
0 0 0 0 0 0 0 1 0 1 
1 1 0 0 0 0 0 0 0 0 
0 0 0 1 0 1 0 0 0 0 
0 0 0 0 0 0 1 0 1 0 
0 1 0 0 0 0 1 0 0 0 
1 0 1 0 0 0 0 0 0 0 
0 1 0 0 0 0 0 0 0 1 
0 0 0 0 0 0 1 1 0 0 
1 0 0 0 1 0 0 0 0 0 
0 1 0 1 0 0 0 0 0 0 
0 0 1 0 0 0 1 0 0 0 
0 0 0 0 1 1 0 0 0 0 
0 1 0 0 0 1 0 0 0 0 
0 0 0 0 1 0 1 0 0 0 
1 0 1 0 0 0 0 0 0 0 
1 0 0 0 0 0 0 0 1 0 
0 0 1 0 1 0 0 0 0 0 
0 0 0 0 0 0 0 1 0 1 
0 0 0 1 0 0 1 0 0 0 
0 0 0 0 0 0 0 1 0 1 
0 0 0 1 0 0 1 0 0 0 
0 0 0 0 0 0 0 1 1 0 
1 0 0 0 0 0 1 0 0 0 
0 0 0 1 0 1 0 0 0 0 
1 0 0 1 0 0 0 0 0 0 
0 0 0 0 0 1 0 0 0 1 
1 0 0 0 0 0 0 1 0 0 
1 0 0 0 0 0 0 0 1 0 
0 0 1 0 0 1 0 0 0 0 
0 0 0 0 1 0 0 1 0 0 
0 1 0 0 0 0 1 0 0 0 
0 1 0 0 0 0 1 0 0 0 
0 0 0 1 0 0 0 0 0 1 
0 0 0 1 0 0 0 0 0 1 
0 0 0 0 0 1 0 0 1 0 
0 1 0 0 0 0 1 0 0 0 
0 0 0 1 0 0 1 0 0 0 
0 1 0 1 0 0 0 0 0 0 
0 0 1 0 0 0 1 0 0 0 
0 0 0 1 0 0 0 0 0 1 
0 0 0 0 0 0 0 1 0 1 
0 0 1 0 0 0 1 0 0 0 
0 1 0 0 0 0 0 0 1 0 
0 0 0 1 1 0 0 0 0 0 
1 0 0 0 0 0 1 0 0 0 
0 0 1 0 0 1 0 0 0 0 
0 0 1 0 0 0 0 0 1 0 
0 0 0 0 0 0 0 1 0 1 
1 1 0 0 0 0 0 0 0 0 
0 0 0 1 1 0 0 0 0 0 
0 0 0 1 0 1 0 0 0 0 
0 1 0 0 0 0 0 0 0 1 
0 0 0 1 0 0 0 1 0 0 
0 0 0 0 1 0 0 0 1 0 
0 0 0 1 1 0 0 0 0 0 
1 0 1 0 0 0 0 0 0 0 
0 0 0 0 0 1 1 0 0 0 
0 0 1 0 0 0 0 0 1 0 
0 0 0 0 0 0 0 0 1 1 
0 0 0 0 0 0 1 0 1 0 
0 0 0 0 1 0 1 0 0 0 
0 0 1 0 0 0 0 0 1 0 
0 0 0 1 0 0 0 1 0 0 
1 0 0 0 0 0 0 0 0 1 
0 0 1 0 0 1 0 0 0 0 
0 0 0 1 0 0 0 1 0 0 
1 1 0 0 0 0 0 0 0 0 
0 0 0 0 0 1 0 0 0 1 
0 0 0 0 1 1 0 0 0 0 
0 0 0 0 0 0 0 0 1 1 
1 1 0 0 0 0 0 0 0 0 
0 0 1 0 0 0 1 0 0 0 
1 0 1 0 0 0 0 0 0 0 
0 1 0 0 0 0 0 0 1 0 
0 0 0 0 0 1 0 0 0 1 
0 1 0 0 0 0 1 0 0 0 
0 0 1 0 0 0 0 1 0 0 
0 0 0 0 0 0 0 0 1 1 
1 0 0 0 1 0 0 0 0 0 
0 0 0 1 0 0 1 0 0 0 
0 0 0 0 0 0 0 1 1 0 
0 0 0 0 1 1 0 0 0 0 
1 0 0 0 1 0 0 0 0 0 
1 0 0 0 1 0 0 0 0 0 
0 0 1 1 0 0 0 0 0 0 
0 1 0 0 0 1 0 0 0 0 
0 0 0 0 0 1 0 0 0 1 
0 0 0 1 0 0 1 0 0 0 
0 0 1 0 0 0 0 0 0 1 
0 0 0 1 0 0 1 0 0 0 
0 0 1 0 0 0 0 0 0 1 
0 0 0 1 0 1 0 0 0 0 
1 0 0 0 1 0 0 0 0 0 
1 0 0 0 0 0 0 0 1 0 
0 0 0 0 0 0 1 0 0 1 
0 1 0 0 0 0 0 1 0 0 
0 1 0 0 0 0 0 1 0 0 
1 1 1 1 1 1 1 1 1 1 
;
TIMETABLE BEST: 
0.0 0.0 0.0 0.0 0.0 0.0 0.0 0.0 0.0 0.0 
0 0 0 0 0 0 0 14 0 14 
17 17 0 0 0 0 0 14 0 14 
17 17 0 17 0 17 0 14 0 14 
17 17 0 17 0 17 18 14 18 14 
17 18 0 17 0 17 18 14 18 14 
24 18 24 17 0 17 18 14 18 14 
24 28 24 17 0 17 18 14 18 28 
24 28 24 17 0 17 18 18 18 28 
24 28 24 17 24 17 18 18 18 28 
24 37 24 37 24 17 18 18 18 28 
24 37 24 37 24 17 24 18 18 28 
24 37 24 37 28 28 24 18 18 28 
24 75 24 37 28 75 24 18 18 28 
24 75 24 37 42 75 42 18 18 28 
38 75 38 37 42 75 42 18 18 28 
65 75 38 37 42 75 42 18 65 28 
65 75 110 37 110 75 42 18 65 28 
65 75 110 37 110 75 42 40 65 40 
65 75 110 49 110 75 49 40 65 40 
65 75 110 49 110 75 49 70 65 70 
65 75 110 71 110 75 71 70 65 70 
65 75 110 71 110 75 71 81 81 70 
84 75 110 71 110 75 84 81 81 70 
84 75 110 75 110 75 84 81 81 70 
96 75 110 96 110 75 84 81 81 70 
96 75 110 96 110 109 84 81 81 109 
96 75 110 96 110 109 84 96 81 109 
158 75 110 96 110 109 84 96 158 109 
158 75 146 96 110 146 84 96 158 109 
158 75 146 96 158 146 84 158 158 109 
158 93 146 96 158 146 93 158 158 109 
158 121 146 96 158 146 121 158 158 109 
158 121 146 120 158 146 121 158 158 120 
158 121 146 136 158 146 121 158 158 136 
158 121 146 136 158 170 121 158 170 136 
158 133 146 136 158 170 133 158 170 136 
158 133 146 145 158 170 145 158 170 136 
158 158 146 158 158 170 145 158 170 136 
158 158 159 158 158 170 159 158 170 136 
158 158 159 171 158 170 159 158 170 171 
158 158 159 171 158 170 159 184 170 184 
158 158 171 171 158 170 171 184 170 184 
158 170 171 171 158 170 171 184 170 184 
158 170 171 171 171 170 171 184 170 184 
180 170 171 171 171 170 180 184 170 184 
180 170 171 171 171 171 180 184 170 184 
180 170 189 171 171 171 180 184 189 184 
180 170 189 171 171 171 180 197 189 197 
180 180 189 171 171 171 180 197 189 197 
180 180 189 182 182 171 180 197 189 197 
180 180 189 182 182 182 180 197 189 197 
180 228 189 182 182 182 180 197 189 228 
180 228 189 209 182 182 180 209 189 228 
180 228 189 209 214 182 180 209 214 228 
180 228 189 227 227 182 180 209 214 228 
220 228 220 227 227 182 180 209 214 228 
220 228 220 227 227 209 209 209 214 228 
220 228 220 227 227 209 209 209 220 228 
220 228 220 227 227 209 209 209 233 233 
220 228 220 227 227 209 234 209 234 233 
220 228 220 227 259 209 259 209 234 233 
220 228 245 227 259 209 259 209 245 233 
220 228 245 240 259 209 259 240 245 233 
233 228 245 240 259 209 259 240 245 233 
233 228 261 240 259 261 259 240 245 233 
233 228 261 286 259 261 259 286 245 233 
246 246 261 286 259 261 259 286 245 233 
246 246 261 286 259 267 259 286 245 267 
246 246 261 286 267 267 259 286 245 267 
246 246 261 286 267 267 259 286 267 267 
265 265 261 286 267 267 259 286 267 267 
265 265 274 286 267 267 274 286 267 267 
277 265 277 286 267 267 274 286 267 267 
277 281 277 286 267 267 274 286 281 267 
277 281 277 286 267 278 274 286 281 278 
277 281 277 286 267 278 281 286 281 278 
277 281 330 286 267 278 281 330 281 278 
277 281 330 286 267 278 281 330 303 303 
289 281 330 286 289 278 281 330 303 303 
289 281 330 307 289 278 307 330 303 303 
289 281 330 307 289 278 307 380 380 303 
289 281 330 307 300 300 307 380 380 303 
319 281 330 307 319 300 307 380 380 303 
338 281 330 307 338 300 307 380 380 303 
338 281 330 330 338 300 307 380 380 303 
338 326 330 330 338 326 307 380 380 303 
338 326 330 330 338 339 307 380 380 339 
338 326 330 334 338 339 334 380 380 339 
338 326 387 334 338 339 334 380 380 387 
338 326 387 345 338 339 345 380 380 387 
338 326 418 345 338 339 345 380 380 418 
338 326 418 372 338 372 345 380 380 418 
380 326 418 372 380 372 345 380 380 418 
416 326 418 372 380 372 345 380 416 418 
416 326 418 372 380 372 434 380 416 434 
416 402 418 372 380 372 434 402 416 434 
416 420 418 372 380 372 434 420 416 434 
470.0 482.0 492.0 468.0 404.0 455.0 505.0 494.0 490.0 508.0 
;
EXECUTION TIME HBSS: 1176.60925102 seconds 

-------------------------------------------------------------------
