DATFILE : offices1_3r_500.dat
ENVIRONMENT : office
ALGORITHM : KUMAR3
RANGE : _500
STARTING_POS : 42
N_ROBOTS : 3
KUMAR3 T / cardinality : 4698.0
CONFIGURATIONS :
42 42 42 
5 24 41 
5 4 36 
24 4 35 
3 4 33 
3 24 32 
3 5 27 
23 5 26 
2 5 38 
2 24 26 
2 4 27 
23 4 31 
23 24 27 
26 4 32 
38 24 33 
37 4 34 
43 24 34 
37 5 35 
37 24 36 
38 4 41 
39 4 40 
23 3 39 
1 3 26 
1 23 32 
1 2 33 
23 2 34 
39 2 35 
40 2 36 
40 23 41 
40 1 42 
39 1 41 
38 1 36 
38 23 35 
38 26 34 
26 27 35 
27 31 34 
31 30 35 
30 29 34 
29 28 33 
30 28 32 
31 29 32 
27 30 33 
26 31 33 
38 27 32 
37 32 33 
43 32 35 
43 27 36 
37 26 41 
38 39 42 
43 39 5 
25 40 5 
0 40 24 
25 39 24 
0 38 3 
25 37 3 
0 37 23 
0 43 2 
25 43 23 
0 25 1 
43 37 1 
28 37 2 
17 43 3 
17 25 2 
17 0 26 
28 0 27 
28 25 26 
29 25 27 
29 43 26 
29 37 38 
30 43 38 
31 25 38 
29 0 39 
17 1 27 
28 1 31 
17 23 30 
17 39 31 
17 40 29 
19 39 28 
19 23 29 
19 2 30 
16 2 29 
16 23 28 
16 38 17 
16 26 19 
6 27 16 
22 30 16 
7 31 16 
7 26 6 
22 23 6 
7 1 22 
7 23 10 
22 2 10 
7 2 11 
22 3 11 
15 3 10 
15 23 11 
15 1 21 
13 0 10 
13 25 11 
13 43 21 
13 37 8 
15 38 8 
22 26 8 
7 27 8 
7 32 21 
22 27 21 
6 30 8 
6 29 21 
6 28 11 
6 17 10 
19 17 7 
17 28 22 
19 43 6 
19 25 22 
19 0 15 
16 0 14 
6 1 14 
6 25 15 
22 43 15 
7 37 15 
6 38 13 
22 39 13 
7 40 13 
7 36 14 
22 41 14 
10 40 14 
11 39 14 
21 23 14 
8 2 14 
12 2 15 
20 2 13 
9 23 13 
9 26 15 
20 27 15 
9 31 22 
9 30 7 
20 29 7 
12 28 7 
12 29 22 
12 31 6 
20 32 6 
9 33 6 
20 33 22 
9 27 10 
20 26 10 
12 38 10 
21 37 10 
8 43 10 
8 28 21 
8 17 11 
21 19 11 
12 17 21 
12 19 8 
8 16 20 
21 16 9 
20 19 9 
8 29 9 
21 30 20 
11 30 12 
11 31 20 
11 32 9 
7 33 18 
22 32 18 
10 31 18 
11 27 18 
21 26 18 
8 23 18 
20 1 18 
21 0 36 
11 0 35 
21 25 34 
11 43 33 
10 25 32 
22 0 34 
7 25 35 
10 1 34 
11 26 36 
10 39 36 
21 40 35 
8 40 34 
8 39 33 
12 23 33 
12 39 32 
12 40 27 
21 41 31 
8 36 31 
8 41 32 
21 42 33 
11 41 34 
10 41 33 
22 36 35 
6 35 34 
16 34 32 
16 35 33 
19 33 34 
17 32 36 
28 34 36 
28 35 41 
29 36 41 
30 36 42 
27 41 42 
31 5 42 
28 3 40 
30 3 41 
32 2 42 
34 3 42 
18 2 41 
18 3 36 
20 3 35 
20 23 36 
8 1 35 
20 39 34 
9 38 18 
12 37 20 
10 29 11 
16 37 11 
16 39 15 
19 38 14 
17 37 14 
28 43 14 
30 25 14 
29 1 13 
30 26 13 
17 33 13 
19 27 13 
17 34 15 
29 35 14 
29 18 15 
19 35 10 
16 18 12 
17 35 9 
30 40 18 
28 5 20 
17 24 20 
17 4 18 
25 36 33 
37 40 31 
37 39 27 
19 3 31 
16 4 43 
16 24 1 
22 40 38 
14 42 26 
13 5 32 
13 24 31 
15 4 30 
15 24 28 
13 4 28 
13 3 16 
14 5 15 
15 41 13 
13 18 14 
14 4 20 
14 24 9 
14 3 12 
13 42 12 
15 42 35 
15 40 32 
10 24 30 
12 5 34 
8 4 42 
21 2 3 
18 24 42 
33 0 5 
30 1 5 
9 4 12 
9 5 8 
9 41 12 
9 36 12 
9 40 20 
9 39 21 
20 38 11 
18 39 7 
36 40 16 
40 26 19 
40 31 43 
39 30 37 
1 19 37 
0 6 37 
0 7 38 
0 15 31 
0 14 32 
2 14 31 
24 22 29 
4 22 29 
5 21 29 
3 8 29 
24 12 26 
4 21 38 
4 11 1 
41 20 0 
42 9 0 
42 20 23 
40 11 24 
39 6 26 
41 16 25 
34 7 43 
33 14 27 
35 13 34 
36 15 33 
18 14 34 
8 21 24 
12 18 35 
16 10 28 
0 30 4 
25 29 4 
38 28 2 
31 19 32 
37 22 1 
40 6 33 
36 13 27 
5 13 18 
2 9 34 
42 42 42 
;

EXECUTION TIME KUMAR3: 1001.17225099 seconds

-------------------------------------------------------------------
DATFILE : offices1_3r_500.dat
ENVIRONMENT : office
ALGORITHM : KUMAR3
RANGE : _500
STARTING_POS : 42
N_ROBOTS : 3
KUMAR3 T / heuristic : 4698.0
CONFIGURATIONS :
42 42 42 
5 24 41 
5 4 36 
24 4 35 
3 4 33 
3 24 32 
3 5 27 
23 5 26 
2 5 38 
2 24 26 
2 4 27 
23 4 31 
23 24 27 
26 4 32 
38 24 33 
37 4 34 
43 24 34 
37 5 35 
37 24 36 
38 4 41 
39 4 40 
23 3 39 
1 3 26 
1 23 32 
1 2 33 
23 2 34 
39 2 35 
40 2 36 
40 23 41 
40 1 42 
39 1 41 
38 1 36 
38 23 35 
38 26 34 
26 27 35 
27 31 34 
31 30 35 
30 29 34 
29 28 33 
30 28 32 
31 29 32 
27 30 33 
26 31 33 
38 27 32 
37 32 33 
43 32 35 
43 27 36 
37 26 41 
38 39 42 
43 39 5 
25 40 5 
0 40 24 
25 39 24 
0 38 3 
25 37 3 
0 37 23 
0 43 2 
25 43 23 
0 25 1 
43 37 1 
28 37 2 
17 43 3 
17 25 2 
17 0 26 
28 0 27 
28 25 26 
29 25 27 
29 43 26 
29 37 38 
30 43 38 
31 25 38 
29 0 39 
17 1 27 
28 1 31 
17 23 30 
17 39 31 
17 40 29 
19 39 28 
19 23 29 
19 2 30 
16 2 29 
16 23 28 
16 38 17 
16 26 19 
6 27 16 
22 30 16 
7 31 16 
7 26 6 
22 23 6 
7 1 22 
7 23 10 
22 2 10 
7 2 11 
22 3 11 
15 3 10 
15 23 11 
15 1 21 
13 0 10 
13 25 11 
13 43 21 
13 37 8 
15 38 8 
22 26 8 
7 27 8 
7 32 21 
22 27 21 
6 30 8 
6 29 21 
6 28 11 
6 17 10 
19 17 7 
17 28 22 
19 43 6 
19 25 22 
19 0 15 
16 0 14 
6 1 14 
6 25 15 
22 43 15 
7 37 15 
6 38 13 
22 39 13 
7 40 13 
7 36 14 
22 41 14 
10 40 14 
11 39 14 
21 23 14 
8 2 14 
12 2 15 
20 2 13 
9 23 13 
9 26 15 
20 27 15 
9 31 22 
9 30 7 
20 29 7 
12 28 7 
12 29 22 
12 31 6 
20 32 6 
9 33 6 
20 33 22 
9 27 10 
20 26 10 
12 38 10 
21 37 10 
8 43 10 
8 28 21 
8 17 11 
21 19 11 
12 17 21 
12 19 8 
8 16 20 
21 16 9 
20 19 9 
8 29 9 
21 30 20 
11 30 12 
11 31 20 
11 32 9 
7 33 18 
22 32 18 
10 31 18 
11 27 18 
21 26 18 
8 23 18 
20 1 18 
21 0 36 
11 0 35 
21 25 34 
11 43 33 
10 25 32 
22 0 34 
7 25 35 
10 1 34 
11 26 36 
10 39 36 
21 40 35 
8 40 34 
8 39 33 
12 23 33 
12 39 32 
12 40 27 
21 41 31 
8 36 31 
8 41 32 
21 42 33 
11 41 34 
10 41 33 
22 36 35 
6 35 34 
16 34 32 
16 35 33 
19 33 34 
17 32 36 
28 34 36 
28 35 41 
29 36 41 
30 36 42 
27 41 42 
31 5 42 
28 3 40 
30 3 41 
32 2 42 
34 3 42 
18 2 41 
18 3 36 
20 3 35 
20 23 36 
8 1 35 
20 39 34 
9 38 18 
12 37 20 
10 29 11 
16 37 11 
16 39 15 
19 38 14 
17 37 14 
28 43 14 
30 25 14 
29 1 13 
30 26 13 
17 33 13 
19 27 13 
17 34 15 
29 35 14 
29 18 15 
19 35 10 
16 18 12 
17 35 9 
30 40 18 
28 5 20 
17 24 20 
17 4 18 
25 36 33 
37 40 31 
37 39 27 
19 3 31 
16 4 43 
16 24 1 
22 40 38 
14 42 26 
13 5 32 
13 24 31 
15 4 30 
15 24 28 
13 4 28 
13 3 16 
14 5 15 
15 41 13 
13 18 14 
14 4 20 
14 24 9 
14 3 12 
13 42 12 
15 42 35 
15 40 32 
10 24 30 
12 5 34 
8 4 42 
21 2 3 
18 24 42 
33 0 5 
30 1 5 
9 4 12 
9 5 8 
9 41 12 
9 36 12 
9 40 20 
9 39 21 
20 38 11 
18 39 7 
36 40 16 
40 26 19 
40 31 43 
39 30 37 
1 19 37 
0 6 37 
0 7 38 
0 15 31 
0 14 32 
2 14 31 
24 22 29 
4 22 29 
5 21 29 
3 8 29 
24 12 26 
4 21 38 
4 11 1 
41 20 0 
42 9 0 
42 20 23 
40 11 24 
39 6 26 
41 16 25 
34 7 43 
33 14 27 
35 13 34 
36 15 33 
18 14 34 
8 21 24 
12 18 35 
16 10 28 
0 30 4 
25 29 4 
38 28 2 
31 19 32 
37 22 1 
40 6 33 
36 13 27 
5 13 18 
2 9 34 
42 42 42 
;

EXECUTION TIME KUMAR3: 997.792555094 seconds

-------------------------------------------------------------------
DATFILE : offices1_3r_500.dat
ENVIRONMENT : office
ALGORITHM : KUMAR3
RANGE : _500
STARTING_POS : 42
N_ROBOTS : 3
KUMAR3 T / objective : 5481.0
CONFIGURATIONS :
42 42 42 
41 42 43 
36 42 19 
36 41 19 
41 40 6 
36 40 6 
18 36 6 
18 41 6 
18 42 6 
18 5 6 
18 5 22 
18 24 22 
18 24 7 
18 4 7 
18 4 22 
36 4 6 
36 24 6 
36 24 22 
36 5 22 
36 5 7 
41 5 7 
41 5 22 
41 24 7 
41 4 7 
41 4 10 
41 24 10 
36 4 10 
35 4 10 
35 24 10 
35 24 11 
34 4 11 
34 24 11 
34 24 21 
34 4 8 
34 4 21 
35 4 21 
35 4 8 
35 24 8 
34 5 8 
34 5 21 
35 5 21 
36 5 8 
36 41 8 
35 41 8 
35 41 21 
34 41 21 
34 41 11 
33 41 11 
32 36 11 
27 36 11 
26 36 11 
23 36 11 
2 36 11 
2 41 11 
2 41 21 
2 41 8 
2 42 8 
2 42 21 
23 42 21 
23 42 8 
23 41 8 
26 41 8 
27 41 8 
32 41 8 
27 41 21 
27 36 21 
32 36 21 
27 35 21 
32 35 8 
27 34 8 
27 34 12 
32 34 12 
27 35 12 
26 35 12 
23 34 12 
2 34 12 
2 35 12 
2 35 20 
23 35 20 
2 34 20 
2 33 9 
23 33 9 
26 33 9 
27 33 9 
32 33 9 
27 32 9 
27 34 20 
32 34 20 
27 34 9 
26 34 9 
26 34 20 
26 33 20 
38 33 20 
26 32 9 
26 27 9 
26 31 9 
27 31 9 
26 31 20 
26 30 20 
27 30 20 
27 30 9 
32 30 9 
27 29 9 
32 29 9 
32 29 20 
33 29 20 
33 29 12 
33 30 12 
33 31 12 
34 30 12 
34 30 21 
35 30 21 
35 30 8 
36 30 8 
36 30 12 
36 29 12 
36 28 12 
41 28 12 
41 29 12 
41 29 20 
41 30 20 
41 30 9 
41 31 9 
36 27 9 
36 31 9 
36 31 20 
35 26 9 
34 38 9 
35 38 9 
34 37 9 
34 37 12 
34 43 12 
34 37 20 
35 37 20 
35 43 20 
35 43 21 
36 43 21 
36 43 8 
36 37 8 
36 37 21 
41 37 21 
41 37 11 
40 37 11 
40 43 11 
40 37 21 
40 38 21 
40 38 8 
40 26 8 
40 26 21 
40 27 8 
40 32 8 
40 27 12 
40 31 12 
40 31 20 
40 30 20 
40 30 9 
40 29 9 
40 28 9 
40 28 20 
40 17 9 
40 17 20 
39 17 20 
26 17 20 
26 17 12 
27 17 12 
32 17 12 
32 17 21 
27 17 8 
31 17 8 
31 17 21 
31 28 21 
27 28 8 
32 28 8 
27 29 8 
26 29 8 
26 29 21 
23 29 21 
23 29 11 
2 29 11 
2 30 11 
23 30 11 
23 30 10 
2 30 10 
2 29 10 
2 28 10 
23 28 10 
23 28 11 
26 28 11 
38 28 11 
37 28 11 
37 28 10 
37 29 10 
43 29 10 
37 30 10 
37 30 22 
37 30 7 
43 30 7 
43 30 22 
43 29 22 
37 29 7 
38 29 7 
38 29 22 
38 30 22 
26 29 7 
26 29 22 
26 28 22 
27 28 22 
27 17 7 
32 17 7 
32 28 7 
33 28 7 
33 28 22 
33 17 22 
34 17 7 
34 17 22 
34 28 22 
34 28 6 
35 28 6 
34 29 6 
35 29 6 
35 29 22 
35 28 7 
35 17 7 
35 17 6 
36 17 6 
36 17 16 
35 17 16 
35 28 16 
34 28 16 
34 29 16 
33 29 16 
33 30 16 
33 31 16 
32 31 16 
27 31 16 
26 27 16 
23 26 16 
2 26 16 
2 27 16 
2 32 16 
2 32 6 
2 27 6 
23 27 6 
23 32 6 
23 27 22 
23 27 7 
23 31 7 
23 31 22 
2 31 22 
2 31 7 
2 32 22 
3 27 7 
3 27 22 
3 32 22 
3 33 7 
3 34 7 
3 34 10 
3 35 10 
3 35 11 
3 36 11 
3 36 21 
3 41 21 
3 41 8 
3 42 8 
3 42 12 
3 41 20 
3 42 9 
24 42 9 
4 42 9 
4 42 20 
24 42 20 
5 41 20 
5 42 20 
5 42 9 
5 24 9 
5 24 12 
5 4 12 
24 4 12 
3 4 8 
3 24 8 
3 5 8 
3 5 18 
3 40 18 
3 39 18 
3 26 18 
3 27 18 
3 32 18 
23 32 18 
2 27 18 
2 31 18 
2 30 18 
3 30 18 
3 29 18 
3 28 18 
3 17 18 
3 19 18 
3 19 20 
23 19 20 
23 19 9 
2 19 9 
2 17 9 
23 17 8 
1 17 8 
1 17 21 
1 28 21 
1 28 11 
1 29 11 
1 30 11 
1 30 10 
1 31 10 
1 27 10 
1 32 10 
1 33 10 
1 34 10 
1 34 22 
1 35 22 
1 35 7 
1 36 7 
1 36 6 
1 41 6 
1 42 6 
1 42 16 
0 41 6 
0 36 6 
0 36 22 
0 36 7 
0 35 7 
0 34 7 
0 34 10 
0 33 10 
0 32 10 
0 32 11 
0 27 11 
0 26 11 
0 26 21 
0 23 8 
0 2 8 
25 2 8 
25 2 11 
25 23 11 
25 23 21 
25 26 21 
25 27 8 
25 32 8 
25 33 8 
25 33 21 
43 33 21 
37 33 8 
37 32 8 
37 27 8 
43 27 8 
43 32 7 
25 27 6 
25 26 6 
0 38 6 
0 37 6 
0 43 6 
25 37 6 
25 37 22 
25 43 22 
25 43 7 
0 25 7 
0 25 10 
1 25 10 
1 0 10 
1 25 20 
1 43 9 
1 37 9 
1 38 9 
1 38 12 
1 26 12 
1 23 8 
1 2 8 
23 2 8 
26 23 10 
38 2 10 
38 23 10 
38 26 10 
38 27 7 
38 32 7 
26 32 15 
26 27 15 
23 27 15 
23 31 15 
2 31 15 
2 30 15 
2 29 15 
3 29 15 
3 28 15 
24 28 15 
4 28 15 
4 29 15 
4 29 13 
24 29 13 
4 30 13 
24 30 13 
4 31 13 
4 27 13 
4 32 13 
24 27 13 
24 32 13 
24 32 14 
24 27 14 
4 27 14 
4 26 14 
24 26 14 
4 23 14 
4 2 14 
24 2 14 
24 23 14 
24 23 13 
5 23 13 
5 2 13 
5 2 15 
5 1 15 
24 1 15 
24 1 13 
4 1 13 
3 0 13 
3 25 13 
3 43 13 
3 37 13 
3 38 13 
3 26 13 
2 39 13 
23 39 13 
2 39 15 
2 40 15 
23 40 15 
23 40 22 
1 40 22 
1 40 7 
1 39 7 
1 39 22 
0 39 7 
25 39 7 
25 39 6 
43 26 6 
43 26 16 
43 23 16 
37 23 16 
37 2 16 
43 2 16 
43 2 19 
37 2 19 
37 1 19 
38 1 19 
26 1 19 
26 0 19 
27 0 19 
32 0 19 
32 25 19 
33 25 19 
34 0 19 
34 25 19 
34 25 17 
35 25 17 
34 0 17 
33 0 28 
27 0 29 
31 0 29 
27 0 30 
31 0 30 
31 25 30 
27 25 29 
26 25 28 
38 25 28 
38 25 17 
38 43 17 
38 37 17 
26 37 17 
26 43 28 
39 43 28 
39 37 28 
39 37 29 
39 38 29 
39 38 30 
39 26 30 
39 23 31 
39 23 27 
39 2 32 
39 2 33 
39 1 34 
39 1 35 
39 0 36 
39 25 36 
40 25 36 
40 25 41 
40 0 36 
40 0 35 
40 0 34 
40 0 33 
40 39 33 
41 39 27 
42 23 26 
42 2 27 
42 2 32 
42 1 33 
42 1 34 
42 0 34 
42 0 35 
5 0 32 
5 0 27 
5 25 27 
5 25 26 
5 0 38 
24 0 26 
4 0 26 
4 0 38 
24 0 38 
24 25 38 
4 25 26 
4 25 39 
4 43 39 
4 37 23 
24 37 2 
24 43 2 
5 37 2 
5 37 39 
5 43 39 
5 37 40 
24 37 40 
4 25 40 
24 0 39 
3 0 23 
3 1 26 
3 2 26 
3 23 31 
3 38 31 
24 38 31 
4 37 31 
4 43 31 
5 37 30 
5 37 29 
5 25 28 
24 0 17 
4 0 17 
3 39 19 
2 40 19 
2 39 16 
3 39 16 
3 40 16 
24 40 16 
4 40 16 
3 38 16 
2 31 6 
2 30 6 
5 31 6 
5 31 19 
4 30 19 
4 29 19 
3 28 19 
3 17 19 
3 28 17 
2 29 17 
1 30 17 
0 29 28 
0 30 28 
0 30 29 
37 40 43 
38 41 0 
38 36 0 
32 35 31 
32 34 31 
33 34 31 
33 35 27 
34 35 26 
33 36 23 
33 36 24 
33 34 4 
34 36 4 
35 36 4 
33 35 5 
31 27 42 
30 26 42 
30 38 42 
26 39 42 
23 40 42 
0 35 18 
1 35 18 
1 34 18 
0 33 18 
38 26 18 
39 0 9 
39 0 12 
39 0 21 
39 19 21 
23 19 8 
39 19 8 
39 16 8 
23 16 21 
1 16 11 
0 16 11 
0 16 10 
25 16 10 
25 16 22 
0 16 7 
0 6 7 
0 6 22 
0 22 7 
19 18 7 
19 18 22 
19 18 6 
16 36 6 
19 36 16 
19 35 6 
17 33 6 
17 26 10 
17 39 10 
19 26 10 
17 23 11 
17 39 11 
19 26 11 
16 31 11 
6 26 10 
22 23 10 
7 1 10 
7 1 11 
22 0 11 
7 0 21 
22 0 21 
7 0 8 
22 0 8 
6 0 8 
6 0 21 
6 0 11 
6 40 10 
15 2 10 
15 2 11 
15 2 21 
15 2 8 
15 38 8 
15 37 8 
15 37 12 
15 43 12 
15 43 20 
15 25 20 
15 25 9 
15 0 9 
22 0 9 
7 0 9 
7 0 20 
22 0 20 
7 0 12 
7 19 12 
22 19 12 
7 16 12 
7 16 20 
6 16 20 
6 16 9 
7 6 12 
10 6 8 
10 6 21 
10 11 36 
11 21 36 
11 8 36 
21 8 36 
12 8 36 
12 21 36 
20 8 35 
20 21 33 
9 8 32 
9 21 27 
9 11 26 
20 11 23 
12 11 0 
12 10 0 
20 10 0 
9 10 0 
18 8 0 
18 6 16 
34 10 15 
35 10 15 
36 10 15 
41 10 15 
42 10 15 
42 22 15 
42 7 15 
5 6 13 
41 6 13 
41 22 13 
41 7 13 
36 7 13 
35 7 13 
35 10 13 
34 10 13 
33 10 13 
33 11 13 
27 21 13 
26 8 13 
23 12 13 
0 20 13 
0 9 13 
0 9 14 
0 20 14 
25 20 14 
25 12 14 
43 12 14 
37 12 14 
37 21 14 
38 21 14 
38 8 14 
39 8 14 
26 11 14 
23 10 14 
1 10 14 
1 22 14 
0 7 14 
0 6 14 
3 6 14 
3 16 14 
2 6 15 
1 16 13 
0 19 13 
0 17 13 
0 28 13 
0 17 15 
19 17 15 
16 17 14 
16 28 14 
19 28 14 
19 29 14 
17 30 14 
17 31 14 
16 26 15 
6 33 14 
6 34 14 
6 35 14 
15 35 14 
15 36 14 
15 41 14 
13 41 14 
13 42 14 
13 41 15 
13 40 15 
13 40 14 
14 5 13 
6 18 10 
6 18 11 
15 18 11 
15 18 21 
13 18 8 
13 18 12 
14 18 12 
14 18 20 
14 18 9 
7 20 12 
7 9 12 
6 9 20 
6 15 33 
42 42 42 
;

EXECUTION TIME KUMAR3: 2399.17679691 seconds

-------------------------------------------------------------------
MAP: offices1_
DATE: 2017-10-24_15-51-18
