DATFILE : offices1_7r_250.dat
ENVIRONMENT : office
ALGORITHM : HBSS - TAU 3
RANGE : 250
STARTING_POS : 42
N_ROBOTS : 7
GREEDY SOLUTION : 790.0
COMPUTATIONS T :
791.0
779.0
792.0
730.0
793.0
775.0
726.0
760.0
761.0
768.0
823.0
780.0
790.0
803.0
770.0
781.0
776.0
848.0
752.0
757.0
729.0
794.0
804.0
785.0
797.0
737.0
813.0
792.0
719.0
747.0
722.0
788.0
706.0
767.0
758.0
788.0
775.0
785.0
820.0
767.0
775.0
762.0
811.0
770.0
767.0
747.0
791.0
762.0
785.0
839.0
777.0
799.0
773.0
800.0
701.0
781.0
756.0
772.0
785.0
782.0
737.0
784.0
788.0
843.0
818.0
772.0
757.0
780.0
757.0
760.0
767.0
770.0
794.0
758.0
828.0
797.0
703.0
755.0
753.0
758.0
795.0
768.0
804.0
792.0
803.0
787.0
813.0
799.0
801.0
776.0
753.0
776.0
790.0
793.0
796.0
722.0
863.0
783.0
746.0
779.0
768.0
785.0
740.0
784.0
759.0
801.0
740.0
769.0
778.0
764.0
775.0
805.0
771.0
831.0
785.0
786.0
745.0
721.0
749.0
768.0
803.0
780.0
810.0
813.0
773.0
788.0
760.0
737.0
790.0
745.0
750.0
788.0
841.0
860.0
790.0
736.0
703.0
740.0
715.0
713.0
769.0
809.0
812.0
804.0
715.0
775.0
801.0
786.0
757.0
829.0
778.0
797.0
852.0
799.0
814.0
747.0
801.0
789.0
761.0
786.0
796.0
810.0
775.0
764.0
763.0
764.0
810.0
807.0
828.0
785.0
801.0
802.0
774.0
771.0
778.0
765.0
772.0
773.0
831.0
796.0
779.0
760.0
778.0
699.0
788.0
733.0
814.0
774.0
764.0
771.0
779.0
772.0
790.0
783.0
738.0
775.0
824.0
814.0
783.0
785.0
;
HBBS bestT : 699.0
BEST_CONFIGURATIONS : 
42 42 42 42 42 42 42 
41 42 42 42 42 42 42 
41 42 5 24 42 42 42 
41 42 5 24 42 42 42 
41 42 5 24 42 42 42 
41 42 5 24 42 42 42 
41 42 5 24 42 42 42 
41 42 5 24 36 42 42 
41 42 5 24 36 42 42 
41 42 5 24 36 42 42 
41 42 5 24 36 40 42 
41 42 5 24 36 40 42 
41 42 5 24 36 40 42 
41 42 5 24 36 40 42 
41 42 5 24 36 40 40 
41 42 5 24 36 40 40 
41 42 5 4 36 40 40 
41 42 5 4 36 40 40 
41 42 5 4 36 40 40 
41 42 5 4 36 40 40 
41 42 5 4 36 40 40 
41 42 5 4 36 40 39 
41 42 5 4 36 40 39 
41 42 5 4 36 40 39 
41 42 5 4 36 40 39 
41 42 5 4 36 40 39 
41 42 24 4 36 40 39 
41 42 24 4 36 40 26 
41 42 24 4 36 40 26 
41 42 24 4 36 40 26 
41 42 24 4 35 40 26 
41 42 24 4 35 40 26 
41 42 24 4 35 40 26 
41 42 24 4 35 40 26 
41 42 24 4 35 40 26 
41 42 24 4 35 40 26 
41 42 24 4 34 40 26 
41 42 24 4 34 40 27 
41 42 24 4 34 40 27 
41 42 24 3 34 40 27 
41 42 3 3 34 40 27 
41 42 3 3 34 40 27 
41 42 3 3 34 40 27 
41 42 3 3 34 40 27 
41 42 3 3 34 40 27 
41 42 3 3 34 40 27 
41 42 3 3 34 40 32 
41 42 3 3 34 40 32 
41 42 3 3 34 40 32 
36 42 3 3 34 40 32 
36 42 3 3 34 40 32 
36 42 3 3 34 40 32 
36 42 3 3 35 40 32 
36 42 3 3 35 40 32 
36 42 3 3 35 40 32 
36 5 3 3 35 40 32 
36 5 3 3 35 40 32 
36 5 3 3 35 39 32 
36 5 3 3 35 39 32 
36 5 3 3 35 39 32 
36 5 3 23 35 39 32 
36 5 3 23 35 39 32 
36 5 3 23 35 39 32 
36 5 3 23 35 39 32 
36 5 3 23 35 39 32 
35 5 3 23 35 39 27 
35 5 3 2 35 39 27 
35 5 3 2 35 39 27 
35 5 3 2 35 39 27 
35 5 3 2 35 39 27 
35 5 3 2 35 39 27 
35 5 3 2 35 39 27 
35 5 3 2 34 39 27 
35 5 3 2 34 39 27 
35 5 3 2 34 39 27 
35 5 3 2 34 39 27 
35 5 3 2 34 39 32 
34 24 3 2 34 39 32 
34 24 3 2 34 26 32 
34 24 3 2 34 26 32 
34 24 3 2 34 26 32 
34 24 3 2 34 26 32 
34 24 3 2 34 26 32 
34 24 3 2 34 26 32 
34 24 3 2 34 26 32 
34 24 3 2 33 26 32 
34 24 3 2 33 26 32 
34 24 3 2 33 26 32 
34 24 3 2 33 26 32 
34 24 3 2 33 26 32 
34 24 3 2 33 26 32 
34 24 3 23 33 26 32 
34 24 3 23 33 26 27 
34 24 3 23 33 26 27 
34 4 3 23 33 26 27 
34 4 3 23 33 26 27 
34 4 3 23 33 26 27 
34 4 3 23 33 26 27 
34 4 3 23 33 26 27 
34 4 3 23 33 26 27 
34 4 3 23 33 26 27 
34 4 3 23 33 26 32 
34 4 3 23 33 27 32 
33 4 3 39 33 27 32 
33 4 3 39 35 27 32 
33 24 23 39 35 27 32 
33 24 23 39 35 27 32 
33 24 23 39 35 31 32 
33 24 23 39 35 31 32 
33 24 23 39 35 31 32 
33 24 23 39 35 31 32 
33 24 23 39 35 31 27 
33 5 23 39 35 31 27 
33 5 23 39 34 31 27 
33 5 26 39 34 31 27 
33 5 26 39 34 31 27 
33 5 38 39 34 31 27 
33 5 38 39 34 30 27 
33 5 38 26 34 30 27 
33 5 38 26 34 30 29 
33 5 38 26 34 30 29 
33 5 38 26 34 30 29 
33 5 38 26 34 30 29 
33 5 38 26 34 30 29 
33 5 38 26 34 30 29 
33 5 38 26 34 30 29 
33 41 38 26 34 30 29 
33 41 38 27 34 30 29 
33 41 38 27 34 30 29 
33 41 38 27 34 30 29 
33 41 38 27 36 30 29 
33 40 38 27 36 30 29 
33 40 38 32 36 30 29 
33 40 38 32 36 30 29 
33 40 38 32 36 30 29 
33 40 38 32 36 31 29 
33 40 38 32 36 31 29 
33 39 38 32 36 31 29 
35 39 38 32 18 31 29 
35 39 38 33 18 31 29 
35 39 38 33 18 31 29 
35 39 38 33 18 30 29 
35 39 38 33 18 30 28 
35 39 38 33 18 30 28 
35 39 38 27 18 30 28 
34 39 38 27 18 30 28 
34 26 38 27 18 30 28 
34 26 38 27 18 29 28 
34 26 37 27 18 29 28 
34 26 37 27 18 29 28 
34 26 37 27 18 29 28 
34 26 37 27 18 29 28 
34 26 43 27 18 29 28 
34 26 43 27 18 29 28 
34 26 43 27 18 29 28 
34 26 43 32 18 29 28 
32 26 37 32 18 29 28 
32 23 37 32 18 29 28 
32 23 37 32 18 29 28 
32 23 37 32 18 29 28 
32 23 37 31 18 29 28 
32 23 37 31 18 29 28 
32 23 37 31 18 30 28 
32 2 37 31 18 30 28 
32 2 37 31 18 30 28 
32 2 37 31 18 30 28 
32 2 37 31 18 30 28 
27 2 37 31 21 30 28 
27 2 43 31 21 30 28 
27 2 43 31 21 30 17 
27 2 43 31 21 30 17 
27 23 43 31 21 30 17 
27 23 43 31 21 30 17 
27 23 43 31 21 30 17 
27 23 43 31 21 30 17 
27 23 43 31 21 30 17 
27 23 37 31 21 30 17 
32 23 37 31 21 30 17 
32 26 37 31 21 30 17 
32 26 37 31 21 29 17 
33 26 37 31 21 29 17 
33 26 38 31 21 29 17 
33 23 38 38 21 29 17 
33 23 38 38 21 28 17 
33 23 37 38 21 28 17 
33 2 37 38 21 28 17 
34 2 37 38 20 28 17 
34 2 37 38 20 28 19 
34 2 37 38 20 17 19 
34 2 43 38 20 17 19 
34 2 43 38 20 17 19 
35 2 43 38 20 17 19 
35 2 43 38 20 28 19 
35 3 43 38 20 28 19 
36 3 43 38 20 28 19 
36 3 25 38 20 28 19 
36 3 25 38 20 28 19 
36 3 25 38 20 28 17 
36 23 25 38 20 28 17 
36 23 25 26 20 28 17 
36 23 25 26 20 29 17 
36 2 25 26 20 29 17 
40 2 25 23 20 29 17 
40 2 25 23 20 29 17 
40 2 25 23 20 29 17 
40 2 25 23 20 30 17 
40 2 25 23 20 30 19 
40 2 25 23 18 30 19 
40 2 25 23 18 31 19 
40 2 25 23 18 31 19 
40 2 25 1 18 31 19 
40 2 25 1 18 27 19 
41 2 25 1 18 27 19 
41 2 25 1 18 27 19 
41 2 25 1 18 27 19 
41 23 25 1 18 27 19 
41 23 25 1 18 32 19 
36 23 25 1 18 32 19 
36 26 25 1 18 32 19 
36 26 0 1 18 32 19 
36 26 0 1 18 32 28 
36 26 0 1 18 32 28 
36 26 0 1 18 32 28 
36 26 0 1 18 32 28 
36 26 0 1 18 27 28 
36 23 0 1 18 27 28 
36 23 0 1 18 31 28 
36 23 0 1 18 31 29 
36 23 0 1 18 31 29 
36 23 0 1 18 31 29 
36 2 0 1 18 31 29 
33 2 0 1 18 31 29 
33 2 0 1 18 30 29 
33 2 0 1 18 30 29 
33 3 0 1 18 30 29 
33 3 0 1 18 30 29 
33 3 0 1 18 31 29 
33 3 0 1 18 31 43 
33 3 0 1 24 31 43 
33 3 0 1 24 31 43 
33 3 0 1 24 31 37 
33 3 0 1 24 31 37 
33 3 0 1 4 31 37 
39 3 0 1 4 31 37 
39 3 0 1 4 31 37 
39 3 0 1 4 31 37 
39 2 0 1 4 31 37 
39 2 0 1 4 38 37 
39 2 0 1 4 38 37 
39 2 0 1 4 38 25 
37 2 0 1 4 38 25 
37 2 0 1 4 43 25 
37 2 0 1 4 43 25 
37 29 0 19 4 43 25 
17 29 0 19 4 16 25 
17 29 0 19 4 16 25 
17 29 19 19 4 16 25 
17 30 19 19 4 16 25 
17 30 19 19 27 16 25 
17 30 19 19 27 16 28 
17 30 16 19 31 16 28 
19 30 16 6 31 16 28 
19 30 16 6 31 16 28 
19 30 16 6 31 16 17 
19 30 16 6 31 22 17 
19 30 16 6 31 22 17 
19 30 16 6 31 22 17 
19 30 16 6 27 22 17 
19 30 16 6 27 22 17 
19 30 16 6 27 22 17 
19 30 16 6 27 7 17 
19 30 16 6 27 7 17 
19 30 16 6 27 7 17 
19 30 16 6 27 7 17 
19 29 16 6 27 22 17 
19 29 16 6 31 22 17 
19 29 16 22 31 7 17 
6 29 16 10 31 7 17 
6 29 7 10 31 7 17 
6 29 7 10 31 22 17 
6 29 7 11 31 22 17 
6 17 7 11 31 15 17 
6 17 7 11 31 15 17 
6 17 7 11 31 15 17 
6 17 7 11 31 15 17 
6 17 7 11 31 15 16 
6 17 7 11 31 15 16 
6 17 7 11 19 15 16 
6 17 7 11 19 15 16 
6 17 22 11 19 15 16 
6 17 22 11 19 15 16 
6 28 22 11 19 15 16 
7 28 22 21 19 15 16 
7 28 22 21 19 15 16 
7 28 22 21 19 15 16 
7 29 22 21 19 15 16 
7 29 22 21 19 15 6 
7 29 22 21 43 15 6 
7 29 22 8 43 15 6 
7 29 22 8 43 15 6 
7 29 22 8 43 15 6 
7 29 22 8 37 15 6 
7 30 22 8 37 15 6 
7 31 15 8 37 15 6 
7 31 15 8 38 15 6 
7 31 15 8 38 15 10 
14 27 15 8 38 15 10 
14 27 15 8 38 15 10 
14 27 15 8 26 15 10 
14 27 15 21 26 15 10 
14 27 15 21 26 15 10 
14 27 15 21 26 15 10 
14 27 15 21 26 13 10 
14 27 15 21 26 13 10 
14 27 15 21 26 13 10 
14 27 15 21 26 13 10 
14 27 15 21 26 13 10 
14 27 15 21 26 13 10 
14 27 15 21 26 13 10 
14 32 15 21 26 13 10 
14 32 15 21 26 13 10 
14 32 15 21 26 13 10 
14 32 15 21 26 13 10 
14 32 15 21 26 13 10 
14 32 15 8 26 13 10 
14 32 15 8 26 13 10 
14 32 15 8 39 13 10 
14 32 15 8 39 13 10 
14 32 15 8 39 13 11 
14 32 15 8 39 13 11 
14 32 15 8 39 13 11 
14 32 15 8 39 13 11 
14 33 15 8 39 13 11 
14 33 15 8 39 13 11 
14 33 15 8 23 13 11 
14 33 15 21 23 13 11 
14 33 15 21 23 13 11 
14 34 15 21 23 13 11 
14 34 22 21 23 13 11 
14 34 22 21 23 13 11 
14 34 22 8 23 13 21 
14 34 22 8 38 13 21 
14 34 22 8 38 13 21 
14 35 22 8 38 13 21 
14 35 7 8 38 13 21 
14 35 7 8 38 13 21 
14 35 7 8 38 13 12 
14 35 7 8 38 13 12 
14 35 7 8 38 13 12 
14 36 7 8 38 13 12 
14 36 7 8 31 13 12 
14 36 7 8 31 13 12 
14 36 7 21 31 13 12 
14 36 6 21 31 13 12 
14 36 6 21 30 13 12 
14 36 6 21 30 13 12 
14 36 6 21 30 13 20 
14 36 6 8 30 13 20 
14 36 6 8 30 13 20 
14 40 6 8 30 13 20 
14 40 16 8 30 13 20 
14 40 16 8 30 13 20 
14 40 16 8 29 13 20 
14 40 16 8 29 13 20 
14 40 16 21 29 13 20 
14 40 16 21 29 13 9 
14 40 16 8 29 13 9 
14 40 16 8 17 13 9 
14 40 16 12 17 13 9 
14 40 16 12 17 13 9 
14 18 16 12 17 13 9 
14 18 16 12 17 13 9 
14 18 10 12 17 13 9 
14 18 10 12 17 13 20 
14 18 10 12 17 13 20 
14 18 10 12 17 13 20 
14 18 10 12 16 13 20 
14 18 10 20 16 13 9 
11 18 10 20 16 13 9 
11 18 10 20 16 13 9 
11 18 10 20 16 13 9 
11 18 10 20 16 21 9 
11 18 11 12 16 21 9 
42 42 42 42 42 42 42 
;
ROBOT MOVING BEST:
0 0 0 0 0 0 0 
1 1 0 0 0 0 0 
0 0 1 1 0 0 0 
1 0 1 0 0 0 0 
1 0 0 1 0 0 0 
0 1 1 0 0 0 0 
0 1 0 1 0 0 0 
0 0 1 0 1 0 0 
1 0 0 0 1 0 0 
0 1 0 0 1 0 0 
0 0 1 0 0 1 0 
1 0 0 0 0 1 0 
0 1 0 0 0 1 0 
0 0 0 1 1 0 0 
0 0 0 1 0 0 1 
0 0 0 0 1 1 0 
1 0 0 1 0 0 0 
0 1 0 1 0 0 0 
0 0 1 1 0 0 0 
0 0 0 1 1 0 0 
0 0 0 1 0 1 0 
1 0 0 0 0 0 1 
0 0 1 0 0 0 1 
0 0 0 1 0 0 1 
0 0 0 0 1 0 1 
0 0 0 0 0 1 1 
0 0 1 1 0 0 0 
0 0 1 0 0 0 1 
0 0 0 1 0 0 1 
0 0 0 0 0 1 1 
1 0 0 0 1 0 0 
0 1 0 0 1 0 0 
0 0 1 0 1 0 0 
0 0 0 1 1 0 0 
0 0 0 0 1 1 0 
0 0 0 0 1 0 1 
1 0 0 0 1 0 0 
0 0 0 0 0 1 1 
0 1 0 0 1 0 0 
0 0 0 1 1 0 0 
1 0 1 0 0 0 0 
0 0 1 0 0 1 0 
0 1 1 0 0 0 0 
0 0 1 0 0 0 1 
0 0 0 0 1 1 0 
0 0 0 0 1 0 1 
0 0 0 1 0 0 1 
0 0 0 0 1 0 1 
0 0 0 0 0 1 1 
1 0 1 0 0 0 0 
1 0 0 0 0 0 1 
1 0 0 0 1 0 0 
1 0 0 0 1 0 0 
0 0 1 0 1 0 0 
0 0 0 0 1 0 1 
0 1 1 0 0 0 0 
0 1 0 0 1 0 0 
0 0 1 0 0 1 0 
0 0 0 0 1 1 0 
0 0 0 0 0 1 1 
0 1 0 1 0 0 0 
0 0 1 1 0 0 0 
0 0 0 1 1 0 0 
0 0 0 1 0 1 0 
0 0 0 1 0 0 1 
1 0 0 0 0 0 1 
1 0 0 1 0 0 0 
0 1 0 1 0 0 0 
0 0 0 1 0 1 0 
0 0 1 1 0 0 0 
0 0 0 1 0 0 1 
0 0 0 0 0 1 1 
0 1 0 0 1 0 0 
1 0 0 0 1 0 0 
0 0 0 0 1 1 0 
0 0 0 1 1 0 0 
0 0 0 1 0 0 1 
1 1 0 0 0 0 0 
1 0 0 0 0 1 0 
0 1 1 0 0 0 0 
0 1 0 0 0 0 1 
0 1 0 1 0 0 0 
0 0 1 0 0 1 0 
0 0 0 1 0 1 0 
0 0 0 0 0 1 1 
0 0 1 0 1 0 0 
0 0 0 0 1 0 1 
1 0 0 0 1 0 0 
0 1 0 0 1 0 0 
0 0 0 1 1 0 0 
0 0 0 0 1 1 0 
1 0 0 1 0 0 0 
0 0 0 0 1 0 1 
0 0 0 0 0 1 1 
1 1 0 0 0 0 0 
0 1 1 0 0 0 0 
0 1 0 1 0 0 0 
0 1 0 0 1 0 0 
0 0 0 1 1 0 0 
0 0 0 1 0 1 0 
0 0 0 1 0 0 1 
0 1 0 0 0 0 1 
0 0 0 0 0 1 1 
1 0 0 1 0 0 0 
1 0 0 0 1 0 0 
0 1 1 0 0 0 0 
0 1 0 1 0 0 0 
1 0 0 0 0 1 0 
0 0 1 0 0 1 0 
0 0 0 1 0 1 0 
0 0 0 0 0 1 1 
0 0 0 0 0 1 1 
1 1 0 0 0 0 0 
0 0 0 0 1 1 0 
0 0 1 0 0 1 0 
0 0 1 1 0 0 0 
1 0 1 0 0 0 0 
1 0 0 0 0 1 0 
0 0 1 1 0 0 0 
1 0 0 0 0 0 1 
0 0 1 0 1 0 0 
0 0 1 0 0 1 0 
0 0 0 1 0 1 0 
0 0 1 0 0 0 1 
0 0 0 1 0 0 1 
0 0 0 0 0 1 1 
1 1 0 0 0 0 0 
0 0 1 1 0 0 0 
0 0 0 1 0 1 0 
0 0 0 1 0 0 1 
1 0 0 0 1 0 0 
1 1 0 0 0 0 0 
0 0 1 1 0 0 0 
0 0 0 1 0 1 0 
0 0 0 1 0 0 1 
0 0 1 0 0 1 0 
0 0 0 0 0 1 1 
0 1 1 0 0 0 0 
1 0 0 0 1 0 0 
0 0 0 1 1 0 0 
0 1 0 0 0 0 1 
0 1 0 0 0 1 0 
0 0 1 0 0 0 1 
0 0 0 0 0 1 1 
0 0 0 1 0 0 1 
1 0 0 0 1 0 0 
0 1 0 0 0 0 1 
0 0 0 0 0 1 1 
0 1 1 0 0 0 0 
0 0 1 0 0 1 0 
0 0 1 1 0 0 0 
0 0 1 0 0 0 1 
0 1 1 0 0 0 0 
0 0 1 0 0 1 0 
0 0 1 0 0 0 1 
0 0 0 1 0 0 1 
1 0 1 0 0 0 0 
0 1 1 0 0 0 0 
0 1 0 0 0 1 0 
0 1 0 0 0 0 1 
0 0 1 1 0 0 0 
0 0 0 1 0 0 1 
0 0 1 0 0 1 0 
0 1 0 1 0 0 0 
0 1 1 0 0 0 0 
0 1 0 0 0 1 0 
0 0 0 1 0 1 0 
1 0 0 0 1 0 0 
0 0 1 1 0 0 0 
1 0 0 0 0 0 1 
0 0 1 0 0 1 0 
0 1 1 0 0 0 0 
0 1 0 0 0 1 0 
0 0 1 0 0 0 1 
0 0 0 1 0 0 1 
0 0 0 0 0 1 1 
0 0 1 0 0 0 1 
1 0 0 0 1 0 0 
0 1 0 0 0 0 1 
0 0 0 0 0 1 1 
1 0 0 0 1 0 0 
0 0 1 0 0 0 1 
0 1 0 1 0 0 0 
0 0 0 0 0 1 1 
0 0 1 1 0 0 0 
0 1 0 1 0 0 0 
1 0 0 0 1 0 0 
0 0 1 0 0 0 1 
0 0 0 0 0 1 1 
0 0 1 1 0 0 0 
0 0 1 0 0 0 1 
1 0 0 0 1 0 0 
0 0 0 0 0 1 1 
0 1 0 1 0 0 0 
1 0 0 0 1 0 0 
0 0 1 1 0 0 0 
0 0 1 0 0 1 0 
0 0 1 0 0 0 1 
0 1 1 0 0 0 0 
0 0 1 1 0 0 0 
0 0 1 0 0 1 0 
0 1 1 0 0 0 0 
1 0 0 1 0 0 0 
1 1 0 0 0 0 0 
0 1 0 1 0 0 0 
0 0 1 0 0 1 0 
0 0 0 0 0 1 1 
1 0 0 0 1 0 0 
0 0 1 0 0 1 0 
0 0 0 0 0 1 1 
0 1 0 1 0 0 0 
0 0 0 1 0 1 0 
1 0 0 0 1 0 0 
0 0 1 1 0 0 0 
0 0 1 0 0 1 0 
0 1 0 1 0 0 0 
0 0 0 1 0 1 0 
1 0 0 0 1 0 0 
0 1 0 1 0 0 0 
0 1 1 0 0 0 0 
0 0 0 1 0 0 1 
0 0 1 1 0 0 0 
0 0 1 0 0 0 1 
0 0 1 0 0 1 0 
0 0 1 0 0 1 0 
0 1 1 0 0 0 0 
0 0 1 0 0 1 0 
0 0 0 1 0 0 1 
0 0 1 0 0 0 1 
0 0 0 1 0 1 0 
0 1 1 0 0 0 0 
1 0 0 1 0 0 0 
0 0 1 0 0 1 0 
0 0 0 1 0 1 0 
0 1 0 1 0 0 0 
0 1 1 0 0 0 0 
0 1 0 0 0 1 0 
0 0 1 0 0 0 1 
0 0 0 1 1 0 0 
0 0 0 1 0 0 1 
0 0 1 0 0 0 1 
0 0 0 1 0 0 1 
0 0 0 1 1 0 0 
1 0 1 0 0 0 0 
1 0 0 0 0 0 1 
1 0 0 1 0 0 0 
0 1 0 0 1 0 0 
0 0 1 0 0 1 0 
0 0 0 1 0 1 0 
0 0 1 0 0 0 1 
1 0 0 0 0 0 1 
0 0 0 0 0 1 1 
1 0 0 0 0 1 0 
0 1 0 1 0 0 0 
1 0 0 0 0 1 0 
0 1 0 0 0 1 0 
0 0 1 0 0 1 0 
0 1 0 0 0 1 0 
0 0 0 0 1 1 0 
0 0 0 0 0 1 1 
0 0 1 0 1 0 0 
1 0 0 1 0 0 0 
0 0 1 1 0 0 0 
0 0 0 1 0 0 1 
1 0 0 0 0 1 0 
0 1 0 0 0 1 0 
0 0 1 0 0 1 0 
0 0 0 0 1 1 0 
0 0 0 0 0 1 1 
0 0 0 1 0 1 0 
1 0 0 0 0 1 0 
0 0 1 0 0 1 0 
0 0 0 1 0 1 0 
0 0 0 0 0 1 1 
0 1 0 0 0 1 0 
0 0 0 0 1 1 0 
0 0 0 1 0 1 0 
1 0 0 1 0 0 0 
0 0 1 1 0 0 0 
0 0 0 1 0 1 0 
1 0 0 1 0 0 0 
0 1 0 0 0 1 0 
0 0 1 1 0 0 0 
0 0 0 1 0 1 0 
1 0 0 0 0 1 0 
0 0 0 1 0 0 1 
0 0 1 0 0 1 0 
0 0 0 0 1 1 0 
0 0 0 0 0 1 1 
0 0 1 1 0 0 0 
0 0 1 0 0 1 0 
0 1 0 0 0 1 0 
1 0 0 1 0 0 0 
0 0 1 1 0 0 0 
0 0 0 1 0 1 0 
0 1 0 0 0 1 0 
0 0 0 1 0 0 1 
0 0 0 0 1 1 0 
1 0 0 1 0 0 0 
0 0 0 1 0 1 0 
0 0 1 1 0 0 0 
0 0 0 0 1 1 0 
0 1 0 0 0 1 0 
0 1 1 0 0 0 0 
0 0 0 0 1 1 0 
0 0 1 0 0 0 1 
1 1 0 0 0 0 0 
0 0 0 1 0 0 1 
0 0 1 0 1 0 0 
0 0 0 1 0 0 1 
1 0 0 1 0 0 0 
1 0 1 0 0 0 0 
1 0 0 0 0 1 0 
1 0 0 0 0 0 1 
1 0 0 0 1 0 0 
0 1 1 0 0 0 0 
0 1 0 0 0 1 0 
0 0 1 0 0 1 0 
0 0 0 1 0 1 0 
1 1 0 0 0 0 0 
0 0 0 0 1 1 0 
0 0 0 0 0 1 1 
0 1 1 0 0 0 0 
0 1 0 0 0 1 0 
1 0 0 1 0 0 0 
0 0 0 1 0 1 0 
1 0 0 0 1 0 0 
0 0 1 0 1 0 0 
1 0 0 0 0 0 1 
0 0 0 0 1 1 0 
0 0 0 1 0 0 1 
0 0 0 0 0 1 1 
0 1 0 0 0 1 0 
1 1 0 0 0 0 0 
0 0 0 0 1 1 0 
0 0 0 1 0 0 1 
0 1 1 0 0 0 0 
1 1 0 0 0 0 0 
0 0 1 0 0 1 0 
1 0 1 0 0 0 0 
0 0 0 1 0 0 1 
0 0 0 0 1 1 0 
0 1 0 0 0 1 0 
1 1 0 0 0 0 0 
1 0 1 0 0 0 0 
0 1 0 0 0 1 0 
1 0 0 0 0 0 1 
0 0 0 1 0 0 1 
0 0 0 0 0 1 1 
0 1 0 0 0 1 0 
1 0 0 0 1 0 0 
0 0 0 0 1 1 0 
0 0 0 1 0 0 1 
1 0 1 0 0 0 0 
1 0 0 0 1 0 0 
0 0 0 0 1 1 0 
1 0 0 0 0 0 1 
0 0 0 1 0 0 1 
0 0 0 0 0 1 1 
0 1 0 0 0 1 0 
1 0 1 0 0 0 0 
0 0 1 0 0 1 0 
1 0 0 0 1 0 0 
0 0 0 0 1 1 0 
0 0 0 1 0 0 1 
1 0 0 0 0 0 1 
0 0 0 1 0 0 1 
1 0 0 0 1 0 0 
0 0 0 1 0 0 1 
0 0 0 0 1 1 0 
0 1 0 1 0 0 0 
0 1 0 0 0 0 1 
0 0 1 1 0 0 0 
0 1 0 0 0 0 1 
0 0 1 0 0 0 1 
0 0 0 1 0 0 1 
0 0 1 0 1 0 0 
0 0 0 1 0 0 1 
1 0 0 1 0 0 0 
1 0 1 0 0 0 0 
1 0 0 0 0 0 1 
0 0 0 0 0 1 1 
0 0 1 1 0 0 0 
1 1 1 1 1 1 1 
;
TIMETABLE BEST: 
0.0 0.0 0.0 0.0 0.0 0.0 0.0 
10 10 0 0 0 0 0 
10 10 18 18 0 0 0 
18 10 18 18 0 0 0 
18 10 18 18 0 0 0 
18 18 18 18 0 0 0 
18 18 18 18 0 0 0 
18 18 19 18 19 0 0 
19 18 19 18 19 0 0 
19 19 19 18 19 0 0 
19 19 19 18 19 19 0 
19 19 19 18 19 19 0 
19 19 19 18 19 19 0 
19 19 19 19 19 19 0 
19 19 19 19 19 19 19 
19 19 19 19 19 19 19 
26 19 19 26 19 19 19 
26 26 19 26 19 19 19 
26 26 26 26 19 19 19 
26 26 26 26 26 19 19 
26 26 26 26 26 26 19 
30 26 26 26 26 26 30 
30 26 30 26 26 26 30 
30 26 30 30 26 26 30 
30 26 30 30 30 26 30 
30 26 30 30 30 30 30 
30 26 38 38 30 30 30 
30 26 38 38 30 30 38 
30 26 38 38 30 30 38 
30 26 38 38 30 38 38 
40 26 38 38 40 38 38 
40 40 38 38 40 38 38 
40 40 40 38 40 38 38 
40 40 40 40 40 38 38 
40 40 40 40 40 40 38 
40 40 40 40 40 40 40 
48 40 40 40 48 40 40 
48 40 40 40 48 47 47 
48 48 40 40 48 47 47 
48 48 40 54 54 47 47 
53 48 53 54 54 47 47 
53 48 53 54 54 53 47 
53 53 53 54 54 53 47 
53 53 53 54 54 53 53 
53 53 53 54 54 54 53 
53 53 53 54 54 54 54 
53 53 53 60 54 54 60 
53 53 53 60 60 54 60 
53 53 53 60 60 60 60 
62 53 62 60 60 60 60 
62 53 62 60 60 60 62 
62 53 62 60 62 60 62 
70 53 62 60 70 60 62 
70 53 70 60 70 60 62 
70 53 70 60 70 60 70 
70 71 71 60 70 60 70 
70 71 71 60 71 60 70 
70 71 71 60 71 71 70 
70 71 71 60 71 71 70 
70 71 71 60 71 71 71 
70 73 71 73 71 71 71 
70 73 73 73 71 71 71 
70 73 73 73 73 71 71 
70 73 73 73 73 73 71 
70 73 73 73 73 73 73 
80 73 73 73 73 73 80 
80 73 73 80 73 73 80 
80 80 73 80 73 73 80 
80 80 73 80 73 80 80 
80 80 80 80 73 80 80 
80 80 80 80 73 80 80 
80 80 80 80 73 80 80 
80 81 80 80 81 80 80 
81 81 80 80 81 80 80 
81 81 80 80 81 81 80 
81 81 80 81 81 81 80 
81 81 80 86 81 81 86 
89 89 80 86 81 81 86 
89 89 80 86 81 89 86 
89 89 89 86 81 89 86 
89 89 89 86 81 89 89 
89 89 89 89 81 89 89 
89 89 89 89 81 89 89 
89 89 89 89 81 89 89 
89 89 89 89 81 89 89 
89 89 90 89 90 89 89 
89 89 90 89 90 89 90 
90 89 90 89 90 89 90 
90 90 90 89 90 89 90 
90 90 90 90 90 89 90 
90 90 90 90 90 90 90 
97 90 90 97 90 90 90 
97 90 90 97 96 90 96 
97 90 90 97 96 96 96 
97 97 90 97 96 96 96 
97 97 97 97 96 96 96 
97 97 97 97 96 96 96 
97 97 97 97 97 96 96 
97 97 97 97 97 96 96 
97 97 97 97 97 97 96 
97 97 97 97 97 97 97 
97 103 97 97 97 97 103 
97 103 97 97 97 104 104 
107 103 97 107 97 104 104 
110 103 97 107 110 104 104 
110 110 110 107 110 104 104 
110 110 110 110 110 104 104 
111 110 110 110 110 111 104 
111 110 111 110 110 111 104 
111 110 111 111 110 111 104 
111 110 111 111 110 111 111 
111 110 111 111 110 117 117 
118 118 111 111 110 117 117 
118 118 111 111 118 118 117 
118 118 119 111 118 119 117 
118 118 119 119 118 119 117 
127 118 127 119 118 119 117 
127 118 127 119 118 127 117 
127 118 127 127 118 127 117 
132 118 127 127 118 127 132 
132 118 127 127 127 127 132 
132 118 127 127 127 127 132 
132 118 127 127 127 127 132 
132 118 132 127 127 127 132 
132 118 132 132 127 127 132 
132 118 132 132 127 132 132 
134 134 132 132 127 132 132 
134 134 139 139 127 132 132 
134 134 139 139 127 139 132 
134 134 139 139 127 139 139 
141 134 139 139 141 139 139 
145 145 139 139 141 139 139 
145 145 145 145 141 139 139 
145 145 145 145 141 145 139 
145 145 145 145 141 145 145 
145 145 153 145 141 153 145 
145 145 153 145 141 153 153 
145 156 156 145 141 153 153 
159 156 156 145 159 153 153 
159 156 156 159 159 153 153 
159 156 156 159 159 153 156 
159 161 156 159 159 161 156 
159 161 165 159 159 161 165 
159 161 165 159 159 165 165 
159 161 165 170 159 165 170 
167 161 165 170 167 165 170 
167 170 165 170 167 165 170 
167 170 165 170 167 173 173 
167 174 174 170 167 173 173 
167 174 174 170 167 174 173 
167 174 174 174 167 174 173 
167 174 174 174 167 174 174 
167 180 180 174 167 174 174 
167 180 180 174 167 180 174 
167 180 180 174 167 180 180 
167 180 180 180 167 180 180 
186 180 186 180 167 180 180 
186 188 188 180 167 180 180 
186 188 188 180 167 188 180 
186 188 188 180 167 188 188 
186 188 193 193 167 188 188 
186 188 193 193 167 188 193 
186 188 196 193 167 196 193 
186 195 196 195 167 196 193 
186 196 196 195 167 196 193 
186 196 196 195 167 196 193 
186 196 196 196 167 196 193 
199 196 196 196 199 196 193 
199 196 202 202 199 196 193 
203 196 202 202 199 196 203 
203 196 202 202 199 202 203 
203 203 203 202 199 202 203 
203 203 203 202 199 203 203 
203 203 203 202 199 203 203 
203 203 203 203 199 203 203 
203 203 203 203 199 203 203 
203 203 209 203 199 203 209 
209 203 209 203 209 203 209 
209 211 209 203 209 203 211 
209 211 209 203 209 211 211 
218 211 209 203 218 211 211 
218 211 218 203 218 211 218 
218 223 218 223 218 211 218 
218 223 218 223 218 220 220 
218 223 227 227 218 220 220 
218 230 227 230 218 220 220 
231 230 227 230 231 220 220 
231 230 232 230 231 220 232 
231 230 232 230 231 232 232 
231 230 238 238 231 232 232 
231 230 238 238 231 232 238 
239 230 238 238 239 232 238 
239 230 238 238 239 242 242 
239 244 238 244 239 242 242 
249 244 238 244 249 242 242 
249 244 249 249 249 242 242 
249 244 249 249 249 249 242 
249 244 254 249 249 249 254 
249 257 257 249 249 249 254 
249 257 257 257 249 249 254 
249 257 258 257 249 258 254 
249 264 264 257 249 258 254 
265 264 264 265 249 258 254 
265 265 264 265 249 258 254 
265 265 264 265 249 258 254 
265 265 266 265 249 266 254 
265 265 266 265 249 266 266 
268 265 266 265 268 266 266 
268 265 274 265 268 274 266 
268 265 274 265 268 274 274 
268 275 274 275 268 274 274 
268 275 274 281 268 281 274 
279 275 274 281 279 281 274 
279 275 281 281 279 281 274 
279 275 281 281 279 281 274 
279 282 281 282 279 281 274 
279 282 281 287 279 287 274 
288 282 281 287 288 287 274 
288 290 281 290 288 287 274 
288 291 291 290 288 287 274 
288 291 291 290 288 287 290 
288 291 291 291 288 287 290 
288 291 291 291 288 287 291 
288 291 291 291 288 291 291 
288 291 297 291 288 297 291 
288 299 299 291 288 297 291 
288 299 304 291 288 304 291 
288 299 304 300 288 304 300 
288 299 304 300 288 304 304 
288 299 304 304 288 304 304 
288 306 306 304 288 304 304 
307 306 306 307 288 304 304 
307 306 312 307 288 312 304 
307 306 312 312 288 312 304 
307 320 312 320 288 312 304 
307 320 320 320 288 312 304 
307 320 320 320 288 320 304 
307 320 323 320 288 320 323 
307 320 323 323 323 320 323 
307 320 323 323 323 320 323 
307 320 329 323 323 320 329 
307 320 329 329 323 320 329 
307 320 329 330 330 320 329 
331 320 331 330 330 320 329 
331 320 331 330 330 320 331 
331 320 331 331 330 320 331 
331 334 331 331 334 320 331 
331 334 340 331 334 340 331 
331 334 340 340 334 340 331 
331 334 348 340 334 340 348 
352 334 348 340 334 340 352 
352 334 348 340 334 355 355 
355 334 348 340 334 355 355 
355 385 348 385 334 355 355 
387 385 348 385 334 387 355 
387 387 348 385 334 387 355 
387 387 387 385 334 387 355 
387 395 387 385 334 395 355 
387 395 387 385 395 395 355 
387 395 387 385 395 395 395 
387 395 402 385 402 395 395 
405 395 402 405 402 395 395 
405 395 405 405 402 395 395 
405 395 405 405 402 395 405 
411 395 405 405 402 411 405 
411 411 405 405 402 411 405 
411 411 411 405 402 411 405 
411 411 411 405 411 411 405 
411 411 411 405 411 411 411 
411 411 411 411 411 411 411 
417 411 411 411 411 417 411 
417 411 417 411 411 417 411 
417 411 417 417 411 417 411 
417 411 417 417 411 417 417 
417 423 417 417 411 423 417 
417 423 417 417 423 423 417 
417 423 417 429 423 429 417 
442 423 417 442 423 429 417 
442 423 442 442 423 429 417 
442 423 442 442 423 442 417 
455 423 442 455 423 442 417 
455 455 442 455 423 455 417 
455 455 455 455 423 455 417 
455 455 455 455 423 455 417 
455 455 455 455 423 455 417 
455 455 455 455 423 455 455 
455 455 455 455 423 455 455 
455 455 455 455 455 455 455 
455 455 455 455 455 455 455 
455 455 461 461 455 455 455 
455 455 461 461 455 461 455 
455 465 461 461 455 465 455 
471 465 461 471 455 465 455 
471 465 471 471 455 465 455 
471 465 471 471 455 471 455 
471 474 471 471 455 474 455 
471 474 471 471 455 474 471 
471 474 471 471 474 474 471 
478 474 471 478 474 474 471 
478 474 471 478 474 478 471 
478 474 478 478 474 478 471 
478 474 478 478 480 480 471 
478 482 478 478 480 482 471 
478 491 491 478 480 482 471 
478 491 491 478 489 489 471 
478 491 494 478 489 489 494 
503 503 494 478 489 489 494 
503 503 494 494 489 489 494 
503 503 497 494 497 489 494 
503 503 497 501 497 489 501 
503 503 497 503 497 489 501 
503 503 503 503 497 489 501 
503 503 503 503 497 503 501 
503 503 503 503 497 503 503 
503 503 503 503 503 503 503 
503 503 503 503 503 503 503 
503 503 503 503 503 503 503 
503 503 503 503 503 503 503 
503 503 503 503 503 503 503 
509 509 503 503 503 503 503 
509 509 503 503 503 503 503 
509 509 503 503 503 503 503 
509 509 509 503 503 503 503 
509 509 509 503 503 509 503 
510 509 509 510 503 509 503 
510 509 509 510 503 510 503 
511 509 509 510 511 510 503 
511 509 511 510 511 510 503 
516 509 511 510 511 510 516 
516 509 511 510 511 511 516 
516 509 511 516 511 511 516 
516 509 511 516 511 516 516 
516 518 511 516 511 518 516 
518 518 511 516 511 518 516 
518 518 511 516 521 521 516 
518 518 511 523 521 521 523 
518 518 518 523 521 521 523 
527 527 518 523 521 521 523 
527 527 531 523 521 531 523 
531 527 531 523 521 531 523 
531 527 531 533 521 531 533 
531 527 531 533 533 533 533 
531 533 531 533 533 533 533 
541 541 531 533 533 533 533 
541 541 541 533 533 533 533 
541 541 541 533 533 541 533 
546 541 541 533 533 541 546 
546 541 541 546 533 541 546 
546 541 541 546 533 546 546 
546 551 541 546 533 551 546 
553 551 541 546 553 551 546 
553 551 541 546 553 553 546 
553 551 541 553 553 553 553 
555 551 555 553 553 553 553 
561 551 555 553 561 553 553 
561 551 555 553 561 561 553 
563 551 555 553 561 561 563 
563 551 555 563 561 561 563 
563 551 555 563 561 563 563 
563 567 555 563 561 567 563 
569 567 569 563 561 567 563 
569 567 569 563 561 569 563 
569 567 569 563 569 569 563 
569 567 569 563 569 569 563 
569 567 569 570 569 569 570 
579 567 569 570 569 569 579 
579 567 569 579 569 569 579 
584 567 569 579 584 569 579 
584 567 569 593 584 569 593 
584 567 569 593 584 584 593 
584 597 569 597 584 584 593 
584 597 569 597 584 584 597 
584 597 598 598 584 584 597 
584 606 598 598 584 584 606 
584 606 606 598 584 584 606 
584 606 606 606 584 584 606 
584 606 610 606 610 584 606 
584 606 610 616 610 584 616 
617 606 610 617 610 584 616 
617 606 617 617 610 584 616 
617 606 617 617 610 584 617 
617 606 617 617 610 625 625 
617 606 630 630 610 625 625 
686.0 633.0 699.0 686.0 699.0 684.0 674.0 
;
EXECUTION TIME HBSS: 7048.30457306 seconds 

-------------------------------------------------------------------
