DATFILE : offices1_4r_250.dat
ENVIRONMENT : office
ALGORITHM : HBSS - TAU 7
RANGE : 250
STARTING_POS : 42
N_ROBOTS : 4
GREEDY SOLUTION : 1569.0
COMPUTATIONS T :
1563.0
1502.0
1589.0
1569.0
1560.0
1571.0
1576.0
1594.0
1569.0
1496.0
1527.0
1508.0
1581.0
1562.0
1553.0
1529.0
1468.0
1454.0
1628.0
1541.0
1526.0
1569.0
1458.0
1467.0
1590.0
1518.0
1525.0
1494.0
1610.0
1632.0
1612.0
1569.0
1569.0
1509.0
1561.0
1600.0
1473.0
1569.0
1567.0
1460.0
1518.0
1508.0
1602.0
1571.0
1581.0
1569.0
1556.0
1502.0
1585.0
1617.0
1506.0
1513.0
1569.0
1535.0
1500.0
1569.0
1539.0
1470.0
1507.0
1496.0
1477.0
1547.0
1469.0
1587.0
1425.0
1545.0
1507.0
1573.0
1454.0
1682.0
1547.0
1575.0
1540.0
1512.0
1559.0
1544.0
1505.0
1465.0
1479.0
1569.0
1571.0
1507.0
1496.0
1475.0
1505.0
1569.0
1569.0
1569.0
1569.0
1569.0
1488.0
1485.0
1463.0
1529.0
1571.0
1504.0
1512.0
1520.0
1571.0
1569.0
1582.0
1542.0
1613.0
1470.0
1555.0
1569.0
1505.0
1646.0
1528.0
1483.0
1569.0
1500.0
1569.0
1500.0
1512.0
1614.0
1583.0
1436.0
1577.0
1551.0
1478.0
1573.0
1595.0
1514.0
1616.0
1481.0
1532.0
1569.0
1665.0
1585.0
1476.0
1512.0
1569.0
1586.0
1529.0
1578.0
1569.0
1488.0
1525.0
1528.0
1476.0
1582.0
1589.0
1565.0
1538.0
1595.0
1567.0
1525.0
1528.0
1569.0
1540.0
1510.0
1520.0
1547.0
1546.0
1550.0
1560.0
1668.0
1569.0
1506.0
1518.0
1589.0
1469.0
1531.0
1479.0
1506.0
1440.0
1569.0
1511.0
1586.0
1530.0
1569.0
1514.0
1586.0
1575.0
1491.0
1490.0
1585.0
1545.0
1540.0
1480.0
1449.0
1552.0
1550.0
1485.0
1583.0
1507.0
1517.0
1590.0
1470.0
1531.0
1487.0
1480.0
1543.0
1647.0
1500.0
1504.0
1529.0
1565.0
1549.0
;
HBBS bestT : 1425.0
BEST_CONFIGURATIONS : 
42 42 42 42 
41 42 42 42 
41 42 5 24 
41 42 5 24 
41 42 5 24 
41 42 5 24 
41 42 5 24 
41 42 5 4 
41 42 5 4 
41 42 5 4 
41 42 24 4 
36 42 24 4 
36 42 24 4 
36 42 24 4 
36 42 5 4 
36 41 5 4 
36 41 5 3 
36 41 5 3 
36 41 5 3 
36 41 24 3 
35 36 24 3 
35 36 24 3 
35 36 24 3 
35 36 4 3 
35 36 4 3 
35 41 4 3 
34 41 4 3 
34 41 4 3 
34 41 4 3 
34 41 24 3 
34 36 24 3 
34 36 24 23 
34 36 24 23 
34 35 24 23 
34 35 24 23 
34 35 4 23 
34 35 4 2 
34 35 4 2 
34 35 4 2 
34 35 24 2 
33 34 24 2 
33 34 24 2 
33 34 24 2 
33 34 4 2 
33 34 4 23 
33 35 4 23 
33 35 4 26 
33 35 4 26 
33 35 4 26 
33 35 4 27 
33 35 4 27 
33 35 4 32 
33 35 4 32 
33 35 4 32 
33 35 24 32 
33 34 24 32 
27 34 24 32 
27 34 24 32 
27 34 5 32 
26 34 5 32 
26 34 5 27 
26 34 24 27 
26 34 24 32 
26 33 5 32 
38 33 5 32 
38 33 5 27 
38 33 5 32 
38 34 5 32 
38 34 41 33 
39 33 41 33 
39 33 41 33 
39 33 41 32 
39 34 41 32 
39 34 36 32 
39 34 36 27 
39 34 36 32 
39 35 36 32 
39 35 36 33 
40 34 36 33 
40 34 36 33 
40 34 36 33 
40 35 36 33 
40 35 41 33 
40 35 41 32 
40 35 41 27 
40 35 42 27 
40 34 42 27 
40 34 42 26 
40 35 42 26 
40 35 42 23 
40 35 42 2 
40 35 5 2 
40 35 5 2 
40 35 5 2 
40 35 5 23 
39 35 5 23 
39 35 5 23 
39 35 5 2 
39 32 5 2 
39 32 24 2 
39 27 24 2 
39 27 4 2 
39 26 4 2 
39 26 4 2 
39 26 4 23 
26 26 3 23 
26 26 3 23 
26 27 3 23 
26 27 3 23 
38 27 3 23 
38 27 3 23 
38 32 3 23 
38 32 3 23 
37 27 3 23 
37 27 3 23 
37 32 3 23 
37 32 3 2 
37 32 3 2 
43 32 3 23 
43 33 3 23 
37 33 3 26 
43 33 3 26 
43 31 3 26 
43 31 2 26 
43 31 2 26 
37 31 2 26 
37 31 23 26 
37 31 23 27 
37 31 23 32 
38 31 23 32 
38 31 2 32 
38 31 2 33 
39 31 2 33 
39 31 3 33 
39 31 3 33 
39 31 3 34 
23 30 3 34 
23 30 3 33 
23 30 2 33 
23 30 2 33 
23 30 2 32 
26 30 2 32 
26 30 2 27 
26 30 1 27 
26 30 1 27 
26 30 1 27 
26 30 1 32 
23 29 1 32 
23 29 1 32 
23 29 1 32 
23 29 1 32 
23 29 1 27 
2 29 1 27 
2 29 1 26 
2 29 0 26 
2 29 0 26 
2 29 0 38 
2 29 0 38 
23 29 0 38 
23 30 0 38 
23 30 0 26 
23 30 0 27 
23 31 0 27 
1 31 0 27 
1 31 0 27 
1 31 0 32 
1 31 0 33 
1 29 0 33 
1 29 25 33 
1 29 25 33 
1 30 25 33 
23 30 25 33 
23 30 25 27 
23 31 25 27 
2 31 25 27 
2 31 25 26 
2 30 25 38 
2 30 25 38 
1 30 25 38 
1 30 43 38 
1 29 43 38 
1 29 43 38 
1 29 37 38 
1 29 37 38 
1 29 37 38 
1 30 37 38 
1 30 37 39 
1 30 37 39 
1 30 37 39 
1 30 43 39 
0 30 37 39 
0 30 37 39 
0 29 37 39 
0 29 43 39 
0 28 43 39 
0 28 43 39 
0 28 43 26 
0 28 37 26 
0 28 37 27 
25 28 37 27 
25 28 37 27 
25 28 37 32 
25 28 43 32 
25 17 43 32 
25 17 37 32 
25 17 37 27 
25 17 43 27 
25 17 43 26 
43 17 37 26 
43 17 37 38 
43 17 38 26 
43 28 38 26 
28 28 38 23 
28 29 38 23 
28 29 38 1 
28 30 38 1 
28 30 31 1 
28 30 31 1 
28 29 30 1 
17 29 30 1 
17 29 30 1 
17 29 31 1 
17 29 31 1 
17 28 31 1 
17 28 38 39 
19 17 38 39 
19 17 37 39 
19 28 37 39 
19 28 43 39 
19 29 43 39 
19 29 43 31 
19 30 43 31 
16 27 43 31 
16 27 17 31 
16 27 17 28 
16 31 17 28 
16 31 17 29 
16 31 19 29 
16 30 19 29 
6 30 16 29 
6 30 16 17 
6 19 16 17 
6 19 22 17 
6 19 22 17 
6 19 22 17 
6 19 7 17 
6 19 7 17 
6 19 7 17 
22 19 7 17 
22 16 7 17 
22 16 7 17 
22 16 7 29 
22 16 7 30 
22 16 7 31 
22 6 10 31 
22 6 10 31 
7 6 10 31 
22 6 10 27 
22 16 10 27 
15 16 10 27 
15 16 10 27 
15 16 10 26 
15 16 10 27 
15 16 11 27 
15 16 11 32 
15 16 11 32 
15 16 11 33 
15 16 21 33 
15 16 21 33 
15 6 21 33 
15 6 21 33 
15 6 21 32 
15 6 21 27 
15 22 21 27 
15 22 21 27 
15 7 21 27 
15 7 21 31 
15 7 21 31 
15 7 8 31 
15 7 8 31 
15 7 8 30 
15 22 8 30 
15 22 8 29 
15 22 8 28 
15 10 8 28 
15 10 21 28 
15 10 21 17 
15 10 11 17 
15 10 11 19 
15 11 21 19 
22 11 21 19 
22 11 8 19 
7 11 8 19 
7 11 8 6 
7 21 8 6 
10 12 8 6 
10 12 8 6 
10 12 8 11 
10 12 21 11 
10 20 21 11 
10 20 8 11 
10 20 8 11 
10 20 21 11 
11 9 21 11 
11 9 8 11 
11 9 8 21 
11 9 8 12 
11 9 20 12 
11 9 20 12 
14 9 20 12 
14 9 8 12 
14 9 8 12 
14 9 21 12 
14 20 21 12 
14 20 11 12 
14 20 11 10 
14 20 22 10 
14 20 7 10 
14 15 7 10 
14 15 7 6 
14 15 16 6 
14 13 16 6 
14 13 16 6 
14 13 16 22 
14 13 16 10 
15 13 16 10 
15 13 17 10 
15 13 17 11 
14 13 17 11 
14 13 17 21 
14 13 29 21 
14 13 29 21 
14 13 29 8 
14 13 30 8 
14 13 30 8 
14 13 30 12 
14 13 31 12 
14 13 31 12 
14 13 27 12 
14 13 27 12 
14 13 27 20 
14 13 32 20 
14 13 32 20 
14 13 33 20 
14 13 33 20 
14 13 33 18 
14 13 34 18 
14 13 34 18 
14 13 34 18 
14 13 35 18 
14 13 35 18 
14 13 35 18 
14 13 36 18 
14 13 36 18 
14 13 41 18 
13 13 40 18 
13 13 40 18 
13 13 39 18 
13 14 39 18 
13 14 26 18 
13 14 26 18 
13 14 23 18 
13 15 39 18 
13 15 39 40 
13 15 38 40 
13 15 38 40 
13 15 37 40 
15 15 43 40 
15 15 25 0 
15 15 0 3 
9 18 0 3 
9 18 1 3 
20 18 1 3 
20 18 1 24 
12 18 1 24 
12 18 1 4 
20 36 1 4 
20 36 3 42 
20 35 3 42 
20 34 3 42 
20 34 3 40 
20 34 24 40 
20 40 4 40 
42 42 42 42 
;
ROBOT MOVING BEST:
0 0 0 0 
1 1 0 0 
0 0 1 1 
1 0 1 0 
1 0 0 1 
0 1 1 0 
0 1 0 1 
1 0 0 1 
0 1 0 1 
0 0 1 1 
0 0 1 1 
1 1 0 0 
1 0 1 0 
1 0 0 1 
1 0 1 0 
1 1 0 0 
1 0 0 1 
0 1 0 1 
0 0 1 1 
0 0 1 1 
1 1 0 0 
1 0 1 0 
1 0 0 1 
1 0 1 0 
0 0 1 1 
1 1 0 0 
1 1 0 0 
1 0 1 0 
1 0 0 1 
1 0 1 0 
1 1 0 0 
1 0 0 1 
0 0 1 1 
1 1 0 0 
0 1 0 1 
0 0 1 1 
1 0 0 1 
0 1 0 1 
0 0 1 1 
0 0 1 1 
1 1 0 0 
1 0 1 0 
1 0 0 1 
1 0 1 0 
1 0 0 1 
1 1 0 0 
1 0 0 1 
0 1 0 1 
0 0 1 1 
1 0 0 1 
0 1 0 1 
1 0 0 1 
0 1 0 1 
0 0 1 1 
0 0 1 1 
0 1 0 1 
1 1 0 0 
1 0 0 1 
0 1 1 0 
1 1 0 0 
1 0 0 1 
1 0 1 0 
1 0 0 1 
0 1 1 0 
1 1 0 0 
1 0 0 1 
1 0 0 1 
1 1 0 0 
0 0 1 1 
1 1 0 0 
1 0 1 0 
1 0 0 1 
1 1 0 0 
1 0 1 0 
1 0 0 1 
0 0 1 1 
1 1 0 0 
0 0 1 1 
1 1 0 0 
1 0 1 0 
1 0 0 1 
1 1 0 0 
1 0 1 0 
1 0 0 1 
1 0 0 1 
1 0 1 0 
0 1 1 0 
1 0 0 1 
0 1 1 0 
1 0 0 1 
1 0 0 1 
1 0 1 0 
0 1 1 0 
0 0 1 1 
0 0 1 1 
1 0 1 0 
1 0 0 1 
1 0 0 1 
0 1 0 1 
1 0 1 0 
0 1 0 1 
1 0 1 0 
1 1 0 0 
0 1 0 1 
0 1 0 1 
1 0 1 0 
0 0 1 1 
0 1 1 0 
0 1 0 1 
1 0 1 0 
1 0 0 1 
0 1 1 0 
0 1 0 1 
1 1 0 0 
1 0 0 1 
1 1 0 0 
1 0 0 1 
0 0 1 1 
1 0 0 1 
0 1 1 0 
1 0 0 1 
1 0 0 1 
1 1 0 0 
0 1 1 0 
0 1 0 1 
1 1 0 0 
0 1 1 0 
0 1 0 1 
0 1 0 1 
1 1 0 0 
1 0 1 0 
0 1 0 1 
1 1 0 0 
1 0 1 0 
0 1 1 0 
0 1 0 1 
1 1 0 0 
0 1 0 1 
0 1 1 0 
1 0 1 0 
0 1 0 1 
1 1 0 0 
0 1 0 1 
1 0 1 0 
0 1 1 0 
0 0 1 1 
0 0 1 1 
1 1 0 0 
1 0 1 0 
0 1 1 0 
0 1 0 1 
0 1 0 1 
1 0 1 0 
0 1 0 1 
1 0 1 0 
0 1 1 0 
0 1 0 1 
0 0 1 1 
1 0 1 0 
0 1 1 0 
0 0 1 1 
0 0 1 1 
0 1 1 0 
1 1 0 0 
1 0 1 0 
0 0 1 1 
1 0 0 1 
0 1 0 1 
1 0 1 0 
0 1 1 0 
0 1 1 0 
1 0 1 0 
0 0 1 1 
0 1 1 0 
1 0 1 0 
0 0 1 1 
0 1 0 1 
0 0 1 1 
1 0 0 1 
1 0 1 0 
0 1 1 0 
0 0 1 1 
1 0 1 0 
0 1 1 0 
0 0 1 1 
0 1 1 0 
1 0 0 1 
0 1 0 1 
0 0 1 1 
0 1 1 0 
1 0 1 0 
1 0 0 1 
0 1 0 1 
1 0 1 0 
1 1 0 0 
0 1 1 0 
0 1 0 1 
0 1 1 0 
0 1 0 1 
1 1 0 0 
1 0 1 0 
0 1 0 1 
1 0 1 0 
1 1 0 0 
0 1 1 0 
0 1 0 1 
0 1 1 0 
0 1 0 1 
1 0 1 0 
0 1 0 1 
0 0 1 1 
0 1 1 0 
1 0 0 1 
1 1 0 0 
1 0 0 1 
1 1 0 0 
1 0 1 0 
0 1 1 0 
0 1 1 0 
1 1 0 0 
1 0 1 0 
1 0 1 0 
0 1 1 0 
1 1 0 0 
0 0 1 1 
1 1 0 0 
1 0 1 0 
1 1 0 0 
1 0 1 0 
1 1 0 0 
1 0 0 1 
1 1 0 0 
1 1 0 0 
1 0 1 0 
1 0 0 1 
1 1 0 0 
1 0 0 1 
1 0 1 0 
1 1 0 0 
1 0 1 0 
1 0 0 1 
1 1 0 0 
0 1 1 0 
1 0 1 0 
0 0 1 1 
1 0 1 0 
0 1 1 0 
0 0 1 1 
1 0 1 0 
1 1 0 0 
0 1 1 0 
1 0 0 1 
1 0 0 1 
1 0 0 1 
0 1 1 0 
1 0 1 0 
1 0 1 0 
1 0 0 1 
0 1 1 0 
1 1 0 0 
1 0 1 0 
1 0 0 1 
1 0 0 1 
1 0 1 0 
1 0 0 1 
0 1 1 0 
1 0 0 1 
1 0 1 0 
0 0 1 1 
1 1 0 0 
0 1 1 0 
0 0 1 1 
0 0 1 1 
1 1 0 0 
0 1 1 0 
1 1 0 0 
1 0 0 1 
0 1 1 0 
1 0 1 0 
0 1 1 0 
1 0 0 1 
0 1 1 0 
1 0 0 1 
1 0 0 1 
0 1 1 0 
0 1 1 0 
1 0 0 1 
0 1 1 0 
1 0 0 1 
0 1 1 0 
1 1 0 0 
0 1 1 0 
1 1 0 0 
0 1 0 1 
0 1 1 0 
1 1 0 0 
0 1 1 0 
0 1 0 1 
0 1 1 0 
1 1 0 0 
0 1 1 0 
0 1 0 1 
0 1 1 0 
1 1 0 0 
0 1 1 0 
0 1 0 1 
0 1 0 1 
0 1 1 0 
0 0 1 1 
1 1 0 0 
1 0 1 0 
1 0 0 1 
1 0 1 0 
1 1 0 0 
1 0 1 0 
1 0 0 1 
1 0 1 0 
1 0 1 0 
1 1 0 0 
1 0 0 1 
1 0 1 0 
1 1 0 0 
0 1 1 0 
0 1 0 1 
0 1 0 1 
1 1 0 0 
0 1 1 0 
0 1 0 1 
1 0 1 0 
0 1 0 1 
1 0 1 0 
0 1 1 0 
0 1 0 1 
1 0 1 0 
0 1 1 0 
0 1 0 1 
1 0 1 0 
0 1 1 0 
1 0 1 0 
0 1 1 0 
0 1 0 1 
1 0 1 0 
0 1 1 0 
1 0 1 0 
0 1 1 0 
0 0 1 1 
1 0 1 0 
0 1 1 0 
0 0 1 1 
1 0 1 0 
0 1 1 0 
0 0 1 1 
0 1 1 0 
0 0 1 1 
0 0 1 1 
1 0 1 0 
0 0 1 1 
1 0 1 0 
0 1 1 0 
1 0 1 0 
0 1 1 0 
1 0 1 0 
0 1 1 0 
0 0 1 1 
1 0 1 0 
0 1 1 0 
0 1 1 0 
1 0 1 0 
0 0 1 1 
0 0 1 1 
1 1 0 0 
0 0 1 1 
1 1 0 0 
0 0 1 1 
1 1 0 0 
0 0 1 1 
1 1 0 0 
0 0 1 1 
1 1 0 0 
1 1 0 0 
0 0 1 1 
0 0 1 1 
0 1 1 0 
1 1 1 1 
;
TIMETABLE BEST: 
0.0 0.0 0.0 0.0 
10 10 0 0 
10 10 18 18 
18 10 18 18 
18 10 18 18 
18 18 18 18 
18 18 18 18 
25 18 18 25 
25 25 18 25 
25 25 25 25 
25 25 33 33 
34 34 33 33 
34 34 34 33 
34 34 34 34 
42 34 42 34 
44 44 42 34 
48 44 42 48 
48 48 42 48 
48 48 48 48 
48 48 56 56 
58 58 56 56 
58 58 58 56 
58 58 58 58 
65 58 65 58 
65 58 65 65 
67 67 65 65 
75 75 65 65 
75 75 75 65 
75 75 75 75 
82 75 82 75 
84 84 82 75 
88 84 82 88 
88 84 88 88 
94 94 88 88 
94 94 88 94 
94 94 95 95 
102 94 95 102 
102 102 95 102 
102 102 102 102 
102 102 109 109 
111 111 109 109 
111 111 111 109 
111 111 111 111 
118 111 118 111 
118 111 118 118 
119 119 118 118 
126 119 118 126 
126 126 118 126 
126 126 126 126 
133 126 126 133 
133 133 126 133 
139 133 126 139 
139 139 126 139 
139 139 139 139 
139 139 146 146 
139 147 146 147 
150 150 146 147 
150 150 146 150 
150 154 154 150 
157 157 154 150 
157 157 154 157 
162 157 162 157 
163 157 162 163 
163 170 170 163 
171 171 170 163 
171 171 170 171 
177 171 170 177 
180 180 170 177 
180 180 186 186 
192 192 186 186 
192 192 192 186 
195 192 192 195 
201 201 192 195 
201 201 201 195 
201 201 201 201 
201 201 207 207 
209 209 207 207 
209 209 216 216 
220 220 216 216 
220 220 220 216 
220 220 220 220 
228 228 220 220 
229 228 229 220 
229 228 229 229 
235 228 229 235 
239 228 239 235 
239 239 239 235 
242 239 239 242 
242 247 247 242 
250 247 247 250 
257 247 247 257 
265 247 265 257 
265 265 265 257 
265 265 265 265 
265 265 272 272 
276 265 276 272 
276 265 276 276 
283 265 276 283 
283 283 276 283 
284 283 284 283 
284 289 284 289 
291 289 291 289 
296 296 291 289 
296 296 291 296 
296 303 291 303 
305 303 305 303 
305 303 305 305 
305 310 310 305 
305 310 310 310 
313 310 313 310 
313 310 313 313 
313 316 316 313 
313 316 316 316 
322 322 316 316 
322 322 316 322 
328 328 316 322 
329 328 316 329 
329 328 329 329 
336 328 329 336 
336 337 337 336 
344 337 337 344 
350 337 337 350 
355 355 337 350 
355 355 355 350 
355 355 355 355 
361 361 355 355 
361 362 362 355 
361 362 362 362 
361 368 362 368 
370 370 362 368 
370 370 370 368 
370 377 370 377 
382 382 370 377 
384 382 384 377 
384 384 384 377 
384 386 384 386 
394 394 384 386 
394 395 384 395 
394 398 398 395 
398 398 398 395 
398 404 398 404 
406 406 398 404 
406 410 398 410 
413 410 413 410 
413 413 413 410 
413 413 413 413 
413 413 419 419 
421 421 419 419 
421 421 421 419 
421 421 421 419 
421 421 421 421 
421 427 421 427 
428 427 428 427 
428 434 428 434 
442 434 442 434 
442 442 442 434 
442 442 442 442 
442 442 442 442 
449 442 449 442 
449 450 450 442 
449 450 450 450 
449 450 457 457 
449 458 458 457 
459 459 458 457 
459 459 459 457 
459 459 463 463 
472 459 463 472 
472 472 463 472 
473 472 473 472 
473 473 473 472 
473 481 481 472 
483 481 483 472 
483 481 483 483 
483 489 489 483 
490 489 490 483 
490 489 490 490 
490 498 490 498 
490 498 498 498 
505 498 498 505 
509 498 509 505 
509 509 509 505 
509 509 509 509 
515 509 515 509 
515 515 515 509 
515 515 515 515 
515 523 523 515 
527 523 523 527 
527 527 523 527 
527 527 527 527 
527 533 533 527 
541 533 541 527 
541 533 541 541 
541 541 541 541 
547 541 547 541 
550 550 547 541 
550 550 550 541 
550 550 550 550 
550 556 556 550 
550 557 556 557 
560 560 556 557 
560 560 560 557 
560 563 560 563 
566 563 566 563 
573 573 566 563 
573 573 573 563 
573 573 573 573 
573 579 579 573 
573 580 579 580 
585 580 585 580 
585 588 585 588 
585 588 596 596 
585 598 598 596 
604 598 598 604 
607 607 598 604 
614 607 598 614 
615 615 598 614 
618 615 618 614 
618 618 618 614 
618 626 626 614 
628 628 626 614 
628 628 628 614 
636 628 636 614 
636 636 636 614 
645 645 636 614 
645 645 656 656 
657 657 656 656 
665 657 665 656 
667 667 665 656 
671 667 671 656 
676 676 671 656 
678 676 671 678 
684 684 671 678 
698 698 671 678 
698 698 698 678 
698 698 698 698 
705 705 698 698 
707 705 698 707 
710 705 710 707 
713 713 710 707 
727 713 727 707 
727 713 727 727 
736 736 727 727 
736 743 743 727 
743 743 743 727 
743 743 743 743 
749 743 749 743 
749 749 749 743 
749 749 749 749 
761 749 761 749 
763 763 761 749 
763 763 763 749 
764 763 763 764 
772 763 763 772 
780 763 763 780 
780 780 780 780 
780 780 780 780 
786 780 786 780 
792 780 786 792 
792 794 794 792 
805 805 794 792 
805 805 805 792 
805 805 805 805 
812 805 805 812 
818 805 818 812 
818 805 818 818 
818 818 818 818 
827 818 818 827 
828 818 828 827 
828 818 828 828 
832 832 828 828 
832 832 832 828 
832 832 837 837 
832 832 843 843 
844 844 843 843 
844 844 844 843 
850 850 844 843 
850 850 844 850 
850 850 850 850 
857 850 857 850 
857 857 857 850 
858 857 857 858 
858 863 863 858 
866 863 863 866 
875 863 863 875 
875 876 876 875 
875 883 883 875 
885 883 883 885 
885 893 893 885 
897 893 893 897 
897 906 906 897 
910 910 906 897 
910 913 913 897 
916 916 913 897 
916 917 913 917 
916 927 927 917 
940 940 927 917 
940 940 940 917 
940 943 940 943 
940 947 947 943 
957 957 947 943 
957 957 957 943 
957 957 957 957 
957 964 964 957 
973 973 964 957 
973 973 973 957 
973 973 973 973 
973 986 973 986 
973 987 987 986 
973 987 987 987 
1006 1006 987 987 
1006 1006 1006 987 
1006 1006 1006 1006 
1013 1006 1013 1006 
1015 1015 1013 1006 
1023 1015 1023 1006 
1032 1015 1023 1032 
1039 1015 1039 1032 
1045 1015 1045 1032 
1053 1053 1045 1032 
1055 1053 1045 1055 
1065 1053 1065 1055 
1067 1067 1065 1055 
1067 1067 1067 1055 
1067 1067 1067 1067 
1067 1080 1067 1080 
1081 1081 1067 1080 
1081 1093 1093 1080 
1081 1093 1093 1093 
1095 1093 1095 1093 
1095 1103 1095 1103 
1110 1103 1110 1103 
1110 1110 1110 1103 
1110 1110 1110 1110 
1118 1110 1118 1110 
1118 1118 1118 1110 
1118 1124 1118 1124 
1126 1124 1126 1124 
1126 1126 1126 1124 
1133 1126 1133 1124 
1133 1133 1133 1124 
1133 1134 1133 1134 
1139 1134 1139 1134 
1139 1139 1139 1134 
1148 1139 1148 1134 
1148 1148 1148 1134 
1148 1148 1153 1153 
1162 1148 1162 1153 
1162 1162 1162 1153 
1162 1162 1162 1162 
1170 1162 1170 1162 
1170 1170 1170 1162 
1170 1170 1170 1170 
1170 1180 1180 1170 
1170 1180 1180 1180 
1170 1180 1189 1189 
1200 1180 1200 1189 
1200 1180 1200 1200 
1211 1180 1211 1200 
1211 1211 1211 1200 
1219 1211 1219 1200 
1219 1219 1219 1200 
1227 1219 1227 1200 
1227 1237 1237 1200 
1227 1237 1237 1237 
1249 1237 1249 1237 
1249 1249 1249 1237 
1249 1258 1258 1237 
1264 1258 1264 1237 
1264 1258 1275 1275 
1264 1258 1302 1302 
1315 1315 1302 1302 
1315 1315 1316 1316 
1324 1324 1316 1316 
1324 1324 1329 1329 
1334 1334 1329 1329 
1334 1334 1336 1336 
1352 1352 1336 1336 
1352 1352 1361 1361 
1362 1362 1361 1361 
1370 1370 1361 1361 
1370 1370 1380 1380 
1370 1370 1393 1393 
1370 1400 1400 1393 
1416.0 1419.0 1425.0 1412.0 
;
EXECUTION TIME HBSS: 2363.19085598 seconds 

-------------------------------------------------------------------
