DATFILE : offices1_10r_250.dat
ENVIRONMENT : office
ALGORITHM : HBSS - TAU 9
RANGE : _250
STARTING_POS : 42
N_ROBOTS : 10
GREEDY SOLUTION : 495.0
COMPUTATIONS T :
568.0
568.0
568.0
568.0
568.0
568.0
568.0
568.0
562.0
558.0
568.0
550.0
568.0
549.0
568.0
568.0
568.0
568.0
568.0
568.0
568.0
520.0
568.0
568.0
568.0
568.0
543.0
542.0
547.0
568.0
568.0
549.0
568.0
568.0
568.0
568.0
543.0
568.0
568.0
568.0
568.0
568.0
568.0
568.0
568.0
571.0
568.0
568.0
568.0
570.0
501.0
568.0
568.0
535.0
568.0
568.0
541.0
568.0
568.0
568.0
568.0
568.0
507.0
568.0
568.0
568.0
568.0
568.0
568.0
568.0
568.0
568.0
547.0
568.0
568.0
513.0
568.0
565.0
568.0
568.0
568.0
568.0
568.0
568.0
568.0
568.0
564.0
568.0
560.0
568.0
568.0
561.0
568.0
568.0
568.0
544.0
568.0
568.0
568.0
568.0
568.0
568.0
568.0
568.0
568.0
567.0
567.0
568.0
568.0
568.0
568.0
568.0
568.0
568.0
568.0
568.0
568.0
568.0
568.0
568.0
568.0
568.0
565.0
561.0
568.0
568.0
568.0
564.0
568.0
568.0
568.0
529.0
568.0
568.0
564.0
568.0
563.0
552.0
568.0
568.0
568.0
568.0
568.0
568.0
568.0
568.0
551.0
568.0
568.0
554.0
554.0
568.0
568.0
568.0
568.0
568.0
568.0
568.0
568.0
568.0
556.0
568.0
568.0
568.0
568.0
568.0
568.0
568.0
568.0
502.0
568.0
568.0
568.0
521.0
568.0
568.0
541.0
568.0
522.0
568.0
568.0
568.0
568.0
568.0
568.0
568.0
568.0
500.0
568.0
513.0
568.0
568.0
568.0
560.0
568.0
568.0
568.0
568.0
568.0
568.0
;
HBBS bestT : 500.0
BEST_CONFIGURATIONS : 
42 42 42 42 42 42 42 42 42 42 
41 42 42 42 42 42 42 42 42 42 
41 42 5 24 42 42 42 42 42 42 
41 42 5 24 42 42 42 42 42 42 
41 42 5 24 42 42 42 42 42 42 
41 42 5 24 42 42 42 42 42 42 
41 42 5 24 42 42 42 42 42 42 
41 42 5 24 36 42 42 42 42 42 
41 42 5 24 36 42 42 42 42 42 
41 42 5 24 36 42 42 42 42 42 
41 42 5 24 36 40 42 42 42 42 
41 42 5 24 36 40 42 42 42 42 
41 42 5 24 36 40 42 42 42 42 
41 42 5 24 36 40 42 42 42 42 
41 42 5 24 36 40 42 42 42 42 
41 42 5 24 36 40 40 42 42 42 
41 42 5 24 36 40 40 4 42 42 
41 42 5 24 36 40 40 4 42 42 
41 42 5 24 36 40 40 4 42 42 
41 42 5 24 36 40 40 4 42 42 
41 42 5 24 36 40 40 4 42 42 
41 42 5 24 36 40 40 4 42 42 
41 42 5 24 36 40 40 4 18 42 
41 42 5 24 36 40 40 4 18 42 
41 42 5 24 36 40 40 4 18 42 
41 42 5 24 36 40 40 4 18 35 
41 42 5 24 36 40 40 4 18 35 
41 42 5 24 36 40 40 4 18 35 
41 42 5 24 36 40 40 4 18 35 
41 42 5 24 36 40 40 4 18 35 
41 42 5 24 36 40 40 4 18 35 
41 42 5 24 36 40 40 4 18 35 
41 42 5 24 36 40 40 4 18 35 
41 42 5 24 36 40 39 4 18 35 
41 42 5 24 36 40 39 4 18 35 
41 42 5 24 36 40 39 4 18 35 
41 42 5 24 36 40 39 4 18 35 
41 42 5 24 36 40 39 4 18 35 
41 42 5 24 36 40 39 4 18 35 
41 42 5 24 36 40 39 4 18 35 
41 42 5 24 36 40 39 4 18 34 
41 42 5 24 36 40 39 4 18 34 
41 42 24 24 36 40 26 4 18 34 
41 42 24 24 36 40 26 4 18 34 
41 42 24 4 36 40 26 4 18 34 
41 42 24 4 36 40 26 4 18 34 
41 42 24 4 36 40 26 4 18 34 
41 42 24 4 36 40 26 4 18 34 
41 42 24 4 36 40 26 4 18 34 
41 42 24 4 36 40 26 4 18 34 
41 42 24 4 36 40 26 4 18 34 
41 42 24 4 36 40 26 3 18 34 
41 42 24 4 36 40 26 3 18 34 
41 42 24 4 36 40 26 3 18 34 
41 42 24 4 36 40 26 3 18 34 
41 42 24 4 36 40 26 3 18 34 
41 42 24 4 36 40 26 3 18 34 
41 42 24 4 36 40 26 3 18 34 
41 42 24 4 36 40 26 3 18 34 
41 42 24 4 36 40 27 3 18 34 
41 42 24 4 36 40 27 3 18 34 
41 42 24 4 36 40 27 3 18 34 
41 42 5 4 36 40 27 3 18 34 
41 42 5 4 36 40 27 3 18 34 
41 42 5 4 35 40 27 3 18 34 
41 42 5 4 35 40 27 3 18 34 
41 42 5 4 35 40 27 3 18 34 
36 42 5 4 35 40 27 3 20 34 
36 42 5 4 35 40 27 3 20 34 
36 42 5 4 35 40 27 3 20 34 
36 42 5 4 35 40 32 3 20 34 
36 42 24 4 35 40 32 3 20 34 
36 42 24 3 35 40 32 3 20 34 
36 42 24 3 35 40 32 3 20 34 
36 42 24 3 35 40 32 3 20 34 
36 42 24 3 35 40 32 3 20 34 
36 5 24 3 35 40 32 23 20 34 
36 5 4 3 35 40 32 23 20 34 
36 5 4 3 35 40 32 23 20 34 
36 5 4 3 35 40 32 23 20 34 
36 5 4 3 35 40 32 23 20 34 
36 5 4 3 35 40 32 23 20 34 
36 5 4 3 35 40 32 23 20 34 
36 5 4 3 35 40 32 23 20 34 
36 5 4 3 35 40 32 23 21 34 
34 5 4 3 35 40 32 2 21 34 
34 5 4 3 35 40 32 2 21 34 
34 5 4 3 35 40 32 2 21 34 
34 5 4 3 35 40 32 2 21 34 
34 5 4 3 35 40 32 2 21 34 
34 5 4 3 35 40 32 2 21 34 
34 5 4 3 35 40 32 2 21 34 
34 5 4 3 35 40 32 2 21 33 
34 5 4 3 35 40 32 2 21 33 
34 5 4 3 35 40 32 2 21 33 
34 5 4 3 35 40 32 2 21 33 
34 5 4 3 35 40 32 2 21 33 
34 5 4 3 35 40 32 2 21 33 
34 5 4 3 35 40 32 2 21 33 
34 5 4 3 35 40 32 2 21 33 
34 5 4 3 35 40 32 2 21 33 
34 5 4 3 35 40 27 2 21 33 
34 5 4 3 35 40 27 2 21 33 
34 5 4 3 35 40 27 2 21 33 
34 5 24 3 35 40 27 2 21 33 
34 5 24 3 35 40 27 2 21 33 
33 5 24 3 36 40 27 2 21 33 
33 5 24 3 36 39 27 2 21 33 
33 5 24 3 36 39 27 2 21 33 
33 5 24 3 36 39 27 2 21 33 
33 5 24 3 36 39 27 2 21 33 
33 41 24 3 36 39 27 2 21 33 
33 41 24 3 36 39 27 2 21 32 
33 41 24 3 36 39 27 2 21 32 
33 41 24 3 36 39 27 23 21 32 
33 41 24 3 36 39 27 23 21 32 
33 41 24 3 36 39 27 23 21 32 
33 41 24 3 36 39 27 23 21 32 
33 41 24 3 36 39 27 23 22 32 
33 41 24 3 34 39 27 23 22 32 
33 41 24 23 34 39 27 2 22 32 
27 41 24 23 34 39 26 2 22 32 
27 41 24 23 34 39 26 2 22 32 
27 41 24 23 34 39 26 2 22 31 
27 41 24 23 34 39 26 2 22 31 
27 41 24 23 34 39 26 2 22 31 
27 41 24 23 34 39 26 2 22 31 
27 41 24 23 34 39 26 2 22 31 
27 41 24 23 34 39 26 2 22 31 
27 41 24 23 34 39 26 2 22 31 
27 41 24 23 34 39 26 2 22 31 
27 41 24 23 34 39 26 2 22 31 
27 41 3 23 34 39 26 2 22 31 
32 41 3 23 34 39 26 2 22 31 
32 41 3 23 34 39 26 2 22 31 
32 35 3 23 34 39 26 2 22 31 
32 35 3 26 33 39 26 2 22 31 
32 35 3 26 33 39 26 2 22 31 
27 35 3 26 33 38 26 2 22 31 
27 35 3 26 33 38 26 2 22 31 
27 35 3 26 33 38 26 2 22 31 
27 35 3 26 33 38 26 2 22 31 
27 35 3 26 33 38 26 2 22 31 
27 35 3 26 33 38 26 2 22 31 
27 35 3 26 33 38 26 2 15 31 
27 35 3 26 33 38 26 2 15 31 
27 35 3 26 33 38 26 2 15 31 
27 35 3 26 33 38 26 2 15 31 
27 35 3 26 33 38 26 2 15 31 
27 34 3 26 33 38 26 2 15 31 
27 34 3 26 33 38 23 2 15 31 
32 34 3 26 33 38 23 2 15 31 
32 34 3 26 33 38 23 2 15 31 
32 34 3 26 33 38 23 2 15 30 
32 34 3 39 33 38 23 2 15 30 
32 34 3 39 33 38 23 2 15 30 
32 34 3 39 33 38 23 2 15 30 
32 34 3 39 33 38 23 2 15 30 
32 34 3 39 33 38 23 2 15 30 
32 34 3 39 33 38 2 2 15 30 
32 34 3 39 33 38 2 23 15 30 
32 34 3 39 33 38 2 23 15 30 
27 34 3 39 33 38 2 23 15 30 
27 34 3 26 33 38 2 23 15 30 
27 34 3 26 33 37 2 23 15 30 
27 32 3 26 33 37 2 23 15 30 
27 32 2 26 33 37 2 23 15 30 
27 32 2 26 33 37 2 23 15 30 
27 32 2 26 33 37 23 23 15 30 
27 32 2 26 33 37 23 23 15 30 
27 32 2 26 33 37 23 23 15 30 
27 32 2 26 33 37 23 1 15 30 
27 32 2 26 33 37 23 1 15 30 
27 32 2 26 33 37 23 1 15 30 
27 32 2 26 33 37 23 1 15 30 
27 32 2 26 33 37 23 1 15 30 
27 32 2 26 33 37 23 1 15 30 
27 32 2 26 33 37 23 1 15 30 
27 32 2 26 33 37 23 1 15 30 
27 32 2 26 33 43 23 1 15 30 
27 32 2 26 33 43 23 1 15 30 
27 32 2 26 33 43 23 1 15 30 
27 32 2 26 33 43 23 1 15 30 
27 32 2 26 33 43 23 1 15 30 
31 32 2 26 33 43 23 1 15 30 
31 32 2 26 33 43 23 1 15 30 
31 32 2 26 33 43 23 1 15 30 
31 32 2 26 33 37 23 1 15 30 
31 32 3 26 33 37 23 1 15 30 
31 32 3 38 33 37 23 1 15 30 
31 32 3 38 33 37 23 1 15 30 
31 32 3 38 33 37 23 1 15 29 
31 26 3 38 33 37 23 1 15 29 
31 26 3 38 33 37 23 1 15 29 
31 26 3 38 27 37 23 1 15 29 
31 26 3 38 27 37 23 1 15 29 
31 26 3 38 27 37 23 1 15 29 
31 26 3 38 27 37 23 1 15 29 
31 26 3 38 27 37 23 1 15 29 
31 26 3 38 27 43 23 1 15 29 
31 26 3 38 32 43 23 1 15 29 
31 26 3 38 32 43 23 1 15 29 
30 26 3 38 32 43 23 1 15 29 
30 39 3 38 32 43 23 1 15 29 
30 39 3 38 32 43 23 1 15 29 
30 39 3 38 32 37 23 1 15 29 
30 39 24 38 32 37 1 1 15 29 
30 39 24 38 32 37 1 1 22 29 
30 39 24 38 32 37 1 1 22 29 
30 39 24 38 33 37 1 1 22 29 
30 39 24 37 33 43 1 1 22 29 
30 39 4 37 33 43 1 1 22 29 
29 39 4 37 33 43 1 0 22 29 
29 23 4 37 33 43 1 0 22 29 
29 23 4 37 33 43 1 0 22 29 
29 23 4 37 33 43 1 0 22 29 
29 23 4 37 33 43 1 0 22 29 
29 23 4 37 33 43 1 0 22 30 
29 23 4 37 32 43 1 0 22 30 
29 23 4 37 32 43 1 0 16 30 
29 2 4 37 32 43 1 0 16 30 
29 2 4 37 32 43 1 0 16 30 
29 2 4 37 27 43 1 0 16 30 
29 2 4 37 27 43 1 0 16 30 
29 2 4 38 27 43 1 0 16 30 
29 2 4 38 27 25 1 0 16 30 
29 2 4 38 27 25 1 0 16 30 
29 2 3 38 27 25 1 0 16 30 
29 2 3 38 27 25 1 0 16 30 
29 2 3 38 27 25 1 0 16 30 
29 2 3 38 27 25 1 0 16 30 
29 2 3 38 27 25 1 0 16 30 
29 2 3 38 27 25 1 0 16 30 
29 23 3 38 27 25 1 0 16 30 
29 23 3 38 26 25 1 0 16 30 
29 23 3 38 26 25 1 0 16 30 
29 23 3 38 26 25 1 0 16 31 
29 23 3 38 26 25 1 0 16 31 
29 23 3 38 26 25 1 0 16 31 
28 23 3 38 26 25 1 0 16 31 
28 23 3 26 26 25 1 0 16 31 
28 23 3 26 26 25 1 0 16 31 
28 23 3 26 26 25 1 0 16 31 
28 23 3 26 26 25 1 0 16 31 
28 23 3 26 26 25 1 0 16 31 
28 23 3 26 26 25 1 0 16 31 
28 23 3 26 27 25 1 0 16 31 
28 23 3 38 27 25 1 0 16 31 
28 23 3 38 27 25 1 0 16 30 
28 39 3 38 27 0 1 0 16 30 
28 39 3 38 32 0 1 0 16 30 
28 39 3 38 32 0 1 0 19 30 
28 39 3 38 32 0 1 0 19 30 
28 39 3 37 32 0 1 0 19 30 
28 39 3 37 32 0 25 0 19 30 
28 39 3 37 32 0 25 0 19 30 
28 39 3 37 32 0 25 43 19 30 
28 39 25 37 32 0 25 43 19 30 
28 39 25 37 32 0 25 43 19 30 
28 39 25 37 32 0 25 43 19 29 
28 39 25 37 32 0 25 43 19 29 
28 39 25 37 31 0 25 43 19 29 
17 26 25 37 31 0 25 43 19 29 
17 26 25 37 31 0 25 43 19 29 
17 26 25 37 31 0 25 43 19 29 
17 26 25 37 27 0 25 43 19 29 
17 26 25 37 27 43 25 43 19 29 
17 26 25 37 27 43 25 43 19 29 
17 26 25 37 27 43 25 43 19 28 
17 26 25 37 27 43 25 38 19 28 
17 26 25 37 31 43 25 38 19 28 
17 26 25 37 31 43 25 38 19 29 
17 26 25 37 31 43 25 38 16 29 
17 26 25 37 31 43 19 38 16 29 
17 26 25 37 30 43 19 38 16 29 
17 26 25 37 30 43 19 38 6 29 
17 26 25 19 30 43 19 38 6 29 
17 26 25 19 30 43 16 38 6 29 
17 26 25 19 30 43 16 38 22 29 
17 19 25 19 30 22 16 38 22 29 
17 19 25 19 30 22 16 38 22 29 
17 19 25 19 30 7 16 38 22 29 
17 19 25 19 30 7 16 38 22 29 
17 19 16 19 30 7 16 38 22 29 
17 19 16 19 30 7 16 38 22 29 
17 19 16 6 30 7 16 38 22 29 
17 19 16 6 30 7 16 38 22 29 
17 19 16 6 30 7 16 18 22 33 
17 19 16 6 30 7 16 18 15 33 
17 16 16 6 30 7 16 18 15 33 
17 16 6 6 30 7 16 18 15 33 
17 16 6 22 30 7 16 18 15 33 
17 16 6 22 19 7 16 18 15 33 
17 16 6 22 19 7 16 18 15 33 
17 16 6 22 19 7 28 18 15 33 
17 16 6 10 19 7 28 18 15 33 
17 16 6 10 19 7 28 18 15 33 
17 16 6 10 19 7 28 18 15 33 
17 16 6 10 19 7 28 18 15 33 
17 16 6 10 19 7 28 20 15 33 
17 16 6 10 19 22 28 20 15 33 
17 16 6 10 19 22 28 12 15 33 
16 16 6 10 19 22 28 12 13 33 
16 16 22 10 19 22 28 12 13 33 
16 16 22 10 19 22 28 12 13 33 
16 16 22 10 17 22 28 12 13 33 
16 16 22 10 17 22 27 12 13 33 
16 16 22 10 17 22 27 12 13 33 
16 16 22 10 17 22 27 12 13 18 
16 16 22 10 17 15 27 12 13 18 
16 16 22 10 17 15 32 12 13 18 
16 16 22 10 17 15 32 20 13 18 
16 16 22 10 17 15 32 20 13 18 
16 16 22 11 17 15 32 20 13 18 
16 6 22 11 17 15 32 20 13 18 
16 6 7 11 17 15 32 20 13 18 
16 6 7 11 17 15 32 20 13 18 
16 6 7 11 17 15 32 20 13 18 
16 6 7 11 17 15 32 20 13 18 
16 6 7 11 29 15 32 20 13 18 
16 6 7 11 29 15 33 20 13 18 
16 6 22 11 29 15 33 20 13 18 
16 6 22 11 29 15 33 9 13 18 
16 6 22 11 29 15 33 9 13 18 
16 6 22 11 30 15 33 9 13 18 
16 6 22 11 30 15 34 9 13 18 
6 6 22 11 30 14 34 9 13 18 
6 7 22 11 30 14 34 9 13 18 
6 7 22 11 30 14 34 9 13 18 
6 7 22 11 30 14 34 9 13 18 
6 7 22 11 30 14 34 9 13 18 
6 7 22 11 30 14 34 9 13 18 
6 7 22 11 30 14 34 9 13 18 
6 7 22 11 30 14 34 9 13 18 
6 7 22 11 29 14 34 9 13 18 
6 7 22 11 29 14 35 9 13 18 
6 7 22 11 29 14 35 9 13 18 
6 7 22 11 29 14 35 20 13 18 
6 7 22 21 29 14 35 20 13 18 
6 7 22 21 29 14 35 20 13 18 
6 7 22 21 29 14 35 20 13 18 
6 7 22 21 29 14 35 20 13 18 
6 7 22 21 29 14 35 20 13 18 
6 7 22 21 29 14 35 20 13 18 
6 7 22 21 29 14 35 20 13 36 
6 7 22 8 29 14 35 20 13 36 
6 7 22 8 29 14 35 20 13 36 
6 7 22 8 29 14 35 20 13 36 
6 7 22 8 29 14 35 20 13 36 
6 7 22 8 29 14 35 20 13 36 
6 7 22 8 31 14 35 20 13 36 
6 7 22 8 31 14 35 20 13 36 
6 7 22 8 31 14 33 20 13 36 
16 7 22 8 31 14 33 20 13 36 
16 7 22 8 31 14 33 9 13 36 
16 7 22 8 27 14 33 9 13 36 
16 7 22 8 27 14 33 9 13 40 
16 7 10 8 27 14 33 9 13 40 
16 7 10 8 27 14 33 9 13 40 
16 7 10 8 27 14 32 9 13 40 
16 7 10 8 26 14 32 9 13 40 
16 7 10 8 26 14 32 9 13 40 
16 15 10 8 26 14 32 9 13 40 
16 15 10 8 26 14 32 9 13 40 
16 15 10 8 26 14 32 9 13 39 
16 15 10 8 26 14 32 9 13 39 
16 15 10 8 23 14 32 9 13 39 
16 15 21 8 23 14 32 9 13 39 
16 15 21 8 23 14 32 9 13 39 
16 15 21 8 23 14 32 9 13 39 
17 15 21 8 23 14 32 9 13 39 
17 15 21 8 23 14 38 9 13 39 
17 15 11 8 23 14 38 9 13 39 
17 14 11 8 23 14 38 12 13 39 
17 14 11 21 23 14 38 12 13 39 
17 14 11 21 23 14 38 12 13 39 
17 14 11 21 23 14 38 12 13 39 
17 14 11 8 23 14 38 12 13 39 
17 14 10 21 23 14 38 12 13 39 
17 14 10 11 23 14 38 12 13 39 
17 14 10 11 23 20 38 9 13 39 
17 20 10 11 23 12 38 9 13 39 
17 20 10 11 23 12 38 9 13 39 
42 42 42 42 42 42 42 42 42 42 
;
ROBOT MOVING BEST:
0 0 0 0 0 0 0 0 0 0 
1 1 0 0 0 0 0 0 0 0 
0 0 1 1 0 0 0 0 0 0 
1 0 1 0 0 0 0 0 0 0 
1 0 0 1 0 0 0 0 0 0 
0 1 1 0 0 0 0 0 0 0 
0 1 0 1 0 0 0 0 0 0 
0 0 1 0 1 0 0 0 0 0 
1 0 0 0 1 0 0 0 0 0 
0 1 0 0 1 0 0 0 0 0 
0 0 1 0 0 1 0 0 0 0 
1 0 0 0 0 1 0 0 0 0 
0 1 0 0 0 1 0 0 0 0 
0 0 0 1 1 0 0 0 0 0 
0 0 0 1 0 1 0 0 0 0 
0 0 0 0 1 0 1 0 0 0 
0 0 0 0 1 0 0 1 0 0 
1 0 0 0 0 0 0 1 0 0 
0 1 0 0 0 0 0 1 0 0 
0 0 1 0 0 0 0 1 0 0 
0 0 0 1 0 0 0 1 0 0 
0 0 0 0 0 1 0 1 0 0 
0 0 0 0 0 1 0 0 1 0 
1 0 0 0 0 0 0 0 1 0 
0 0 0 0 1 0 0 0 1 0 
0 0 1 0 0 0 0 0 0 1 
1 0 0 0 0 0 0 0 0 1 
0 1 0 0 0 0 0 0 0 1 
0 0 0 1 0 0 0 0 0 1 
0 0 0 0 1 0 0 0 0 1 
0 0 0 0 0 1 0 0 0 1 
0 0 0 0 0 0 0 1 0 1 
0 0 0 0 0 0 0 0 1 1 
1 0 0 0 0 0 1 0 0 0 
0 0 1 0 0 0 1 0 0 0 
0 0 0 1 0 0 1 0 0 0 
0 0 0 0 1 0 1 0 0 0 
0 0 0 0 0 1 1 0 0 0 
0 0 0 0 0 0 1 1 0 0 
0 0 0 0 0 0 1 0 0 1 
1 0 0 0 0 0 0 0 0 1 
0 1 0 0 0 0 0 0 0 1 
0 0 1 0 0 0 1 0 0 0 
0 0 1 0 0 0 0 0 0 1 
0 0 0 1 0 0 1 0 0 0 
0 0 0 1 0 0 0 0 0 1 
0 0 0 0 1 0 0 0 0 1 
0 0 0 0 0 1 1 0 0 0 
0 0 0 0 0 1 0 0 0 1 
0 0 0 0 0 0 1 0 0 1 
0 0 0 0 0 0 0 0 1 1 
1 0 0 0 0 0 0 1 0 0 
0 1 0 0 0 0 0 1 0 0 
0 0 1 0 0 0 0 1 0 0 
0 0 0 1 0 0 0 1 0 0 
0 0 0 0 1 0 0 1 0 0 
0 0 0 0 0 1 0 1 0 0 
0 0 0 0 0 0 1 1 0 0 
0 0 0 0 0 0 0 1 0 1 
0 0 0 0 0 1 1 0 0 0 
0 0 0 0 0 0 1 1 0 0 
0 0 0 0 0 0 1 0 0 1 
0 0 1 0 0 0 0 1 0 0 
0 0 1 0 0 0 0 0 0 1 
0 0 0 0 1 0 1 0 0 0 
0 0 0 0 1 0 0 1 0 0 
0 0 0 0 1 0 0 0 0 1 
1 0 0 0 0 0 0 0 1 0 
0 0 0 0 1 0 0 0 1 0 
0 0 0 0 0 0 0 0 1 1 
1 0 0 0 0 0 1 0 0 0 
0 0 1 0 0 0 1 0 0 0 
0 0 0 1 0 0 1 0 0 0 
0 0 0 0 1 0 1 0 0 0 
0 0 0 0 0 1 1 0 0 0 
0 0 0 0 0 0 1 0 0 1 
0 1 0 0 0 0 0 1 0 0 
0 0 1 0 0 0 1 0 0 0 
0 0 1 0 0 0 0 1 0 0 
0 0 0 1 0 0 0 1 0 0 
0 0 0 0 1 0 0 1 0 0 
0 0 0 0 0 1 0 1 0 0 
0 0 0 0 0 0 1 1 0 0 
0 0 0 0 0 0 0 1 0 1 
0 0 0 0 0 0 1 0 1 0 
1 0 0 0 0 0 0 1 0 0 
0 1 0 0 0 0 0 1 0 0 
0 0 1 0 0 0 0 1 0 0 
0 0 0 1 0 0 0 1 0 0 
0 0 0 0 1 0 0 1 0 0 
0 0 0 0 0 1 0 1 0 0 
0 0 0 0 0 0 1 1 0 0 
0 1 0 0 0 0 0 0 0 1 
1 0 0 0 0 0 0 0 0 1 
0 0 1 0 0 0 0 0 0 1 
0 0 0 1 0 0 0 0 0 1 
0 0 0 0 1 0 0 0 0 1 
0 0 0 0 0 1 0 0 0 1 
0 0 0 0 0 0 1 0 0 1 
0 0 0 0 0 0 0 1 0 1 
0 0 0 0 0 0 0 0 1 1 
0 0 0 0 0 0 1 1 0 0 
0 0 0 0 0 0 1 0 1 0 
0 0 0 0 0 0 1 0 0 1 
0 0 1 0 0 0 0 1 0 0 
0 0 1 0 0 0 0 0 0 1 
1 0 0 0 1 0 0 0 0 0 
1 0 0 0 0 1 0 0 0 0 
0 0 0 1 0 1 0 0 0 0 
0 0 0 0 0 1 1 0 0 0 
0 0 0 0 0 1 0 1 0 0 
1 1 0 0 0 0 0 0 0 0 
0 0 0 0 0 1 0 0 0 1 
0 0 0 0 0 0 1 0 0 1 
1 0 0 0 0 0 0 1 0 0 
0 0 1 0 0 0 0 1 0 0 
0 0 0 0 0 1 0 1 0 0 
0 0 0 0 0 0 1 1 0 0 
0 0 0 0 0 0 1 0 1 0 
0 0 0 0 1 1 0 0 0 0 
0 0 0 1 0 0 0 1 0 0 
1 0 0 0 0 0 1 0 0 0 
0 0 0 1 0 0 1 0 0 0 
0 0 0 1 0 0 0 0 0 1 
1 0 0 0 0 0 0 0 0 1 
0 0 0 0 1 0 0 0 0 1 
0 0 0 0 0 1 1 0 0 0 
0 0 0 0 0 1 0 0 0 1 
0 0 0 0 0 0 1 1 0 0 
0 0 0 0 0 0 1 0 0 1 
0 0 0 0 0 0 0 1 0 1 
0 0 0 0 0 0 0 0 1 1 
0 0 1 0 0 0 0 0 0 1 
1 0 0 0 0 0 1 0 0 0 
1 0 0 0 0 0 0 0 0 1 
0 1 0 0 0 0 1 0 0 0 
0 0 0 1 1 0 0 0 0 0 
0 0 0 0 1 0 0 0 0 1 
1 0 0 0 0 1 0 0 0 0 
0 0 1 0 0 1 0 0 0 0 
0 0 0 1 0 1 0 0 0 0 
0 0 0 0 1 1 0 0 0 0 
0 0 0 0 0 1 0 1 0 0 
0 0 0 0 0 1 0 0 0 1 
1 0 0 0 0 0 0 0 1 0 
0 0 0 1 0 0 0 0 1 0 
0 0 0 0 1 0 0 0 1 0 
0 0 0 0 0 1 0 0 1 0 
0 0 0 0 0 0 0 0 1 1 
0 1 0 0 0 1 0 0 0 0 
0 0 0 0 0 1 1 0 0 0 
1 0 0 0 0 1 0 0 0 0 
1 0 0 0 0 0 0 0 1 0 
1 0 0 0 0 0 0 0 0 1 
0 0 0 1 0 1 0 0 0 0 
0 0 0 1 0 0 0 0 1 0 
0 0 0 1 0 0 0 0 0 1 
0 0 0 0 1 0 0 0 0 1 
0 0 0 0 0 1 0 0 0 1 
0 0 0 0 0 0 1 0 0 1 
0 0 0 0 0 0 0 1 0 1 
0 0 0 0 0 0 0 0 1 1 
1 0 0 0 0 0 0 0 0 1 
0 0 0 1 0 0 0 0 0 1 
1 0 0 0 0 1 0 0 0 0 
0 1 0 0 0 1 0 0 0 0 
0 0 1 0 0 1 0 0 0 0 
0 0 0 1 0 1 0 0 0 0 
0 0 0 0 0 1 1 0 0 0 
0 0 0 0 0 1 0 0 1 0 
0 0 0 0 0 1 0 0 0 1 
1 0 0 0 0 0 0 1 0 0 
0 1 0 0 0 0 0 1 0 0 
0 0 1 0 0 0 0 1 0 0 
0 0 0 1 0 0 0 1 0 0 
0 0 0 0 1 0 0 1 0 0 
0 0 0 0 0 1 0 1 0 0 
0 0 0 0 0 0 1 1 0 0 
0 0 0 0 0 0 0 1 0 1 
0 0 0 1 0 1 0 0 0 0 
0 0 0 0 0 1 1 0 0 0 
0 0 0 0 0 1 0 1 0 0 
0 0 0 0 0 1 0 0 1 0 
0 0 0 0 0 1 0 0 0 1 
1 0 0 0 0 1 0 0 0 0 
1 0 0 0 0 0 0 1 0 0 
1 0 0 0 0 0 0 0 0 1 
1 0 0 0 0 1 0 0 0 0 
0 0 1 0 0 0 0 1 0 0 
0 0 0 1 0 1 0 0 0 0 
0 0 0 1 0 0 0 1 0 0 
1 0 0 0 0 0 0 0 0 1 
0 1 0 0 0 0 0 0 0 1 
0 0 0 1 0 0 0 0 0 1 
0 0 0 0 1 0 0 0 0 1 
0 0 0 0 0 1 0 0 0 1 
0 0 0 0 0 0 1 0 0 1 
0 0 0 0 0 0 0 1 0 1 
0 0 0 0 0 0 0 0 1 1 
0 0 0 1 0 1 0 0 0 0 
0 0 0 0 1 0 0 0 0 1 
0 0 0 0 0 1 0 0 0 1 
1 0 0 0 0 0 0 0 0 1 
0 1 0 0 0 0 0 1 0 0 
0 1 0 0 0 0 0 0 0 1 
0 1 0 0 0 1 0 0 0 0 
0 0 1 0 0 0 1 0 0 0 
1 0 0 0 0 0 0 0 1 0 
0 0 0 0 0 0 0 0 1 1 
0 0 0 0 1 0 0 0 0 1 
0 0 0 1 0 1 0 0 0 0 
0 0 1 0 0 0 1 0 0 0 
1 0 0 0 0 0 0 1 0 0 
0 1 0 0 0 0 0 1 0 0 
0 0 0 1 0 0 0 1 0 0 
0 0 0 0 0 1 0 1 0 0 
0 0 0 0 0 0 1 1 0 0 
0 0 0 0 0 0 0 1 0 1 
0 0 0 0 1 0 0 1 0 0 
1 0 0 0 0 0 0 0 1 0 
0 1 0 0 0 0 0 1 0 0 
0 0 0 0 0 0 0 0 1 1 
0 0 0 0 1 0 0 1 0 0 
0 0 0 0 1 0 0 0 1 0 
0 0 0 1 0 0 0 1 0 0 
1 0 0 0 0 1 0 0 0 0 
0 1 0 0 0 1 0 0 0 0 
0 0 1 0 0 0 0 1 0 0 
0 0 0 1 0 1 0 0 0 0 
0 0 0 0 1 1 0 0 0 0 
0 0 0 0 0 1 1 0 0 0 
0 0 0 0 0 1 0 1 0 0 
0 0 0 0 0 1 0 0 0 1 
0 1 0 0 0 1 0 0 0 0 
0 0 0 0 1 1 0 0 0 0 
0 0 0 0 1 0 0 1 0 0 
0 0 0 0 0 1 0 0 0 1 
0 0 0 0 0 0 0 1 0 1 
0 0 0 0 0 0 0 0 1 1 
1 1 0 0 0 0 0 0 0 0 
1 0 0 1 0 0 0 0 0 0 
1 0 0 0 0 1 0 0 0 0 
1 0 0 0 0 0 1 0 0 0 
1 0 0 0 0 0 0 1 0 0 
1 0 0 0 0 0 0 0 1 0 
1 0 0 0 0 0 0 0 0 1 
1 0 0 0 1 0 0 0 0 0 
1 0 0 1 0 0 0 0 0 0 
1 0 0 0 0 0 0 0 0 1 
0 1 0 0 0 1 0 0 0 0 
1 0 0 0 1 0 0 0 0 0 
1 0 0 0 0 0 0 0 1 0 
0 0 0 0 0 0 0 0 1 1 
1 0 0 1 0 0 0 0 0 0 
0 0 0 1 0 0 1 0 0 0 
0 0 0 1 0 0 0 0 1 0 
1 0 0 0 0 0 0 1 0 0 
0 0 1 0 0 0 0 1 0 0 
0 0 0 0 0 0 0 1 1 0 
1 0 0 0 0 0 0 0 0 1 
0 0 0 0 0 0 0 0 1 1 
0 0 0 0 1 0 0 0 1 0 
1 1 0 0 0 0 0 0 0 0 
1 0 1 0 0 0 0 0 0 0 
1 0 0 1 0 0 0 0 0 0 
1 0 0 0 1 0 0 0 0 0 
1 0 0 0 0 1 0 0 0 0 
1 0 0 0 0 0 0 0 1 0 
1 0 0 0 0 0 0 0 0 1 
1 0 0 0 0 0 0 1 0 0 
1 0 0 0 1 0 0 0 0 0 
1 0 0 0 0 0 0 0 0 1 
1 0 0 0 0 0 0 0 1 0 
0 0 0 0 0 0 1 0 1 0 
1 0 0 0 1 0 0 0 0 0 
1 0 0 0 0 0 0 0 1 0 
0 0 0 1 0 0 0 0 1 0 
0 0 0 0 0 0 1 0 1 0 
1 0 0 0 0 0 0 0 1 0 
0 1 0 0 0 1 0 0 0 0 
0 0 0 0 0 1 1 0 0 0 
1 0 0 0 0 1 0 0 0 0 
0 1 0 0 0 1 0 0 0 0 
0 0 1 0 0 1 0 0 0 0 
0 0 0 0 0 1 0 0 1 0 
0 0 0 1 0 1 0 0 0 0 
0 0 0 1 0 0 0 0 1 0 
0 0 0 0 0 0 0 1 0 1 
1 0 0 0 0 0 0 0 1 0 
0 1 0 0 0 0 0 0 1 0 
0 0 1 0 0 0 0 0 1 0 
0 0 0 1 0 0 0 0 1 0 
0 0 0 0 1 0 0 0 1 0 
0 0 0 0 0 1 0 0 1 0 
0 0 0 0 0 0 1 0 1 0 
0 1 0 1 0 0 0 0 0 0 
0 0 1 1 0 0 0 0 0 0 
0 0 0 1 0 1 0 0 0 0 
0 0 0 1 0 0 0 0 1 0 
0 0 0 1 0 0 0 1 0 0 
0 0 0 1 0 1 0 0 0 0 
0 0 0 1 0 0 0 1 0 0 
1 0 0 0 0 0 0 0 1 0 
0 0 1 0 0 0 0 0 1 0 
0 0 0 1 0 0 0 0 1 0 
0 0 0 0 1 0 0 0 1 0 
0 0 0 0 0 0 1 0 1 0 
0 0 0 0 0 0 0 1 1 0 
0 0 0 0 0 0 0 1 0 1 
0 0 0 0 0 1 0 0 1 0 
0 0 0 0 0 0 1 0 1 0 
0 0 0 0 0 0 0 1 1 0 
0 0 0 0 0 0 0 1 0 1 
1 0 0 1 0 0 0 0 0 0 
0 1 0 1 0 0 0 0 0 0 
0 0 1 1 0 0 0 0 0 0 
0 0 0 1 0 1 0 0 0 0 
0 0 0 1 0 0 0 1 0 0 
0 0 0 1 0 0 0 0 1 0 
0 0 0 0 1 0 0 0 1 0 
0 0 0 0 0 0 1 0 1 0 
0 0 1 1 0 0 0 0 0 0 
0 0 0 1 0 0 0 1 0 0 
0 0 0 0 0 0 0 1 0 1 
0 0 0 0 1 0 0 0 1 0 
0 0 0 0 0 0 1 0 1 0 
1 0 0 0 0 1 0 0 0 0 
0 1 0 0 0 1 0 0 0 0 
0 0 1 0 0 1 0 0 0 0 
0 0 0 1 0 1 0 0 0 0 
0 0 0 0 1 1 0 0 0 0 
0 0 0 0 0 1 1 0 0 0 
0 0 0 0 0 1 0 1 0 0 
0 0 0 0 0 1 0 0 1 0 
0 0 0 0 1 1 0 0 0 0 
0 0 0 0 0 1 1 0 0 0 
0 0 0 0 0 0 1 0 1 0 
0 0 0 0 0 1 0 1 0 0 
1 0 0 1 0 0 0 0 0 0 
0 1 0 1 0 0 0 0 0 0 
0 0 1 1 0 0 0 0 0 0 
0 0 0 1 0 1 0 0 0 0 
0 0 0 1 0 0 0 1 0 0 
0 0 0 1 0 0 0 0 1 0 
0 0 0 0 0 0 0 0 1 1 
0 1 0 1 0 0 0 0 0 0 
0 0 1 1 0 0 0 0 0 0 
0 0 0 1 0 1 0 0 0 0 
0 0 0 1 0 0 0 1 0 0 
0 0 0 1 0 0 0 0 1 0 
0 0 0 0 1 1 0 0 0 0 
0 0 0 0 1 0 0 0 1 0 
0 0 0 0 0 1 1 0 0 0 
1 0 0 0 0 1 0 0 0 0 
0 0 0 1 0 0 0 1 0 0 
0 0 0 0 1 1 0 0 0 0 
0 0 0 0 0 0 0 0 1 1 
0 0 1 1 0 0 0 0 0 0 
0 0 1 0 0 1 0 0 0 0 
0 0 0 0 0 1 1 0 0 0 
0 0 0 0 1 1 0 0 0 0 
0 0 0 0 1 0 0 0 1 0 
0 1 0 1 0 0 0 0 0 0 
0 1 0 0 0 1 0 0 0 0 
0 0 0 0 0 1 0 0 0 1 
0 0 0 0 0 0 0 0 1 1 
0 0 0 0 1 0 0 0 1 0 
0 1 1 0 0 0 0 0 0 0 
0 0 1 1 0 0 0 0 0 0 
0 0 1 0 0 0 0 1 0 0 
1 0 0 0 0 1 0 0 0 0 
0 0 0 0 0 0 1 0 1 0 
0 0 1 1 0 0 0 0 0 0 
0 1 0 0 0 0 0 1 0 0 
0 0 1 1 0 0 0 0 0 0 
0 0 1 0 0 0 0 1 0 0 
0 0 0 1 0 0 0 1 0 0 
0 0 0 1 0 0 0 1 0 0 
0 0 1 1 0 0 0 0 0 0 
0 0 1 1 0 0 0 0 0 0 
0 0 0 0 0 1 0 1 0 0 
0 1 0 0 0 1 0 0 0 0 
0 0 0 0 0 1 0 1 0 0 
1 1 1 1 1 1 1 1 1 1 
;
TIMETABLE BEST: 
0.0 0.0 0.0 0.0 0.0 0.0 0.0 0.0 0.0 0.0 
10 10 0 0 0 0 0 0 0 0 
10 10 18 18 0 0 0 0 0 0 
18 10 18 18 0 0 0 0 0 0 
18 10 18 18 0 0 0 0 0 0 
18 18 18 18 0 0 0 0 0 0 
18 18 18 18 0 0 0 0 0 0 
18 18 19 18 19 0 0 0 0 0 
19 18 19 18 19 0 0 0 0 0 
19 19 19 18 19 0 0 0 0 0 
19 19 19 18 19 19 0 0 0 0 
19 19 19 18 19 19 0 0 0 0 
19 19 19 18 19 19 0 0 0 0 
19 19 19 19 19 19 0 0 0 0 
19 19 19 19 19 19 0 0 0 0 
19 19 19 19 19 19 19 0 0 0 
19 19 19 19 25 19 19 25 0 0 
25 19 19 19 25 19 19 25 0 0 
25 25 19 19 25 19 19 25 0 0 
25 25 25 19 25 19 19 25 0 0 
25 25 25 25 25 19 19 25 0 0 
25 25 25 25 25 25 19 25 0 0 
25 25 25 25 25 27 19 25 27 0 
27 25 25 25 25 27 19 25 27 0 
27 25 25 25 27 27 19 25 27 0 
27 25 29 25 27 27 19 25 27 29 
29 25 29 25 27 27 19 25 27 29 
29 29 29 25 27 27 19 25 27 29 
29 29 29 29 27 27 19 25 27 29 
29 29 29 29 29 27 19 25 27 29 
29 29 29 29 29 29 19 25 27 29 
29 29 29 29 29 29 19 29 27 29 
29 29 29 29 29 29 19 29 29 29 
30 29 29 29 29 29 30 29 29 29 
30 29 30 29 29 29 30 29 29 29 
30 29 30 30 29 29 30 29 29 29 
30 29 30 30 30 29 30 29 29 29 
30 29 30 30 30 30 30 29 29 29 
30 29 30 30 30 30 30 30 29 29 
30 29 30 30 30 30 30 30 29 30 
38 29 30 30 30 30 30 30 29 38 
38 38 30 30 30 30 30 30 29 38 
38 38 38 30 30 30 38 30 29 38 
38 38 38 30 30 30 38 30 29 38 
38 38 38 38 30 30 38 30 29 38 
38 38 38 38 30 30 38 30 29 38 
38 38 38 38 38 30 38 30 29 38 
38 38 38 38 38 38 38 30 29 38 
38 38 38 38 38 38 38 30 29 38 
38 38 38 38 38 38 38 30 29 38 
38 38 38 38 38 38 38 30 38 38 
44 38 38 38 38 38 38 44 38 38 
44 44 38 38 38 38 38 44 38 38 
44 44 44 38 38 38 38 44 38 38 
44 44 44 44 38 38 38 44 38 38 
44 44 44 44 44 38 38 44 38 38 
44 44 44 44 44 44 38 44 38 38 
44 44 44 44 44 44 44 44 38 38 
44 44 44 44 44 44 44 44 38 44 
44 44 44 44 44 51 51 44 38 44 
44 44 44 44 44 51 51 51 38 44 
44 44 44 44 44 51 51 51 38 51 
44 44 52 44 44 51 51 52 38 51 
44 44 52 44 44 51 51 52 38 52 
44 44 52 44 54 51 54 52 38 52 
44 44 52 44 54 51 54 54 38 52 
44 44 52 44 54 51 54 54 38 54 
57 44 52 44 54 51 54 54 57 54 
57 44 52 44 57 51 54 54 57 54 
57 44 52 44 57 51 54 54 57 57 
60 44 52 44 57 51 60 54 57 57 
60 44 60 44 57 51 60 54 57 57 
60 44 60 60 57 51 60 54 57 57 
60 44 60 60 60 51 60 54 57 57 
60 44 60 60 60 60 60 54 57 57 
60 44 60 60 60 60 60 54 57 60 
60 67 60 60 60 60 60 67 57 60 
60 67 67 60 60 60 67 67 57 60 
60 67 67 60 60 60 67 67 57 60 
60 67 67 67 60 60 67 67 57 60 
60 67 67 67 67 60 67 67 57 60 
60 67 67 67 67 67 67 67 57 60 
60 67 67 67 67 67 67 67 57 60 
60 67 67 67 67 67 67 67 57 67 
60 67 67 67 67 67 70 67 70 67 
74 67 67 67 67 67 70 74 70 67 
74 74 67 67 67 67 70 74 70 67 
74 74 74 67 67 67 70 74 70 67 
74 74 74 74 67 67 70 74 70 67 
74 74 74 74 74 67 70 74 70 67 
74 74 74 74 74 74 70 74 70 67 
74 74 74 74 74 74 74 74 70 67 
74 76 74 74 74 74 74 74 70 76 
76 76 74 74 74 74 74 74 70 76 
76 76 76 74 74 74 74 74 70 76 
76 76 76 76 74 74 74 74 70 76 
76 76 76 76 76 74 74 74 70 76 
76 76 76 76 76 76 74 74 70 76 
76 76 76 76 76 76 76 74 70 76 
76 76 76 76 76 76 76 76 70 76 
76 76 76 76 76 76 76 76 76 76 
76 76 76 76 76 76 82 82 76 76 
76 76 76 76 76 76 82 82 82 76 
76 76 76 76 76 76 82 82 82 82 
76 76 83 76 76 76 82 83 82 82 
76 76 83 76 76 76 82 83 82 83 
86 76 83 76 86 76 82 83 82 83 
87 76 83 76 86 87 82 83 82 83 
87 76 83 87 86 87 82 83 82 83 
87 76 83 87 86 87 87 83 82 83 
87 76 83 87 86 87 87 87 82 83 
92 92 83 87 86 87 87 87 82 83 
92 92 83 87 86 92 87 87 82 92 
92 92 83 87 86 92 92 87 82 92 
94 92 83 87 86 92 92 94 82 92 
94 92 94 87 86 92 92 94 82 92 
94 92 94 87 86 94 92 94 82 92 
94 92 94 87 86 94 94 94 82 92 
94 92 94 87 86 94 98 94 98 92 
94 92 94 87 100 100 98 94 98 92 
94 92 94 101 100 100 98 101 98 92 
105 92 94 101 100 100 105 101 98 92 
105 92 94 105 100 100 105 101 98 92 
105 92 94 105 100 100 105 101 98 105 
105 92 94 105 100 100 105 101 98 105 
105 92 94 105 105 100 105 101 98 105 
105 92 94 105 105 105 105 101 98 105 
105 92 94 105 105 105 105 101 98 105 
105 92 94 105 105 105 105 105 98 105 
105 92 94 105 105 105 105 105 98 105 
105 92 94 105 105 105 105 105 98 105 
105 92 94 105 105 105 105 105 105 105 
105 92 107 105 105 105 105 105 105 107 
111 92 107 105 105 105 111 105 105 107 
111 92 107 105 105 105 111 105 105 111 
111 111 107 105 105 105 111 105 105 111 
111 111 107 114 114 105 111 105 105 111 
111 111 107 114 114 105 111 105 105 114 
117 111 107 114 114 117 111 105 105 114 
117 111 117 114 114 117 111 105 105 114 
117 111 117 117 114 117 111 105 105 114 
117 111 117 117 117 117 111 105 105 114 
117 111 117 117 117 117 111 117 105 114 
117 111 117 117 117 117 111 117 105 117 
118 111 117 117 117 117 111 117 118 117 
118 111 117 118 117 117 111 117 118 117 
118 111 117 118 118 117 111 117 118 117 
118 111 117 118 118 118 111 117 118 117 
118 111 117 118 118 118 111 117 118 118 
118 119 117 118 118 119 111 117 118 118 
118 119 117 118 118 119 119 117 118 118 
124 119 117 118 118 124 119 117 118 118 
124 119 117 118 118 124 119 117 124 118 
126 119 117 118 118 124 119 117 124 126 
126 119 117 126 118 126 119 117 124 126 
126 119 117 126 118 126 119 117 126 126 
126 119 117 126 118 126 119 117 126 126 
126 119 117 126 126 126 119 117 126 126 
126 119 117 126 126 126 119 117 126 126 
126 119 117 126 126 126 126 117 126 126 
126 119 117 126 126 126 126 126 126 126 
126 119 117 126 126 126 126 126 126 126 
132 119 117 126 126 126 126 126 126 132 
132 119 117 134 126 126 126 126 126 134 
135 119 117 134 126 135 126 126 126 134 
135 135 117 134 126 135 126 126 126 134 
135 135 135 134 126 135 126 126 126 134 
135 135 135 135 126 135 126 126 126 134 
135 135 135 135 126 135 135 126 126 134 
135 135 135 135 126 135 135 126 135 134 
135 135 135 135 126 135 135 126 135 135 
136 135 135 135 126 135 135 136 135 135 
136 136 135 135 126 135 135 136 135 135 
136 136 136 135 126 135 135 136 135 135 
136 136 136 136 126 135 135 136 135 135 
136 136 136 136 136 135 135 136 135 135 
136 136 136 136 136 136 135 136 135 135 
136 136 136 136 136 136 136 136 135 135 
136 136 136 136 136 136 136 136 135 136 
136 136 136 142 136 142 136 136 135 136 
136 136 136 142 136 142 142 136 135 136 
136 136 136 142 136 142 142 142 135 136 
136 136 136 142 136 142 142 142 142 136 
136 136 136 142 136 142 142 142 142 142 
143 136 136 142 136 143 142 142 142 142 
143 136 136 142 136 143 142 143 142 142 
143 136 136 142 136 143 142 143 142 143 
149 136 136 142 136 149 142 143 142 143 
149 136 150 142 136 149 142 150 142 143 
149 136 150 150 136 150 142 150 142 143 
149 136 150 150 136 150 142 150 142 143 
151 136 150 150 136 150 142 150 142 151 
151 151 150 150 136 150 142 150 142 151 
151 151 150 151 136 150 142 150 142 151 
151 151 150 151 151 150 142 150 142 151 
151 151 150 151 151 151 142 150 142 151 
151 151 150 151 151 151 151 150 142 151 
151 151 150 151 151 151 151 151 142 151 
151 151 150 151 151 151 151 151 151 151 
151 151 150 157 151 157 151 151 151 151 
151 151 150 157 157 157 151 151 151 157 
151 151 150 157 157 157 151 151 151 157 
159 151 150 157 157 157 151 151 151 159 
159 159 150 157 157 157 151 159 151 159 
159 159 150 157 157 157 151 159 151 159 
159 163 150 157 157 163 151 159 151 159 
159 163 163 157 157 163 163 159 151 159 
164 163 163 157 157 163 163 159 164 159 
164 163 163 157 157 163 163 159 164 164 
164 163 163 157 166 163 163 159 164 166 
164 163 163 169 166 169 163 159 164 166 
164 163 170 169 166 169 170 159 164 166 
173 163 170 169 166 169 170 173 164 166 
173 173 170 169 166 169 170 173 164 166 
173 173 170 173 166 169 170 173 164 166 
173 173 170 173 166 173 170 173 164 166 
173 173 170 173 166 173 173 173 164 166 
173 173 170 173 166 173 173 174 164 174 
173 173 170 173 175 173 173 175 164 174 
180 173 170 173 175 173 173 175 180 174 
180 180 170 173 175 173 173 180 180 174 
180 180 170 173 175 173 173 180 180 180 
180 180 170 173 181 173 173 181 180 180 
180 180 170 173 181 173 173 181 181 180 
180 180 170 182 181 173 173 182 181 180 
184 180 170 182 181 184 173 182 181 180 
184 184 170 182 181 184 173 182 181 180 
184 184 184 182 181 184 173 184 181 180 
184 184 184 184 181 184 173 184 181 180 
184 184 184 184 184 184 173 184 181 180 
184 184 184 184 184 184 184 184 181 180 
184 184 184 184 184 184 184 184 181 180 
184 184 184 184 184 184 184 184 181 184 
184 191 184 184 184 191 184 184 181 184 
184 191 184 184 191 191 184 184 181 184 
184 191 184 184 191 191 184 191 181 184 
184 191 184 184 191 192 184 191 181 192 
184 191 184 184 191 192 184 192 181 192 
184 191 184 184 191 192 184 192 192 192 
193 193 184 184 191 192 184 192 192 192 
193 193 184 193 191 192 184 192 192 192 
193 193 184 193 191 193 184 192 192 192 
193 193 184 193 191 193 193 192 192 192 
193 193 184 193 191 193 193 193 192 192 
193 193 184 193 191 193 193 193 193 192 
193 193 184 193 191 193 193 193 193 193 
198 193 184 193 198 193 193 193 193 193 
201 193 184 201 198 193 193 193 193 193 
201 193 184 201 198 193 193 193 193 201 
201 203 184 201 198 203 193 193 193 201 
204 203 184 201 204 203 193 193 193 201 
207 203 184 201 204 203 193 193 207 201 
207 203 184 201 204 203 193 193 207 207 
210 203 184 210 204 203 193 193 207 207 
210 203 184 210 204 203 210 193 207 207 
210 203 184 210 204 203 210 193 210 207 
214 203 184 210 204 203 210 214 210 207 
214 203 214 210 204 203 210 214 210 207 
214 203 214 210 204 203 210 214 214 207 
215 203 214 210 204 203 210 214 214 215 
215 203 214 210 204 203 210 214 215 215 
215 203 214 210 217 203 210 214 217 215 
225 225 214 210 217 203 210 214 217 215 
225 225 225 210 217 203 210 214 217 215 
225 225 225 225 217 203 210 214 217 215 
225 225 225 225 225 203 210 214 217 215 
225 225 225 225 225 225 210 214 217 215 
225 225 225 225 225 225 210 214 225 215 
225 225 225 225 225 225 210 214 225 225 
229 225 225 225 225 225 210 229 225 225 
232 225 225 225 232 225 210 229 225 225 
234 225 225 225 232 225 210 229 225 234 
239 225 225 225 232 225 210 229 239 234 
239 225 225 225 232 225 239 229 239 234 
240 225 225 225 240 225 239 229 239 234 
253 225 225 225 240 225 239 229 253 234 
253 225 225 253 240 225 239 229 253 234 
253 225 225 253 240 225 253 229 253 234 
265 225 225 253 240 225 253 229 265 234 
265 265 225 253 240 265 253 229 265 234 
265 265 225 253 240 265 265 229 265 234 
271 265 225 253 240 271 265 229 265 234 
271 271 225 253 240 271 265 229 265 234 
271 271 271 253 240 271 265 229 265 234 
271 271 271 253 240 271 265 229 271 234 
271 271 271 273 240 273 265 229 271 234 
271 271 271 273 240 273 265 229 273 234 
271 271 271 273 240 273 265 282 273 282 
286 271 271 273 240 273 265 282 286 282 
286 286 271 273 240 273 265 282 286 282 
286 286 286 273 240 273 265 282 286 282 
286 286 286 286 240 273 265 282 286 282 
286 286 286 286 286 273 265 282 286 282 
286 286 286 286 286 286 265 282 286 282 
286 286 286 286 286 286 293 282 293 282 
286 299 286 299 286 286 293 282 293 282 
286 299 299 299 286 286 293 282 293 282 
286 299 299 299 286 299 293 282 293 282 
286 299 299 299 286 299 293 282 299 282 
286 299 299 301 286 299 293 301 299 282 
286 299 299 305 286 305 293 301 299 282 
286 299 299 311 286 305 293 311 299 282 
313 299 299 311 286 305 293 311 313 282 
313 299 313 311 286 305 293 311 313 282 
313 299 313 313 286 305 293 311 313 282 
313 299 313 313 313 305 293 311 313 282 
313 299 313 313 313 305 313 311 313 282 
313 299 313 313 313 305 313 313 313 282 
313 299 313 313 313 305 313 313 313 313 
313 299 313 313 313 318 313 313 318 313 
313 299 313 313 313 318 319 313 319 313 
313 299 313 313 313 318 319 323 323 313 
313 299 313 313 313 318 319 323 323 323 
326 299 313 326 313 318 319 323 323 323 
326 326 313 326 313 318 319 323 323 323 
326 326 326 326 313 318 319 323 323 323 
326 326 326 326 313 326 319 323 323 323 
326 326 326 326 313 326 319 326 323 323 
326 326 326 326 313 326 319 326 326 323 
326 326 326 326 328 326 319 326 328 323 
326 326 326 326 328 326 328 326 328 323 
326 326 332 332 328 326 328 326 328 323 
326 326 332 335 328 326 328 335 328 323 
326 326 332 335 328 326 328 335 328 335 
326 326 332 335 336 326 328 335 336 335 
326 326 332 335 336 326 337 335 337 335 
340 326 332 335 336 340 337 335 337 335 
340 340 332 335 336 340 337 335 337 335 
340 340 340 335 336 340 337 335 337 335 
340 340 340 340 336 340 337 335 337 335 
340 340 340 340 340 340 337 335 337 335 
340 340 340 340 340 340 340 335 337 335 
340 340 340 340 340 340 340 340 337 335 
340 340 340 340 340 340 340 340 340 335 
340 340 340 340 348 348 340 340 340 335 
340 340 340 340 348 348 348 340 340 335 
340 340 340 340 348 348 348 340 348 335 
340 340 340 340 348 349 348 349 348 335 
350 340 340 350 348 349 348 349 348 335 
350 350 340 350 348 349 348 349 348 335 
350 350 350 350 348 349 348 349 348 335 
350 350 350 350 348 350 348 349 348 335 
350 350 350 350 348 350 348 350 348 335 
350 350 350 350 348 350 348 350 350 335 
350 350 350 350 348 350 348 350 353 353 
350 357 350 357 348 350 348 350 353 353 
350 357 357 357 348 350 348 350 353 353 
350 357 357 357 348 357 348 350 353 353 
350 357 357 357 348 357 348 357 353 353 
350 357 357 357 348 357 348 357 357 353 
350 357 357 357 360 360 348 357 357 353 
350 357 357 357 360 360 348 357 360 353 
350 357 357 357 360 361 361 357 360 353 
364 357 357 357 360 364 361 357 360 353 
364 357 357 366 360 364 361 366 360 353 
364 357 357 366 367 367 361 366 360 353 
364 357 357 366 367 367 361 366 369 369 
364 357 370 370 367 367 361 366 369 369 
364 357 370 370 367 370 361 366 369 369 
364 357 370 370 367 370 370 366 369 369 
364 357 370 370 374 374 370 366 369 369 
364 357 370 370 374 374 370 366 374 369 
364 376 370 376 374 374 370 366 374 369 
364 376 370 376 374 376 370 366 374 369 
364 376 370 376 374 380 370 366 374 380 
364 376 370 376 374 380 370 366 380 380 
364 376 370 376 382 380 370 366 382 380 
364 383 383 376 382 380 370 366 382 380 
364 383 383 383 382 380 370 366 382 380 
364 383 383 383 382 380 370 383 382 380 
390 383 383 383 382 390 370 383 382 380 
390 383 383 383 382 390 391 383 391 380 
390 383 393 393 382 390 391 383 391 380 
390 400 393 393 382 390 391 400 391 380 
390 400 400 400 382 390 391 400 391 380 
390 400 400 400 382 390 391 400 391 380 
390 400 400 400 382 390 391 400 391 380 
390 400 400 407 382 390 391 407 391 380 
390 400 414 414 382 390 391 407 391 380 
390 400 424 424 382 390 391 407 391 380 
390 400 424 424 382 434 391 434 391 380 
390 444 424 424 382 444 391 434 391 380 
390 444 424 424 382 444 391 444 391 380 
461.0 490.0 496.0 493.0 416.0 500.0 433.0 493.0 489.0 410.0 
;
EXECUTION TIME HBSS: 15409.3997362 seconds 

-------------------------------------------------------------------
