DATFILE : offices1_5r_250.dat
ENVIRONMENT : office
ALGORITHM : HBSS - TAU 3
RANGE : 250
STARTING_POS : 42
N_ROBOTS : 5
GREEDY SOLUTION : 1138.0
COMPUTATIONS T :
1155.0
1189.0
1187.0
1172.0
1211.0
1147.0
1231.0
1083.0
1201.0
1204.0
1153.0
1122.0
1116.0
1158.0
1119.0
1189.0
1137.0
1240.0
1210.0
1131.0
1173.0
1176.0
1176.0
1165.0
1140.0
1176.0
1209.0
1095.0
1178.0
1204.0
1199.0
1238.0
1173.0
1207.0
1139.0
1204.0
1110.0
1174.0
1172.0
1128.0
1188.0
1209.0
1128.0
1201.0
1145.0
1197.0
1116.0
1133.0
1219.0
1161.0
1122.0
1103.0
1217.0
1154.0
1159.0
1244.0
1154.0
1179.0
1240.0
1085.0
1165.0
1146.0
1079.0
1166.0
1113.0
1102.0
1212.0
1227.0
1130.0
1100.0
1147.0
1181.0
1136.0
1187.0
1193.0
1149.0
1190.0
1176.0
1174.0
1183.0
1177.0
1124.0
1203.0
1098.0
1237.0
1166.0
1147.0
1087.0
1208.0
1213.0
1121.0
1171.0
1179.0
1210.0
1189.0
1118.0
1151.0
1190.0
1175.0
1242.0
1167.0
1123.0
1159.0
1157.0
1129.0
1222.0
1301.0
1182.0
1133.0
1242.0
1176.0
1145.0
1106.0
1144.0
1144.0
1143.0
1116.0
1140.0
1128.0
1222.0
1201.0
1133.0
1152.0
1106.0
1167.0
1104.0
1249.0
1181.0
1107.0
1205.0
1168.0
1212.0
1208.0
1194.0
1117.0
1179.0
1112.0
1177.0
1209.0
1170.0
1146.0
1178.0
1136.0
1204.0
1230.0
1078.0
1062.0
1159.0
1192.0
1144.0
1228.0
1115.0
1175.0
1179.0
1207.0
1192.0
1209.0
1139.0
1139.0
1178.0
1151.0
1159.0
1226.0
1224.0
1168.0
1204.0
1234.0
1186.0
1118.0
1172.0
1163.0
1148.0
1153.0
1165.0
1133.0
1149.0
1131.0
1225.0
1174.0
1125.0
1170.0
1121.0
1173.0
1140.0
1123.0
1149.0
1175.0
1297.0
1185.0
1140.0
1160.0
1092.0
1166.0
1186.0
1125.0
1131.0
1136.0
1172.0
1155.0
1180.0
;
HBBS bestT : 1062.0
BEST_CONFIGURATIONS : 
42 42 42 42 42 
41 42 42 42 42 
41 42 5 24 42 
41 42 5 24 42 
41 42 5 24 42 
41 42 5 24 42 
41 42 5 24 42 
41 42 5 24 36 
41 42 5 24 36 
41 42 5 24 36 
41 42 5 4 36 
41 42 24 4 36 
41 42 24 4 36 
41 42 24 4 36 
41 42 24 4 36 
41 42 5 4 36 
40 42 5 4 36 
40 42 5 4 36 
40 42 5 4 35 
40 42 5 4 35 
40 42 5 4 35 
40 42 5 4 35 
40 42 5 4 35 
40 42 5 24 35 
40 42 5 24 35 
40 41 5 24 35 
40 41 5 24 35 
40 41 5 24 34 
40 41 5 24 34 
40 41 4 24 34 
40 41 4 5 34 
40 41 24 5 34 
40 36 24 5 34 
40 36 24 5 34 
40 36 24 5 35 
39 36 24 5 35 
39 36 3 5 35 
39 36 3 5 35 
39 36 3 5 35 
39 36 3 5 35 
39 36 3 24 35 
39 41 3 24 35 
39 41 3 24 35 
39 41 3 24 35 
39 41 3 24 34 
39 41 3 24 34 
39 41 3 24 34 
39 41 3 4 34 
39 41 3 4 34 
39 41 3 4 33 
39 36 3 4 33 
39 36 3 4 33 
39 36 3 4 33 
39 36 3 24 33 
26 36 3 24 33 
26 34 3 24 33 
26 34 3 24 33 
26 34 3 24 33 
26 34 3 24 33 
26 34 3 4 33 
26 34 23 4 33 
26 34 23 4 33 
26 34 23 4 33 
26 34 23 24 33 
23 35 23 24 33 
23 35 2 24 33 
23 35 2 4 33 
23 35 2 4 33 
23 35 2 4 33 
23 35 2 4 33 
23 35 2 4 33 
2 35 2 24 33 
2 34 2 24 33 
2 34 2 24 32 
2 34 2 24 32 
2 34 23 24 32 
2 34 23 4 32 
2 34 26 4 32 
2 35 26 4 32 
2 35 26 4 32 
2 35 26 4 32 
2 35 26 4 27 
2 35 26 4 27 
2 35 26 4 27 
2 35 26 3 27 
2 35 26 3 27 
2 35 38 3 27 
2 34 38 3 27 
2 34 38 3 31 
2 34 38 3 31 
2 34 38 3 31 
2 34 38 3 31 
2 34 38 3 31 
23 34 38 3 31 
23 34 38 3 31 
23 34 38 3 27 
23 34 38 3 27 
23 34 38 3 27 
23 34 38 3 32 
1 33 38 3 32 
1 33 38 3 32 
1 33 38 3 32 
1 33 38 3 32 
1 33 38 3 32 
1 33 38 3 32 
1 33 38 3 32 
1 33 38 3 27 
1 33 38 3 27 
1 33 37 3 27 
1 33 37 3 27 
1 33 37 23 27 
1 33 37 23 27 
1 32 37 23 27 
1 32 37 23 27 
1 32 37 2 27 
1 32 37 2 27 
1 32 37 2 26 
1 32 37 2 26 
1 31 37 2 26 
1 31 43 2 26 
1 31 43 2 26 
1 31 43 2 27 
1 31 43 23 27 
1 31 43 23 27 
1 31 43 26 27 
1 31 43 26 32 
1 31 43 26 32 
0 31 43 26 32 
0 31 43 26 32 
0 31 43 26 32 
0 31 43 26 32 
0 31 37 26 32 
0 31 37 26 27 
0 31 37 26 27 
0 31 37 23 27 
0 30 37 23 27 
0 30 37 23 27 
0 30 37 23 27 
0 30 37 23 26 
0 30 43 23 26 
0 30 43 2 26 
0 30 43 2 26 
0 30 43 2 38 
0 30 43 2 38 
0 30 43 2 38 
0 30 37 2 38 
0 29 37 2 38 
0 29 37 2 38 
0 29 37 23 38 
0 29 37 23 38 
0 29 43 23 38 
0 29 43 23 26 
25 29 43 23 26 
25 29 43 39 27 
25 29 43 39 27 
25 29 43 39 27 
25 29 43 39 27 
25 29 43 39 27 
25 29 37 39 27 
25 29 37 39 27 
25 29 37 39 32 
25 29 37 39 32 
25 29 38 39 32 
25 29 38 39 32 
25 30 38 39 32 
25 30 38 39 32 
25 30 38 39 27 
25 30 26 39 27 
25 30 26 39 27 
25 30 26 39 32 
25 30 23 39 32 
25 30 23 39 32 
25 31 23 39 32 
25 31 23 39 32 
25 31 23 39 33 
25 31 1 39 33 
25 31 1 39 33 
25 30 1 39 33 
25 30 1 39 33 
25 29 1 39 33 
25 29 1 39 33 
0 29 1 39 33 
0 29 1 39 33 
0 28 1 39 33 
0 28 1 39 33 
0 28 1 26 33 
0 28 1 26 32 
0 17 1 26 26 
25 17 1 26 26 
25 17 1 27 26 
25 17 0 27 26 
25 17 0 31 26 
25 17 0 31 38 
43 17 0 31 38 
43 17 0 30 38 
43 17 0 30 37 
43 17 0 30 37 
43 17 26 30 38 
43 17 26 29 38 
28 17 26 29 38 
28 17 26 29 38 
28 17 26 29 38 
28 17 27 29 38 
28 17 31 29 38 
28 17 31 30 38 
28 17 31 30 37 
28 19 31 30 37 
28 19 31 30 37 
28 19 31 30 37 
28 19 31 30 37 
28 19 31 30 37 
28 19 31 30 43 
29 19 31 30 43 
29 19 30 29 43 
29 19 31 29 43 
29 19 31 28 25 
29 16 31 28 25 
29 16 27 28 25 
29 16 27 28 25 
29 16 31 28 25 
30 16 31 28 25 
30 16 31 28 43 
30 16 31 17 43 
30 16 31 17 19 
30 16 31 17 19 
28 16 23 17 19 
28 6 23 17 19 
28 6 23 17 16 
19 6 23 17 16 
19 6 23 17 22 
19 6 23 17 22 
19 6 23 17 22 
19 6 27 17 22 
19 6 27 17 7 
19 6 27 17 7 
19 6 27 17 7 
19 6 30 17 22 
19 22 30 17 7 
16 22 30 17 7 
16 22 31 17 7 
16 22 31 29 7 
16 22 31 29 7 
6 10 31 29 7 
6 10 31 29 7 
6 10 31 29 22 
16 10 31 29 22 
16 10 2 25 22 
16 10 2 25 15 
16 10 2 25 15 
16 10 2 43 15 
16 11 2 43 15 
16 11 2 43 15 
16 11 26 43 15 
16 11 26 37 15 
16 11 27 37 15 
16 21 27 37 15 
6 21 27 37 15 
6 21 27 38 15 
6 21 27 38 15 
6 21 32 38 15 
6 21 32 38 15 
6 21 32 38 15 
6 8 32 38 15 
6 8 32 39 15 
22 8 32 39 15 
22 8 33 39 15 
22 8 33 39 15 
7 8 33 39 15 
7 8 33 39 15 
7 8 32 40 15 
7 21 32 40 15 
7 21 27 40 15 
22 21 27 40 15 
22 21 27 40 13 
22 21 27 40 13 
22 21 27 40 13 
22 8 27 40 13 
22 8 26 40 13 
22 8 26 40 13 
10 8 26 40 13 
10 8 23 40 13 
10 8 23 40 13 
10 21 23 40 13 
10 21 23 40 13 
10 21 23 40 13 
10 21 2 40 13 
10 11 2 40 13 
10 11 2 40 13 
10 11 2 39 13 
10 11 2 39 13 
11 21 2 39 13 
11 21 2 38 13 
11 8 2 38 13 
11 8 32 38 13 
21 8 32 38 13 
21 8 32 31 13 
21 8 33 31 13 
21 8 33 31 13 
21 8 33 30 13 
21 12 33 30 13 
21 12 33 30 13 
21 12 34 30 13 
8 12 34 30 13 
8 12 34 29 13 
21 20 34 29 13 
21 20 34 29 13 
21 20 34 29 13 
21 20 34 17 13 
8 20 34 17 13 
8 20 35 17 13 
8 20 35 17 13 
8 9 35 17 13 
8 9 36 17 13 
21 9 36 17 13 
21 9 36 16 13 
11 9 36 16 13 
11 9 18 16 13 
11 20 18 16 13 
11 20 18 16 13 
11 20 18 6 13 
11 20 18 6 14 
11 20 18 6 14 
11 20 18 6 14 
21 20 18 6 14 
21 12 18 6 14 
21 12 18 6 14 
21 12 18 22 14 
8 12 18 22 14 
8 12 18 7 14 
8 9 18 7 14 
8 9 20 7 14 
12 9 20 7 14 
12 9 20 7 14 
12 9 20 10 14 
12 9 20 10 14 
12 12 20 11 14 
12 12 20 11 22 
12 12 20 11 7 
20 12 36 11 7 
20 18 36 11 7 
20 18 36 15 14 
20 18 41 15 14 
20 18 41 13 15 
18 18 40 13 15 
18 35 40 13 15 
18 35 40 13 14 
18 35 39 13 14 
18 35 39 13 14 
18 34 39 13 14 
18 34 39 13 14 
18 34 26 13 14 
18 34 27 13 14 
18 33 27 13 14 
18 33 27 13 14 
18 33 31 14 14 
18 33 30 14 14 
18 32 30 14 14 
36 32 30 14 14 
36 32 29 14 14 
36 32 29 14 15 
41 33 29 14 15 
41 33 30 14 15 
42 34 30 14 15 
42 34 31 15 15 
5 33 31 15 15 
5 33 28 15 15 
24 32 28 15 15 
24 32 17 15 15 
24 32 17 15 14 
24 32 19 15 14 
5 23 19 15 14 
5 2 19 15 14 
5 2 16 14 14 
5 3 16 14 14 
5 3 10 14 14 
42 3 10 14 14 
40 3 10 14 14 
40 3 10 14 0 
40 4 10 14 1 
40 24 10 14 1 
34 24 35 14 1 
34 40 35 14 39 
33 40 35 14 40 
42 42 42 42 42 
;
ROBOT MOVING BEST:
0 0 0 0 0 
1 1 0 0 0 
0 0 1 1 0 
1 0 1 0 0 
1 0 0 1 0 
0 1 1 0 0 
0 1 0 1 0 
0 0 1 0 1 
1 0 0 0 1 
0 1 0 0 1 
1 0 0 1 0 
0 0 1 1 0 
0 1 0 1 0 
0 0 1 0 1 
0 0 0 1 1 
0 0 1 1 0 
1 1 0 0 0 
1 0 1 0 0 
1 0 0 0 1 
1 0 0 1 0 
0 1 0 0 1 
0 0 1 0 1 
0 0 0 1 1 
1 0 0 1 0 
0 0 0 1 1 
1 1 0 0 0 
0 1 0 0 1 
1 0 0 0 1 
0 1 0 0 1 
0 0 1 0 1 
0 0 0 1 1 
0 0 1 0 1 
1 1 0 0 0 
0 1 0 0 1 
0 1 0 0 1 
1 1 0 0 0 
1 0 1 0 0 
1 0 0 1 0 
1 0 0 0 1 
0 1 1 0 0 
1 0 0 1 0 
1 1 0 0 0 
0 0 1 0 1 
0 0 1 1 0 
0 0 1 0 1 
1 0 0 0 1 
0 1 1 0 0 
1 0 0 1 0 
0 0 1 1 0 
1 0 0 0 1 
0 1 0 0 1 
0 0 1 0 1 
0 0 0 1 1 
0 0 0 1 1 
1 0 1 0 0 
0 1 0 0 1 
1 0 0 1 0 
1 1 0 0 0 
1 0 0 0 1 
1 0 0 1 0 
1 0 1 0 0 
0 1 1 0 0 
0 0 1 0 1 
0 0 1 1 0 
1 1 0 0 0 
0 1 1 0 0 
1 0 0 1 0 
1 0 1 0 0 
0 1 0 0 1 
0 0 1 1 0 
0 0 1 0 1 
1 0 0 1 0 
1 1 0 0 0 
1 0 0 0 1 
0 1 0 0 1 
0 0 1 0 1 
0 0 0 1 1 
1 0 1 0 0 
0 1 1 0 0 
0 1 0 0 1 
0 0 1 0 1 
1 0 0 0 1 
0 1 0 0 1 
0 0 1 0 1 
1 0 0 1 0 
0 0 0 1 1 
1 0 1 0 0 
0 1 1 0 0 
0 0 0 1 1 
1 0 0 0 1 
0 1 0 0 1 
0 0 1 1 0 
0 0 1 0 1 
1 0 1 0 0 
1 0 0 1 0 
1 0 0 0 1 
0 1 0 0 1 
0 0 1 0 1 
0 0 1 0 1 
1 1 0 0 0 
0 0 0 1 1 
1 0 0 1 0 
1 0 1 0 0 
1 0 0 0 1 
0 1 1 0 0 
0 1 0 0 1 
1 0 0 0 1 
0 1 0 0 1 
0 0 1 0 1 
1 0 1 0 0 
1 0 0 1 0 
0 0 1 1 0 
0 1 1 0 0 
0 1 0 0 1 
1 0 0 1 0 
0 0 1 1 0 
1 0 0 0 1 
0 0 1 0 1 
1 1 0 0 0 
1 0 1 0 0 
0 1 1 0 0 
0 1 0 0 1 
0 0 1 1 0 
0 1 0 1 0 
0 1 0 1 0 
0 1 0 0 1 
0 0 1 1 0 
1 1 0 0 0 
1 0 1 0 0 
1 0 0 1 0 
1 0 0 0 1 
1 0 1 0 0 
1 0 0 0 1 
0 1 1 0 0 
1 0 0 1 0 
1 1 0 0 0 
0 1 1 0 0 
0 1 0 1 0 
0 1 0 0 1 
0 1 1 0 0 
1 0 0 1 0 
0 1 0 1 0 
1 0 0 0 1 
0 1 0 0 1 
0 0 1 0 1 
0 0 1 0 1 
1 1 0 0 0 
0 1 1 0 0 
0 1 0 1 0 
0 1 0 0 1 
0 1 1 0 0 
0 1 0 0 1 
1 1 0 0 0 
0 0 0 1 1 
1 0 1 0 0 
1 0 0 0 1 
0 1 0 1 0 
0 1 0 0 1 
1 0 1 0 0 
0 0 1 1 0 
0 1 0 0 1 
0 0 0 1 1 
1 0 1 0 0 
0 0 1 1 0 
1 1 0 0 0 
0 1 0 1 0 
0 1 0 0 1 
1 0 1 0 0 
0 0 1 1 0 
0 1 0 0 1 
1 0 1 0 0 
0 0 1 1 0 
1 1 0 0 0 
0 1 0 1 0 
0 1 0 0 1 
0 0 1 1 0 
1 0 1 0 0 
0 1 1 0 0 
0 1 0 0 1 
0 1 1 0 0 
0 1 0 0 1 
1 0 1 0 0 
1 0 0 1 0 
1 1 0 0 0 
0 1 1 0 0 
0 1 0 1 0 
0 1 0 0 1 
0 1 0 0 1 
1 1 0 0 0 
0 1 0 1 0 
1 0 1 0 0 
0 1 0 1 0 
0 1 0 0 1 
1 1 0 0 0 
0 1 0 1 0 
1 0 0 0 1 
0 1 0 0 1 
0 0 1 0 1 
0 1 0 1 0 
1 1 0 0 0 
1 0 0 1 0 
1 0 0 0 1 
1 0 1 0 0 
1 0 1 0 0 
1 0 0 1 0 
1 0 0 0 1 
1 1 0 0 0 
0 0 1 1 0 
0 1 1 0 0 
0 1 0 1 0 
0 1 0 0 1 
0 1 0 0 1 
1 1 0 0 0 
0 0 1 1 0 
1 0 1 0 0 
0 0 0 1 1 
1 1 0 0 0 
0 1 1 0 0 
0 1 0 1 0 
0 1 1 0 0 
1 1 0 0 0 
0 0 0 1 1 
0 1 0 1 0 
0 1 0 0 1 
0 0 0 1 1 
1 0 1 0 0 
0 1 0 1 0 
0 1 0 0 1 
1 1 0 0 0 
1 0 0 0 1 
0 1 0 0 1 
0 0 0 1 1 
0 0 1 0 1 
1 0 0 0 1 
0 1 0 0 1 
0 0 0 1 1 
0 0 1 0 1 
0 1 0 0 1 
1 1 0 0 0 
0 1 1 0 0 
0 1 0 1 0 
1 0 0 0 1 
1 1 0 0 0 
0 1 0 0 1 
0 1 0 0 1 
1 1 0 0 0 
0 0 1 1 0 
1 0 0 0 1 
0 1 0 0 1 
0 0 0 1 1 
1 1 0 0 0 
0 1 0 0 1 
0 0 1 0 1 
0 0 0 1 1 
0 0 1 0 1 
0 1 1 0 0 
1 1 0 0 0 
0 0 0 1 1 
1 0 0 0 1 
0 1 1 0 0 
0 0 1 0 1 
0 1 0 0 1 
0 1 0 0 1 
0 0 0 1 1 
1 1 0 0 0 
0 0 1 0 1 
1 0 0 0 1 
1 1 0 0 0 
1 0 0 0 1 
0 0 1 1 0 
1 1 0 0 0 
0 0 1 1 0 
1 1 0 0 0 
1 0 0 0 1 
0 1 0 0 1 
0 0 1 0 1 
0 1 0 0 1 
0 0 1 0 1 
0 0 1 1 0 
1 1 0 0 0 
0 0 1 0 1 
1 0 0 0 1 
1 1 0 0 0 
0 0 1 1 0 
0 0 0 1 1 
0 0 1 1 0 
1 1 0 0 0 
0 1 0 0 1 
0 0 1 1 0 
0 0 0 1 1 
1 1 0 0 0 
0 0 0 1 1 
1 1 0 0 0 
0 0 1 0 1 
1 1 0 0 0 
0 0 0 1 1 
1 0 1 0 0 
0 0 1 0 1 
0 0 0 1 1 
0 1 0 0 1 
1 1 0 0 0 
0 0 1 0 1 
1 1 0 0 0 
0 0 0 1 1 
1 1 0 0 0 
0 1 1 0 0 
0 1 0 0 1 
0 0 0 1 1 
1 1 0 0 0 
0 1 1 0 0 
0 0 1 0 1 
1 1 0 0 0 
0 0 1 0 1 
1 1 0 0 0 
0 0 0 1 1 
1 1 0 0 0 
0 1 1 0 0 
1 1 0 0 0 
0 1 1 0 0 
1 0 0 1 0 
1 0 0 0 1 
0 1 0 0 1 
0 0 0 1 1 
1 0 0 0 1 
0 1 1 0 0 
0 1 0 0 1 
0 0 0 1 1 
1 0 0 0 1 
0 0 0 1 1 
0 1 0 0 1 
0 1 1 0 0 
1 1 0 0 0 
1 0 1 0 0 
1 0 0 1 0 
0 0 1 1 0 
0 1 0 1 0 
0 0 0 1 1 
0 0 0 1 1 
1 0 1 0 0 
0 1 1 0 0 
0 0 0 1 1 
0 1 1 0 0 
0 0 0 1 1 
1 0 1 0 0 
1 1 0 0 0 
0 1 0 0 1 
0 0 1 0 1 
0 0 0 1 1 
1 1 0 0 0 
0 1 0 0 1 
0 0 1 0 1 
0 0 1 0 1 
1 1 0 0 0 
0 1 0 0 1 
0 0 1 1 0 
0 0 1 1 0 
0 1 0 0 1 
1 1 0 0 0 
0 0 1 1 0 
0 0 1 0 1 
1 1 0 0 0 
0 0 1 0 1 
1 1 0 0 0 
0 0 1 1 0 
1 1 0 0 0 
0 0 1 1 0 
1 1 0 0 0 
0 0 1 1 0 
0 0 1 0 1 
0 0 1 1 0 
1 1 0 0 0 
1 1 0 0 0 
0 0 1 1 0 
1 1 0 0 0 
0 0 1 1 0 
1 1 0 0 0 
1 1 0 0 0 
0 1 0 0 1 
0 1 0 0 1 
0 1 0 0 1 
1 0 1 0 0 
0 1 0 0 1 
1 0 0 0 1 
1 1 1 1 1 
;
TIMETABLE BEST: 
0.0 0.0 0.0 0.0 0.0 
10 10 0 0 0 
10 10 18 18 0 
18 10 18 18 0 
18 10 18 18 0 
18 18 18 18 0 
18 18 18 18 0 
18 18 19 18 19 
19 18 19 18 19 
19 19 19 18 19 
25 19 19 25 19 
25 19 27 27 19 
25 27 27 27 19 
25 27 27 27 27 
25 27 27 27 27 
25 27 35 35 27 
36 36 35 35 27 
36 36 36 35 27 
37 36 36 35 37 
37 36 36 37 37 
37 37 36 37 37 
37 37 37 37 37 
37 37 37 37 37 
44 37 37 44 37 
44 37 37 44 44 
47 47 37 44 44 
47 47 37 44 47 
55 47 37 44 55 
55 55 37 44 55 
55 55 55 44 55 
55 55 55 55 55 
55 55 62 55 62 
64 64 62 55 62 
64 64 62 55 64 
64 72 62 55 72 
75 75 62 55 72 
75 75 75 55 72 
75 75 75 75 72 
75 75 75 75 75 
75 75 75 75 75 
83 75 75 83 75 
84 84 75 83 75 
84 84 75 83 75 
84 84 83 83 75 
84 84 83 83 83 
84 84 83 83 84 
84 84 84 83 84 
90 84 84 90 84 
90 84 90 90 84 
93 84 90 90 93 
93 93 90 90 93 
93 93 93 90 93 
93 93 93 93 93 
93 93 93 100 100 
101 93 101 100 100 
101 107 101 100 107 
101 107 101 101 107 
107 107 101 101 107 
107 107 101 101 107 
108 107 101 108 107 
114 107 114 108 107 
114 114 114 108 107 
114 114 114 108 114 
114 114 115 115 114 
122 122 115 115 114 
122 122 122 115 114 
122 122 122 122 114 
122 122 122 122 114 
122 122 122 122 122 
122 122 122 122 122 
122 122 122 122 122 
129 122 122 129 122 
130 130 122 129 122 
131 130 122 129 131 
131 131 122 129 131 
131 131 131 129 131 
131 131 131 136 136 
139 131 139 136 136 
139 139 139 136 136 
139 139 139 136 139 
139 139 139 136 139 
145 139 139 136 145 
145 145 139 136 145 
145 145 145 136 145 
150 145 145 150 145 
150 145 145 150 150 
153 145 153 150 150 
153 153 153 150 150 
153 153 153 157 157 
157 153 153 157 157 
157 157 153 157 157 
157 157 157 157 157 
157 157 157 157 157 
164 157 164 157 157 
164 157 164 164 157 
164 157 164 164 164 
164 164 164 164 164 
164 164 164 164 164 
164 164 170 164 170 
174 174 170 164 170 
174 174 170 170 170 
174 174 170 174 170 
174 174 174 174 170 
174 174 174 174 174 
174 174 174 174 174 
174 174 174 174 174 
180 174 174 174 180 
180 180 174 174 180 
180 180 183 174 183 
183 180 183 174 183 
187 180 183 187 183 
187 180 187 187 183 
187 189 189 187 183 
187 189 189 187 189 
194 189 189 194 189 
194 189 194 194 189 
196 189 194 194 196 
196 189 196 194 196 
202 202 196 194 196 
202 202 202 194 196 
202 202 202 194 196 
202 203 202 194 203 
202 203 202 202 203 
202 203 202 203 203 
202 211 202 211 203 
202 211 202 211 211 
202 211 211 211 211 
216 216 211 211 211 
216 216 216 211 211 
216 216 216 216 211 
216 216 216 216 216 
222 216 222 216 216 
222 216 222 216 222 
222 222 222 216 222 
224 222 222 224 222 
230 230 222 224 222 
230 230 230 224 222 
230 230 230 230 222 
230 230 230 230 230 
230 236 236 230 230 
237 236 236 237 230 
237 237 236 237 230 
238 237 236 237 238 
238 238 236 237 238 
238 238 238 237 238 
238 238 244 237 244 
246 246 244 237 244 
246 246 246 237 244 
246 246 246 246 244 
246 246 246 246 246 
246 252 252 246 246 
246 254 252 246 254 
256 256 252 246 254 
256 256 252 261 261 
256 256 256 261 261 
261 256 256 261 261 
261 261 256 261 261 
261 261 256 261 261 
262 261 262 261 261 
262 261 262 262 261 
262 267 262 262 267 
262 267 262 267 267 
271 267 271 267 267 
271 267 271 271 267 
275 275 271 271 267 
275 275 271 275 267 
275 275 271 275 275 
279 275 279 275 275 
279 275 279 279 275 
279 281 279 279 281 
287 281 287 279 281 
287 281 287 287 281 
289 289 287 287 281 
289 289 287 289 281 
289 290 287 289 290 
289 290 297 297 290 
297 290 297 297 290 
297 298 298 297 290 
297 298 298 297 298 
297 306 306 297 298 
297 306 306 297 306 
307 306 307 297 306 
307 306 307 307 306 
315 315 307 307 306 
315 315 315 307 306 
315 315 315 315 306 
315 315 315 315 315 
315 328 315 315 328 
328 328 315 315 328 
328 328 315 328 328 
329 328 329 328 328 
329 335 329 335 328 
329 336 329 335 336 
340 340 329 335 336 
340 343 329 343 336 
345 343 329 343 345 
345 345 329 343 345 
345 345 354 343 354 
345 351 354 351 354 
359 359 354 351 354 
359 359 354 359 354 
359 359 354 359 359 
361 359 361 359 359 
368 359 368 359 359 
368 359 368 368 359 
368 359 368 368 368 
371 371 368 368 368 
371 371 368 368 368 
371 371 371 368 368 
371 371 371 371 368 
371 371 371 371 371 
371 377 371 371 377 
380 380 371 371 377 
380 380 379 379 377 
387 380 387 379 377 
387 380 387 388 388 
394 394 387 388 388 
394 394 394 388 388 
394 394 394 394 388 
394 401 401 394 388 
402 402 401 394 388 
402 402 401 399 399 
402 409 401 409 399 
402 417 401 409 417 
402 417 401 417 417 
423 417 423 417 417 
423 431 423 431 417 
423 431 423 431 431 
437 437 423 431 431 
447 437 423 431 447 
447 447 423 431 447 
447 447 423 447 447 
447 447 447 447 447 
453 447 447 447 453 
453 453 447 447 453 
453 453 447 453 453 
453 453 459 453 459 
453 465 459 453 465 
467 467 459 453 465 
467 467 467 453 465 
467 468 467 468 465 
467 468 467 468 467 
481 481 467 468 467 
481 481 467 468 481 
481 487 467 468 487 
495 495 467 468 487 
495 495 498 498 487 
500 495 498 498 500 
500 500 498 498 500 
500 500 498 509 509 
513 513 498 509 509 
513 513 498 509 513 
513 513 513 509 513 
513 513 513 515 515 
513 513 520 515 520 
513 523 523 515 520 
527 527 523 515 520 
527 527 523 524 524 
527 527 523 524 527 
527 529 529 524 527 
527 529 529 524 529 
527 529 529 524 529 
527 536 529 524 536 
527 536 529 536 536 
539 539 529 536 536 
539 539 538 536 538 
539 539 538 536 539 
545 545 538 536 539 
545 545 538 536 545 
545 545 547 547 545 
552 552 547 547 545 
552 552 553 553 545 
558 558 553 553 545 
559 558 553 553 559 
559 559 553 553 559 
559 559 559 553 559 
559 566 559 553 566 
559 566 566 553 566 
559 566 566 566 566 
572 572 566 566 566 
572 572 574 566 574 
574 572 574 566 574 
579 579 574 566 574 
579 579 574 574 574 
579 579 574 574 574 
579 579 581 581 574 
589 589 581 581 574 
589 589 581 581 589 
589 589 592 592 589 
589 589 592 592 592 
602 602 592 592 592 
602 602 592 604 604 
609 609 592 604 604 
609 609 618 604 618 
619 619 618 604 618 
619 619 618 624 624 
627 619 627 624 624 
627 619 627 624 627 
627 619 627 632 632 
627 633 627 632 633 
633 633 627 632 633 
633 633 636 632 636 
640 640 636 632 636 
640 640 636 640 640 
650 650 636 640 640 
650 650 650 640 640 
650 650 650 640 650 
650 650 650 655 655 
657 657 650 655 655 
657 658 658 655 655 
657 658 658 655 658 
667 667 658 655 658 
667 667 668 655 668 
674 674 668 655 668 
674 674 668 681 681 
684 684 668 681 681 
684 686 686 681 681 
695 695 686 681 681 
695 695 695 681 681 
695 695 695 695 681 
699 695 695 695 699 
699 699 695 695 699 
699 699 695 699 699 
709 699 695 699 709 
709 709 709 699 709 
709 709 709 699 709 
709 709 709 711 711 
716 709 709 711 716 
716 709 709 717 717 
716 726 709 717 726 
716 728 728 717 726 
730 730 728 717 726 
730 730 730 717 726 
734 730 730 734 726 
734 730 734 734 726 
734 747 734 747 726 
734 747 734 747 747 
734 747 734 753 753 
769 747 769 753 753 
769 776 776 753 753 
769 776 776 780 780 
769 785 785 780 780 
769 785 785 794 794 
796 785 796 794 794 
807 807 796 794 794 
807 808 796 794 808 
807 808 808 794 808 
807 808 808 808 808 
816 816 808 808 808 
816 816 808 808 816 
816 816 816 808 816 
816 816 823 808 823 
825 825 823 808 823 
825 825 823 808 825 
825 825 830 830 825 
825 825 838 838 825 
825 834 838 838 834 
843 843 838 838 834 
843 843 846 846 834 
843 843 848 846 848 
852 852 848 846 848 
852 852 856 846 856 
862 862 856 846 856 
862 862 864 864 856 
880 880 864 864 856 
880 880 881 881 856 
889 889 881 881 856 
889 889 891 891 856 
889 889 891 891 891 
889 889 903 903 891 
908 908 903 903 891 
915 915 903 903 891 
915 915 917 917 891 
929 929 917 917 891 
929 929 946 946 891 
947 947 946 946 891 
966 966 946 946 891 
966 971 946 946 971 
966 985 946 946 985 
966 992 946 946 992 
1011 992 1011 946 992 
1011 1013 1011 946 1013 
1024 1013 1011 946 1024 
1062.0 1032.0 1040.0 1036.0 1043.0 
;
EXECUTION TIME HBSS: 3519.15254021 seconds 

-------------------------------------------------------------------
