DATFILE : offices1_9r_250.dat
ENVIRONMENT : office
ALGORITHM : HBSS - TAU 5
RANGE : 250
STARTING_POS : 42
N_ROBOTS : 9
GREEDY SOLUTION : [ 2742.]
COMPUTATIONS D :
2754
2932
2490
2462
2742
2520
2712
2676
2816
2624
2608
2622
2634
2600
2656
2666
2656
2754
2612
2906
2404
2632
2506
2510
2814
2608
2628
2450
2384
2684
2536
2546
2582
2710
2464
2598
2792
2704
2722
2624
2488
2488
2682
2664
2638
2812
2476
2910
2366
2718
2532
2976
2500
2410
2488
2674
2484
2570
2660
2784
2666
2650
2550
2368
2612
2630
2766
2648
2652
2624
2540
2642
2708
2766
2760
2998
2858
2786
2362
2844
2664
2742
2482
2688
2488
2432
2502
2716
2632
2710
2732
2766
2782
2604
2772
2552
2614
2458
2738
2642
2638
2690
2712
2528
2672
2464
2376
2506
2600
2416
2806
2674
2432
2744
2616
2410
2506
2628
2718
2742
2538
2750
2780
2466
2646
2502
2634
2746
2716
2454
2612
2726
2862
2552
2594
2384
2488
2646
2718
2716
2772
2626
2596
2744
2506
2854
2490
2608
2418
2642
2562
2574
2490
2582
2806
2446
2554
2462
2726
2672
2498
2780
2654
2640
2490
2558
2422
2502
2462
2658
2650
2570
2738
2670
2596
2772
2672
2510
2774
2662
2604
2454
2648
2480
2546
2838
2700
2708
2616
2374
2430
2676
2772
2740
2694
2444
2834
2606
2654
2490
;
HBBS sumD : 2362
BEST_CONFIGURATIONS : 
42 42 42 42 42 42 42 42 42 
41 42 42 42 42 42 42 42 42 
41 5 42 42 42 42 42 42 42 
41 5 24 42 42 42 42 42 42 
36 5 24 42 42 42 42 42 42 
36 5 24 40 42 42 42 42 42 
36 5 4 40 42 42 42 42 42 
36 5 4 40 41 42 42 42 42 
36 5 4 40 41 24 42 42 42 
36 5 4 40 41 24 42 42 42 
35 5 4 40 41 24 42 42 42 
35 5 4 40 41 24 42 42 42 
35 5 4 40 41 3 42 42 42 
35 5 4 40 34 3 42 42 42 
35 5 4 40 34 3 41 42 42 
35 5 4 40 34 3 41 24 42 
35 5 4 40 34 3 41 24 42 
35 5 4 40 34 3 36 24 42 
35 5 4 40 34 3 36 24 42 
35 5 4 40 34 3 36 24 42 
35 5 4 40 34 3 36 24 42 
35 5 4 40 34 3 36 24 41 
35 5 4 39 34 3 36 24 41 
35 5 4 39 34 3 36 24 41 
35 5 4 39 34 3 36 24 41 
35 5 4 39 34 3 36 24 41 
35 5 4 39 34 3 36 24 41 
35 5 4 39 34 3 36 24 41 
35 5 4 39 34 3 36 24 40 
35 5 4 39 34 3 36 24 40 
35 5 4 39 34 3 36 24 40 
35 5 4 39 34 3 36 24 40 
35 5 4 39 34 3 36 24 40 
35 5 4 39 34 3 36 24 40 
35 5 4 39 34 3 36 24 40 
35 5 4 39 34 3 36 24 40 
35 5 4 39 34 3 36 24 40 
35 5 4 39 34 3 36 24 40 
35 5 4 39 34 3 36 24 40 
35 5 4 39 34 3 36 24 40 
35 5 4 39 34 3 36 24 40 
35 5 4 39 34 3 36 24 40 
35 5 4 39 34 3 36 24 40 
35 5 4 39 34 3 36 24 40 
35 5 4 39 34 3 36 24 40 
35 5 4 39 34 3 36 23 40 
35 5 4 39 34 3 36 23 40 
35 5 4 39 34 3 36 23 40 
35 5 4 39 34 3 33 23 40 
35 5 4 39 34 3 33 23 40 
35 5 4 39 34 3 33 23 40 
35 5 4 39 34 3 33 23 40 
35 5 4 39 34 3 33 23 40 
35 5 4 26 34 3 33 23 40 
35 5 4 26 34 3 33 23 40 
35 5 4 26 34 3 33 23 40 
35 5 4 26 34 3 33 2 40 
35 5 4 26 34 3 33 2 40 
35 5 4 26 34 3 33 2 40 
35 5 4 26 34 3 33 2 40 
35 5 4 26 34 3 33 2 39 
35 24 4 26 34 3 33 2 39 
35 24 4 26 34 3 33 2 39 
35 24 4 26 34 3 33 2 39 
35 24 4 26 34 3 33 2 39 
35 24 4 26 34 3 33 2 39 
35 24 4 26 34 3 33 2 23 
35 24 4 26 34 3 33 2 23 
35 24 4 26 34 3 33 2 23 
35 24 4 26 34 3 33 2 23 
35 24 4 26 34 3 33 2 23 
35 24 4 26 34 3 33 2 23 
35 24 4 26 34 3 33 2 23 
35 24 4 26 34 3 33 2 23 
35 24 4 26 34 3 33 2 23 
35 24 4 26 34 3 33 2 23 
32 24 4 26 34 3 33 2 23 
32 24 4 26 34 3 33 2 23 
32 24 4 26 34 3 33 2 23 
32 24 4 26 34 3 33 2 23 
32 24 4 26 34 3 33 2 23 
32 24 4 27 34 3 33 2 23 
32 24 4 27 34 3 33 2 23 
32 1 4 27 34 3 33 2 23 
32 1 4 27 34 3 33 2 23 
32 1 4 27 34 3 33 2 23 
32 1 4 27 34 3 33 2 23 
32 1 4 27 34 3 33 2 23 
32 1 4 27 34 3 33 2 23 
32 1 4 27 34 3 33 2 23 
32 1 4 31 34 3 33 2 23 
32 1 24 31 34 3 33 2 23 
32 1 24 31 35 3 33 2 23 
32 1 24 31 35 3 33 2 23 
32 1 24 31 35 3 33 2 38 
32 1 41 31 35 3 33 2 38 
32 1 41 31 35 23 33 2 38 
32 1 41 31 35 23 33 2 38 
32 1 41 31 36 23 33 2 38 
32 1 41 31 36 23 33 2 38 
32 1 41 31 36 23 33 2 38 
32 1 41 31 36 23 33 2 38 
32 1 41 31 36 26 33 2 38 
27 1 41 31 36 26 33 2 38 
27 1 41 31 36 26 27 2 38 
27 1 41 31 36 26 27 2 38 
27 1 41 31 36 26 27 2 38 
27 1 41 31 36 26 27 2 38 
27 1 41 31 36 26 27 2 38 
27 1 41 31 36 26 27 23 38 
27 1 41 31 36 26 27 23 38 
27 1 41 31 36 26 27 23 38 
27 1 41 31 36 26 27 23 38 
27 1 41 31 36 26 27 23 38 
27 1 41 31 36 26 27 23 38 
27 1 41 31 36 26 27 23 38 
27 1 41 31 36 26 27 23 38 
27 1 41 31 36 26 27 23 38 
27 1 41 31 36 26 27 23 38 
27 1 41 31 36 26 27 23 38 
27 1 41 31 36 26 27 23 38 
27 1 41 31 36 26 32 23 38 
27 1 41 31 36 26 32 23 38 
27 1 41 31 36 26 32 23 38 
27 1 41 31 36 26 32 23 38 
27 1 41 31 36 26 32 23 38 
27 1 41 31 36 26 32 23 38 
27 1 41 31 36 26 32 23 38 
27 1 41 31 36 26 32 23 38 
27 1 41 31 36 26 32 23 38 
27 1 41 31 36 26 32 23 38 
27 1 41 30 36 26 32 23 38 
27 1 40 30 36 26 32 23 38 
27 1 40 30 36 39 32 23 38 
27 1 40 30 36 39 32 23 38 
27 1 40 30 36 39 32 23 38 
27 1 40 30 36 39 32 23 38 
27 1 40 30 36 39 32 23 38 
27 1 40 30 36 39 32 23 37 
27 1 40 30 35 39 32 23 37 
27 1 40 30 35 39 32 23 37 
27 1 40 30 35 39 32 23 37 
27 1 40 30 35 39 32 23 37 
27 1 40 30 35 39 32 23 37 
27 1 40 30 35 39 32 23 37 
27 0 40 30 35 39 32 23 37 
27 0 40 30 35 39 32 2 37 
27 0 40 30 35 39 32 2 37 
27 0 40 30 35 39 32 2 37 
27 0 40 30 35 39 32 2 37 
27 0 40 30 35 39 32 2 37 
26 0 40 30 35 39 32 2 37 
26 0 40 30 35 39 32 2 37 
26 0 40 30 35 39 32 2 37 
26 0 40 30 35 39 32 2 37 
26 0 40 30 35 39 32 2 37 
26 0 40 30 35 39 32 2 37 
26 0 40 30 35 39 32 2 37 
26 0 40 29 35 39 32 2 37 
26 0 40 29 35 39 32 2 37 
26 0 40 29 35 39 33 2 37 
26 0 40 29 35 39 33 2 37 
26 0 40 29 35 39 33 2 37 
26 0 40 29 35 39 33 2 37 
38 0 40 29 35 39 33 2 37 
38 0 40 29 35 39 33 2 37 
38 0 40 29 35 39 33 2 37 
38 0 40 29 35 39 33 2 37 
38 0 40 29 35 39 33 2 37 
38 0 40 29 35 39 33 2 37 
38 0 40 29 35 39 33 2 37 
38 25 40 29 35 39 33 2 37 
38 25 40 29 35 39 33 23 37 
38 25 40 29 35 39 33 23 43 
38 25 40 29 35 39 33 23 43 
38 25 40 29 34 39 33 23 43 
38 25 40 29 34 39 33 23 43 
38 25 40 29 34 39 33 23 43 
38 25 40 29 34 26 33 23 43 
38 25 40 29 34 26 33 23 43 
38 25 40 30 34 26 33 23 43 
38 25 40 30 34 26 33 1 43 
38 25 40 30 34 26 33 1 43 
38 25 40 30 34 26 33 1 43 
38 25 40 30 34 26 33 1 43 
38 25 40 30 34 26 33 1 43 
37 25 40 30 34 26 33 1 43 
37 25 40 30 34 26 33 1 43 
37 25 40 30 34 26 33 1 43 
37 25 40 30 34 27 33 1 43 
37 25 40 30 34 27 33 1 37 
37 25 40 30 34 31 33 1 37 
37 25 40 30 34 31 33 1 37 
37 25 40 30 34 31 33 1 37 
37 25 39 30 34 31 33 1 37 
37 25 39 30 34 31 33 1 37 
37 25 39 30 34 31 33 1 37 
37 25 39 30 34 31 33 1 37 
37 25 39 29 34 31 33 1 37 
37 25 39 29 34 31 27 1 37 
37 25 39 29 34 31 27 1 37 
37 0 39 29 34 31 27 1 37 
37 0 39 29 34 31 27 1 43 
37 0 39 29 34 31 27 1 43 
37 0 39 29 34 31 27 1 43 
37 0 39 28 34 31 27 1 43 
37 0 38 28 34 31 27 1 43 
37 0 38 28 34 31 27 1 43 
37 0 38 28 34 31 27 1 43 
37 0 38 28 34 31 27 1 43 
37 0 38 28 34 31 30 1 43 
37 0 38 28 34 31 30 1 43 
37 0 38 28 34 31 30 1 43 
37 0 38 28 34 31 30 1 43 
37 0 38 28 34 31 30 1 19 
37 0 38 28 34 31 30 25 19 
37 0 38 28 32 31 30 25 19 
37 0 38 28 32 31 30 25 19 
37 0 38 28 32 31 30 25 19 
37 0 38 17 32 31 30 25 19 
37 0 38 17 32 29 30 25 19 
37 0 38 17 32 29 30 25 19 
43 0 38 17 32 29 30 25 19 
17 0 38 17 32 29 30 25 19 
17 0 38 17 32 29 30 25 19 
17 0 38 17 32 29 30 25 19 
17 0 26 17 32 29 28 25 19 
17 0 26 17 27 29 28 25 19 
17 0 26 17 27 29 28 25 19 
17 0 26 17 27 29 28 25 19 
17 0 26 17 27 29 28 25 19 
17 0 26 17 27 29 28 25 19 
17 0 26 17 27 29 28 25 19 
17 0 26 17 31 29 28 25 19 
17 0 26 17 31 29 28 25 19 
17 0 3 17 31 29 28 25 19 
17 0 3 17 31 29 28 25 19 
17 0 3 17 31 29 28 25 19 
17 23 3 17 31 29 28 25 19 
17 23 3 17 31 29 28 25 19 
17 23 3 17 31 29 28 25 19 
17 23 3 17 31 29 28 43 19 
17 23 3 17 31 29 28 43 16 
17 23 3 17 31 29 28 43 16 
17 23 3 17 31 29 28 43 16 
17 23 3 17 31 30 28 43 16 
17 23 3 17 31 30 28 43 16 
17 23 3 17 27 30 28 43 16 
17 23 3 17 27 30 19 43 16 
17 23 3 17 27 30 19 43 6 
17 23 3 17 27 30 22 43 6 
17 23 3 17 27 30 22 43 6 
17 23 3 17 27 30 22 43 6 
19 23 3 17 27 30 22 43 6 
19 23 3 17 27 30 7 43 6 
22 23 3 17 31 30 7 43 6 
22 23 3 17 31 29 7 43 6 
15 23 3 17 31 29 7 43 6 
15 23 3 17 31 29 7 43 6 
15 23 3 19 31 29 7 43 22 
15 23 3 19 31 29 7 43 22 
15 23 3 19 31 29 7 37 22 
15 26 3 19 31 29 7 37 22 
15 26 3 19 31 29 7 37 22 
15 26 3 19 31 29 7 37 22 
15 26 3 19 31 29 7 37 22 
15 26 3 19 31 29 7 38 22 
15 26 3 14 31 29 7 38 22 
15 26 3 14 31 29 7 38 22 
15 26 3 14 31 29 7 38 22 
15 27 3 14 31 29 7 38 22 
15 27 3 14 30 29 7 38 22 
15 27 3 14 30 28 7 38 15 
15 32 3 14 30 28 7 38 15 
15 32 3 14 30 28 7 38 15 
15 32 3 14 30 28 7 39 15 
15 32 3 14 30 28 7 39 15 
15 33 3 14 30 28 7 39 15 
13 33 3 14 30 28 7 39 15 
13 33 3 14 27 28 7 39 15 
13 33 3 14 27 28 7 39 15 
13 33 3 14 27 17 7 39 15 
13 33 23 14 27 17 7 39 15 
13 33 23 14 27 17 7 39 15 
13 33 23 14 27 17 21 39 15 
13 33 23 14 27 17 21 39 15 
13 33 23 14 27 17 21 39 15 
13 33 23 14 27 17 21 39 15 
13 33 23 14 27 17 21 39 15 
13 33 23 14 27 17 21 39 15 
13 33 26 14 27 17 21 39 15 
13 33 26 14 32 17 21 39 15 
13 34 26 14 32 17 21 39 15 
13 34 26 14 32 17 21 39 15 
13 34 26 14 32 17 21 40 15 
13 34 38 14 32 17 21 40 15 
13 34 38 14 32 17 21 40 15 
13 35 38 14 32 17 21 40 15 
13 35 38 14 32 16 21 40 15 
13 35 38 14 32 16 21 40 15 
13 18 38 14 32 16 21 40 15 
13 18 38 14 32 16 21 40 15 
13 18 38 14 31 16 21 40 15 
13 18 38 14 31 16 21 40 15 
13 18 38 14 31 16 21 40 15 
13 18 38 14 31 16 21 40 15 
13 18 38 14 31 16 21 40 15 
13 18 38 14 31 16 21 36 15 
13 18 38 14 31 16 21 36 15 
13 18 38 14 31 16 21 36 22 
13 18 38 14 31 16 21 36 22 
13 18 38 14 31 16 8 36 22 
13 18 38 14 29 16 8 36 22 
13 18 38 14 29 6 8 36 22 
13 18 38 14 29 6 8 36 22 
13 18 38 14 29 6 8 36 7 
13 18 38 14 29 6 8 35 7 
13 18 38 14 29 6 8 35 7 
13 18 38 14 29 6 8 35 7 
13 18 33 14 29 6 8 35 7 
13 18 33 15 29 6 8 35 7 
13 18 33 15 29 6 21 35 7 
13 18 33 15 29 6 21 35 7 
13 18 33 15 29 6 21 35 7 
13 18 33 15 29 6 21 35 22 
13 18 33 15 29 6 21 34 22 
13 18 33 15 29 6 21 34 22 
13 18 33 15 29 6 21 34 22 
13 18 33 15 29 6 21 34 22 
13 18 33 15 29 6 11 34 22 
13 18 33 15 29 7 11 34 22 
13 20 33 15 29 7 11 34 22 
13 20 33 15 29 7 11 34 10 
13 20 33 15 29 7 11 34 10 
13 20 33 15 29 7 11 34 10 
13 20 33 15 29 7 11 34 10 
13 12 33 15 29 7 11 34 10 
13 12 33 22 29 7 11 34 10 
14 12 33 22 29 7 11 34 10 
14 12 33 22 29 7 11 34 10 
14 12 33 22 29 7 11 34 10 
14 12 33 22 29 7 11 34 10 
14 12 33 22 29 7 11 34 10 
14 12 33 22 29 7 11 34 10 
14 12 33 22 29 7 11 34 10 
14 12 33 22 16 7 11 34 10 
14 12 33 22 16 7 21 34 10 
14 12 33 22 16 7 21 34 10 
14 12 33 22 16 7 21 34 10 
14 12 33 22 16 7 21 34 10 
14 12 33 22 16 7 8 34 10 
14 12 33 6 16 7 8 34 10 
14 12 33 6 16 7 8 34 10 
14 12 33 6 16 7 8 34 10 
14 20 35 6 16 7 8 34 10 
14 20 35 6 16 7 8 34 10 
14 20 35 6 16 7 8 34 10 
14 20 35 6 16 21 8 34 10 
14 20 35 6 16 21 8 34 11 
14 20 35 6 16 21 8 36 11 
14 20 18 6 16 21 8 41 11 
14 20 18 6 16 21 8 41 11 
14 9 18 6 16 21 8 41 11 
14 9 18 6 16 21 8 41 11 
14 9 18 6 16 21 8 41 11 
14 9 18 6 16 21 8 41 11 
14 9 18 6 16 12 8 41 11 
14 9 18 6 16 12 20 41 11 
14 9 18 6 16 12 20 41 11 
14 9 18 6 16 12 20 41 11 
14 9 18 6 16 12 20 41 11 
14 9 18 6 16 12 20 41 11 
10 9 18 6 16 12 20 41 11 
10 9 18 6 16 12 20 41 11 
10 9 18 6 16 12 20 41 21 
10 9 18 6 16 12 20 41 21 
10 9 18 6 16 12 20 41 21 
10 9 18 6 16 12 20 41 21 
10 9 18 6 16 12 20 41 21 
10 9 18 6 16 12 20 41 21 
10 9 18 6 16 12 20 41 8 
10 9 18 6 16 12 20 41 8 
10 9 18 6 16 12 20 41 8 
42 42 42 42 42 42 42 42 42 
;
ROBOT MOVING BEST:
0 0 0 0 0 0 0 0 0 
1 1 0 0 0 0 0 0 0 
0 1 1 0 0 0 0 0 0 
0 0 1 1 0 0 0 0 0 
1 0 0 1 0 0 0 0 0 
0 0 0 1 1 0 0 0 0 
0 0 1 0 1 0 0 0 0 
0 1 0 0 1 0 0 0 0 
0 0 0 0 1 1 0 0 0 
1 0 0 0 1 0 0 0 0 
1 0 0 0 0 0 1 0 0 
0 0 0 1 1 0 0 0 0 
0 0 0 0 0 1 1 0 0 
0 0 0 0 1 0 1 0 0 
0 0 1 0 0 0 1 0 0 
0 1 0 0 0 0 0 1 0 
0 1 0 1 0 0 0 0 0 
0 1 0 0 0 0 1 0 0 
0 0 0 1 0 0 0 1 0 
0 0 0 0 0 0 1 1 0 
0 0 0 1 0 0 1 0 0 
1 0 0 0 0 0 0 0 1 
0 0 0 1 0 0 0 0 1 
0 0 0 0 0 1 0 0 1 
0 1 1 0 0 0 0 0 0 
0 0 1 0 0 0 0 1 0 
0 0 0 0 1 0 0 0 1 
0 0 1 0 0 0 1 0 0 
0 0 1 0 0 0 0 0 1 
1 1 0 0 0 0 0 0 0 
1 0 0 0 0 0 0 1 0 
1 0 0 0 0 0 1 0 0 
0 1 0 1 0 0 0 0 0 
0 0 0 1 0 0 0 1 0 
0 1 0 0 0 1 0 0 0 
0 0 0 1 0 0 1 0 0 
0 0 0 0 0 1 0 1 0 
1 0 0 0 0 0 0 0 1 
0 0 0 0 0 1 1 0 0 
0 1 0 0 1 0 0 0 0 
0 0 0 1 0 0 0 0 1 
0 0 0 0 1 0 0 1 0 
0 0 0 0 1 0 1 0 0 
0 0 0 0 0 1 0 0 1 
1 0 1 0 0 0 0 0 0 
0 1 0 0 0 0 0 1 0 
0 0 0 0 1 0 0 0 1 
0 0 1 1 0 0 0 0 0 
0 1 0 0 0 0 1 0 0 
0 0 1 0 0 1 0 0 0 
0 0 0 0 0 0 0 1 1 
0 0 1 0 1 0 0 0 0 
1 0 0 1 0 0 0 0 0 
0 0 0 1 0 0 0 0 1 
0 0 0 0 0 0 1 0 1 
1 0 0 0 0 1 0 0 0 
0 1 0 0 0 0 0 1 0 
1 0 0 0 1 0 0 0 0 
0 0 1 1 0 0 0 0 0 
0 0 1 0 0 0 1 0 0 
0 0 0 0 0 1 0 0 1 
0 1 0 1 0 0 0 0 0 
0 1 0 0 0 0 1 0 0 
0 0 0 0 1 1 0 0 0 
0 0 0 0 1 0 0 0 1 
1 0 0 1 0 0 0 0 0 
0 0 1 0 0 0 0 0 1 
1 0 0 0 0 0 1 0 0 
0 1 0 0 0 0 0 0 1 
0 0 1 0 0 0 0 1 0 
0 1 0 0 0 0 0 1 0 
0 0 0 1 0 1 0 0 0 
0 0 0 0 0 1 1 0 0 
1 0 0 0 0 0 0 0 1 
0 0 0 1 1 0 0 0 0 
0 0 0 0 1 0 1 0 0 
1 0 1 0 0 0 0 0 0 
1 1 0 0 0 0 0 0 0 
0 0 0 0 0 1 0 0 1 
0 0 0 0 0 1 0 1 0 
0 0 0 0 1 0 0 0 1 
0 0 0 1 0 1 0 0 0 
0 0 0 0 1 0 0 1 0 
0 1 1 0 0 0 0 0 0 
1 0 0 0 0 1 0 0 0 
0 0 0 1 1 0 0 0 0 
1 0 0 0 1 0 0 0 0 
0 0 0 0 0 0 1 0 1 
0 0 0 0 0 0 1 1 0 
0 1 0 0 0 1 0 0 0 
0 0 0 1 0 1 0 0 0 
0 1 1 0 0 0 0 0 0 
0 0 0 0 1 0 0 1 0 
1 0 0 0 0 0 1 0 0 
0 0 0 0 0 1 0 0 1 
0 0 1 0 0 0 1 0 0 
0 0 0 0 0 1 0 1 0 
1 0 0 0 1 0 0 0 0 
0 0 0 0 1 0 1 0 0 
1 0 0 0 0 0 0 1 0 
0 1 0 0 0 0 1 0 0 
0 0 0 1 0 0 1 0 0 
0 0 0 0 0 1 1 0 0 
1 0 0 0 0 0 1 0 0 
0 0 0 0 0 0 1 1 0 
0 1 0 0 0 0 0 1 0 
0 0 0 1 0 0 0 1 0 
0 0 0 0 0 1 0 1 0 
0 0 0 0 0 0 0 1 1 
0 0 0 0 0 0 1 1 0 
0 1 0 0 0 0 1 0 0 
0 0 0 1 0 0 1 0 0 
0 0 0 0 0 1 1 0 0 
0 1 0 0 0 0 0 1 0 
0 0 0 1 0 0 0 1 0 
0 0 0 0 0 1 0 1 0 
0 0 0 0 0 0 1 0 1 
0 1 0 1 0 0 0 0 0 
0 1 0 0 0 1 0 0 0 
0 0 0 1 0 1 0 0 0 
0 0 0 0 0 0 0 1 1 
0 0 0 0 0 0 1 1 0 
0 1 0 0 0 0 0 0 1 
0 0 0 1 0 0 0 0 1 
0 0 0 0 1 0 1 0 0 
0 0 0 0 0 1 0 0 1 
0 1 0 0 0 0 1 0 0 
0 0 0 1 0 0 1 0 0 
0 0 0 0 0 1 1 0 0 
1 0 0 0 0 0 1 0 0 
0 0 0 0 0 0 1 0 1 
0 0 0 1 0 0 0 1 0 
1 0 1 0 0 0 0 0 0 
0 0 0 0 0 1 0 1 0 
0 1 0 1 0 0 0 0 0 
0 1 0 0 0 1 0 0 0 
1 0 0 1 0 0 0 0 0 
1 0 0 0 0 1 0 0 0 
0 0 0 0 0 0 0 1 1 
1 0 0 0 1 0 0 0 0 
0 0 1 0 0 0 1 0 0 
0 1 0 0 0 0 0 0 1 
0 0 0 1 0 0 1 0 0 
0 0 0 0 0 1 1 0 0 
1 0 0 0 0 0 0 0 1 
0 1 0 0 0 0 0 1 0 
0 0 1 0 0 0 0 1 0 
0 0 0 1 0 0 0 1 0 
0 0 0 0 0 1 0 1 0 
0 0 0 0 0 0 1 0 1 
1 1 0 0 0 0 0 0 0 
1 0 0 1 0 0 0 0 0 
1 0 0 0 0 1 0 0 0 
0 0 0 1 0 1 0 0 0 
0 0 0 0 0 0 0 1 1 
0 1 0 0 0 0 1 0 0 
1 0 0 0 0 0 0 0 1 
0 1 0 0 0 0 0 1 0 
0 0 0 1 0 0 1 0 0 
0 0 0 0 0 1 0 0 1 
0 0 0 0 0 1 1 0 0 
1 1 0 0 0 0 0 0 0 
0 1 0 0 0 1 0 0 0 
1 0 0 1 0 0 0 0 0 
1 0 0 0 0 1 0 0 0 
0 0 0 1 0 1 0 0 0 
0 1 0 0 0 0 0 0 1 
1 0 0 0 0 0 0 0 1 
0 0 0 1 0 0 0 0 1 
1 0 0 0 0 0 1 0 0 
0 0 0 1 0 0 1 0 0 
0 1 0 0 0 0 0 1 0 
0 0 0 1 0 0 0 1 0 
0 0 0 0 0 0 0 1 1 
1 0 0 1 0 0 0 0 0 
1 0 0 0 1 0 0 0 0 
1 0 0 0 0 0 0 0 1 
0 0 0 1 0 0 0 0 1 
0 0 0 0 0 1 0 0 1 
0 1 0 0 0 0 0 1 0 
0 0 0 1 0 0 1 0 0 
0 0 0 0 0 0 0 1 1 
1 1 0 0 0 0 0 0 0 
1 0 0 1 0 0 0 0 0 
0 1 0 0 0 1 0 0 0 
0 1 0 0 0 0 0 0 1 
1 0 0 0 0 0 0 0 1 
0 0 0 1 0 0 0 0 1 
0 1 0 0 0 0 0 1 0 
0 1 0 0 0 1 0 0 0 
0 1 0 0 0 0 0 0 1 
0 0 0 0 1 1 0 0 0 
0 0 0 1 0 0 0 0 1 
0 1 0 1 0 0 0 0 0 
0 0 1 0 0 1 0 0 0 
0 0 0 0 0 1 0 0 1 
0 1 0 0 0 1 0 0 0 
0 0 0 1 0 1 0 0 0 
0 0 0 1 0 0 0 1 0 
0 0 0 1 0 0 1 0 0 
0 1 0 1 0 0 0 0 0 
0 1 0 0 0 0 0 1 0 
0 0 0 0 0 1 0 0 1 
0 0 0 1 0 1 0 0 0 
0 1 0 0 0 0 0 0 1 
0 0 0 1 0 0 0 1 0 
0 1 1 0 0 0 0 0 0 
0 1 0 0 0 1 0 0 0 
0 0 0 1 0 0 1 0 0 
1 0 0 1 0 0 0 0 0 
0 1 0 0 0 0 1 0 0 
0 0 0 1 0 0 0 0 1 
0 0 1 1 0 0 0 0 0 
0 0 0 1 0 1 0 0 0 
1 0 0 0 0 0 0 0 1 
0 1 0 0 0 0 0 1 0 
0 0 0 1 1 0 0 0 0 
0 1 0 1 0 0 0 0 0 
0 0 0 1 0 0 1 0 0 
1 0 0 1 0 0 0 0 0 
0 1 0 0 0 1 0 0 0 
0 0 0 0 0 1 1 0 0 
1 0 0 0 0 0 0 0 1 
1 0 1 0 0 0 0 0 0 
0 0 0 0 0 0 1 0 1 
1 0 0 0 0 0 1 0 0 
0 0 1 0 0 0 1 0 0 
1 0 0 0 1 0 0 0 0 
0 0 0 0 0 0 1 1 0 
1 0 1 0 0 0 0 0 0 
1 0 0 0 0 0 0 1 0 
0 0 0 0 0 1 1 0 0 
0 0 0 0 0 1 0 0 1 
0 0 0 0 1 0 0 0 1 
1 0 0 0 0 1 0 0 0 
0 1 1 0 0 0 0 0 0 
0 0 0 0 0 0 1 0 1 
1 0 0 0 1 0 0 0 0 
0 1 0 0 0 0 1 0 0 
1 0 0 0 0 0 1 0 0 
1 0 0 0 0 0 0 0 1 
1 0 0 0 0 0 0 1 0 
0 0 0 0 0 1 0 0 1 
0 0 0 0 1 0 0 0 1 
0 0 0 0 0 0 1 0 1 
0 0 0 0 0 1 0 0 1 
1 0 0 0 0 0 0 0 1 
0 0 0 0 1 0 0 0 1 
0 0 0 0 0 0 1 0 1 
1 0 0 0 0 0 0 0 1 
0 0 0 0 0 1 1 0 0 
1 0 0 0 0 0 1 0 0 
0 0 0 0 1 0 1 0 0 
1 0 0 0 0 0 0 0 1 
0 0 0 1 0 0 1 0 0 
1 0 0 0 1 0 0 0 0 
1 0 0 0 0 1 0 0 0 
1 0 0 0 0 0 0 1 0 
1 0 0 1 0 0 0 0 0 
0 0 0 1 0 0 0 0 1 
0 0 0 1 0 0 1 0 0 
1 0 0 0 0 0 0 1 0 
1 1 0 0 0 0 0 0 0 
1 0 0 0 1 0 0 0 0 
1 0 0 0 0 1 0 0 0 
1 0 0 1 0 0 0 0 0 
1 0 0 0 0 0 0 1 0 
0 1 0 1 0 0 0 0 0 
0 0 0 1 1 0 0 0 0 
0 0 0 1 0 1 0 0 0 
1 1 0 0 0 0 0 0 0 
1 0 0 0 1 0 0 0 0 
0 0 0 0 0 1 0 0 1 
1 1 0 0 0 0 0 0 0 
0 0 0 1 1 0 0 0 0 
1 0 0 0 0 0 0 1 0 
0 1 0 1 0 0 0 0 0 
1 1 0 0 0 0 0 0 0 
1 0 0 0 1 0 0 0 0 
0 0 0 1 1 0 0 0 0 
0 0 0 1 0 0 0 1 0 
0 0 0 1 0 1 0 0 0 
1 0 1 0 0 0 0 0 0 
0 1 0 1 0 0 0 0 0 
0 0 0 0 1 0 1 0 0 
1 0 0 0 0 0 0 1 0 
1 0 0 0 1 0 0 0 0 
1 0 0 0 0 1 0 0 0 
0 1 0 0 0 0 1 0 0 
1 1 0 0 0 0 0 0 0 
1 0 1 0 0 0 0 0 0 
0 0 0 0 1 0 1 0 0 
0 1 0 1 0 0 0 0 0 
1 0 0 0 1 0 0 0 0 
1 0 0 0 0 0 0 1 0 
1 0 1 0 0 0 0 0 0 
1 1 0 0 0 0 0 0 0 
0 1 0 1 0 0 0 0 0 
0 0 0 0 0 1 0 0 1 
0 0 0 1 0 0 0 0 1 
0 1 0 0 0 0 0 1 0 
0 0 0 1 0 1 0 0 0 
1 0 0 0 1 0 0 0 0 
0 0 0 0 0 0 1 0 1 
0 0 0 1 0 0 1 0 0 
1 0 0 0 0 0 0 0 1 
1 0 0 0 0 1 0 0 0 
1 0 0 0 0 0 0 1 0 
1 0 0 1 0 0 0 0 0 
0 0 0 0 0 1 0 0 1 
0 0 0 1 0 0 0 0 1 
0 0 0 1 0 0 1 0 0 
1 0 0 0 1 0 0 0 0 
0 0 0 1 0 1 0 0 0 
0 1 0 0 0 0 0 1 0 
0 0 0 1 0 0 0 0 1 
1 0 0 0 0 0 0 1 0 
1 0 0 0 0 0 1 0 0 
0 1 0 0 0 0 0 1 0 
0 1 1 0 0 0 0 0 0 
0 0 0 1 0 0 1 0 0 
1 0 0 0 0 0 1 0 0 
0 0 0 1 0 1 0 0 0 
0 0 0 0 0 1 0 0 1 
1 0 0 0 0 0 0 0 1 
0 1 0 0 0 0 0 1 0 
0 0 0 0 0 1 1 0 0 
0 0 0 0 0 1 0 0 1 
0 0 0 1 0 0 0 0 1 
1 0 0 0 0 0 1 0 0 
0 0 0 1 0 1 0 0 0 
1 1 0 0 0 0 0 0 0 
1 0 0 0 0 0 0 0 1 
0 0 0 1 0 0 1 0 0 
0 0 0 1 0 0 0 0 1 
0 1 0 0 0 0 0 1 0 
1 1 0 0 0 0 0 0 0 
0 0 0 1 0 1 0 0 0 
1 0 0 0 0 0 1 0 0 
0 0 0 1 0 0 1 0 0 
0 0 0 0 0 1 1 0 0 
1 0 0 0 0 0 0 0 1 
0 0 0 1 0 0 0 0 1 
0 0 0 0 0 1 0 0 1 
0 0 0 0 0 0 1 0 1 
0 0 0 0 1 1 0 0 0 
0 0 0 1 0 0 1 0 0 
0 0 0 0 0 1 1 0 0 
1 1 0 0 0 0 0 0 0 
0 0 0 0 1 0 0 0 1 
0 0 0 1 0 0 1 0 0 
0 0 0 1 0 0 0 0 1 
0 0 0 0 0 1 1 0 0 
0 0 0 1 1 0 0 0 0 
0 1 1 0 0 0 0 0 0 
1 1 0 0 0 0 0 0 0 
0 0 0 0 0 0 1 0 1 
0 0 0 0 0 1 0 0 1 
0 0 0 0 1 0 0 0 1 
0 1 0 0 0 0 0 1 0 
0 0 1 0 0 0 0 1 0 
0 0 0 1 0 0 0 0 1 
1 1 0 0 0 0 0 0 0 
0 0 0 0 0 1 1 0 0 
0 0 0 0 0 0 1 0 1 
0 0 0 0 0 1 0 0 1 
0 0 1 0 0 1 0 0 0 
0 0 1 0 0 0 1 0 0 
0 0 0 0 0 1 0 0 1 
0 0 0 0 0 0 1 0 1 
0 1 1 0 0 0 0 0 0 
0 1 0 0 0 0 0 0 1 
1 0 0 0 0 1 0 0 0 
1 0 0 0 0 0 1 0 0 
0 0 0 0 0 1 0 0 1 
0 0 0 0 0 0 1 0 1 
0 1 0 0 0 0 0 0 1 
0 0 0 0 0 1 1 0 0 
0 1 0 0 0 1 0 0 0 
0 1 0 0 0 0 1 0 0 
0 0 0 0 0 1 0 0 1 
0 0 0 0 0 0 1 0 1 
0 1 0 0 0 0 0 0 1 
1 1 1 1 1 1 1 1 1 
;
TIMETABLE BEST: 
0.0 0.0 0.0 0.0 0.0 0.0 0.0 0.0 0.0 
10 0 0 0 0 0 0 0 0 
10 18 0 0 0 0 0 0 0 
10 18 18 0 0 0 0 0 0 
19 18 18 0 0 0 0 0 0 
19 18 18 19 0 0 0 0 0 
19 18 25 19 0 0 0 0 0 
19 18 25 19 10 0 0 0 0 
19 18 25 19 10 18 0 0 0 
19 18 25 19 10 18 0 0 0 
29 18 25 19 10 18 0 0 0 
29 18 25 19 10 18 0 0 0 
29 18 25 19 10 31 0 0 0 
29 18 25 19 33 31 0 0 0 
29 18 25 19 33 31 10 0 0 
29 18 25 19 33 31 10 18 0 
29 18 25 19 33 31 10 18 0 
29 18 25 19 33 31 19 18 0 
29 18 25 19 33 31 19 18 0 
29 18 25 19 33 31 19 18 0 
29 18 25 19 33 31 19 18 0 
29 18 25 19 33 31 19 18 10 
29 18 25 30 33 31 19 18 10 
29 18 25 30 33 31 19 18 10 
29 18 25 30 33 31 19 18 10 
29 18 25 30 33 31 19 18 10 
29 18 25 30 33 31 19 18 10 
29 18 25 30 33 31 19 18 10 
29 18 25 30 33 31 19 18 21 
29 18 25 30 33 31 19 18 21 
29 18 25 30 33 31 19 18 21 
29 18 25 30 33 31 19 18 21 
29 18 25 30 33 31 19 18 21 
29 18 25 30 33 31 19 18 21 
29 18 25 30 33 31 19 18 21 
29 18 25 30 33 31 19 18 21 
29 18 25 30 33 31 19 18 21 
29 18 25 30 33 31 19 18 21 
29 18 25 30 33 31 19 18 21 
29 18 25 30 33 31 19 18 21 
29 18 25 30 33 31 19 18 21 
29 18 25 30 33 31 19 18 21 
29 18 25 30 33 31 19 18 21 
29 18 25 30 33 31 19 18 21 
29 18 25 30 33 31 19 18 21 
29 18 25 30 33 31 19 36 21 
29 18 25 30 33 31 19 36 21 
29 18 25 30 33 31 19 36 21 
29 18 25 30 33 31 38 36 21 
29 18 25 30 33 31 38 36 21 
29 18 25 30 33 31 38 36 21 
29 18 25 30 33 31 38 36 21 
29 18 25 30 33 31 38 36 21 
29 18 25 38 33 31 38 36 21 
29 18 25 38 33 31 38 36 21 
29 18 25 38 33 31 38 36 21 
29 18 25 38 33 31 38 43 21 
29 18 25 38 33 31 38 43 21 
29 18 25 38 33 31 38 43 21 
29 18 25 38 33 31 38 43 21 
29 18 25 38 33 31 38 43 32 
29 26 25 38 33 31 38 43 32 
29 26 25 38 33 31 38 43 32 
29 26 25 38 33 31 38 43 32 
29 26 25 38 33 31 38 43 32 
29 26 25 38 33 31 38 43 32 
29 26 25 38 33 31 38 43 42 
29 26 25 38 33 31 38 43 42 
29 26 25 38 33 31 38 43 42 
29 26 25 38 33 31 38 43 42 
29 26 25 38 33 31 38 43 42 
29 26 25 38 33 31 38 43 42 
29 26 25 38 33 31 38 43 42 
29 26 25 38 33 31 38 43 42 
29 26 25 38 33 31 38 43 42 
29 26 25 38 33 31 38 43 42 
47 26 25 38 33 31 38 43 42 
47 26 25 38 33 31 38 43 42 
47 26 25 38 33 31 38 43 42 
47 26 25 38 33 31 38 43 42 
47 26 25 38 33 31 38 43 42 
47 26 25 45 33 31 38 43 42 
47 26 25 45 33 31 38 43 42 
47 52 25 45 33 31 38 43 42 
47 52 25 45 33 31 38 43 42 
47 52 25 45 33 31 38 43 42 
47 52 25 45 33 31 38 43 42 
47 52 25 45 33 31 38 43 42 
47 52 25 45 33 31 38 43 42 
47 52 25 45 33 31 38 43 42 
47 52 25 52 33 31 38 43 42 
47 52 32 52 33 31 38 43 42 
47 52 32 52 41 31 38 43 42 
47 52 32 52 41 31 38 43 42 
47 52 32 52 41 31 38 43 54 
47 52 48 52 41 31 38 43 54 
47 52 48 52 41 44 38 43 54 
47 52 48 52 41 44 38 43 54 
47 52 48 52 51 44 38 43 54 
47 52 48 52 51 44 38 43 54 
47 52 48 52 51 44 38 43 54 
47 52 48 52 51 44 38 43 54 
47 52 48 52 51 52 38 43 54 
53 52 48 52 51 52 38 43 54 
53 52 48 52 51 52 49 43 54 
53 52 48 52 51 52 49 43 54 
53 52 48 52 51 52 49 43 54 
53 52 48 52 51 52 49 43 54 
53 52 48 52 51 52 49 43 54 
53 52 48 52 51 52 49 50 54 
53 52 48 52 51 52 49 50 54 
53 52 48 52 51 52 49 50 54 
53 52 48 52 51 52 49 50 54 
53 52 48 52 51 52 49 50 54 
53 52 48 52 51 52 49 50 54 
53 52 48 52 51 52 49 50 54 
53 52 48 52 51 52 49 50 54 
53 52 48 52 51 52 49 50 54 
53 52 48 52 51 52 49 50 54 
53 52 48 52 51 52 49 50 54 
53 52 48 52 51 52 49 50 54 
53 52 48 52 51 52 55 50 54 
53 52 48 52 51 52 55 50 54 
53 52 48 52 51 52 55 50 54 
53 52 48 52 51 52 55 50 54 
53 52 48 52 51 52 55 50 54 
53 52 48 52 51 52 55 50 54 
53 52 48 52 51 52 55 50 54 
53 52 48 52 51 52 55 50 54 
53 52 48 52 51 52 55 50 54 
53 52 48 52 51 52 55 50 54 
53 52 48 60 51 52 55 50 54 
53 52 59 60 51 52 55 50 54 
53 52 59 60 51 60 55 50 54 
53 52 59 60 51 60 55 50 54 
53 52 59 60 51 60 55 50 54 
53 52 59 60 51 60 55 50 54 
53 52 59 60 51 60 55 50 54 
53 52 59 60 51 60 55 50 63 
53 52 59 60 61 60 55 50 63 
53 52 59 60 61 60 55 50 63 
53 52 59 60 61 60 55 50 63 
53 52 59 60 61 60 55 50 63 
53 52 59 60 61 60 55 50 63 
53 52 59 60 61 60 55 50 63 
53 66 59 60 61 60 55 50 63 
53 66 59 60 61 60 55 57 63 
53 66 59 60 61 60 55 57 63 
53 66 59 60 61 60 55 57 63 
53 66 59 60 61 60 55 57 63 
53 66 59 60 61 60 55 57 63 
60 66 59 60 61 60 55 57 63 
60 66 59 60 61 60 55 57 63 
60 66 59 60 61 60 55 57 63 
60 66 59 60 61 60 55 57 63 
60 66 59 60 61 60 55 57 63 
60 66 59 60 61 60 55 57 63 
60 66 59 60 61 60 55 57 63 
60 66 59 68 61 60 55 57 63 
60 66 59 68 61 60 55 57 63 
60 66 59 68 61 60 64 57 63 
60 66 59 68 61 60 64 57 63 
60 66 59 68 61 60 64 57 63 
60 66 59 68 61 60 64 57 63 
68 66 59 68 61 60 64 57 63 
68 66 59 68 61 60 64 57 63 
68 66 59 68 61 60 64 57 63 
68 66 59 68 61 60 64 57 63 
68 66 59 68 61 60 64 57 63 
68 66 59 68 61 60 64 57 63 
68 66 59 68 61 60 64 57 63 
68 76 59 68 61 60 64 57 63 
68 76 59 68 61 60 64 64 63 
68 76 59 68 61 60 64 64 69 
68 76 59 68 61 60 64 64 69 
68 76 59 68 69 60 64 64 69 
68 76 59 68 69 60 64 64 69 
68 76 59 68 69 60 64 64 69 
68 76 59 68 69 68 64 64 69 
68 76 59 68 69 68 64 64 69 
68 76 59 76 69 68 64 64 69 
68 76 59 76 69 68 64 74 69 
68 76 59 76 69 68 64 74 69 
68 76 59 76 69 68 64 74 69 
68 76 59 76 69 68 64 74 69 
68 76 59 76 69 68 64 74 69 
77 76 59 76 69 68 64 74 69 
77 76 59 76 69 68 64 74 69 
77 76 59 76 69 68 64 74 69 
77 76 59 76 69 75 64 74 69 
77 76 59 76 69 75 64 74 75 
77 76 59 76 69 82 64 74 75 
77 76 59 76 69 82 64 74 75 
77 76 59 76 69 82 64 74 75 
77 76 70 76 69 82 64 74 75 
77 76 70 76 69 82 64 74 75 
77 76 70 76 69 82 64 74 75 
77 76 70 76 69 82 64 74 75 
77 76 70 84 69 82 64 74 75 
77 76 70 84 69 82 75 74 75 
77 76 70 84 69 82 75 74 75 
77 86 70 84 69 82 75 74 75 
77 86 70 84 69 82 75 74 81 
77 86 70 84 69 82 75 74 81 
77 86 70 84 69 82 75 74 81 
77 86 70 93 69 82 75 74 81 
77 86 82 93 69 82 75 74 81 
77 86 82 93 69 82 75 74 81 
77 86 82 93 69 82 75 74 81 
77 86 82 93 69 82 75 74 81 
77 86 82 93 69 82 86 74 81 
77 86 82 93 69 82 86 74 81 
77 86 82 93 69 82 86 74 81 
77 86 82 93 69 82 86 74 81 
77 86 82 93 69 82 86 74 99 
77 86 82 93 69 82 86 90 99 
77 86 82 93 83 82 86 90 99 
77 86 82 93 83 82 86 90 99 
77 86 82 93 83 82 86 90 99 
77 86 82 103 83 82 86 90 99 
77 86 82 103 83 94 86 90 99 
77 86 82 103 83 94 86 90 99 
83 86 82 103 83 94 86 90 99 
103 86 82 103 83 94 86 90 99 
103 86 82 103 83 94 86 90 99 
103 86 82 103 83 94 86 90 99 
103 86 90 103 83 94 99 90 99 
103 86 90 103 89 94 99 90 99 
103 86 90 103 89 94 99 90 99 
103 86 90 103 89 94 99 90 99 
103 86 90 103 89 94 99 90 99 
103 86 90 103 89 94 99 90 99 
103 86 90 103 89 94 99 90 99 
103 86 90 103 96 94 99 90 99 
103 86 90 103 96 94 99 90 99 
103 86 111 103 96 94 99 90 99 
103 86 111 103 96 94 99 90 99 
103 86 111 103 96 94 99 90 99 
103 102 111 103 96 94 99 90 99 
103 102 111 103 96 94 99 90 99 
103 102 111 103 96 94 99 90 99 
103 102 111 103 96 94 99 101 99 
103 102 111 103 96 94 99 101 113 
103 102 111 103 96 94 99 101 113 
103 102 111 103 96 94 99 101 113 
103 102 111 103 96 102 99 101 113 
103 102 111 103 96 102 99 101 113 
103 102 111 103 103 102 99 101 113 
103 102 111 103 103 102 113 101 113 
103 102 111 103 103 102 113 101 127 
103 102 111 103 103 102 135 101 127 
103 102 111 103 103 102 135 101 127 
103 102 111 103 103 102 135 101 127 
115 102 111 103 103 102 135 101 127 
115 102 111 103 103 102 141 101 127 
137 102 111 103 110 102 141 101 127 
137 102 111 103 110 110 141 101 127 
150 102 111 103 110 110 141 101 127 
150 102 111 103 110 110 141 101 127 
150 102 111 115 110 110 141 101 139 
150 102 111 115 110 110 141 101 139 
150 102 111 115 110 110 141 107 139 
150 110 111 115 110 110 141 107 139 
150 110 111 115 110 110 141 107 139 
150 110 111 115 110 110 141 107 139 
150 110 111 115 110 110 141 107 139 
150 110 111 115 110 110 141 116 139 
150 110 111 156 110 110 141 116 139 
150 110 111 156 110 110 141 116 139 
150 110 111 156 110 110 141 116 139 
150 117 111 156 110 110 141 116 139 
150 117 111 156 118 110 141 116 139 
150 117 111 156 118 119 141 116 152 
150 123 111 156 118 119 141 116 152 
150 123 111 156 118 119 141 116 152 
150 123 111 156 118 119 141 128 152 
150 123 111 156 118 119 141 128 152 
150 132 111 156 118 119 141 128 152 
164 132 111 156 118 119 141 128 152 
164 132 111 156 129 119 141 128 152 
164 132 111 156 129 119 141 128 152 
164 132 111 156 129 129 141 128 152 
164 132 124 156 129 129 141 128 152 
164 132 124 156 129 129 141 128 152 
164 132 124 156 129 129 161 128 152 
164 132 124 156 129 129 161 128 152 
164 132 124 156 129 129 161 128 152 
164 132 124 156 129 129 161 128 152 
164 132 124 156 129 129 161 128 152 
164 132 124 156 129 129 161 128 152 
164 132 132 156 129 129 161 128 152 
164 132 132 156 135 129 161 128 152 
164 141 132 156 135 129 161 128 152 
164 141 132 156 135 129 161 128 152 
164 141 132 156 135 129 161 139 152 
164 141 140 156 135 129 161 139 152 
164 141 140 156 135 129 161 139 152 
164 149 140 156 135 129 161 139 152 
164 149 140 156 135 155 161 139 152 
164 149 140 156 135 155 161 139 152 
164 171 140 156 135 155 161 139 152 
164 171 140 156 135 155 161 139 152 
164 171 140 156 148 155 161 139 152 
164 171 140 156 148 155 161 139 152 
164 171 140 156 148 155 161 139 152 
164 171 140 156 148 155 161 139 152 
164 171 140 156 148 155 161 139 152 
164 171 140 156 148 155 161 155 152 
164 171 140 156 148 155 161 155 152 
164 171 140 156 148 155 161 155 165 
164 171 140 156 148 155 161 155 165 
164 171 140 156 148 155 168 155 165 
164 171 140 156 160 155 168 155 165 
164 171 140 156 160 169 168 155 165 
164 171 140 156 160 169 168 155 165 
164 171 140 156 160 169 168 155 171 
164 171 140 156 160 169 168 165 171 
164 171 140 156 160 169 168 165 171 
164 171 140 156 160 169 168 165 171 
164 171 166 156 160 169 168 165 171 
164 171 166 170 160 169 168 165 171 
164 171 166 170 160 169 175 165 171 
164 171 166 170 160 169 175 165 171 
164 171 166 170 160 169 175 165 171 
164 171 166 170 160 169 175 165 177 
164 171 166 170 160 169 175 173 177 
164 171 166 170 160 169 175 173 177 
164 171 166 170 160 169 175 173 177 
164 171 166 170 160 169 175 173 177 
164 171 166 170 160 169 185 173 177 
164 171 166 170 160 183 185 173 177 
164 190 166 170 160 183 185 173 177 
164 190 166 170 160 183 185 173 190 
164 190 166 170 160 183 185 173 190 
164 190 166 170 160 183 185 173 190 
164 190 166 170 160 183 185 173 190 
164 200 166 170 160 183 185 173 190 
164 200 166 183 160 183 185 173 190 
182 200 166 183 160 183 185 173 190 
182 200 166 183 160 183 185 173 190 
182 200 166 183 160 183 185 173 190 
182 200 166 183 160 183 185 173 190 
182 200 166 183 160 183 185 173 190 
182 200 166 183 160 183 185 173 190 
182 200 166 183 160 183 185 173 190 
182 200 166 183 193 183 185 173 190 
182 200 166 183 193 183 195 173 190 
182 200 166 183 193 183 195 173 190 
182 200 166 183 193 183 195 173 190 
182 200 166 183 193 183 195 173 190 
182 200 166 183 193 183 202 173 190 
182 200 166 195 193 183 202 173 190 
182 200 166 195 193 183 202 173 190 
182 200 166 195 193 183 202 173 190 
182 210 179 195 193 183 202 173 190 
182 210 179 195 193 183 202 173 190 
182 210 179 195 193 183 202 173 190 
182 210 179 195 193 203 202 173 190 
182 210 179 195 193 203 202 173 203 
182 210 179 195 193 203 202 187 203 
182 210 201 195 193 203 202 196 203 
182 210 201 195 193 203 202 196 203 
182 219 201 195 193 203 202 196 203 
182 219 201 195 193 203 202 196 203 
182 219 201 195 193 203 202 196 203 
182 219 201 195 193 203 202 196 203 
182 219 201 195 193 216 202 196 203 
182 219 201 195 193 216 216 196 203 
182 219 201 195 193 216 216 196 203 
182 219 201 195 193 216 216 196 203 
182 219 201 195 193 216 216 196 203 
182 219 201 195 193 216 216 196 203 
212 219 201 195 193 216 216 196 203 
212 219 201 195 193 216 216 196 203 
212 219 201 195 193 216 216 196 213 
212 219 201 195 193 216 216 196 213 
212 219 201 195 193 216 216 196 213 
212 219 201 195 193 216 216 196 213 
212 219 201 195 193 216 216 196 213 
212 219 201 195 193 216 216 196 213 
212 219 201 195 193 216 216 196 220 
212 219 201 195 193 216 216 196 220 
212 219 201 195 193 216 216 196 220 
284.0 268.0 228.0 280.0 282.0 272.0 262.0 206.0 280.0 
;
EXECUTION TIME HBSS: 13813.373853 seconds 

-------------------------------------------------------------------

405 414 414 398 403 414 405 408 392 
415 414 414 398 403 414 415 408 392 
415 415 414 398 403 414 415 408 392 
415 415 414 398 403 415 415 408 392 
415 416 414 398 403 415 415 416 392 
415 416 414 398 403 416 415 416 392 
415 416 414 398 403 416 416 416 392 
415 418 414 398 403 416 416 416 418 
415 418 414 398 418 416 416 416 418 
415 424 414 424 418 416 416 416 418 
415 424 414 424 424 416 416 416 418 
415 424 414 424 424 416 424 424 418 
415 426 426 424 424 416 424 424 418 
415 426 426 424 426 416 424 424 418 
428 426 426 424 426 416 428 424 418 
437 426 426 424 426 416 437 424 418 
437 437 426 424 426 416 437 424 418 
437 437 426 424 438 416 437 438 418 
437 437 426 424 438 416 446 446 418 
447 437 426 424 438 416 447 446 418 
454 437 426 424 438 416 454 446 418 
457 437 426 424 438 457 454 446 418 
463 437 426 424 438 457 463 446 418 
463 437 426 424 438 463 463 446 418 
463 437 426 424 438 463 464 464 418 
463 437 426 424 438 463 473 473 418 
476 437 426 424 438 476 473 473 418 
476 476 426 424 438 476 473 473 418 
476 476 426 476 438 476 473 473 418 
476 476 426 476 438 476 476 473 418 
476 476 426 476 438 476 476 476 418 
476 476 426 476 438 485 485 476 418 
476 476 426 476 438 485 485 476 485 
536.0 545.0 486.0 535.0 536.0 541.0 534.0 503.0 531.0 
;
EXECUTION TIME HBSS: 17822.3982739 seconds 

-------------------------------------------------------------------
