DATFILE : offices1_6r_250.dat
ENVIRONMENT : office
ALGORITHM : HBSS - TAU 3
RANGE : 250
STARTING_POS : 42
N_ROBOTS : 6
GREEDY SOLUTION : [ 3220.]
COMPUTATIONS D :
3460
3086
3494
3390
3552
3152
3286
3232
3158
3454
3096
3288
3378
3044
3172
2900
3128
3158
3374
3348
2948
3222
3136
3320
3210
2952
3486
3006
3410
3400
3488
3422
3338
3144
3118
3326
3276
3156
3280
3286
3500
3298
3268
3032
2892
3156
3104
3132
3142
3206
2986
3254
3072
3288
2918
3252
2948
3194
3312
3292
3328
3454
3224
3080
3050
3204
3438
3280
3190
3178
3562
3280
3228
3028
3012
3038
3144
3088
2920
3366
3424
3194
3080
3218
3128
3296
3334
3168
3058
2944
3152
3262
3376
3260
3474
2952
3386
3178
3020
3340
3348
3062
3048
3402
3408
3348
3080
3012
3368
2852
3238
3138
3244
3296
3090
3198
3320
3326
3078
3168
3078
3464
3104
3324
3174
3120
3016
3238
3218
3284
2960
3022
3296
3356
3258
3186
3134
3284
3306
3310
3170
3224
3090
3180
3332
3162
3012
3106
3268
3378
3176
3080
2720
3416
3012
2930
3448
3148
3388
3512
3172
2976
3170
3250
3332
3152
3260
3090
3062
3234
3034
3200
3768
3268
3370
2926
2942
3112
3170
3482
3138
2994
3622
2962
3090
3390
3200
3314
2992
3412
3256
3276
3004
3364
3182
3086
3118
3420
3352
3406
;
HBBS sumD : 2720
BEST_CONFIGURATIONS : 
42 42 42 42 42 42 
41 42 42 42 42 42 
41 5 42 42 42 42 
41 5 24 42 42 42 
36 5 24 42 42 42 
36 5 24 40 42 42 
36 5 4 40 42 42 
36 5 4 40 41 42 
36 5 4 40 41 41 
36 5 4 40 41 41 
36 5 4 40 41 41 
36 24 4 40 41 41 
36 24 4 40 41 41 
35 24 4 40 41 41 
35 24 4 40 18 41 
35 24 4 39 18 41 
35 24 4 39 18 36 
35 24 4 39 18 36 
35 24 4 39 18 36 
35 24 4 39 18 36 
35 24 4 39 18 36 
35 24 4 39 18 36 
35 24 4 39 18 36 
35 5 4 39 18 36 
35 5 4 39 18 36 
34 5 4 39 18 36 
34 5 3 39 18 36 
34 5 3 39 18 35 
34 5 3 39 18 35 
34 5 3 39 18 35 
34 5 3 39 18 35 
34 5 3 39 18 35 
34 5 3 39 18 35 
34 5 3 39 18 34 
34 5 3 39 18 34 
34 5 3 39 18 34 
34 24 3 39 18 34 
34 24 3 40 18 34 
33 24 3 40 18 34 
33 24 3 40 18 34 
33 24 3 40 18 34 
33 24 3 40 18 34 
33 24 3 40 18 34 
33 24 3 40 18 34 
33 24 3 40 18 34 
33 24 3 40 18 34 
33 24 3 40 18 34 
33 24 3 40 18 35 
33 24 3 40 18 35 
33 24 3 40 18 35 
33 24 3 40 18 35 
33 24 3 40 41 35 
33 24 3 40 41 35 
33 4 3 40 41 35 
33 4 3 40 41 35 
33 4 3 40 41 35 
33 4 3 40 41 35 
33 4 23 40 41 35 
33 4 23 40 41 35 
32 4 23 40 41 35 
32 4 23 40 41 35 
32 4 23 40 41 35 
32 4 2 40 41 35 
32 4 2 40 41 34 
27 4 2 40 41 34 
27 4 2 40 41 34 
27 5 2 40 41 34 
27 5 2 39 40 34 
27 5 2 39 40 34 
27 5 2 39 40 34 
27 5 2 39 40 34 
27 5 2 26 40 34 
27 5 2 26 40 34 
27 5 2 26 40 34 
27 5 23 26 40 34 
27 5 23 26 40 34 
27 5 23 26 40 34 
32 5 23 26 40 34 
32 5 23 26 40 35 
32 5 23 26 40 35 
32 5 23 26 40 35 
32 5 23 27 40 35 
32 5 23 27 40 35 
32 5 23 27 40 35 
32 5 23 27 40 35 
32 5 23 27 40 35 
32 5 2 27 40 35 
32 5 2 27 39 35 
32 5 2 27 39 35 
32 5 2 27 39 36 
32 24 2 27 39 36 
32 24 2 27 39 36 
32 24 2 27 39 36 
33 24 2 27 39 36 
33 24 2 26 39 36 
33 24 2 26 39 36 
33 24 2 26 39 36 
33 24 2 26 39 36 
33 24 2 26 39 36 
33 24 2 26 39 36 
33 24 2 26 39 36 
33 24 23 26 39 36 
33 24 23 26 39 36 
33 24 23 38 39 36 
33 5 23 38 39 36 
33 5 23 38 39 36 
33 5 23 38 39 36 
33 5 1 38 39 36 
33 5 1 38 26 36 
33 5 1 38 26 36 
32 5 1 38 26 36 
32 5 1 38 27 36 
32 5 1 38 27 34 
32 5 1 38 27 34 
32 5 1 38 31 34 
32 5 1 38 31 34 
32 5 1 37 31 34 
32 5 1 37 31 34 
32 5 1 37 31 34 
32 24 1 37 31 34 
32 24 1 37 31 33 
32 4 1 37 31 33 
27 4 1 37 31 33 
27 4 1 37 31 33 
27 4 1 37 31 33 
27 4 1 37 31 33 
27 4 1 37 31 33 
27 4 1 37 31 33 
27 4 1 37 31 33 
27 4 1 37 31 33 
27 4 1 43 31 33 
26 4 1 43 31 33 
26 4 1 43 31 33 
26 4 1 43 31 33 
26 4 1 43 30 33 
26 4 1 43 30 33 
26 4 1 43 30 33 
26 4 23 43 30 33 
26 4 23 43 30 33 
26 4 23 43 30 33 
26 4 23 43 30 33 
26 4 23 43 30 33 
26 4 23 43 30 33 
26 4 23 37 30 33 
26 4 2 37 30 33 
26 4 2 37 29 33 
26 3 2 37 29 33 
26 3 2 37 29 33 
23 3 2 37 29 33 
23 3 2 37 29 33 
23 3 2 37 29 33 
23 3 2 37 29 32 
23 3 2 37 29 32 
23 3 2 37 29 32 
23 3 2 37 29 32 
23 3 2 37 29 32 
23 3 2 38 29 32 
23 3 2 38 29 32 
23 3 2 38 29 27 
23 3 2 38 29 27 
23 3 2 38 29 27 
23 3 2 38 29 27 
23 3 2 38 29 31 
23 3 2 38 30 31 
23 3 2 38 30 31 
1 3 2 38 30 31 
1 3 2 38 30 31 
1 3 2 38 30 31 
1 3 2 38 30 31 
1 3 2 38 30 31 
1 3 23 38 30 31 
1 3 23 38 30 31 
0 3 23 38 30 31 
0 3 23 37 30 31 
0 3 23 37 30 27 
0 3 39 37 30 27 
0 3 39 37 30 27 
0 3 39 37 30 32 
0 3 39 37 30 32 
0 3 39 37 29 32 
0 3 39 37 29 32 
0 23 39 37 29 32 
0 23 39 43 29 32 
0 23 39 43 29 32 
0 23 39 43 29 32 
0 23 39 43 28 32 
0 23 39 43 28 32 
0 23 39 43 28 32 
0 2 39 43 28 32 
0 2 39 43 28 32 
0 2 26 43 28 32 
0 2 26 43 28 32 
0 2 26 43 28 32 
0 2 26 43 28 27 
0 2 26 43 28 27 
0 2 26 37 28 27 
0 2 26 37 28 27 
25 2 26 37 28 27 
25 2 26 37 28 27 
25 2 26 37 28 27 
25 2 26 37 28 27 
25 2 38 37 28 27 
25 2 38 37 28 27 
25 2 38 37 28 27 
25 2 38 37 28 31 
25 23 38 37 28 31 
25 23 38 37 17 31 
25 23 38 43 17 31 
25 23 38 43 17 31 
25 23 38 43 17 31 
25 23 38 43 17 31 
25 23 38 43 17 31 
25 23 38 43 17 31 
25 23 38 43 17 31 
25 1 38 43 17 31 
25 1 38 43 17 31 
25 1 37 43 17 31 
25 1 37 43 17 30 
25 1 37 43 17 30 
25 1 37 43 19 30 
25 1 37 43 19 29 
25 1 37 28 19 29 
0 1 37 28 19 29 
0 1 37 28 19 29 
0 1 37 28 19 29 
0 1 37 28 19 29 
0 1 38 28 19 29 
0 1 38 28 19 29 
0 25 38 28 19 29 
0 25 38 28 19 29 
0 25 38 28 19 30 
0 25 38 17 19 30 
0 25 38 17 19 30 
0 25 38 17 19 31 
0 25 26 17 19 31 
0 25 26 17 19 31 
0 25 26 17 16 31 
0 25 27 17 16 31 
0 25 27 17 16 31 
0 25 27 28 16 31 
0 25 27 28 16 31 
0 25 27 29 16 31 
0 25 30 29 16 31 
39 25 30 29 16 31 
39 25 30 29 16 31 
39 25 30 29 22 31 
39 25 30 29 22 30 
39 25 30 29 22 30 
39 25 30 29 22 30 
39 43 30 29 15 30 
39 43 30 29 15 30 
39 17 30 29 15 30 
39 17 30 29 15 30 
39 17 30 29 15 30 
39 17 30 28 15 30 
26 17 30 28 15 30 
27 17 30 28 15 30 
27 17 30 28 15 31 
27 17 30 28 15 31 
27 17 30 28 15 31 
32 17 30 28 15 31 
32 17 30 28 13 31 
32 17 30 28 13 31 
32 17 29 28 13 31 
32 17 29 28 13 31 
32 17 29 28 13 31 
32 17 29 28 13 27 
33 17 29 28 13 27 
33 17 29 28 13 26 
33 17 29 6 13 26 
33 17 29 6 14 26 
33 17 30 6 14 26 
33 17 30 6 14 26 
33 19 30 6 14 26 
33 19 30 6 14 26 
33 19 30 6 14 26 
33 22 30 6 14 27 
34 22 30 6 14 27 
34 22 31 6 14 27 
34 22 31 6 14 27 
34 22 31 6 14 32 
34 22 31 6 14 32 
34 22 31 6 14 32 
35 22 31 6 14 32 
35 22 31 6 14 32 
35 22 17 6 14 32 
35 7 17 6 14 32 
35 7 17 6 14 32 
35 7 17 6 14 32 
35 7 17 6 14 39 
35 7 17 6 15 39 
35 7 17 22 15 39 
35 7 19 22 15 39 
35 7 19 22 15 39 
35 7 19 22 15 39 
33 7 19 22 15 39 
33 7 19 22 15 39 
33 7 19 10 15 39 
33 7 19 10 15 39 
33 21 19 10 15 39 
33 21 19 10 15 39 
33 21 19 10 15 38 
33 21 19 10 15 38 
32 21 19 10 15 38 
32 21 16 10 15 38 
32 21 16 10 15 37 
32 11 16 10 15 37 
32 11 16 10 15 37 
32 11 16 10 22 37 
32 11 16 10 6 37 
32 11 16 10 6 37 
27 11 16 21 6 37 
27 11 16 21 6 37 
27 11 16 21 6 37 
27 11 16 21 6 37 
27 11 16 21 6 37 
27 11 16 21 6 37 
27 11 16 8 6 37 
27 11 22 8 6 37 
27 11 7 8 6 37 
27 10 7 8 6 37 
27 10 7 8 6 37 
34 10 7 20 6 37 
35 10 7 20 6 37 
35 10 7 20 6 37 
35 10 7 20 16 19 
35 10 7 20 16 19 
35 10 22 20 16 19 
36 10 22 20 16 19 
36 11 22 20 16 19 
36 21 22 20 16 19 
36 21 22 8 16 19 
36 21 14 8 16 19 
36 21 14 8 16 19 
36 21 14 8 16 19 
36 21 14 8 22 19 
36 21 14 8 22 19 
36 21 14 8 22 7 
36 21 13 8 22 7 
36 12 13 8 22 7 
36 12 13 8 15 7 
18 12 13 12 15 7 
18 20 13 12 15 7 
18 20 13 9 15 7 
18 20 13 9 15 7 
18 20 13 9 15 22 
20 20 13 9 15 22 
20 20 13 9 14 22 
20 20 13 9 14 22 
20 20 13 9 14 10 
20 20 13 9 14 10 
20 20 13 9 14 10 
20 12 13 9 14 10 
20 12 13 9 14 10 
20 12 13 9 14 10 
21 12 13 9 14 10 
21 12 13 9 14 10 
21 12 13 9 14 10 
21 12 13 9 14 10 
21 12 13 9 14 10 
21 12 15 9 14 10 
21 12 15 9 14 10 
21 12 15 9 14 11 
8 12 15 9 14 11 
8 12 15 9 14 11 
8 12 15 9 14 11 
8 12 15 20 14 11 
21 12 15 20 14 11 
21 12 15 20 13 11 
21 8 15 20 13 11 
21 8 16 20 13 11 
21 8 16 35 13 11 
21 8 16 34 13 11 
21 40 16 34 13 11 
21 40 16 34 13 38 
21 40 16 23 13 38 
21 39 16 23 13 38 
42 39 34 23 13 38 
42 39 34 3 13 38 
42 39 35 3 13 38 
5 39 35 3 13 38 
5 39 35 24 13 38 
5 39 35 24 13 4 
42 42 42 42 42 42 
;
ROBOT MOVING BEST:
0 0 0 0 0 0 
1 1 0 0 0 0 
0 1 1 0 0 0 
0 0 1 1 0 0 
1 0 0 0 1 0 
0 0 0 1 1 0 
0 0 1 0 1 0 
0 1 0 0 1 0 
0 0 1 0 0 1 
1 0 0 0 1 0 
0 0 0 1 1 0 
0 1 0 0 1 0 
1 0 0 1 0 0 
1 0 0 0 1 0 
0 0 0 0 1 1 
0 0 0 1 0 1 
0 0 1 0 0 1 
0 1 0 0 0 1 
1 0 0 0 0 1 
0 0 0 1 0 1 
0 0 0 0 1 1 
0 1 1 0 0 0 
1 0 1 0 0 0 
0 1 0 0 0 1 
0 0 1 1 0 0 
1 0 0 0 0 1 
0 0 1 0 0 1 
0 0 0 0 1 1 
0 0 0 1 0 1 
0 1 0 0 0 1 
0 1 0 1 0 0 
1 0 0 0 1 0 
1 0 0 0 0 1 
0 1 0 0 0 1 
1 0 0 1 0 0 
0 0 1 1 0 0 
0 1 0 1 0 0 
0 0 0 1 1 0 
1 0 0 0 1 0 
0 0 1 0 0 1 
0 0 0 1 0 1 
0 1 0 0 0 1 
0 0 1 1 0 0 
0 1 1 0 0 0 
1 0 0 0 0 1 
0 1 0 1 0 0 
1 0 1 0 0 0 
0 0 1 0 0 1 
0 0 0 1 0 1 
0 1 0 0 0 1 
1 0 0 1 0 0 
0 0 1 0 1 0 
1 1 0 0 0 0 
0 1 1 0 0 0 
0 1 0 1 0 0 
1 0 0 0 0 1 
1 0 0 0 1 0 
0 0 1 1 0 0 
1 1 0 0 0 0 
1 0 0 1 0 0 
1 0 0 0 0 1 
0 0 1 0 0 1 
0 0 1 1 0 0 
0 0 0 0 1 1 
1 0 0 1 0 0 
0 1 0 0 0 1 
0 1 0 1 0 0 
0 0 0 1 1 0 
1 0 0 1 0 0 
0 0 1 1 0 0 
0 0 1 0 0 1 
0 0 0 1 0 1 
1 0 0 0 0 1 
0 0 1 1 0 0 
0 0 1 0 0 1 
0 0 0 1 1 0 
1 0 0 1 0 0 
1 0 0 0 0 1 
0 0 0 1 0 1 
0 0 1 1 0 0 
1 0 0 1 0 0 
0 0 0 1 0 1 
0 0 1 1 0 0 
0 1 1 0 0 0 
1 0 1 0 0 0 
1 0 0 1 0 0 
0 0 1 0 0 1 
1 0 0 0 1 0 
0 1 1 0 0 0 
1 0 0 0 0 1 
1 1 0 0 0 0 
1 0 1 0 0 0 
0 0 1 1 0 0 
1 0 0 1 0 0 
0 0 0 1 1 0 
0 1 1 0 0 0 
1 0 0 0 1 0 
0 1 0 1 0 0 
1 0 0 0 0 1 
1 0 1 0 0 0 
1 0 0 1 0 0 
0 0 1 0 1 0 
0 1 1 0 0 0 
0 0 0 1 1 0 
1 1 0 0 0 0 
1 0 0 1 0 0 
1 0 1 0 0 0 
0 0 1 0 1 0 
0 0 0 1 1 0 
1 0 1 0 0 0 
1 0 0 1 0 0 
0 0 0 1 1 0 
0 0 0 1 0 1 
0 0 1 1 0 0 
0 0 0 1 1 0 
1 0 1 0 0 0 
1 0 0 1 0 0 
0 0 0 0 1 1 
1 0 0 0 1 0 
0 1 1 0 0 0 
1 0 0 0 0 1 
1 1 0 0 0 0 
1 0 1 0 0 0 
0 0 1 1 0 0 
1 0 0 1 0 0 
0 0 1 0 1 0 
1 0 0 0 1 0 
0 0 0 1 1 0 
0 1 1 0 0 0 
0 0 0 0 1 1 
0 0 1 1 0 0 
1 0 1 0 0 0 
0 0 0 1 1 0 
1 0 0 0 1 0 
0 0 1 0 1 0 
1 1 0 0 0 0 
0 0 0 0 1 1 
0 1 1 0 0 0 
0 0 0 1 1 0 
1 0 0 1 0 0 
0 0 1 1 0 0 
1 0 0 0 1 0 
0 0 1 0 1 0 
1 0 0 1 0 0 
0 1 1 0 0 0 
0 0 0 0 1 1 
1 1 0 0 0 0 
1 0 0 0 1 0 
1 0 0 1 0 0 
0 0 0 1 1 0 
0 0 1 1 0 0 
0 0 0 0 1 1 
0 1 0 0 0 1 
1 1 0 0 0 0 
1 0 0 0 1 0 
1 0 1 0 0 0 
1 0 0 1 0 0 
0 1 1 0 0 0 
0 0 0 0 1 1 
0 1 0 0 0 1 
0 0 1 1 0 0 
0 0 0 1 1 0 
1 0 0 0 0 1 
0 0 1 0 1 0 
0 1 0 1 0 0 
1 0 1 0 0 0 
1 1 0 0 0 0 
0 0 1 0 0 1 
0 0 0 1 1 0 
0 1 0 0 0 1 
1 0 1 0 0 0 
0 0 0 0 1 1 
1 1 0 0 0 0 
0 0 0 1 1 0 
0 0 0 0 1 1 
0 0 1 0 1 0 
0 0 1 1 0 0 
0 0 0 0 1 1 
1 0 0 0 1 0 
0 0 1 0 1 0 
1 0 0 1 0 0 
1 1 0 0 0 0 
0 0 0 1 1 0 
1 0 1 0 0 0 
1 0 0 0 1 0 
0 1 0 0 1 0 
1 0 0 1 0 0 
1 0 0 0 0 1 
1 1 0 0 0 0 
0 0 0 1 1 0 
1 0 1 0 0 0 
1 0 0 0 1 0 
0 0 0 0 1 1 
1 0 0 0 0 1 
0 0 1 0 1 0 
0 0 0 1 1 0 
0 0 0 0 1 1 
1 1 0 0 0 0 
1 0 1 0 0 0 
1 0 0 0 1 0 
1 0 0 1 0 0 
0 0 1 1 0 0 
0 0 1 0 1 0 
1 0 0 0 0 1 
0 0 0 0 1 1 
1 1 0 0 0 0 
0 0 0 1 1 0 
1 0 0 1 0 0 
0 0 1 1 0 0 
1 0 1 0 0 0 
1 0 0 0 0 1 
0 0 0 1 1 0 
1 0 0 0 1 0 
0 0 1 0 1 0 
1 1 0 0 0 0 
0 0 0 0 1 1 
0 0 1 1 0 0 
1 0 0 0 0 1 
0 0 0 0 1 1 
0 0 0 1 1 0 
1 0 0 0 0 1 
0 1 0 1 0 0 
1 1 0 0 0 0 
0 1 0 0 0 1 
0 0 0 1 1 0 
0 0 1 0 1 0 
1 0 1 0 0 0 
0 0 0 1 0 1 
1 1 0 0 0 0 
0 0 0 0 1 1 
0 0 0 1 0 1 
0 0 0 1 1 0 
0 0 0 0 1 1 
1 0 0 0 0 1 
0 0 1 1 0 0 
0 0 0 0 1 1 
0 0 0 1 1 0 
0 0 1 1 0 0 
0 0 1 0 1 0 
0 0 0 1 1 0 
0 0 0 0 1 1 
0 0 0 1 1 0 
0 0 1 0 1 0 
1 0 0 0 0 1 
0 0 0 1 0 1 
0 0 0 0 1 1 
0 0 0 1 0 1 
0 0 0 1 1 0 
0 0 0 0 1 1 
0 1 0 0 1 0 
1 0 0 0 1 0 
0 1 0 1 0 0 
0 0 0 1 1 0 
0 0 0 0 1 1 
0 1 0 1 0 0 
1 0 0 0 1 0 
1 0 0 0 1 0 
0 0 0 0 1 1 
0 0 0 1 1 0 
0 1 0 0 1 0 
1 0 0 0 1 0 
0 0 1 0 1 0 
0 0 0 0 1 1 
0 0 1 0 1 0 
0 1 0 0 1 0 
1 0 0 0 1 0 
0 0 0 0 1 1 
1 0 0 0 1 0 
0 0 0 0 1 1 
0 1 0 1 0 0 
0 0 1 0 1 0 
0 0 1 0 1 0 
0 1 0 0 1 0 
0 1 0 1 0 0 
0 0 0 0 1 1 
1 0 0 0 1 0 
0 1 0 0 0 1 
1 0 0 0 1 0 
0 0 1 0 1 0 
0 0 0 0 1 1 
0 0 0 0 1 1 
0 1 0 1 0 0 
0 0 0 1 1 0 
1 0 0 0 1 0 
0 1 0 0 1 0 
0 1 1 0 0 0 
0 1 0 1 0 0 
0 1 0 0 1 0 
0 1 1 0 0 0 
0 0 0 0 1 1 
0 0 0 1 1 0 
0 1 0 1 0 0 
0 0 1 1 0 0 
0 1 1 0 0 0 
0 1 0 0 1 0 
1 0 0 0 1 0 
0 0 0 1 1 0 
0 1 0 1 0 0 
0 0 1 0 1 0 
1 1 0 0 0 0 
0 0 0 1 1 0 
0 0 0 0 1 1 
0 1 0 0 1 0 
1 1 0 0 0 0 
0 0 1 0 1 0 
0 0 0 0 1 1 
0 1 0 0 1 0 
0 0 1 1 0 0 
0 0 0 1 1 0 
0 0 0 1 1 0 
0 1 0 1 0 0 
1 0 0 1 0 0 
0 1 1 0 0 0 
0 1 0 1 0 0 
0 0 1 0 1 0 
0 1 0 0 1 0 
0 0 0 1 1 0 
0 1 0 1 0 0 
0 1 1 0 0 0 
0 1 1 0 0 0 
0 1 0 1 0 0 
0 0 1 1 0 0 
1 0 0 1 0 0 
1 0 0 1 0 0 
0 1 0 1 0 0 
0 0 0 0 1 1 
0 0 1 0 1 0 
0 0 1 0 1 0 
1 0 0 1 0 0 
0 1 0 1 0 0 
0 1 0 1 0 0 
0 0 1 1 0 0 
0 1 1 0 0 0 
0 0 1 0 1 0 
0 1 0 1 0 0 
0 1 0 0 1 0 
0 0 1 1 0 0 
0 1 0 0 0 1 
1 0 1 0 0 0 
0 1 0 1 0 0 
0 0 0 1 1 0 
1 0 0 1 0 0 
1 1 0 0 0 0 
1 0 0 1 0 0 
0 0 1 0 1 0 
0 0 1 0 0 1 
1 0 1 0 0 0 
1 0 0 0 1 0 
0 0 1 0 1 0 
0 0 1 0 0 1 
1 0 0 1 0 0 
0 0 0 0 1 1 
0 1 1 0 0 0 
1 1 0 0 0 0 
0 0 0 1 1 0 
1 0 1 0 0 0 
0 1 0 0 1 0 
0 1 0 0 0 1 
0 1 0 1 0 0 
1 0 0 0 0 1 
0 0 1 0 1 0 
1 0 0 1 0 0 
0 0 0 0 1 1 
1 0 0 1 0 0 
0 0 0 1 0 1 
0 1 0 0 0 1 
1 0 0 1 0 0 
1 1 0 0 0 0 
0 0 0 0 1 1 
0 1 0 0 1 0 
0 0 1 0 1 0 
0 0 0 1 1 0 
0 0 0 1 1 0 
0 1 0 0 1 0 
0 0 0 0 1 1 
0 0 0 1 1 0 
0 1 0 0 1 0 
1 0 1 0 0 0 
1 0 0 1 0 0 
1 0 1 0 0 0 
1 0 0 1 0 0 
1 0 0 1 0 0 
1 0 0 0 0 1 
1 1 1 1 1 1 
;
TIMETABLE BEST: 
0.0 0.0 0.0 0.0 0.0 0.0 
10 0 0 0 0 0 
10 18 0 0 0 0 
10 18 18 0 0 0 
19 18 18 0 0 0 
19 18 18 19 0 0 
19 18 25 19 0 0 
19 18 25 19 10 0 
19 18 25 19 10 10 
19 18 25 19 10 10 
19 18 25 19 10 10 
19 26 25 19 10 10 
19 26 25 19 10 10 
29 26 25 19 10 10 
29 26 25 19 29 10 
29 26 25 30 29 10 
29 26 25 30 29 19 
29 26 25 30 29 19 
29 26 25 30 29 19 
29 26 25 30 29 19 
29 26 25 30 29 19 
29 26 25 30 29 19 
29 26 25 30 29 19 
29 34 25 30 29 19 
29 34 25 30 29 19 
37 34 25 30 29 19 
37 34 39 30 29 19 
37 34 39 30 29 29 
37 34 39 30 29 29 
37 34 39 30 29 29 
37 34 39 30 29 29 
37 34 39 30 29 29 
37 34 39 30 29 29 
37 34 39 30 29 37 
37 34 39 30 29 37 
37 34 39 30 29 37 
37 42 39 30 29 37 
37 42 39 41 29 37 
46 42 39 41 29 37 
46 42 39 41 29 37 
46 42 39 41 29 37 
46 42 39 41 29 37 
46 42 39 41 29 37 
46 42 39 41 29 37 
46 42 39 41 29 37 
46 42 39 41 29 37 
46 42 39 41 29 37 
46 42 39 41 29 45 
46 42 39 41 29 45 
46 42 39 41 29 45 
46 42 39 41 29 45 
46 42 39 41 48 45 
46 42 39 41 48 45 
46 49 39 41 48 45 
46 49 39 41 48 45 
46 49 39 41 48 45 
46 49 39 41 48 45 
46 49 52 41 48 45 
46 49 52 41 48 45 
55 49 52 41 48 45 
55 49 52 41 48 45 
55 49 52 41 48 45 
55 49 59 41 48 45 
55 49 59 41 48 53 
61 49 59 41 48 53 
61 49 59 41 48 53 
61 64 59 41 48 53 
61 64 59 52 59 53 
61 64 59 52 59 53 
61 64 59 52 59 53 
61 64 59 52 59 53 
61 64 59 60 59 53 
61 64 59 60 59 53 
61 64 59 60 59 53 
61 64 66 60 59 53 
61 64 66 60 59 53 
61 64 66 60 59 53 
67 64 66 60 59 53 
67 64 66 60 59 61 
67 64 66 60 59 61 
67 64 66 60 59 61 
67 64 66 67 59 61 
67 64 66 67 59 61 
67 64 66 67 59 61 
67 64 66 67 59 61 
67 64 66 67 59 61 
67 64 73 67 59 61 
67 64 73 67 70 61 
67 64 73 67 70 61 
67 64 73 67 70 71 
67 72 73 67 70 71 
67 72 73 67 70 71 
67 72 73 67 70 71 
76 72 73 67 70 71 
76 72 73 74 70 71 
76 72 73 74 70 71 
76 72 73 74 70 71 
76 72 73 74 70 71 
76 72 73 74 70 71 
76 72 73 74 70 71 
76 72 73 74 70 71 
76 72 80 74 70 71 
76 72 80 74 70 71 
76 72 80 82 70 71 
76 80 80 82 70 71 
76 80 80 82 70 71 
76 80 80 82 70 71 
76 80 90 82 70 71 
76 80 90 82 78 71 
76 80 90 82 78 71 
85 80 90 82 78 71 
85 80 90 82 85 71 
85 80 90 82 85 85 
85 80 90 82 85 85 
85 80 90 82 92 85 
85 80 90 82 92 85 
85 80 90 91 92 85 
85 80 90 91 92 85 
85 80 90 91 92 85 
85 88 90 91 92 85 
85 88 90 91 92 94 
85 95 90 91 92 94 
91 95 90 91 92 94 
91 95 90 91 92 94 
91 95 90 91 92 94 
91 95 90 91 92 94 
91 95 90 91 92 94 
91 95 90 91 92 94 
91 95 90 91 92 94 
91 95 90 91 92 94 
91 95 90 97 92 94 
98 95 90 97 92 94 
98 95 90 97 92 94 
98 95 90 97 92 94 
98 95 90 97 100 94 
98 95 90 97 100 94 
98 95 90 97 100 94 
98 95 100 97 100 94 
98 95 100 97 100 94 
98 95 100 97 100 94 
98 95 100 97 100 94 
98 95 100 97 100 94 
98 95 100 97 100 94 
98 95 100 103 100 94 
98 95 107 103 100 94 
98 95 107 103 108 94 
98 109 107 103 108 94 
98 109 107 103 108 94 
106 109 107 103 108 94 
106 109 107 103 108 94 
106 109 107 103 108 94 
106 109 107 103 108 103 
106 109 107 103 108 103 
106 109 107 103 108 103 
106 109 107 103 108 103 
106 109 107 103 108 103 
106 109 107 112 108 103 
106 109 107 112 108 103 
106 109 107 112 108 109 
106 109 107 112 108 109 
106 109 107 112 108 109 
106 109 107 112 108 109 
106 109 107 112 108 116 
106 109 107 112 116 116 
106 109 107 112 116 116 
116 109 107 112 116 116 
116 109 107 112 116 116 
116 109 107 112 116 116 
116 109 107 112 116 116 
116 109 107 112 116 116 
116 109 114 112 116 116 
116 109 114 112 116 116 
130 109 114 112 116 116 
130 109 114 121 116 116 
130 109 114 121 116 123 
130 109 124 121 116 123 
130 109 124 121 116 123 
130 109 124 121 116 129 
130 109 124 121 116 129 
130 109 124 121 124 129 
130 109 124 121 124 129 
130 122 124 121 124 129 
130 122 124 127 124 129 
130 122 124 127 124 129 
130 122 124 127 124 129 
130 122 124 127 133 129 
130 122 124 127 133 129 
130 122 124 127 133 129 
130 129 124 127 133 129 
130 129 124 127 133 129 
130 129 132 127 133 129 
130 129 132 127 133 129 
130 129 132 127 133 129 
130 129 132 127 133 135 
130 129 132 127 133 135 
130 129 132 133 133 135 
130 129 132 133 133 135 
140 129 132 133 133 135 
140 129 132 133 133 135 
140 129 132 133 133 135 
140 129 132 133 133 135 
140 129 140 133 133 135 
140 129 140 133 133 135 
140 129 140 133 133 135 
140 129 140 133 133 142 
140 136 140 133 133 142 
140 136 140 133 143 142 
140 136 140 139 143 142 
140 136 140 139 143 142 
140 136 140 139 143 142 
140 136 140 139 143 142 
140 136 140 139 143 142 
140 136 140 139 143 142 
140 136 140 139 143 142 
140 146 140 139 143 142 
140 146 140 139 143 142 
140 146 149 139 143 142 
140 146 149 139 143 150 
140 146 149 139 143 150 
140 146 149 139 155 150 
140 146 149 139 155 158 
140 146 149 153 155 158 
150 146 149 153 155 158 
150 146 149 153 155 158 
150 146 149 153 155 158 
150 146 149 153 155 158 
150 146 158 153 155 158 
150 146 158 153 155 158 
150 162 158 153 155 158 
150 162 158 153 155 158 
150 162 158 153 155 166 
150 162 158 163 155 166 
150 162 158 163 155 166 
150 162 158 163 155 174 
150 162 166 163 155 174 
150 162 166 163 155 174 
150 162 166 163 169 174 
150 162 173 163 169 174 
150 162 173 163 169 174 
150 162 173 173 169 174 
150 162 173 173 169 174 
150 162 173 182 169 174 
150 162 184 182 169 174 
176 162 184 182 169 174 
176 162 184 182 169 174 
176 162 184 182 185 174 
176 162 184 182 185 182 
176 162 184 182 185 182 
176 162 184 182 185 182 
176 173 184 182 198 182 
176 173 184 182 198 182 
176 193 184 182 198 182 
176 193 184 182 198 182 
176 193 184 182 198 182 
176 193 184 191 198 182 
184 193 184 191 198 182 
191 193 184 191 198 182 
191 193 184 191 198 190 
191 193 184 191 198 190 
191 193 184 191 198 190 
197 193 184 191 198 190 
197 193 184 191 212 190 
197 193 184 191 212 190 
197 193 192 191 212 190 
197 193 192 191 212 190 
197 193 192 191 212 190 
197 193 192 191 212 197 
206 193 192 191 212 197 
206 193 192 191 212 204 
206 193 192 225 212 204 
206 193 192 225 230 204 
206 193 200 225 230 204 
206 193 200 225 230 204 
206 205 200 225 230 204 
206 205 200 225 230 204 
206 205 200 225 230 204 
206 227 200 225 230 211 
215 227 200 225 230 211 
215 227 208 225 230 211 
215 227 208 225 230 211 
215 227 208 225 230 217 
215 227 208 225 230 217 
215 227 208 225 230 217 
223 227 208 225 230 217 
223 227 208 225 230 217 
223 227 231 225 230 217 
223 233 231 225 230 217 
223 233 231 225 230 217 
223 233 231 225 230 217 
223 233 231 225 230 236 
223 233 231 225 244 236 
223 233 231 237 244 236 
223 233 243 237 244 236 
223 233 243 237 244 236 
223 233 243 237 244 236 
236 233 243 237 244 236 
236 233 243 237 244 236 
236 233 243 250 244 236 
236 233 243 250 244 236 
236 253 243 250 244 236 
236 253 243 250 244 236 
236 253 243 250 244 248 
236 253 243 250 244 248 
245 253 243 250 244 248 
245 253 257 250 244 248 
245 253 257 250 244 257 
245 263 257 250 244 257 
245 263 257 250 244 257 
245 263 257 250 257 257 
245 263 257 250 269 257 
245 263 257 250 269 257 
251 263 257 263 269 257 
251 263 257 263 269 257 
251 263 257 263 269 257 
251 263 257 263 269 257 
251 263 257 263 269 257 
251 263 257 263 269 257 
251 263 257 270 269 257 
251 263 273 270 269 257 
251 263 279 270 269 257 
251 276 279 270 269 257 
251 276 279 270 269 257 
267 276 279 284 269 257 
275 276 279 284 269 257 
275 276 279 284 269 257 
275 276 279 284 283 281 
275 276 279 284 283 281 
275 276 285 284 283 281 
285 276 285 284 283 281 
285 289 285 284 283 281 
285 299 285 284 283 281 
285 299 285 298 283 281 
285 299 304 298 283 281 
285 299 304 298 283 281 
285 299 304 298 283 281 
285 299 304 298 299 281 
285 299 304 298 299 281 
285 299 304 298 299 307 
285 299 322 298 299 307 
285 312 322 298 299 307 
285 312 322 298 312 307 
303 312 322 312 312 307 
303 322 322 312 312 307 
303 322 322 329 312 307 
303 322 322 329 312 307 
303 322 322 329 312 313 
322 322 322 329 312 313 
322 322 322 329 326 313 
322 322 322 329 326 313 
322 322 322 329 326 326 
322 322 322 329 326 326 
322 322 322 329 326 326 
322 332 322 329 326 326 
322 332 322 329 326 326 
322 332 322 329 326 326 
335 332 322 329 326 326 
335 332 322 329 326 326 
335 332 322 329 326 326 
335 332 322 329 326 326 
335 332 322 329 326 326 
335 332 336 329 326 326 
335 332 336 329 326 326 
335 332 336 329 326 339 
342 332 336 329 326 339 
342 332 336 329 326 339 
342 332 336 329 326 339 
342 332 336 338 326 339 
349 332 336 338 326 339 
349 332 336 338 344 339 
349 346 336 338 344 339 
349 346 365 338 344 339 
349 346 365 377 344 339 
349 346 365 385 344 339 
349 407 365 385 344 339 
349 407 365 385 344 410 
349 407 365 414 344 410 
349 418 365 414 344 410 
408 418 425 414 344 410 
408 418 425 427 344 410 
408 418 433 427 344 410 
426 418 433 427 344 410 
426 418 433 440 344 410 
426 418 433 440 344 441 
444.0 448.0 462.0 458.0 442.0 466.0 
;
EXECUTION TIME HBSS: 5396.94579005 seconds 

-------------------------------------------------------------------
