DATFILE : offices1_2r_250.dat
ENVIRONMENT : office
ALGORITHM : HBSS - TAU 3
RANGE : 250
STARTING_POS : 42
N_ROBOTS : 2
GREEDY SOLUTION : [ 4472.]
COMPUTATIONS D :
5076
5062
4888
4856
4736
5060
4858
4962
4778
4948
4868
5006
4956
4986
5098
4710
4956
5074
4824
4800
4940
4838
4684
4974
4950
4958
4912
4842
4900
4846
4786
4970
4832
4984
4822
4742
4722
4944
4854
4890
4786
4730
4812
5024
4870
4850
4750
4898
4910
4996
4960
4702
4796
4892
4952
5026
4800
5046
4936
4948
4958
4930
4832
5158
4906
4824
5004
4828
5010
4974
4844
4982
4780
4710
4744
5018
4802
4846
4946
4754
5048
4972
5200
4992
4644
4870
4694
4902
4818
5000
4986
4664
5042
5018
4698
5034
4998
5108
4932
4860
5110
5160
4812
5080
4798
5106
4712
4836
5080
4978
4716
4972
5054
4906
5124
4796
4838
4838
4708
5082
4946
4740
4942
4938
5052
4800
4794
4926
4978
4814
5104
4690
4806
4814
4894
4816
4882
5014
4970
4784
5054
4816
4776
5064
4874
4822
4910
4912
5114
4864
5012
4796
4850
5036
4984
4698
4700
5050
4834
4818
4832
4762
4870
4866
4928
4852
4858
4766
4712
4856
4732
5114
5182
5138
5046
5134
4926
5022
4794
4996
4776
4802
5152
4804
4894
4794
4976
4888
5110
5098
4920
5180
4826
4948
4808
5042
4798
4962
4790
4910
;
HBBS sumD : 4644
BEST_CONFIGURATIONS : 
42 42 
41 42 
36 42 
35 42 
34 42 
34 41 
35 41 
35 36 
34 36 
33 36 
32 36 
32 35 
27 35 
27 33 
32 33 
32 34 
27 34 
26 34 
33 34 
33 35 
34 35 
34 18 
35 18 
36 18 
33 18 
33 41 
33 40 
32 40 
27 40 
26 40 
39 40 
23 40 
2 40 
2 39 
23 39 
26 39 
27 39 
32 39 
33 39 
33 26 
33 23 
32 23 
27 23 
27 2 
32 2 
33 2 
34 2 
34 23 
35 23 
35 2 
35 3 
34 3 
34 24 
34 4 
35 4 
33 4 
33 24 
33 5 
34 5 
35 5 
35 24 
36 24 
41 4 
41 24 
41 5 
36 5 
36 4 
36 3 
41 3 
5 3 
24 3 
24 2 
4 2 
4 23 
4 26 
24 26 
24 23 
5 23 
5 2 
5 39 
24 39 
4 39 
4 40 
3 40 
3 39 
3 26 
3 27 
3 32 
3 33 
38 33 
38 32 
37 32 
37 27 
37 26 
43 26 
43 23 
25 23 
25 2 
0 2 
0 23 
0 1 
25 1 
43 1 
37 1 
37 23 
37 2 
38 2 
38 23 
38 26 
38 27 
38 31 
26 31 
26 27 
26 32 
27 32 
27 30 
32 30 
32 29 
27 29 
26 29 
23 29 
23 28 
1 28 
1 29 
1 30 
1 31 
1 27 
1 32 
1 33 
0 32 
0 27 
0 26 
0 38 
0 37 
0 43 
25 43 
25 37 
25 38 
25 26 
25 27 
25 31 
25 30 
25 29 
25 28 
0 28 
0 29 
0 30 
0 31 
23 31 
2 31 
2 30 
23 30 
26 30 
38 30 
38 29 
38 28 
37 28 
37 19 
43 19 
43 17 
37 17 
38 17 
26 28 
27 28 
32 28 
27 17 
31 17 
30 17 
29 17 
28 17 
28 19 
28 16 
29 16 
30 16 
31 16 
27 16 
31 19 
30 19 
29 19 
29 28 
30 28 
30 43 
30 37 
29 37 
29 43 
28 43 
31 43 
31 37 
31 28 
31 29 
30 29 
30 31 
27 31 
32 31 
33 31 
33 30 
33 29 
34 31 
34 39 
35 39 
35 26 
34 38 
34 40 
35 40 
41 40 
36 40 
36 39 
41 39 
42 40 
24 40 
5 40 
5 42 
24 42 
4 42 
4 5 
24 5 
4 24 
4 3 
2 3 
2 23 
2 26 
23 26 
1 26 
1 38 
1 23 
1 2 
1 4 
1 24 
1 3 
23 3 
38 3 
31 3 
31 39 
30 39 
29 39 
17 26 
17 25 
17 19 
17 16 
19 16 
19 6 
22 6 
7 6 
7 22 
7 10 
22 10 
16 10 
16 11 
6 11 
6 21 
22 21 
7 21 
7 8 
22 8 
10 8 
11 8 
11 21 
11 10 
21 10 
20 10 
20 11 
9 11 
9 21 
20 21 
20 8 
12 8 
12 21 
12 11 
12 20 
12 9 
20 9 
8 9 
8 21 
11 22 
11 7 
11 14 
21 14 
8 14 
20 14 
12 14 
9 14 
20 13 
12 13 
12 10 
21 15 
8 15 
8 13 
11 13 
21 13 
22 13 
10 13 
10 15 
11 15 
22 15 
16 15 
16 22 
16 7 
19 7 
19 22 
19 15 
17 15 
28 15 
29 15 
30 15 
31 15 
31 13 
27 13 
29 13 
30 13 
17 13 
16 13 
6 15 
6 14 
16 14 
22 14 
7 14 
7 15 
14 15 
14 13 
15 13 
10 14 
10 6 
16 6 
17 6 
17 22 
29 22 
30 22 
27 22 
31 22 
27 15 
32 15 
33 15 
33 13 
32 13 
26 13 
23 13 
39 13 
40 13 
38 13 
38 15 
26 15 
39 15 
39 14 
26 14 
27 14 
32 14 
31 14 
33 14 
34 14 
35 14 
36 13 
35 13 
34 13 
30 14 
29 14 
17 14 
17 7 
43 15 
37 15 
27 21 
32 21 
33 21 
34 20 
35 20 
36 20 
18 20 
18 12 
18 9 
18 41 
18 40 
36 41 
32 24 
32 4 
39 1 
39 0 
3 0 
25 0 
37 43 
38 43 
38 37 
39 37 
39 38 
42 3 
42 42 
;
ROBOT MOVING BEST:
0 0 
1 1 
1 1 
1 1 
1 1 
1 1 
1 1 
1 1 
1 1 
1 1 
1 1 
1 1 
1 1 
1 1 
1 1 
1 1 
1 1 
1 1 
1 1 
1 1 
1 1 
1 1 
1 1 
1 1 
1 1 
1 1 
1 1 
1 1 
1 1 
1 1 
1 1 
1 1 
1 1 
1 1 
1 1 
1 1 
1 1 
1 1 
1 1 
1 1 
1 1 
1 1 
1 1 
1 1 
1 1 
1 1 
1 1 
1 1 
1 1 
1 1 
1 1 
1 1 
1 1 
1 1 
1 1 
1 1 
1 1 
1 1 
1 1 
1 1 
1 1 
1 1 
1 1 
1 1 
1 1 
1 1 
1 1 
1 1 
1 1 
1 1 
1 1 
1 1 
1 1 
1 1 
1 1 
1 1 
1 1 
1 1 
1 1 
1 1 
1 1 
1 1 
1 1 
1 1 
1 1 
1 1 
1 1 
1 1 
1 1 
1 1 
1 1 
1 1 
1 1 
1 1 
1 1 
1 1 
1 1 
1 1 
1 1 
1 1 
1 1 
1 1 
1 1 
1 1 
1 1 
1 1 
1 1 
1 1 
1 1 
1 1 
1 1 
1 1 
1 1 
1 1 
1 1 
1 1 
1 1 
1 1 
1 1 
1 1 
1 1 
1 1 
1 1 
1 1 
1 1 
1 1 
1 1 
1 1 
1 1 
1 1 
1 1 
1 1 
1 1 
1 1 
1 1 
1 1 
1 1 
1 1 
1 1 
1 1 
1 1 
1 1 
1 1 
1 1 
1 1 
1 1 
1 1 
1 1 
1 1 
1 1 
1 1 
1 1 
1 1 
1 1 
1 1 
1 1 
1 1 
1 1 
1 1 
1 1 
1 1 
1 1 
1 1 
1 1 
1 1 
1 1 
1 1 
1 1 
1 1 
1 1 
1 1 
1 1 
1 1 
1 1 
1 1 
1 1 
1 1 
1 1 
1 1 
1 1 
1 1 
1 1 
1 1 
1 1 
1 1 
1 1 
1 1 
1 1 
1 1 
1 1 
1 1 
1 1 
1 1 
1 1 
1 1 
1 1 
1 1 
1 1 
1 1 
1 1 
1 1 
1 1 
1 1 
1 1 
1 1 
1 1 
1 1 
1 1 
1 1 
1 1 
1 1 
1 1 
1 1 
1 1 
1 1 
1 1 
1 1 
1 1 
1 1 
1 1 
1 1 
1 1 
1 1 
1 1 
1 1 
1 1 
1 1 
1 1 
1 1 
1 1 
1 1 
1 1 
1 1 
1 1 
1 1 
1 1 
1 1 
1 1 
1 1 
1 1 
1 1 
1 1 
1 1 
1 1 
1 1 
1 1 
1 1 
1 1 
1 1 
1 1 
1 1 
1 1 
1 1 
1 1 
1 1 
1 1 
1 1 
1 1 
1 1 
1 1 
1 1 
1 1 
1 1 
1 1 
1 1 
1 1 
1 1 
1 1 
1 1 
1 1 
1 1 
1 1 
1 1 
1 1 
1 1 
1 1 
1 1 
1 1 
1 1 
1 1 
1 1 
1 1 
1 1 
1 1 
1 1 
1 1 
1 1 
1 1 
1 1 
1 1 
1 1 
1 1 
1 1 
1 1 
1 1 
1 1 
1 1 
1 1 
1 1 
1 1 
1 1 
1 1 
1 1 
1 1 
1 1 
1 1 
1 1 
1 1 
1 1 
1 1 
1 1 
1 1 
1 1 
1 1 
1 1 
1 1 
1 1 
1 1 
1 1 
1 1 
1 1 
1 1 
1 1 
1 1 
1 1 
1 1 
1 1 
1 1 
1 1 
1 1 
1 1 
1 1 
1 1 
1 1 
1 1 
1 1 
1 1 
1 1 
1 1 
1 1 
1 1 
1 1 
1 1 
1 1 
1 1 
1 1 
1 1 
1 1 
1 1 
1 1 
1 1 
1 1 
1 1 
1 1 
1 1 
1 1 
1 1 
1 1 
1 1 
1 1 
1 1 
1 1 
1 1 
1 1 
1 1 
1 1 
1 1 
1 1 
1 1 
1 1 
1 1 
1 1 
1 1 
1 1 
1 1 
1 1 
1 1 
1 1 
1 1 
1 1 
1 1 
1 1 
1 1 
0 1 
;
TIMETABLE BEST: 
0.0 0.0 
10 0 
19 0 
29 0 
37 0 
37 10 
45 10 
45 19 
53 19 
62 19 
71 19 
71 29 
77 29 
77 42 
83 42 
83 51 
89 51 
96 51 
114 51 
114 59 
123 59 
123 81 
131 81 
141 81 
160 81 
160 100 
160 111 
169 111 
175 111 
182 111 
190 111 
200 111 
207 111 
207 122 
214 122 
222 122 
229 122 
235 122 
244 122 
244 130 
244 138 
253 138 
259 138 
259 145 
265 145 
274 145 
283 145 
283 152 
291 152 
291 159 
291 173 
299 173 
299 186 
299 193 
307 193 
320 193 
320 200 
320 208 
329 208 
337 208 
337 216 
347 216 
356 223 
356 230 
356 238 
365 238 
365 253 
365 267 
374 267 
390 267 
398 267 
398 281 
405 281 
405 288 
405 296 
412 296 
412 304 
420 304 
420 311 
420 328 
428 328 
435 328 
435 339 
449 339 
449 350 
449 358 
449 365 
449 371 
449 380 
474 380 
474 389 
483 389 
483 395 
483 402 
489 402 
489 410 
500 410 
500 417 
510 417 
510 424 
510 434 
520 434 
531 434 
537 434 
537 444 
537 451 
546 451 
546 458 
546 466 
546 473 
546 480 
554 480 
554 487 
554 493 
561 493 
561 510 
567 510 
567 518 
573 518 
580 518 
588 518 
588 527 
598 527 
598 536 
598 544 
598 552 
598 559 
598 565 
598 574 
612 583 
612 589 
612 596 
612 604 
612 613 
612 619 
622 619 
622 625 
622 634 
622 642 
622 649 
622 656 
622 664 
622 672 
622 681 
632 681 
632 690 
632 698 
632 706 
648 706 
655 706 
655 714 
662 714 
670 714 
678 714 
678 722 
678 731 
687 731 
687 745 
693 745 
693 757 
699 757 
708 757 
716 767 
723 767 
729 767 
735 777 
742 777 
750 777 
758 777 
767 777 
767 789 
767 803 
776 803 
784 803 
792 803 
799 803 
806 817 
814 817 
822 817 
822 831 
830 831 
830 845 
830 851 
838 851 
838 857 
847 857 
864 857 
864 863 
864 883 
864 892 
872 892 
872 904 
883 904 
889 904 
898 904 
898 912 
898 920 
907 932 
907 954 
915 954 
915 962 
923 970 
923 993 
931 993 
950 993 
959 993 
959 1004 
968 1004 
978 1015 
996 1015 
1004 1015 
1004 1034 
1012 1034 
1019 1034 
1019 1052 
1026 1052 
1033 1060 
1033 1073 
1053 1073 
1053 1086 
1053 1094 
1060 1094 
1070 1094 
1070 1102 
1070 1114 
1070 1121 
1070 1141 
1070 1148 
1070 1161 
1080 1161 
1092 1161 
1112 1161 
1112 1184 
1120 1184 
1128 1184 
1143 1192 
1143 1216 
1143 1245 
1143 1259 
1155 1259 
1155 1273 
1177 1273 
1183 1273 
1183 1285 
1183 1298 
1189 1298 
1205 1298 
1205 1311 
1219 1311 
1219 1321 
1231 1321 
1237 1321 
1237 1328 
1243 1328 
1256 1328 
1269 1328 
1269 1335 
1269 1348 
1279 1348 
1292 1348 
1292 1361 
1301 1361 
1301 1371 
1310 1371 
1310 1378 
1320 1378 
1320 1385 
1320 1395 
1320 1418 
1320 1427 
1330 1427 
1344 1427 
1344 1447 
1361 1463 
1361 1469 
1361 1494 
1371 1494 
1378 1494 
1392 1494 
1402 1494 
1419 1494 
1428 1512 
1438 1512 
1438 1550 
1451 1574 
1458 1574 
1458 1588 
1475 1588 
1485 1588 
1501 1588 
1514 1588 
1514 1602 
1527 1602 
1543 1602 
1559 1602 
1559 1615 
1559 1621 
1573 1621 
1573 1627 
1573 1640 
1585 1640 
1595 1640 
1604 1640 
1612 1640 
1620 1640 
1620 1654 
1627 1654 
1642 1654 
1650 1654 
1669 1654 
1695 1654 
1709 1668 
1709 1682 
1723 1682 
1739 1682 
1745 1682 
1745 1696 
1770 1696 
1770 1710 
1784 1710 
1808 1728 
1808 1759 
1837 1759 
1863 1759 
1863 1771 
1878 1771 
1886 1771 
1897 1771 
1904 1771 
1911 1784 
1917 1784 
1926 1784 
1926 1798 
1935 1798 
1948 1798 
1956 1798 
1966 1798 
1977 1798 
2000 1798 
2000 1812 
2008 1812 
2016 1812 
2016 1826 
2024 1826 
2031 1826 
2037 1826 
2050 1826 
2068 1826 
2077 1826 
2085 1826 
2095 1844 
2105 1844 
2113 1844 
2140 1862 
2148 1862 
2163 1862 
2163 1887 
2183 1906 
2189 1906 
2213 1933 
2219 1933 
2228 1933 
2237 1946 
2245 1946 
2255 1946 
2273 1946 
2273 1956 
2273 1973 
2273 2012 
2273 2023 
2291 2034 
2315 2050 
2315 2057 
2334 2084 
2334 2098 
2357 2098 
2386 2098 
2403 2119 
2412 2119 
2412 2125 
2424 2125 
2424 2134 
2454 2159 
2454.0 2190.0 
;
EXECUTION TIME HBSS: 427.639195204 seconds 

-------------------------------------------------------------------
