DATFILE : offices1_4r_250.dat
ENVIRONMENT : office
ALGORITHM : HBSS - TAU 5
RANGE : 250
STARTING_POS : 42
N_ROBOTS : 4
GREEDY SOLUTION : 1569.0
COMPUTATIONS T :
1578.0
1577.0
1493.0
1470.0
1558.0
1552.0
1551.0
1474.0
1496.0
1491.0
1660.0
1508.0
1620.0
1568.0
1541.0
1542.0
1485.0
1582.0
1476.0
1526.0
1531.0
1562.0
1602.0
1561.0
1473.0
1532.0
1546.0
1576.0
1548.0
1585.0
1466.0
1594.0
1530.0
1525.0
1543.0
1523.0
1582.0
1515.0
1538.0
1521.0
1593.0
1643.0
1570.0
1530.0
1518.0
1527.0
1488.0
1589.0
1504.0
1633.0
1554.0
1488.0
1520.0
1607.0
1604.0
1541.0
1576.0
1636.0
1513.0
1539.0
1567.0
1539.0
1532.0
1569.0
1543.0
1549.0
1505.0
1503.0
1435.0
1543.0
1559.0
1564.0
1516.0
1538.0
1514.0
1552.0
1551.0
1485.0
1536.0
1560.0
1456.0
1551.0
1525.0
1609.0
1540.0
1568.0
1619.0
1473.0
1507.0
1479.0
1432.0
1588.0
1516.0
1537.0
1524.0
1713.0
1485.0
1477.0
1523.0
1545.0
1587.0
1570.0
1573.0
1544.0
1574.0
1475.0
1647.0
1593.0
1639.0
1563.0
1576.0
1442.0
1538.0
1611.0
1597.0
1499.0
1593.0
1629.0
1551.0
1513.0
1508.0
1501.0
1590.0
1604.0
1618.0
1520.0
1685.0
1559.0
1474.0
1545.0
1535.0
1480.0
1491.0
1426.0
1531.0
1482.0
1475.0
1590.0
1578.0
1567.0
1586.0
1505.0
1568.0
1512.0
1439.0
1531.0
1524.0
1540.0
1495.0
1486.0
1545.0
1517.0
1465.0
1497.0
1565.0
1614.0
1554.0
1479.0
1433.0
1474.0
1569.0
1491.0
1555.0
1622.0
1621.0
1510.0
1522.0
1449.0
1571.0
1504.0
1503.0
1565.0
1486.0
1492.0
1544.0
1607.0
1533.0
1629.0
1490.0
1639.0
1518.0
1543.0
1555.0
1534.0
1522.0
1558.0
1635.0
1545.0
1532.0
1533.0
1510.0
1538.0
1527.0
1454.0
1477.0
1507.0
1476.0
1575.0
1511.0
1583.0
;
HBBS bestT : 1426.0
BEST_CONFIGURATIONS : 
42 42 42 42 
41 42 42 42 
41 42 5 24 
41 42 5 24 
41 42 5 24 
41 42 5 24 
41 42 5 24 
41 42 5 4 
41 42 5 4 
41 42 5 4 
41 42 24 4 
36 42 24 4 
36 42 24 4 
36 42 24 4 
36 42 5 4 
36 41 5 4 
36 41 5 3 
36 41 5 3 
36 41 5 3 
36 41 24 3 
35 36 24 3 
35 36 24 3 
35 36 24 3 
35 36 4 3 
35 36 4 3 
35 41 4 3 
34 41 4 3 
34 41 4 3 
34 41 4 3 
34 41 24 3 
34 36 24 3 
34 36 24 23 
34 36 24 23 
34 35 24 23 
34 35 24 23 
34 35 4 23 
34 35 4 2 
34 35 4 2 
34 35 4 2 
34 35 24 2 
33 34 24 2 
33 34 24 2 
33 34 24 2 
33 34 4 2 
33 34 4 23 
33 35 4 23 
33 35 4 26 
33 35 4 26 
33 35 4 26 
33 35 4 27 
33 35 4 27 
33 35 4 32 
33 35 4 32 
33 35 4 32 
33 35 24 32 
33 34 24 32 
27 34 24 32 
27 34 24 32 
27 34 5 32 
26 34 5 32 
26 34 5 27 
26 34 24 27 
26 34 24 32 
26 33 5 32 
38 33 5 32 
38 33 5 27 
38 33 5 32 
38 34 5 32 
38 34 41 33 
39 33 41 33 
39 33 41 33 
39 33 41 32 
39 34 41 32 
39 34 41 27 
39 34 36 27 
39 34 36 32 
39 35 36 32 
39 35 36 33 
40 34 36 33 
40 34 36 33 
40 34 36 33 
40 35 36 33 
40 35 41 33 
40 35 41 32 
40 35 41 27 
40 35 42 27 
40 34 42 27 
40 34 42 26 
40 35 42 26 
40 35 42 23 
40 35 42 2 
40 35 5 2 
40 35 5 2 
40 35 5 2 
40 35 5 23 
39 35 5 23 
39 35 5 23 
39 35 5 2 
39 32 5 2 
39 32 24 2 
39 27 24 2 
39 27 4 2 
39 26 4 2 
39 26 4 2 
39 26 4 23 
26 26 3 23 
26 26 3 23 
26 27 3 23 
26 27 3 23 
38 27 3 23 
38 27 3 23 
38 32 3 23 
38 32 3 23 
37 27 3 23 
37 27 3 23 
37 32 3 23 
37 32 3 2 
37 32 3 2 
43 32 3 23 
43 33 3 23 
37 33 3 26 
43 33 3 26 
43 31 3 26 
43 31 2 26 
43 31 2 26 
37 31 2 26 
37 31 23 26 
37 31 23 27 
37 31 23 32 
38 31 23 32 
38 31 2 32 
38 31 2 33 
39 31 2 33 
39 31 3 33 
39 31 3 33 
39 31 3 34 
23 30 3 34 
23 30 3 33 
23 30 2 33 
23 30 2 33 
23 30 2 32 
1 30 2 32 
1 30 2 32 
1 30 2 32 
1 30 2 27 
1 30 2 27 
1 30 23 27 
1 30 23 26 
1 30 23 26 
1 30 39 26 
1 30 39 26 
1 30 39 38 
1 30 39 38 
1 30 39 38 
1 29 39 38 
1 29 26 38 
1 29 26 38 
1 29 26 38 
1 29 27 38 
1 29 27 37 
1 29 27 37 
1 29 32 37 
1 29 32 43 
1 29 32 43 
1 29 33 43 
1 29 33 43 
1 29 33 25 
1 29 33 25 
1 29 27 25 
1 30 27 25 
23 30 27 25 
23 30 31 25 
23 30 31 25 
2 30 31 25 
2 29 30 25 
23 29 30 25 
23 29 30 0 
23 29 30 0 
23 29 30 0 
2 29 30 0 
2 29 31 0 
2 29 31 0 
2 29 27 0 
23 28 27 0 
23 28 27 0 
23 28 27 0 
23 28 32 0 
23 28 32 0 
26 28 32 0 
26 28 32 0 
38 28 32 0 
38 28 32 0 
38 28 31 0 
37 28 31 0 
37 28 31 0 
37 28 30 0 
37 28 30 0 
43 28 30 0 
43 28 30 0 
43 28 30 0 
43 28 29 0 
37 28 29 25 
37 28 29 25 
43 28 29 25 
43 17 29 25 
43 17 28 25 
43 17 28 25 
37 17 28 25 
37 17 29 25 
37 17 29 43 
37 17 30 43 
38 17 30 43 
38 17 30 37 
38 17 31 37 
38 17 31 43 
38 17 27 43 
26 17 27 43 
26 17 27 25 
38 17 27 25 
38 19 30 25 
37 19 30 25 
37 19 29 25 
37 19 29 43 
37 19 28 43 
37 19 17 43 
39 19 17 29 
39 16 17 29 
39 16 17 28 
27 16 17 28 
27 16 17 29 
31 16 17 29 
31 16 19 29 
31 16 19 29 
31 16 19 30 
31 6 16 30 
17 6 16 30 
17 6 16 19 
17 6 22 19 
17 6 22 19 
17 6 22 19 
17 6 7 19 
17 6 7 19 
17 6 7 19 
17 22 7 19 
17 22 7 16 
17 22 7 16 
29 22 7 16 
30 22 22 16 
30 15 22 16 
30 15 22 16 
30 15 22 6 
30 15 7 6 
29 15 7 6 
29 15 7 16 
28 15 7 16 
28 15 10 16 
28 15 10 16 
17 15 10 16 
17 15 11 16 
17 15 11 16 
19 15 11 16 
19 15 21 16 
19 15 21 6 
43 15 21 6 
43 15 8 6 
43 15 8 22 
37 15 8 22 
37 15 8 7 
38 15 8 7 
38 15 21 7 
26 15 21 7 
26 15 21 22 
27 15 21 22 
27 15 21 22 
27 15 21 22 
32 15 21 22 
32 15 21 22 
32 15 8 10 
33 15 8 10 
33 15 21 10 
33 15 21 10 
33 22 21 10 
33 22 11 10 
33 22 11 10 
33 7 11 10 
33 7 11 10 
31 22 11 10 
31 22 11 21 
31 6 11 21 
31 6 11 8 
31 6 21 8 
31 15 21 8 
31 15 12 8 
31 15 12 21 
27 13 12 21 
27 13 12 21 
27 13 12 8 
32 13 12 8 
32 13 12 21 
32 13 20 21 
32 13 20 21 
33 13 20 21 
33 13 20 8 
34 13 20 8 
34 13 20 8 
35 13 20 8 
35 13 20 8 
35 13 20 11 
35 13 20 11 
36 13 20 11 
36 13 20 11 
36 13 20 10 
36 13 20 10 
36 13 12 10 
40 13 12 10 
39 13 12 10 
39 13 12 22 
26 13 12 22 
26 13 10 6 
38 13 10 6 
23 13 10 6 
23 13 10 16 
39 13 15 16 
39 13 15 16 
26 13 14 16 
26 13 14 16 
26 13 14 6 
27 13 14 6 
27 13 14 22 
32 13 14 22 
32 15 14 22 
32 15 14 7 
33 15 14 7 
34 14 14 7 
34 14 14 10 
35 14 14 10 
35 14 14 11 
35 14 21 11 
35 14 8 11 
31 14 8 11 
31 14 8 12 
30 14 8 12 
30 14 20 12 
30 14 20 12 
29 14 20 12 
29 14 9 12 
29 14 9 12 
29 14 9 20 
17 14 9 20 
17 14 9 21 
17 13 9 21 
17 13 9 8 
29 13 9 8 
29 13 9 11 
30 13 9 11 
31 13 9 11 
31 13 12 11 
39 14 12 11 
39 14 18 12 
40 14 18 12 
40 14 18 20 
41 14 18 20 
41 14 18 9 
36 14 18 9 
35 14 18 9 
34 14 18 9 
33 14 18 9 
33 14 18 16 
39 14 40 16 
1 14 24 16 
1 14 24 28 
1 14 4 28 
1 14 4 31 
1 14 3 31 
0 14 3 31 
0 14 3 39 
0 37 3 39 
0 37 3 40 
0 25 3 40 
0 25 24 40 
1 0 24 40 
1 0 4 40 
1 0 3 42 
42 42 42 42 
;
ROBOT MOVING BEST:
0 0 0 0 
1 1 0 0 
0 0 1 1 
1 0 1 0 
1 0 0 1 
0 1 1 0 
0 1 0 1 
1 0 0 1 
0 1 0 1 
0 0 1 1 
0 0 1 1 
1 1 0 0 
1 0 1 0 
1 0 0 1 
1 0 1 0 
1 1 0 0 
1 0 0 1 
0 1 0 1 
0 0 1 1 
0 0 1 1 
1 1 0 0 
1 0 1 0 
1 0 0 1 
1 0 1 0 
0 0 1 1 
1 1 0 0 
1 1 0 0 
1 0 1 0 
1 0 0 1 
1 0 1 0 
1 1 0 0 
1 0 0 1 
0 0 1 1 
1 1 0 0 
0 1 0 1 
0 0 1 1 
1 0 0 1 
0 1 0 1 
0 0 1 1 
0 0 1 1 
1 1 0 0 
1 0 1 0 
1 0 0 1 
1 0 1 0 
1 0 0 1 
1 1 0 0 
1 0 0 1 
0 1 0 1 
0 0 1 1 
1 0 0 1 
0 1 0 1 
1 0 0 1 
0 1 0 1 
0 0 1 1 
0 0 1 1 
0 1 0 1 
1 1 0 0 
1 0 0 1 
0 1 1 0 
1 1 0 0 
1 0 0 1 
1 0 1 0 
1 0 0 1 
0 1 1 0 
1 1 0 0 
1 0 0 1 
1 0 0 1 
1 1 0 0 
0 0 1 1 
1 1 0 0 
1 0 1 0 
1 0 0 1 
1 1 0 0 
1 0 0 1 
1 0 1 0 
0 0 1 1 
1 1 0 0 
0 0 1 1 
1 1 0 0 
1 0 1 0 
1 0 0 1 
1 1 0 0 
1 0 1 0 
1 0 0 1 
1 0 0 1 
1 0 1 0 
0 1 1 0 
1 0 0 1 
0 1 1 0 
1 0 0 1 
1 0 0 1 
1 0 1 0 
0 1 1 0 
0 0 1 1 
0 0 1 1 
1 0 1 0 
1 0 0 1 
1 0 0 1 
0 1 0 1 
1 0 1 0 
0 1 0 1 
1 0 1 0 
1 1 0 0 
0 1 0 1 
0 1 0 1 
1 0 1 0 
0 0 1 1 
0 1 1 0 
0 1 0 1 
1 0 1 0 
1 0 0 1 
0 1 1 0 
0 1 0 1 
1 1 0 0 
1 0 0 1 
1 1 0 0 
1 0 0 1 
0 0 1 1 
1 0 0 1 
0 1 1 0 
1 0 0 1 
1 0 0 1 
1 1 0 0 
0 1 1 0 
0 1 0 1 
1 1 0 0 
0 1 1 0 
0 1 0 1 
0 1 0 1 
1 1 0 0 
1 0 1 0 
0 1 0 1 
1 1 0 0 
0 1 1 0 
1 0 1 0 
0 1 0 1 
1 1 0 0 
0 1 0 1 
0 1 1 0 
1 0 1 0 
0 1 0 1 
1 1 0 0 
1 0 1 0 
1 0 0 1 
1 0 0 1 
0 1 0 1 
1 0 1 0 
1 0 0 1 
0 1 0 1 
1 0 1 0 
0 1 1 0 
1 0 0 1 
0 1 0 1 
0 0 1 1 
1 1 0 0 
0 1 1 0 
0 1 0 1 
0 0 1 1 
0 1 1 0 
1 0 0 1 
0 1 0 1 
0 1 1 0 
1 0 0 1 
0 1 0 1 
1 0 1 0 
0 1 1 0 
1 0 0 1 
0 1 0 1 
0 0 1 1 
0 1 0 1 
1 0 0 1 
0 1 1 0 
0 0 1 1 
1 0 0 1 
0 1 1 0 
1 1 0 0 
1 0 0 1 
0 1 0 1 
0 0 1 1 
1 0 0 1 
0 1 1 0 
0 0 1 1 
0 0 1 1 
1 1 0 0 
0 1 1 0 
0 1 0 1 
0 0 1 1 
0 1 1 0 
1 1 0 0 
1 0 0 1 
1 1 0 0 
1 0 0 1 
0 1 1 0 
1 1 0 0 
1 0 0 1 
1 0 1 0 
0 1 1 0 
1 1 0 0 
1 0 1 0 
1 0 0 1 
0 1 1 0 
1 0 0 1 
0 1 0 1 
1 0 0 1 
1 1 0 0 
0 1 1 0 
0 1 0 1 
1 1 0 0 
0 1 1 0 
1 0 0 1 
0 1 1 0 
1 1 0 0 
1 0 0 1 
0 1 1 0 
1 0 0 1 
0 1 1 0 
1 1 0 0 
1 0 0 1 
1 0 0 1 
0 1 1 0 
1 1 0 0 
0 1 1 0 
0 1 0 1 
0 1 1 0 
0 1 1 0 
1 0 0 1 
0 1 1 0 
0 1 0 1 
1 1 0 0 
0 1 0 1 
1 1 0 0 
1 0 1 0 
0 1 1 0 
0 1 0 1 
0 1 1 0 
1 1 0 0 
0 1 0 1 
1 0 1 0 
0 1 1 0 
0 0 1 1 
1 0 1 0 
0 1 1 0 
0 0 1 1 
0 1 1 0 
0 0 1 1 
0 1 0 1 
1 1 0 0 
1 0 1 0 
1 1 0 0 
0 1 1 0 
0 1 0 1 
0 1 1 0 
1 1 0 0 
0 1 0 1 
1 1 0 0 
0 1 1 0 
0 0 1 1 
1 1 0 0 
0 1 1 0 
0 0 1 1 
1 1 0 0 
0 1 1 0 
0 0 1 1 
1 1 0 0 
0 1 1 0 
0 0 1 1 
1 1 0 0 
0 0 1 1 
1 1 0 0 
0 0 1 1 
1 1 0 0 
0 0 1 1 
1 1 0 0 
1 0 1 0 
1 0 0 1 
1 1 0 0 
1 0 1 0 
0 0 1 1 
1 1 0 0 
1 0 1 0 
0 0 1 1 
0 1 0 1 
0 1 1 0 
0 0 1 1 
0 1 1 0 
0 1 0 1 
1 1 0 0 
0 0 1 1 
0 1 1 0 
0 0 1 1 
0 0 1 1 
1 1 0 0 
0 0 1 1 
0 0 1 1 
1 1 0 0 
0 1 1 0 
0 1 0 1 
1 1 0 0 
0 1 0 1 
0 1 1 0 
0 0 1 1 
1 1 0 0 
0 0 1 1 
1 1 0 0 
1 0 1 0 
1 1 0 0 
1 0 1 0 
0 1 0 1 
0 0 1 1 
1 1 0 0 
1 0 1 0 
0 1 0 1 
0 0 1 1 
0 0 1 1 
1 1 0 0 
1 1 0 0 
0 1 0 1 
1 1 0 0 
0 0 1 1 
1 1 0 0 
1 1 0 0 
0 1 0 1 
1 0 1 0 
0 1 1 0 
1 0 1 0 
0 1 1 0 
0 0 1 1 
1 0 1 0 
0 0 1 1 
1 0 1 0 
0 1 1 0 
0 0 1 1 
1 0 1 0 
1 1 0 0 
0 1 0 1 
1 1 0 0 
0 1 0 1 
0 1 1 0 
0 1 1 0 
1 1 0 0 
0 1 0 1 
1 1 0 0 
0 1 1 0 
0 0 1 1 
1 1 0 0 
0 1 1 0 
0 0 1 1 
0 0 1 1 
1 1 0 0 
0 0 1 1 
1 1 0 0 
0 0 1 1 
1 1 0 0 
0 0 1 1 
1 1 0 0 
1 1 0 0 
0 0 1 1 
1 1 0 0 
0 0 1 1 
1 0 1 0 
0 0 1 1 
1 0 1 0 
0 0 1 1 
1 0 1 0 
1 0 1 0 
1 0 1 0 
1 0 1 0 
0 1 0 1 
1 0 1 0 
1 0 1 0 
1 0 0 1 
1 0 1 0 
1 0 0 1 
1 0 1 0 
1 0 1 0 
1 0 0 1 
0 1 0 1 
0 0 1 1 
1 1 0 0 
0 0 1 1 
1 1 0 0 
0 0 1 1 
0 0 1 1 
1 1 1 0 
;
TIMETABLE BEST: 
0.0 0.0 0.0 0.0 
10 10 0 0 
10 10 18 18 
18 10 18 18 
18 10 18 18 
18 18 18 18 
18 18 18 18 
25 18 18 25 
25 25 18 25 
25 25 25 25 
25 25 33 33 
34 34 33 33 
34 34 34 33 
34 34 34 34 
42 34 42 34 
44 44 42 34 
48 44 42 48 
48 48 42 48 
48 48 48 48 
48 48 56 56 
58 58 56 56 
58 58 58 56 
58 58 58 58 
65 58 65 58 
65 58 65 65 
67 67 65 65 
75 75 65 65 
75 75 75 65 
75 75 75 75 
82 75 82 75 
84 84 82 75 
88 84 82 88 
88 84 88 88 
94 94 88 88 
94 94 88 94 
94 94 95 95 
102 94 95 102 
102 102 95 102 
102 102 102 102 
102 102 109 109 
111 111 109 109 
111 111 111 109 
111 111 111 111 
118 111 118 111 
118 111 118 118 
119 119 118 118 
126 119 118 126 
126 126 118 126 
126 126 126 126 
133 126 126 133 
133 133 126 133 
139 133 126 139 
139 139 126 139 
139 139 139 139 
139 139 146 146 
139 147 146 147 
150 150 146 147 
150 150 146 150 
150 154 154 150 
157 157 154 150 
157 157 154 157 
162 157 162 157 
163 157 162 163 
163 170 170 163 
171 171 170 163 
171 171 170 171 
177 171 170 177 
180 180 170 177 
180 180 186 186 
192 192 186 186 
192 192 192 186 
195 192 192 195 
201 201 192 195 
201 201 192 201 
201 201 201 201 
201 201 207 207 
209 209 207 207 
209 209 216 216 
220 220 216 216 
220 220 220 216 
220 220 220 220 
228 228 220 220 
229 228 229 220 
229 228 229 229 
235 228 229 235 
239 228 239 235 
239 239 239 235 
242 239 239 242 
242 247 247 242 
250 247 247 250 
257 247 247 257 
265 247 265 257 
265 265 265 257 
265 265 265 265 
265 265 272 272 
276 265 276 272 
276 265 276 276 
283 265 276 283 
283 283 276 283 
284 283 284 283 
284 289 284 289 
291 289 291 289 
296 296 291 289 
296 296 291 296 
296 303 291 303 
305 303 305 303 
305 303 305 305 
305 310 310 305 
305 310 310 310 
313 310 313 310 
313 310 313 313 
313 316 316 313 
313 316 316 316 
322 322 316 316 
322 322 316 322 
328 328 316 322 
329 328 316 329 
329 328 329 329 
336 328 329 336 
336 337 337 336 
344 337 337 344 
350 337 337 350 
355 355 337 350 
355 355 355 350 
355 355 355 355 
361 361 355 355 
361 362 362 355 
361 362 362 362 
361 368 362 368 
370 370 362 368 
370 370 370 368 
370 377 370 377 
382 382 370 377 
382 384 384 377 
384 384 384 377 
384 386 384 386 
394 394 384 386 
394 395 384 395 
394 398 398 395 
398 398 398 395 
398 404 398 404 
408 408 398 404 
408 408 408 404 
408 408 408 408 
414 408 408 414 
414 414 408 414 
415 414 415 414 
421 414 415 421 
421 421 415 421 
425 421 425 421 
425 425 425 421 
429 425 425 429 
429 429 425 429 
429 429 429 429 
437 437 429 429 
437 437 437 429 
437 437 437 437 
437 437 437 437 
437 444 444 437 
446 444 444 446 
446 446 444 446 
446 450 450 446 
452 450 450 452 
452 452 450 452 
459 452 459 452 
459 459 459 452 
463 459 459 463 
463 463 459 463 
463 463 470 470 
463 471 470 471 
473 471 470 473 
473 477 477 473 
473 477 477 477 
480 477 477 480 
480 485 485 480 
487 487 485 480 
490 487 485 490 
490 490 485 490 
490 490 490 490 
497 490 490 497 
497 498 498 497 
497 498 498 498 
497 498 505 505 
507 507 505 505 
507 507 507 505 
507 507 507 507 
507 507 513 513 
507 513 513 513 
515 515 513 513 
515 515 513 515 
523 523 513 515 
523 523 513 523 
523 526 526 523 
532 532 526 523 
532 532 526 532 
534 532 534 532 
534 534 534 532 
540 540 534 532 
540 540 540 532 
540 540 540 540 
540 548 548 540 
550 548 548 550 
550 550 548 550 
556 550 548 556 
560 560 548 556 
560 560 560 556 
560 560 560 560 
566 566 560 560 
566 569 569 560 
571 569 569 571 
571 577 577 571 
580 580 577 571 
580 580 577 580 
580 585 585 580 
586 585 585 586 
586 592 592 586 
594 594 592 586 
597 594 592 597 
605 594 592 605 
605 606 606 605 
614 614 606 605 
614 614 614 605 
614 616 614 616 
614 623 623 616 
614 633 633 616 
635 633 633 635 
635 647 647 635 
635 647 647 647 
650 650 647 647 
650 656 647 656 
657 657 647 656 
659 657 659 656 
659 659 659 656 
659 664 659 664 
659 678 678 664 
682 682 678 664 
682 687 678 687 
694 687 694 687 
694 694 694 687 
694 694 694 694 
700 694 700 694 
700 700 700 694 
700 700 700 700 
700 712 712 700 
700 712 714 714 
700 714 714 714 
715 715 714 714 
723 715 723 714 
728 728 723 714 
728 728 728 714 
728 728 728 728 
728 734 734 728 
736 736 734 728 
736 742 734 742 
745 745 734 742 
745 751 751 742 
745 751 751 751 
755 755 751 751 
755 764 764 751 
755 764 764 764 
767 767 764 764 
767 774 774 764 
767 774 778 778 
785 785 778 778 
785 785 785 778 
785 785 790 790 
791 791 790 790 
791 791 796 796 
800 800 796 796 
800 800 803 803 
808 808 803 803 
808 808 809 809 
815 815 809 809 
815 815 815 809 
815 815 815 815 
821 821 815 815 
821 821 821 815 
821 821 828 828 
830 830 828 828 
835 830 835 828 
835 830 835 835 
835 843 835 843 
835 845 845 843 
835 845 845 845 
835 851 851 845 
835 851 851 851 
857 857 851 851 
857 857 864 864 
857 869 869 864 
857 869 871 871 
857 869 881 881 
894 894 881 881 
894 894 894 894 
894 894 901 901 
908 908 901 901 
908 908 908 901 
908 908 908 908 
914 914 908 908 
914 915 908 915 
914 918 918 915 
914 918 918 918 
923 923 918 918 
923 923 925 925 
932 932 925 925 
932 932 932 925 
940 940 932 925 
940 940 940 925 
940 942 940 942 
940 942 942 942 
950 950 942 942 
950 950 950 942 
950 955 950 955 
950 955 955 955 
950 955 965 965 
966 966 965 965 
977 977 965 965 
977 978 965 978 
985 985 965 978 
985 985 991 991 
993 993 991 991 
1005 1005 991 991 
1005 1005 991 1005 
1015 1005 1015 1005 
1015 1015 1015 1005 
1029 1015 1029 1005 
1029 1029 1029 1005 
1029 1029 1029 1029 
1036 1029 1036 1029 
1036 1029 1041 1041 
1042 1029 1042 1041 
1042 1043 1043 1041 
1042 1043 1047 1047 
1051 1043 1051 1047 
1060 1060 1051 1047 
1060 1064 1051 1064 
1068 1068 1051 1064 
1068 1077 1051 1077 
1068 1084 1084 1077 
1068 1091 1091 1077 
1095 1095 1091 1077 
1095 1100 1091 1100 
1103 1103 1091 1100 
1103 1105 1105 1100 
1103 1105 1105 1105 
1111 1111 1105 1105 
1111 1114 1114 1105 
1111 1114 1114 1114 
1111 1114 1124 1124 
1126 1126 1124 1124 
1126 1126 1137 1137 
1144 1144 1137 1137 
1144 1144 1144 1144 
1159 1159 1144 1144 
1159 1159 1161 1161 
1167 1167 1161 1161 
1175 1175 1161 1161 
1175 1175 1178 1178 
1197 1197 1178 1178 
1197 1197 1207 1207 
1208 1197 1208 1207 
1208 1197 1217 1217 
1219 1197 1219 1217 
1219 1197 1226 1226 
1228 1197 1228 1226 
1238 1197 1238 1226 
1246 1197 1246 1226 
1255 1197 1255 1226 
1255 1278 1255 1278 
1285 1278 1285 1278 
1306 1278 1306 1278 
1306 1278 1306 1306 
1313 1278 1313 1306 
1323 1278 1313 1323 
1327 1278 1327 1323 
1341 1278 1341 1323 
1345 1278 1341 1345 
1345 1345 1341 1345 
1345 1345 1356 1356 
1362 1362 1356 1356 
1362 1362 1369 1369 
1376 1376 1369 1369 
1376 1376 1376 1376 
1376 1376 1395 1395 
1420.0 1426.0 1426.0 1395.0 
;
EXECUTION TIME HBSS: 2128.991817 seconds 

-------------------------------------------------------------------
