DATFILE : offices1_6r_250.dat
ENVIRONMENT : office
ALGORITHM : HBSS - TAU 9
RANGE : 250
STARTING_POS : 42
N_ROBOTS : 6
GREEDY SOLUTION : 875.0
COMPUTATIONS T :
841.0
875.0
875.0
875.0
875.0
875.0
869.0
875.0
875.0
863.0
875.0
875.0
859.0
875.0
957.0
875.0
910.0
875.0
871.0
875.0
875.0
875.0
875.0
875.0
875.0
875.0
947.0
875.0
875.0
875.0
875.0
875.0
875.0
898.0
875.0
875.0
875.0
875.0
875.0
875.0
875.0
875.0
917.0
875.0
875.0
847.0
875.0
846.0
875.0
875.0
875.0
892.0
875.0
876.0
875.0
875.0
921.0
875.0
875.0
875.0
875.0
890.0
875.0
875.0
858.0
875.0
875.0
875.0
875.0
854.0
875.0
875.0
897.0
875.0
875.0
888.0
875.0
875.0
869.0
875.0
875.0
875.0
875.0
875.0
875.0
875.0
875.0
879.0
875.0
875.0
875.0
875.0
875.0
929.0
875.0
875.0
875.0
875.0
851.0
875.0
875.0
875.0
875.0
933.0
893.0
875.0
882.0
875.0
957.0
875.0
875.0
892.0
875.0
875.0
875.0
875.0
875.0
875.0
875.0
882.0
875.0
865.0
859.0
876.0
863.0
875.0
908.0
888.0
910.0
875.0
875.0
875.0
884.0
875.0
884.0
875.0
923.0
875.0
875.0
875.0
875.0
875.0
875.0
875.0
875.0
875.0
875.0
869.0
875.0
875.0
930.0
875.0
875.0
875.0
875.0
875.0
875.0
929.0
875.0
875.0
875.0
875.0
875.0
855.0
875.0
875.0
875.0
940.0
875.0
884.0
875.0
834.0
875.0
875.0
892.0
875.0
858.0
875.0
875.0
875.0
875.0
875.0
882.0
875.0
887.0
875.0
875.0
875.0
875.0
875.0
875.0
964.0
854.0
851.0
875.0
875.0
875.0
894.0
875.0
875.0
;
HBBS bestT : 834.0
BEST_CONFIGURATIONS : 
42 42 42 42 42 42 
41 42 42 42 42 42 
41 42 5 24 42 42 
41 42 5 24 42 42 
41 42 5 24 42 42 
41 42 5 24 42 42 
41 42 5 24 42 42 
41 42 5 24 36 42 
41 42 5 24 36 42 
41 42 5 24 36 42 
41 42 5 24 36 40 
41 42 5 24 36 40 
41 42 5 24 36 40 
41 42 5 24 36 40 
41 42 5 24 36 40 
41 42 5 24 36 40 
41 42 5 4 36 40 
41 42 5 4 36 40 
41 42 5 4 36 40 
41 42 5 4 36 40 
41 42 5 4 36 40 
41 42 24 4 36 40 
36 42 24 4 35 40 
36 41 24 4 35 40 
36 41 24 4 35 40 
36 41 24 4 35 40 
36 41 24 4 35 40 
36 41 24 4 34 40 
36 41 24 4 34 40 
36 41 4 4 34 40 
36 41 4 24 34 40 
36 41 4 24 34 40 
36 41 4 5 34 40 
35 42 4 5 34 40 
35 42 4 5 34 40 
35 42 4 5 34 40 
35 42 4 5 34 40 
35 42 4 5 34 39 
35 42 4 5 34 39 
35 42 4 5 34 39 
35 42 4 5 34 39 
35 42 24 5 34 39 
34 42 24 5 33 39 
34 41 24 5 33 39 
34 41 24 5 33 39 
34 41 24 5 33 39 
34 41 24 5 33 39 
34 41 24 5 33 39 
34 41 4 5 33 39 
35 41 4 5 33 39 
35 41 4 5 33 26 
35 41 4 5 33 26 
35 41 4 24 33 26 
35 41 4 24 33 26 
35 36 4 24 33 26 
35 36 4 24 33 27 
35 36 4 24 33 27 
35 36 4 3 33 27 
35 36 4 3 33 32 
35 36 4 3 33 32 
35 36 4 3 33 32 
35 36 4 3 33 32 
35 36 4 3 33 32 
35 36 4 3 33 32 
35 36 4 3 33 32 
35 36 4 3 33 32 
35 36 4 3 33 27 
35 36 24 3 33 27 
34 36 24 3 33 27 
34 36 24 3 33 27 
34 36 24 3 32 27 
34 41 24 3 32 27 
34 41 24 3 32 27 
34 41 24 3 32 27 
34 41 24 3 32 26 
34 41 24 3 32 26 
34 41 24 3 27 26 
34 41 5 3 27 26 
34 40 5 3 27 26 
34 40 5 3 27 26 
34 40 5 3 27 26 
33 40 5 3 27 26 
33 40 5 3 32 26 
33 40 5 3 32 26 
33 40 5 23 32 26 
33 40 5 23 32 26 
33 40 4 23 32 26 
33 40 4 23 27 26 
33 40 4 23 27 26 
33 40 4 23 32 26 
33 40 24 23 32 26 
33 40 24 23 32 38 
33 40 24 23 32 38 
33 40 24 23 32 38 
33 39 24 23 32 38 
33 39 24 23 32 38 
33 39 24 23 32 38 
33 39 5 23 32 38 
34 39 5 23 32 38 
34 39 5 23 32 38 
34 39 5 23 27 38 
34 39 5 23 27 38 
34 39 5 2 27 38 
34 39 5 2 31 38 
34 39 5 2 31 38 
34 39 5 2 31 38 
34 39 5 2 31 38 
34 39 5 2 31 38 
34 39 5 2 31 38 
34 39 5 2 31 38 
34 39 5 2 27 38 
35 39 5 2 27 38 
35 26 5 2 27 38 
35 26 5 2 27 38 
35 26 24 2 27 38 
35 26 24 2 32 38 
35 26 4 2 32 38 
35 23 4 2 32 38 
35 23 4 2 32 38 
35 23 4 2 32 37 
35 23 4 2 32 37 
35 23 4 2 32 37 
35 23 4 2 32 43 
35 23 4 2 33 43 
35 23 3 2 33 43 
35 23 3 2 33 43 
35 23 3 2 33 25 
35 23 3 2 33 25 
27 23 3 2 33 25 
27 26 3 2 33 25 
31 26 3 2 33 25 
31 26 3 2 33 25 
31 26 3 23 33 25 
31 26 3 23 27 25 
31 26 3 23 27 25 
31 26 3 23 32 25 
31 38 3 23 32 25 
31 38 3 23 32 25 
31 38 3 1 32 25 
31 38 3 1 32 25 
31 38 3 1 32 25 
31 38 3 1 32 25 
31 38 3 1 32 25 
31 38 3 1 27 25 
30 26 3 1 27 25 
30 26 3 1 27 25 
30 26 3 1 27 25 
30 26 3 1 27 25 
30 26 3 1 27 25 
30 26 23 1 27 25 
30 26 23 1 27 25 
30 26 23 1 32 25 
30 38 23 1 32 25 
30 38 23 1 32 0 
30 38 23 1 32 0 
30 38 23 1 32 0 
30 38 23 1 32 0 
30 38 23 1 32 0 
30 38 23 1 27 0 
30 38 2 1 27 0 
30 38 2 1 27 0 
30 38 2 1 27 0 
30 26 2 1 27 0 
30 26 2 1 31 0 
30 26 2 1 31 0 
30 39 2 1 31 0 
30 39 2 1 31 0 
30 39 2 1 31 0 
30 39 3 1 31 0 
30 39 3 1 31 0 
29 39 3 1 31 0 
29 39 3 1 31 0 
29 39 3 1 27 0 
29 39 3 1 27 0 
29 39 3 1 32 0 
29 26 3 1 32 0 
29 26 23 1 32 0 
29 26 23 1 32 25 
29 26 23 0 32 25 
29 26 23 0 33 25 
29 38 23 0 33 25 
29 38 1 0 33 25 
30 38 1 0 33 25 
30 37 1 0 33 25 
30 37 1 0 33 43 
30 37 1 0 33 43 
30 37 1 0 33 43 
30 37 1 0 33 43 
30 37 1 0 33 43 
30 37 1 0 33 43 
29 37 1 0 33 43 
29 37 1 0 33 43 
29 37 1 25 33 43 
29 37 1 25 27 43 
29 37 1 25 27 43 
29 37 26 25 27 43 
29 37 26 25 27 43 
28 37 26 25 27 43 
28 37 26 25 27 43 
28 37 26 25 27 43 
28 37 26 25 27 43 
28 37 26 25 27 43 
28 37 26 25 32 43 
28 37 23 25 32 43 
28 38 23 25 32 43 
28 38 23 25 32 37 
28 38 23 0 32 37 
28 38 23 0 32 43 
28 38 1 0 32 43 
28 38 1 0 31 43 
28 38 1 0 31 43 
28 37 1 0 31 43 
29 37 1 0 31 43 
29 37 1 0 31 28 
29 37 1 0 30 28 
29 37 1 39 30 28 
29 37 26 39 30 28 
29 37 26 39 30 28 
28 37 26 39 30 17 
28 37 26 39 30 17 
28 37 26 39 30 17 
28 37 26 39 29 17 
28 37 26 38 29 17 
28 43 26 38 29 17 
28 43 27 38 29 17 
28 43 27 38 30 17 
19 37 27 38 30 17 
19 37 31 38 30 17 
19 37 31 38 30 17 
19 37 31 38 30 17 
19 37 31 38 30 17 
19 37 31 43 30 17 
19 37 31 43 29 17 
19 37 31 43 29 28 
19 25 31 43 29 17 
19 25 33 43 31 17 
16 25 33 17 31 17 
16 25 33 17 31 17 
16 25 33 17 31 28 
16 25 27 17 31 28 
16 25 27 17 30 28 
16 25 27 19 30 28 
16 25 27 19 30 29 
6 17 27 19 30 29 
6 17 27 16 30 29 
6 17 27 16 19 29 
22 17 27 16 19 29 
22 17 19 16 19 29 
22 17 19 6 19 29 
22 17 19 6 19 27 
22 17 19 6 16 27 
22 17 19 6 16 31 
7 17 19 6 16 31 
7 17 19 6 16 31 
7 17 19 6 16 31 
7 17 19 6 16 31 
22 17 19 6 16 29 
7 17 19 22 16 29 
7 17 19 22 16 30 
6 17 19 10 16 30 
6 16 19 10 16 30 
6 16 7 10 16 30 
6 16 7 10 22 30 
6 16 7 11 22 30 
6 16 7 11 15 30 
6 16 7 11 15 30 
6 16 7 11 15 30 
6 16 7 11 15 30 
6 16 7 11 15 30 
6 16 7 11 15 30 
6 16 7 11 15 17 
6 16 22 11 15 17 
6 16 22 11 15 17 
6 16 22 11 15 28 
6 19 22 11 15 28 
6 19 22 21 15 28 
6 19 7 21 15 28 
6 19 7 21 15 28 
6 19 7 21 15 29 
6 19 22 21 15 29 
6 19 22 21 15 30 
22 19 22 8 15 30 
22 19 7 8 15 30 
22 19 7 8 15 30 
22 43 7 8 15 30 
22 43 7 8 15 31 
22 37 7 8 15 31 
10 37 7 8 15 31 
10 37 7 8 15 31 
10 37 7 8 15 27 
10 38 7 8 15 27 
10 38 15 8 15 32 
10 38 15 21 15 32 
10 38 15 21 15 32 
10 26 15 21 15 32 
10 26 15 21 15 27 
10 26 15 21 13 27 
10 26 15 21 13 27 
10 26 15 21 13 27 
10 26 15 21 13 27 
10 26 15 21 13 27 
10 26 15 21 13 32 
10 26 15 8 13 32 
10 39 15 8 13 32 
10 39 15 8 13 32 
11 39 15 8 13 32 
11 39 15 8 13 32 
11 39 15 8 13 33 
11 39 15 8 13 33 
11 23 15 8 13 33 
11 23 15 21 13 33 
11 23 15 21 13 33 
11 23 22 21 13 33 
11 23 22 21 13 34 
21 23 22 8 13 34 
21 38 22 8 13 34 
21 38 22 8 13 35 
11 38 10 8 13 35 
11 38 10 12 13 35 
11 38 10 12 13 35 
11 38 10 12 13 35 
11 39 10 12 13 36 
11 39 10 12 13 36 
11 39 10 20 13 36 
11 39 10 20 13 36 
11 39 10 20 13 36 
11 39 10 20 13 36 
11 40 10 20 13 36 
11 40 10 9 13 36 
11 40 21 9 13 36 
11 39 21 9 13 40 
11 39 8 9 13 40 
10 39 8 9 14 40 
10 39 8 9 14 40 
10 39 8 9 14 40 
10 39 8 9 14 40 
10 39 21 9 14 40 
10 26 21 9 14 40 
10 26 21 20 14 40 
10 26 21 20 14 40 
11 26 21 20 14 40 
11 27 21 20 14 40 
11 27 8 20 14 40 
11 27 8 20 14 35 
11 27 8 20 14 35 
11 32 8 20 14 35 
11 32 8 20 14 34 
11 32 8 20 14 34 
22 32 8 20 14 34 
22 33 8 20 14 34 
22 33 12 20 14 34 
22 33 12 20 14 34 
7 33 12 20 14 34 
7 33 12 9 14 34 
7 31 12 9 14 34 
6 31 12 9 14 34 
6 31 20 9 14 34 
6 31 20 9 14 18 
6 31 20 9 14 18 
6 30 20 9 14 18 
16 30 20 9 14 18 
16 29 20 9 14 18 
16 29 12 9 14 18 
16 29 21 12 14 18 
16 17 21 12 14 18 
16 17 8 12 14 18 
15 17 8 12 14 18 
13 16 8 12 14 18 
13 16 8 12 14 18 
13 16 8 12 14 31 
13 16 8 12 14 30 
13 16 8 12 14 29 
13 16 18 36 14 29 
13 17 18 36 14 29 
13 17 18 41 14 29 
13 17 18 40 14 29 
13 17 18 40 14 33 
13 17 18 40 14 34 
13 17 18 40 14 35 
13 1 18 4 14 35 
13 1 18 24 14 35 
13 1 42 3 14 35 
13 2 42 3 40 35 
42 42 42 42 42 42 
;
ROBOT MOVING BEST:
0 0 0 0 0 0 
1 1 0 0 0 0 
0 0 1 1 0 0 
1 0 1 0 0 0 
1 0 0 1 0 0 
0 1 1 0 0 0 
0 1 0 1 0 0 
0 0 1 0 1 0 
1 0 0 0 1 0 
0 1 0 0 1 0 
0 0 1 0 0 1 
1 0 0 0 0 1 
0 1 0 0 0 1 
0 0 0 1 1 0 
0 0 0 1 0 1 
0 0 0 0 1 1 
1 0 0 1 0 0 
0 1 0 1 0 0 
0 0 1 1 0 0 
0 0 0 1 1 0 
0 0 0 1 0 1 
0 0 1 1 0 0 
1 0 0 0 1 0 
0 1 0 0 1 0 
0 0 1 0 1 0 
0 0 0 1 1 0 
0 0 0 0 1 1 
1 0 0 0 1 0 
0 1 0 0 1 0 
0 0 1 0 1 0 
0 0 0 1 1 0 
0 0 0 0 1 1 
0 0 0 1 1 0 
1 1 0 0 0 0 
1 0 0 1 0 0 
1 0 0 0 1 0 
0 1 0 0 1 0 
1 0 0 0 0 1 
0 0 1 0 0 1 
0 0 0 1 0 1 
0 0 0 0 1 1 
0 0 1 0 0 1 
1 0 0 0 1 0 
0 1 0 0 1 0 
0 1 0 0 0 1 
0 0 1 0 1 0 
0 0 0 1 1 0 
0 0 0 0 1 1 
0 0 1 0 1 0 
1 0 0 0 1 0 
1 0 0 0 0 1 
0 0 1 0 0 1 
0 0 0 1 0 1 
0 0 0 0 1 1 
0 1 0 0 1 0 
1 0 0 0 0 1 
0 0 0 0 1 1 
1 0 0 1 0 0 
1 0 0 0 0 1 
0 1 0 1 0 0 
0 1 0 0 0 1 
0 0 1 1 0 0 
0 0 1 0 0 1 
0 0 0 1 1 0 
0 0 0 1 0 1 
0 0 0 0 1 1 
0 0 0 1 0 1 
0 0 1 1 0 0 
1 0 0 1 0 0 
1 0 0 0 0 1 
1 0 0 0 1 0 
0 1 0 1 0 0 
0 0 1 0 1 0 
0 0 0 0 1 1 
1 0 0 0 0 1 
0 0 0 1 0 1 
0 0 0 0 1 1 
0 0 1 1 0 0 
0 1 0 1 0 0 
0 1 0 0 1 0 
0 1 0 0 0 1 
1 1 0 0 0 0 
0 1 0 0 1 0 
0 0 0 0 1 1 
1 0 0 1 0 0 
0 1 0 1 0 0 
0 0 1 1 0 0 
0 0 0 1 1 0 
0 0 0 1 0 1 
0 0 0 1 1 0 
0 0 1 1 0 0 
1 0 0 0 0 1 
0 0 0 1 0 1 
0 0 0 0 1 1 
0 1 0 1 0 0 
0 1 0 0 1 0 
0 1 0 0 0 1 
0 0 1 1 0 0 
1 0 0 1 0 0 
1 0 0 0 0 1 
0 1 0 0 1 0 
0 0 0 0 1 1 
1 0 0 1 0 0 
1 0 0 0 1 0 
0 1 0 1 0 0 
0 1 0 0 1 0 
0 0 1 1 0 0 
0 0 0 1 1 0 
0 0 0 1 0 1 
0 0 0 0 1 1 
0 0 0 1 1 0 
1 0 0 1 0 0 
0 1 0 1 0 0 
0 1 0 0 0 1 
0 0 1 1 0 0 
0 0 0 1 1 0 
0 0 1 1 0 0 
1 1 0 0 0 0 
0 1 0 1 0 0 
0 1 0 0 0 1 
0 0 0 1 0 1 
0 0 0 0 1 1 
0 1 0 0 0 1 
0 0 0 1 1 0 
0 1 1 0 0 0 
0 0 1 1 0 0 
0 1 0 0 0 1 
0 0 0 1 0 1 
1 0 0 0 0 1 
0 1 0 0 0 1 
1 1 0 0 0 0 
1 0 1 0 0 0 
1 0 0 1 0 0 
1 0 0 0 1 0 
1 0 0 0 0 1 
1 0 0 0 1 0 
0 1 1 0 0 0 
0 1 0 0 0 1 
1 0 0 1 0 0 
0 1 0 1 0 0 
0 0 1 1 0 0 
0 0 0 1 1 0 
0 0 0 1 0 1 
0 0 0 1 1 0 
1 1 0 0 0 0 
1 0 0 1 0 0 
1 0 0 0 1 0 
1 0 0 0 0 1 
0 1 0 1 0 0 
1 0 1 0 0 0 
0 0 1 1 0 0 
1 0 0 0 1 0 
1 1 0 0 0 0 
1 0 0 0 0 1 
0 1 0 0 0 1 
0 0 1 0 0 1 
0 0 0 1 0 1 
0 0 0 0 1 1 
0 0 0 0 1 1 
1 0 1 0 0 0 
0 0 1 1 0 0 
0 0 1 0 0 1 
0 1 0 0 0 1 
1 0 0 0 1 0 
0 0 0 0 1 1 
1 1 0 0 0 0 
0 1 0 1 0 0 
0 1 0 0 0 1 
0 1 1 0 0 0 
0 0 1 0 0 1 
1 1 0 0 0 0 
1 0 0 1 0 0 
1 0 0 0 1 0 
1 0 0 0 0 1 
1 0 0 0 1 0 
1 1 0 0 0 0 
1 0 1 0 0 0 
1 0 0 0 0 1 
0 0 0 1 0 1 
1 0 0 0 1 0 
1 1 0 0 0 0 
0 0 1 0 1 0 
1 0 0 0 1 0 
1 1 0 0 0 0 
1 0 0 0 0 1 
0 1 1 0 0 0 
0 1 0 1 0 0 
0 1 0 0 0 1 
0 0 1 0 0 1 
0 0 0 1 0 1 
1 1 0 0 0 0 
1 0 0 0 0 1 
0 1 0 1 0 0 
0 1 0 0 1 0 
0 0 0 1 0 1 
0 1 1 0 0 0 
0 0 1 0 0 1 
1 1 0 0 0 0 
1 0 1 0 0 0 
1 0 0 1 0 0 
1 0 0 0 1 0 
1 0 0 0 0 1 
1 0 0 0 1 0 
1 0 1 0 0 0 
1 1 0 0 0 0 
0 1 0 0 0 1 
1 0 0 1 0 0 
0 1 0 0 0 1 
1 0 1 0 0 0 
1 0 0 0 1 0 
0 0 0 0 1 1 
0 1 0 0 1 0 
1 0 0 0 1 0 
1 0 0 0 0 1 
1 0 0 0 1 0 
0 1 0 1 0 0 
0 0 1 1 0 0 
0 0 0 0 1 1 
1 0 0 0 0 1 
0 1 0 0 0 1 
0 0 1 0 0 1 
0 0 0 0 1 1 
0 0 0 1 0 1 
0 1 0 0 0 1 
0 0 1 0 0 1 
0 0 0 0 1 1 
1 1 0 0 0 0 
1 0 1 0 0 0 
1 0 0 0 1 0 
1 0 0 0 0 1 
0 0 1 0 0 1 
1 0 0 1 0 0 
1 0 0 0 1 0 
1 0 0 0 0 1 
0 1 0 0 0 1 
0 0 1 0 1 0 
1 0 0 1 0 0 
1 0 0 0 1 0 
1 0 0 0 0 1 
1 0 1 0 0 0 
1 0 0 0 1 0 
1 0 0 1 0 0 
1 0 0 0 0 1 
1 1 0 0 0 0 
1 0 0 1 0 0 
1 0 0 0 1 0 
1 1 0 0 0 0 
1 0 1 0 0 0 
1 0 0 1 0 0 
1 0 0 0 0 1 
1 0 0 0 1 0 
1 0 0 0 0 1 
1 1 0 0 0 0 
1 0 1 0 0 0 
1 0 0 1 0 0 
1 0 0 0 1 0 
1 0 0 0 0 1 
1 0 0 1 0 0 
0 0 0 1 0 1 
1 0 0 1 0 0 
0 1 0 1 0 0 
0 0 1 1 0 0 
0 0 0 1 1 0 
1 0 0 1 0 0 
1 0 0 0 1 0 
0 1 0 1 0 0 
0 1 0 0 1 0 
0 0 1 1 0 0 
0 0 1 0 1 0 
0 0 0 1 1 0 
0 0 0 0 1 1 
0 0 1 1 0 0 
0 0 1 0 1 0 
0 0 0 0 1 1 
0 1 0 0 1 0 
1 0 0 1 0 0 
0 0 1 1 0 0 
0 0 0 1 1 0 
0 0 0 0 1 1 
0 0 1 1 0 0 
0 0 0 0 1 1 
1 0 0 1 0 0 
0 0 1 1 0 0 
0 0 0 1 1 0 
0 1 0 0 1 0 
0 0 0 0 1 1 
0 1 0 0 1 0 
1 0 0 1 0 0 
1 0 0 0 1 0 
0 0 0 0 1 1 
0 1 0 0 1 0 
0 0 1 0 0 1 
1 0 0 1 0 0 
0 0 0 1 0 1 
0 1 1 0 0 0 
0 0 0 1 0 1 
1 0 0 0 1 0 
0 1 0 0 1 0 
0 0 1 0 1 0 
0 0 0 1 1 0 
0 0 0 0 1 1 
0 0 0 0 1 1 
0 0 0 1 1 0 
0 1 1 0 0 0 
0 1 0 0 1 0 
1 0 0 1 0 0 
1 0 0 0 1 0 
0 0 1 0 0 1 
0 0 0 0 1 1 
0 1 0 0 1 0 
1 0 0 1 0 0 
0 0 0 1 0 1 
0 0 1 0 1 0 
0 0 0 0 1 1 
1 0 0 1 0 0 
0 1 0 0 1 0 
0 0 0 0 1 1 
1 0 1 0 0 0 
1 0 0 1 0 0 
0 0 1 1 0 0 
0 0 0 1 1 0 
0 1 0 0 0 1 
0 0 0 0 1 1 
1 0 0 1 0 0 
0 0 1 1 0 0 
0 0 0 1 1 0 
0 0 0 1 0 1 
0 1 0 0 1 0 
1 0 0 1 0 0 
0 0 1 1 0 0 
0 1 0 0 0 1 
0 0 1 1 0 0 
1 0 0 0 1 0 
0 1 0 0 1 0 
0 0 1 0 1 0 
0 0 0 1 1 0 
0 0 1 0 1 0 
0 1 0 0 1 0 
0 0 1 1 0 0 
0 0 0 1 1 0 
1 0 0 0 1 0 
0 1 0 0 1 0 
0 0 1 1 0 0 
0 0 0 1 0 1 
0 0 0 0 1 1 
0 1 0 0 1 0 
0 0 0 1 0 1 
0 0 0 0 1 1 
1 0 0 0 1 0 
0 1 0 0 1 0 
0 0 1 1 0 0 
0 0 1 0 1 0 
1 0 0 0 1 0 
0 0 1 1 0 0 
0 1 0 0 1 0 
1 0 0 0 1 0 
0 0 1 1 0 0 
0 0 1 0 0 1 
0 0 0 1 0 1 
0 1 0 0 1 0 
1 0 0 0 1 0 
0 1 0 0 1 0 
0 0 1 0 0 1 
0 0 1 1 0 0 
0 1 0 0 1 0 
0 0 1 1 0 0 
1 0 0 0 1 0 
1 1 0 0 0 0 
1 0 0 0 1 0 
1 0 0 0 0 1 
1 0 0 0 0 1 
1 0 0 0 0 1 
0 0 1 1 0 0 
1 1 0 0 0 0 
0 0 1 1 0 0 
0 0 1 1 0 0 
0 0 1 0 0 1 
0 0 1 0 0 1 
0 0 1 0 0 1 
0 1 0 1 0 0 
0 1 0 1 0 0 
0 0 1 1 0 0 
0 1 0 0 1 0 
1 1 0 1 1 1 
;
TIMETABLE BEST: 
0.0 0.0 0.0 0.0 0.0 0.0 
10 10 0 0 0 0 
10 10 18 18 0 0 
18 10 18 18 0 0 
18 10 18 18 0 0 
18 18 18 18 0 0 
18 18 18 18 0 0 
18 18 19 18 19 0 
19 18 19 18 19 0 
19 19 19 18 19 0 
19 19 19 18 19 19 
19 19 19 18 19 19 
19 19 19 18 19 19 
19 19 19 19 19 19 
19 19 19 19 19 19 
19 19 19 19 19 19 
26 19 19 26 19 19 
26 26 19 26 19 19 
26 26 26 26 19 19 
26 26 26 26 26 19 
26 26 26 26 26 26 
26 26 34 34 26 26 
36 26 34 34 36 26 
36 36 34 34 36 26 
36 36 36 34 36 26 
36 36 36 36 36 26 
36 36 36 36 36 36 
44 36 36 36 44 36 
44 44 36 36 44 36 
44 44 44 36 44 36 
44 44 44 44 44 36 
44 44 44 44 44 44 
44 44 44 52 52 44 
54 54 44 52 52 44 
54 54 44 54 52 44 
54 54 44 54 54 44 
54 54 44 54 54 44 
55 54 44 54 54 55 
55 54 55 54 54 55 
55 54 55 55 54 55 
55 54 55 55 55 55 
55 54 62 55 55 62 
64 54 62 55 64 62 
64 64 62 55 64 62 
64 64 62 55 64 64 
64 64 64 55 64 64 
64 64 64 64 64 64 
64 64 64 64 64 64 
64 64 71 64 71 64 
72 64 71 64 72 64 
72 64 71 64 72 72 
72 64 72 64 72 72 
72 64 72 72 72 72 
72 64 72 72 72 72 
72 73 72 72 73 72 
79 73 72 72 73 79 
79 73 72 72 79 79 
85 73 72 85 79 79 
85 73 72 85 79 85 
85 85 72 85 79 85 
85 85 72 85 79 85 
85 85 85 85 79 85 
85 85 85 85 79 85 
85 85 85 85 85 85 
85 85 85 85 85 85 
85 85 85 85 85 85 
85 85 85 91 85 91 
85 85 92 92 85 91 
93 85 92 93 85 91 
93 85 92 93 85 93 
94 85 92 93 94 93 
94 94 92 94 94 93 
94 94 94 94 94 93 
94 94 94 94 94 94 
101 94 94 94 94 101 
101 94 94 101 94 101 
101 94 94 101 101 101 
101 94 102 102 101 101 
101 105 102 105 101 101 
101 105 102 105 105 101 
101 105 102 105 105 105 
110 110 102 105 105 105 
110 111 102 105 111 105 
110 111 102 105 111 111 
118 111 102 118 111 111 
118 118 102 118 111 111 
118 118 118 118 111 111 
118 118 118 118 118 111 
118 118 118 118 118 118 
118 118 118 124 124 118 
118 118 125 125 124 118 
126 118 125 125 124 126 
126 118 125 126 124 126 
126 118 125 126 126 126 
126 129 125 129 126 126 
126 129 125 129 129 126 
126 129 125 129 129 129 
126 129 133 133 129 129 
135 129 133 135 129 129 
135 129 133 135 129 135 
135 135 133 135 135 135 
135 135 133 135 135 135 
142 135 133 142 135 135 
142 135 133 142 142 135 
142 142 133 142 142 135 
142 142 133 142 142 135 
142 142 142 142 142 135 
142 142 142 142 142 135 
142 142 142 142 142 142 
142 142 142 142 142 142 
142 142 142 149 149 142 
150 142 142 150 149 142 
150 150 142 150 149 142 
150 150 142 150 149 150 
150 150 150 150 149 150 
150 150 150 155 155 150 
150 150 157 157 155 150 
158 158 157 157 155 150 
158 158 157 158 155 150 
158 159 157 158 155 159 
158 159 157 159 155 159 
158 159 157 159 159 159 
158 165 157 159 159 165 
158 165 157 168 168 165 
158 171 171 168 168 165 
158 171 171 171 168 165 
158 176 171 171 168 176 
158 176 171 176 168 176 
178 176 171 176 168 178 
178 184 171 176 168 184 
185 185 171 176 168 184 
185 185 185 176 168 184 
185 185 185 185 168 184 
185 185 185 185 185 184 
185 185 185 185 185 185 
191 185 185 185 191 185 
191 193 193 185 191 185 
191 193 193 185 191 193 
195 193 193 195 191 193 
195 195 193 195 191 193 
195 195 195 195 191 193 
195 195 195 195 195 193 
195 195 195 195 195 195 
195 195 195 201 201 195 
203 203 195 201 201 195 
203 203 195 203 201 195 
203 203 195 203 203 195 
203 203 195 203 203 203 
203 203 195 203 203 203 
208 203 208 203 203 203 
208 203 208 208 203 203 
209 203 208 208 209 203 
211 211 208 208 209 203 
213 211 208 208 209 213 
213 213 208 208 209 213 
213 213 213 208 209 213 
213 213 213 213 209 213 
213 213 213 213 213 213 
213 213 213 213 219 219 
220 213 220 213 219 219 
220 213 220 220 219 219 
220 213 220 220 219 220 
220 221 220 220 219 221 
226 221 220 220 226 221 
226 221 220 220 226 226 
229 229 220 220 226 226 
229 229 220 229 226 226 
229 229 220 229 226 229 
229 234 234 229 226 229 
229 234 234 229 226 234 
237 237 234 229 226 234 
237 237 234 237 226 234 
237 237 234 237 237 234 
237 237 234 237 237 237 
243 237 234 237 243 237 
245 245 234 237 243 237 
247 245 247 237 243 237 
247 245 247 237 243 247 
247 245 247 251 243 251 
252 245 247 251 252 251 
253 253 247 251 252 251 
253 253 257 251 257 251 
261 253 257 251 261 251 
262 262 257 251 261 251 
262 262 257 251 261 262 
262 262 262 251 261 262 
262 262 262 262 261 262 
262 262 262 262 261 262 
262 262 262 262 261 262 
262 262 262 262 261 262 
270 270 262 262 261 262 
270 270 262 262 261 270 
270 272 262 272 261 270 
270 272 262 272 272 270 
270 272 262 272 272 272 
270 278 278 272 272 272 
270 278 278 272 272 278 
279 279 278 272 272 278 
279 279 279 272 272 278 
279 279 279 279 272 278 
279 279 279 279 279 278 
279 279 279 279 279 279 
285 279 279 279 285 279 
287 279 287 279 285 279 
288 288 287 279 285 279 
288 288 287 279 285 288 
289 288 287 289 285 288 
289 294 287 289 285 294 
297 294 297 289 285 294 
298 294 297 289 298 294 
298 294 297 289 298 298 
298 303 297 289 303 298 
307 303 297 289 307 298 
312 303 297 289 307 312 
315 303 297 289 315 312 
315 315 297 315 315 312 
315 315 315 315 315 312 
315 315 315 315 315 315 
325 315 315 315 315 325 
325 325 315 315 315 325 
325 325 325 315 315 325 
325 325 325 315 325 325 
325 325 325 327 325 327 
325 331 325 327 325 331 
325 331 332 327 325 332 
325 331 332 327 333 333 
339 339 332 327 333 333 
339 339 339 327 333 333 
339 339 339 327 339 333 
339 339 339 327 339 339 
339 339 339 327 339 339 
342 339 339 342 339 339 
347 339 339 342 347 339 
349 339 339 342 347 349 
349 359 339 342 347 359 
349 359 359 342 359 359 
363 359 359 363 359 359 
363 359 359 363 363 359 
369 359 359 363 363 369 
370 359 370 363 363 369 
371 359 370 363 371 369 
375 359 370 375 371 369 
378 359 370 375 371 378 
392 392 370 375 371 378 
392 392 370 392 371 378 
394 392 370 392 394 378 
406 406 370 392 394 378 
406 406 406 392 394 378 
406 406 406 406 394 378 
406 406 406 406 394 406 
408 406 406 406 408 406 
413 406 406 406 408 413 
419 419 406 406 408 413 
419 419 419 406 408 413 
419 419 419 419 408 413 
419 419 419 419 419 413 
425 419 419 419 419 425 
431 419 419 431 419 425 
431 419 419 433 419 433 
446 419 419 446 419 433 
446 446 419 446 419 433 
446 446 446 446 419 433 
446 446 446 446 446 433 
459 446 446 459 446 433 
459 446 446 459 459 433 
459 459 446 459 459 433 
459 459 446 459 459 433 
459 459 459 459 459 433 
459 459 459 459 459 433 
459 459 459 459 459 433 
459 459 459 459 459 459 
459 459 465 465 459 459 
459 459 465 465 465 459 
459 459 465 465 469 469 
459 473 465 465 473 469 
475 473 465 475 473 469 
475 473 475 475 473 469 
475 473 475 475 475 469 
475 473 475 475 478 478 
475 473 481 481 478 478 
475 473 481 481 486 486 
488 473 481 488 486 486 
488 473 488 488 486 486 
488 473 488 488 488 486 
488 491 488 488 491 486 
488 491 488 488 494 494 
488 497 488 488 497 494 
501 497 488 501 497 494 
501 497 488 501 501 494 
501 497 488 501 501 501 
501 506 488 501 506 501 
501 506 507 501 506 507 
508 506 507 508 506 507 
508 506 507 508 506 508 
508 514 514 508 506 508 
508 514 514 514 506 514 
520 514 514 514 520 514 
520 520 514 514 520 514 
520 520 520 514 520 514 
520 520 520 520 520 514 
520 520 520 520 520 520 
520 520 520 520 526 526 
520 520 520 527 527 526 
520 528 528 527 527 526 
520 528 528 527 528 526 
533 528 528 533 528 526 
533 528 528 533 533 526 
533 528 535 533 533 535 
533 528 535 533 535 535 
533 538 535 533 538 535 
540 538 535 540 538 535 
540 538 535 540 538 540 
540 538 548 540 548 540 
540 538 548 540 549 549 
550 538 548 550 549 549 
550 550 548 550 550 549 
550 550 548 550 557 557 
561 550 561 550 557 557 
564 550 561 564 557 557 
564 550 564 564 557 557 
564 550 564 564 564 557 
564 567 564 564 564 567 
564 567 564 564 567 567 
574 567 564 574 567 567 
574 567 574 574 567 567 
574 567 574 574 574 567 
574 567 574 574 574 574 
574 578 574 574 578 574 
583 578 574 583 578 574 
583 578 587 587 578 574 
583 590 587 587 578 590 
583 590 594 594 578 590 
596 590 594 594 596 590 
596 596 594 594 596 590 
596 596 596 594 596 590 
596 596 596 596 596 590 
596 596 603 596 603 590 
596 604 603 596 604 590 
596 604 605 605 604 590 
596 604 605 605 605 590 
609 604 605 605 609 590 
609 611 605 605 611 590 
609 611 612 612 611 590 
609 611 612 616 611 616 
609 611 612 616 616 616 
609 617 612 616 617 616 
609 617 612 624 617 624 
609 617 612 624 624 624 
625 617 612 624 625 624 
625 626 612 624 626 624 
625 626 626 626 626 624 
625 626 626 626 626 624 
631 626 626 626 631 624 
631 626 635 635 631 624 
631 644 635 635 644 624 
645 644 635 635 645 624 
645 644 645 645 645 624 
645 644 650 645 645 650 
645 644 650 650 645 650 
645 652 650 650 652 650 
659 652 650 650 659 650 
659 660 650 650 660 650 
659 660 660 650 660 660 
659 660 673 673 660 660 
659 675 673 673 675 660 
659 675 680 680 675 660 
688 675 680 680 688 660 
702 702 680 680 688 660 
702 702 680 680 702 660 
705 702 680 680 702 705 
713 702 680 680 702 713 
721 702 680 680 702 721 
721 702 725 725 702 721 
728 728 725 725 702 721 
728 728 734 734 702 721 
728 728 745 745 702 721 
728 728 747 745 702 747 
728 728 756 745 702 756 
728 728 764 745 702 764 
728 775 764 775 702 764 
728 782 764 782 702 764 
728 782 795 795 702 764 
728 797 795 795 797 764 
826.0 834.0 795.0 826.0 816.0 793.0 
;
EXECUTION TIME HBSS: 5433.68507004 seconds 

-------------------------------------------------------------------
