DATFILE : offices1_9r_250.dat
ENVIRONMENT : office
ALGORITHM : HBSS - TAU 5
RANGE : 250
STARTING_POS : 42
N_ROBOTS : 9
GREEDY SOLUTION : 593.0
COMPUTATIONS T :
626.0
572.0
613.0
617.0
609.0
632.0
619.0
587.0
598.0
645.0
603.0
599.0
586.0
602.0
608.0
597.0
621.0
608.0
600.0
572.0
635.0
586.0
624.0
633.0
613.0
584.0
588.0
593.0
556.0
598.0
615.0
577.0
620.0
619.0
582.0
627.0
603.0
633.0
648.0
622.0
619.0
617.0
618.0
585.0
599.0
589.0
566.0
640.0
625.0
633.0
623.0
588.0
607.0
606.0
628.0
633.0
613.0
571.0
596.0
599.0
643.0
570.0
584.0
631.0
598.0
587.0
603.0
635.0
603.0
619.0
614.0
600.0
616.0
574.0
627.0
615.0
595.0
568.0
575.0
640.0
589.0
597.0
593.0
618.0
633.0
624.0
647.0
622.0
616.0
618.0
575.0
626.0
601.0
617.0
650.0
593.0
562.0
622.0
594.0
625.0
628.0
600.0
652.0
620.0
575.0
609.0
552.0
615.0
611.0
611.0
608.0
584.0
606.0
623.0
548.0
615.0
603.0
615.0
633.0
607.0
637.0
628.0
600.0
532.0
598.0
626.0
639.0
594.0
602.0
620.0
627.0
618.0
611.0
612.0
571.0
597.0
619.0
579.0
621.0
645.0
559.0
620.0
594.0
650.0
602.0
587.0
639.0
623.0
593.0
622.0
549.0
538.0
595.0
601.0
575.0
613.0
597.0
595.0
615.0
593.0
563.0
622.0
569.0
629.0
612.0
557.0
655.0
592.0
598.0
645.0
606.0
605.0
658.0
549.0
638.0
623.0
618.0
577.0
620.0
587.0
582.0
592.0
598.0
627.0
616.0
595.0
595.0
612.0
637.0
600.0
621.0
627.0
635.0
595.0
595.0
624.0
587.0
593.0
626.0
584.0
;
HBBS bestT : 532.0
BEST_CONFIGURATIONS : 
42 42 42 42 42 42 42 42 42 
41 42 42 42 42 42 42 42 42 
41 42 5 24 42 42 42 42 42 
41 42 5 24 42 42 42 42 42 
41 42 5 24 42 42 42 42 42 
41 42 5 24 42 42 42 42 42 
41 42 5 24 42 42 42 42 42 
41 42 5 24 36 42 42 42 42 
41 42 5 24 36 42 42 42 42 
41 42 5 24 36 42 42 42 42 
41 42 5 24 36 40 42 42 42 
41 42 5 24 36 40 42 42 42 
41 42 5 24 36 40 42 42 42 
41 42 5 24 36 40 42 42 42 
41 42 5 24 36 40 42 42 42 
41 42 5 24 36 40 42 42 42 
41 42 5 24 36 40 4 42 42 
41 42 5 24 36 40 4 42 42 
41 42 5 24 36 40 4 42 42 
41 42 5 24 36 40 4 42 42 
41 42 5 24 36 40 4 42 42 
41 42 5 4 36 40 4 24 42 
41 42 5 4 36 40 4 24 18 
41 42 5 4 36 40 4 24 18 
41 42 5 4 36 40 4 24 18 
36 42 5 4 35 40 4 24 18 
36 41 5 4 35 40 4 24 18 
36 41 5 4 35 40 4 24 18 
36 41 5 4 35 40 4 24 18 
36 41 5 4 35 40 4 24 18 
36 41 5 4 35 40 24 24 18 
36 41 5 4 35 40 24 3 18 
36 41 5 4 35 40 24 3 18 
36 41 5 4 35 40 24 3 18 
36 41 5 4 35 40 24 3 18 
36 41 5 4 35 40 24 3 18 
36 41 5 4 35 40 24 3 18 
36 41 5 4 35 40 24 3 18 
36 41 5 4 35 40 24 3 18 
36 41 5 4 34 40 24 3 18 
36 41 5 4 34 40 24 3 18 
36 41 5 4 34 40 24 3 18 
36 41 5 4 34 40 24 3 18 
36 41 5 4 34 40 24 3 18 
36 41 5 4 34 40 24 3 18 
36 41 5 4 34 40 24 3 18 
36 41 5 4 34 40 24 3 18 
36 41 5 4 33 40 24 3 18 
36 41 5 4 33 40 24 3 18 
36 41 5 4 33 40 24 3 18 
36 41 5 4 33 40 24 3 18 
36 41 5 4 33 40 24 3 18 
36 41 5 4 33 40 24 3 18 
36 41 5 4 33 40 24 3 18 
36 41 5 4 33 40 24 3 18 
36 41 5 4 32 40 24 3 18 
36 41 24 4 32 40 24 3 18 
36 41 24 4 32 40 24 3 18 
36 41 24 4 32 40 24 3 18 
36 41 24 4 32 40 24 3 18 
36 42 24 4 32 40 24 3 18 
36 42 24 4 27 40 24 3 18 
36 42 24 4 27 40 24 3 18 
36 42 4 4 27 40 23 3 18 
36 42 4 24 27 40 23 3 18 
36 42 4 24 27 40 23 3 18 
36 42 4 24 27 40 23 3 18 
36 42 4 24 27 40 23 3 18 
35 42 4 24 27 40 23 3 18 
35 42 4 24 27 40 23 3 18 
35 42 4 24 27 40 23 3 18 
35 42 4 24 27 40 23 3 20 
35 42 4 24 32 40 23 3 20 
35 42 4 24 32 40 23 3 20 
35 42 4 5 32 40 23 3 20 
35 42 4 5 32 39 23 3 20 
35 41 4 5 32 39 23 3 20 
35 41 4 5 32 39 23 3 20 
35 41 4 5 32 39 23 3 20 
35 41 4 5 32 39 23 3 20 
35 41 4 5 32 39 23 3 20 
35 41 4 5 32 39 23 3 20 
35 41 4 5 32 39 23 3 21 
35 41 4 5 32 39 2 3 21 
35 41 24 5 32 39 2 3 21 
35 41 24 5 32 39 2 3 21 
35 41 24 5 32 39 2 3 21 
35 41 24 5 32 39 2 3 21 
35 41 24 5 32 39 2 3 21 
35 41 24 5 32 39 2 3 21 
35 36 24 5 32 39 2 3 21 
35 36 24 5 27 39 2 3 21 
35 36 24 5 27 39 2 3 21 
35 36 24 5 27 39 2 3 21 
35 36 4 5 27 39 2 3 21 
34 36 4 5 27 39 2 3 21 
34 36 4 5 27 39 2 3 21 
34 36 4 5 27 39 2 3 21 
34 35 4 5 27 39 2 3 21 
34 35 4 5 27 39 2 23 21 
34 35 4 5 27 39 2 23 21 
34 35 4 5 32 39 2 23 21 
34 35 4 5 32 26 2 23 21 
34 35 4 5 32 26 2 23 21 
34 35 4 5 32 26 2 23 21 
34 35 4 24 32 26 2 23 21 
34 35 4 24 32 26 2 23 21 
34 35 4 24 32 26 2 23 21 
34 35 4 24 32 26 2 23 21 
34 35 4 24 32 26 2 23 20 
34 35 4 24 27 26 2 23 20 
34 36 4 24 27 26 2 23 20 
34 36 24 24 27 26 2 1 20 
34 36 24 4 27 26 2 1 20 
34 36 24 4 27 26 2 1 20 
34 36 24 4 27 26 2 1 20 
34 36 24 4 27 26 2 1 20 
33 36 24 4 27 26 2 1 20 
33 36 24 4 27 26 2 1 20 
33 36 24 4 27 26 2 1 20 
33 36 24 4 27 26 2 1 20 
33 36 24 4 32 26 2 1 20 
33 36 24 4 32 26 2 1 20 
33 36 24 4 32 26 23 1 20 
33 36 24 4 32 27 23 1 20 
33 36 24 4 32 27 23 1 20 
33 35 24 4 32 27 23 1 20 
33 35 24 4 32 27 23 1 21 
33 35 3 4 32 27 23 1 21 
33 35 3 4 32 31 23 1 21 
33 35 3 4 32 31 23 1 21 
33 35 3 4 27 31 23 1 21 
33 35 3 4 27 31 2 1 21 
33 35 3 4 27 31 2 1 21 
33 34 3 4 27 31 2 1 21 
33 34 3 4 27 31 2 1 21 
33 34 3 23 27 31 2 1 21 
33 34 3 23 32 31 2 1 21 
33 34 3 26 32 31 2 1 21 
33 34 3 26 32 31 2 1 21 
27 34 3 26 32 31 2 1 22 
27 34 3 26 32 31 2 1 22 
27 34 3 26 32 31 2 0 22 
27 34 3 26 32 31 2 0 22 
27 34 3 26 32 31 2 0 22 
27 34 3 26 32 31 2 0 22 
27 34 3 26 32 31 2 0 22 
27 34 3 26 32 31 2 0 22 
26 34 3 38 32 31 2 0 22 
26 34 3 38 32 31 23 0 22 
26 34 3 38 32 30 23 0 22 
26 27 3 38 32 30 23 0 22 
26 27 3 38 32 30 23 0 22 
26 27 3 38 32 30 23 0 22 
26 27 3 38 32 30 23 0 22 
26 27 3 38 32 30 23 0 22 
26 27 3 38 32 30 23 0 22 
26 27 3 38 32 30 23 0 22 
26 27 3 38 32 30 23 0 22 
26 27 3 38 32 30 23 0 22 
26 27 3 38 32 30 23 0 22 
26 27 3 38 32 30 23 0 22 
26 31 3 38 32 30 23 0 22 
26 31 3 38 32 30 23 0 22 
26 31 3 38 32 30 2 0 22 
26 31 3 38 32 30 2 0 22 
39 31 3 38 32 30 2 0 22 
39 31 3 38 32 30 2 0 22 
39 31 3 38 32 30 2 0 22 
39 31 3 38 32 30 2 0 22 
39 31 3 38 33 30 2 0 22 
39 31 3 38 33 30 2 0 22 
39 31 3 38 33 30 2 0 22 
39 31 3 38 33 30 2 0 15 
39 31 3 38 33 30 2 0 15 
39 31 3 38 33 30 2 0 15 
39 31 3 38 33 30 2 0 15 
39 31 3 38 33 30 2 0 15 
39 31 3 38 33 30 2 25 15 
39 31 2 38 33 30 2 25 15 
39 31 2 38 33 30 2 25 15 
39 31 2 38 33 30 2 25 15 
39 31 2 38 33 30 23 25 15 
26 31 2 38 33 30 23 25 15 
26 31 2 38 33 30 23 25 15 
26 31 2 38 34 30 23 25 15 
26 27 2 38 34 30 23 25 15 
26 27 2 38 34 30 23 25 15 
26 27 2 38 34 29 23 25 15 
26 27 2 38 34 29 23 25 15 
26 27 23 38 34 29 23 25 15 
26 27 23 38 34 29 23 25 15 
26 27 23 38 34 29 23 25 15 
26 27 23 38 34 29 23 25 15 
26 27 23 38 34 29 1 25 15 
26 27 23 38 34 29 1 25 15 
26 27 23 38 34 29 1 25 15 
26 27 23 38 33 29 1 25 15 
26 32 23 38 33 29 1 25 15 
26 32 23 38 33 29 1 25 15 
39 32 26 38 33 29 1 25 15 
39 32 26 38 33 29 1 25 15 
39 32 26 38 33 29 1 25 15 
39 32 26 37 33 29 1 25 15 
39 32 26 37 33 29 1 25 15 
39 32 26 37 33 29 1 25 15 
39 32 26 37 33 29 1 25 15 
39 32 26 37 33 29 1 25 15 
39 32 26 37 33 29 1 25 15 
39 32 26 37 33 29 1 25 15 
39 32 26 37 27 29 1 25 15 
39 32 23 37 27 29 1 25 15 
39 32 23 37 27 30 1 25 15 
39 32 23 37 27 30 1 25 15 
39 32 23 37 27 30 1 0 15 
39 32 23 37 27 30 1 0 15 
38 32 23 37 27 30 1 0 15 
38 32 23 37 31 30 1 0 15 
38 32 23 37 31 30 1 0 13 
38 26 23 37 31 30 1 0 13 
38 26 23 37 31 30 1 0 13 
38 26 23 37 31 30 1 0 13 
38 26 23 37 31 30 1 0 13 
38 26 23 43 31 30 1 0 13 
38 26 23 43 31 30 1 0 13 
38 26 23 43 31 30 1 0 13 
38 26 23 43 31 30 1 0 13 
38 26 23 43 31 30 1 0 13 
38 26 23 43 31 30 1 0 13 
38 26 23 43 31 30 1 0 13 
38 27 23 43 31 30 1 0 13 
38 27 2 37 31 30 1 0 13 
38 27 2 37 30 29 1 0 13 
38 27 2 37 30 29 1 0 13 
38 27 2 37 30 29 1 0 13 
39 27 2 37 30 29 1 0 13 
39 32 2 37 30 29 1 0 13 
39 32 2 43 30 29 1 0 13 
39 32 2 43 30 29 25 0 13 
39 32 2 43 31 29 25 0 13 
39 32 2 43 31 29 25 0 13 
39 33 2 43 31 29 25 0 13 
40 33 2 43 31 29 25 0 13 
40 33 2 43 31 29 25 0 13 
40 33 2 37 31 28 25 0 13 
40 33 2 37 27 28 25 0 13 
40 33 2 37 27 28 25 0 13 
40 33 2 37 27 28 25 0 13 
40 33 23 37 27 28 25 0 13 
40 32 23 37 27 28 25 0 13 
40 32 23 43 27 28 25 0 13 
40 32 23 43 26 28 25 0 13 
40 32 23 43 26 28 25 0 13 
40 32 23 37 26 28 43 0 13 
40 32 23 37 26 28 43 0 15 
40 32 23 37 26 28 43 0 15 
40 32 23 37 26 28 43 1 15 
40 32 39 37 26 28 43 1 15 
40 32 39 37 38 28 43 1 15 
40 31 39 37 38 28 43 1 15 
39 31 39 37 38 28 43 1 14 
39 27 39 37 38 28 43 1 14 
39 27 26 37 38 28 43 1 14 
39 27 26 37 38 29 28 1 14 
39 27 26 37 38 29 28 1 14 
39 32 26 37 38 29 28 1 14 
39 32 26 37 31 29 28 1 14 
39 32 26 19 31 29 28 1 14 
39 32 26 19 31 29 28 1 14 
26 32 26 19 31 29 17 1 14 
26 27 26 19 31 29 17 1 14 
26 27 38 19 31 29 17 1 14 
26 27 38 19 31 29 17 1 14 
26 27 38 19 31 29 17 1 14 
26 27 38 19 31 29 17 1 14 
26 27 38 19 31 29 17 25 14 
26 27 38 19 31 29 17 25 14 
26 27 38 19 30 29 17 25 14 
26 27 38 19 30 29 17 25 14 
26 27 38 19 30 29 17 25 14 
26 27 37 19 30 29 17 25 14 
26 27 37 19 30 29 17 25 14 
26 27 37 19 30 28 17 25 14 
26 27 37 19 30 28 17 25 14 
26 27 37 19 30 28 17 25 14 
26 33 37 19 30 28 17 25 14 
26 33 37 19 30 28 17 43 14 
26 33 37 19 30 28 17 43 14 
26 34 37 19 30 28 17 43 14 
27 34 37 16 30 28 17 43 14 
27 34 37 16 28 28 17 43 14 
27 34 37 16 28 17 17 43 14 
27 34 37 16 28 17 19 43 14 
27 34 37 16 28 17 19 43 14 
27 35 37 16 28 17 19 43 14 
27 35 37 16 28 17 19 29 14 
31 35 37 16 28 17 19 29 14 
31 35 30 16 28 17 19 29 14 
31 35 30 16 28 17 19 29 15 
31 35 30 16 17 17 19 29 15 
31 35 30 16 17 19 19 29 15 
31 35 30 16 17 19 6 29 15 
31 35 30 16 17 19 6 29 15 
31 35 30 16 17 19 6 29 15 
31 35 30 16 17 19 6 29 15 
34 42 30 16 17 19 6 29 15 
34 42 17 16 17 19 22 29 15 
34 42 17 16 17 19 22 29 15 
34 42 17 16 19 19 22 29 15 
34 42 17 16 19 19 22 29 15 
34 42 17 16 19 19 22 29 15 
34 42 17 16 19 19 7 29 15 
34 42 17 16 19 19 7 29 15 
34 42 17 16 19 19 7 29 15 
34 42 17 16 19 19 7 29 15 
34 42 17 16 19 6 7 29 15 
34 42 17 16 19 6 22 29 15 
34 42 17 16 19 6 22 29 13 
34 36 17 16 19 6 22 29 13 
34 36 17 16 19 6 22 29 13 
34 36 17 16 19 6 22 29 13 
34 36 17 16 19 6 22 29 13 
34 36 17 16 19 22 7 29 13 
35 36 17 16 19 22 7 29 13 
35 36 17 6 19 10 7 29 13 
35 36 17 6 7 10 7 29 13 
35 36 17 6 7 10 22 29 13 
35 36 17 6 7 10 22 16 13 
35 36 17 6 7 10 22 16 13 
35 36 6 6 7 11 22 16 13 
35 36 6 22 7 11 22 16 13 
35 36 6 22 7 11 22 16 13 
35 36 6 22 7 11 10 16 13 
35 36 6 22 7 11 10 16 13 
35 36 6 22 7 11 10 16 13 
35 20 6 22 7 11 10 16 13 
18 20 6 22 7 11 10 16 13 
18 20 6 22 7 11 10 16 13 
18 20 6 22 7 11 10 16 13 
18 9 6 22 7 11 10 16 13 
18 9 6 22 7 11 10 16 13 
18 9 6 15 7 11 10 16 13 
18 9 6 15 7 11 10 16 13 
18 9 6 15 7 11 10 16 13 
18 9 6 15 21 11 10 16 13 
18 9 6 15 21 11 10 16 13 
18 9 6 15 21 11 10 16 13 
18 9 6 15 21 11 10 16 13 
18 9 6 15 21 11 10 16 13 
18 9 6 15 21 11 10 7 13 
18 9 6 15 21 11 10 7 13 
18 9 6 15 21 11 10 22 13 
18 20 6 15 21 11 10 22 13 
9 20 6 14 21 11 10 22 13 
9 20 6 14 21 11 10 22 13 
9 20 6 14 21 11 10 22 13 
9 20 6 14 21 11 10 22 13 
9 20 6 14 21 11 10 22 13 
9 20 6 14 21 10 10 22 13 
9 20 6 14 21 10 11 22 13 
9 20 6 14 21 10 11 7 13 
9 20 6 14 21 10 11 7 13 
9 20 6 14 21 10 11 22 13 
9 20 6 14 8 10 11 22 13 
9 20 6 14 8 10 11 22 13 
9 20 6 14 8 10 11 22 13 
9 20 6 14 8 10 11 22 13 
9 20 6 14 8 10 11 22 13 
9 20 6 14 8 10 11 22 13 
9 20 6 14 8 10 11 22 13 
9 20 6 14 8 10 11 7 13 
9 12 6 14 8 10 11 7 13 
9 12 6 14 8 10 11 7 13 
9 12 6 14 8 10 11 7 13 
9 12 6 14 8 10 11 7 13 
9 12 6 14 8 10 11 7 13 
9 12 6 14 8 10 11 7 13 
9 12 6 14 21 10 11 7 13 
9 12 15 14 21 10 11 7 13 
20 12 15 14 21 10 11 7 13 
20 12 15 14 8 10 11 7 13 
20 12 15 14 8 21 11 7 13 
18 12 15 14 8 21 11 7 13 
42 42 42 42 42 42 42 42 42 
;
ROBOT MOVING BEST:
0 0 0 0 0 0 0 0 0 
1 1 0 0 0 0 0 0 0 
0 0 1 1 0 0 0 0 0 
1 0 1 0 0 0 0 0 0 
1 0 0 1 0 0 0 0 0 
0 1 1 0 0 0 0 0 0 
0 1 0 1 0 0 0 0 0 
0 0 1 0 1 0 0 0 0 
1 0 0 0 1 0 0 0 0 
0 1 0 0 1 0 0 0 0 
0 0 1 0 0 1 0 0 0 
1 0 0 0 0 1 0 0 0 
0 1 0 0 0 1 0 0 0 
0 0 0 1 1 0 0 0 0 
0 0 0 1 0 1 0 0 0 
0 0 0 0 1 1 0 0 0 
0 0 0 0 1 0 1 0 0 
1 0 0 0 0 0 1 0 0 
0 1 0 0 0 0 1 0 0 
0 0 1 0 0 0 1 0 0 
0 0 0 0 0 1 1 0 0 
0 0 0 1 0 0 0 1 0 
0 0 0 0 0 1 0 0 1 
1 0 0 0 0 0 0 0 1 
0 0 0 0 1 0 0 0 1 
1 0 0 0 1 0 0 0 0 
0 1 0 0 1 0 0 0 0 
0 0 1 0 1 0 0 0 0 
0 0 0 1 1 0 0 0 0 
0 0 0 0 1 1 0 0 0 
0 0 0 0 1 0 1 0 0 
1 0 0 0 0 0 0 1 0 
0 0 0 0 1 0 0 0 1 
0 1 0 0 0 0 0 1 0 
0 0 1 0 0 0 0 1 0 
0 0 0 1 0 0 0 1 0 
0 0 0 0 1 0 0 1 0 
0 0 0 0 0 1 0 1 0 
0 0 0 0 0 0 1 1 0 
1 0 0 0 1 0 0 0 0 
0 1 0 0 1 0 0 0 0 
0 0 1 0 1 0 0 0 0 
0 0 0 1 1 0 0 0 0 
0 0 0 0 1 1 0 0 0 
0 0 0 0 1 0 1 0 0 
0 0 0 0 1 0 0 1 0 
0 0 0 0 1 0 0 0 1 
1 0 0 0 1 0 0 0 0 
0 1 0 0 1 0 0 0 0 
0 0 1 0 1 0 0 0 0 
0 0 0 1 1 0 0 0 0 
0 0 0 0 1 1 0 0 0 
0 0 0 0 1 0 1 0 0 
0 0 0 0 1 0 0 1 0 
0 0 0 0 1 0 0 0 1 
1 0 0 0 1 0 0 0 0 
0 0 1 0 1 0 0 0 0 
0 0 0 1 1 0 0 0 0 
0 0 0 0 1 1 0 0 0 
0 0 0 0 1 0 0 1 0 
0 1 0 0 0 0 0 1 0 
0 0 0 0 1 1 0 0 0 
0 0 0 0 1 0 0 1 0 
0 0 1 0 0 0 1 0 0 
0 0 0 1 0 0 1 0 0 
0 0 0 0 1 0 1 0 0 
0 0 0 0 0 1 1 0 0 
0 0 0 0 0 0 1 1 0 
1 1 0 0 0 0 0 0 0 
1 0 0 0 1 0 0 0 0 
1 0 0 0 0 0 1 0 0 
1 0 0 0 0 0 0 0 1 
0 0 0 0 1 0 1 0 0 
1 0 0 0 1 0 0 0 0 
0 0 0 1 0 0 1 0 0 
1 0 0 0 0 1 0 0 0 
0 1 0 0 0 1 0 0 0 
0 0 1 0 0 1 0 0 0 
0 0 0 1 0 1 0 0 0 
0 0 0 0 1 1 0 0 0 
0 0 0 0 0 1 0 1 0 
0 0 0 0 0 1 1 0 0 
0 0 0 0 1 0 0 0 1 
1 0 0 0 0 0 1 0 0 
0 0 1 0 0 1 0 0 0 
0 0 1 0 0 0 1 0 0 
0 0 0 1 0 0 1 0 0 
0 0 0 0 1 0 1 0 0 
0 0 0 0 0 1 1 0 0 
0 0 0 0 0 0 1 1 0 
0 1 0 0 0 1 0 0 0 
0 0 0 0 1 1 0 0 0 
0 0 0 0 1 0 1 0 0 
0 0 0 0 1 0 0 0 1 
0 0 1 0 0 0 1 0 0 
1 0 0 0 1 0 0 0 0 
1 0 0 0 0 1 0 0 0 
1 0 0 0 0 0 1 0 0 
1 1 0 0 0 0 0 0 0 
1 0 0 0 0 0 0 1 0 
0 0 0 0 0 0 1 1 0 
1 0 0 0 1 0 0 0 0 
1 0 0 0 0 1 0 0 0 
0 1 0 0 0 1 0 0 0 
0 0 1 0 0 1 0 0 0 
0 0 0 1 0 1 0 0 0 
0 0 0 0 1 1 0 0 0 
0 0 0 0 0 1 1 0 0 
0 0 0 0 0 1 0 1 0 
1 0 0 0 0 0 0 0 1 
0 0 0 0 1 1 0 0 0 
0 1 0 0 0 0 0 0 1 
0 0 1 0 0 0 0 1 0 
0 0 0 1 0 0 0 1 0 
0 0 0 0 1 0 0 1 0 
0 0 0 0 0 1 0 1 0 
0 0 0 0 0 0 1 1 0 
1 0 0 0 1 0 0 0 0 
1 0 0 0 0 1 0 0 0 
1 0 0 0 0 0 1 0 0 
1 0 0 0 0 0 0 1 0 
1 0 0 0 1 0 0 0 0 
0 0 0 0 1 0 0 1 0 
1 0 0 0 0 0 1 0 0 
0 0 0 0 1 1 0 0 0 
0 0 0 0 0 0 1 1 0 
1 1 0 0 0 0 0 0 0 
1 0 0 0 0 0 0 0 1 
0 0 1 0 0 0 0 1 0 
1 0 0 0 0 1 0 0 0 
0 0 1 0 0 1 0 0 0 
0 0 0 0 1 1 0 0 0 
0 0 0 0 0 1 1 0 0 
0 0 0 0 0 1 0 1 0 
1 1 0 0 0 0 0 0 0 
0 1 0 0 0 1 0 0 0 
0 0 0 1 0 1 0 0 0 
0 0 0 0 1 1 0 0 0 
0 0 1 1 0 0 0 0 0 
0 0 0 1 0 1 0 0 0 
1 0 0 0 0 0 0 0 1 
0 0 0 0 0 1 0 0 1 
1 0 0 0 0 0 0 1 0 
0 0 1 0 0 0 0 1 0 
0 0 0 1 0 0 0 1 0 
0 0 0 0 1 0 0 1 0 
0 0 0 0 0 1 0 1 0 
0 0 0 0 0 0 1 1 0 
1 0 0 1 0 0 0 0 0 
0 0 0 0 0 0 1 1 0 
1 0 0 0 0 1 0 0 0 
0 1 0 1 0 0 0 0 0 
0 1 0 0 0 1 0 0 0 
0 0 1 1 0 0 0 0 0 
0 0 0 1 1 0 0 0 0 
0 0 0 1 0 1 0 0 0 
0 0 0 1 0 0 1 0 0 
0 0 0 1 0 0 0 1 0 
0 0 0 0 1 1 0 0 0 
0 0 0 0 0 1 1 0 0 
0 0 0 0 0 1 0 1 0 
0 0 0 0 0 1 0 0 1 
0 1 0 1 0 0 0 0 0 
0 1 0 0 0 1 0 0 0 
0 0 0 1 0 0 1 0 0 
0 0 0 0 0 1 1 0 0 
1 0 0 1 0 0 0 0 0 
1 1 0 0 0 0 0 0 0 
1 0 0 0 0 1 0 0 0 
1 0 0 0 0 0 0 1 0 
1 0 0 0 1 0 0 0 0 
0 0 0 1 1 0 0 0 0 
0 0 0 0 1 1 0 0 0 
1 0 0 0 0 0 0 0 1 
0 1 0 0 0 0 0 0 1 
0 0 0 1 0 0 0 0 1 
0 0 0 0 1 0 0 0 1 
0 0 0 0 0 1 0 0 1 
0 1 0 0 0 0 0 1 0 
0 0 1 0 0 0 0 1 0 
0 0 0 1 0 0 0 1 0 
0 0 0 0 0 1 0 1 0 
0 0 0 0 0 0 1 1 0 
1 0 0 0 0 0 0 1 0 
1 0 0 0 0 0 0 0 1 
0 0 0 1 1 0 0 0 0 
0 1 0 0 0 0 0 1 0 
0 1 0 0 0 0 0 0 1 
1 0 0 0 0 1 0 0 0 
0 1 0 0 0 1 0 0 0 
0 0 1 0 0 1 0 0 0 
0 0 0 1 0 1 0 0 0 
0 0 0 0 0 1 0 1 0 
0 0 0 0 0 1 0 0 1 
0 0 0 1 0 0 1 0 0 
0 0 0 0 0 1 1 0 0 
0 0 0 0 0 0 1 1 0 
0 0 0 0 1 1 0 0 0 
0 1 0 0 0 1 0 0 0 
0 1 0 0 0 0 0 0 1 
1 0 1 0 0 0 0 0 0 
1 0 0 0 0 1 0 0 0 
1 0 0 0 0 0 1 0 0 
1 0 0 1 0 0 0 0 0 
0 1 0 1 0 0 0 0 0 
0 0 1 1 0 0 0 0 0 
0 0 0 1 0 0 1 0 0 
0 0 0 1 0 1 0 0 0 
0 0 0 1 0 0 0 1 0 
0 0 0 1 0 0 0 0 1 
0 0 0 1 1 0 0 0 0 
0 0 1 1 0 0 0 0 0 
0 0 0 1 0 1 0 0 0 
0 0 0 0 0 1 1 0 0 
0 0 0 1 0 0 0 1 0 
0 0 0 0 0 0 1 1 0 
1 0 0 1 0 0 0 0 0 
0 0 0 1 1 0 0 0 0 
1 0 0 0 0 0 0 0 1 
0 1 0 0 0 0 0 0 1 
0 0 1 0 0 0 0 0 1 
0 0 0 0 1 0 0 0 1 
0 0 0 0 0 1 0 0 1 
1 0 0 1 0 0 0 0 0 
0 1 0 1 0 0 0 0 0 
0 0 1 1 0 0 0 0 0 
0 0 0 1 1 0 0 0 0 
0 0 0 1 0 1 0 0 0 
0 0 0 1 0 0 1 0 0 
0 0 0 1 0 0 0 1 0 
0 1 0 0 0 0 0 0 1 
0 0 1 1 0 0 0 0 0 
0 0 0 0 1 1 0 0 0 
0 0 0 0 0 1 0 1 0 
0 0 0 0 0 1 0 0 1 
1 0 0 0 0 0 0 0 1 
0 1 0 0 0 0 0 0 1 
0 0 0 1 0 1 0 0 0 
0 0 0 1 0 0 1 0 0 
0 0 0 0 1 1 0 0 0 
0 0 0 0 0 0 1 1 0 
0 1 0 0 0 0 0 0 1 
1 0 1 0 0 0 0 0 0 
1 0 0 0 0 0 0 0 1 
0 0 0 1 0 1 0 0 0 
0 0 0 0 1 1 0 0 0 
0 0 0 0 0 1 1 0 0 
0 0 0 0 0 1 0 1 0 
0 0 1 0 0 1 0 0 0 
0 1 0 0 0 1 0 0 0 
0 0 0 1 0 1 0 0 0 
1 0 0 0 1 0 0 0 0 
0 0 0 0 1 1 0 0 0 
0 0 0 1 0 0 1 0 0 
0 0 0 0 0 1 0 0 1 
0 0 0 0 0 0 1 0 1 
0 0 0 0 0 1 0 1 0 
1 0 1 0 0 0 0 0 0 
0 0 0 0 1 1 0 0 0 
0 1 0 0 0 1 0 0 0 
1 0 0 0 0 0 0 0 1 
0 1 0 0 0 0 0 0 1 
0 0 1 0 0 0 0 0 1 
0 0 0 0 0 1 1 0 0 
0 0 0 0 0 1 0 0 1 
0 1 0 0 0 0 0 0 1 
0 0 0 0 1 0 0 0 1 
0 0 0 1 1 0 0 0 0 
0 0 0 1 0 1 0 0 0 
1 0 0 0 0 0 1 0 0 
0 1 0 0 0 0 1 0 0 
0 0 1 0 0 0 1 0 0 
0 0 0 1 0 0 1 0 0 
0 0 0 0 1 0 1 0 0 
0 0 0 0 0 1 1 0 0 
0 0 0 0 0 0 1 1 0 
0 0 0 0 0 0 1 0 1 
0 0 0 1 1 0 0 0 0 
0 0 0 0 1 0 1 0 0 
0 0 0 0 1 0 0 0 1 
0 0 1 1 0 0 0 0 0 
0 0 1 0 0 0 1 0 0 
0 0 0 1 0 1 0 0 0 
0 0 0 0 1 1 0 0 0 
0 0 0 0 0 1 1 0 0 
0 1 0 0 0 0 0 0 1 
0 0 0 1 0 0 0 1 0 
0 0 0 0 0 0 1 1 0 
0 1 0 0 0 0 0 0 1 
1 0 0 1 0 0 0 0 0 
0 0 0 1 1 0 0 0 0 
0 0 0 1 0 1 0 0 0 
0 0 0 1 0 0 1 0 0 
0 0 0 1 0 0 0 0 1 
0 1 0 0 0 0 0 0 1 
0 0 0 1 0 0 0 1 0 
1 0 0 1 0 0 0 0 0 
0 0 1 1 0 0 0 0 0 
0 0 0 1 0 0 0 0 1 
0 0 0 0 1 0 0 0 1 
0 0 0 0 0 1 0 0 1 
0 0 0 0 1 0 1 0 0 
0 0 0 1 0 0 1 0 0 
0 0 0 0 0 1 1 0 0 
0 0 0 0 0 0 1 0 1 
1 1 0 0 0 0 0 0 0 
0 0 1 0 0 0 1 0 0 
0 0 0 1 0 0 1 0 0 
0 0 0 0 1 0 1 0 0 
0 0 0 0 0 0 1 1 0 
0 0 0 0 0 0 1 0 1 
0 0 1 0 0 0 1 0 0 
0 0 0 1 0 0 1 0 0 
0 0 0 0 1 0 1 0 0 
0 0 0 0 0 0 1 0 1 
0 0 0 0 0 1 1 0 0 
0 0 0 0 0 1 1 0 0 
1 0 0 0 0 0 0 0 1 
0 1 0 0 0 0 0 0 1 
0 0 1 0 0 0 0 0 1 
0 0 0 1 0 0 0 0 1 
0 0 0 0 0 0 1 0 1 
0 0 0 0 0 1 1 0 0 
1 0 0 0 0 0 0 0 1 
0 0 0 1 0 1 0 0 0 
0 0 0 0 1 1 0 0 0 
0 0 0 0 0 1 1 0 0 
0 0 0 0 0 1 0 1 0 
0 0 0 0 0 1 0 0 1 
0 0 1 0 0 1 0 0 0 
0 0 0 1 0 1 0 0 0 
0 0 0 0 1 1 0 0 0 
0 0 0 0 0 1 1 0 0 
0 0 0 0 0 1 0 1 0 
0 0 0 0 0 1 0 0 1 
0 1 0 0 0 1 0 0 0 
1 1 0 0 0 0 0 0 0 
0 1 0 0 0 0 1 0 0 
0 1 0 0 0 0 0 0 1 
1 1 0 0 0 0 0 0 0 
0 1 0 0 0 1 0 0 0 
0 0 0 1 0 1 0 0 0 
0 0 0 1 0 0 1 0 0 
0 0 0 1 0 0 0 0 1 
0 1 0 0 1 0 0 0 0 
0 0 1 0 1 0 0 0 0 
0 0 0 0 1 1 0 0 0 
0 0 0 1 1 0 0 0 0 
0 0 0 0 1 0 1 0 0 
0 0 0 0 1 0 0 1 0 
0 0 0 0 1 0 0 0 1 
0 0 0 0 1 0 0 1 0 
0 1 0 0 1 0 0 0 0 
1 0 0 1 0 0 0 0 0 
1 1 0 0 0 0 0 0 0 
0 1 0 1 0 0 0 0 0 
0 0 1 1 0 0 0 0 0 
0 0 0 1 1 0 0 0 0 
0 0 0 1 0 1 0 0 0 
0 0 0 1 0 0 1 0 0 
0 0 0 1 0 0 0 1 0 
0 0 0 1 0 0 0 0 1 
0 0 0 1 0 0 0 1 0 
1 0 0 0 1 0 0 0 0 
0 1 0 0 1 0 0 0 0 
0 0 0 1 1 0 0 0 0 
0 0 0 0 1 1 0 0 0 
0 0 0 0 1 0 1 0 0 
0 0 0 0 1 0 0 1 0 
0 0 0 0 1 0 0 0 1 
0 0 0 0 1 0 0 1 0 
1 1 0 0 0 0 0 0 0 
0 1 0 1 0 0 0 0 0 
0 1 0 0 1 0 0 0 0 
0 1 0 0 0 1 0 0 0 
0 1 0 0 0 0 1 0 0 
0 1 0 0 0 0 0 0 1 
0 1 0 0 1 0 0 0 0 
0 0 1 1 0 0 0 0 0 
1 1 0 0 0 0 0 0 0 
0 0 1 0 1 0 0 0 0 
0 0 0 0 1 1 0 0 0 
1 1 0 0 0 0 0 0 0 
1 1 1 1 1 1 1 1 1 
;
TIMETABLE BEST: 
0.0 0.0 0.0 0.0 0.0 0.0 0.0 0.0 0.0 
10 10 0 0 0 0 0 0 0 
10 10 18 18 0 0 0 0 0 
18 10 18 18 0 0 0 0 0 
18 10 18 18 0 0 0 0 0 
18 18 18 18 0 0 0 0 0 
18 18 18 18 0 0 0 0 0 
18 18 19 18 19 0 0 0 0 
19 18 19 18 19 0 0 0 0 
19 19 19 18 19 0 0 0 0 
19 19 19 18 19 19 0 0 0 
19 19 19 18 19 19 0 0 0 
19 19 19 18 19 19 0 0 0 
19 19 19 19 19 19 0 0 0 
19 19 19 19 19 19 0 0 0 
19 19 19 19 19 19 0 0 0 
19 19 19 19 25 19 25 0 0 
25 19 19 19 25 19 25 0 0 
25 25 19 19 25 19 25 0 0 
25 25 25 19 25 19 25 0 0 
25 25 25 19 25 25 25 0 0 
25 25 25 26 25 25 25 26 0 
25 25 25 26 25 27 25 26 27 
27 25 25 26 25 27 25 26 27 
27 25 25 26 27 27 25 26 27 
37 25 25 26 37 27 25 26 27 
37 37 25 26 37 27 25 26 27 
37 37 37 26 37 27 25 26 27 
37 37 37 37 37 27 25 26 27 
37 37 37 37 37 37 25 26 27 
37 37 37 37 37 37 37 26 27 
39 37 37 37 37 37 37 39 27 
39 37 37 37 37 37 37 39 37 
39 39 37 37 37 37 37 39 37 
39 39 39 37 37 37 37 39 37 
39 39 39 39 37 37 37 39 37 
39 39 39 39 39 37 37 39 37 
39 39 39 39 39 39 37 39 37 
39 39 39 39 39 39 39 39 37 
47 39 39 39 47 39 39 39 37 
47 47 39 39 47 39 39 39 37 
47 47 47 39 47 39 39 39 37 
47 47 47 47 47 39 39 39 37 
47 47 47 47 47 47 39 39 37 
47 47 47 47 47 47 47 39 37 
47 47 47 47 47 47 47 47 37 
47 47 47 47 47 47 47 47 47 
56 47 47 47 56 47 47 47 47 
56 56 47 47 56 47 47 47 47 
56 56 56 47 56 47 47 47 47 
56 56 56 56 56 47 47 47 47 
56 56 56 56 56 56 47 47 47 
56 56 56 56 56 56 56 47 47 
56 56 56 56 56 56 56 56 47 
56 56 56 56 56 56 56 56 56 
65 56 56 56 65 56 56 56 56 
65 56 65 56 65 56 56 56 56 
65 56 65 65 65 56 56 56 56 
65 56 65 65 65 65 56 56 56 
65 56 65 65 65 65 56 65 56 
65 66 65 65 65 65 56 66 56 
65 66 65 65 71 71 56 66 56 
65 66 65 65 71 71 56 71 56 
65 66 74 65 71 71 74 71 56 
65 66 74 74 71 71 74 71 56 
65 66 74 74 74 71 74 71 56 
65 66 74 74 74 74 74 71 56 
65 66 74 74 74 74 74 74 56 
75 75 74 74 74 74 74 74 56 
75 75 74 74 75 74 74 74 56 
75 75 74 74 75 74 75 74 56 
75 75 74 74 75 74 75 74 75 
75 75 74 74 81 74 81 74 75 
81 75 74 74 81 74 81 74 75 
81 75 74 82 81 74 82 74 75 
85 75 74 82 81 85 82 74 75 
85 85 74 82 81 85 82 74 75 
85 85 85 82 81 85 82 74 75 
85 85 85 85 81 85 82 74 75 
85 85 85 85 85 85 82 74 75 
85 85 85 85 85 85 82 85 75 
85 85 85 85 85 85 85 85 75 
85 85 85 85 88 85 85 85 88 
92 85 85 85 88 85 92 85 88 
92 85 92 85 88 92 92 85 88 
92 85 92 85 88 92 92 85 88 
92 85 92 92 88 92 92 85 88 
92 85 92 92 92 92 92 85 88 
92 85 92 92 92 92 92 85 88 
92 85 92 92 92 92 92 92 88 
92 94 92 92 92 94 92 92 88 
92 94 92 92 98 98 92 92 88 
92 94 92 92 98 98 98 92 88 
92 94 92 92 98 98 98 92 98 
92 94 99 92 98 98 99 92 98 
100 94 99 92 100 98 99 92 98 
100 94 99 92 100 100 99 92 98 
100 94 99 92 100 100 100 92 98 
104 104 99 92 100 100 100 92 98 
105 104 99 92 100 100 100 105 98 
105 104 99 92 100 100 105 105 98 
106 104 99 92 106 100 105 105 98 
108 104 99 92 106 108 105 105 98 
108 108 99 92 106 108 105 105 98 
108 108 108 92 106 108 105 105 98 
108 108 108 108 106 108 105 105 98 
108 108 108 108 108 108 105 105 98 
108 108 108 108 108 108 108 105 98 
108 108 108 108 108 108 108 108 98 
111 108 108 108 108 108 108 108 111 
111 108 108 108 114 114 108 108 111 
111 118 108 108 114 114 108 108 118 
111 118 118 108 114 114 108 118 118 
111 118 118 118 114 114 108 118 118 
111 118 118 118 118 114 108 118 118 
111 118 118 118 118 118 108 118 118 
111 118 118 118 118 118 118 118 118 
120 118 118 118 120 118 118 118 118 
120 118 118 118 120 120 118 118 118 
120 118 118 118 120 120 120 118 118 
120 118 118 118 120 120 120 120 118 
126 118 118 118 126 120 120 120 118 
126 118 118 118 126 120 120 126 118 
127 118 118 118 126 120 127 126 118 
127 118 118 118 127 127 127 126 118 
127 118 118 118 127 127 127 127 118 
128 128 118 118 127 127 127 127 118 
131 128 118 118 127 127 127 127 131 
131 128 131 118 127 127 127 131 131 
134 128 131 118 127 134 127 131 131 
134 128 134 118 127 134 127 131 131 
134 128 134 118 134 134 127 131 131 
134 128 134 118 134 134 134 131 131 
134 128 134 118 134 134 134 134 131 
136 136 134 118 134 134 134 134 131 
136 136 134 118 134 136 134 134 131 
136 136 134 137 134 137 134 134 131 
136 136 134 137 140 140 134 134 131 
136 136 145 145 140 140 134 134 131 
136 136 145 145 140 145 134 134 131 
147 136 145 145 140 145 134 134 147 
147 136 145 145 140 147 134 134 147 
148 136 145 145 140 147 134 148 147 
148 136 148 145 140 147 134 148 147 
148 136 148 148 140 147 134 148 147 
148 136 148 148 148 147 134 148 147 
148 136 148 148 148 148 134 148 147 
148 136 148 148 148 148 148 148 147 
156 136 148 156 148 148 148 148 147 
156 136 148 156 148 148 155 155 147 
156 136 148 156 148 156 155 155 147 
156 156 148 156 148 156 155 155 147 
156 156 148 156 148 156 155 155 147 
156 156 156 156 148 156 155 155 147 
156 156 156 156 156 156 155 155 147 
156 156 156 156 156 156 155 155 147 
156 156 156 156 156 156 156 155 147 
156 156 156 156 156 156 156 156 147 
156 156 156 156 156 156 156 156 147 
156 156 156 156 156 156 156 156 147 
156 156 156 156 156 156 156 156 147 
156 156 156 156 156 156 156 156 156 
156 163 156 163 156 156 156 156 156 
156 163 156 163 156 163 156 156 156 
156 163 156 163 156 163 163 156 156 
156 163 156 163 156 163 163 156 156 
164 163 156 164 156 163 163 156 156 
164 164 156 164 156 163 163 156 156 
164 164 156 164 156 164 163 156 156 
164 164 156 164 156 164 163 164 156 
165 164 156 164 165 164 163 164 156 
165 164 156 165 165 164 163 164 156 
165 164 156 165 165 165 163 164 156 
169 164 156 165 165 165 163 164 169 
169 169 156 165 165 165 163 164 169 
169 169 156 169 165 165 163 164 169 
169 169 156 169 169 165 163 164 169 
169 169 156 169 169 169 163 164 169 
169 174 156 169 169 169 163 174 169 
169 174 174 169 169 169 163 174 169 
169 174 174 174 169 169 163 174 169 
169 174 174 174 169 174 163 174 169 
169 174 174 174 169 174 174 174 169 
177 174 174 174 169 174 174 177 169 
177 174 174 174 169 174 174 177 177 
177 174 174 178 178 174 174 177 177 
177 181 174 178 178 174 174 181 177 
177 181 174 178 178 174 174 181 181 
182 181 174 178 178 182 174 181 181 
182 182 174 178 178 182 174 181 181 
182 182 182 178 178 182 174 181 181 
182 182 182 182 178 182 174 181 181 
182 182 182 182 178 182 174 182 181 
182 182 182 182 178 182 174 182 182 
182 182 182 184 178 182 184 182 182 
182 182 182 184 178 184 184 182 182 
182 182 182 184 178 184 184 184 182 
182 182 182 184 187 187 184 184 182 
182 188 182 184 187 188 184 184 182 
182 188 182 184 187 188 184 184 188 
190 188 190 184 187 188 184 184 188 
190 188 190 184 187 190 184 184 188 
190 188 190 184 187 190 190 184 188 
193 188 190 193 187 190 190 184 188 
193 193 190 193 187 190 190 184 188 
193 193 193 193 187 190 190 184 188 
193 193 193 193 187 190 193 184 188 
193 193 193 193 187 193 193 184 188 
193 193 193 193 187 193 193 193 188 
193 193 193 193 187 193 193 193 193 
193 193 193 198 198 193 193 193 193 
193 193 201 201 198 193 193 193 193 
193 193 201 201 198 201 193 193 193 
193 193 201 201 198 201 201 193 193 
193 193 201 203 198 201 201 203 193 
193 193 201 203 198 201 203 203 193 
205 193 201 205 198 201 203 203 193 
205 193 201 205 205 201 203 203 193 
207 193 201 205 205 201 203 203 207 
207 207 201 205 205 201 203 203 207 
207 207 207 205 205 201 203 203 207 
207 207 207 205 207 201 203 203 207 
207 207 207 205 207 207 203 203 207 
211 207 207 211 207 207 203 203 207 
211 211 207 211 207 207 203 203 207 
211 211 211 211 207 207 203 203 207 
211 211 211 211 211 207 203 203 207 
211 211 211 211 211 211 203 203 207 
211 211 211 211 211 211 211 203 207 
211 211 211 211 211 211 211 211 207 
211 218 211 211 211 211 211 211 218 
211 218 218 218 211 211 211 211 218 
211 218 218 218 219 219 211 211 218 
211 218 218 218 219 219 211 219 218 
211 218 218 218 219 219 211 219 219 
223 218 218 218 219 219 211 219 223 
223 224 218 218 219 219 211 219 224 
223 224 218 224 219 224 211 219 224 
223 224 218 227 219 224 227 219 224 
223 224 218 227 227 227 227 219 224 
223 224 218 227 227 227 227 227 224 
223 233 218 227 227 227 227 227 233 
234 233 234 227 227 227 227 227 233 
234 233 234 227 227 227 227 227 234 
234 233 234 236 227 236 227 227 234 
234 233 234 236 236 236 227 227 234 
234 233 234 236 236 236 236 227 234 
234 233 234 236 236 236 236 236 234 
234 233 241 236 236 241 236 236 234 
234 242 241 236 236 242 236 236 234 
234 242 241 242 236 242 236 236 234 
243 242 241 242 243 242 236 236 234 
243 242 241 242 243 243 236 236 234 
243 242 241 248 243 243 248 236 234 
243 242 241 248 243 248 248 236 248 
243 242 241 248 243 248 248 236 248 
243 242 241 248 243 250 248 250 248 
251 242 251 248 243 250 248 250 248 
251 242 251 248 251 251 248 250 248 
251 255 251 248 251 255 248 250 248 
262 255 251 248 251 255 248 250 262 
262 262 251 248 251 255 248 250 262 
262 262 262 248 251 255 248 250 262 
262 262 262 248 251 264 264 250 262 
262 262 262 248 251 264 264 250 264 
262 268 262 248 251 264 264 250 268 
262 268 262 248 271 264 264 250 271 
262 268 262 272 272 264 264 250 271 
262 268 262 272 272 272 264 250 271 
274 268 262 272 272 272 274 250 271 
274 274 262 272 272 272 274 250 271 
274 274 274 272 272 272 274 250 271 
274 274 274 274 272 272 274 250 271 
274 274 274 274 274 272 274 250 271 
274 274 274 274 274 274 274 250 271 
274 274 274 274 274 274 274 274 271 
274 274 274 274 274 274 274 274 274 
274 274 274 282 282 274 274 274 274 
274 274 274 282 282 274 282 274 274 
274 274 274 282 282 274 282 274 282 
274 274 283 283 282 274 282 274 282 
274 274 283 283 282 274 283 274 282 
274 274 283 283 282 283 283 274 282 
274 274 283 283 283 283 283 274 282 
274 274 283 283 283 283 283 274 282 
274 285 283 283 283 283 283 274 285 
274 285 283 285 283 283 283 285 285 
274 285 283 285 283 283 285 285 285 
274 294 283 285 283 283 285 285 294 
299 294 283 299 283 283 285 285 294 
299 294 283 299 299 283 285 285 294 
299 294 283 299 299 299 285 285 294 
299 294 283 299 299 299 299 285 294 
299 294 283 299 299 299 299 285 299 
299 302 283 299 299 299 299 285 302 
299 302 283 304 299 299 299 304 302 
306 302 283 306 299 299 299 304 302 
306 302 312 312 299 299 299 304 302 
306 302 312 316 299 299 299 304 316 
306 302 312 316 316 299 299 304 316 
306 302 312 316 316 316 299 304 316 
306 302 312 316 319 316 319 304 316 
306 302 312 319 319 316 319 304 316 
306 302 312 319 319 319 319 304 316 
306 302 312 319 319 319 319 304 319 
331 331 312 319 319 319 319 304 319 
331 331 331 319 319 319 331 304 319 
331 331 331 331 319 319 331 304 319 
331 331 331 331 331 319 331 304 319 
331 331 331 331 331 319 331 331 319 
331 331 331 331 331 319 331 331 331 
331 331 337 331 331 319 337 331 331 
331 331 337 337 331 319 337 331 331 
331 331 337 337 337 319 337 331 331 
331 331 337 337 337 319 337 331 337 
331 331 337 337 337 339 339 331 337 
331 331 337 337 337 345 345 331 337 
351 331 337 337 337 345 345 331 351 
351 351 337 337 337 345 345 331 351 
351 351 351 337 337 345 345 331 351 
351 351 351 351 337 345 345 331 351 
351 351 351 351 337 345 351 331 351 
351 351 351 351 337 357 357 331 351 
359 351 351 351 337 357 357 331 359 
359 351 351 370 337 370 357 331 359 
359 351 351 370 370 370 357 331 359 
359 351 351 370 370 370 370 331 359 
359 351 351 370 370 370 370 370 359 
359 351 351 370 370 370 370 370 370 
359 351 383 370 370 383 370 370 370 
359 351 383 383 370 383 370 370 370 
359 351 383 383 383 383 370 370 370 
359 351 383 383 383 383 383 370 370 
359 351 383 383 383 383 383 383 370 
359 351 383 383 383 383 383 383 383 
359 386 383 383 383 386 383 383 383 
386 386 383 383 383 386 383 383 383 
386 386 383 383 383 386 386 383 383 
386 386 383 383 383 386 386 383 386 
395 395 383 383 383 386 386 383 386 
395 395 383 383 383 395 386 383 386 
395 395 383 396 383 396 386 383 386 
395 395 383 396 383 396 396 383 386 
395 395 383 396 383 396 396 383 396 
395 403 383 396 403 396 396 383 396 
395 403 403 396 403 396 396 383 396 
395 403 403 396 403 403 396 383 396 
395 403 403 403 403 403 396 383 396 
395 403 403 403 403 403 403 383 396 
395 403 403 403 403 403 403 403 396 
395 403 403 403 403 403 403 403 403 
395 403 403 403 409 403 403 409 403 
395 412 403 403 412 403 403 409 403 
417 412 403 417 412 403 403 409 403 
417 417 403 417 412 403 403 409 403 
417 417 403 417 412 403 403 409 403 
417 417 417 417 412 403 403 409 403 
417 417 417 417 417 403 403 409 403 
417 417 417 417 417 417 403 409 403 
417 417 417 417 417 417 417 409 403 
417 417 417 417 417 417 417 417 403 
417 417 417 417 417 417 417 417 417 
417 417 417 423 417 417 417 423 417 
424 417 417 423 424 417 417 423 417 
424 424 417 423 424 417 417 423 417 
424 424 417 424 424 417 417 423 417 
424 424 417 424 424 424 417 423 417 
424 424 417 424 424 424 424 423 417 
424 424 417 424 424 424 424 424 417 
424 424 417 424 424 424 424 424 424 
424 424 417 424 430 424 424 430 424 
434 434 417 424 430 424 424 430 424 
434 434 417 434 430 424 424 430 424 
434 434 417 434 434 424 424 430 424 
434 434 417 434 434 434 424 430 424 
434 434 417 434 434 434 434 430 424 
434 434 417 434 434 434 434 430 434 
434 441 417 434 441 434 434 430 434 
434 441 442 442 441 434 434 430 434 
443 443 442 442 441 434 434 430 434 
443 443 448 442 448 434 434 430 434 
443 443 448 442 448 448 434 430 434 
462 462 448 442 448 448 434 430 434 
489.0 518.0 532.0 532.0 508.0 507.0 503.0 509.0 532.0 
;
EXECUTION TIME HBSS: 12919.524857 seconds 

-------------------------------------------------------------------
