DATFILE : offices1_9r_250.dat
ENVIRONMENT : office
ALGORITHM : HBSS - TAU 7
RANGE : 250
STARTING_POS : 42
N_ROBOTS : 9
GREEDY SOLUTION : [ 2742.]
COMPUTATIONS D :
2546
2742
2742
2742
2742
2488
2656
2742
2742
2490
2772
2742
2742
2742
2742
2742
2604
2744
2490
2742
2742
2742
2798
2756
2742
2666
2882
2628
2742
2664
2680
2526
2742
2742
2704
2742
2742
2684
2742
2432
2724
2572
2742
2744
2742
2742
2618
2742
2882
2556
2742
2616
2742
2742
2742
2742
2742
2608
2570
2644
2742
2742
2742
2742
2742
2742
2742
2742
2492
2742
2742
2742
2742
2744
2630
2604
2742
2464
2742
2642
2540
2742
2742
2620
2492
2742
2630
2742
2742
2742
2742
2468
2664
2742
2742
2742
2664
2742
2730
2742
2742
2742
2488
2604
2640
2742
2622
2742
2742
2742
2742
2742
2742
2608
2552
2774
2690
2684
2742
2678
2760
2742
2768
2680
2742
2490
2742
2712
2756
2742
2540
2742
2436
2440
2742
2744
2566
2742
2712
2742
2742
2742
2812
2654
2680
2782
2818
2628
2742
2692
2742
2540
2742
2506
2742
2488
2742
2742
2608
2742
2742
2604
2710
2604
2742
2742
2712
2632
2742
2620
2742
2742
2742
2742
2708
2520
2742
2742
2506
2742
2688
2556
2742
2724
2608
2574
2630
2752
2742
2740
2742
2440
2742
2598
2742
2742
2540
2542
2690
2742
;
HBBS sumD : 2432
BEST_CONFIGURATIONS : 
42 42 42 42 42 42 42 42 42 
41 42 42 42 42 42 42 42 42 
41 5 42 42 42 42 42 42 42 
41 5 24 42 42 42 42 42 42 
36 5 24 42 42 42 42 42 42 
36 5 24 40 42 42 42 42 42 
36 5 4 40 42 42 42 42 42 
36 5 4 40 41 42 42 42 42 
36 5 4 40 41 24 42 42 42 
36 5 4 40 41 24 42 42 42 
35 5 4 40 41 24 42 42 42 
35 5 4 40 41 24 41 42 42 
35 5 4 40 41 3 41 42 42 
35 5 4 40 34 3 41 42 42 
35 5 4 40 34 3 41 42 42 
35 5 4 40 34 3 41 24 42 
35 5 4 40 34 3 41 24 42 
35 5 4 40 34 3 36 24 42 
35 5 4 40 34 3 36 24 42 
35 5 4 40 34 3 36 24 42 
35 5 4 40 34 3 36 24 42 
35 5 4 40 34 3 36 24 41 
35 5 4 39 34 3 36 24 41 
35 5 4 39 34 3 36 24 41 
35 5 4 39 34 3 36 24 41 
35 5 4 39 34 3 36 24 41 
35 5 4 39 34 3 36 24 41 
35 5 4 39 34 3 36 24 41 
35 5 4 39 34 3 36 24 40 
35 5 4 39 34 3 36 24 40 
35 5 4 39 34 3 36 24 40 
35 5 4 39 34 3 36 24 40 
35 5 4 39 34 3 36 24 40 
35 5 4 39 34 3 36 24 40 
35 5 4 39 34 3 36 24 40 
35 5 4 39 34 3 36 24 40 
35 5 4 39 34 3 36 24 40 
35 5 4 39 34 3 36 24 40 
35 5 4 39 34 3 36 24 40 
35 5 4 39 34 3 36 24 40 
35 5 4 39 34 3 36 24 40 
35 5 4 39 34 3 36 24 40 
35 5 4 39 34 3 36 24 40 
35 5 4 39 34 3 36 24 40 
35 5 4 39 34 3 36 24 40 
35 5 4 39 34 3 36 23 40 
35 5 4 39 34 3 36 23 40 
35 5 4 39 34 3 36 23 40 
35 5 4 39 34 3 33 23 40 
35 5 4 39 34 3 33 23 40 
35 5 4 39 34 3 33 23 40 
35 5 4 39 34 3 33 23 40 
35 5 4 39 34 3 33 23 40 
35 5 4 26 34 3 33 23 40 
35 5 4 26 34 3 33 23 40 
35 5 4 26 34 3 33 23 40 
35 5 4 26 34 3 33 2 40 
35 5 4 26 34 3 33 2 40 
35 5 4 26 34 3 33 2 40 
35 5 4 26 34 3 33 2 40 
35 5 4 26 34 3 33 2 39 
35 24 4 26 34 3 33 2 39 
35 24 4 26 34 3 33 2 39 
35 24 4 26 34 3 33 2 39 
35 24 4 26 34 3 33 2 39 
35 24 4 26 34 3 33 2 39 
35 24 4 26 34 3 33 2 39 
35 24 4 26 34 3 33 2 23 
35 24 4 26 34 3 33 2 23 
35 24 4 26 34 3 33 2 23 
35 24 4 26 34 3 33 2 23 
35 24 4 26 34 3 33 2 23 
35 24 4 26 34 3 33 2 23 
35 24 4 26 34 3 33 2 23 
35 24 4 26 34 3 33 2 23 
35 24 4 26 34 3 33 2 23 
32 24 4 26 34 3 33 2 23 
32 24 4 26 34 3 33 2 23 
32 24 4 26 34 3 33 2 23 
32 24 4 26 34 3 33 2 23 
32 24 4 26 34 3 33 2 23 
32 24 4 27 34 3 33 2 23 
32 24 4 27 34 3 33 2 23 
32 1 4 27 34 3 33 2 23 
32 1 4 27 34 3 33 2 23 
32 1 4 27 34 3 33 2 23 
32 1 4 27 34 3 33 2 23 
32 1 4 27 34 3 33 2 23 
32 1 4 27 34 3 33 2 23 
32 1 4 27 34 3 33 2 23 
32 1 4 31 34 3 33 2 23 
32 1 24 31 34 3 33 2 23 
32 1 24 31 35 3 33 2 23 
32 1 24 31 35 3 33 2 23 
32 1 24 31 35 3 33 2 38 
32 1 41 31 35 3 33 2 38 
32 1 41 31 35 23 33 2 38 
32 1 41 31 35 23 33 2 38 
32 1 41 31 36 23 33 2 38 
32 1 41 31 36 23 33 2 38 
32 1 41 31 36 23 33 2 38 
32 1 41 31 36 23 33 2 38 
32 1 41 31 36 26 33 2 38 
27 1 41 31 36 26 33 2 38 
27 1 41 31 36 26 27 2 38 
27 1 41 31 36 26 27 2 38 
27 1 41 31 36 26 27 2 38 
27 1 41 31 36 26 27 2 38 
27 1 41 31 36 26 27 2 38 
27 1 41 31 36 26 27 23 38 
27 1 41 31 36 26 27 23 38 
27 1 41 31 36 26 27 23 38 
27 1 41 31 36 26 27 23 38 
27 1 41 31 36 26 27 23 38 
27 1 41 31 36 26 27 23 38 
27 1 41 31 36 26 27 23 38 
27 1 41 31 36 26 27 23 38 
27 1 41 31 36 26 27 23 38 
27 1 41 31 36 26 27 23 38 
27 1 41 31 36 26 27 23 38 
27 1 41 31 36 26 27 23 38 
27 1 41 31 36 26 32 23 38 
27 1 41 31 36 26 32 23 38 
27 1 41 31 36 26 32 23 38 
27 1 41 31 36 26 32 23 38 
27 1 41 31 36 26 32 23 38 
27 1 41 31 36 26 32 23 38 
27 1 41 31 36 26 32 23 38 
27 1 41 31 36 26 32 23 38 
27 1 41 31 36 26 32 23 38 
27 1 41 31 36 26 32 23 38 
27 1 41 30 36 26 32 23 38 
27 1 41 30 36 39 32 23 38 
27 1 40 30 36 39 32 23 38 
27 1 40 30 36 39 32 23 38 
27 1 40 30 36 39 32 23 38 
27 1 40 30 36 39 32 23 38 
27 1 40 30 36 39 32 23 38 
27 1 40 30 36 39 32 23 37 
27 1 40 30 35 39 32 23 37 
27 1 40 30 35 39 32 23 37 
27 1 40 30 35 39 32 23 37 
27 1 40 30 35 39 32 23 37 
27 1 40 30 35 39 32 23 37 
27 1 40 30 35 39 32 23 37 
27 0 40 30 35 39 32 23 37 
27 0 40 30 35 39 32 2 37 
27 0 40 30 35 39 32 2 37 
27 0 40 30 35 39 32 2 37 
27 0 40 30 35 39 32 2 37 
27 0 40 30 35 39 32 2 37 
26 0 40 30 35 39 32 2 37 
26 0 40 30 35 39 32 2 37 
26 0 40 30 35 39 32 2 37 
26 0 40 30 35 39 32 2 37 
26 0 40 30 35 39 32 2 37 
26 0 40 30 35 39 32 2 37 
26 0 40 30 35 39 32 2 37 
26 0 40 29 35 39 32 2 37 
26 0 40 29 35 39 32 2 37 
26 0 40 29 35 39 33 2 37 
26 0 40 29 35 39 33 2 37 
26 0 40 29 35 39 33 2 37 
26 0 40 29 35 39 33 2 37 
38 0 40 29 35 39 33 2 37 
38 0 40 29 35 39 33 2 37 
38 0 40 29 35 39 33 2 37 
38 0 40 29 35 39 33 2 37 
38 0 40 29 35 39 33 2 37 
38 0 40 29 35 39 33 2 37 
38 0 40 29 35 39 33 2 37 
38 0 40 29 35 39 33 23 37 
38 0 40 29 35 39 33 23 43 
38 0 40 29 35 39 33 23 43 
38 0 40 29 35 39 33 23 43 
38 0 40 29 35 39 33 23 43 
38 0 40 29 35 39 33 23 43 
38 0 40 29 34 39 33 23 43 
38 0 40 29 34 39 33 23 43 
38 0 40 29 34 39 33 23 43 
38 0 40 29 34 26 33 23 43 
38 0 40 29 34 26 33 1 43 
38 0 40 30 34 26 33 1 43 
38 0 40 30 34 26 33 1 43 
38 0 40 30 34 26 33 1 43 
38 25 40 30 34 26 33 1 43 
38 25 40 30 34 26 33 1 43 
38 25 40 30 34 26 33 1 43 
38 25 40 30 34 26 33 1 43 
38 25 40 30 34 26 33 1 43 
37 25 40 30 34 26 33 1 43 
37 25 40 30 34 26 33 1 43 
37 25 40 30 34 27 33 1 43 
37 25 40 30 34 27 33 1 37 
37 25 40 30 34 27 33 1 37 
37 25 40 30 34 31 33 1 37 
37 25 40 30 34 31 33 1 37 
37 25 39 30 34 31 33 1 37 
37 25 23 30 34 31 33 1 37 
37 25 23 30 34 31 33 1 37 
37 25 23 30 34 31 33 1 37 
37 25 23 30 34 31 33 1 37 
37 25 23 29 34 31 33 1 37 
37 25 23 29 34 31 27 1 37 
37 25 23 29 34 31 27 1 37 
37 25 2 29 34 31 27 1 37 
37 25 2 29 34 31 27 1 43 
37 25 2 29 34 31 27 0 43 
37 25 2 29 34 31 27 0 43 
37 0 2 29 34 31 27 0 43 
37 0 2 28 34 31 27 0 43 
37 0 2 28 34 31 27 0 43 
37 0 2 28 34 31 32 0 43 
37 0 2 28 34 31 32 0 43 
37 0 2 28 34 31 32 0 43 
37 0 2 28 34 31 32 0 19 
38 0 2 28 34 31 32 0 19 
38 0 2 28 34 31 32 0 19 
38 0 2 28 34 31 32 0 19 
38 0 2 28 34 30 32 0 19 
38 0 2 28 26 30 32 0 19 
38 0 3 28 26 30 32 0 19 
38 0 3 17 26 30 32 0 19 
38 0 3 17 26 30 32 0 19 
38 0 3 17 26 30 27 0 19 
38 0 3 17 26 30 29 0 19 
38 0 3 17 26 30 29 0 19 
38 0 3 17 26 30 29 0 19 
38 0 3 17 26 29 29 0 19 
37 0 3 17 26 29 29 0 19 
37 25 3 17 26 29 29 0 19 
43 25 3 17 26 29 29 0 19 
43 25 3 17 26 29 29 0 19 
43 25 3 17 26 29 29 0 19 
43 25 3 17 26 28 29 0 19 
43 25 3 17 26 28 29 0 19 
43 25 3 17 26 28 29 0 19 
43 25 3 17 23 28 29 0 19 
43 25 3 17 23 28 29 0 19 
43 25 3 17 23 28 29 1 19 
43 25 3 17 23 28 28 1 19 
43 25 3 17 23 28 28 1 16 
43 25 3 17 23 28 28 1 16 
43 25 3 17 31 28 28 1 16 
43 25 3 19 31 28 28 1 16 
43 25 3 19 31 29 28 1 16 
43 25 3 19 31 29 28 1 16 
30 25 3 19 31 29 28 1 16 
30 25 3 19 31 29 28 27 16 
30 25 3 19 31 29 28 27 6 
30 25 3 19 31 29 17 27 6 
30 25 3 22 31 29 17 27 6 
30 43 3 15 31 29 17 27 6 
30 43 3 15 31 29 17 27 22 
30 43 3 15 31 29 17 27 22 
30 43 3 15 31 29 17 27 22 
30 37 3 15 31 29 17 27 22 
30 37 3 15 31 29 17 27 22 
30 37 3 15 31 29 17 27 22 
30 37 3 15 31 29 17 27 7 
30 37 3 15 31 29 17 27 7 
30 38 3 15 31 29 17 27 7 
30 38 26 15 31 29 17 27 7 
30 38 26 15 31 29 17 27 7 
30 38 26 15 31 29 17 27 7 
30 38 26 15 31 28 17 27 7 
30 38 26 15 31 28 17 27 7 
30 38 26 15 31 28 19 27 7 
30 38 39 15 31 28 19 27 7 
30 38 39 15 31 28 19 32 7 
30 38 39 15 31 28 19 32 7 
30 38 39 15 31 28 19 32 22 
30 38 39 13 31 28 19 32 22 
30 38 39 13 31 28 19 32 22 
30 38 39 13 31 28 19 32 22 
30 38 39 13 31 28 19 32 14 
30 38 39 13 27 28 19 32 14 
30 38 39 13 27 28 19 32 14 
30 26 39 13 27 28 19 32 14 
30 26 39 13 27 28 19 32 14 
30 26 39 13 27 28 19 32 14 
29 26 39 13 27 28 19 32 14 
29 26 39 13 27 17 19 32 14 
29 26 39 13 27 17 19 32 14 
29 26 39 13 27 17 19 32 14 
29 26 39 13 27 17 19 32 14 
29 26 39 13 27 17 21 32 14 
29 26 39 13 27 17 21 32 14 
29 26 39 13 27 17 21 32 14 
29 23 39 13 27 17 21 32 14 
29 23 39 13 27 17 21 32 14 
29 23 39 13 33 17 21 32 14 
29 23 40 13 33 17 21 32 14 
29 23 40 13 33 17 21 32 14 
29 23 40 13 33 17 21 18 14 
29 23 40 13 33 17 21 18 14 
29 23 40 13 33 17 21 18 14 
29 23 40 13 33 17 21 18 14 
29 23 40 13 34 17 21 18 14 
29 23 40 13 34 17 21 18 14 
29 23 41 13 34 17 21 18 14 
29 23 41 13 34 17 21 18 14 
29 23 41 13 35 17 21 18 14 
29 23 41 13 35 17 21 18 14 
29 23 36 13 35 17 21 18 14 
29 23 36 13 35 16 21 18 14 
29 23 36 13 35 16 21 18 14 
29 23 36 13 35 16 21 18 14 
6 23 36 13 35 16 21 18 14 
6 23 36 13 35 16 21 18 14 
6 23 36 13 35 16 21 18 14 
6 23 36 13 35 16 21 18 14 
6 23 36 15 35 16 21 18 14 
6 33 36 15 35 16 21 18 14 
6 33 36 15 35 16 21 18 14 
6 33 36 15 35 16 20 18 14 
22 33 36 15 35 16 20 18 14 
22 33 36 15 35 16 20 18 14 
22 33 36 15 35 22 20 18 14 
22 33 36 15 35 22 20 18 14 
22 33 36 15 34 22 20 18 14 
22 33 36 15 34 22 20 18 14 
22 33 36 15 34 7 20 18 14 
22 33 36 15 34 7 20 18 14 
22 33 36 15 34 7 20 18 14 
22 33 36 15 34 7 20 9 14 
22 33 36 15 34 7 20 9 14 
22 33 36 15 34 7 12 9 14 
22 33 36 15 34 7 12 9 14 
10 33 36 15 34 7 12 9 14 
10 33 36 15 34 7 12 9 13 
10 33 18 15 34 7 12 9 13 
10 33 18 15 34 7 12 9 13 
10 33 18 15 34 7 12 9 13 
10 33 18 15 34 6 12 9 13 
10 33 18 22 34 6 12 9 13 
10 33 18 22 34 6 12 9 13 
10 33 18 22 34 6 12 9 13 
10 33 18 22 34 6 12 9 13 
10 33 20 22 34 6 12 9 13 
10 33 20 22 34 6 12 9 13 
10 33 20 22 34 6 12 9 13 
10 33 20 22 34 6 12 9 13 
10 33 20 22 34 6 12 9 13 
10 33 20 22 34 6 12 9 13 
10 33 20 7 34 6 12 9 13 
10 33 20 7 34 6 12 9 13 
10 33 20 7 34 6 12 9 13 
10 33 20 7 34 6 12 9 13 
10 33 20 7 34 6 21 9 13 
11 33 20 7 34 6 21 9 13 
11 33 20 7 34 6 21 9 13 
11 33 20 7 34 6 21 8 13 
11 33 20 7 34 6 21 8 13 
11 33 20 7 34 6 21 8 13 
11 33 20 7 34 6 21 8 13 
11 33 20 7 34 6 21 8 13 
11 33 20 7 34 6 21 8 13 
11 33 20 7 34 6 21 8 13 
11 33 20 7 34 6 21 8 13 
11 33 20 7 34 6 21 8 13 
11 33 20 7 34 16 21 8 13 
11 33 20 7 34 16 21 8 15 
11 33 20 22 34 16 21 8 15 
11 33 20 22 34 16 21 8 15 
11 33 20 22 34 16 21 8 15 
11 33 20 22 34 16 21 8 15 
11 33 20 22 34 16 21 8 15 
11 33 12 22 34 16 21 8 15 
11 33 12 22 34 16 21 8 15 
11 33 12 22 34 16 21 8 15 
11 33 12 22 34 16 21 8 15 
11 33 12 22 34 16 21 8 15 
11 33 12 22 34 16 21 8 15 
11 33 12 22 34 16 21 8 15 
11 33 12 22 9 16 21 8 15 
11 33 12 10 9 16 21 8 15 
11 33 12 10 9 16 21 8 14 
11 33 12 10 9 16 21 8 14 
11 33 12 10 9 16 21 8 14 
11 33 12 10 9 16 21 8 14 
11 33 12 10 9 16 21 8 14 
11 33 12 10 9 16 21 8 14 
42 42 42 42 42 42 42 42 42 
;
ROBOT MOVING BEST:
0 0 0 0 0 0 0 0 0 
1 1 0 0 0 0 0 0 0 
0 1 1 0 0 0 0 0 0 
0 0 1 1 0 0 0 0 0 
1 0 0 1 0 0 0 0 0 
0 0 0 1 1 0 0 0 0 
0 0 1 0 1 0 0 0 0 
0 1 0 0 1 0 0 0 0 
0 0 0 0 1 1 0 0 0 
1 0 0 0 1 0 0 0 0 
1 0 0 0 0 0 1 0 0 
0 0 0 1 0 0 1 0 0 
0 0 0 0 0 1 0 1 0 
0 0 0 0 1 0 0 1 0 
0 0 1 0 0 0 1 0 0 
0 1 0 0 0 0 0 1 0 
0 1 0 1 0 0 0 0 0 
0 1 0 0 0 0 1 0 0 
0 0 0 1 0 0 0 1 0 
0 0 0 0 0 0 1 1 0 
0 0 0 1 0 0 1 0 0 
1 0 0 0 0 0 0 0 1 
0 0 0 1 0 0 0 0 1 
0 0 0 0 0 1 0 0 1 
0 1 1 0 0 0 0 0 0 
0 0 1 0 0 0 0 1 0 
0 0 0 0 1 0 0 0 1 
0 0 1 0 0 0 1 0 0 
0 0 1 0 0 0 0 0 1 
1 1 0 0 0 0 0 0 0 
1 0 0 0 0 0 0 1 0 
1 0 0 0 0 0 1 0 0 
0 1 0 1 0 0 0 0 0 
0 0 0 1 0 0 0 1 0 
0 1 0 0 0 1 0 0 0 
0 0 0 1 0 0 1 0 0 
0 0 0 0 0 1 0 1 0 
1 0 0 0 0 0 0 0 1 
0 0 0 0 0 1 1 0 0 
0 1 0 0 1 0 0 0 0 
0 0 0 1 0 0 0 0 1 
0 0 0 0 1 0 0 1 0 
0 0 0 0 1 0 1 0 0 
0 0 0 0 0 1 0 0 1 
1 0 1 0 0 0 0 0 0 
0 1 0 0 0 0 0 1 0 
0 0 0 0 1 0 0 0 1 
0 0 1 1 0 0 0 0 0 
0 1 0 0 0 0 1 0 0 
0 0 1 0 0 1 0 0 0 
0 0 0 0 0 0 0 1 1 
0 0 1 0 1 0 0 0 0 
1 0 0 1 0 0 0 0 0 
0 0 0 1 0 0 0 0 1 
0 0 0 0 0 0 1 0 1 
1 0 0 0 0 1 0 0 0 
0 1 0 0 0 0 0 1 0 
1 0 0 0 1 0 0 0 0 
0 0 1 1 0 0 0 0 0 
0 0 1 0 0 0 1 0 0 
0 0 0 0 0 1 0 0 1 
0 1 0 1 0 0 0 0 0 
0 1 0 0 0 0 1 0 0 
0 0 0 0 1 1 0 0 0 
0 0 0 0 1 0 0 0 1 
1 0 0 1 0 0 0 0 0 
1 0 0 0 0 0 1 0 0 
0 0 1 0 0 0 0 0 1 
0 1 0 0 0 0 0 0 1 
0 0 1 0 0 0 0 1 0 
0 1 0 0 0 0 0 1 0 
0 0 0 1 0 1 0 0 0 
0 0 0 0 0 1 1 0 0 
1 0 0 0 0 0 0 0 1 
0 0 0 1 1 0 0 0 0 
0 0 0 0 1 0 1 0 0 
1 0 1 0 0 0 0 0 0 
1 1 0 0 0 0 0 0 0 
0 0 0 0 0 1 0 0 1 
0 0 0 0 0 1 0 1 0 
0 0 0 0 1 0 0 0 1 
0 0 0 1 0 1 0 0 0 
0 0 0 0 1 0 0 1 0 
0 1 1 0 0 0 0 0 0 
1 0 0 0 0 1 0 0 0 
0 0 0 1 1 0 0 0 0 
1 0 0 0 1 0 0 0 0 
0 0 0 0 0 0 1 0 1 
0 0 0 0 0 0 1 1 0 
0 1 0 0 0 1 0 0 0 
0 0 0 1 0 1 0 0 0 
0 1 1 0 0 0 0 0 0 
0 0 0 0 1 0 0 1 0 
1 0 0 0 0 0 1 0 0 
0 0 0 0 0 1 0 0 1 
0 0 1 0 0 0 1 0 0 
0 0 0 0 0 1 0 1 0 
1 0 0 0 1 0 0 0 0 
0 0 0 0 1 0 1 0 0 
1 0 0 0 0 0 0 1 0 
0 1 0 0 0 0 1 0 0 
0 0 0 1 0 0 1 0 0 
0 0 0 0 0 1 1 0 0 
1 0 0 0 0 0 1 0 0 
0 0 0 0 0 0 1 1 0 
0 1 0 0 0 0 0 1 0 
0 0 0 1 0 0 0 1 0 
0 0 0 0 0 1 0 1 0 
0 0 0 0 0 0 0 1 1 
0 0 0 0 0 0 1 1 0 
0 1 0 0 0 0 1 0 0 
0 0 0 1 0 0 1 0 0 
0 0 0 0 0 1 1 0 0 
0 1 0 0 0 0 0 1 0 
0 0 0 1 0 0 0 1 0 
0 0 0 0 0 1 0 1 0 
0 0 0 0 0 0 1 0 1 
0 1 0 1 0 0 0 0 0 
0 1 0 0 0 1 0 0 0 
0 0 0 1 0 1 0 0 0 
0 0 0 0 0 0 0 1 1 
0 0 0 0 0 0 1 1 0 
0 1 0 0 0 0 0 0 1 
0 0 0 1 0 0 0 0 1 
0 0 0 0 1 0 1 0 0 
0 0 0 0 0 1 0 0 1 
0 1 0 0 0 0 1 0 0 
0 0 0 1 0 0 1 0 0 
0 0 0 0 0 1 1 0 0 
1 0 0 0 0 0 1 0 0 
0 0 0 0 0 0 1 0 1 
0 0 0 1 0 0 0 1 0 
0 0 0 0 0 1 0 1 0 
1 0 1 0 0 0 0 0 0 
0 1 0 1 0 0 0 0 0 
0 1 0 0 0 1 0 0 0 
1 0 0 1 0 0 0 0 0 
1 0 0 0 0 1 0 0 0 
0 0 0 0 0 0 0 1 1 
1 0 0 0 1 0 0 0 0 
0 0 1 0 0 0 1 0 0 
0 1 0 0 0 0 0 0 1 
0 0 0 1 0 0 1 0 0 
0 0 0 0 0 1 1 0 0 
1 0 0 0 0 0 0 0 1 
0 1 0 0 0 0 0 1 0 
0 0 1 0 0 0 0 1 0 
0 0 0 1 0 0 0 1 0 
0 0 0 0 0 1 0 1 0 
0 0 0 0 0 0 1 0 1 
1 1 0 0 0 0 0 0 0 
1 0 0 1 0 0 0 0 0 
1 0 0 0 0 1 0 0 0 
0 0 0 1 0 1 0 0 0 
0 0 0 0 0 0 0 1 1 
0 1 0 0 0 0 1 0 0 
1 0 0 0 0 0 0 0 1 
0 1 0 0 0 0 0 1 0 
0 0 0 1 0 0 1 0 0 
0 0 0 0 0 1 0 0 1 
0 0 0 0 0 1 1 0 0 
1 1 0 0 0 0 0 0 0 
0 1 0 0 0 1 0 0 0 
1 0 0 1 0 0 0 0 0 
1 0 0 0 0 1 0 0 0 
0 0 0 1 0 1 0 0 0 
0 1 0 0 0 0 0 0 1 
1 0 0 0 0 0 0 0 1 
0 0 0 1 0 0 0 0 1 
1 0 0 0 0 0 1 0 0 
0 0 0 1 0 0 1 0 0 
0 0 0 1 0 0 0 1 0 
0 0 0 0 0 0 0 1 1 
1 1 0 0 0 0 0 0 0 
0 1 0 1 0 0 0 0 0 
0 1 0 0 0 0 0 0 1 
1 0 0 1 0 0 0 0 0 
1 0 0 0 1 0 0 0 0 
1 0 0 0 0 0 0 0 1 
0 0 0 1 0 0 0 0 1 
0 0 0 0 0 1 0 0 1 
0 1 0 0 0 0 0 1 0 
0 0 0 1 0 0 1 0 0 
0 1 0 1 0 0 0 0 0 
0 0 0 0 0 0 0 1 1 
1 1 0 0 0 0 0 0 0 
1 0 0 1 0 0 0 0 0 
0 1 0 0 0 1 0 0 0 
0 1 0 0 0 0 0 0 1 
0 0 0 1 0 0 0 0 1 
1 0 0 0 0 0 0 0 1 
0 1 0 0 0 0 0 1 0 
0 1 0 0 0 1 0 0 0 
0 1 0 0 0 0 0 0 1 
0 0 0 1 0 0 0 0 1 
0 0 0 0 1 1 0 0 0 
0 1 0 1 0 0 0 0 0 
0 0 1 0 0 1 0 0 0 
0 1 1 0 0 0 0 0 0 
0 0 0 0 0 1 0 0 1 
0 1 0 0 0 1 0 0 0 
0 0 0 1 0 1 0 0 0 
0 0 0 1 0 0 0 1 0 
0 0 0 1 0 0 1 0 0 
0 1 0 1 0 0 0 0 0 
0 1 1 0 0 0 0 0 0 
0 0 0 0 0 1 0 0 1 
0 1 0 0 0 0 0 1 0 
0 0 0 1 0 1 0 0 0 
0 1 0 0 0 1 0 0 0 
0 0 0 1 0 0 1 0 0 
1 0 0 1 0 0 0 0 0 
0 0 0 1 0 0 1 0 0 
0 0 0 1 0 0 0 0 1 
0 0 0 1 0 1 0 0 0 
1 0 0 0 0 0 0 0 1 
1 0 0 1 0 0 0 0 0 
0 1 0 1 0 0 0 0 0 
0 0 0 0 0 1 0 0 1 
0 0 0 1 0 1 0 0 0 
0 0 0 1 1 0 0 0 0 
0 1 1 0 0 0 0 0 0 
1 0 0 1 0 0 0 0 0 
0 0 0 0 0 1 0 0 1 
0 0 0 1 0 0 1 0 0 
0 0 0 0 0 1 1 0 0 
0 0 0 1 0 1 0 0 0 
0 0 0 1 1 0 0 0 0 
0 0 0 0 0 1 0 0 1 
1 0 0 1 0 0 0 0 0 
0 1 0 1 0 0 0 0 0 
1 0 0 0 0 0 0 0 1 
0 0 0 1 0 1 0 0 0 
0 0 0 1 0 0 0 0 1 
0 1 0 0 0 1 0 0 0 
1 0 0 1 0 0 0 0 0 
0 0 0 0 0 1 0 0 1 
0 0 0 0 1 1 0 0 0 
0 0 0 0 0 1 1 0 0 
0 0 0 0 0 1 0 1 0 
0 0 0 1 0 0 1 0 0 
0 0 0 1 0 0 0 0 1 
0 0 0 0 0 1 0 0 1 
0 0 0 1 1 0 0 0 0 
0 0 0 1 0 0 0 0 1 
0 0 0 0 0 1 0 0 1 
0 0 0 0 1 0 0 0 1 
1 0 0 0 0 0 0 0 1 
0 0 0 0 0 0 0 1 1 
0 0 0 1 0 0 0 0 1 
0 0 0 0 0 0 1 0 1 
0 0 0 1 0 1 0 0 0 
0 1 0 1 0 0 0 0 0 
0 0 0 0 0 0 1 0 1 
0 0 0 0 1 0 0 0 1 
1 0 0 0 0 0 0 0 1 
0 1 0 1 0 0 0 0 0 
0 0 0 0 0 0 0 1 1 
0 0 0 1 0 1 0 0 0 
0 0 0 0 0 0 1 0 1 
0 0 0 1 0 0 1 0 0 
0 1 0 1 0 0 0 0 0 
0 0 1 1 0 0 0 0 0 
0 0 0 1 1 0 0 0 0 
1 0 0 1 0 0 0 0 0 
0 0 0 1 0 1 0 0 0 
0 0 0 1 0 0 0 1 0 
0 0 0 0 0 0 1 0 1 
0 0 1 1 0 0 0 0 0 
0 0 0 1 0 0 0 1 0 
0 0 0 1 0 0 1 0 0 
0 0 0 0 0 0 1 0 1 
0 1 0 1 0 0 0 0 0 
0 0 0 1 1 0 0 0 0 
1 0 0 1 0 0 0 0 0 
0 0 0 0 1 0 0 0 1 
0 0 0 1 1 0 0 0 0 
1 0 0 0 0 0 0 0 1 
0 1 0 1 0 0 0 0 0 
0 0 1 1 0 0 0 0 0 
0 0 0 1 0 0 0 1 0 
1 0 0 1 0 0 0 0 0 
0 0 0 1 0 1 0 0 0 
0 0 0 0 1 0 0 0 1 
0 1 0 0 0 0 0 0 1 
0 0 1 0 0 0 0 0 1 
0 0 0 0 1 0 1 0 0 
0 0 0 0 0 0 0 1 1 
1 0 0 0 0 0 0 0 1 
0 1 0 1 0 0 0 0 0 
0 0 0 0 0 0 1 1 0 
0 0 0 1 1 0 0 0 0 
0 0 1 1 0 0 0 0 0 
0 0 0 0 0 1 0 0 1 
0 0 0 0 1 0 0 1 0 
0 0 1 0 0 0 0 1 0 
0 0 0 0 1 0 0 0 1 
0 0 0 0 1 0 1 0 0 
0 0 0 1 1 0 0 0 0 
0 0 0 0 1 0 0 1 0 
0 0 1 0 0 0 0 1 0 
0 0 0 0 1 0 0 0 1 
0 0 0 1 1 0 0 0 0 
0 0 0 0 1 0 0 1 0 
0 0 1 1 0 0 0 0 0 
0 0 0 1 0 1 0 0 0 
0 0 0 0 1 0 0 0 1 
0 0 1 0 0 0 0 1 0 
1 0 0 0 0 1 0 0 0 
0 0 0 0 0 1 0 0 1 
0 0 0 1 0 0 0 0 1 
0 0 0 1 0 0 1 0 0 
0 0 0 1 0 1 0 0 0 
0 1 0 1 0 0 0 0 0 
1 0 0 0 0 0 0 0 1 
0 0 0 0 1 0 1 0 0 
1 0 0 0 0 1 0 0 0 
0 0 1 0 0 0 1 0 0 
0 0 0 0 0 1 0 0 1 
0 0 0 1 0 0 0 0 1 
0 0 0 0 1 0 1 0 0 
0 0 0 0 0 0 1 1 0 
0 0 0 0 0 1 0 0 1 
0 0 0 0 0 0 1 0 1 
1 0 0 1 0 0 0 0 0 
0 0 0 0 0 0 0 1 1 
0 0 0 1 0 1 0 0 0 
0 0 0 0 0 0 1 0 1 
1 0 0 0 0 1 0 0 0 
1 0 0 0 0 0 0 0 1 
0 0 0 1 0 0 0 0 1 
0 0 1 0 0 0 0 1 0 
0 0 1 0 0 0 1 0 0 
1 0 0 1 0 0 0 0 0 
0 0 0 1 0 1 0 0 0 
0 0 0 1 0 0 0 0 1 
0 0 0 0 0 0 1 0 1 
0 0 0 0 0 0 1 1 0 
1 0 0 0 0 0 0 0 1 
0 0 1 0 0 0 0 0 1 
1 0 0 1 0 0 0 0 0 
0 0 1 0 0 0 0 1 0 
0 0 0 1 0 1 0 0 0 
1 0 0 0 0 0 1 0 0 
0 0 1 0 0 0 1 0 0 
1 0 0 1 0 0 0 0 0 
1 0 0 0 0 1 0 0 0 
1 0 1 0 0 0 0 0 0 
0 0 0 1 0 1 0 0 0 
0 0 0 0 0 0 1 1 0 
1 0 0 0 0 0 0 0 1 
1 0 0 0 0 0 0 1 0 
0 0 0 0 0 0 0 1 1 
0 0 0 1 0 0 1 0 0 
0 0 0 0 0 1 1 0 0 
0 0 1 0 0 0 1 0 0 
1 0 0 1 0 0 0 0 0 
1 0 0 0 0 1 0 0 0 
1 0 1 0 0 0 0 0 0 
0 0 0 1 0 0 0 1 0 
0 0 1 0 0 0 0 1 0 
0 0 0 1 0 1 0 0 0 
0 0 0 0 0 0 1 0 1 
0 0 0 1 0 0 1 0 0 
1 0 0 0 0 0 0 0 1 
1 0 0 1 0 0 0 0 0 
0 0 0 0 0 0 0 1 1 
0 0 0 1 0 0 0 1 0 
0 0 1 0 0 0 1 0 0 
1 0 0 0 0 0 1 0 0 
1 0 1 0 0 0 0 0 0 
0 0 0 0 0 0 1 1 0 
0 0 1 0 0 0 0 1 0 
1 0 0 0 0 0 0 1 0 
1 0 0 0 0 1 0 0 0 
0 0 0 0 1 0 0 1 0 
0 0 0 1 0 0 1 0 0 
0 0 0 0 0 0 1 0 1 
1 0 0 1 0 0 0 0 0 
1 0 0 0 0 0 0 0 1 
0 0 0 1 0 0 0 1 0 
0 0 0 0 0 0 0 1 1 
0 0 0 1 0 1 0 0 0 
1 1 1 1 1 1 1 1 1 
;
TIMETABLE BEST: 
0.0 0.0 0.0 0.0 0.0 0.0 0.0 0.0 0.0 
10 0 0 0 0 0 0 0 0 
10 18 0 0 0 0 0 0 0 
10 18 18 0 0 0 0 0 0 
19 18 18 0 0 0 0 0 0 
19 18 18 19 0 0 0 0 0 
19 18 25 19 0 0 0 0 0 
19 18 25 19 10 0 0 0 0 
19 18 25 19 10 18 0 0 0 
19 18 25 19 10 18 0 0 0 
29 18 25 19 10 18 0 0 0 
29 18 25 19 10 18 10 0 0 
29 18 25 19 10 31 10 0 0 
29 18 25 19 33 31 10 0 0 
29 18 25 19 33 31 10 0 0 
29 18 25 19 33 31 10 18 0 
29 18 25 19 33 31 10 18 0 
29 18 25 19 33 31 19 18 0 
29 18 25 19 33 31 19 18 0 
29 18 25 19 33 31 19 18 0 
29 18 25 19 33 31 19 18 0 
29 18 25 19 33 31 19 18 10 
29 18 25 30 33 31 19 18 10 
29 18 25 30 33 31 19 18 10 
29 18 25 30 33 31 19 18 10 
29 18 25 30 33 31 19 18 10 
29 18 25 30 33 31 19 18 10 
29 18 25 30 33 31 19 18 10 
29 18 25 30 33 31 19 18 21 
29 18 25 30 33 31 19 18 21 
29 18 25 30 33 31 19 18 21 
29 18 25 30 33 31 19 18 21 
29 18 25 30 33 31 19 18 21 
29 18 25 30 33 31 19 18 21 
29 18 25 30 33 31 19 18 21 
29 18 25 30 33 31 19 18 21 
29 18 25 30 33 31 19 18 21 
29 18 25 30 33 31 19 18 21 
29 18 25 30 33 31 19 18 21 
29 18 25 30 33 31 19 18 21 
29 18 25 30 33 31 19 18 21 
29 18 25 30 33 31 19 18 21 
29 18 25 30 33 31 19 18 21 
29 18 25 30 33 31 19 18 21 
29 18 25 30 33 31 19 18 21 
29 18 25 30 33 31 19 36 21 
29 18 25 30 33 31 19 36 21 
29 18 25 30 33 31 19 36 21 
29 18 25 30 33 31 38 36 21 
29 18 25 30 33 31 38 36 21 
29 18 25 30 33 31 38 36 21 
29 18 25 30 33 31 38 36 21 
29 18 25 30 33 31 38 36 21 
29 18 25 38 33 31 38 36 21 
29 18 25 38 33 31 38 36 21 
29 18 25 38 33 31 38 36 21 
29 18 25 38 33 31 38 43 21 
29 18 25 38 33 31 38 43 21 
29 18 25 38 33 31 38 43 21 
29 18 25 38 33 31 38 43 21 
29 18 25 38 33 31 38 43 32 
29 26 25 38 33 31 38 43 32 
29 26 25 38 33 31 38 43 32 
29 26 25 38 33 31 38 43 32 
29 26 25 38 33 31 38 43 32 
29 26 25 38 33 31 38 43 32 
29 26 25 38 33 31 38 43 32 
29 26 25 38 33 31 38 43 42 
29 26 25 38 33 31 38 43 42 
29 26 25 38 33 31 38 43 42 
29 26 25 38 33 31 38 43 42 
29 26 25 38 33 31 38 43 42 
29 26 25 38 33 31 38 43 42 
29 26 25 38 33 31 38 43 42 
29 26 25 38 33 31 38 43 42 
29 26 25 38 33 31 38 43 42 
47 26 25 38 33 31 38 43 42 
47 26 25 38 33 31 38 43 42 
47 26 25 38 33 31 38 43 42 
47 26 25 38 33 31 38 43 42 
47 26 25 38 33 31 38 43 42 
47 26 25 45 33 31 38 43 42 
47 26 25 45 33 31 38 43 42 
47 52 25 45 33 31 38 43 42 
47 52 25 45 33 31 38 43 42 
47 52 25 45 33 31 38 43 42 
47 52 25 45 33 31 38 43 42 
47 52 25 45 33 31 38 43 42 
47 52 25 45 33 31 38 43 42 
47 52 25 45 33 31 38 43 42 
47 52 25 52 33 31 38 43 42 
47 52 32 52 33 31 38 43 42 
47 52 32 52 41 31 38 43 42 
47 52 32 52 41 31 38 43 42 
47 52 32 52 41 31 38 43 54 
47 52 48 52 41 31 38 43 54 
47 52 48 52 41 44 38 43 54 
47 52 48 52 41 44 38 43 54 
47 52 48 52 51 44 38 43 54 
47 52 48 52 51 44 38 43 54 
47 52 48 52 51 44 38 43 54 
47 52 48 52 51 44 38 43 54 
47 52 48 52 51 52 38 43 54 
53 52 48 52 51 52 38 43 54 
53 52 48 52 51 52 49 43 54 
53 52 48 52 51 52 49 43 54 
53 52 48 52 51 52 49 43 54 
53 52 48 52 51 52 49 43 54 
53 52 48 52 51 52 49 43 54 
53 52 48 52 51 52 49 50 54 
53 52 48 52 51 52 49 50 54 
53 52 48 52 51 52 49 50 54 
53 52 48 52 51 52 49 50 54 
53 52 48 52 51 52 49 50 54 
53 52 48 52 51 52 49 50 54 
53 52 48 52 51 52 49 50 54 
53 52 48 52 51 52 49 50 54 
53 52 48 52 51 52 49 50 54 
53 52 48 52 51 52 49 50 54 
53 52 48 52 51 52 49 50 54 
53 52 48 52 51 52 49 50 54 
53 52 48 52 51 52 55 50 54 
53 52 48 52 51 52 55 50 54 
53 52 48 52 51 52 55 50 54 
53 52 48 52 51 52 55 50 54 
53 52 48 52 51 52 55 50 54 
53 52 48 52 51 52 55 50 54 
53 52 48 52 51 52 55 50 54 
53 52 48 52 51 52 55 50 54 
53 52 48 52 51 52 55 50 54 
53 52 48 52 51 52 55 50 54 
53 52 48 60 51 52 55 50 54 
53 52 48 60 51 60 55 50 54 
53 52 59 60 51 60 55 50 54 
53 52 59 60 51 60 55 50 54 
53 52 59 60 51 60 55 50 54 
53 52 59 60 51 60 55 50 54 
53 52 59 60 51 60 55 50 54 
53 52 59 60 51 60 55 50 63 
53 52 59 60 61 60 55 50 63 
53 52 59 60 61 60 55 50 63 
53 52 59 60 61 60 55 50 63 
53 52 59 60 61 60 55 50 63 
53 52 59 60 61 60 55 50 63 
53 52 59 60 61 60 55 50 63 
53 66 59 60 61 60 55 50 63 
53 66 59 60 61 60 55 57 63 
53 66 59 60 61 60 55 57 63 
53 66 59 60 61 60 55 57 63 
53 66 59 60 61 60 55 57 63 
53 66 59 60 61 60 55 57 63 
60 66 59 60 61 60 55 57 63 
60 66 59 60 61 60 55 57 63 
60 66 59 60 61 60 55 57 63 
60 66 59 60 61 60 55 57 63 
60 66 59 60 61 60 55 57 63 
60 66 59 60 61 60 55 57 63 
60 66 59 60 61 60 55 57 63 
60 66 59 68 61 60 55 57 63 
60 66 59 68 61 60 55 57 63 
60 66 59 68 61 60 64 57 63 
60 66 59 68 61 60 64 57 63 
60 66 59 68 61 60 64 57 63 
60 66 59 68 61 60 64 57 63 
68 66 59 68 61 60 64 57 63 
68 66 59 68 61 60 64 57 63 
68 66 59 68 61 60 64 57 63 
68 66 59 68 61 60 64 57 63 
68 66 59 68 61 60 64 57 63 
68 66 59 68 61 60 64 57 63 
68 66 59 68 61 60 64 57 63 
68 66 59 68 61 60 64 64 63 
68 66 59 68 61 60 64 64 69 
68 66 59 68 61 60 64 64 69 
68 66 59 68 61 60 64 64 69 
68 66 59 68 61 60 64 64 69 
68 66 59 68 61 60 64 64 69 
68 66 59 68 69 60 64 64 69 
68 66 59 68 69 60 64 64 69 
68 66 59 68 69 60 64 64 69 
68 66 59 68 69 68 64 64 69 
68 66 59 68 69 68 64 74 69 
68 66 59 76 69 68 64 74 69 
68 66 59 76 69 68 64 74 69 
68 66 59 76 69 68 64 74 69 
68 76 59 76 69 68 64 74 69 
68 76 59 76 69 68 64 74 69 
68 76 59 76 69 68 64 74 69 
68 76 59 76 69 68 64 74 69 
68 76 59 76 69 68 64 74 69 
77 76 59 76 69 68 64 74 69 
77 76 59 76 69 68 64 74 69 
77 76 59 76 69 75 64 74 69 
77 76 59 76 69 75 64 74 75 
77 76 59 76 69 75 64 74 75 
77 76 59 76 69 82 64 74 75 
77 76 59 76 69 82 64 74 75 
77 76 70 76 69 82 64 74 75 
77 76 80 76 69 82 64 74 75 
77 76 80 76 69 82 64 74 75 
77 76 80 76 69 82 64 74 75 
77 76 80 76 69 82 64 74 75 
77 76 80 84 69 82 64 74 75 
77 76 80 84 69 82 75 74 75 
77 76 80 84 69 82 75 74 75 
77 76 87 84 69 82 75 74 75 
77 76 87 84 69 82 75 74 81 
77 76 87 84 69 82 75 88 81 
77 76 87 84 69 82 75 88 81 
77 86 87 84 69 82 75 88 81 
77 86 87 93 69 82 75 88 81 
77 86 87 93 69 82 75 88 81 
77 86 87 93 69 82 81 88 81 
77 86 87 93 69 82 81 88 81 
77 86 87 93 69 82 81 88 81 
77 86 87 93 69 82 81 88 99 
86 86 87 93 69 82 81 88 99 
86 86 87 93 69 82 81 88 99 
86 86 87 93 69 82 81 88 99 
86 86 87 93 69 90 81 88 99 
86 86 87 93 92 90 81 88 99 
86 86 101 93 92 90 81 88 99 
86 86 101 103 92 90 81 88 99 
86 86 101 103 92 90 81 88 99 
86 86 101 103 92 90 87 88 99 
86 86 101 103 92 90 102 88 99 
86 86 101 103 92 90 102 88 99 
86 86 101 103 92 90 102 88 99 
86 86 101 103 92 98 102 88 99 
95 86 101 103 92 98 102 88 99 
95 96 101 103 92 98 102 88 99 
101 96 101 103 92 98 102 88 99 
101 96 101 103 92 98 102 88 99 
101 96 101 103 92 98 102 88 99 
101 96 101 103 92 107 102 88 99 
101 96 101 103 92 107 102 88 99 
101 96 101 103 92 107 102 88 99 
101 96 101 103 100 107 102 88 99 
101 96 101 103 100 107 102 88 99 
101 96 101 103 100 107 102 102 99 
101 96 101 103 100 107 111 102 99 
101 96 101 103 100 107 111 102 113 
101 96 101 103 100 107 111 102 113 
101 96 101 103 122 107 111 102 113 
101 96 101 115 122 107 111 102 113 
101 96 101 115 122 116 111 102 113 
101 96 101 115 122 116 111 102 113 
124 96 101 115 122 116 111 102 113 
124 96 101 115 122 116 111 125 113 
124 96 101 115 122 116 111 125 127 
124 96 101 115 122 116 121 125 127 
124 96 101 137 122 116 121 125 127 
124 107 101 150 122 116 121 125 127 
124 107 101 150 122 116 121 125 139 
124 107 101 150 122 116 121 125 139 
124 107 101 150 122 116 121 125 139 
124 113 101 150 122 116 121 125 139 
124 113 101 150 122 116 121 125 139 
124 113 101 150 122 116 121 125 139 
124 113 101 150 122 116 121 125 145 
124 113 101 150 122 116 121 125 145 
124 122 101 150 122 116 121 125 145 
124 122 122 150 122 116 121 125 145 
124 122 122 150 122 116 121 125 145 
124 122 122 150 122 116 121 125 145 
124 122 122 150 122 125 121 125 145 
124 122 122 150 122 125 121 125 145 
124 122 122 150 122 125 133 125 145 
124 122 130 150 122 125 133 125 145 
124 122 130 150 122 125 133 131 145 
124 122 130 150 122 125 133 131 145 
124 122 130 150 122 125 133 131 151 
124 122 130 164 122 125 133 131 151 
124 122 130 164 122 125 133 131 151 
124 122 130 164 122 125 133 131 151 
124 122 130 164 122 125 133 131 170 
124 122 130 164 129 125 133 131 170 
124 122 130 164 129 125 133 131 170 
124 130 130 164 129 125 133 131 170 
124 130 130 164 129 125 133 131 170 
124 130 130 164 129 125 133 131 170 
132 130 130 164 129 125 133 131 170 
132 130 130 164 129 135 133 131 170 
132 130 130 164 129 135 133 131 170 
132 130 130 164 129 135 133 131 170 
132 130 130 164 129 135 133 131 170 
132 130 130 164 129 135 171 131 170 
132 130 130 164 129 135 171 131 170 
132 130 130 164 129 135 171 131 170 
132 138 130 164 129 135 171 131 170 
132 138 130 164 129 135 171 131 170 
132 138 130 164 140 135 171 131 170 
132 138 141 164 140 135 171 131 170 
132 138 141 164 140 135 171 131 170 
132 138 141 164 140 135 171 167 170 
132 138 141 164 140 135 171 167 170 
132 138 141 164 140 135 171 167 170 
132 138 141 164 140 135 171 167 170 
132 138 141 164 149 135 171 167 170 
132 138 141 164 149 135 171 167 170 
132 138 152 164 149 135 171 167 170 
132 138 152 164 149 135 171 167 170 
132 138 152 164 157 135 171 167 170 
132 138 152 164 157 135 171 167 170 
132 138 161 164 157 135 171 167 170 
132 138 161 164 157 161 171 167 170 
132 138 161 164 157 161 171 167 170 
132 138 161 164 157 161 171 167 170 
171 138 161 164 157 161 171 167 170 
171 138 161 164 157 161 171 167 170 
171 138 161 164 157 161 171 167 170 
171 138 161 164 157 161 171 167 170 
171 138 161 178 157 161 171 167 170 
171 162 161 178 157 161 171 167 170 
171 162 161 178 157 161 171 167 170 
171 162 161 178 157 161 184 167 170 
183 162 161 178 157 161 184 167 170 
183 162 161 178 157 161 184 167 170 
183 162 161 178 157 177 184 167 170 
183 162 161 178 157 177 184 167 170 
183 162 161 178 165 177 184 167 170 
183 162 161 178 165 177 184 167 170 
183 162 161 178 165 183 184 167 170 
183 162 161 178 165 183 184 167 170 
183 162 161 178 165 183 184 167 170 
183 162 161 178 165 183 184 189 170 
183 162 161 178 165 183 184 189 170 
183 162 161 178 165 183 194 189 170 
183 162 161 178 165 183 194 189 170 
196 162 161 178 165 183 194 189 170 
196 162 161 178 165 183 194 189 188 
196 162 179 178 165 183 194 189 188 
196 162 179 178 165 183 194 189 188 
196 162 179 178 165 183 194 189 188 
196 162 179 178 165 197 194 189 188 
196 162 179 191 165 197 194 189 188 
196 162 179 191 165 197 194 189 188 
196 162 179 191 165 197 194 189 188 
196 162 179 191 165 197 194 189 188 
196 162 198 191 165 197 194 189 188 
196 162 198 191 165 197 194 189 188 
196 162 198 191 165 197 194 189 188 
196 162 198 191 165 197 194 189 188 
196 162 198 191 165 197 194 189 188 
196 162 198 191 165 197 194 189 188 
196 162 198 197 165 197 194 189 188 
196 162 198 197 165 197 194 189 188 
196 162 198 197 165 197 194 189 188 
196 162 198 197 165 197 194 189 188 
196 162 198 197 165 197 207 189 188 
209 162 198 197 165 197 207 189 188 
209 162 198 197 165 197 207 189 188 
209 162 198 197 165 197 207 210 188 
209 162 198 197 165 197 207 210 188 
209 162 198 197 165 197 207 210 188 
209 162 198 197 165 197 207 210 188 
209 162 198 197 165 197 207 210 188 
209 162 198 197 165 197 207 210 188 
209 162 198 197 165 197 207 210 188 
209 162 198 197 165 197 207 210 188 
209 162 198 197 165 197 207 210 188 
209 162 198 197 165 211 207 210 188 
209 162 198 197 165 211 207 210 202 
209 162 198 203 165 211 207 210 202 
209 162 198 203 165 211 207 210 202 
209 162 198 203 165 211 207 210 202 
209 162 198 203 165 211 207 210 202 
209 162 198 203 165 211 207 210 202 
209 162 208 203 165 211 207 210 202 
209 162 208 203 165 211 207 210 202 
209 162 208 203 165 211 207 210 202 
209 162 208 203 165 211 207 210 202 
209 162 208 203 165 211 207 210 202 
209 162 208 203 165 211 207 210 202 
209 162 208 203 165 211 207 210 202 
209 162 208 203 211 211 207 210 202 
209 162 208 216 211 211 207 210 202 
209 162 208 216 211 211 207 210 216 
209 162 208 216 211 211 207 210 216 
209 162 208 216 211 211 207 210 216 
209 162 208 216 211 211 207 210 216 
209 162 208 216 211 211 207 210 216 
209 162 208 216 211 211 207 210 216 
278.0 200.0 264.0 288.0 260.0 300.0 266.0 270.0 306.0 
;
EXECUTION TIME HBSS: 13646.2875972 seconds 

-------------------------------------------------------------------
 410 413 416 407 407 402 410 416 
398 418 413 416 407 407 402 418 416 
420 418 413 416 420 407 402 418 416 
420 418 420 416 420 407 402 418 416 
420 418 420 420 420 407 402 418 416 
420 418 420 420 420 420 402 418 416 
420 418 420 420 420 420 402 420 416 
420 418 420 420 420 420 402 420 420 
420 418 420 420 420 425 425 420 420 
420 418 426 420 426 425 425 420 420 
420 418 426 427 427 425 425 420 420 
420 429 426 427 427 429 425 420 420 
420 429 426 427 429 429 425 420 429 
434 429 426 427 434 429 425 420 429 
434 429 426 434 434 429 425 434 429 
434 429 426 434 434 429 425 434 429 
434 429 426 434 434 434 425 434 429 
434 429 439 434 439 434 425 434 429 
434 445 439 434 439 445 425 434 429 
434 445 446 434 439 445 425 434 446 
434 445 446 446 439 445 425 434 446 
434 445 446 446 446 445 425 434 446 
434 445 446 446 446 446 425 434 446 
434 445 446 446 446 446 425 448 448 
434 445 446 453 446 446 425 448 453 
434 445 460 460 446 446 425 448 453 
434 463 460 460 446 446 425 448 463 
434 469 460 460 469 446 425 448 463 
434 469 460 460 469 446 425 448 469 
478 469 460 460 478 446 425 448 469 
478 478 460 460 478 446 425 448 469 
478 478 478 460 478 446 425 448 469 
524.0 505.0 534.0 520.0 527.0 544.0 496.0 538.0 525.0 
;
EXECUTION TIME HBSS: 13851.4261169 seconds 

-------------------------------------------------------------------
