DATFILE : offices1_2r_250.dat
ENVIRONMENT : office
ALGORITHM : HBSS - TAU 9
RANGE : 250
STARTING_POS : 42
N_ROBOTS : 2
GREEDY SOLUTION : [ 4472.]
COMPUTATIONS D :
4472
4472
4396
4472
4472
4472
4472
4104
4182
4472
4472
4306
4312
4472
4484
4472
4472
4472
4256
4472
4472
4476
4328
4278
4280
4492
4472
4472
4472
4456
4280
4396
4472
4220
4472
4472
4472
4180
4472
4208
4172
4472
4488
4476
4472
4472
4472
4472
4258
4472
4472
4472
4472
4368
4268
4320
4176
4422
4472
4452
4398
4318
4232
4172
4472
4322
4472
4268
4394
4206
4472
4164
4472
4152
4200
4472
4472
4472
4472
4472
4226
4210
4472
4472
4492
4482
4478
4400
4216
4200
4234
4200
4472
4458
4386
4472
4346
4254
4472
4260
4374
4472
4472
4210
4326
4472
4304
4450
4472
4198
4476
4400
4472
4382
4472
4286
4160
4222
4236
4484
4472
4472
4472
4400
4262
4472
4472
4182
4472
4496
4472
4472
4472
4472
4472
4472
4168
4394
4456
4190
4472
4472
4472
4306
4180
4160
4444
4400
4472
4370
4472
4300
4472
4176
4472
4254
4400
4472
4472
4472
4472
4230
4166
4240
4350
4488
4472
4274
4326
4472
4472
4188
4472
4390
4366
4472
4472
4472
4386
4476
4432
4274
4472
4318
4330
4472
4272
4472
4182
4472
4472
4220
4382
4174
4184
4328
4472
4472
4472
4360
;
HBBS sumD : 4104
BEST_CONFIGURATIONS : 
42 42 
41 42 
36 42 
35 42 
34 42 
34 41 
35 41 
35 36 
34 36 
33 36 
32 36 
32 35 
27 35 
26 35 
23 35 
2 35 
2 34 
23 34 
26 34 
27 34 
32 34 
32 33 
27 33 
26 33 
23 33 
2 33 
2 32 
2 27 
2 26 
23 26 
23 27 
23 32 
26 32 
26 27 
26 31 
27 31 
32 31 
32 27 
32 30 
27 30 
26 30 
23 30 
2 30 
2 31 
23 31 
1 31 
1 30 
1 29 
1 28 
23 28 
26 28 
27 28 
32 28 
32 29 
27 29 
26 29 
23 29 
39 29 
39 30 
39 31 
39 27 
39 32 
39 33 
39 34 
39 35 
39 36 
39 41 
39 40 
26 40 
27 40 
32 40 
33 40 
34 40 
35 40 
36 40 
41 40 
42 40 
5 40 
24 40 
4 40 
4 39 
24 39 
5 39 
5 23 
5 2 
24 2 
4 2 
4 23 
24 23 
24 26 
4 26 
4 32 
24 32 
24 33 
4 33 
4 34 
24 34 
5 34 
5 35 
24 35 
4 35 
4 36 
24 36 
5 36 
5 41 
24 41 
4 41 
4 42 
24 42 
5 42 
5 24 
5 4 
24 4 
3 4 
3 24 
3 5 
3 41 
3 36 
3 35 
3 34 
3 33 
3 32 
3 27 
3 26 
3 23 
3 2 
23 2 
1 2 
1 23 
1 26 
1 27 
1 32 
1 33 
38 33 
38 32 
38 27 
38 26 
38 23 
38 2 
37 2 
37 23 
43 23 
43 26 
37 26 
37 27 
37 32 
37 31 
43 31 
43 30 
37 30 
37 29 
43 29 
43 28 
37 28 
38 28 
38 17 
26 17 
27 17 
31 17 
30 17 
29 17 
28 17 
28 19 
29 19 
30 19 
31 19 
31 16 
27 16 
30 16 
29 16 
28 16 
17 16 
19 16 
19 6 
17 6 
17 22 
17 7 
19 7 
19 22 
19 15 
17 15 
28 15 
29 15 
30 15 
31 15 
27 15 
32 15 
33 15 
33 13 
32 13 
27 13 
26 13 
23 13 
39 13 
40 13 
36 13 
35 13 
34 13 
34 14 
35 14 
33 14 
32 14 
27 14 
26 14 
39 14 
39 15 
26 15 
38 15 
37 15 
43 15 
38 13 
31 13 
30 13 
29 13 
17 13 
17 14 
29 14 
30 14 
31 14 
31 22 
27 22 
30 22 
29 22 
27 21 
32 21 
33 21 
34 20 
35 20 
36 20 
18 20 
18 9 
18 12 
20 12 
9 12 
9 20 
9 21 
9 8 
20 8 
20 21 
20 11 
9 11 
12 11 
12 21 
12 8 
21 8 
11 8 
11 21 
11 10 
21 10 
8 10 
8 22 
8 7 
21 7 
21 22 
11 22 
11 7 
10 7 
10 22 
10 6 
11 6 
21 6 
22 6 
7 6 
7 22 
7 15 
22 15 
6 15 
6 14 
22 14 
7 14 
10 14 
11 14 
21 14 
8 14 
8 15 
21 15 
11 15 
10 15 
10 13 
11 13 
21 13 
8 13 
12 13 
20 13 
20 14 
9 14 
12 14 
12 10 
20 10 
16 10 
16 11 
16 22 
16 7 
16 6 
16 15 
16 13 
22 13 
15 13 
14 13 
14 15 
14 16 
17 19 
17 43 
17 37 
19 37 
19 43 
17 25 
28 25 
29 25 
30 25 
31 25 
27 25 
26 25 
23 25 
2 25 
2 0 
23 0 
26 0 
27 0 
32 0 
31 0 
30 0 
29 0 
28 0 
43 0 
37 0 
38 0 
38 25 
37 25 
43 25 
43 1 
37 1 
38 1 
39 1 
39 23 
39 2 
40 2 
40 23 
40 3 
39 3 
38 3 
1 3 
1 24 
1 4 
0 3 
0 1 
25 1 
25 0 
39 0 
39 26 
39 38 
39 37 
38 37 
38 43 
37 43 
38 29 
38 30 
38 31 
38 34 
31 34 
31 33 
30 33 
29 33 
29 31 
29 30 
28 30 
28 29 
28 31 
30 31 
3 31 
5 33 
41 33 
18 33 
18 34 
18 35 
18 36 
18 41 
18 40 
36 41 
34 35 
33 35 
33 34 
3 42 
42 42 
;
ROBOT MOVING BEST:
0 0 
1 1 
1 1 
1 1 
1 1 
1 1 
1 1 
1 1 
1 1 
1 1 
1 1 
1 1 
1 1 
1 1 
1 1 
1 1 
1 1 
1 1 
1 1 
1 1 
1 1 
1 1 
1 1 
1 1 
1 1 
1 1 
1 1 
1 1 
1 1 
1 1 
1 1 
1 1 
1 1 
1 1 
1 1 
1 1 
1 1 
1 1 
1 1 
1 1 
1 1 
1 1 
1 1 
1 1 
1 1 
1 1 
1 1 
1 1 
1 1 
1 1 
1 1 
1 1 
1 1 
1 1 
1 1 
1 1 
1 1 
1 1 
1 1 
1 1 
1 1 
1 1 
1 1 
1 1 
1 1 
1 1 
1 1 
1 1 
1 1 
1 1 
1 1 
1 1 
1 1 
1 1 
1 1 
1 1 
1 1 
1 1 
1 1 
1 1 
1 1 
1 1 
1 1 
1 1 
1 1 
1 1 
1 1 
1 1 
1 1 
1 1 
1 1 
1 1 
1 1 
1 1 
1 1 
1 1 
1 1 
1 1 
1 1 
1 1 
1 1 
1 1 
1 1 
1 1 
1 1 
1 1 
1 1 
1 1 
1 1 
1 1 
1 1 
1 1 
1 1 
1 1 
1 1 
1 1 
1 1 
1 1 
1 1 
1 1 
1 1 
1 1 
1 1 
1 1 
1 1 
1 1 
1 1 
1 1 
1 1 
1 1 
1 1 
1 1 
1 1 
1 1 
1 1 
1 1 
1 1 
1 1 
1 1 
1 1 
1 1 
1 1 
1 1 
1 1 
1 1 
1 1 
1 1 
1 1 
1 1 
1 1 
1 1 
1 1 
1 1 
1 1 
1 1 
1 1 
1 1 
1 1 
1 1 
1 1 
1 1 
1 1 
1 1 
1 1 
1 1 
1 1 
1 1 
1 1 
1 1 
1 1 
1 1 
1 1 
1 1 
1 1 
1 1 
1 1 
1 1 
1 1 
1 1 
1 1 
1 1 
1 1 
1 1 
1 1 
1 1 
1 1 
1 1 
1 1 
1 1 
1 1 
1 1 
1 1 
1 1 
1 1 
1 1 
1 1 
1 1 
1 1 
1 1 
1 1 
1 1 
1 1 
1 1 
1 1 
1 1 
1 1 
1 1 
1 1 
1 1 
1 1 
1 1 
1 1 
1 1 
1 1 
1 1 
1 1 
1 1 
1 1 
1 1 
1 1 
1 1 
1 1 
1 1 
1 1 
1 1 
1 1 
1 1 
1 1 
1 1 
1 1 
1 1 
1 1 
1 1 
1 1 
1 1 
1 1 
1 1 
1 1 
1 1 
1 1 
1 1 
1 1 
1 1 
1 1 
1 1 
1 1 
1 1 
1 1 
1 1 
1 1 
1 1 
1 1 
1 1 
1 1 
1 1 
1 1 
1 1 
1 1 
1 1 
1 1 
1 1 
1 1 
1 1 
1 1 
1 1 
1 1 
1 1 
1 1 
1 1 
1 1 
1 1 
1 1 
1 1 
1 1 
1 1 
1 1 
1 1 
1 1 
1 1 
1 1 
1 1 
1 1 
1 1 
1 1 
1 1 
1 1 
1 1 
1 1 
1 1 
1 1 
1 1 
1 1 
1 1 
1 1 
1 1 
1 1 
1 1 
1 1 
1 1 
1 1 
1 1 
1 1 
1 1 
1 1 
1 1 
1 1 
1 1 
1 1 
1 1 
1 1 
1 1 
1 1 
1 1 
1 1 
1 1 
1 1 
1 1 
1 1 
1 1 
1 1 
1 1 
1 1 
1 1 
1 1 
1 1 
1 1 
1 1 
1 1 
1 1 
1 1 
1 1 
1 1 
1 1 
1 1 
1 1 
1 1 
1 1 
1 1 
1 1 
1 1 
1 1 
1 1 
1 1 
1 1 
1 1 
1 1 
1 1 
1 1 
1 1 
1 1 
1 1 
1 1 
1 1 
1 1 
1 1 
1 1 
1 1 
1 1 
1 1 
1 1 
1 1 
1 1 
1 1 
1 1 
1 1 
1 1 
1 1 
1 1 
1 1 
1 1 
1 1 
1 1 
1 1 
1 1 
1 1 
1 1 
1 1 
1 1 
1 1 
1 1 
1 1 
1 1 
1 1 
1 0 
;
TIMETABLE BEST: 
0.0 0.0 
10 0 
19 0 
29 0 
37 0 
37 10 
45 10 
45 19 
53 19 
62 19 
71 19 
71 29 
77 29 
84 29 
92 29 
99 29 
99 37 
106 37 
114 37 
121 37 
127 37 
127 46 
133 46 
140 46 
148 46 
155 46 
155 55 
155 61 
155 68 
162 68 
162 75 
162 81 
170 81 
170 87 
170 94 
177 94 
183 94 
183 101 
183 112 
189 112 
196 112 
204 112 
211 112 
211 120 
218 120 
228 120 
228 128 
228 136 
228 145 
238 145 
246 145 
253 145 
259 145 
259 154 
265 154 
272 154 
280 154 
290 154 
290 162 
290 170 
290 177 
290 183 
290 192 
290 201 
290 209 
290 219 
290 228 
290 239 
298 239 
305 239 
311 239 
320 239 
329 239 
337 239 
347 239 
356 239 
366 239 
384 239 
392 239 
399 239 
399 250 
406 250 
414 250 
414 260 
414 267 
422 267 
429 267 
429 274 
436 274 
436 282 
443 282 
443 295 
450 295 
450 304 
457 304 
457 313 
464 313 
472 313 
472 321 
480 321 
487 321 
487 331 
494 331 
502 331 
502 340 
510 340 
517 340 
517 350 
524 350 
532 350 
532 368 
532 375 
540 375 
553 375 
553 382 
553 390 
553 406 
553 415 
553 425 
553 433 
553 442 
553 451 
553 457 
553 464 
553 472 
553 479 
566 479 
576 479 
576 486 
576 494 
576 501 
576 507 
576 516 
594 516 
594 525 
594 531 
594 538 
594 546 
594 553 
603 553 
603 560 
609 560 
609 568 
615 568 
615 575 
615 581 
615 594 
621 594 
621 602 
627 602 
627 610 
633 610 
633 619 
639 619 
648 619 
648 629 
656 629 
663 629 
670 629 
678 629 
686 629 
695 629 
695 641 
704 641 
712 641 
720 641 
720 655 
727 655 
738 655 
746 655 
755 655 
765 655 
777 655 
777 669 
789 669 
789 681 
789 687 
801 687 
801 693 
801 706 
813 706 
823 706 
832 706 
840 706 
848 706 
855 706 
861 706 
870 706 
870 720 
879 720 
885 720 
892 720 
900 720 
910 720 
921 720 
937 720 
947 720 
955 720 
955 738 
963 738 
976 738 
985 738 
991 738 
998 738 
1006 738 
1006 752 
1014 752 
1022 752 
1031 752 
1037 752 
1052 766 
1072 766 
1080 766 
1088 766 
1103 766 
1103 784 
1118 784 
1126 784 
1134 784 
1134 803 
1141 803 
1152 803 
1160 803 
1175 819 
1181 819 
1190 819 
1199 832 
1207 832 
1217 832 
1235 832 
1235 841 
1235 858 
1254 858 
1263 858 
1263 868 
1263 881 
1263 888 
1272 888 
1272 895 
1272 905 
1281 905 
1298 905 
1298 915 
1298 922 
1311 922 
1321 922 
1321 929 
1321 942 
1331 942 
1338 942 
1338 955 
1338 961 
1345 961 
1345 967 
1355 967 
1355 973 
1368 973 
1368 979 
1368 991 
1381 991 
1391 991 
1407 991 
1413 991 
1413 1003 
1413 1016 
1419 1016 
1431 1016 
1431 1030 
1443 1030 
1449 1030 
1466 1030 
1479 1030 
1489 1030 
1496 1030 
1496 1044 
1503 1044 
1513 1044 
1526 1044 
1526 1058 
1539 1058 
1549 1058 
1556 1058 
1570 1058 
1580 1058 
1580 1076 
1589 1076 
1606 1076 
1606 1106 
1616 1106 
1659 1106 
1659 1119 
1659 1135 
1659 1141 
1659 1155 
1659 1180 
1659 1194 
1675 1194 
1688 1194 
1702 1194 
1702 1208 
1702 1237 
1755 1251 
1755 1269 
1755 1275 
1767 1275 
1767 1281 
1779 1292 
1789 1292 
1798 1292 
1806 1292 
1814 1292 
1821 1292 
1828 1292 
1836 1292 
1843 1292 
1843 1302 
1850 1302 
1858 1302 
1865 1302 
1871 1302 
1884 1302 
1892 1302 
1900 1302 
1909 1302 
1923 1302 
1929 1302 
1938 1302 
1938 1312 
1947 1312 
1953 1312 
1953 1328 
1959 1328 
1968 1328 
1980 1328 
1980 1338 
1980 1345 
1991 1345 
1991 1352 
1991 1365 
2002 1365 
2014 1365 
2032 1365 
2032 1378 
2032 1385 
2046 1399 
2046 1420 
2056 1420 
2056 1434 
2084 1434 
2084 1456 
2084 1464 
2084 1473 
2096 1473 
2096 1479 
2105 1479 
2114 1498 
2114 1506 
2114 1514 
2114 1537 
2134 1537 
2134 1546 
2142 1546 
2150 1546 
2150 1564 
2150 1572 
2159 1572 
2159 1580 
2159 1592 
2172 1592 
2211 1592 
2232 1610 
2248 1610 
2267 1610 
2267 1619 
2267 1627 
2267 1637 
2267 1646 
2267 1657 
2285 1668 
2299 1687 
2308 1687 
2308 1695 
2345 1728 
2376.0 1728.0 
;
EXECUTION TIME HBSS: 439.873750925 seconds 

-------------------------------------------------------------------
