DATFILE : offices1_9r_250.dat
ENVIRONMENT : office
ALGORITHM : HBSS - TAU 9
RANGE : 250
STARTING_POS : 42
N_ROBOTS : 9
GREEDY SOLUTION : 593.0
COMPUTATIONS T :
593.0
593.0
593.0
593.0
593.0
562.0
593.0
593.0
593.0
593.0
593.0
593.0
593.0
593.0
593.0
593.0
593.0
593.0
593.0
593.0
593.0
593.0
593.0
593.0
593.0
593.0
593.0
593.0
593.0
593.0
593.0
593.0
593.0
593.0
593.0
593.0
612.0
603.0
593.0
593.0
593.0
593.0
594.0
587.0
595.0
593.0
593.0
603.0
593.0
593.0
593.0
593.0
593.0
619.0
593.0
593.0
593.0
602.0
593.0
593.0
593.0
593.0
593.0
593.0
576.0
593.0
593.0
593.0
593.0
568.0
593.0
593.0
593.0
593.0
593.0
593.0
593.0
593.0
585.0
593.0
591.0
593.0
551.0
601.0
594.0
593.0
627.0
593.0
593.0
581.0
593.0
593.0
593.0
593.0
593.0
593.0
593.0
593.0
593.0
598.0
593.0
593.0
593.0
593.0
593.0
593.0
593.0
593.0
593.0
593.0
593.0
593.0
593.0
593.0
593.0
593.0
615.0
593.0
593.0
593.0
593.0
593.0
593.0
593.0
593.0
593.0
593.0
593.0
593.0
593.0
593.0
593.0
613.0
585.0
612.0
551.0
562.0
614.0
563.0
593.0
593.0
630.0
593.0
616.0
599.0
593.0
582.0
627.0
593.0
593.0
612.0
593.0
593.0
593.0
593.0
593.0
595.0
628.0
593.0
593.0
593.0
593.0
625.0
593.0
593.0
568.0
589.0
593.0
595.0
593.0
593.0
611.0
593.0
593.0
593.0
593.0
593.0
593.0
593.0
593.0
579.0
593.0
593.0
593.0
593.0
593.0
593.0
593.0
593.0
593.0
593.0
593.0
593.0
593.0
593.0
593.0
582.0
593.0
593.0
593.0
;
HBBS bestT : 551.0
BEST_CONFIGURATIONS : 
42 42 42 42 42 42 42 42 42 
41 42 42 42 42 42 42 42 42 
41 42 5 24 42 42 42 42 42 
41 42 5 24 42 42 42 42 42 
41 42 5 24 42 42 42 42 42 
41 42 5 24 42 42 42 42 42 
41 42 5 24 42 42 42 42 42 
41 42 5 24 36 42 42 42 42 
41 42 5 24 36 42 42 42 42 
41 42 5 24 36 42 42 42 42 
41 42 5 24 36 40 42 42 42 
41 42 5 24 36 40 42 42 42 
41 42 5 24 36 40 42 42 42 
41 42 5 24 36 40 42 42 42 
41 42 5 24 36 40 42 42 42 
41 42 5 24 36 40 42 42 42 
41 42 5 24 36 40 4 42 42 
41 42 5 24 36 40 4 42 42 
41 42 5 24 36 40 4 42 42 
41 42 5 24 36 40 4 42 42 
41 42 5 24 36 40 4 42 42 
41 42 5 24 36 40 4 42 42 
41 42 5 24 36 40 4 18 42 
41 42 5 24 36 40 4 18 42 
41 42 5 24 36 40 4 18 42 
41 42 5 24 36 40 4 18 35 
41 42 5 24 36 40 4 18 35 
41 42 5 24 36 40 4 18 35 
41 42 5 24 36 40 4 18 35 
41 42 5 24 36 40 4 18 35 
41 42 5 24 36 40 4 18 35 
41 42 5 24 36 40 4 18 35 
41 42 5 24 36 40 4 18 35 
41 42 5 24 36 40 4 18 34 
41 42 5 24 36 40 4 18 34 
41 42 5 24 36 40 4 18 34 
41 42 5 4 36 40 4 18 34 
41 42 5 4 36 40 4 18 34 
41 42 5 4 36 40 4 18 34 
41 42 5 4 36 40 24 18 34 
41 42 5 4 36 40 24 18 34 
36 42 5 4 36 40 24 18 33 
36 42 5 4 36 40 24 18 33 
36 42 5 4 36 40 24 18 33 
36 42 5 4 41 40 24 18 33 
36 42 5 4 41 40 24 18 33 
36 42 5 4 41 40 24 18 33 
36 42 5 4 41 40 24 18 33 
36 42 5 4 41 40 24 18 32 
36 24 5 4 41 40 24 18 32 
36 24 5 4 41 40 24 18 32 
36 24 5 4 41 40 24 18 32 
36 24 5 4 41 40 3 18 32 
36 24 5 4 41 40 3 18 32 
36 24 5 4 41 40 3 18 32 
36 24 5 4 41 40 3 18 32 
36 24 5 4 40 40 3 18 32 
36 24 5 4 40 40 3 18 32 
36 24 5 4 40 40 3 20 32 
36 24 5 4 40 40 3 20 27 
36 24 5 4 40 40 3 20 27 
36 24 5 4 40 39 3 20 27 
36 4 5 4 40 39 3 20 27 
36 4 5 4 40 39 3 20 27 
36 4 5 24 40 39 3 20 27 
36 4 5 24 40 39 3 20 27 
36 4 5 24 40 39 3 20 27 
36 4 5 24 40 39 3 20 27 
36 4 5 24 40 39 3 20 32 
41 4 5 24 40 39 3 20 32 
41 4 5 24 40 39 3 20 32 
41 4 5 24 40 39 3 21 27 
41 3 5 24 40 26 3 21 27 
41 3 4 24 40 26 3 21 27 
41 3 4 24 40 26 3 21 27 
41 3 4 24 39 26 3 21 27 
41 3 4 24 39 26 3 21 27 
42 3 4 24 39 26 3 21 27 
42 3 4 24 39 26 23 21 27 
42 3 4 24 39 26 23 21 27 
42 3 4 24 39 26 23 21 27 
42 3 4 24 39 26 23 21 27 
42 3 4 24 39 26 23 21 27 
42 3 4 24 39 26 23 21 27 
42 3 4 24 39 26 23 21 32 
42 3 4 24 39 26 23 21 32 
42 3 4 24 39 26 23 21 32 
42 3 4 5 39 26 23 21 32 
42 3 4 5 40 26 23 21 32 
42 3 4 5 40 26 23 21 32 
42 2 3 5 40 26 23 21 32 
42 2 3 5 40 26 23 21 32 
42 2 3 5 40 26 23 21 32 
42 2 3 5 40 26 23 21 32 
42 2 3 5 40 26 23 21 32 
42 2 3 5 40 26 23 21 27 
24 2 3 5 40 26 23 21 27 
24 2 3 5 40 26 23 21 32 
24 2 3 5 40 27 23 21 32 
4 2 3 5 40 27 23 21 32 
4 2 3 5 40 27 23 22 32 
4 2 3 5 40 27 1 22 32 
4 2 3 5 40 27 1 22 32 
4 2 3 5 40 27 1 22 32 
4 2 3 24 40 27 1 22 32 
4 2 3 24 40 27 1 22 32 
4 2 3 24 40 27 1 22 32 
4 2 3 24 39 27 1 22 32 
4 2 3 24 39 27 1 22 32 
4 2 3 24 39 31 1 22 32 
4 2 3 24 39 31 1 22 32 
4 2 3 24 39 31 1 22 32 
4 2 3 24 39 31 1 22 32 
4 2 3 24 39 31 1 22 32 
4 2 3 24 39 31 1 22 27 
4 2 3 24 39 31 1 22 32 
4 23 3 24 39 31 1 22 32 
4 23 3 24 39 31 1 22 32 
4 23 3 24 26 31 1 22 32 
4 23 3 24 26 31 1 22 32 
4 23 3 24 26 31 1 15 32 
4 23 3 24 26 31 1 15 32 
4 23 3 24 26 31 1 15 27 
4 39 3 24 26 31 1 15 27 
4 39 3 24 26 31 1 15 32 
1 39 3 24 38 31 1 15 32 
1 39 3 24 38 30 1 15 32 
1 39 3 24 38 30 1 15 32 
1 39 3 24 38 30 1 15 32 
1 39 2 24 38 30 1 15 32 
1 39 2 24 38 30 1 15 32 
1 39 2 3 38 30 1 15 32 
1 39 2 3 38 30 1 15 32 
1 39 2 3 38 30 23 15 32 
1 39 2 3 38 30 23 15 32 
1 39 2 3 38 30 23 15 32 
1 39 2 3 38 30 23 15 32 
1 39 2 3 38 30 23 15 32 
1 39 2 3 38 30 23 15 32 
1 39 2 3 38 30 23 15 27 
1 39 2 3 38 30 23 15 27 
1 26 2 3 38 30 23 15 27 
1 26 2 3 38 30 23 15 27 
1 26 2 3 38 30 23 15 31 
1 26 2 3 38 30 23 22 31 
1 26 2 3 38 30 23 22 31 
0 26 2 3 38 30 23 22 31 
0 26 2 3 38 30 23 22 31 
0 26 2 3 38 30 23 22 31 
0 26 2 3 38 30 23 22 31 
0 26 2 3 38 30 23 22 31 
0 26 2 3 38 30 1 22 31 
0 26 2 3 38 30 1 22 31 
0 27 2 3 38 30 1 22 31 
0 27 23 3 38 30 1 22 31 
0 27 23 3 38 29 1 22 31 
0 27 23 3 38 29 1 22 31 
0 27 23 3 38 29 1 22 31 
0 27 23 3 26 29 1 22 31 
0 27 23 3 26 29 1 22 31 
0 27 23 3 26 29 1 22 31 
0 27 23 3 26 29 1 22 30 
0 32 23 3 26 29 1 22 30 
0 32 23 3 26 29 1 22 30 
0 32 23 3 39 29 1 22 30 
0 32 23 3 39 29 1 22 30 
0 32 23 3 39 29 1 22 31 
0 32 38 3 39 29 1 22 31 
0 32 38 3 39 29 1 15 31 
0 33 38 3 39 29 1 15 31 
0 33 38 1 39 29 1 15 31 
0 33 38 1 39 29 1 15 31 
0 33 38 1 39 29 1 15 31 
0 33 38 1 39 29 2 15 31 
0 33 38 1 39 29 2 15 31 
0 33 38 1 39 29 2 15 27 
25 33 38 1 39 29 2 15 27 
25 33 38 1 39 29 2 15 27 
25 33 38 1 39 29 2 15 27 
25 33 38 1 39 29 2 15 27 
25 33 38 1 39 29 2 15 27 
25 33 38 1 26 29 2 15 27 
25 33 38 1 26 29 2 15 27 
25 33 38 1 26 29 2 15 32 
25 33 38 1 26 29 23 15 32 
25 33 38 1 26 29 23 15 32 
25 33 38 1 26 30 23 15 32 
25 33 38 1 26 30 23 15 32 
25 33 37 1 26 30 23 15 32 
25 33 37 1 26 30 23 15 32 
25 33 37 1 26 30 23 15 32 
25 33 37 1 26 30 23 15 32 
25 33 37 1 26 30 23 15 32 
25 33 37 1 26 30 23 15 32 
25 33 37 1 26 30 23 15 32 
25 33 43 1 26 30 23 15 32 
25 33 43 1 26 30 23 15 32 
25 33 43 1 26 30 23 15 32 
25 33 43 1 26 30 23 15 32 
25 33 43 1 26 30 23 15 32 
25 33 43 1 26 30 23 15 32 
25 34 43 1 26 30 23 15 32 
25 34 43 1 26 30 23 15 32 
25 34 43 1 26 30 23 15 27 
25 34 37 1 26 30 23 15 27 
25 34 37 1 26 31 23 15 27 
25 34 37 1 26 31 23 15 27 
25 34 37 1 26 31 23 15 27 
25 34 37 1 26 31 2 15 27 
25 34 37 1 26 31 2 15 27 
25 34 37 1 38 31 2 15 27 
25 34 37 1 38 31 2 15 27 
25 34 37 1 38 31 2 15 32 
25 34 37 0 38 31 2 15 32 
25 34 37 0 38 31 2 13 32 
25 34 37 0 38 31 2 13 32 
25 34 37 0 38 31 2 13 32 
25 34 37 0 38 31 2 13 32 
25 34 37 0 38 31 2 13 32 
25 34 37 0 38 31 23 13 32 
25 34 43 0 38 31 23 13 32 
25 34 43 0 38 31 23 13 32 
25 34 43 0 38 31 23 13 32 
25 34 43 0 38 31 23 13 27 
25 35 43 0 38 31 23 13 27 
25 35 43 0 38 31 23 13 27 
25 35 43 0 38 31 23 13 27 
43 35 37 0 38 31 23 13 27 
43 35 37 0 26 31 23 13 27 
43 35 37 0 26 31 23 13 32 
43 35 37 0 26 31 23 13 32 
43 35 37 0 26 30 23 13 32 
43 35 37 0 26 30 2 13 32 
37 35 37 0 39 30 2 13 32 
37 35 37 0 39 29 2 13 32 
37 35 37 0 39 29 2 13 32 
37 35 43 0 39 29 2 13 32 
37 35 43 0 39 29 2 13 32 
37 35 43 0 39 29 2 13 32 
37 35 43 0 39 29 2 13 33 
37 35 43 0 39 29 2 13 33 
37 35 43 0 39 29 3 13 33 
37 35 43 0 39 29 3 13 33 
37 35 43 0 39 28 3 13 33 
37 35 43 0 39 28 3 13 33 
37 35 43 0 39 28 3 13 33 
37 35 43 0 26 28 3 13 33 
37 34 43 0 26 28 3 13 33 
37 34 43 0 26 28 3 13 33 
37 34 43 0 26 28 3 15 33 
37 34 43 0 27 28 3 15 33 
38 34 43 0 27 28 3 15 33 
38 34 43 25 27 28 3 15 33 
38 34 43 25 32 28 3 15 33 
38 35 43 25 32 28 3 15 34 
37 35 19 25 32 28 3 15 34 
37 35 19 25 32 28 3 15 34 
37 35 19 25 32 28 3 15 34 
37 35 19 25 32 28 23 15 34 
37 35 19 43 32 28 23 15 34 
37 35 19 43 31 28 23 15 34 
37 35 19 43 31 28 23 15 34 
37 35 19 43 31 28 23 15 33 
37 34 19 43 31 28 39 15 33 
37 34 19 43 31 28 39 22 33 
37 34 19 43 30 28 39 22 33 
37 34 19 43 30 28 39 22 33 
37 34 19 43 30 28 39 7 33 
28 34 19 29 30 28 39 7 33 
28 34 19 29 30 28 39 7 33 
28 34 19 29 30 17 39 7 33 
28 34 19 29 30 17 39 7 33 
28 34 19 29 30 17 39 7 33 
28 34 19 29 30 17 39 7 33 
28 34 19 29 30 17 26 7 33 
28 34 19 29 30 17 26 7 33 
28 34 19 29 30 17 26 7 27 
28 34 19 29 30 17 26 22 27 
28 34 19 29 30 17 26 22 31 
28 34 19 29 30 17 38 22 31 
17 34 16 29 30 17 38 22 31 
17 27 16 29 30 17 38 22 31 
17 27 16 28 30 17 38 22 31 
17 27 16 28 29 17 38 22 31 
17 27 16 28 29 17 38 7 31 
17 27 16 28 29 17 38 7 31 
17 27 16 28 29 17 37 7 31 
17 27 16 28 29 19 37 7 31 
17 27 16 28 29 19 37 22 31 
17 27 16 28 30 19 37 22 31 
17 27 16 28 30 19 43 22 31 
17 27 16 28 30 19 43 6 31 
17 27 16 28 30 19 43 6 31 
17 27 16 19 30 19 43 6 31 
17 27 16 19 30 19 25 6 31 
17 1 16 19 28 19 25 6 31 
17 1 16 19 28 6 25 22 31 
17 1 6 19 28 6 25 7 31 
17 1 6 19 28 22 25 7 31 
6 1 6 10 28 22 25 7 31 
6 1 7 10 28 22 25 7 31 
6 1 7 10 16 22 25 7 31 
6 1 7 10 16 22 25 7 31 
6 1 7 10 16 22 25 15 31 
6 1 7 10 16 22 25 15 31 
6 1 7 10 16 22 25 15 31 
6 1 7 10 16 22 25 15 31 
6 1 7 10 16 22 25 15 31 
6 1 7 10 16 22 17 15 31 
6 34 7 10 16 22 17 15 20 
6 34 7 10 16 22 17 15 20 
6 35 7 10 16 22 17 15 20 
6 35 7 11 16 22 17 15 20 
6 35 7 11 16 22 17 14 20 
6 35 7 11 16 22 17 14 20 
6 35 7 11 16 22 17 14 20 
6 35 7 11 16 22 17 14 20 
6 35 7 11 16 22 17 14 20 
6 35 7 11 16 10 17 14 20 
6 35 7 11 16 10 17 14 20 
6 35 7 11 16 10 17 14 20 
6 35 7 11 16 10 17 14 20 
6 35 7 11 16 10 17 14 20 
6 35 7 11 16 10 17 14 20 
6 35 7 11 16 10 17 14 20 
6 35 22 11 16 10 17 14 20 
6 35 22 11 16 10 17 14 20 
6 34 22 11 16 10 17 14 20 
6 34 22 11 16 10 17 14 9 
6 34 22 11 16 10 17 14 9 
6 34 22 11 16 21 17 14 9 
6 34 7 11 16 21 17 14 9 
6 34 7 11 16 21 17 14 9 
6 34 7 11 16 21 17 14 9 
6 34 7 11 16 21 17 14 9 
6 34 7 11 16 21 29 14 9 
6 34 7 11 22 21 29 14 9 
6 33 7 11 22 21 29 14 9 
6 33 7 11 22 21 29 14 9 
6 33 7 11 22 21 29 14 20 
6 33 7 11 22 21 30 14 20 
6 32 7 11 22 21 30 14 20 
6 32 7 10 22 21 30 14 20 
6 32 7 10 15 21 30 14 20 
6 32 7 10 15 21 30 14 20 
6 32 7 10 15 21 31 14 20 
6 27 7 10 15 21 31 14 20 
6 27 10 10 15 21 31 14 12 
6 27 10 10 15 21 31 14 12 
6 27 10 10 15 21 31 14 12 
15 27 10 11 15 21 31 14 12 
15 27 10 11 15 8 31 14 12 
15 26 10 11 15 8 31 14 12 
15 26 10 11 15 8 31 14 12 
15 26 10 11 15 8 31 14 12 
15 26 10 11 15 8 31 14 12 
15 26 10 11 15 8 31 14 12 
15 26 10 11 15 8 31 14 12 
15 26 10 11 22 8 31 14 12 
15 39 10 11 22 8 31 14 12 
15 39 10 11 7 8 31 14 12 
15 39 10 21 7 8 31 14 12 
15 39 10 21 7 8 31 14 20 
13 39 10 21 7 8 31 14 20 
13 39 10 21 7 8 31 14 20 
13 39 10 21 7 8 31 14 20 
13 39 10 21 7 8 31 14 20 
13 39 10 21 7 8 31 14 20 
13 39 10 21 22 8 31 14 20 
13 39 10 21 22 8 17 14 20 
13 40 10 21 22 8 17 14 20 
13 40 10 8 22 8 17 14 9 
13 40 11 8 22 8 17 14 9 
13 40 11 8 15 8 17 14 9 
13 40 11 8 15 12 17 14 9 
13 40 11 8 15 12 17 14 9 
13 36 11 8 15 12 17 14 9 
13 36 11 20 15 12 17 14 9 
13 36 11 20 15 12 17 14 9 
13 36 11 20 15 12 16 14 9 
13 18 12 20 15 12 16 14 9 
13 18 12 9 15 12 16 14 9 
13 18 12 9 15 20 16 14 9 
42 42 42 42 42 42 42 42 42 
;
ROBOT MOVING BEST:
0 0 0 0 0 0 0 0 0 
1 1 0 0 0 0 0 0 0 
0 0 1 1 0 0 0 0 0 
1 0 1 0 0 0 0 0 0 
1 0 0 1 0 0 0 0 0 
0 1 1 0 0 0 0 0 0 
0 1 0 1 0 0 0 0 0 
0 0 1 0 1 0 0 0 0 
1 0 0 0 1 0 0 0 0 
0 1 0 0 1 0 0 0 0 
0 0 1 0 0 1 0 0 0 
1 0 0 0 0 1 0 0 0 
0 1 0 0 0 1 0 0 0 
0 0 0 1 1 0 0 0 0 
0 0 0 1 0 1 0 0 0 
0 0 0 0 1 1 0 0 0 
0 0 0 0 1 0 1 0 0 
1 0 0 0 0 0 1 0 0 
0 1 0 0 0 0 1 0 0 
0 0 1 0 0 0 1 0 0 
0 0 0 1 0 0 1 0 0 
0 0 0 0 0 1 1 0 0 
0 0 0 0 0 1 0 1 0 
1 0 0 0 0 0 0 1 0 
0 0 0 0 1 0 0 1 0 
0 0 1 0 0 0 0 0 1 
1 0 0 0 0 0 0 0 1 
0 1 0 0 0 0 0 0 1 
0 0 0 1 0 0 0 0 1 
0 0 0 0 1 0 0 0 1 
0 0 0 0 0 1 0 0 1 
0 0 0 0 0 0 1 0 1 
0 0 0 0 0 0 0 1 1 
1 0 0 0 0 0 0 0 1 
0 1 0 0 0 0 0 0 1 
0 0 1 0 0 0 0 0 1 
0 0 0 1 0 0 0 0 1 
0 0 0 0 1 0 0 0 1 
0 0 0 0 0 1 0 0 1 
0 0 0 0 0 0 1 0 1 
0 0 0 0 0 0 0 1 1 
1 0 0 0 0 0 0 0 1 
0 0 1 0 0 0 0 0 1 
0 0 0 1 0 0 0 0 1 
0 0 0 0 1 0 0 0 1 
0 0 0 0 0 1 0 0 1 
0 0 0 0 0 0 1 0 1 
0 0 0 0 0 0 0 1 1 
1 0 0 0 0 0 0 0 1 
0 1 0 0 0 0 0 0 1 
0 0 0 1 0 0 0 0 1 
0 0 0 0 0 1 0 0 1 
1 0 0 0 0 0 1 0 0 
0 1 0 0 0 0 1 0 0 
0 0 1 0 0 0 1 0 0 
0 0 0 1 0 0 1 0 0 
0 0 0 0 1 0 1 0 0 
0 0 0 0 0 0 1 0 1 
1 0 0 0 0 0 0 1 0 
0 0 0 0 1 0 0 0 1 
0 0 0 0 0 0 1 0 1 
1 0 0 0 0 1 0 0 0 
0 1 0 0 0 1 0 0 0 
0 0 1 0 0 1 0 0 0 
0 0 0 1 0 1 0 0 0 
0 0 0 0 1 1 0 0 0 
0 0 0 0 0 1 1 0 0 
0 0 0 0 0 1 0 0 1 
0 0 0 0 0 1 0 0 1 
1 0 0 0 0 1 0 0 0 
1 0 0 0 0 0 1 0 0 
0 0 0 0 0 0 0 1 1 
0 1 0 0 0 1 0 0 0 
0 0 1 0 0 1 0 0 0 
0 0 0 1 0 1 0 0 0 
0 0 0 0 1 1 0 0 0 
0 0 0 0 0 1 0 0 1 
1 1 0 0 0 0 0 0 0 
0 1 0 0 0 0 1 0 0 
0 0 1 0 0 0 1 0 0 
0 0 0 1 0 0 1 0 0 
0 0 0 0 1 0 1 0 0 
0 0 0 0 0 1 1 0 0 
0 0 0 0 0 0 1 0 1 
0 0 0 0 0 1 0 0 1 
0 0 0 0 0 0 1 0 1 
0 0 0 0 0 0 0 1 1 
0 0 0 1 0 0 1 0 0 
0 0 0 0 1 1 0 0 0 
0 0 0 0 1 0 1 0 0 
0 1 1 0 0 0 0 0 0 
0 1 0 1 0 0 0 0 0 
0 1 0 0 1 0 0 0 0 
0 1 0 0 0 1 0 0 0 
0 1 0 0 0 0 1 0 0 
0 1 0 0 0 0 0 0 1 
1 1 0 0 0 0 0 0 0 
0 1 0 0 0 0 0 0 1 
0 0 0 0 0 1 0 0 1 
1 1 0 0 0 0 0 0 0 
0 0 0 0 0 1 0 1 0 
1 0 0 0 0 0 1 0 0 
0 1 0 0 0 0 1 0 0 
0 0 1 0 0 0 1 0 0 
0 0 0 1 0 0 1 0 0 
0 0 0 0 0 1 1 0 0 
0 0 0 0 0 0 1 0 1 
0 1 0 0 1 0 0 0 0 
0 0 0 0 1 0 1 0 0 
0 1 0 0 0 1 0 0 0 
0 0 1 0 0 1 0 0 0 
0 0 0 0 1 1 0 0 0 
0 0 0 0 0 1 1 0 0 
0 0 0 0 0 1 0 1 0 
0 0 0 0 0 1 0 0 1 
0 0 0 0 0 1 0 0 1 
0 1 0 0 0 1 0 0 0 
0 1 0 0 0 0 1 0 0 
0 0 0 0 1 1 0 0 0 
0 0 0 0 1 0 1 0 0 
0 0 0 0 1 0 0 1 0 
0 0 0 0 0 1 0 1 0 
0 0 0 0 0 0 0 1 1 
0 1 0 0 0 0 0 1 0 
0 0 0 0 0 0 0 1 1 
1 0 0 0 1 0 0 0 0 
1 0 0 0 0 1 0 0 0 
0 1 0 0 1 0 0 0 0 
0 1 0 0 0 1 0 0 0 
0 0 1 0 1 0 0 0 0 
0 0 1 0 0 1 0 0 0 
0 0 0 1 1 0 0 0 0 
0 0 0 0 1 1 0 0 0 
0 0 0 0 1 0 1 0 0 
0 0 0 0 1 0 0 1 0 
0 0 0 0 1 0 0 0 1 
0 0 0 0 0 1 1 0 0 
0 0 0 0 0 1 0 1 0 
0 0 0 0 0 1 0 0 1 
0 0 0 0 1 0 0 0 1 
0 0 0 0 0 1 0 0 1 
0 1 0 0 1 0 0 0 0 
0 1 0 0 0 1 0 0 0 
0 0 0 0 1 0 0 0 1 
0 0 0 0 0 1 0 1 0 
0 0 0 0 0 1 0 0 1 
1 1 0 0 0 0 0 0 0 
1 0 1 0 0 0 0 0 0 
1 0 0 1 0 0 0 0 0 
1 0 0 0 1 0 0 0 0 
1 0 0 0 0 1 0 0 0 
1 0 0 0 0 0 1 0 0 
1 0 0 0 0 0 0 0 1 
1 1 0 0 0 0 0 0 0 
1 0 1 0 0 0 0 0 0 
1 0 0 0 0 1 0 0 0 
0 1 0 0 0 1 0 0 0 
0 0 1 0 0 1 0 0 0 
0 0 0 0 1 1 0 0 0 
0 0 0 0 0 1 1 0 0 
0 0 0 0 0 1 0 1 0 
0 0 0 0 0 1 0 0 1 
1 1 0 0 0 0 0 0 0 
0 1 0 0 0 1 0 0 0 
1 0 0 0 1 0 0 0 0 
0 0 0 0 1 1 0 0 0 
0 0 0 0 0 1 0 0 1 
0 0 1 0 0 1 0 0 0 
0 0 0 0 0 1 0 1 0 
0 1 1 0 0 0 0 0 0 
0 1 0 1 0 0 0 0 0 
0 1 0 0 1 0 0 0 0 
0 1 0 0 0 1 0 0 0 
0 1 0 0 0 0 1 0 0 
0 1 0 0 0 0 0 1 0 
0 1 0 0 0 0 0 0 1 
1 0 1 0 0 0 0 0 0 
1 0 0 1 0 0 0 0 0 
1 0 0 0 0 1 0 0 0 
1 0 0 0 0 0 1 0 0 
1 0 0 0 0 0 0 0 1 
1 0 0 0 1 0 0 0 0 
0 1 0 0 1 0 0 0 0 
0 1 0 0 0 0 0 0 1 
1 0 0 0 0 0 1 0 0 
0 1 0 0 0 0 1 0 0 
1 0 0 0 0 1 0 0 0 
0 1 0 0 0 1 0 0 0 
1 0 1 0 0 0 0 0 0 
0 0 1 1 0 0 0 0 0 
0 0 1 0 1 0 0 0 0 
0 0 1 0 0 1 0 0 0 
0 0 1 0 0 0 1 0 0 
0 0 1 0 0 0 0 1 0 
0 0 1 0 0 0 0 0 1 
1 0 1 0 0 0 0 0 0 
0 0 1 1 0 0 0 0 0 
0 0 1 0 1 0 0 0 0 
0 0 1 0 0 1 0 0 0 
0 0 1 0 0 0 1 0 0 
0 0 1 0 0 0 0 1 0 
0 1 0 0 1 0 0 0 0 
0 1 0 0 0 0 1 0 0 
0 1 0 0 0 0 0 0 1 
0 0 1 0 0 0 0 0 1 
1 0 0 0 0 1 0 0 0 
0 1 0 0 0 1 0 0 0 
0 0 1 0 0 1 0 0 0 
0 1 0 0 0 0 1 0 0 
0 0 1 0 0 0 1 0 0 
0 1 0 0 1 0 0 0 0 
0 0 1 0 1 0 0 0 0 
0 1 0 0 0 0 0 0 1 
1 0 0 1 0 0 0 0 0 
0 1 0 0 0 0 0 1 0 
0 0 1 1 0 0 0 0 0 
0 0 0 0 1 0 0 1 0 
0 0 0 0 0 1 0 1 0 
0 0 0 0 0 0 0 1 1 
0 0 0 0 0 0 1 1 0 
0 0 1 1 0 0 0 0 0 
0 0 1 0 1 0 0 0 0 
0 0 1 0 0 1 0 0 0 
0 0 0 0 0 0 0 1 1 
0 1 0 0 0 0 1 0 0 
0 1 0 0 0 0 0 1 0 
0 1 0 0 0 0 0 0 1 
1 0 1 0 0 0 0 0 0 
0 1 0 0 1 0 0 0 0 
0 1 0 0 0 0 0 0 1 
0 0 0 0 1 0 0 1 0 
0 0 0 0 0 1 0 1 0 
0 1 0 0 0 0 1 0 0 
1 0 0 0 1 0 0 0 0 
1 0 0 0 0 1 0 0 0 
0 1 0 0 1 0 0 0 0 
0 0 1 0 0 1 0 0 0 
0 0 0 0 1 0 0 1 0 
0 0 0 0 0 1 0 1 0 
0 1 0 0 0 0 0 0 1 
0 0 0 0 0 0 0 1 1 
0 1 0 0 0 0 1 0 0 
0 0 0 0 0 0 1 0 1 
1 0 0 0 0 1 0 0 0 
0 0 1 0 0 1 0 0 0 
0 0 0 1 0 1 0 0 0 
0 0 0 0 1 1 0 0 0 
0 1 0 0 0 0 1 0 0 
0 1 0 0 0 0 0 0 1 
0 0 0 0 0 1 0 1 0 
0 0 0 0 1 1 0 0 0 
1 0 0 0 0 1 0 0 0 
0 0 0 1 0 1 0 0 0 
0 0 0 0 1 1 0 0 0 
0 1 0 0 0 0 0 0 1 
1 0 1 0 0 0 0 0 0 
0 0 1 0 0 1 0 0 0 
0 0 1 0 0 0 0 1 0 
0 0 0 0 0 1 1 0 0 
0 0 1 1 0 0 0 0 0 
0 0 1 0 1 0 0 0 0 
0 0 0 0 1 1 0 0 0 
0 0 0 0 1 0 0 0 1 
0 1 0 0 0 0 1 0 0 
0 0 1 0 0 0 0 1 0 
0 0 1 0 1 0 0 0 0 
0 0 0 0 1 1 0 0 0 
0 0 1 0 0 0 0 1 0 
1 0 0 1 0 0 0 0 0 
0 0 1 1 0 0 0 0 0 
0 0 1 0 0 1 0 0 0 
1 0 0 0 0 1 0 0 0 
0 0 0 1 0 1 0 0 0 
0 0 0 0 1 1 0 0 0 
0 0 0 0 0 1 1 0 0 
0 0 0 0 0 1 0 1 0 
0 0 0 0 0 1 0 0 1 
0 0 0 0 0 1 0 1 0 
0 0 0 0 0 1 0 0 1 
0 0 0 0 0 1 1 0 0 
1 0 1 0 0 0 0 0 0 
0 1 1 0 0 0 0 0 0 
0 0 1 1 0 0 0 0 0 
0 0 1 0 1 0 0 0 0 
0 0 1 0 0 0 0 1 0 
0 0 1 0 0 0 0 0 1 
1 0 0 0 0 0 1 0 0 
0 0 1 0 0 1 0 0 0 
0 0 1 0 0 0 0 1 0 
0 0 1 0 1 0 0 0 0 
1 0 0 0 0 0 1 0 0 
1 0 0 0 0 0 0 1 0 
0 0 1 0 0 0 0 1 0 
0 0 0 1 0 0 0 1 0 
1 0 0 0 0 0 1 0 0 
0 1 0 0 1 0 0 0 0 
0 0 0 0 0 1 0 1 0 
0 0 1 0 0 0 0 1 0 
0 0 0 0 0 1 0 1 0 
1 0 0 1 0 0 0 0 0 
0 0 1 1 0 0 0 0 0 
0 0 0 1 1 0 0 0 0 
0 0 0 1 0 1 0 0 0 
1 0 0 0 0 0 0 1 0 
0 0 1 0 0 0 0 1 0 
0 0 0 1 0 0 0 1 0 
0 0 0 0 1 0 0 1 0 
0 0 0 0 0 1 0 1 0 
0 0 0 0 0 0 1 1 0 
0 1 0 0 0 0 0 0 1 
0 0 0 1 0 0 0 0 1 
0 1 0 0 0 0 0 0 1 
1 0 0 1 0 0 0 0 0 
1 0 0 0 0 0 0 1 0 
0 1 0 0 0 0 0 1 0 
0 0 1 1 0 0 0 0 0 
0 0 1 0 0 0 0 1 0 
0 0 0 1 1 0 0 0 0 
0 0 0 1 0 1 0 0 0 
0 0 0 1 0 0 0 1 0 
0 0 0 1 0 0 0 0 1 
0 0 0 0 1 0 0 1 0 
0 0 0 0 0 1 0 1 0 
0 0 0 0 0 0 1 1 0 
0 0 0 0 0 0 0 1 1 
0 0 1 1 0 0 0 0 0 
0 0 1 0 0 0 0 1 0 
0 1 0 0 0 0 0 1 0 
0 0 0 1 0 0 0 0 1 
0 0 0 0 0 0 0 1 1 
1 0 0 0 0 1 0 0 0 
0 0 1 0 0 1 0 0 0 
0 0 0 1 0 1 0 0 0 
0 0 0 0 0 1 0 1 0 
0 0 0 0 0 1 0 0 1 
0 0 0 0 0 0 1 1 0 
0 0 0 0 1 1 0 0 0 
0 1 0 0 0 1 0 0 0 
0 1 0 0 0 0 0 1 0 
0 0 0 0 0 1 0 0 1 
0 0 0 0 0 0 1 1 0 
0 1 0 0 0 0 0 1 0 
0 0 0 1 0 1 0 0 0 
0 0 0 0 1 1 0 0 0 
0 0 0 0 1 0 0 1 0 
0 0 0 0 0 0 1 1 0 
0 1 0 0 0 0 0 1 0 
0 0 1 0 0 0 0 0 1 
0 0 0 0 0 1 0 0 1 
0 0 0 0 0 0 0 1 1 
1 0 0 1 0 0 0 0 0 
1 0 0 0 0 1 0 0 0 
0 1 0 0 0 0 0 1 0 
0 0 1 0 0 1 0 0 0 
0 0 0 1 0 1 0 0 0 
0 0 0 1 0 0 0 0 1 
0 0 0 0 0 1 0 1 0 
0 0 0 0 0 1 0 0 1 
0 0 0 0 1 1 0 0 0 
0 1 0 0 0 0 0 1 0 
0 0 0 0 1 1 0 0 0 
0 0 0 1 0 1 0 0 0 
0 0 0 0 0 1 0 0 1 
1 0 1 0 0 0 0 0 0 
1 0 0 1 0 0 0 0 0 
1 0 0 0 0 1 0 0 0 
1 0 0 0 0 0 0 1 0 
1 0 0 0 0 0 0 0 1 
1 0 0 0 1 0 0 0 0 
1 0 0 0 0 0 1 0 0 
1 1 0 0 0 0 0 0 0 
0 0 0 1 0 0 0 0 1 
1 0 1 0 0 0 0 0 0 
1 0 0 0 1 0 0 0 0 
1 0 0 0 0 1 0 0 0 
0 0 0 0 0 1 0 0 1 
1 1 0 0 0 0 0 0 0 
0 0 0 1 0 0 0 0 1 
0 0 0 1 0 1 0 0 0 
1 0 0 0 0 0 1 0 0 
0 1 1 0 0 0 0 0 0 
0 1 0 1 0 0 0 0 0 
0 1 0 0 0 1 0 0 0 
1 1 1 1 1 1 1 1 1 
;
TIMETABLE BEST: 
0.0 0.0 0.0 0.0 0.0 0.0 0.0 0.0 0.0 
10 10 0 0 0 0 0 0 0 
10 10 18 18 0 0 0 0 0 
18 10 18 18 0 0 0 0 0 
18 10 18 18 0 0 0 0 0 
18 18 18 18 0 0 0 0 0 
18 18 18 18 0 0 0 0 0 
18 18 19 18 19 0 0 0 0 
19 18 19 18 19 0 0 0 0 
19 19 19 18 19 0 0 0 0 
19 19 19 18 19 19 0 0 0 
19 19 19 18 19 19 0 0 0 
19 19 19 18 19 19 0 0 0 
19 19 19 19 19 19 0 0 0 
19 19 19 19 19 19 0 0 0 
19 19 19 19 19 19 0 0 0 
19 19 19 19 25 19 25 0 0 
25 19 19 19 25 19 25 0 0 
25 25 19 19 25 19 25 0 0 
25 25 25 19 25 19 25 0 0 
25 25 25 25 25 19 25 0 0 
25 25 25 25 25 25 25 0 0 
25 25 25 25 25 27 25 27 0 
27 25 25 25 25 27 25 27 0 
27 25 25 25 27 27 25 27 0 
27 25 29 25 27 27 25 27 29 
29 25 29 25 27 27 25 27 29 
29 29 29 25 27 27 25 27 29 
29 29 29 29 27 27 25 27 29 
29 29 29 29 29 27 25 27 29 
29 29 29 29 29 29 25 27 29 
29 29 29 29 29 29 29 27 29 
29 29 29 29 29 29 29 29 29 
37 29 29 29 29 29 29 29 37 
37 37 29 29 29 29 29 29 37 
37 37 37 29 29 29 29 29 37 
37 37 37 37 29 29 29 29 37 
37 37 37 37 37 29 29 29 37 
37 37 37 37 37 37 29 29 37 
37 37 37 37 37 37 37 29 37 
37 37 37 37 37 37 37 37 37 
46 37 37 37 37 37 37 37 46 
46 37 46 37 37 37 37 37 46 
46 37 46 46 37 37 37 37 46 
46 37 46 46 46 37 37 37 46 
46 37 46 46 46 46 37 37 46 
46 37 46 46 46 46 46 37 46 
46 37 46 46 46 46 46 46 46 
55 37 46 46 46 46 46 46 55 
55 55 46 46 46 46 46 46 55 
55 55 46 55 46 46 46 46 55 
55 55 46 55 46 55 46 46 55 
59 55 46 55 46 55 59 46 55 
59 59 46 55 46 55 59 46 55 
59 59 59 55 46 55 59 46 55 
59 59 59 59 46 55 59 46 55 
59 59 59 59 59 55 59 46 55 
59 59 59 59 59 55 59 46 59 
65 59 59 59 59 55 59 65 59 
65 59 59 59 65 55 59 65 65 
65 59 59 59 65 55 65 65 65 
66 59 59 59 65 66 65 65 65 
66 66 59 59 65 66 65 65 65 
66 66 66 59 65 66 65 65 65 
66 66 66 66 65 66 65 65 65 
66 66 66 66 66 66 65 65 65 
66 66 66 66 66 66 66 65 65 
66 66 66 66 66 66 66 65 66 
66 66 66 66 66 72 66 65 72 
75 66 66 66 66 75 66 65 72 
75 66 66 66 66 75 75 65 72 
75 66 66 66 66 75 75 78 78 
75 83 66 66 66 83 75 78 78 
75 83 83 66 66 83 75 78 78 
75 83 83 83 66 83 75 78 78 
75 83 83 83 83 83 75 78 78 
75 83 83 83 83 83 75 78 83 
85 85 83 83 83 83 75 78 83 
85 88 83 83 83 83 88 78 83 
85 88 88 83 83 83 88 78 83 
85 88 88 88 83 83 88 78 83 
85 88 88 88 88 83 88 78 83 
85 88 88 88 88 88 88 78 83 
85 88 88 88 88 88 88 78 88 
85 88 88 88 88 94 88 78 94 
85 88 88 88 88 94 94 78 94 
85 88 88 88 88 94 94 94 94 
85 88 88 96 88 94 96 94 94 
85 88 88 96 99 99 96 94 94 
85 88 88 96 99 99 99 94 94 
85 102 102 96 99 99 99 94 94 
85 102 102 102 99 99 99 94 94 
85 102 102 102 102 99 99 94 94 
85 102 102 102 102 102 99 94 94 
85 102 102 102 102 102 102 94 94 
85 102 102 102 102 102 102 94 102 
103 103 102 102 102 102 102 94 102 
103 108 102 102 102 102 102 94 108 
103 108 102 102 102 109 102 94 109 
110 110 102 102 102 109 102 94 109 
110 110 102 102 102 110 102 110 109 
112 110 102 102 102 110 112 110 109 
112 112 102 102 102 110 112 110 109 
112 112 112 102 102 110 112 110 109 
112 112 112 112 102 110 112 110 109 
112 112 112 112 102 112 112 110 109 
112 112 112 112 102 112 112 110 112 
112 113 112 112 113 112 112 110 112 
112 113 112 112 113 112 113 110 112 
112 119 112 112 113 119 113 110 112 
112 119 119 112 113 119 113 110 112 
112 119 119 112 119 119 113 110 112 
112 119 119 112 119 119 119 110 112 
112 119 119 112 119 119 119 119 112 
112 119 119 112 119 119 119 119 119 
112 119 119 112 119 125 119 119 125 
112 126 119 112 119 126 119 119 125 
112 126 119 112 119 126 126 119 125 
112 126 119 112 127 127 126 119 125 
112 126 119 112 127 127 127 119 125 
112 126 119 112 132 127 127 132 125 
112 126 119 112 132 132 127 132 125 
112 126 119 112 132 132 127 132 132 
112 136 119 112 132 132 127 136 132 
112 136 119 112 132 132 127 138 138 
140 136 119 112 140 132 127 138 138 
140 136 119 112 140 140 127 138 138 
140 140 119 112 140 140 127 138 138 
140 140 119 112 140 140 127 138 138 
140 140 140 112 140 140 127 138 138 
140 140 140 112 140 140 127 138 138 
140 140 140 140 140 140 127 138 138 
140 140 140 140 140 140 127 138 138 
140 140 140 140 140 140 140 138 138 
140 140 140 140 140 140 140 140 138 
140 140 140 140 140 140 140 140 140 
140 140 140 140 140 140 140 140 140 
140 140 140 140 140 140 140 140 140 
140 140 140 140 140 140 140 140 140 
140 140 140 140 146 140 140 140 146 
140 140 140 140 146 146 140 140 146 
140 148 140 140 148 146 140 140 146 
140 148 140 140 148 148 140 140 146 
140 148 140 140 153 148 140 140 153 
140 148 140 140 153 153 140 153 153 
140 148 140 140 153 153 140 153 153 
154 154 140 140 153 153 140 153 153 
154 154 154 140 153 153 140 153 153 
154 154 154 154 153 153 140 153 153 
154 154 154 154 154 153 140 153 153 
154 154 154 154 154 154 140 153 153 
154 154 154 154 154 154 154 153 153 
154 154 154 154 154 154 154 153 154 
161 161 154 154 154 154 154 153 154 
161 161 161 154 154 154 154 153 154 
162 161 161 154 154 162 154 153 154 
162 162 161 154 154 162 154 153 154 
162 162 162 154 154 162 154 153 154 
162 162 162 154 162 162 154 153 154 
162 162 162 154 162 162 162 153 154 
162 162 162 154 162 162 162 162 154 
162 162 162 154 162 162 162 162 162 
168 168 162 154 162 162 162 162 162 
168 168 162 154 162 168 162 162 162 
170 168 162 154 170 168 162 162 162 
170 168 162 154 170 170 162 162 162 
170 168 162 154 170 170 162 162 170 
170 168 174 154 170 174 162 162 170 
170 168 174 154 170 175 162 175 170 
170 177 177 154 170 175 162 175 170 
170 177 177 177 170 175 162 175 170 
170 177 177 177 177 175 162 175 170 
170 177 177 177 177 177 162 175 170 
170 177 177 177 177 177 177 175 170 
170 177 177 177 177 177 177 177 170 
170 177 177 177 177 177 177 177 177 
180 177 180 177 177 177 177 177 177 
180 177 180 180 177 177 177 177 177 
180 177 180 180 177 180 177 177 177 
180 177 180 180 177 180 180 177 177 
180 177 180 180 177 180 180 177 180 
185 177 180 180 185 180 180 177 180 
185 185 180 180 185 180 180 177 180 
185 186 180 180 185 180 180 177 186 
187 186 180 180 185 180 187 177 186 
187 187 180 180 185 180 187 177 186 
188 187 180 180 185 188 187 177 186 
188 188 180 180 185 188 187 177 186 
189 188 189 180 185 188 187 177 186 
189 188 189 189 185 188 187 177 186 
189 188 189 189 189 188 187 177 186 
189 188 189 189 189 189 187 177 186 
189 188 189 189 189 189 189 177 186 
189 188 189 189 189 189 189 189 186 
189 188 189 189 189 189 189 189 189 
195 188 195 189 189 189 189 189 189 
195 188 195 195 189 189 189 189 189 
195 188 195 195 195 189 189 189 189 
195 188 195 195 195 195 189 189 189 
195 188 195 195 195 195 195 189 189 
195 188 195 195 195 195 195 195 189 
195 197 195 195 197 195 195 195 189 
195 197 195 195 197 195 197 195 189 
195 197 195 195 197 195 197 195 197 
195 197 201 195 197 195 197 195 201 
203 197 201 195 197 203 197 195 201 
203 203 201 195 197 203 197 195 201 
203 203 203 195 197 203 197 195 201 
203 204 203 195 197 203 204 195 201 
203 204 204 195 197 203 204 195 201 
203 205 204 195 205 203 204 195 201 
203 205 205 195 205 203 204 195 201 
203 207 205 195 205 203 204 195 207 
209 207 205 209 205 203 204 195 207 
209 209 205 209 205 203 204 209 207 
209 209 209 209 205 203 204 209 207 
209 209 209 209 209 203 204 209 207 
209 209 209 209 209 209 204 209 207 
209 209 209 209 209 209 204 209 209 
209 209 209 209 209 209 211 211 209 
209 209 215 215 209 209 211 211 209 
209 209 215 215 215 209 211 211 209 
209 209 215 215 215 215 211 211 209 
209 209 215 215 215 215 211 215 215 
209 217 215 215 215 215 217 215 215 
209 217 215 215 215 215 217 217 215 
209 217 215 215 215 215 217 217 217 
221 217 221 215 215 215 217 217 217 
221 223 221 215 223 215 217 217 217 
221 223 221 215 223 215 217 217 223 
221 223 221 215 223 215 217 223 223 
221 223 221 215 223 223 217 223 223 
221 224 221 215 223 223 224 223 223 
231 224 221 215 231 223 224 223 223 
231 224 221 215 231 231 224 223 223 
231 231 221 215 231 231 224 223 223 
231 231 231 215 231 231 224 223 223 
231 231 231 215 231 231 224 231 223 
231 231 231 215 231 231 224 231 223 
231 232 231 215 231 231 224 231 232 
231 232 231 215 231 231 224 232 232 
231 238 231 215 231 231 238 232 232 
231 238 231 215 231 231 238 232 238 
240 238 231 215 231 240 238 232 238 
240 238 240 215 231 240 238 232 238 
240 238 240 240 231 240 238 232 238 
240 238 240 240 240 240 238 232 238 
240 246 240 240 240 240 246 232 238 
240 246 240 240 240 240 246 232 246 
240 246 240 240 240 246 246 246 246 
240 246 240 240 247 247 246 246 246 
249 246 240 240 247 249 246 246 246 
249 246 240 250 247 250 246 246 246 
249 246 240 250 253 253 246 246 246 
249 255 240 250 253 253 246 246 255 
258 255 258 250 253 253 246 246 255 
258 255 258 250 253 258 246 246 255 
258 255 258 250 253 258 246 258 255 
258 255 258 250 253 259 259 258 255 
258 255 261 261 253 259 259 258 255 
258 255 266 261 266 259 259 258 255 
258 255 266 261 266 266 259 258 255 
258 255 266 261 266 266 259 258 266 
258 269 266 261 266 266 269 258 266 
258 269 271 261 266 266 269 271 266 
258 269 274 261 274 266 269 271 266 
258 269 274 261 274 274 269 271 266 
258 269 277 261 274 274 269 277 266 
280 269 277 280 274 274 269 277 266 
280 269 280 280 274 274 269 277 266 
280 269 284 280 274 284 269 277 266 
284 269 284 280 274 284 269 277 266 
284 269 284 284 274 284 269 277 266 
284 269 284 284 284 284 269 277 266 
284 269 284 284 284 284 284 277 266 
284 269 284 284 284 284 284 284 266 
284 269 284 284 284 284 284 284 284 
284 269 284 284 284 290 284 290 284 
284 269 284 284 284 291 284 290 291 
284 269 284 284 284 292 292 290 291 
298 269 298 284 284 292 292 290 291 
298 298 298 284 284 292 292 290 291 
298 298 298 298 284 292 292 290 291 
298 298 298 298 298 292 292 290 291 
298 298 298 298 298 292 292 298 291 
298 298 298 298 298 292 292 298 298 
301 298 298 298 298 292 301 298 298 
301 298 304 298 298 304 301 298 298 
301 298 304 298 298 304 301 304 298 
301 298 306 298 306 304 301 304 298 
307 298 306 298 306 304 307 304 298 
316 298 306 298 306 304 307 316 298 
316 298 316 298 306 304 307 316 298 
316 298 316 316 306 304 307 316 298 
318 298 316 316 306 304 318 316 298 
318 321 316 316 321 304 318 316 298 
318 321 316 316 321 328 318 328 298 
318 321 334 316 321 328 318 334 298 
318 321 334 316 321 340 318 340 298 
351 321 334 351 321 340 318 340 298 
351 321 351 351 321 340 318 340 298 
351 321 351 351 351 340 318 340 298 
351 321 351 351 351 351 318 340 298 
359 321 351 351 351 351 318 359 298 
359 321 359 351 351 351 318 359 298 
359 321 359 359 351 351 318 359 298 
359 321 359 359 359 351 318 359 298 
359 321 359 359 359 359 318 359 298 
359 321 359 359 359 359 359 359 298 
359 360 359 359 359 359 359 359 360 
359 360 359 360 359 359 359 359 360 
359 368 359 360 359 359 359 359 368 
373 368 359 373 359 359 359 359 368 
373 368 359 373 359 359 359 373 368 
373 373 359 373 359 359 359 373 368 
373 373 373 373 359 359 359 373 368 
373 373 373 373 359 359 359 373 368 
373 373 373 373 373 359 359 373 368 
373 373 373 373 373 373 359 373 368 
373 373 373 373 373 373 359 373 368 
373 373 373 373 373 373 359 373 373 
373 373 373 373 373 373 359 373 373 
373 373 373 373 373 373 359 373 373 
373 373 373 373 373 373 373 373 373 
373 373 373 373 373 373 373 373 373 
373 373 379 379 373 373 373 373 373 
373 373 379 379 373 373 373 379 373 
373 381 379 379 373 373 373 381 373 
373 381 379 382 373 373 373 381 382 
373 381 379 382 373 373 373 382 382 
386 381 379 382 373 386 373 382 382 
386 381 386 382 373 386 373 382 382 
386 381 386 386 373 386 373 382 382 
386 381 386 386 373 386 373 386 382 
386 381 386 386 373 386 373 386 386 
386 381 386 386 373 386 388 388 386 
386 381 386 386 389 389 388 388 386 
386 390 386 386 389 390 388 388 386 
386 390 386 386 389 390 388 390 386 
386 390 386 386 389 395 388 390 395 
386 390 386 386 389 395 396 396 395 
386 399 386 386 389 395 396 399 395 
386 399 386 399 389 399 396 399 395 
386 399 386 399 402 402 396 399 395 
386 399 386 399 402 402 396 402 395 
386 399 386 399 402 402 404 404 395 
386 405 386 399 402 402 404 405 395 
386 405 405 399 402 402 404 405 405 
386 405 405 399 402 405 404 405 405 
386 405 405 399 402 405 404 405 405 
412 405 405 412 402 405 404 405 405 
412 405 405 412 402 412 404 405 405 
412 412 405 412 402 412 404 412 405 
412 412 412 412 402 412 404 412 405 
412 412 412 412 402 412 404 412 405 
412 412 412 412 402 412 404 412 412 
412 412 412 412 402 412 404 412 412 
412 412 412 412 402 412 404 412 412 
412 412 412 412 415 415 404 412 412 
412 420 412 412 415 415 404 420 412 
412 420 412 412 421 421 404 420 412 
412 420 412 422 421 422 404 420 412 
412 420 412 422 421 422 404 420 422 
426 420 426 422 421 422 404 420 422 
426 420 426 426 421 422 404 420 422 
426 420 426 426 421 426 404 420 422 
426 420 426 426 421 426 404 426 422 
426 420 426 426 421 426 404 426 426 
427 420 426 426 427 426 404 426 426 
427 420 426 426 427 426 427 426 426 
431 431 426 426 427 426 427 426 426 
431 431 426 435 427 426 427 426 435 
439 431 439 435 427 426 427 426 435 
440 431 439 435 440 426 427 426 435 
440 431 439 435 440 440 427 426 435 
440 431 439 435 440 440 427 426 440 
447 447 439 435 440 440 427 426 440 
447 447 439 449 440 440 427 426 449 
447 447 439 449 440 449 427 426 449 
453 447 439 449 440 449 453 426 449 
453 465 465 449 440 449 453 426 449 
453 465 465 465 440 449 453 426 449 
453 465 465 465 440 465 453 426 449 
551.0 492.0 521.0 514.0 524.0 511.0 542.0 516.0 498.0 
;
EXECUTION TIME HBSS: 11450.736583 seconds 

-------------------------------------------------------------------
