DATFILE : offices1_3r_250.dat
ENVIRONMENT : office
ALGORITHM : HBSS - TAU 9
RANGE : 250
STARTING_POS : 42
N_ROBOTS : 3
GREEDY SOLUTION : [ 4268.]
COMPUTATIONS D :
4244
4268
4268
4268
4268
4270
4268
3972
4060
4268
4268
4462
4268
4296
4414
4268
4268
4244
3842
4038
4268
4002
4268
3942
4268
4098
3872
4268
4074
4268
4038
4396
4242
3974
4130
3808
3964
4268
4268
4302
4268
4268
4268
3972
4268
4268
4268
4268
4170
4166
4268
4266
4054
4276
4050
4268
4268
4268
4268
3956
4268
4268
4266
4268
4268
4040
4268
4252
4268
4268
4248
4268
4268
4324
4202
4268
3986
4116
4034
4276
4268
4268
3930
4268
4268
4268
4268
4060
4158
3976
4268
4268
4154
4322
4180
4096
4268
4296
4268
3992
4268
4268
4268
4264
4268
4268
4278
4096
4316
4268
4268
4268
4268
4268
4268
4268
4540
3940
4098
4268
3990
4268
4268
4090
3934
3850
4268
4268
4268
4268
4268
4268
4268
4268
4162
4268
4294
4268
4396
4268
4268
4268
4268
4268
4268
4268
4266
4268
4268
4268
4268
4268
4268
4268
4268
4268
4268
4268
4440
4268
4268
4268
4386
4202
4268
4268
4268
4392
4116
4454
4268
3948
4268
4268
4268
3920
4020
4268
4362
4162
4396
4268
4328
4268
4268
3850
4126
4126
4268
4268
4268
4268
4268
4268
4268
4078
4268
4010
4268
3782
;
HBBS sumD : 3782
BEST_CONFIGURATIONS : 
42 42 42 
41 42 42 
41 5 42 
36 5 42 
36 24 42 
35 24 42 
35 4 42 
34 4 42 
34 4 41 
34 4 41 
34 24 41 
35 24 41 
35 5 41 
35 5 36 
35 5 36 
34 5 36 
34 24 36 
33 24 36 
33 4 36 
33 4 41 
33 4 40 
33 4 40 
33 24 40 
32 24 40 
27 24 40 
27 5 40 
26 5 40 
26 5 39 
26 5 39 
26 24 39 
27 24 39 
27 4 39 
32 4 39 
32 4 26 
32 4 26 
32 24 26 
27 24 26 
27 24 23 
27 24 23 
27 24 2 
27 24 2 
27 4 2 
32 4 2 
32 4 23 
32 4 23 
32 4 1 
32 4 1 
32 24 1 
27 24 1 
26 24 1 
26 3 1 
23 3 1 
2 3 1 
2 3 23 
2 3 2 
2 23 2 
2 26 2 
2 26 39 
23 26 39 
23 26 26 
23 26 38 
23 26 38 
2 26 38 
2 27 38 
2 27 37 
2 27 37 
23 27 37 
23 32 37 
23 32 43 
26 32 43 
26 32 37 
26 32 38 
27 32 38 
27 33 38 
27 33 38 
27 33 26 
32 33 26 
32 33 23 
32 34 23 
27 34 23 
27 34 23 
26 34 23 
26 34 2 
26 35 2 
26 35 2 
27 35 2 
27 35 23 
32 35 23 
32 35 39 
33 35 39 
33 34 39 
33 34 39 
33 33 39 
33 33 2 
31 33 2 
30 33 2 
30 33 3 
29 33 3 
29 32 3 
29 27 3 
29 27 3 
29 26 3 
29 26 3 
29 38 3 
29 38 3 
29 39 3 
29 39 3 
29 40 3 
31 40 3 
31 41 3 
31 41 23 
31 41 2 
30 41 2 
30 41 23 
29 41 23 
29 41 39 
29 36 39 
30 36 39 
30 36 40 
30 35 40 
30 34 40 
31 34 40 
31 34 39 
31 34 26 
31 32 26 
31 27 26 
30 27 26 
30 27 26 
30 27 38 
30 32 38 
31 32 38 
31 32 37 
31 32 43 
29 32 43 
28 32 43 
28 27 43 
28 27 43 
28 26 43 
28 26 37 
28 23 37 
28 23 38 
28 1 38 
17 1 38 
17 1 26 
17 1 27 
29 1 27 
30 1 27 
30 1 31 
30 0 31 
30 0 31 
30 0 31 
29 0 31 
29 0 31 
29 0 27 
28 0 27 
28 0 32 
28 25 32 
28 25 27 
29 25 27 
29 25 26 
30 25 26 
30 25 23 
31 25 23 
31 25 2 
31 0 2 
31 0 23 
26 0 23 
38 0 23 
38 0 1 
37 0 1 
37 25 1 
37 25 1 
37 43 1 
37 37 1 
37 38 1 
37 38 1 
37 39 1 
37 39 1 
37 39 0 
38 39 0 
38 39 25 
23 40 25 
2 40 25 
2 40 39 
2 5 39 
23 5 39 
3 5 39 
3 24 39 
3 4 39 
24 4 39 
24 4 32 
5 4 32 
5 24 32 
5 24 32 
5 24 33 
5 4 33 
5 4 33 
5 4 34 
5 24 34 
5 24 34 
5 24 35 
5 24 35 
5 4 35 
42 3 35 
42 3 35 
42 3 34 
36 3 34 
36 38 34 
35 38 34 
18 38 34 
18 1 33 
18 1 33 
18 1 35 
18 1 36 
18 1 41 
18 1 40 
41 1 40 
42 1 40 
42 32 36 
41 32 36 
41 32 21 
41 27 21 
41 33 21 
20 34 21 
20 35 21 
20 36 21 
20 36 21 
20 36 8 
20 18 8 
9 18 8 
9 18 8 
9 18 21 
9 18 11 
12 18 11 
12 18 11 
12 20 11 
12 20 11 
12 20 21 
12 9 21 
12 9 8 
20 9 8 
21 9 8 
11 9 8 
11 9 21 
11 20 10 
11 12 10 
11 12 10 
21 12 10 
21 8 10 
21 8 22 
21 8 22 
21 8 7 
21 8 7 
11 8 7 
11 8 22 
11 8 15 
11 21 15 
11 21 15 
11 6 15 
10 6 15 
10 6 15 
10 6 15 
10 6 22 
21 6 22 
21 6 22 
21 6 7 
11 16 7 
11 16 7 
11 16 22 
10 16 22 
10 16 6 
10 7 6 
22 7 6 
15 7 6 
15 7 19 
15 22 19 
15 22 19 
15 22 19 
15 6 19 
15 6 17 
15 6 17 
14 6 17 
14 22 17 
14 22 17 
14 22 17 
14 7 17 
14 7 17 
14 7 29 
14 10 29 
14 10 30 
14 10 31 
14 11 31 
14 11 27 
14 11 32 
14 21 32 
14 8 32 
14 8 33 
14 8 34 
14 12 34 
14 12 35 
14 20 35 
14 9 35 
13 9 35 
13 9 34 
13 9 33 
13 20 33 
13 20 32 
13 20 27 
13 12 27 
13 12 26 
13 12 23 
13 21 23 
13 8 23 
13 8 39 
13 8 40 
13 11 40 
13 11 36 
13 10 36 
13 22 36 
13 15 36 
13 15 31 
13 14 31 
13 14 30 
13 14 29 
15 14 29 
15 14 29 
15 14 30 
15 14 31 
16 14 31 
16 15 31 
16 15 31 
16 13 31 
16 13 27 
16 13 30 
16 13 29 
17 13 29 
17 13 29 
28 15 29 
28 15 29 
43 15 29 
37 15 29 
37 15 29 
38 15 29 
26 15 29 
27 15 29 
32 15 29 
33 15 29 
39 15 29 
39 14 29 
26 14 29 
30 14 29 
30 14 28 
31 14 28 
31 14 17 
31 22 17 
30 22 17 
30 22 17 
30 22 19 
29 22 19 
29 22 19 
27 22 19 
31 22 19 
28 22 19 
28 16 19 
17 16 19 
17 16 19 
17 16 19 
17 16 28 
17 16 43 
17 16 37 
43 19 37 
37 19 37 
37 19 43 
37 30 43 
38 30 43 
38 30 43 
38 29 43 
0 29 43 
25 29 43 
25 17 25 
0 17 25 
0 17 3 
0 13 38 
42 42 42 
;
ROBOT MOVING BEST:
0 0 0 
1 1 0 
0 1 1 
1 0 1 
0 1 1 
1 0 1 
0 1 1 
1 0 1 
0 1 1 
1 0 1 
0 1 1 
1 0 1 
0 1 1 
1 0 1 
0 1 1 
1 0 1 
0 1 1 
1 0 1 
0 1 1 
1 0 1 
1 0 1 
0 1 1 
0 1 1 
1 0 1 
1 0 1 
0 1 1 
1 0 1 
0 1 1 
1 0 1 
0 1 1 
1 0 1 
0 1 1 
1 0 1 
0 1 1 
1 0 1 
0 1 1 
1 0 1 
0 1 1 
1 0 1 
0 1 1 
1 0 1 
0 1 1 
1 0 1 
0 1 1 
1 0 1 
0 1 1 
1 0 1 
0 1 1 
1 0 1 
1 0 1 
0 1 1 
1 0 1 
1 0 1 
0 1 1 
0 1 1 
0 1 1 
0 1 1 
1 0 1 
1 0 1 
1 0 1 
1 0 1 
0 1 1 
1 0 1 
0 1 1 
1 0 1 
0 1 1 
1 0 1 
0 1 1 
1 0 1 
1 0 1 
1 0 1 
0 1 1 
1 1 0 
0 1 1 
1 1 0 
0 1 1 
1 1 0 
0 1 1 
1 1 0 
1 1 0 
0 1 1 
1 1 0 
0 1 1 
1 1 0 
0 1 1 
1 1 0 
0 1 1 
1 1 0 
0 1 1 
1 1 0 
0 1 1 
1 1 0 
0 1 1 
0 1 1 
1 1 0 
1 1 0 
0 1 1 
1 1 0 
0 1 1 
0 1 1 
1 1 0 
0 1 1 
1 1 0 
0 1 1 
1 1 0 
0 1 1 
1 1 0 
0 1 1 
1 0 1 
0 1 1 
1 0 1 
1 0 1 
1 0 1 
1 0 1 
1 0 1 
0 1 1 
0 1 1 
1 0 1 
0 1 1 
0 1 1 
0 1 1 
1 1 0 
1 0 1 
1 0 1 
1 1 0 
1 1 0 
1 0 1 
1 1 0 
1 0 1 
1 1 0 
1 0 1 
1 0 1 
1 0 1 
1 1 0 
1 1 0 
1 1 0 
1 0 1 
1 1 0 
1 0 1 
1 1 0 
1 0 1 
1 1 0 
1 0 1 
1 0 1 
1 0 1 
1 1 0 
1 1 0 
0 1 1 
1 1 0 
1 0 1 
0 1 1 
1 1 0 
1 0 1 
0 1 1 
1 1 0 
0 1 1 
1 1 0 
0 1 1 
1 1 0 
0 1 1 
1 1 0 
0 1 1 
1 1 0 
0 1 1 
0 1 1 
0 1 1 
1 1 0 
1 1 0 
0 1 1 
1 1 0 
0 1 1 
1 1 0 
0 1 1 
0 1 1 
0 1 1 
1 1 0 
0 1 1 
1 1 0 
0 1 1 
1 1 0 
1 0 1 
1 1 0 
1 1 0 
0 1 1 
1 1 0 
1 1 0 
1 1 0 
1 1 0 
1 1 0 
1 1 0 
0 1 1 
1 1 0 
0 1 1 
1 1 0 
0 1 1 
0 1 1 
1 0 1 
0 1 1 
0 1 1 
1 0 1 
0 1 1 
1 0 1 
0 1 1 
1 1 0 
0 1 1 
0 1 1 
1 1 0 
0 1 1 
1 0 1 
1 0 1 
0 1 1 
1 0 1 
1 0 1 
1 0 1 
1 0 1 
1 0 1 
1 0 1 
1 0 1 
0 1 1 
1 0 1 
0 1 1 
0 1 1 
0 1 1 
1 1 0 
1 1 0 
1 1 0 
1 0 1 
1 0 1 
1 1 0 
1 0 1 
1 1 0 
1 0 1 
1 0 1 
1 1 0 
1 0 1 
0 1 1 
1 1 0 
1 0 1 
1 1 0 
1 0 1 
1 1 0 
1 0 1 
1 0 1 
1 0 1 
0 1 1 
0 1 1 
1 0 1 
1 0 1 
0 1 1 
1 0 1 
0 1 1 
1 0 1 
0 1 1 
1 0 1 
1 0 1 
0 1 1 
0 1 1 
1 0 1 
1 1 0 
1 0 1 
1 1 0 
0 1 1 
1 0 1 
1 1 0 
0 1 1 
0 1 1 
1 1 0 
0 1 1 
0 1 1 
1 1 0 
0 1 1 
1 1 0 
1 1 0 
1 1 0 
0 1 1 
1 1 0 
0 1 1 
1 0 1 
0 1 1 
1 0 1 
0 1 1 
1 1 0 
0 1 1 
1 1 0 
1 0 1 
0 1 1 
1 1 0 
1 0 1 
1 1 0 
1 0 1 
1 0 1 
1 1 0 
1 0 1 
1 0 1 
1 1 0 
1 1 0 
1 0 1 
1 0 1 
1 1 0 
1 0 1 
1 1 0 
1 1 0 
1 0 1 
1 0 1 
1 0 1 
1 1 0 
1 0 1 
1 0 1 
1 1 0 
1 0 1 
1 0 1 
1 1 0 
1 1 0 
1 0 1 
1 0 1 
1 1 0 
1 0 1 
1 1 0 
1 1 0 
1 1 0 
1 0 1 
1 1 0 
1 0 1 
1 0 1 
1 1 0 
1 0 1 
1 0 1 
1 0 1 
1 1 0 
1 1 0 
1 0 1 
1 1 0 
1 0 1 
1 0 1 
1 0 1 
1 1 0 
1 0 1 
1 1 0 
1 0 1 
1 1 0 
1 1 0 
1 0 1 
1 1 0 
1 1 0 
1 1 0 
1 1 0 
1 1 0 
1 1 0 
1 1 0 
1 1 0 
1 0 1 
1 0 1 
1 0 1 
1 0 1 
1 1 0 
1 0 1 
1 1 0 
1 0 1 
1 1 0 
1 0 1 
1 1 0 
1 0 1 
1 0 1 
1 1 0 
1 0 1 
0 1 1 
1 1 0 
1 0 1 
1 0 1 
1 0 1 
1 1 0 
1 1 0 
1 0 1 
1 1 0 
1 0 1 
0 1 1 
0 1 1 
1 0 1 
1 0 1 
0 1 1 
1 0 1 
1 0 1 
0 1 1 
1 1 1 
;
TIMETABLE BEST: 
0.0 0.0 0.0 
10 0 0 
10 18 0 
19 18 0 
19 26 0 
29 26 0 
29 33 0 
37 33 0 
37 33 10 
37 33 10 
37 40 10 
45 40 10 
45 48 10 
45 48 19 
45 48 19 
53 48 19 
53 56 19 
62 56 19 
62 63 19 
62 63 28 
62 63 39 
62 63 39 
62 70 39 
71 70 39 
77 70 39 
77 78 39 
84 78 39 
84 78 50 
84 78 50 
84 86 50 
91 86 50 
91 93 50 
97 93 50 
97 93 58 
97 93 58 
97 100 58 
103 100 58 
103 100 66 
103 100 66 
103 100 73 
103 100 73 
103 107 73 
109 107 73 
109 107 80 
109 107 80 
109 107 90 
109 107 90 
109 114 90 
115 114 90 
122 114 90 
122 127 90 
130 127 90 
137 127 90 
137 127 100 
137 127 107 
137 140 107 
137 148 107 
137 148 124 
144 148 124 
144 148 132 
144 148 140 
144 148 140 
151 148 140 
151 155 140 
151 155 149 
151 155 149 
158 155 149 
158 161 149 
158 161 155 
166 161 155 
166 161 161 
166 161 170 
173 161 170 
173 170 170 
173 170 170 
173 170 178 
179 170 178 
179 170 186 
179 179 186 
185 179 186 
185 179 186 
192 179 186 
192 179 193 
192 187 193 
192 187 193 
199 187 193 
199 187 200 
205 187 200 
205 187 210 
214 187 210 
214 195 210 
214 195 210 
214 204 210 
214 204 227 
232 204 227 
240 204 227 
240 204 241 
248 204 241 
248 213 241 
248 219 241 
248 219 241 
248 226 241 
248 226 241 
248 234 241 
248 234 241 
248 246 241 
248 246 241 
248 257 241 
260 257 241 
260 268 241 
260 268 254 
260 268 261 
268 268 261 
268 268 268 
276 268 268 
276 268 278 
276 277 278 
284 277 278 
284 277 289 
284 287 289 
284 295 289 
292 295 289 
292 295 300 
292 295 308 
292 309 308 
292 315 308 
300 315 308 
300 315 308 
300 315 316 
300 321 316 
308 321 316 
308 321 325 
308 321 331 
320 321 331 
329 321 331 
329 327 331 
329 327 331 
329 334 331 
329 334 337 
329 342 337 
329 342 346 
329 352 346 
339 352 346 
339 352 354 
339 352 361 
354 352 361 
362 352 361 
362 352 368 
362 366 368 
362 366 368 
362 366 368 
370 366 368 
370 366 368 
370 366 375 
379 366 375 
379 366 381 
379 376 381 
379 376 387 
388 376 387 
388 376 394 
396 376 394 
396 376 402 
404 376 402 
404 376 409 
404 386 409 
404 386 416 
418 386 416 
426 386 416 
426 386 426 
435 386 426 
435 396 426 
435 396 426 
435 407 426 
435 413 426 
435 422 426 
435 422 426 
435 434 426 
435 434 426 
435 434 440 
444 434 440 
444 434 450 
456 445 450 
463 445 450 
463 445 478 
463 466 478 
470 466 478 
483 466 478 
483 474 478 
483 481 478 
496 481 478 
496 481 497 
504 481 497 
504 488 497 
504 488 497 
504 488 506 
504 495 506 
504 495 506 
504 495 515 
504 502 515 
504 502 515 
504 502 523 
504 502 523 
504 509 523 
522 523 523 
522 523 523 
522 523 531 
541 523 531 
541 548 531 
551 548 531 
573 548 531 
573 566 540 
573 566 540 
573 566 553 
573 566 563 
573 566 572 
573 566 583 
592 566 583 
602 566 583 
602 595 599 
612 595 599 
612 595 647 
612 601 647 
612 612 647 
648 621 647 
648 629 647 
648 639 647 
648 639 647 
648 639 654 
648 657 654 
657 657 654 
657 657 654 
657 657 661 
657 657 671 
674 657 671 
674 657 671 
674 676 671 
674 676 671 
674 676 681 
674 685 681 
674 685 688 
684 685 688 
697 685 688 
707 685 688 
707 685 695 
707 694 708 
707 704 708 
707 704 708 
717 704 708 
717 718 708 
717 718 721 
717 718 721 
717 718 727 
717 718 727 
727 718 727 
727 718 733 
727 718 746 
727 725 746 
727 725 746 
727 751 746 
740 751 746 
740 751 746 
740 751 746 
740 751 759 
753 751 759 
753 751 759 
753 751 765 
763 765 765 
763 765 765 
763 765 771 
776 765 771 
776 765 783 
776 785 783 
789 785 783 
802 785 783 
802 785 803 
802 791 803 
802 791 803 
802 791 803 
802 803 803 
802 803 815 
802 803 815 
816 803 815 
816 815 815 
816 815 815 
816 815 815 
816 821 815 
816 821 815 
816 821 830 
816 838 830 
816 838 838 
816 838 846 
816 851 846 
816 851 853 
816 851 859 
816 861 859 
816 868 859 
816 868 868 
816 868 877 
816 882 877 
816 882 885 
816 892 885 
816 901 885 
834 901 885 
834 901 893 
834 901 902 
834 910 902 
834 910 911 
834 910 917 
834 920 917 
834 920 924 
834 920 932 
834 933 932 
834 940 932 
834 940 942 
834 940 953 
834 957 953 
834 957 969 
834 970 969 
834 983 969 
834 996 969 
834 996 1002 
834 1010 1002 
834 1010 1010 
834 1010 1018 
848 1010 1018 
848 1010 1018 
848 1010 1026 
848 1010 1034 
877 1010 1034 
877 1024 1034 
877 1024 1034 
877 1038 1034 
877 1038 1041 
877 1038 1052 
877 1038 1060 
903 1038 1060 
903 1038 1060 
913 1052 1060 
913 1052 1060 
927 1052 1060 
933 1052 1060 
933 1052 1060 
942 1052 1060 
950 1052 1060 
957 1052 1060 
963 1052 1060 
972 1052 1060 
996 1052 1060 
996 1066 1060 
1004 1066 1060 
1022 1066 1060 
1022 1066 1069 
1030 1066 1069 
1030 1066 1079 
1030 1085 1079 
1038 1085 1079 
1038 1085 1079 
1038 1085 1091 
1046 1085 1091 
1046 1085 1091 
1061 1085 1091 
1068 1085 1091 
1085 1085 1091 
1085 1101 1091 
1095 1101 1091 
1095 1101 1091 
1095 1101 1091 
1095 1101 1105 
1095 1101 1119 
1095 1101 1125 
1115 1115 1125 
1121 1115 1125 
1121 1115 1131 
1121 1138 1131 
1130 1138 1131 
1130 1138 1131 
1130 1146 1131 
1154 1146 1131 
1164 1146 1131 
1164 1161 1142 
1174 1161 1142 
1174 1161 1171 
1174 1222 1196 
1224.0 1320.0 1238.0 
;
EXECUTION TIME HBSS: 1178.06617808 seconds 

-------------------------------------------------------------------
