DATFILE : offices1_10r_250.dat
ENVIRONMENT : office
ALGORITHM : HBSS - TAU 9
RANGE : _250
STARTING_POS : 42
N_ROBOTS : 10
GREEDY SOLUTION : [ 2638.]
COMPUTATIONS D :
2638
2638
2638
2638
2638
2666
2638
2638
2638
2638
2638
2638
2638
2638
2638
2638
2638
2638
2640
2638
2638
2638
2638
2638
2638
2638
2638
2638
2638
2638
2624
2638
2638
2536
2670
2638
2638
2638
2638
2638
2638
2638
2638
2638
2638
2638
2638
2638
2638
2638
2638
2370
2638
2638
2638
2638
2650
2638
2638
2638
2638
2638
2638
2638
2638
2638
2638
2638
2638
2638
2638
2638
2638
2638
2638
2638
2638
2638
2638
2638
2638
2440
2638
2560
2638
2638
2638
2638
2638
2638
2638
2638
2638
2638
2638
2638
2638
2638
2638
2638
2638
2638
2652
2638
2638
2638
2638
2638
2638
2638
2638
2638
2638
2638
2540
2638
2638
2638
2638
2638
2638
2638
2638
2638
2638
2638
2638
2638
2592
2638
2648
2638
2638
2638
2638
2638
2638
2638
2638
2638
2638
2638
2642
2638
2638
2638
2638
2638
2638
2638
2686
2638
2638
2638
2638
2638
2638
2638
2638
2640
2638
2638
2638
2638
2638
2638
2638
2638
2638
2638
2638
2638
2638
2638
2638
2638
2638
2670
2638
2638
2370
2638
2638
2638
2638
2638
2638
2638
2638
2638
2638
2638
2638
2638
2638
2638
2638
2638
2638
2638
;
HBBS sumD : 2370
BEST_CONFIGURATIONS : 
42 42 42 42 42 42 42 42 42 42 
41 42 42 42 42 42 42 42 42 42 
41 24 42 42 42 42 42 42 42 42 
41 24 5 42 42 42 42 42 42 42 
36 24 5 42 42 42 42 42 42 42 
36 24 5 40 42 42 42 42 42 42 
36 4 5 40 42 42 42 42 42 42 
36 4 5 40 41 42 42 42 42 42 
36 4 5 40 41 24 42 42 42 42 
36 4 5 40 41 24 42 42 42 42 
35 4 5 40 41 24 42 42 42 42 
35 4 5 40 41 24 42 42 42 42 
35 4 5 40 41 3 42 42 42 42 
35 4 5 40 34 3 42 42 42 42 
35 4 5 40 34 3 41 42 42 42 
35 4 5 40 34 3 41 24 42 42 
35 4 5 40 34 3 41 24 42 42 
35 4 5 40 34 3 36 24 42 42 
35 4 5 40 34 3 36 24 42 42 
35 4 5 40 34 3 36 24 42 42 
35 4 5 40 34 3 36 24 18 41 
35 4 5 40 34 3 36 24 18 41 
35 4 5 40 34 3 36 24 18 41 
35 4 5 39 34 3 36 24 18 41 
35 4 5 39 34 3 36 24 18 41 
35 4 5 39 34 3 36 24 18 41 
35 4 5 39 34 3 36 24 18 41 
35 4 5 39 34 3 36 24 18 41 
35 4 5 39 34 3 36 24 18 41 
35 4 5 39 34 3 36 24 18 40 
35 4 5 39 34 3 36 24 18 40 
35 4 5 39 34 3 36 24 18 40 
35 4 5 39 34 3 36 24 18 40 
35 4 5 39 34 3 36 24 18 40 
35 4 5 39 34 3 36 24 18 40 
35 4 5 39 34 3 36 24 18 40 
35 4 5 39 34 3 36 24 18 40 
35 4 5 39 34 3 36 24 18 40 
35 4 5 39 34 3 36 24 18 40 
35 4 5 39 34 3 36 24 18 40 
35 4 5 39 34 3 36 24 18 40 
35 4 5 39 34 3 36 24 18 40 
35 4 5 39 34 3 36 24 18 40 
35 4 5 39 34 3 36 24 18 40 
35 4 5 39 34 3 36 24 18 40 
35 4 5 39 34 3 36 24 18 40 
35 4 5 39 34 3 36 24 18 40 
35 4 5 39 34 3 36 24 18 40 
35 4 5 39 34 3 36 23 18 40 
35 4 5 39 34 3 36 23 18 40 
35 4 5 39 34 3 36 23 18 40 
35 4 5 39 34 3 36 23 18 40 
35 4 5 39 34 3 36 23 18 40 
35 4 5 39 34 3 33 23 18 40 
35 4 5 39 34 3 33 23 18 40 
35 4 5 39 34 3 33 23 18 40 
35 4 5 39 34 3 33 23 18 40 
35 4 5 26 34 3 33 23 18 40 
35 4 5 26 34 3 33 23 18 40 
35 4 5 26 34 3 33 23 18 40 
35 4 5 26 34 3 33 23 18 40 
35 4 5 26 34 3 33 23 18 40 
35 4 5 26 34 3 33 2 18 40 
35 4 5 26 34 3 33 2 18 40 
35 4 5 26 34 3 33 2 18 40 
35 4 5 26 34 3 33 2 18 40 
35 4 5 26 34 3 33 2 18 39 
35 4 24 26 34 3 33 2 18 39 
35 4 24 26 34 3 33 2 18 39 
35 4 24 26 34 3 33 2 18 39 
35 4 24 26 34 3 33 2 18 39 
35 4 24 26 34 3 33 2 18 39 
35 4 24 26 34 3 33 2 18 39 
35 4 24 26 34 3 33 2 18 39 
35 4 24 26 34 3 33 2 18 39 
35 4 24 26 34 3 33 2 18 23 
35 4 24 26 34 3 33 2 18 23 
35 4 24 26 34 3 33 2 18 23 
35 4 24 26 34 3 33 2 18 23 
35 4 24 26 34 3 33 2 18 23 
35 4 24 26 34 3 33 2 18 23 
35 4 24 26 34 3 33 2 18 23 
32 4 24 26 34 3 33 2 18 23 
32 4 24 26 34 3 33 2 18 23 
32 4 24 26 34 3 33 2 18 23 
32 4 24 26 34 3 33 2 18 23 
32 4 24 26 34 3 33 2 18 23 
32 4 24 27 34 3 33 2 18 23 
32 4 24 27 34 3 33 2 18 23 
32 4 1 27 34 3 33 2 18 23 
32 4 1 27 34 3 33 2 18 23 
32 4 1 27 34 3 33 2 18 23 
32 4 1 27 34 3 33 2 20 23 
32 4 1 27 34 3 33 2 20 23 
32 4 1 27 34 3 33 2 20 23 
32 4 1 27 34 3 33 2 20 23 
32 1 1 27 34 3 33 2 20 23 
32 1 1 31 34 3 33 2 20 23 
32 1 1 31 35 3 33 2 20 23 
32 1 1 31 35 3 33 2 20 23 
32 1 1 31 35 3 33 2 20 38 
32 1 1 31 35 3 33 2 20 38 
32 1 1 31 35 23 33 2 20 38 
32 1 1 31 35 23 33 2 20 38 
32 1 1 31 36 23 33 2 20 38 
32 1 1 31 36 23 33 2 20 38 
32 1 1 31 36 23 33 2 20 38 
32 1 1 31 36 23 33 2 20 38 
32 1 1 31 36 26 33 2 20 38 
27 1 1 31 36 26 33 2 20 38 
27 1 1 31 36 26 27 2 20 38 
27 1 1 31 36 26 27 2 20 38 
27 1 1 31 36 26 27 2 20 38 
27 1 1 31 36 26 27 2 20 38 
27 1 1 31 36 26 27 2 20 38 
27 1 1 31 36 26 27 2 20 38 
27 1 1 31 36 26 27 23 20 38 
27 1 1 31 36 26 27 23 20 38 
27 1 1 31 36 26 27 23 20 38 
27 1 1 31 36 26 27 23 20 38 
27 1 1 31 36 26 27 23 20 38 
27 1 1 31 36 26 27 23 20 38 
27 1 1 31 36 26 27 23 20 38 
27 1 1 31 36 26 27 23 20 38 
27 1 1 31 36 26 27 23 20 38 
27 1 1 31 36 26 27 23 20 38 
27 1 1 31 36 26 27 23 20 38 
27 1 1 31 36 26 27 23 20 38 
27 1 1 31 36 26 32 23 20 38 
27 1 1 31 36 26 32 23 20 38 
27 1 1 31 36 26 32 23 20 38 
27 1 1 31 36 26 32 23 20 38 
27 1 1 31 36 26 32 23 20 38 
27 1 1 31 36 26 32 23 20 38 
27 1 1 31 36 26 32 23 20 38 
27 1 1 31 36 26 32 23 20 38 
27 1 1 31 36 26 32 23 20 38 
27 1 1 31 36 26 32 23 20 38 
27 1 1 30 36 26 32 23 20 38 
27 1 1 30 36 39 32 23 20 38 
27 1 1 30 36 39 32 23 21 38 
27 1 1 30 36 39 32 23 21 38 
27 1 1 30 36 39 32 23 21 38 
27 1 1 30 36 39 32 23 21 38 
27 1 1 30 36 39 32 23 21 38 
27 1 1 30 36 39 32 23 21 37 
27 1 1 30 35 39 32 23 21 37 
27 1 1 30 35 39 32 23 21 37 
27 1 1 30 35 39 32 23 21 37 
27 1 1 30 35 39 32 23 21 37 
27 1 1 30 35 39 32 23 21 37 
27 1 1 30 35 39 32 23 21 37 
27 0 1 30 35 39 32 23 21 37 
27 0 1 30 35 39 32 2 21 37 
27 0 1 30 35 39 32 2 21 37 
27 0 1 30 35 39 32 2 21 37 
27 0 1 30 35 39 32 2 21 37 
27 0 1 30 35 39 32 2 21 37 
29 0 1 30 35 39 32 2 21 37 
29 0 1 30 35 39 32 2 21 37 
29 0 1 30 35 39 32 2 21 37 
29 0 1 30 35 39 32 2 21 37 
29 0 1 30 35 39 32 2 21 43 
29 0 1 30 35 39 32 2 21 43 
29 0 1 30 35 39 32 2 21 43 
29 0 1 30 35 39 33 2 21 43 
29 0 1 30 35 39 33 2 21 43 
29 0 1 30 35 39 33 2 21 43 
29 0 1 28 35 39 33 2 21 43 
29 0 25 28 35 39 33 2 21 43 
29 0 25 28 35 39 33 2 21 43 
29 0 25 28 35 39 33 2 21 43 
29 0 25 28 35 40 33 2 21 43 
29 0 25 28 35 40 33 2 21 43 
29 0 25 28 35 40 33 23 21 43 
29 0 25 28 35 40 33 23 21 43 
29 0 25 28 35 40 33 23 21 43 
29 0 25 28 35 40 33 23 21 43 
29 0 25 28 35 40 33 23 21 43 
29 0 25 28 35 40 33 23 21 43 
29 0 25 28 35 40 33 23 21 43 
29 0 25 28 35 40 33 23 21 43 
29 0 25 28 35 40 33 23 21 43 
29 0 25 28 35 40 33 23 21 43 
29 0 25 28 35 40 33 26 21 43 
29 0 25 28 35 40 33 26 21 43 
29 0 25 28 35 40 33 26 21 43 
29 0 25 28 35 40 33 26 21 43 
29 0 25 28 35 40 33 26 21 43 
29 0 25 28 35 40 33 26 21 37 
29 0 25 28 35 40 33 26 21 37 
30 0 25 28 35 40 33 26 21 37 
30 0 25 28 35 40 27 26 21 37 
30 0 25 28 35 40 27 26 21 37 
30 0 25 28 35 40 27 26 21 37 
30 0 25 28 35 40 27 26 21 37 
30 0 25 28 35 40 27 38 21 37 
30 0 25 28 35 40 27 38 21 37 
30 1 25 28 35 40 27 38 21 37 
30 1 25 28 35 40 27 38 21 37 
30 1 25 28 35 40 27 38 21 37 
30 1 25 28 35 40 27 38 21 37 
30 1 25 28 35 40 27 38 21 37 
30 1 25 28 34 40 27 38 21 37 
30 1 25 28 34 40 31 38 21 37 
30 1 25 28 34 40 31 38 22 37 
30 1 25 28 34 40 31 38 22 37 
30 1 25 17 34 40 31 38 22 37 
30 1 25 17 34 40 31 38 22 37 
30 1 43 17 34 40 31 38 22 37 
30 1 43 17 32 40 31 38 22 37 
30 1 43 17 32 40 31 38 22 37 
30 1 43 17 32 40 31 38 22 37 
30 1 43 17 32 40 31 38 22 37 
30 1 43 17 32 39 31 38 22 37 
30 1 43 17 32 39 31 38 22 37 
30 1 43 17 32 39 31 38 22 37 
30 1 43 17 32 39 31 38 22 37 
30 1 43 17 32 39 31 38 22 37 
30 1 43 17 32 39 31 38 22 37 
30 1 43 17 32 39 31 38 22 37 
29 1 43 17 32 39 31 38 22 37 
29 1 43 17 32 39 31 38 22 37 
29 1 43 17 32 39 31 38 22 37 
29 1 43 17 32 39 31 38 22 37 
29 1 43 17 32 39 31 38 22 37 
29 1 43 17 32 39 31 38 22 37 
29 1 43 17 32 39 31 38 22 37 
29 1 43 17 32 39 31 26 22 37 
29 1 43 17 32 39 31 26 15 37 
29 1 43 17 32 39 31 26 15 37 
29 1 43 17 32 39 31 26 15 37 
29 1 43 17 32 39 31 26 15 37 
29 1 43 17 32 39 31 26 15 37 
29 1 43 17 32 39 31 26 15 37 
29 1 43 17 32 39 31 26 15 37 
29 1 43 17 32 39 31 26 15 38 
29 1 43 17 32 39 31 26 15 38 
29 1 43 17 32 39 31 26 15 38 
29 1 43 17 32 39 31 26 15 38 
29 1 43 17 32 39 31 26 15 38 
29 1 43 17 32 39 31 26 15 38 
29 1 43 17 32 39 31 26 15 38 
28 1 43 17 32 39 31 26 15 38 
28 1 43 17 27 39 31 26 15 38 
28 1 43 17 27 39 31 26 15 38 
28 1 43 19 27 39 31 26 15 38 
28 1 43 19 27 39 31 26 15 38 
28 0 43 19 27 39 31 26 15 38 
28 0 43 19 27 39 31 26 15 38 
28 0 43 19 27 39 31 26 15 38 
28 0 43 19 27 39 31 26 15 38 
28 0 43 19 27 39 31 26 15 38 
28 0 43 19 27 39 30 26 15 38 
28 0 43 19 27 39 30 26 15 38 
28 0 37 19 27 39 30 26 15 38 
28 0 37 19 27 39 30 26 15 38 
28 0 37 19 27 39 30 26 15 38 
28 0 37 19 33 39 30 26 15 38 
28 0 37 19 33 39 30 26 13 38 
28 0 37 19 33 39 30 26 13 38 
28 0 37 19 33 39 30 26 13 38 
28 0 37 19 33 39 30 26 13 38 
28 0 37 19 33 39 30 26 13 38 
29 0 37 19 33 39 30 26 13 38 
29 0 37 19 33 39 30 26 13 38 
29 0 37 19 33 39 29 26 13 38 
29 0 37 19 33 39 29 27 13 38 
29 0 37 19 33 23 29 27 13 38 
29 0 37 19 33 23 29 27 13 38 
29 0 37 19 33 3 29 27 13 38 
29 0 37 19 33 3 29 27 13 38 
29 0 37 19 33 3 29 27 13 38 
29 0 37 19 33 3 29 32 13 38 
29 0 17 19 33 3 29 32 13 38 
29 0 17 19 33 3 29 32 13 31 
29 0 17 16 33 3 29 32 13 31 
29 0 17 16 33 3 28 32 13 31 
29 0 17 16 33 3 28 32 13 31 
29 0 17 16 34 3 28 32 13 31 
29 0 17 16 34 3 28 32 13 31 
29 0 17 16 34 3 28 32 13 31 
29 0 17 16 34 3 28 32 13 31 
29 0 17 16 34 3 28 27 13 31 
29 0 17 16 34 3 28 27 15 31 
29 0 17 16 34 3 28 27 15 31 
30 0 17 16 34 3 28 27 15 31 
30 0 17 16 34 3 28 27 15 31 
30 0 17 16 34 3 28 27 15 31 
30 1 17 16 34 24 28 27 15 31 
30 1 17 16 34 24 19 27 15 31 
30 1 17 22 34 24 19 27 15 31 
30 1 17 22 33 24 19 27 15 31 
30 1 17 22 33 24 19 27 14 31 
30 1 17 22 33 24 19 27 14 31 
30 1 17 22 33 24 19 27 14 31 
30 1 17 22 33 24 19 27 14 31 
30 1 17 7 33 24 19 27 14 31 
30 1 17 7 33 24 19 32 14 31 
30 1 17 7 33 24 19 32 14 29 
30 1 17 7 33 24 19 32 14 29 
30 1 17 7 33 24 6 32 14 29 
30 1 17 7 33 41 6 32 14 29 
30 26 17 7 33 41 6 32 14 29 
30 26 19 7 33 41 6 32 14 29 
30 26 19 7 34 41 6 32 14 29 
30 26 19 22 34 41 6 32 14 29 
30 26 19 22 34 41 6 35 14 29 
30 39 19 22 34 41 6 35 14 29 
30 39 19 22 34 41 6 35 14 29 
30 39 16 22 34 41 6 35 14 29 
30 39 16 22 34 41 6 35 14 29 
30 39 16 22 34 41 6 35 14 29 
30 39 16 7 34 41 6 35 14 29 
30 39 16 7 34 41 6 35 14 29 
30 39 16 7 34 41 6 35 13 29 
30 39 16 7 34 41 6 35 13 29 
30 39 16 7 34 41 6 35 13 29 
30 39 16 22 34 41 6 35 13 29 
30 39 16 22 36 41 6 35 13 29 
30 39 16 22 36 41 6 35 13 29 
30 40 16 22 36 41 6 35 13 29 
30 40 16 22 36 41 6 35 13 29 
30 40 16 10 36 41 6 35 13 29 
30 40 16 10 36 41 6 35 13 29 
30 40 16 10 36 41 6 35 15 29 
30 40 16 10 36 41 11 35 15 29 
7 40 22 10 36 41 11 35 15 29 
7 40 22 10 36 41 11 35 15 29 
7 40 22 10 36 41 11 35 15 29 
7 40 22 10 36 41 11 35 15 29 
7 40 22 10 36 41 11 35 15 29 
7 40 22 10 36 41 11 35 15 29 
7 40 22 10 36 41 11 35 15 6 
7 40 22 10 36 18 11 20 15 6 
7 40 21 10 36 18 11 20 15 6 
7 40 21 10 36 18 11 20 15 6 
7 40 21 10 36 18 11 20 15 6 
7 40 21 10 36 18 11 20 15 6 
7 40 21 10 36 18 11 20 15 6 
7 40 21 10 36 18 11 20 15 6 
7 40 21 10 36 18 11 20 15 6 
7 40 21 10 36 18 11 20 15 6 
7 40 21 10 36 18 11 20 15 6 
7 40 21 10 9 18 11 20 15 6 
7 40 21 10 9 18 11 12 15 6 
22 40 21 10 9 18 11 12 15 6 
22 40 21 10 9 18 11 12 15 6 
22 40 8 10 9 18 11 12 15 6 
22 40 8 10 9 18 11 12 15 6 
22 40 8 10 9 18 11 12 13 6 
22 40 8 10 9 20 11 12 13 6 
22 40 8 10 9 20 11 12 13 6 
22 40 8 10 9 20 11 12 13 6 
22 40 8 10 9 20 11 12 13 6 
22 40 8 10 9 20 11 12 13 6 
22 40 8 10 9 20 11 12 13 7 
14 40 8 10 9 20 11 12 13 7 
14 40 8 10 9 20 11 12 13 7 
14 40 8 21 9 20 11 12 13 7 
14 40 8 21 9 20 11 12 13 7 
14 40 8 21 9 20 11 12 13 7 
14 40 8 21 9 20 11 12 13 7 
14 40 8 21 9 20 11 12 13 7 
14 40 8 21 9 20 11 12 13 7 
14 40 8 21 9 20 11 12 13 7 
14 40 8 21 9 20 11 12 13 7 
14 40 8 21 9 20 11 12 13 7 
14 40 8 21 9 20 11 12 13 7 
14 40 8 21 9 20 11 12 13 7 
14 40 8 21 9 20 11 12 13 7 
14 40 8 21 9 20 11 12 13 7 
14 40 8 21 9 20 11 12 13 7 
14 40 8 21 9 20 11 12 13 7 
14 40 8 21 9 20 11 12 13 7 
14 40 8 21 9 20 11 12 13 7 
14 40 8 21 9 20 11 12 13 7 
14 40 8 21 9 20 11 12 13 7 
14 40 8 21 9 20 11 12 13 7 
14 40 8 21 9 20 11 12 13 7 
14 40 8 21 9 20 11 12 13 7 
14 40 8 21 9 20 11 12 13 15 
14 40 8 21 9 20 11 12 13 15 
42 42 42 42 42 42 42 42 42 42 
;
ROBOT MOVING BEST:
0 0 0 0 0 0 0 0 0 0 
1 1 0 0 0 0 0 0 0 0 
0 1 1 0 0 0 0 0 0 0 
0 0 1 1 0 0 0 0 0 0 
1 0 0 1 0 0 0 0 0 0 
0 0 0 1 1 0 0 0 0 0 
0 1 0 0 1 0 0 0 0 0 
0 0 1 0 1 0 0 0 0 0 
0 0 0 0 1 1 0 0 0 0 
1 0 0 0 1 0 0 0 0 0 
1 0 0 0 0 0 1 0 0 0 
0 0 0 1 1 0 0 0 0 0 
0 0 0 0 0 1 1 0 0 0 
0 0 0 0 1 0 1 0 0 0 
0 1 0 0 0 0 1 0 0 0 
0 0 1 0 0 0 0 1 0 0 
0 0 1 1 0 0 0 0 0 0 
0 0 1 0 0 0 1 0 0 0 
0 0 0 1 0 0 0 1 0 0 
0 0 0 0 0 0 1 1 0 0 
0 0 0 0 0 0 0 0 1 1 
0 0 0 1 0 0 1 0 0 0 
1 0 0 0 0 0 0 0 0 1 
0 0 0 1 0 0 0 0 0 1 
0 0 0 0 0 1 0 0 0 1 
0 1 1 0 0 0 0 0 0 0 
0 1 0 0 0 0 0 1 0 0 
0 0 0 0 1 0 0 0 0 1 
0 1 0 0 0 0 1 0 0 0 
0 1 0 0 0 0 0 0 0 1 
0 0 0 0 0 0 1 0 1 0 
1 0 1 0 0 0 0 0 0 0 
1 0 0 0 0 0 0 1 0 0 
1 0 0 0 0 0 1 0 0 0 
0 0 1 1 0 0 0 0 0 0 
0 0 0 1 0 0 0 1 0 0 
0 0 0 0 0 0 0 0 1 1 
0 0 1 0 0 1 0 0 0 0 
0 0 0 1 0 0 1 0 0 0 
0 0 0 0 0 1 0 1 0 0 
1 0 0 0 0 0 0 0 0 1 
0 0 0 0 0 1 1 0 0 0 
0 0 1 0 1 0 0 0 0 0 
0 0 0 1 0 0 0 0 0 1 
0 0 0 0 1 0 0 1 0 0 
0 0 0 0 1 0 1 0 0 0 
0 0 0 0 0 1 0 0 0 1 
1 1 0 0 0 0 0 0 0 0 
0 0 1 0 0 0 0 1 0 0 
0 0 0 0 1 0 0 0 0 1 
0 1 0 1 0 0 0 0 0 0 
1 0 0 0 0 0 0 0 1 0 
0 1 0 0 0 1 0 0 0 0 
0 0 1 0 0 0 1 0 0 0 
0 0 0 0 0 0 0 1 0 1 
0 1 0 0 1 0 0 0 0 0 
1 0 0 1 0 0 0 0 0 0 
0 0 0 1 0 0 0 0 0 1 
0 0 0 0 0 0 1 0 0 1 
1 0 0 0 0 1 0 0 0 0 
0 0 0 0 1 0 0 0 1 0 
0 1 0 0 0 0 0 1 0 0 
0 0 1 0 0 0 0 1 0 0 
1 0 0 0 1 0 0 0 0 0 
0 1 0 1 0 0 0 0 0 0 
0 1 0 0 0 0 1 0 0 0 
0 0 0 0 0 1 0 0 0 1 
0 0 1 1 0 0 0 0 0 0 
0 0 1 0 0 0 1 0 0 0 
0 0 0 0 1 1 0 0 0 0 
0 0 0 0 1 0 0 0 0 1 
0 0 0 0 0 0 1 0 1 0 
1 0 0 1 0 0 0 0 0 0 
1 0 0 0 0 0 1 0 0 0 
0 1 0 0 0 0 0 1 0 0 
0 0 1 0 0 0 0 0 0 1 
0 0 1 0 0 0 0 1 0 0 
0 0 0 1 0 1 0 0 0 0 
0 0 0 0 0 1 1 0 0 0 
1 0 0 0 0 0 0 0 0 1 
0 0 0 1 1 0 0 0 0 0 
0 0 0 0 1 0 1 0 0 0 
1 1 0 0 0 0 0 0 0 0 
1 0 1 0 0 0 0 0 0 0 
0 0 0 0 0 1 0 0 0 1 
0 0 0 0 0 1 0 1 0 0 
0 0 0 0 1 0 0 0 0 1 
0 0 0 1 0 1 0 0 0 0 
0 0 0 0 1 0 0 1 0 0 
0 1 1 0 0 0 0 0 0 0 
1 0 0 0 0 1 0 0 0 0 
0 0 0 1 1 0 0 0 0 0 
0 0 0 0 1 0 0 0 1 0 
1 0 0 0 1 0 0 0 0 0 
0 0 0 0 0 0 1 0 0 1 
0 0 0 0 0 0 1 1 0 0 
0 1 0 0 0 1 0 0 0 0 
0 0 0 1 0 1 0 0 0 0 
0 0 0 0 1 0 0 1 0 0 
1 0 0 0 0 0 1 0 0 0 
0 0 0 0 0 1 0 0 0 1 
0 0 0 0 1 0 0 0 1 0 
0 0 0 0 0 1 0 1 0 0 
1 0 0 0 1 0 0 0 0 0 
0 0 0 0 1 0 1 0 0 0 
1 0 0 0 0 0 0 1 0 0 
0 1 0 0 0 0 1 0 0 0 
0 0 0 1 0 0 1 0 0 0 
0 0 0 0 0 1 1 0 0 0 
1 0 0 0 0 0 1 0 0 0 
0 0 0 0 0 0 1 1 0 0 
0 1 0 0 0 0 0 1 0 0 
0 0 0 1 0 0 0 1 0 0 
0 0 0 0 0 1 0 1 0 0 
0 0 0 0 1 0 0 0 1 0 
0 0 0 0 0 0 0 1 0 1 
0 0 0 0 0 0 1 1 0 0 
0 1 0 0 0 0 1 0 0 0 
0 0 0 1 0 0 1 0 0 0 
0 0 0 0 0 1 1 0 0 0 
0 1 0 0 0 0 0 1 0 0 
0 0 0 1 0 0 0 1 0 0 
0 0 0 0 0 1 0 1 0 0 
0 0 0 0 0 0 1 0 0 1 
0 1 0 1 0 0 0 0 0 0 
0 1 0 0 0 1 0 0 0 0 
0 0 0 1 0 1 0 0 0 0 
0 0 0 0 0 0 0 1 0 1 
0 0 0 0 0 0 1 1 0 0 
0 1 0 0 0 0 0 0 0 1 
0 0 0 1 0 0 0 0 0 1 
0 0 0 0 1 0 1 0 0 0 
0 0 0 0 0 1 0 0 0 1 
0 1 0 0 0 0 1 0 0 0 
0 0 0 1 0 0 1 0 0 0 
0 0 0 0 0 1 1 0 0 0 
1 0 0 0 0 0 1 0 0 0 
0 0 0 0 0 0 1 0 0 1 
0 0 0 1 0 0 0 1 0 0 
0 0 0 0 0 1 0 1 0 0 
1 0 0 0 0 0 0 0 1 0 
0 1 0 1 0 0 0 0 0 0 
0 1 0 0 0 1 0 0 0 0 
1 0 0 1 0 0 0 0 0 0 
1 0 0 0 0 1 0 0 0 0 
0 0 0 0 0 0 0 1 0 1 
1 0 0 0 1 0 0 0 0 0 
0 0 0 0 0 0 1 0 1 0 
0 1 0 0 0 0 0 0 0 1 
0 0 0 1 0 0 1 0 0 0 
0 0 0 0 0 1 1 0 0 0 
1 0 0 0 0 0 0 0 0 1 
0 1 0 0 0 0 0 1 0 0 
0 0 0 1 0 0 0 1 0 0 
0 0 0 0 0 1 0 1 0 0 
0 1 1 0 0 0 0 0 0 0 
0 0 0 0 0 0 1 0 0 1 
1 1 0 0 0 0 0 0 0 0 
1 0 1 0 0 0 0 0 0 0 
0 0 0 1 0 1 0 0 0 0 
0 0 0 0 0 0 0 1 0 1 
0 1 0 0 0 0 1 0 0 0 
0 0 1 0 0 0 0 0 0 1 
1 0 0 0 0 0 1 0 0 0 
0 1 0 0 0 0 0 1 0 0 
0 0 0 0 0 0 1 0 1 0 
0 0 0 1 0 0 1 0 0 0 
0 0 0 0 0 1 1 0 0 0 
0 0 1 1 0 0 0 0 0 0 
0 0 1 0 0 0 0 1 0 0 
0 1 0 0 0 1 0 0 0 0 
1 0 0 0 0 1 0 0 0 0 
0 0 0 0 0 1 0 1 0 0 
1 0 0 0 0 0 1 0 0 0 
1 0 0 0 0 0 0 1 0 0 
0 0 1 0 0 0 0 1 0 0 
0 0 0 0 0 0 0 1 0 1 
1 1 0 0 0 0 0 0 0 0 
0 1 1 0 0 0 0 0 0 0 
0 1 0 0 0 0 0 0 0 1 
1 0 1 0 0 0 0 0 0 0 
1 0 0 0 0 0 0 0 0 1 
0 0 1 0 0 0 0 0 0 1 
0 0 0 1 0 0 0 1 0 0 
0 1 0 0 0 0 0 1 0 0 
0 1 0 1 0 0 0 0 0 0 
1 0 0 0 0 0 0 1 0 0 
0 0 1 0 0 0 0 1 0 0 
1 0 0 1 0 0 0 0 0 0 
0 1 0 0 0 0 0 0 0 1 
0 0 1 1 0 0 0 0 0 0 
1 1 0 0 0 0 0 0 0 0 
0 0 1 0 0 0 1 0 0 0 
0 0 1 0 0 0 0 0 0 1 
1 0 1 0 0 0 0 0 0 0 
0 0 0 1 0 0 0 1 0 0 
0 1 0 0 0 0 0 1 0 0 
0 0 0 0 0 1 1 0 0 0 
0 1 1 0 0 0 0 0 0 0 
0 0 1 0 0 0 0 1 0 0 
0 0 0 1 0 0 1 0 0 0 
0 0 0 1 0 0 0 0 0 1 
1 0 0 1 0 0 0 0 0 0 
0 0 0 0 1 0 0 1 0 0 
0 0 1 0 0 0 1 0 0 0 
1 0 0 0 0 0 0 0 1 0 
1 0 0 0 0 0 0 0 0 1 
0 0 1 1 0 0 0 0 0 0 
0 0 0 0 1 0 1 0 0 0 
0 0 1 0 0 0 0 0 0 1 
0 0 0 0 1 1 0 0 0 0 
1 0 1 0 0 0 0 0 0 0 
0 0 0 0 0 0 0 1 0 1 
1 0 0 0 0 0 0 1 0 0 
0 0 0 0 0 1 0 0 0 1 
0 0 0 0 0 0 1 0 1 0 
0 0 0 0 0 0 1 0 0 1 
1 0 0 0 0 0 1 0 0 0 
0 0 0 1 0 0 0 0 1 0 
0 0 0 1 0 0 0 0 0 1 
1 0 0 1 0 0 0 0 0 0 
1 0 0 0 0 0 0 0 1 0 
1 0 0 0 0 0 0 0 0 1 
0 0 1 0 0 0 0 1 0 0 
0 0 1 0 0 0 1 0 0 0 
0 0 1 1 0 0 0 0 0 0 
0 0 0 0 0 1 0 1 0 0 
0 0 0 1 0 0 0 1 0 0 
0 0 0 0 0 0 0 1 0 1 
0 0 0 0 0 0 0 0 1 1 
0 0 0 0 0 1 1 0 0 0 
0 0 0 1 0 0 1 0 0 0 
1 0 0 0 0 0 1 0 0 0 
1 0 0 1 0 0 0 0 0 0 
0 0 1 0 0 0 0 1 0 0 
0 0 1 0 0 0 0 0 1 0 
1 0 0 0 0 0 0 0 0 1 
0 0 0 0 0 1 0 1 0 0 
0 0 0 0 0 1 0 0 1 0 
0 0 0 0 0 0 1 0 1 0 
0 0 0 1 0 0 0 1 0 0 
0 0 0 1 0 0 0 0 1 0 
0 0 0 0 1 0 0 0 1 0 
1 0 1 0 0 0 0 0 0 0 
0 0 0 1 1 0 0 0 0 0 
0 0 0 0 0 0 0 0 1 1 
0 0 1 1 0 0 0 0 0 0 
1 0 0 0 0 0 1 0 0 0 
0 1 0 0 0 0 1 0 0 0 
0 0 0 0 0 0 0 1 1 0 
1 0 0 0 0 0 0 0 0 1 
0 0 0 1 0 0 1 0 0 0 
0 0 0 0 1 0 0 0 1 0 
0 0 0 0 0 0 1 1 0 0 
0 0 0 0 0 0 1 0 1 0 
0 0 1 1 0 0 0 0 0 0 
1 0 0 0 0 0 0 0 1 0 
0 0 0 1 0 0 0 0 1 0 
0 0 0 0 1 0 0 0 0 1 
0 0 0 0 0 1 0 0 1 0 
0 0 0 1 0 0 1 0 0 0 
0 0 0 0 0 0 0 0 1 1 
1 0 0 1 0 0 0 0 0 0 
0 0 0 0 0 0 0 1 1 0 
1 0 0 0 0 0 1 0 0 0 
0 0 0 0 0 0 1 0 1 0 
0 0 0 1 0 0 1 0 0 0 
0 0 0 0 0 0 1 1 0 0 
0 0 0 0 0 1 0 0 1 0 
0 0 0 0 0 0 0 1 1 0 
0 1 0 0 0 1 0 0 0 0 
0 0 0 0 0 0 1 0 1 0 
0 0 0 0 1 0 0 0 1 0 
0 0 0 0 0 0 0 1 1 0 
0 0 1 1 0 0 0 0 0 0 
0 0 0 0 0 0 0 0 1 1 
0 0 0 1 0 0 1 0 0 0 
0 0 0 0 0 0 1 1 0 0 
0 0 0 1 0 0 0 0 1 0 
0 0 0 0 1 0 0 0 1 0 
0 0 1 0 0 0 0 0 1 0 
0 0 0 1 0 0 0 0 0 1 
0 0 0 1 0 0 1 0 0 0 
0 0 0 1 0 0 0 1 0 0 
1 0 0 0 0 0 0 0 1 0 
0 0 1 0 0 0 1 0 0 0 
1 0 0 1 0 0 0 0 0 0 
0 0 1 1 0 0 0 0 0 0 
0 0 0 1 0 0 0 0 1 0 
0 1 0 0 0 1 0 0 0 0 
0 0 0 1 0 0 1 0 0 0 
0 0 0 1 0 0 0 1 0 0 
0 0 0 0 1 0 0 0 1 0 
0 0 0 0 0 0 0 0 1 1 
0 0 0 0 0 0 0 1 1 0 
1 0 0 0 0 0 0 0 1 0 
0 0 1 0 0 0 0 0 1 0 
0 0 1 1 0 0 0 0 0 0 
0 0 0 0 0 0 0 1 1 0 
0 0 0 0 0 0 0 0 1 1 
0 0 0 0 1 0 0 0 1 0 
0 0 1 0 0 0 1 0 0 0 
0 0 0 0 1 1 0 0 0 0 
0 1 0 0 0 0 0 0 1 0 
0 0 1 1 0 0 0 0 0 0 
0 0 0 0 1 0 0 0 1 0 
0 0 1 1 0 0 0 0 0 0 
0 0 0 0 0 0 0 1 1 0 
0 1 0 0 0 0 0 0 1 0 
0 0 1 0 0 0 1 0 0 0 
0 0 1 0 0 0 0 0 1 0 
0 0 0 1 0 0 0 0 1 0 
0 0 0 0 0 0 1 0 1 0 
0 0 0 1 0 0 0 0 1 0 
0 0 1 0 0 0 1 0 0 0 
0 0 0 0 0 0 0 1 1 0 
0 0 1 1 0 0 0 0 0 0 
0 0 0 1 0 0 1 0 0 0 
0 0 1 1 0 0 0 0 0 0 
0 0 0 0 1 0 0 0 1 0 
0 0 0 1 0 0 1 0 0 0 
0 1 0 0 0 0 0 0 1 0 
0 0 0 1 0 0 0 0 1 0 
0 0 1 1 0 0 0 0 0 0 
0 0 0 1 0 0 1 0 0 0 
0 0 0 0 0 0 1 0 1 0 
0 0 1 0 0 0 1 0 0 0 
1 0 1 0 0 0 0 0 0 0 
0 0 1 1 0 0 0 0 0 0 
0 0 1 0 0 0 0 0 1 0 
0 0 1 0 0 0 1 0 0 0 
1 0 0 1 0 0 0 0 0 0 
1 0 0 0 0 0 0 0 1 0 
0 0 0 0 0 0 1 0 0 1 
0 0 0 0 0 1 0 1 0 0 
0 0 1 0 0 0 0 0 0 1 
0 0 0 1 0 0 0 0 1 0 
1 0 0 0 0 0 1 0 0 0 
1 0 1 0 0 0 0 0 0 0 
0 0 0 1 0 0 1 0 0 0 
0 0 0 0 0 0 1 0 1 0 
0 0 1 1 0 0 0 0 0 0 
0 0 1 0 0 0 0 0 1 0 
0 0 0 1 0 0 0 1 0 0 
0 0 0 0 1 1 0 0 0 0 
0 0 0 0 0 1 0 1 0 0 
1 0 1 0 0 0 0 0 0 0 
0 0 1 0 0 0 1 0 0 0 
0 0 1 1 0 0 0 0 0 0 
0 0 1 0 0 0 0 0 1 0 
0 0 0 1 0 0 0 0 1 0 
0 0 0 0 0 1 1 0 0 0 
1 0 1 0 0 0 0 0 0 0 
0 0 0 1 0 0 0 1 0 0 
0 0 1 0 0 0 1 0 0 0 
0 0 0 0 0 0 1 0 1 0 
0 0 1 0 0 0 0 0 0 1 
1 0 0 1 0 0 0 0 0 0 
0 0 0 0 1 0 1 0 0 0 
0 0 0 1 0 1 0 0 0 0 
0 0 0 0 0 0 1 1 0 0 
0 0 1 0 0 1 0 0 0 0 
0 0 0 0 0 1 0 0 1 0 
1 0 0 0 0 0 1 0 0 0 
0 0 1 1 0 0 0 0 0 0 
0 0 0 1 0 0 0 0 1 0 
0 0 0 0 1 1 0 0 0 0 
0 0 1 0 0 0 0 0 1 0 
0 0 0 0 0 1 0 1 0 0 
0 0 0 1 1 0 0 0 0 0 
0 0 1 0 1 0 0 0 0 0 
0 0 0 1 0 0 0 1 0 0 
1 0 0 0 0 1 0 0 0 0 
0 0 1 0 0 0 0 1 0 0 
0 0 0 0 0 0 0 1 1 0 
1 0 0 1 0 0 0 0 0 0 
0 0 0 0 1 0 0 1 0 0 
1 0 1 0 0 0 0 0 0 0 
1 0 0 0 0 0 0 0 1 0 
1 0 0 0 1 0 0 0 0 0 
1 0 0 0 0 0 0 1 0 0 
0 0 0 0 0 0 0 0 1 1 
1 0 0 0 0 0 0 0 0 1 
1 1 1 1 1 1 1 1 1 1 
;
TIMETABLE BEST: 
0.0 0.0 0.0 0.0 0.0 0.0 0.0 0.0 0.0 0.0 
10 0 0 0 0 0 0 0 0 0 
10 18 0 0 0 0 0 0 0 0 
10 18 18 0 0 0 0 0 0 0 
19 18 18 0 0 0 0 0 0 0 
19 18 18 19 0 0 0 0 0 0 
19 25 18 19 0 0 0 0 0 0 
19 25 18 19 10 0 0 0 0 0 
19 25 18 19 10 18 0 0 0 0 
19 25 18 19 10 18 0 0 0 0 
29 25 18 19 10 18 0 0 0 0 
29 25 18 19 10 18 0 0 0 0 
29 25 18 19 10 31 0 0 0 0 
29 25 18 19 33 31 0 0 0 0 
29 25 18 19 33 31 10 0 0 0 
29 25 18 19 33 31 10 18 0 0 
29 25 18 19 33 31 10 18 0 0 
29 25 18 19 33 31 19 18 0 0 
29 25 18 19 33 31 19 18 0 0 
29 25 18 19 33 31 19 18 0 0 
29 25 18 19 33 31 19 18 27 10 
29 25 18 19 33 31 19 18 27 10 
29 25 18 19 33 31 19 18 27 10 
29 25 18 30 33 31 19 18 27 10 
29 25 18 30 33 31 19 18 27 10 
29 25 18 30 33 31 19 18 27 10 
29 25 18 30 33 31 19 18 27 10 
29 25 18 30 33 31 19 18 27 10 
29 25 18 30 33 31 19 18 27 10 
29 25 18 30 33 31 19 18 27 21 
29 25 18 30 33 31 19 18 27 21 
29 25 18 30 33 31 19 18 27 21 
29 25 18 30 33 31 19 18 27 21 
29 25 18 30 33 31 19 18 27 21 
29 25 18 30 33 31 19 18 27 21 
29 25 18 30 33 31 19 18 27 21 
29 25 18 30 33 31 19 18 27 21 
29 25 18 30 33 31 19 18 27 21 
29 25 18 30 33 31 19 18 27 21 
29 25 18 30 33 31 19 18 27 21 
29 25 18 30 33 31 19 18 27 21 
29 25 18 30 33 31 19 18 27 21 
29 25 18 30 33 31 19 18 27 21 
29 25 18 30 33 31 19 18 27 21 
29 25 18 30 33 31 19 18 27 21 
29 25 18 30 33 31 19 18 27 21 
29 25 18 30 33 31 19 18 27 21 
29 25 18 30 33 31 19 18 27 21 
29 25 18 30 33 31 19 36 27 21 
29 25 18 30 33 31 19 36 27 21 
29 25 18 30 33 31 19 36 27 21 
29 25 18 30 33 31 19 36 27 21 
29 25 18 30 33 31 19 36 27 21 
29 25 18 30 33 31 38 36 27 21 
29 25 18 30 33 31 38 36 27 21 
29 25 18 30 33 31 38 36 27 21 
29 25 18 30 33 31 38 36 27 21 
29 25 18 38 33 31 38 36 27 21 
29 25 18 38 33 31 38 36 27 21 
29 25 18 38 33 31 38 36 27 21 
29 25 18 38 33 31 38 36 27 21 
29 25 18 38 33 31 38 36 27 21 
29 25 18 38 33 31 38 43 27 21 
29 25 18 38 33 31 38 43 27 21 
29 25 18 38 33 31 38 43 27 21 
29 25 18 38 33 31 38 43 27 21 
29 25 18 38 33 31 38 43 27 32 
29 25 26 38 33 31 38 43 27 32 
29 25 26 38 33 31 38 43 27 32 
29 25 26 38 33 31 38 43 27 32 
29 25 26 38 33 31 38 43 27 32 
29 25 26 38 33 31 38 43 27 32 
29 25 26 38 33 31 38 43 27 32 
29 25 26 38 33 31 38 43 27 32 
29 25 26 38 33 31 38 43 27 32 
29 25 26 38 33 31 38 43 27 42 
29 25 26 38 33 31 38 43 27 42 
29 25 26 38 33 31 38 43 27 42 
29 25 26 38 33 31 38 43 27 42 
29 25 26 38 33 31 38 43 27 42 
29 25 26 38 33 31 38 43 27 42 
29 25 26 38 33 31 38 43 27 42 
47 25 26 38 33 31 38 43 27 42 
47 25 26 38 33 31 38 43 27 42 
47 25 26 38 33 31 38 43 27 42 
47 25 26 38 33 31 38 43 27 42 
47 25 26 38 33 31 38 43 27 42 
47 25 26 45 33 31 38 43 27 42 
47 25 26 45 33 31 38 43 27 42 
47 25 52 45 33 31 38 43 27 42 
47 25 52 45 33 31 38 43 27 42 
47 25 52 45 33 31 38 43 27 42 
47 25 52 45 33 31 38 43 46 42 
47 25 52 45 33 31 38 43 46 42 
47 25 52 45 33 31 38 43 46 42 
47 25 52 45 33 31 38 43 46 42 
47 52 52 45 33 31 38 43 46 42 
47 52 52 52 33 31 38 43 46 42 
47 52 52 52 41 31 38 43 46 42 
47 52 52 52 41 31 38 43 46 42 
47 52 52 52 41 31 38 43 46 54 
47 52 52 52 41 31 38 43 46 54 
47 52 52 52 41 44 38 43 46 54 
47 52 52 52 41 44 38 43 46 54 
47 52 52 52 51 44 38 43 46 54 
47 52 52 52 51 44 38 43 46 54 
47 52 52 52 51 44 38 43 46 54 
47 52 52 52 51 44 38 43 46 54 
47 52 52 52 51 52 38 43 46 54 
53 52 52 52 51 52 38 43 46 54 
53 52 52 52 51 52 49 43 46 54 
53 52 52 52 51 52 49 43 46 54 
53 52 52 52 51 52 49 43 46 54 
53 52 52 52 51 52 49 43 46 54 
53 52 52 52 51 52 49 43 46 54 
53 52 52 52 51 52 49 43 46 54 
53 52 52 52 51 52 49 50 46 54 
53 52 52 52 51 52 49 50 46 54 
53 52 52 52 51 52 49 50 46 54 
53 52 52 52 51 52 49 50 46 54 
53 52 52 52 51 52 49 50 46 54 
53 52 52 52 51 52 49 50 46 54 
53 52 52 52 51 52 49 50 46 54 
53 52 52 52 51 52 49 50 46 54 
53 52 52 52 51 52 49 50 46 54 
53 52 52 52 51 52 49 50 46 54 
53 52 52 52 51 52 49 50 46 54 
53 52 52 52 51 52 49 50 46 54 
53 52 52 52 51 52 55 50 46 54 
53 52 52 52 51 52 55 50 46 54 
53 52 52 52 51 52 55 50 46 54 
53 52 52 52 51 52 55 50 46 54 
53 52 52 52 51 52 55 50 46 54 
53 52 52 52 51 52 55 50 46 54 
53 52 52 52 51 52 55 50 46 54 
53 52 52 52 51 52 55 50 46 54 
53 52 52 52 51 52 55 50 46 54 
53 52 52 52 51 52 55 50 46 54 
53 52 52 60 51 52 55 50 46 54 
53 52 52 60 51 60 55 50 46 54 
53 52 52 60 51 60 55 50 59 54 
53 52 52 60 51 60 55 50 59 54 
53 52 52 60 51 60 55 50 59 54 
53 52 52 60 51 60 55 50 59 54 
53 52 52 60 51 60 55 50 59 54 
53 52 52 60 51 60 55 50 59 63 
53 52 52 60 61 60 55 50 59 63 
53 52 52 60 61 60 55 50 59 63 
53 52 52 60 61 60 55 50 59 63 
53 52 52 60 61 60 55 50 59 63 
53 52 52 60 61 60 55 50 59 63 
53 52 52 60 61 60 55 50 59 63 
53 66 52 60 61 60 55 50 59 63 
53 66 52 60 61 60 55 57 59 63 
53 66 52 60 61 60 55 57 59 63 
53 66 52 60 61 60 55 57 59 63 
53 66 52 60 61 60 55 57 59 63 
53 66 52 60 61 60 55 57 59 63 
68 66 52 60 61 60 55 57 59 63 
68 66 52 60 61 60 55 57 59 63 
68 66 52 60 61 60 55 57 59 63 
68 66 52 60 61 60 55 57 59 63 
68 66 52 60 61 60 55 57 59 69 
68 66 52 60 61 60 55 57 59 69 
68 66 52 60 61 60 55 57 59 69 
68 66 52 60 61 60 64 57 59 69 
68 66 52 60 61 60 64 57 59 69 
68 66 52 60 61 60 64 57 59 69 
68 66 52 73 61 60 64 57 59 69 
68 66 68 73 61 60 64 57 59 69 
68 66 68 73 61 60 64 57 59 69 
68 66 68 73 61 60 64 57 59 69 
68 66 68 73 61 71 64 57 59 69 
68 66 68 73 61 71 64 57 59 69 
68 66 68 73 61 71 64 64 59 69 
68 66 68 73 61 71 64 64 59 69 
68 66 68 73 61 71 64 64 59 69 
68 66 68 73 61 71 64 64 59 69 
68 66 68 73 61 71 64 64 59 69 
68 66 68 73 61 71 64 64 59 69 
68 66 68 73 61 71 64 64 59 69 
68 66 68 73 61 71 64 64 59 69 
68 66 68 73 61 71 64 64 59 69 
68 66 68 73 61 71 64 64 59 69 
68 66 68 73 61 71 64 72 59 69 
68 66 68 73 61 71 64 72 59 69 
68 66 68 73 61 71 64 72 59 69 
68 66 68 73 61 71 64 72 59 69 
68 66 68 73 61 71 64 72 59 69 
68 66 68 73 61 71 64 72 59 75 
68 66 68 73 61 71 64 72 59 75 
76 66 68 73 61 71 64 72 59 75 
76 66 68 73 61 71 75 72 59 75 
76 66 68 73 61 71 75 72 59 75 
76 66 68 73 61 71 75 72 59 75 
76 66 68 73 61 71 75 72 59 75 
76 66 68 73 61 71 75 80 59 75 
76 66 68 73 61 71 75 80 59 75 
76 80 68 73 61 71 75 80 59 75 
76 80 68 73 61 71 75 80 59 75 
76 80 68 73 61 71 75 80 59 75 
76 80 68 73 61 71 75 80 59 75 
76 80 68 73 61 71 75 80 59 75 
76 80 68 73 69 71 75 80 59 75 
76 80 68 73 69 71 82 80 59 75 
76 80 68 73 69 71 82 80 75 75 
76 80 68 73 69 71 82 80 75 75 
76 80 68 83 69 71 82 80 75 75 
76 80 68 83 69 71 82 80 75 75 
76 80 79 83 69 71 82 80 75 75 
76 80 79 83 83 71 82 80 75 75 
76 80 79 83 83 71 82 80 75 75 
76 80 79 83 83 71 82 80 75 75 
76 80 79 83 83 71 82 80 75 75 
76 80 79 83 83 82 82 80 75 75 
76 80 79 83 83 82 82 80 75 75 
76 80 79 83 83 82 82 80 75 75 
76 80 79 83 83 82 82 80 75 75 
76 80 79 83 83 82 82 80 75 75 
76 80 79 83 83 82 82 80 75 75 
76 80 79 83 83 82 82 80 75 75 
84 80 79 83 83 82 82 80 75 75 
84 80 79 83 83 82 82 80 75 75 
84 80 79 83 83 82 82 80 75 75 
84 80 79 83 83 82 82 80 75 75 
84 80 79 83 83 82 82 80 75 75 
84 80 79 83 83 82 82 80 75 75 
84 80 79 83 83 82 82 80 75 75 
84 80 79 83 83 82 82 88 75 75 
84 80 79 83 83 82 82 88 88 75 
84 80 79 83 83 82 82 88 88 75 
84 80 79 83 83 82 82 88 88 75 
84 80 79 83 83 82 82 88 88 75 
84 80 79 83 83 82 82 88 88 75 
84 80 79 83 83 82 82 88 88 75 
84 80 79 83 83 82 82 88 88 75 
84 80 79 83 83 82 82 88 88 84 
84 80 79 83 83 82 82 88 88 84 
84 80 79 83 83 82 82 88 88 84 
84 80 79 83 83 82 82 88 88 84 
84 80 79 83 83 82 82 88 88 84 
84 80 79 83 83 82 82 88 88 84 
84 80 79 83 83 82 82 88 88 84 
93 80 79 83 83 82 82 88 88 84 
93 80 79 83 89 82 82 88 88 84 
93 80 79 83 89 82 82 88 88 84 
93 80 79 95 89 82 82 88 88 84 
93 80 79 95 89 82 82 88 88 84 
93 94 79 95 89 82 82 88 88 84 
93 94 79 95 89 82 82 88 88 84 
93 94 79 95 89 82 82 88 88 84 
93 94 79 95 89 82 82 88 88 84 
93 94 79 95 89 82 82 88 88 84 
93 94 79 95 89 82 90 88 88 84 
93 94 79 95 89 82 90 88 88 84 
93 94 85 95 89 82 90 88 88 84 
93 94 85 95 89 82 90 88 88 84 
93 94 85 95 89 82 90 88 88 84 
93 94 85 95 100 82 90 88 88 84 
93 94 85 95 100 82 90 88 102 84 
93 94 85 95 100 82 90 88 102 84 
93 94 85 95 100 82 90 88 102 84 
93 94 85 95 100 82 90 88 102 84 
93 94 85 95 100 82 90 88 102 84 
102 94 85 95 100 82 90 88 102 84 
102 94 85 95 100 82 90 88 102 84 
102 94 85 95 100 82 98 88 102 84 
102 94 85 95 100 82 98 95 102 84 
102 94 85 95 100 92 98 95 102 84 
102 94 85 95 100 92 98 95 102 84 
102 94 85 95 100 105 98 95 102 84 
102 94 85 95 100 105 98 95 102 84 
102 94 85 95 100 105 98 95 102 84 
102 94 85 95 100 105 98 101 102 84 
102 94 111 95 100 105 98 101 102 84 
102 94 111 95 100 105 98 101 102 104 
102 94 111 109 100 105 98 101 102 104 
102 94 111 109 100 105 107 101 102 104 
102 94 111 109 100 105 107 101 102 104 
102 94 111 109 109 105 107 101 102 104 
102 94 111 109 109 105 107 101 102 104 
102 94 111 109 109 105 107 101 102 104 
102 94 111 109 109 105 107 101 102 104 
102 94 111 109 109 105 107 107 102 104 
102 94 111 109 109 105 107 107 116 104 
102 94 111 109 109 105 107 107 116 104 
110 94 111 109 109 105 107 107 116 104 
110 94 111 109 109 105 107 107 116 104 
110 94 111 109 109 105 107 107 116 104 
110 108 111 109 109 118 107 107 116 104 
110 108 111 109 109 118 121 107 116 104 
110 108 111 125 109 118 121 107 116 104 
110 108 111 125 118 118 121 107 116 104 
110 108 111 125 118 118 121 107 130 104 
110 108 111 125 118 118 121 107 130 104 
110 108 111 125 118 118 121 107 130 104 
110 108 111 125 118 118 121 107 130 104 
110 108 111 131 118 118 121 107 130 104 
110 108 111 131 118 118 121 113 130 104 
110 108 111 131 118 118 121 113 130 116 
110 108 111 131 118 118 121 113 130 116 
110 108 111 131 118 118 141 113 130 116 
110 108 111 131 118 134 141 113 130 116 
110 124 111 131 118 134 141 113 130 116 
110 124 123 131 118 134 141 113 130 116 
110 124 123 131 127 134 141 113 130 116 
110 124 123 137 127 134 141 113 130 116 
110 124 123 137 127 134 141 131 130 116 
110 132 123 137 127 134 141 131 130 116 
110 132 123 137 127 134 141 131 130 116 
110 132 137 137 127 134 141 131 130 116 
110 132 137 137 127 134 141 131 130 116 
110 132 137 137 127 134 141 131 130 116 
110 132 137 143 127 134 141 131 130 116 
110 132 137 143 127 134 141 131 130 116 
110 132 137 143 127 134 141 131 148 116 
110 132 137 143 127 134 141 131 148 116 
110 132 137 143 127 134 141 131 148 116 
110 132 137 149 127 134 141 131 148 116 
110 132 137 149 141 134 141 131 148 116 
110 132 137 149 141 134 141 131 148 116 
110 143 137 149 141 134 141 131 148 116 
110 143 137 149 141 134 141 131 148 116 
110 143 137 162 141 134 141 131 148 116 
110 143 137 162 141 134 141 131 148 116 
110 143 137 162 141 134 141 131 162 116 
110 143 137 162 141 134 167 131 162 116 
159 143 153 162 141 134 167 131 162 116 
159 143 153 162 141 134 167 131 162 116 
159 143 153 162 141 134 167 131 162 116 
159 143 153 162 141 134 167 131 162 116 
159 143 153 162 141 134 167 131 162 116 
159 143 153 162 141 134 167 131 162 116 
159 143 153 162 141 134 167 131 162 155 
159 143 153 162 141 153 167 170 162 155 
159 143 169 162 141 153 167 170 162 155 
159 143 169 162 141 153 167 170 162 155 
159 143 169 162 141 153 167 170 162 155 
159 143 169 162 141 153 167 170 162 155 
159 143 169 162 141 153 167 170 162 155 
159 143 169 162 141 153 167 170 162 155 
159 143 169 162 141 153 167 170 162 155 
159 143 169 162 141 153 167 170 162 155 
159 143 169 162 141 153 167 170 162 155 
159 143 169 162 179 153 167 170 162 155 
159 143 169 162 179 153 167 180 162 155 
165 143 169 162 179 153 167 180 162 155 
165 143 169 162 179 153 167 180 162 155 
165 143 176 162 179 153 167 180 162 155 
165 143 176 162 179 153 167 180 162 155 
165 143 176 162 179 153 167 180 176 155 
165 143 176 162 179 172 167 180 176 155 
165 143 176 162 179 172 167 180 176 155 
165 143 176 162 179 172 167 180 176 155 
165 143 176 162 179 172 167 180 176 155 
165 143 176 162 179 172 167 180 176 155 
165 143 176 162 179 172 167 180 176 169 
184 143 176 162 179 172 167 180 176 169 
184 143 176 162 179 172 167 180 176 169 
184 143 176 175 179 172 167 180 176 169 
184 143 176 175 179 172 167 180 176 169 
184 143 176 175 179 172 167 180 176 169 
184 143 176 175 179 172 167 180 176 169 
184 143 176 175 179 172 167 180 176 169 
184 143 176 175 179 172 167 180 176 169 
184 143 176 175 179 172 167 180 176 169 
184 143 176 175 179 172 167 180 176 169 
184 143 176 175 179 172 167 180 176 169 
184 143 176 175 179 172 167 180 176 169 
184 143 176 175 179 172 167 180 176 169 
184 143 176 175 179 172 167 180 176 169 
184 143 176 175 179 172 167 180 176 169 
184 143 176 175 179 172 167 180 176 169 
184 143 176 175 179 172 167 180 176 169 
184 143 176 175 179 172 167 180 176 169 
184 143 176 175 179 172 167 180 176 169 
184 143 176 175 179 172 167 180 176 169 
184 143 176 175 179 172 167 180 176 169 
184 143 176 175 179 172 167 180 176 169 
184 143 176 175 179 172 167 180 176 169 
184 143 176 175 179 172 167 180 176 169 
184 143 176 175 179 172 167 180 176 188 
184 143 176 175 179 172 167 180 176 188 
274.0 162.0 236.0 234.0 228.0 218.0 236.0 236.0 274.0 272.0 
;
EXECUTION TIME HBSS: 15632.2946401 seconds 

-------------------------------------------------------------------
