DATFILE : offices1_8r_250.dat
ENVIRONMENT : office
ALGORITHM : HBSS - TAU 9
RANGE : 250
STARTING_POS : 42
N_ROBOTS : 8
GREEDY SOLUTION : 630.0
COMPUTATIONS T :
641.0
641.0
641.0
634.0
612.0
646.0
641.0
641.0
641.0
641.0
660.0
641.0
641.0
641.0
648.0
641.0
641.0
641.0
641.0
641.0
641.0
641.0
641.0
641.0
641.0
641.0
612.0
625.0
648.0
641.0
641.0
641.0
641.0
660.0
641.0
641.0
641.0
641.0
676.0
641.0
689.0
646.0
641.0
641.0
641.0
641.0
681.0
641.0
641.0
641.0
641.0
641.0
676.0
641.0
641.0
671.0
641.0
633.0
641.0
676.0
641.0
641.0
641.0
641.0
641.0
641.0
641.0
641.0
641.0
641.0
641.0
641.0
641.0
651.0
641.0
641.0
641.0
697.0
641.0
641.0
688.0
641.0
641.0
641.0
634.0
667.0
641.0
641.0
661.0
641.0
667.0
641.0
641.0
641.0
641.0
641.0
641.0
641.0
641.0
641.0
641.0
641.0
641.0
641.0
641.0
708.0
641.0
641.0
641.0
641.0
641.0
670.0
641.0
641.0
641.0
648.0
641.0
641.0
641.0
641.0
641.0
658.0
641.0
641.0
641.0
641.0
641.0
641.0
641.0
641.0
641.0
641.0
641.0
641.0
638.0
641.0
641.0
641.0
641.0
641.0
641.0
641.0
641.0
641.0
641.0
654.0
708.0
641.0
641.0
641.0
641.0
641.0
673.0
641.0
656.0
641.0
641.0
641.0
641.0
641.0
641.0
641.0
641.0
739.0
641.0
641.0
641.0
641.0
641.0
641.0
681.0
641.0
641.0
641.0
641.0
723.0
641.0
641.0
641.0
708.0
641.0
671.0
641.0
641.0
641.0
641.0
641.0
641.0
655.0
641.0
641.0
686.0
641.0
641.0
643.0
641.0
661.0
641.0
641.0
641.0
;
HBBS bestT : 612.0
BEST_CONFIGURATIONS : 
42 42 42 42 42 42 42 42 
41 42 42 42 42 42 42 42 
41 5 42 42 42 42 42 42 
41 5 42 42 42 42 42 42 
41 5 42 24 42 42 42 42 
41 5 42 24 42 42 42 42 
41 5 42 24 42 42 42 42 
41 5 42 24 36 42 42 42 
41 5 42 24 36 42 42 42 
41 5 42 24 36 40 42 42 
41 5 42 24 36 40 42 42 
41 5 42 24 36 40 42 42 
41 5 42 24 36 40 42 42 
41 5 42 24 36 40 42 42 
41 5 42 24 36 40 42 42 
41 5 42 24 36 40 42 42 
41 5 42 24 36 40 4 42 
41 5 42 24 36 40 4 42 
41 5 42 24 36 40 4 42 
41 5 42 24 36 40 4 42 
41 5 42 24 36 40 4 42 
41 5 42 24 36 40 4 42 
41 5 42 24 36 40 4 18 
41 5 42 24 36 40 4 18 
41 5 42 24 36 40 4 18 
36 5 42 24 35 40 4 18 
36 5 42 24 35 40 4 18 
36 5 41 24 35 40 4 18 
36 5 41 4 35 40 4 18 
36 5 41 4 35 40 4 18 
36 5 41 4 35 40 24 18 
36 5 41 4 35 40 24 18 
36 5 41 4 34 40 24 18 
36 5 41 4 34 40 24 18 
36 5 41 4 34 40 24 18 
36 5 41 4 34 40 24 18 
36 5 41 4 34 40 24 18 
36 5 41 4 34 40 24 18 
36 5 41 4 34 40 24 18 
36 5 41 4 33 40 24 18 
36 5 41 4 33 40 24 18 
36 5 41 4 33 40 24 18 
36 5 41 4 33 40 24 18 
36 5 41 4 33 40 24 18 
36 5 41 4 33 40 24 18 
36 5 41 4 33 40 24 18 
36 5 41 4 32 40 24 18 
36 24 41 4 32 40 24 18 
36 24 41 4 32 40 24 18 
36 24 41 4 32 40 24 18 
36 24 41 4 32 40 3 18 
36 24 41 4 32 40 3 18 
36 24 40 4 32 40 3 18 
36 24 40 4 32 40 3 18 
36 24 40 4 32 40 3 18 
36 24 40 4 32 40 3 20 
36 24 40 4 27 40 3 20 
36 24 40 4 27 40 3 20 
36 24 40 4 27 39 3 20 
36 4 40 4 27 39 3 20 
36 4 40 4 27 39 3 20 
36 4 40 24 27 39 3 20 
36 4 40 24 27 39 3 20 
36 4 40 24 27 39 3 20 
36 4 40 24 32 39 3 20 
36 4 40 5 32 39 3 20 
36 4 40 5 32 39 3 20 
41 4 40 5 32 39 3 20 
41 4 40 5 32 39 3 20 
41 4 40 5 27 39 3 21 
41 3 40 5 27 26 3 21 
41 3 39 5 27 26 3 21 
41 3 39 24 27 26 3 21 
41 3 39 24 27 26 3 21 
42 3 39 24 27 26 3 21 
42 3 39 24 27 26 23 21 
42 3 39 24 27 26 23 21 
42 3 39 24 27 26 23 21 
42 3 39 24 27 26 23 21 
42 3 39 24 27 26 23 21 
42 3 39 24 32 26 23 21 
42 3 39 24 32 26 23 21 
42 3 39 24 32 26 23 21 
42 3 39 4 32 26 23 21 
42 3 39 4 32 26 23 21 
42 3 40 4 32 26 23 21 
42 3 40 4 32 26 23 21 
42 2 40 4 32 26 23 21 
42 2 40 4 32 26 23 21 
42 2 40 4 27 26 23 21 
42 2 40 4 27 26 23 21 
42 2 40 4 27 26 23 21 
5 2 40 4 27 26 23 21 
5 2 40 4 27 26 23 21 
5 2 40 4 32 26 23 21 
5 2 40 24 32 26 23 21 
5 2 40 24 32 27 23 21 
5 2 40 24 32 27 23 22 
24 2 40 24 32 27 1 22 
24 2 39 24 32 27 1 22 
24 2 39 24 32 27 1 22 
24 2 39 24 32 27 1 22 
24 2 39 24 32 27 1 22 
24 2 39 24 32 27 1 22 
24 2 39 4 32 27 1 22 
24 2 39 4 32 31 1 22 
24 2 39 4 32 31 1 22 
24 2 39 4 27 31 1 22 
24 2 39 4 27 31 1 22 
24 2 39 4 27 31 1 22 
3 2 39 4 27 31 1 22 
3 2 39 4 27 31 1 22 
3 2 39 4 27 31 1 22 
3 2 39 4 32 31 1 22 
3 2 26 4 32 31 1 22 
3 2 26 4 32 31 1 22 
3 23 26 4 32 31 1 22 
3 23 26 4 32 31 1 22 
3 23 26 4 32 31 1 15 
3 23 26 4 27 31 1 15 
3 23 26 4 27 31 1 15 
3 23 26 4 32 31 1 15 
2 23 38 4 32 31 1 15 
2 23 38 4 32 30 1 15 
2 23 38 4 32 30 1 15 
2 23 38 4 32 30 1 15 
2 23 38 3 32 30 1 15 
2 23 38 3 32 30 1 15 
2 23 38 3 32 30 1 15 
2 23 38 3 32 30 1 15 
2 23 38 3 32 30 1 15 
2 23 38 3 32 30 1 15 
2 23 38 3 32 30 1 15 
2 23 38 3 32 30 1 15 
2 23 38 3 27 30 1 15 
2 23 38 3 27 30 1 15 
2 26 38 3 27 30 1 15 
2 26 38 3 27 30 1 15 
2 26 38 3 31 30 1 15 
2 26 38 3 31 30 1 15 
2 26 38 3 31 30 1 22 
2 26 38 3 31 30 0 22 
2 26 38 3 31 30 0 22 
2 26 38 3 31 30 0 22 
2 26 38 3 31 30 0 22 
2 26 38 3 31 30 0 22 
2 26 38 3 31 30 0 22 
23 26 38 3 31 30 0 22 
23 27 38 3 31 30 0 22 
23 27 38 3 31 29 0 22 
23 27 38 3 31 29 0 22 
23 27 26 3 31 29 0 22 
23 27 26 3 30 29 0 22 
23 27 26 3 30 29 0 22 
23 27 26 3 30 29 0 22 
23 32 26 3 30 29 0 22 
23 32 26 3 30 29 0 22 
23 32 38 3 29 29 0 22 
39 32 38 3 29 29 0 22 
39 32 38 3 29 29 0 22 
39 32 38 3 29 29 0 22 
39 32 38 3 29 29 0 15 
39 32 38 1 29 29 0 15 
39 32 38 1 29 29 0 15 
39 32 38 1 29 29 0 15 
39 32 38 1 29 30 0 15 
39 33 38 1 29 30 0 15 
39 33 38 1 29 30 0 15 
39 33 38 1 29 30 0 15 
39 33 38 1 29 30 0 15 
39 33 38 1 29 30 0 15 
39 33 38 1 29 30 0 15 
26 33 38 1 29 30 0 15 
26 33 38 1 29 30 25 15 
26 33 38 1 29 31 25 15 
26 33 38 1 29 31 25 15 
26 33 38 1 29 31 25 15 
26 33 38 1 29 31 25 15 
26 33 38 1 29 31 25 15 
26 33 38 1 29 31 25 15 
26 33 38 1 29 31 25 13 
26 33 38 1 29 31 25 13 
26 33 38 1 29 31 25 13 
26 33 38 1 29 31 25 13 
26 33 38 1 29 31 25 13 
26 33 38 23 29 31 25 13 
26 33 38 23 29 31 25 13 
26 33 38 23 29 31 25 13 
27 33 38 23 29 31 25 13 
27 33 38 23 29 31 25 13 
27 33 38 23 29 31 25 13 
27 33 38 23 30 31 25 13 
27 33 38 23 30 31 25 13 
27 33 37 23 30 31 25 13 
27 33 37 23 30 31 25 13 
27 33 37 23 30 31 25 13 
27 33 37 23 30 31 25 13 
27 33 37 23 30 31 25 13 
32 33 37 23 30 31 25 13 
32 33 37 23 30 31 25 13 
32 33 37 23 30 31 25 13 
32 33 37 2 30 31 25 13 
32 33 37 2 30 31 25 13 
32 33 37 2 30 31 25 13 
32 33 37 2 29 31 25 13 
32 33 43 23 29 31 25 13 
32 33 43 23 29 31 25 13 
32 33 43 23 29 26 25 13 
32 33 43 23 29 26 25 13 
27 34 43 23 29 26 25 13 
27 34 43 23 29 26 25 13 
27 34 43 23 29 26 25 13 
27 34 43 23 29 26 25 13 
27 34 37 23 29 26 25 13 
32 34 37 23 29 26 25 13 
32 34 37 23 28 26 25 13 
32 34 37 2 28 26 25 13 
32 34 37 2 28 26 25 13 
32 34 37 2 28 26 25 13 
32 34 37 2 28 26 25 13 
27 34 37 2 28 26 25 13 
27 34 43 2 28 26 25 13 
27 34 43 2 28 26 25 15 
27 34 43 23 28 26 25 15 
27 34 43 23 28 26 25 15 
27 35 43 23 28 26 25 15 
27 35 43 23 28 26 25 15 
27 35 43 23 28 26 25 15 
27 35 43 23 28 26 0 15 
27 35 43 23 28 26 0 15 
32 35 43 23 28 26 0 15 
32 35 43 2 28 26 0 15 
32 35 43 2 28 39 0 15 
32 35 37 2 28 39 0 15 
32 35 37 2 28 39 0 15 
32 35 37 2 28 39 0 15 
27 35 37 2 17 39 0 15 
27 35 37 2 17 39 0 15 
27 35 37 2 17 39 0 15 
27 34 37 2 17 39 0 15 
27 34 43 2 17 39 0 15 
27 34 43 2 17 39 25 15 
31 34 43 2 17 39 25 15 
31 34 43 2 17 39 25 15 
31 34 43 2 17 39 25 15 
31 34 43 3 17 39 25 15 
31 34 43 3 17 26 25 15 
31 34 43 3 17 26 25 22 
30 34 43 3 17 26 25 22 
30 34 43 3 17 26 25 22 
30 35 43 3 17 26 25 22 
30 35 43 3 17 26 25 7 
30 35 43 3 17 38 25 7 
30 35 43 3 17 38 25 7 
30 35 43 3 17 38 1 7 
29 35 43 3 17 38 1 7 
29 34 43 3 17 38 1 7 
29 34 37 3 17 38 1 7 
29 34 37 3 17 38 1 7 
28 34 37 3 17 38 1 7 
28 34 37 3 17 38 1 7 
28 34 37 3 17 38 1 7 
28 34 37 3 17 38 1 6 
28 33 37 3 17 38 1 6 
28 33 43 3 17 37 1 6 
29 33 43 3 28 37 1 6 
29 33 43 3 28 37 1 16 
29 27 43 3 28 37 1 16 
29 27 43 3 28 37 1 16 
29 27 25 3 28 37 0 16 
29 31 25 3 28 37 0 16 
29 31 25 3 28 37 0 16 
30 31 25 3 28 37 0 16 
30 31 25 3 28 37 0 16 
29 31 25 3 28 19 0 16 
29 30 25 3 28 19 0 16 
29 30 43 3 28 19 0 16 
29 30 43 3 17 19 0 16 
29 30 43 3 17 19 0 16 
29 30 43 3 17 19 0 16 
29 30 43 37 17 19 0 16 
29 31 43 37 17 19 0 16 
28 31 43 37 17 19 0 16 
28 31 43 37 19 19 0 6 
28 31 43 37 19 16 0 6 
28 34 43 37 19 16 33 6 
19 34 43 37 19 16 33 22 
19 34 16 37 19 16 33 22 
19 34 16 37 6 16 33 22 
19 35 16 33 6 16 33 22 
19 35 16 33 6 16 34 22 
19 35 16 33 6 16 34 7 
19 35 16 33 6 16 34 7 
19 35 16 33 6 16 34 7 
19 35 16 33 6 22 34 7 
19 35 16 33 6 15 34 7 
19 35 16 33 6 15 34 7 
19 35 16 33 6 15 34 7 
19 35 16 33 6 15 34 7 
19 35 16 33 6 15 34 22 
19 42 16 34 6 15 34 22 
19 42 16 34 6 15 35 22 
16 42 16 34 6 15 35 10 
16 42 6 34 6 15 35 10 
16 42 6 34 7 15 35 10 
16 42 6 34 7 15 35 10 
16 42 6 34 22 15 35 10 
6 42 6 34 22 14 35 10 
6 42 7 34 22 14 35 10 
6 42 7 27 22 14 35 10 
6 42 7 27 22 14 35 10 
6 42 7 27 22 14 32 10 
6 42 7 27 22 14 32 10 
6 42 7 26 22 14 32 10 
6 42 7 26 22 14 33 10 
6 35 7 26 22 14 33 10 
6 35 7 26 22 14 33 11 
6 35 7 26 22 14 33 11 
6 35 7 26 15 14 33 11 
6 35 7 26 15 14 33 11 
6 35 7 26 15 14 33 11 
6 35 7 39 15 14 33 11 
6 35 7 39 15 14 34 11 
6 35 22 39 15 14 34 11 
16 35 22 39 13 14 34 11 
16 35 22 39 13 14 34 11 
16 35 22 39 13 14 34 11 
16 35 22 39 13 14 34 11 
16 35 22 39 13 14 34 11 
16 35 22 39 13 14 34 11 
16 35 22 39 13 14 34 11 
16 35 22 39 13 14 34 11 
16 35 22 39 13 14 36 11 
16 35 7 39 13 14 36 21 
16 35 7 39 13 14 36 21 
16 35 7 39 13 14 36 21 
16 35 7 40 13 14 36 21 
16 33 7 40 13 14 36 21 
6 33 7 40 13 14 36 21 
6 33 22 40 13 14 36 21 
6 33 7 40 13 14 36 8 
6 33 7 40 13 14 36 8 
6 33 7 40 13 14 36 8 
22 33 7 40 13 14 36 8 
22 31 7 40 13 14 36 8 
22 31 7 40 15 14 36 8 
10 31 7 40 15 14 36 8 
10 30 7 40 15 14 36 8 
10 30 7 40 15 14 20 8 
10 30 7 35 15 14 20 8 
10 30 7 35 15 14 20 8 
10 30 7 35 15 14 20 8 
10 30 21 35 15 14 20 8 
10 30 21 35 15 14 20 8 
10 30 21 35 15 14 20 8 
10 30 21 35 15 14 20 8 
10 29 21 35 15 14 20 8 
10 29 21 34 15 14 20 8 
10 29 11 34 15 14 20 8 
10 29 11 34 15 14 20 8 
10 29 11 34 15 14 20 8 
10 29 11 34 13 14 20 8 
10 29 11 34 13 14 20 8 
10 29 11 34 13 14 20 21 
10 29 11 34 13 15 20 21 
10 17 11 34 13 15 20 21 
10 17 11 34 13 15 9 21 
10 17 11 34 13 15 9 21 
10 17 11 34 13 15 9 8 
10 17 11 18 13 15 9 8 
10 17 11 18 13 14 9 8 
10 17 11 18 13 14 9 8 
12 17 11 18 13 14 9 8 
12 17 8 18 13 14 9 8 
12 17 8 18 13 14 9 8 
12 17 8 18 13 14 9 8 
12 17 8 18 13 14 9 8 
12 17 8 18 13 14 9 21 
12 17 8 18 13 14 20 21 
12 17 8 18 13 14 20 21 
12 17 8 18 13 14 20 11 
12 17 20 18 13 14 9 11 
12 17 20 18 13 14 9 10 
42 42 42 42 42 42 42 42 
;
ROBOT MOVING BEST:
0 0 0 0 0 0 0 0 
1 0 1 0 0 0 0 0 
0 1 1 0 0 0 0 0 
1 1 0 0 0 0 0 0 
0 1 0 1 0 0 0 0 
1 0 0 1 0 0 0 0 
0 0 1 1 0 0 0 0 
0 1 0 0 1 0 0 0 
1 0 0 0 1 0 0 0 
0 1 0 0 0 1 0 0 
1 0 0 0 0 1 0 0 
0 0 1 0 1 0 0 0 
0 0 1 0 0 1 0 0 
0 0 0 1 1 0 0 0 
0 0 0 1 0 1 0 0 
0 0 0 0 1 1 0 0 
0 0 0 0 1 0 1 0 
0 1 0 0 0 0 1 0 
1 0 0 0 0 0 1 0 
0 0 1 0 0 0 1 0 
0 0 0 1 0 0 1 0 
0 0 0 0 0 1 1 0 
0 0 0 0 0 1 0 1 
1 0 0 0 0 0 0 1 
0 0 0 0 1 0 0 1 
1 0 0 0 1 0 0 0 
0 1 0 0 1 0 0 0 
0 0 1 0 1 0 0 0 
0 0 0 1 1 0 0 0 
0 0 0 0 1 1 0 0 
0 0 0 0 1 0 1 0 
0 0 0 0 1 0 0 1 
1 0 0 0 1 0 0 0 
0 1 0 0 1 0 0 0 
0 0 1 0 1 0 0 0 
0 0 0 1 1 0 0 0 
0 0 0 0 1 1 0 0 
0 0 0 0 1 0 1 0 
0 0 0 0 1 0 0 1 
1 0 0 0 1 0 0 0 
0 1 0 0 1 0 0 0 
0 0 1 0 1 0 0 0 
0 0 0 1 1 0 0 0 
0 0 0 0 1 1 0 0 
0 0 0 0 1 0 1 0 
0 0 0 0 1 0 0 1 
1 0 0 0 1 0 0 0 
0 1 0 0 1 0 0 0 
0 0 0 1 1 0 0 0 
0 0 0 0 1 1 0 0 
1 0 0 0 0 0 1 0 
0 1 0 0 0 0 1 0 
0 0 1 0 0 0 1 0 
0 0 0 1 0 0 1 0 
0 0 0 0 1 0 1 0 
1 0 0 0 0 0 0 1 
0 0 1 0 1 0 0 0 
0 0 0 0 1 0 1 0 
1 0 0 0 0 1 0 0 
0 1 0 0 0 1 0 0 
0 0 1 0 0 1 0 0 
0 0 0 1 0 1 0 0 
0 0 0 0 1 1 0 0 
0 0 0 0 0 1 1 0 
0 0 0 0 1 1 0 0 
0 0 0 1 0 1 0 0 
0 0 0 1 0 0 1 0 
1 0 0 0 0 1 0 0 
1 0 0 0 0 0 1 0 
0 0 0 0 1 0 0 1 
0 1 0 0 0 1 0 0 
0 0 1 0 0 1 0 0 
0 0 0 1 0 1 0 0 
0 0 0 0 1 1 0 0 
1 1 0 0 0 0 0 0 
0 1 0 0 0 0 1 0 
0 0 1 0 0 0 1 0 
0 0 0 1 0 0 1 0 
0 0 0 0 1 0 1 0 
0 0 0 0 0 1 1 0 
0 0 0 0 1 1 0 0 
0 0 0 0 1 0 1 0 
0 0 0 0 1 0 0 1 
0 0 0 1 0 1 0 0 
0 0 0 1 0 0 1 0 
0 0 1 0 0 1 0 0 
0 0 1 0 0 0 1 0 
0 1 1 0 0 0 0 0 
0 1 0 1 0 0 0 0 
0 1 0 0 1 0 0 0 
0 1 0 0 0 1 0 0 
0 1 0 0 0 0 1 0 
1 1 0 0 0 0 0 0 
1 0 0 0 0 0 1 0 
0 1 0 0 1 0 0 0 
0 1 0 1 0 0 0 0 
0 0 0 0 1 1 0 0 
0 0 0 0 0 1 0 1 
1 0 0 0 0 0 1 0 
0 1 1 0 0 0 0 0 
0 1 0 0 0 0 1 0 
0 0 1 0 0 0 1 0 
0 0 0 0 1 0 1 0 
0 0 0 0 0 1 1 0 
0 0 0 1 0 0 1 0 
0 1 0 0 0 1 0 0 
0 0 1 0 0 1 0 0 
0 0 0 0 1 1 0 0 
0 0 0 0 0 1 1 0 
0 0 0 0 0 1 0 1 
1 1 0 0 0 0 0 0 
1 0 0 0 0 1 0 0 
1 0 0 0 0 0 1 0 
0 0 0 0 1 1 0 0 
0 0 1 0 0 1 0 0 
0 0 1 0 0 0 1 0 
0 1 0 0 0 1 0 0 
0 1 0 0 0 0 1 0 
0 0 1 0 0 0 0 1 
0 0 0 0 1 0 0 1 
0 0 0 0 0 1 0 1 
0 0 0 0 1 0 0 1 
1 0 1 0 0 0 0 0 
1 0 0 0 0 1 0 0 
0 1 1 0 0 0 0 0 
0 1 0 0 0 1 0 0 
0 0 1 1 0 0 0 0 
0 0 1 0 1 0 0 0 
0 0 1 0 0 1 0 0 
0 0 1 0 0 0 1 0 
0 0 1 0 0 0 0 1 
0 0 0 0 1 1 0 0 
0 0 0 0 0 1 1 0 
0 0 0 0 0 1 0 1 
0 0 1 0 1 0 0 0 
0 0 0 0 1 1 0 0 
0 1 1 0 0 0 0 0 
0 1 0 0 0 1 0 0 
0 0 1 0 1 0 0 0 
0 0 0 0 1 1 0 0 
0 0 0 0 0 1 0 1 
1 0 0 0 0 0 1 0 
0 1 0 0 0 0 1 0 
0 0 1 0 0 0 1 0 
0 0 0 1 0 0 1 0 
0 0 0 0 1 0 1 0 
0 0 0 0 0 1 1 0 
1 0 0 0 0 0 1 0 
0 1 0 0 0 0 1 0 
1 0 0 0 0 1 0 0 
0 1 0 0 0 1 0 0 
0 0 1 0 0 1 0 0 
0 0 0 0 1 1 0 0 
0 0 0 0 0 1 1 0 
0 0 0 0 0 1 0 1 
0 1 0 0 0 1 0 0 
0 1 0 0 0 0 1 0 
0 0 1 0 1 0 0 0 
1 0 1 0 0 0 0 0 
1 0 0 0 1 0 0 0 
1 0 0 0 0 0 1 0 
1 0 0 0 0 0 0 1 
0 0 0 1 1 0 0 0 
0 0 0 1 0 0 1 0 
0 0 0 0 1 0 0 1 
1 0 0 0 0 1 0 0 
1 1 0 0 0 0 0 0 
0 1 1 0 0 0 0 0 
0 1 0 1 0 0 0 0 
0 1 0 0 1 0 0 0 
0 1 0 0 0 1 0 0 
0 1 0 0 0 0 0 1 
1 1 0 0 0 0 0 0 
1 0 0 0 0 0 1 0 
0 1 0 0 0 1 0 0 
0 0 1 0 0 0 1 0 
0 0 0 1 0 0 1 0 
0 0 0 0 1 1 0 0 
0 0 0 0 0 1 1 0 
0 0 0 0 1 0 1 0 
1 0 0 0 0 0 0 1 
0 1 0 0 0 0 0 1 
0 0 1 0 0 0 0 1 
0 0 0 0 1 0 0 1 
0 0 0 0 0 1 0 1 
0 1 0 1 0 0 0 0 
0 0 0 1 0 0 1 0 
0 0 0 1 0 0 0 1 
1 1 0 0 0 0 0 0 
1 0 0 0 0 0 1 0 
1 0 0 0 0 0 0 1 
0 0 0 0 1 0 1 0 
0 0 0 0 1 0 0 1 
1 0 1 0 0 0 0 0 
0 0 1 1 0 0 0 0 
0 0 1 0 1 0 0 0 
0 0 1 0 0 1 0 0 
0 0 1 0 0 0 1 0 
1 1 0 0 0 0 0 0 
1 0 1 0 0 0 0 0 
1 0 0 0 0 0 0 1 
0 1 0 1 0 0 0 0 
0 0 1 1 0 0 0 0 
0 0 0 1 0 0 1 0 
0 0 1 0 1 0 0 0 
0 0 1 1 0 0 0 0 
0 0 1 0 1 0 0 0 
0 0 1 0 0 1 0 0 
0 0 1 0 0 0 1 0 
1 1 0 0 0 0 0 0 
0 1 0 1 0 0 0 0 
0 1 0 0 0 1 0 0 
0 1 0 0 0 0 0 1 
0 0 1 0 0 1 0 0 
1 1 0 0 0 0 0 0 
1 0 0 0 1 0 0 0 
0 1 0 1 0 0 0 0 
0 0 1 0 1 0 0 0 
0 0 0 0 1 1 0 0 
0 0 0 0 1 0 1 0 
1 0 0 0 1 0 0 0 
0 0 1 0 1 0 0 0 
0 0 1 0 0 0 0 1 
0 0 0 1 1 0 0 0 
0 0 0 0 1 0 0 1 
1 1 0 0 0 0 0 0 
0 1 0 1 0 0 0 0 
0 1 0 0 0 1 0 0 
0 0 1 0 0 0 1 0 
0 0 0 0 1 0 1 0 
1 1 0 0 0 0 0 0 
0 1 0 1 0 0 0 0 
0 1 0 0 0 1 0 0 
0 0 1 0 0 1 0 0 
0 0 1 0 0 0 1 0 
0 0 1 0 0 0 0 1 
1 0 0 0 1 0 0 0 
0 0 1 0 1 0 0 0 
0 0 0 0 1 0 0 1 
0 1 0 0 0 1 0 0 
0 0 1 0 1 0 0 0 
0 0 0 0 1 0 1 0 
1 1 0 0 0 0 0 0 
1 0 1 0 0 0 0 0 
1 0 0 0 1 0 0 0 
0 1 0 1 0 0 0 0 
0 0 0 0 1 1 0 0 
0 0 0 0 1 0 0 1 
1 0 1 0 0 0 0 0 
1 0 0 0 1 0 0 0 
0 1 0 1 0 0 0 0 
0 0 0 0 1 0 0 1 
0 0 1 0 0 1 0 0 
0 0 0 0 1 1 0 0 
0 0 1 0 0 0 1 0 
1 0 0 0 1 0 0 0 
0 1 0 0 0 1 0 0 
0 0 1 0 0 1 0 0 
0 0 1 0 0 0 1 0 
1 0 0 0 1 0 0 0 
1 0 0 0 0 1 0 0 
1 0 0 0 0 0 1 0 
0 0 0 0 1 0 0 1 
0 1 0 1 0 0 0 0 
0 0 1 0 0 1 0 0 
1 0 0 0 1 0 0 0 
1 0 0 0 0 0 0 1 
0 1 0 0 0 0 0 1 
0 0 0 0 1 0 0 1 
0 0 1 0 0 0 1 0 
0 1 0 0 1 0 0 0 
0 1 0 0 0 0 0 1 
1 0 0 0 1 0 0 0 
1 0 0 0 0 0 0 1 
1 0 0 0 0 1 0 0 
0 1 0 0 0 1 0 0 
0 0 1 0 0 1 0 0 
0 0 0 0 1 1 0 0 
0 0 0 0 1 0 0 1 
0 0 0 0 0 1 0 1 
0 0 0 1 0 1 0 0 
0 1 0 0 0 1 0 0 
1 0 0 0 0 1 0 0 
0 0 0 0 1 0 0 1 
0 0 0 0 0 1 0 1 
0 1 0 0 0 0 1 0 
1 0 0 0 0 0 0 1 
0 0 1 0 0 0 0 1 
0 0 0 0 1 0 0 1 
0 1 0 1 0 0 0 0 
0 1 0 0 0 0 1 0 
1 0 0 0 0 0 0 1 
0 0 1 0 0 0 0 1 
0 0 0 0 1 0 0 1 
0 0 0 0 0 1 0 1 
1 0 0 0 0 1 0 0 
0 0 1 0 0 1 0 0 
0 0 0 0 1 1 0 0 
0 0 0 0 0 1 0 1 
0 0 0 0 0 1 0 1 
0 1 0 1 0 0 0 0 
0 1 0 0 0 0 1 0 
1 0 0 0 0 0 0 1 
0 0 1 0 0 0 0 1 
0 0 0 0 1 0 0 1 
0 0 0 0 0 1 0 1 
0 0 0 0 1 0 0 1 
1 0 0 0 0 1 0 0 
0 0 1 0 0 1 0 0 
0 0 0 1 0 1 0 0 
0 0 0 0 1 1 0 0 
0 0 0 0 0 1 1 0 
0 0 0 0 0 1 0 1 
0 0 0 1 0 1 0 0 
0 0 0 0 0 1 1 0 
0 1 0 0 0 1 0 0 
1 0 0 0 0 0 0 1 
0 0 1 0 0 0 0 1 
0 0 0 0 1 1 0 0 
0 0 0 0 1 0 0 1 
0 0 0 0 0 1 0 1 
0 0 0 1 0 1 0 0 
0 0 0 0 0 1 1 0 
0 0 1 0 0 0 0 1 
1 0 0 0 1 0 0 0 
1 0 0 0 0 1 0 0 
1 0 0 0 0 0 0 1 
0 1 0 0 1 0 0 0 
0 0 1 0 1 0 0 0 
0 0 0 1 1 0 0 0 
0 0 0 0 1 1 0 0 
0 0 0 0 1 0 0 1 
0 0 0 0 1 0 1 0 
0 0 1 0 0 0 0 1 
0 0 0 0 1 0 0 1 
0 0 0 0 0 1 0 1 
0 0 0 1 1 0 0 0 
0 1 0 0 0 0 0 1 
1 0 0 0 0 0 0 1 
0 0 1 0 0 0 0 1 
0 0 1 0 0 0 0 1 
0 0 0 0 1 0 0 1 
0 0 0 0 0 1 0 1 
1 0 0 0 0 0 0 1 
0 1 0 0 0 1 0 0 
0 0 0 0 1 0 0 1 
1 0 0 0 0 0 0 1 
0 1 0 0 0 1 0 0 
1 0 0 0 0 0 1 0 
0 0 0 1 0 0 1 0 
0 0 0 0 0 1 1 0 
0 0 0 0 0 0 1 1 
0 0 1 0 1 0 0 0 
1 0 1 0 0 0 0 0 
0 0 1 0 0 0 1 0 
0 0 1 0 0 0 0 1 
0 1 0 0 0 1 0 0 
0 0 0 1 0 0 1 0 
1 0 1 0 0 0 0 0 
0 0 1 0 0 0 1 0 
0 0 1 0 0 0 0 1 
1 0 0 0 1 0 0 0 
0 0 0 0 1 0 1 0 
0 0 1 0 0 0 0 1 
0 0 0 0 1 1 0 0 
0 1 0 0 1 0 0 0 
0 0 1 0 0 0 1 0 
0 0 0 0 0 0 1 1 
0 0 0 0 0 0 1 1 
0 0 0 1 0 0 1 0 
0 1 0 0 0 1 0 0 
0 0 0 0 0 1 1 0 
1 0 0 1 0 0 0 0 
1 0 1 0 0 0 0 0 
1 0 0 0 1 0 0 0 
1 0 0 0 0 1 0 0 
1 0 0 0 0 0 1 0 
1 0 0 0 0 0 0 1 
1 0 0 0 0 0 1 0 
0 0 0 1 0 0 1 0 
1 0 0 0 0 0 0 1 
0 0 1 0 0 0 1 0 
1 0 0 0 0 0 0 1 
1 1 1 1 1 1 1 1 
;
TIMETABLE BEST: 
0.0 0.0 0.0 0.0 0.0 0.0 0.0 0.0 
10 0 10 0 0 0 0 0 
10 18 18 0 0 0 0 0 
18 18 18 0 0 0 0 0 
18 18 18 18 0 0 0 0 
18 18 18 18 0 0 0 0 
18 18 18 18 0 0 0 0 
18 19 18 18 19 0 0 0 
19 19 18 18 19 0 0 0 
19 19 18 18 19 19 0 0 
19 19 18 18 19 19 0 0 
19 19 19 18 19 19 0 0 
19 19 19 18 19 19 0 0 
19 19 19 19 19 19 0 0 
19 19 19 19 19 19 0 0 
19 19 19 19 19 19 0 0 
19 19 19 19 25 19 25 0 
19 25 19 19 25 19 25 0 
25 25 19 19 25 19 25 0 
25 25 25 19 25 19 25 0 
25 25 25 25 25 19 25 0 
25 25 25 25 25 25 25 0 
25 25 25 25 25 27 25 27 
27 25 25 25 25 27 25 27 
27 25 25 25 27 27 25 27 
37 25 25 25 37 27 25 27 
37 37 25 25 37 27 25 27 
37 37 37 25 37 27 25 27 
37 37 37 37 37 27 25 27 
37 37 37 37 37 37 25 27 
37 37 37 37 37 37 37 27 
37 37 37 37 37 37 37 37 
45 37 37 37 45 37 37 37 
45 45 37 37 45 37 37 37 
45 45 45 37 45 37 37 37 
45 45 45 45 45 37 37 37 
45 45 45 45 45 45 37 37 
45 45 45 45 45 45 45 37 
45 45 45 45 45 45 45 45 
54 45 45 45 54 45 45 45 
54 54 45 45 54 45 45 45 
54 54 54 45 54 45 45 45 
54 54 54 54 54 45 45 45 
54 54 54 54 54 54 45 45 
54 54 54 54 54 54 54 45 
54 54 54 54 54 54 54 54 
63 54 54 54 63 54 54 54 
63 63 54 54 63 54 54 54 
63 63 54 63 63 54 54 54 
63 63 54 63 63 63 54 54 
67 63 54 63 63 63 67 54 
67 67 54 63 63 63 67 54 
67 67 67 63 63 63 67 54 
67 67 67 67 63 63 67 54 
67 67 67 67 67 63 67 54 
73 67 67 67 67 63 67 73 
73 67 73 67 73 63 67 73 
73 67 73 67 73 63 73 73 
74 67 73 67 73 74 73 73 
74 74 73 67 73 74 73 73 
74 74 74 67 73 74 73 73 
74 74 74 74 73 74 73 73 
74 74 74 74 74 74 73 73 
74 74 74 74 74 74 74 73 
74 74 74 74 80 80 74 73 
74 74 74 82 80 82 74 73 
74 74 74 82 80 82 82 73 
83 74 74 82 80 83 82 73 
83 74 74 82 80 83 83 73 
83 74 74 82 86 83 83 86 
83 91 74 82 86 91 83 86 
83 91 91 82 86 91 83 86 
83 91 91 91 86 91 83 86 
83 91 91 91 91 91 83 86 
93 93 91 91 91 91 83 86 
93 96 91 91 91 91 96 86 
93 96 96 91 91 91 96 86 
93 96 96 96 91 91 96 86 
93 96 96 96 96 91 96 86 
93 96 96 96 96 96 96 86 
93 96 96 96 102 102 96 86 
93 96 96 96 102 102 102 86 
93 96 96 96 102 102 102 102 
93 96 96 103 102 103 102 102 
93 96 96 103 102 103 103 102 
93 96 107 103 102 107 103 102 
93 96 107 103 102 107 107 102 
93 110 110 103 102 107 107 102 
93 110 110 110 102 107 107 102 
93 110 110 110 110 107 107 102 
93 110 110 110 110 110 107 102 
93 110 110 110 110 110 110 102 
111 111 110 110 110 110 110 102 
111 111 110 110 110 110 111 102 
111 116 110 110 116 110 111 102 
111 117 110 117 116 110 111 102 
111 117 110 117 117 117 111 102 
111 117 110 117 117 118 111 118 
121 117 110 117 117 118 121 118 
121 121 121 117 117 118 121 118 
121 121 121 117 117 118 121 118 
121 121 121 117 117 118 121 118 
121 121 121 117 121 118 121 118 
121 121 121 117 121 121 121 118 
121 121 121 124 121 121 124 118 
121 128 121 124 121 128 124 118 
121 128 128 124 121 128 124 118 
121 128 128 124 128 128 124 118 
121 128 128 124 128 128 128 118 
121 128 128 124 128 128 128 128 
134 134 128 124 128 128 128 128 
134 134 128 124 128 134 128 128 
134 134 128 124 128 134 134 128 
134 134 128 124 134 134 134 128 
134 134 136 124 134 136 134 128 
134 134 136 124 134 136 136 128 
134 141 136 124 134 141 136 128 
134 141 136 124 134 141 141 128 
134 141 141 124 134 141 141 141 
134 141 141 124 141 141 141 141 
134 141 141 124 141 141 141 141 
134 141 141 124 147 141 141 147 
149 141 149 124 147 141 141 147 
149 141 149 124 147 149 141 147 
149 149 149 124 147 149 141 147 
149 149 149 124 147 149 141 147 
149 149 149 149 147 149 141 147 
149 149 149 149 149 149 141 147 
149 149 149 149 149 149 141 147 
149 149 149 149 149 149 149 147 
149 149 149 149 149 149 149 149 
149 149 149 149 149 149 149 149 
149 149 149 149 149 149 149 149 
149 149 149 149 149 149 149 149 
149 149 155 149 155 149 149 149 
149 149 155 149 155 155 149 149 
149 157 157 149 155 155 149 149 
149 157 157 149 155 157 149 149 
149 157 162 149 162 157 149 149 
149 157 162 149 162 162 149 149 
149 157 162 149 162 162 149 162 
163 157 162 149 162 162 163 162 
163 163 162 149 162 162 163 162 
163 163 163 149 162 162 163 162 
163 163 163 163 162 162 163 162 
163 163 163 163 163 162 163 162 
163 163 163 163 163 163 163 162 
170 163 163 163 163 163 170 162 
170 170 163 163 163 163 170 162 
171 170 163 163 163 171 170 162 
171 171 163 163 163 171 170 162 
171 171 171 163 163 171 170 162 
171 171 171 163 171 171 170 162 
171 171 171 163 171 171 171 162 
171 171 171 163 171 171 171 171 
171 177 171 163 171 177 171 171 
171 177 171 163 171 177 177 171 
171 177 179 163 179 177 177 171 
181 177 181 163 179 177 177 171 
181 177 181 163 181 177 177 171 
181 177 181 163 181 177 181 171 
184 177 181 163 181 177 181 184 
184 177 181 184 184 177 181 184 
184 177 181 184 184 177 184 184 
184 177 181 184 184 177 184 184 
185 177 181 184 184 185 184 184 
186 186 181 184 184 185 184 184 
186 186 186 184 184 185 184 184 
186 186 186 186 184 185 184 184 
186 186 186 186 186 185 184 184 
186 186 186 186 186 186 184 184 
186 186 186 186 186 186 184 186 
194 194 186 186 186 186 184 186 
194 194 186 186 186 186 194 186 
194 194 186 186 186 194 194 186 
194 194 194 186 186 194 194 186 
194 194 194 194 186 194 194 186 
194 194 194 194 194 194 194 186 
194 194 194 194 194 194 194 186 
194 194 194 194 194 194 194 186 
200 194 194 194 194 194 194 200 
200 200 194 194 194 194 194 200 
200 200 200 194 194 194 194 200 
200 200 200 194 200 194 194 200 
200 200 200 194 200 200 194 200 
200 204 200 204 200 200 194 200 
200 204 200 204 200 200 204 200 
200 204 200 204 200 200 204 204 
207 207 200 204 200 200 204 204 
207 207 200 204 200 200 207 204 
207 207 200 204 200 200 207 207 
207 207 200 204 208 200 208 207 
207 207 200 204 208 200 208 208 
209 207 209 204 208 200 208 208 
209 207 209 209 208 200 208 208 
209 207 209 209 209 200 208 208 
209 207 209 209 209 209 208 208 
209 207 209 209 209 209 209 208 
215 215 209 209 209 209 209 208 
215 215 215 209 209 209 209 208 
215 215 215 209 209 209 209 215 
215 216 215 216 209 209 209 215 
215 216 216 216 209 209 209 215 
215 216 216 216 209 209 216 215 
215 216 217 216 217 209 216 215 
215 216 223 223 217 209 216 215 
215 216 223 223 223 209 216 215 
215 216 223 223 223 223 216 215 
215 216 223 223 223 223 223 215 
225 225 223 223 223 223 223 215 
225 225 223 225 223 223 223 215 
225 225 223 225 223 225 223 215 
225 225 223 225 223 225 223 225 
225 225 229 225 223 229 223 225 
231 231 229 225 223 229 223 225 
232 231 229 225 232 229 223 225 
232 232 229 232 232 229 223 225 
232 232 232 232 232 229 223 225 
232 232 232 232 232 232 223 225 
232 232 232 232 232 232 232 225 
238 232 232 232 238 232 232 225 
238 232 238 232 238 232 232 225 
238 232 239 232 238 232 232 239 
238 232 239 239 239 232 232 239 
238 232 239 239 239 232 232 239 
240 240 239 239 239 232 232 239 
240 240 239 240 239 232 232 239 
240 240 239 240 239 240 232 239 
240 240 242 240 239 240 242 239 
240 240 242 240 242 240 242 239 
246 246 242 240 242 240 242 239 
246 247 242 247 242 240 242 239 
246 248 242 247 242 248 242 239 
246 248 248 247 242 248 242 239 
246 248 248 247 242 248 248 239 
246 248 248 247 242 248 248 248 
252 248 248 247 252 248 248 248 
252 248 252 247 252 248 248 248 
252 248 252 247 252 248 248 252 
252 256 252 247 252 256 248 252 
252 256 258 247 258 256 248 252 
252 256 258 247 258 256 258 252 
259 259 258 247 258 256 258 252 
259 259 259 247 258 256 258 252 
259 259 259 247 259 256 258 252 
259 261 259 261 259 256 258 252 
259 261 259 261 264 264 258 252 
259 261 259 261 265 264 258 265 
267 261 267 261 265 264 258 265 
267 261 267 261 267 264 258 265 
267 269 267 269 267 264 258 265 
267 269 267 269 271 264 258 271 
267 269 272 269 271 272 258 271 
267 269 272 269 272 272 258 271 
267 269 274 269 272 272 274 271 
275 269 274 269 275 272 274 271 
275 277 274 269 275 277 274 271 
275 277 280 269 275 280 274 271 
275 277 280 269 275 280 280 271 
284 277 280 269 284 280 280 271 
284 277 280 269 284 284 280 271 
284 277 280 269 284 284 284 271 
284 277 280 269 285 284 284 285 
284 286 280 286 285 284 284 285 
284 286 293 286 285 293 284 285 
295 286 293 286 295 293 284 285 
299 286 293 286 295 293 284 299 
299 299 293 286 295 293 284 299 
299 299 293 286 299 293 284 299 
299 299 304 286 299 293 304 299 
299 306 304 286 306 293 304 299 
299 306 304 286 306 293 304 306 
307 306 304 286 307 293 304 306 
307 306 304 286 307 293 304 307 
317 306 304 286 307 317 304 307 
317 317 304 286 307 317 304 307 
317 317 317 286 307 317 304 307 
317 317 317 286 317 317 304 307 
317 317 317 286 317 317 304 317 
317 317 317 286 317 317 304 317 
317 317 317 320 317 320 304 317 
317 325 317 320 317 325 304 317 
326 325 317 320 317 326 304 317 
326 325 317 320 331 326 304 331 
326 325 317 320 331 340 304 340 
326 348 317 320 331 340 348 340 
352 348 317 320 331 340 348 352 
352 348 352 320 331 340 348 352 
352 348 352 320 352 340 348 352 
352 356 352 356 352 340 348 352 
352 357 352 356 352 340 357 352 
358 357 352 356 352 340 357 358 
358 357 358 356 352 340 357 358 
358 357 358 356 358 340 357 358 
358 357 358 356 358 358 357 358 
371 357 358 356 358 371 357 358 
371 357 371 356 358 371 357 358 
371 357 371 356 371 371 357 358 
371 357 371 356 371 371 357 371 
371 357 371 356 371 377 357 377 
371 386 371 386 371 377 357 377 
371 386 371 386 371 377 386 377 
390 386 371 386 371 377 386 390 
390 386 390 386 371 377 386 390 
390 386 390 386 390 377 386 390 
390 386 390 386 390 390 386 390 
390 386 390 386 396 390 386 396 
404 386 390 386 396 404 386 396 
404 386 404 386 396 404 386 396 
404 386 404 404 396 404 386 396 
404 386 404 404 404 404 386 396 
404 386 404 404 404 404 404 396 
404 386 404 404 404 404 404 404 
404 386 404 411 404 411 404 404 
404 386 404 411 404 413 413 404 
404 415 404 411 404 415 413 404 
417 415 404 411 404 415 413 417 
417 415 417 411 404 415 413 417 
417 415 417 411 417 417 413 417 
417 415 417 411 417 417 413 417 
417 415 417 411 417 417 413 417 
417 415 417 419 417 419 413 417 
417 415 417 419 417 422 422 417 
417 415 423 419 417 422 422 423 
431 415 423 419 431 422 422 423 
431 415 423 419 431 431 422 423 
431 415 423 419 431 431 422 431 
431 431 423 419 431 431 422 431 
431 431 431 419 431 431 422 431 
431 431 431 431 431 431 422 431 
431 431 431 431 431 431 422 431 
431 431 431 431 431 431 422 431 
431 431 431 431 436 431 436 431 
431 431 441 431 436 431 436 441 
431 431 441 431 441 431 436 441 
431 431 441 431 441 441 436 441 
431 431 441 442 442 441 436 441 
431 444 441 442 442 441 436 444 
445 444 441 442 442 441 436 445 
445 444 447 442 442 441 436 447 
445 444 454 442 442 441 436 454 
445 444 454 442 454 441 436 454 
445 444 454 442 454 454 436 454 
457 444 454 442 454 454 436 457 
457 462 454 442 454 462 436 457 
457 462 454 442 468 462 436 468 
470 462 454 442 468 462 436 470 
470 470 454 442 468 470 436 470 
471 470 454 442 468 470 471 470 
471 470 454 471 468 470 471 470 
471 470 454 471 468 471 471 470 
471 470 454 471 468 471 471 471 
471 470 474 471 474 471 471 471 
474 470 474 471 474 471 471 471 
474 470 474 471 474 471 474 471 
474 470 474 471 474 471 474 474 
474 478 474 471 474 478 474 474 
474 478 474 479 474 478 479 474 
484 478 484 479 474 478 479 474 
484 478 484 479 474 478 484 474 
484 478 484 479 474 478 484 484 
488 478 484 479 488 478 484 484 
488 478 484 479 488 478 488 484 
488 478 491 479 488 478 488 491 
488 478 491 479 492 492 488 491 
488 493 491 479 493 492 488 491 
488 493 497 479 493 492 497 491 
488 493 497 479 493 492 497 497 
488 493 497 479 493 492 504 504 
488 493 497 505 493 492 505 504 
488 506 497 505 493 506 505 504 
488 506 497 505 493 506 506 504 
514 506 497 514 493 506 506 504 
514 506 514 514 493 506 506 504 
514 506 514 514 514 506 506 504 
514 506 514 514 514 514 506 504 
514 506 514 514 514 514 514 504 
514 506 514 514 514 514 514 514 
523 506 514 514 514 514 523 514 
523 506 514 523 514 514 523 514 
524 506 514 523 514 514 523 524 
524 506 532 523 514 514 532 524 
537 506 532 523 514 514 532 537 
593.0 577.0 578.0 550.0 612.0 604.0 581.0 609.0 
;
EXECUTION TIME HBSS: 8933.05794406 seconds 

-------------------------------------------------------------------
