DATFILE : bwopen0_3r_1000.dat
ENVIRONMENT : bwopen
ALGORITHM : KUMAR3
RANGE : 1000
STARTING_POS : 0
N_ROBOTS : 3
KUMAR3 sumD / cardinality : 4664.0
CONFIGURATIONS :
[0, 0, 0]
[0, 4, 26]
[0, 22, 5]
[4, 8, 5]
[22, 8, 26]
[22, 13, 4]
[5, 13, 26]
[1, 17, 26]
[1, 25, 5]
[27, 25, 26]
[27, 17, 5]
[9, 17, 22]
[9, 13, 8]
[10, 17, 8]
[15, 25, 8]
[10, 25, 22]
[10, 18, 26]
[15, 18, 5]
[15, 14, 26]
[10, 14, 5]
[24, 14, 22]
[24, 18, 4]
[6, 14, 4]
[6, 18, 22]
[21, 18, 8]
[3, 14, 8]
[3, 18, 13]
[21, 14, 13]
[7, 14, 17]
[7, 18, 25]
[12, 14, 25]
[12, 18, 17]
[16, 25, 17]
[23, 25, 13]
[20, 17, 13]
[23, 17, 4]
[20, 25, 4]
[20, 18, 0]
[23, 14, 0]
[16, 15, 0]
[12, 10, 0]
[16, 10, 4]
[12, 15, 4]
[7, 15, 22]
[7, 10, 13]
[7, 24, 8]
[7, 9, 4]
[21, 9, 26]
[3, 9, 5]
[3, 24, 26]
[21, 24, 5]
[7, 6, 5]
[7, 11, 26]
[21, 11, 4]
[3, 11, 22]
[2, 11, 5]
[2, 6, 26]
[2, 21, 22]
[2, 3, 4]
[2, 7, 0]
[6, 21, 0]
[6, 3, 1]
[21, 3, 27]
[21, 7, 1]
[11, 12, 1]
[11, 16, 27]
[11, 23, 9]
[11, 20, 10]
[11, 19, 15]
[6, 19, 10]
[6, 20, 15]
[21, 23, 15]
[3, 23, 10]
[2, 23, 24]
[2, 20, 9]
[2, 19, 27]
[24, 20, 27]
[6, 23, 27]
[6, 16, 9]
[24, 12, 9]
[24, 16, 1]
[22, 23, 1]
[8, 20, 1]
[13, 19, 1]
[17, 19, 0]
[13, 11, 0]
[25, 24, 0]
[18, 9, 1]
[14, 9, 27]
[15, 10, 27]
[15, 2, 1]
[18, 2, 14]
[17, 24, 15]
[17, 6, 11]
[13, 6, 24]
[13, 12, 2]
[8, 16, 2]
[8, 12, 6]
[22, 12, 27]
[26, 12, 19]
[5, 16, 19]
[26, 16, 20]
[5, 12, 20]
[22, 19, 20]
[8, 19, 23]
[18, 16, 23]
[20, 7, 23]
[16, 7, 12]
[19, 3, 7]
[19, 21, 25]
[27, 1, 4]
[27, 0, 8]
[9, 0, 25]
[1, 0, 14]
[3, 0, 15]
[21, 1, 10]
[24, 2, 10]
[6, 2, 25]
[21, 2, 17]
[7, 27, 13]
[11, 27, 18]
[11, 24, 14]
[19, 24, 14]
[19, 9, 18]
[10, 9, 15]
[11, 8, 25]
[3, 17, 25]
[3, 20, 14]
[3, 16, 14]
[21, 16, 13]
[21, 12, 20]
[3, 12, 23]
[26, 5, 23]
[22, 5, 16]
[4, 5, 19]
[13, 5, 15]
[0, 0, 0]
;

EXECUTION TIME KUMAR3: 49.2526860237 seconds

-------------------------------------------------------------------
DATFILE : bwopen0_3r_1000.dat
ENVIRONMENT : bwopen
ALGORITHM : KUMAR3
RANGE : 1000
STARTING_POS : 0
N_ROBOTS : 3
KUMAR3 sumD / heuristic : 4664.0
CONFIGURATIONS :
[0, 0, 0]
[0, 4, 26]
[0, 22, 5]
[4, 8, 5]
[22, 8, 26]
[22, 13, 4]
[5, 13, 26]
[1, 17, 26]
[1, 25, 5]
[27, 25, 26]
[27, 17, 5]
[9, 17, 22]
[9, 13, 8]
[10, 17, 8]
[15, 25, 8]
[10, 25, 22]
[10, 18, 26]
[15, 18, 5]
[15, 14, 26]
[10, 14, 5]
[24, 14, 22]
[24, 18, 4]
[6, 14, 4]
[6, 18, 22]
[21, 18, 8]
[3, 14, 8]
[3, 18, 13]
[21, 14, 13]
[7, 14, 17]
[7, 18, 25]
[12, 14, 25]
[12, 18, 17]
[16, 25, 17]
[23, 25, 13]
[20, 17, 13]
[23, 17, 4]
[20, 25, 4]
[20, 18, 0]
[23, 14, 0]
[16, 15, 0]
[12, 10, 0]
[16, 10, 4]
[12, 15, 4]
[7, 15, 22]
[7, 10, 13]
[7, 24, 8]
[7, 9, 4]
[21, 9, 26]
[3, 9, 5]
[3, 24, 26]
[21, 24, 5]
[7, 6, 5]
[7, 11, 26]
[21, 11, 4]
[3, 11, 22]
[2, 11, 5]
[2, 6, 26]
[2, 21, 22]
[2, 3, 4]
[2, 7, 0]
[6, 21, 0]
[6, 3, 1]
[21, 3, 27]
[21, 7, 1]
[11, 12, 1]
[11, 16, 27]
[11, 23, 9]
[11, 20, 10]
[11, 19, 15]
[6, 19, 10]
[6, 20, 15]
[21, 23, 15]
[3, 23, 10]
[2, 23, 24]
[2, 20, 9]
[2, 19, 27]
[24, 20, 27]
[6, 23, 27]
[6, 16, 9]
[24, 12, 9]
[24, 16, 1]
[22, 23, 1]
[8, 20, 1]
[13, 19, 1]
[17, 19, 0]
[13, 11, 0]
[25, 24, 0]
[18, 9, 1]
[14, 9, 27]
[15, 10, 27]
[15, 2, 1]
[18, 2, 14]
[17, 24, 15]
[17, 6, 11]
[13, 6, 24]
[13, 12, 2]
[8, 16, 2]
[8, 12, 6]
[22, 12, 27]
[26, 12, 19]
[5, 16, 19]
[26, 16, 20]
[5, 12, 20]
[22, 19, 20]
[8, 19, 23]
[18, 16, 23]
[20, 7, 23]
[16, 7, 12]
[19, 3, 7]
[19, 21, 25]
[27, 1, 4]
[27, 0, 8]
[9, 0, 25]
[1, 0, 14]
[3, 0, 15]
[21, 1, 10]
[24, 2, 10]
[6, 2, 25]
[21, 2, 17]
[7, 27, 13]
[11, 27, 18]
[11, 24, 14]
[19, 24, 14]
[19, 9, 18]
[10, 9, 15]
[11, 8, 25]
[3, 17, 25]
[3, 20, 14]
[3, 16, 14]
[21, 16, 13]
[21, 12, 20]
[3, 12, 23]
[26, 5, 23]
[22, 5, 16]
[4, 5, 19]
[13, 5, 15]
[0, 0, 0]
;

EXECUTION TIME KUMAR3: 52.6393480301 seconds

-------------------------------------------------------------------
DATFILE : bwopen0_3r_1000.dat
ENVIRONMENT : bwopen
ALGORITHM : KUMAR3
RANGE : 1000
STARTING_POS : 0
N_ROBOTS : 3
KUMAR3 sumD / objective : 4358.0
CONFIGURATIONS :
[0, 0, 0]
[0, 4, 26]
[0, 4, 5]
[0, 26, 5]
[0, 22, 5]
[0, 22, 26]
[0, 22, 4]
[0, 8, 4]
[0, 8, 26]
[0, 8, 5]
[0, 8, 22]
[0, 13, 22]
[0, 17, 22]
[0, 17, 26]
[0, 17, 5]
[0, 13, 5]
[0, 13, 26]
[0, 13, 4]
[0, 17, 4]
[0, 25, 4]
[0, 25, 26]
[0, 25, 5]
[0, 25, 22]
[0, 25, 8]
[0, 17, 8]
[0, 13, 8]
[1, 13, 8]
[1, 17, 8]
[1, 25, 8]
[1, 25, 22]
[1, 25, 26]
[1, 25, 5]
[1, 18, 5]
[1, 18, 26]
[1, 14, 26]
[1, 14, 5]
[1, 14, 22]
[1, 18, 22]
[1, 18, 4]
[1, 14, 4]
[1, 15, 4]
[1, 10, 4]
[1, 10, 26]
[1, 10, 5]
[1, 15, 5]
[1, 15, 26]
[1, 15, 22]
[1, 10, 22]
[1, 10, 8]
[1, 15, 8]
[1, 14, 8]
[1, 18, 8]
[1, 18, 13]
[1, 14, 13]
[1, 14, 17]
[1, 18, 17]
[1, 18, 25]
[1, 14, 25]
[1, 15, 25]
[1, 10, 25]
[1, 10, 17]
[1, 10, 13]
[1, 15, 13]
[1, 15, 17]
[27, 15, 17]
[27, 10, 17]
[27, 10, 13]
[27, 24, 13]
[27, 24, 17]
[27, 24, 25]
[27, 6, 25]
[27, 21, 25]
[27, 21, 17]
[27, 21, 13]
[27, 3, 13]
[27, 3, 17]
[27, 3, 25]
[27, 3, 18]
[27, 3, 14]
[27, 21, 14]
[27, 21, 18]
[27, 6, 18]
[27, 6, 14]
[27, 24, 14]
[27, 24, 18]
[27, 10, 18]
[27, 15, 18]
[27, 15, 14]
[27, 10, 14]
[27, 10, 15]
[27, 24, 15]
[27, 24, 10]
[27, 6, 10]
[27, 6, 15]
[27, 21, 15]
[27, 21, 10]
[27, 3, 10]
[27, 3, 15]
[1, 3, 15]
[1, 21, 15]
[1, 6, 15]
[1, 24, 15]
[1, 9, 15]
[1, 9, 10]
[1, 9, 24]
[1, 9, 6]
[1, 9, 21]
[1, 9, 3]
[1, 24, 3]
[1, 24, 21]
[1, 24, 6]
[1, 24, 11]
[1, 6, 11]
[1, 21, 11]
[1, 3, 11]
[27, 3, 11]
[9, 3, 11]
[10, 3, 11]
[15, 3, 11]
[14, 3, 11]
[18, 3, 11]
[25, 3, 11]
[17, 3, 11]
[13, 3, 11]
[8, 3, 11]
[22, 3, 11]
[26, 3, 11]
[5, 3, 11]
[5, 21, 11]
[26, 21, 11]
[4, 21, 11]
[4, 3, 11]
[0, 3, 11]
[0, 21, 11]
[0, 6, 11]
[0, 24, 11]
[0, 10, 11]
[0, 15, 11]
[0, 14, 11]
[0, 18, 11]
[0, 19, 11]
[0, 20, 11]
[0, 23, 11]
[0, 16, 11]
[0, 12, 11]
[4, 12, 11]
[26, 12, 11]
[5, 12, 11]
[5, 16, 11]
[26, 16, 11]
[4, 16, 11]
[4, 23, 11]
[4, 20, 11]
[26, 20, 11]
[5, 20, 11]
[5, 23, 11]
[26, 23, 11]
[22, 23, 11]
[22, 20, 11]
[8, 20, 11]
[8, 23, 11]
[8, 16, 11]
[8, 12, 11]
[22, 12, 11]
[22, 16, 11]
[22, 16, 6]
[26, 16, 6]
[5, 16, 6]
[5, 12, 6]
[5, 12, 21]
[5, 16, 21]
[5, 23, 21]
[5, 20, 21]
[5, 20, 3]
[5, 23, 3]
[5, 16, 3]
[5, 12, 3]
[5, 12, 7]
[26, 12, 7]
[4, 12, 7]
[4, 16, 7]
[4, 23, 7]
[4, 20, 7]
[22, 20, 7]
[8, 20, 7]
[8, 20, 21]
[8, 20, 6]
[8, 23, 6]
[13, 23, 6]
[13, 20, 6]
[17, 20, 6]
[17, 23, 6]
[17, 16, 6]
[13, 16, 6]
[13, 12, 6]
[17, 12, 6]
[25, 12, 6]
[25, 16, 6]
[25, 23, 6]
[25, 20, 6]
[18, 20, 6]
[18, 23, 6]
[14, 23, 6]
[14, 20, 6]
[15, 20, 6]
[15, 23, 6]
[10, 23, 6]
[10, 20, 6]
[24, 20, 6]
[24, 23, 6]
[24, 16, 6]
[24, 12, 6]
[10, 12, 6]
[15, 12, 6]
[15, 16, 6]
[10, 16, 6]
[9, 16, 6]
[9, 12, 6]
[27, 12, 6]
[27, 16, 6]
[27, 23, 6]
[27, 20, 6]
[27, 19, 6]
[27, 19, 21]
[27, 19, 3]
[1, 19, 3]
[1, 20, 3]
[1, 23, 3]
[1, 16, 3]
[1, 12, 3]
[1, 12, 7]
[27, 12, 7]
[9, 12, 7]
[10, 12, 7]
[15, 12, 7]
[14, 12, 7]
[18, 12, 7]
[18, 16, 7]
[14, 16, 7]
[25, 16, 7]
[17, 16, 7]
[13, 16, 7]
[13, 16, 12]
[13, 23, 12]
[13, 20, 12]
[13, 20, 16]
[13, 23, 16]
[13, 20, 23]
[13, 19, 23]
[13, 19, 20]
[17, 19, 20]
[25, 19, 20]
[18, 19, 20]
[14, 19, 20]
[15, 19, 20]
[10, 19, 20]
[24, 19, 20]
[9, 19, 20]
[9, 19, 23]
[9, 19, 16]
[9, 19, 12]
[9, 19, 7]
[24, 19, 7]
[6, 19, 7]
[6, 19, 21]
[6, 19, 3]
[21, 19, 3]
[7, 19, 3]
[7, 19, 21]
[7, 19, 11]
[7, 19, 2]
[21, 19, 2]
[3, 19, 2]
[3, 20, 2]
[3, 23, 2]
[3, 16, 2]
[3, 12, 2]
[6, 12, 2]
[24, 12, 2]
[10, 12, 2]
[15, 12, 2]
[14, 12, 2]
[18, 12, 2]
[25, 12, 2]
[17, 12, 2]
[13, 12, 2]
[8, 12, 2]
[22, 12, 2]
[26, 12, 2]
[5, 12, 2]
[4, 12, 2]
[0, 12, 2]
[1, 12, 2]
[27, 12, 2]
[9, 12, 2]
[9, 12, 27]
[9, 12, 5]
[9, 12, 26]
[9, 12, 4]
[9, 12, 22]
[9, 12, 8]
[9, 12, 13]
[9, 12, 17]
[9, 12, 25]
[9, 12, 18]
[9, 12, 14]
[18, 12, 14]
[17, 12, 25]
[13, 12, 25]
[13, 12, 17]
[8, 12, 19]
[22, 12, 19]
[26, 12, 19]
[5, 12, 19]
[4, 12, 19]
[0, 7, 19]
[4, 6, 19]
[4, 24, 19]
[26, 24, 19]
[5, 24, 19]
[22, 24, 19]
[8, 24, 19]
[8, 27, 19]
[22, 27, 19]
[26, 27, 19]
[5, 27, 19]
[4, 27, 19]
[0, 27, 19]
[0, 1, 19]
[0, 9, 19]
[1, 27, 19]
[1, 2, 11]
[22, 2, 21]
[0, 0, 0]
;

EXECUTION TIME KUMAR3: 128.767908096 seconds

-------------------------------------------------------------------
MAP: bwopen0_
DATE: 2017-10-24_13-09-32
