DATFILE : bwopen0_7r_1000.dat
ENVIRONMENT : bwopen
ALGORITHM : HBSS - TAU 9
RANGE : 1000
STARTING_POS : 0
N_ROBOTS : 7
GREEDY SOLUTION : 857.0
COMPUTATIONS T :
857.0
854.0
857.0
857.0
857.0
799.0
774.0
857.0
759.0
857.0
857.0
857.0
857.0
861.0
857.0
834.0
842.0
857.0
857.0
823.0
857.0
857.0
857.0
857.0
822.0
857.0
857.0
857.0
857.0
857.0
857.0
857.0
857.0
857.0
857.0
857.0
857.0
857.0
857.0
848.0
857.0
857.0
857.0
857.0
857.0
857.0
857.0
860.0
857.0
857.0
857.0
857.0
857.0
857.0
783.0
857.0
857.0
804.0
789.0
857.0
857.0
859.0
857.0
857.0
857.0
857.0
836.0
857.0
857.0
857.0
857.0
873.0
857.0
857.0
857.0
857.0
857.0
799.0
857.0
857.0
857.0
857.0
857.0
857.0
859.0
857.0
857.0
857.0
857.0
857.0
844.0
799.0
857.0
857.0
857.0
857.0
857.0
836.0
857.0
857.0
857.0
834.0
857.0
857.0
857.0
857.0
857.0
857.0
857.0
759.0
857.0
857.0
881.0
857.0
857.0
857.0
857.0
857.0
857.0
857.0
857.0
859.0
857.0
808.0
857.0
857.0
857.0
857.0
857.0
857.0
857.0
857.0
857.0
881.0
857.0
857.0
857.0
857.0
857.0
857.0
857.0
857.0
857.0
857.0
857.0
821.0
857.0
857.0
854.0
860.0
825.0
857.0
836.0
802.0
857.0
857.0
857.0
857.0
876.0
857.0
857.0
857.0
857.0
857.0
857.0
805.0
857.0
857.0
857.0
857.0
857.0
857.0
857.0
864.0
857.0
857.0
758.0
857.0
857.0
834.0
865.0
857.0
857.0
854.0
857.0
857.0
857.0
857.0
857.0
857.0
857.0
857.0
857.0
857.0
857.0
857.0
888.0
857.0
860.0
857.0
;
HBBS bestT : 758.0
BEST_CONFIGURATIONS : 
0 0 0 0 0 0 0 
0 4 0 0 0 0 0 
0 4 26 0 0 0 0 
0 4 26 0 0 0 0 
0 4 26 1 0 0 0 
0 4 26 1 0 0 0 
0 4 26 1 0 0 0 
0 4 26 1 5 0 0 
0 4 26 1 5 22 0 
0 4 26 1 5 22 0 
0 4 26 1 5 22 0 
0 4 26 1 5 22 0 
0 4 26 1 5 22 0 
0 4 26 1 5 22 0 
0 4 26 1 5 22 0 
0 4 26 1 5 22 0 
0 4 26 1 5 22 8 
0 4 26 1 5 22 8 
0 4 26 1 5 22 8 
0 4 26 1 5 22 8 
0 4 26 1 5 22 8 
0 4 26 1 5 22 8 
0 4 26 1 5 22 13 
0 4 26 1 5 22 13 
0 4 5 1 5 22 13 
0 4 5 1 5 22 13 
0 4 5 1 22 22 13 
0 4 5 1 22 8 13 
0 4 26 1 22 8 13 
0 4 26 27 22 8 13 
0 4 26 27 22 8 13 
0 4 26 27 22 8 13 
0 4 26 27 5 8 13 
0 4 26 27 5 8 13 
0 4 26 27 5 8 13 
0 4 26 27 5 8 17 
0 4 26 27 5 8 17 
0 4 22 27 5 8 17 
0 4 22 27 5 8 17 
0 4 22 27 5 8 17 
0 4 22 27 5 8 17 
0 4 22 27 5 8 17 
0 4 22 27 26 8 17 
0 4 22 27 26 13 17 
0 4 22 9 26 13 17 
0 4 22 9 26 13 17 
0 4 5 9 26 13 17 
0 4 5 9 26 13 17 
0 4 5 9 26 13 17 
0 4 5 9 26 13 17 
0 4 5 9 22 13 17 
0 4 5 9 22 13 25 
0 4 5 9 22 13 25 
0 4 5 9 22 13 25 
0 4 5 9 22 13 25 
0 4 5 9 22 13 25 
0 4 5 9 22 13 25 
0 4 26 9 22 13 25 
0 4 26 9 22 17 25 
0 4 26 9 8 17 25 
0 4 26 9 8 17 25 
1 4 26 9 8 17 25 
1 4 26 9 8 17 25 
1 4 26 9 8 17 25 
1 4 26 9 8 17 18 
1 1 27 9 8 17 18 
1 1 27 9 8 17 18 
1 1 27 9 8 25 18 
1 1 27 9 8 25 18 
1 1 27 9 8 25 18 
1 1 27 9 4 25 18 
1 1 27 9 4 25 18 
1 1 27 9 4 25 14 
1 1 27 9 4 25 14 
1 1 27 9 4 25 14 
1 1 27 9 4 25 14 
1 1 27 9 4 25 14 
1 0 27 9 4 25 14 
1 0 27 9 26 25 14 
1 0 27 9 26 17 14 
1 0 27 10 26 17 14 
1 0 27 10 26 17 14 
1 0 27 10 26 17 14 
1 0 27 10 26 17 14 
1 0 27 10 26 17 14 
1 0 27 10 26 17 14 
1 0 27 10 5 17 14 
1 0 27 10 5 17 14 
1 0 27 10 5 13 14 
1 0 27 10 5 13 14 
1 4 27 10 5 13 14 
1 4 9 10 5 13 14 
2 4 9 10 5 13 14 
2 4 9 10 5 13 14 
2 4 9 10 5 13 14 
2 4 9 10 5 13 14 
2 4 9 10 5 13 14 
2 4 9 10 5 13 14 
2 4 9 10 26 13 14 
2 4 9 15 26 13 14 
2 4 9 15 26 17 14 
2 4 9 15 26 17 18 
2 4 9 15 26 17 18 
2 4 9 15 26 17 18 
2 4 9 15 26 17 18 
2 4 9 15 26 17 18 
2 4 9 15 26 17 18 
2 4 9 15 26 17 18 
2 4 9 15 26 17 18 
2 4 9 15 5 17 18 
2 4 9 15 5 17 18 
2 4 9 15 5 13 18 
2 4 9 15 5 13 18 
2 22 9 15 5 13 18 
2 22 9 15 5 13 18 
2 22 9 15 5 13 18 
2 22 10 15 5 13 18 
2 22 10 15 5 13 18 
2 22 10 15 5 13 18 
2 22 10 15 5 8 18 
2 22 10 15 5 8 18 
2 22 10 15 5 8 18 
2 22 10 15 5 8 18 
2 22 10 15 1 8 18 
2 22 10 15 1 8 18 
2 8 10 15 1 8 14 
2 8 15 15 1 8 14 
2 8 15 15 1 22 14 
2 8 15 15 27 22 14 
2 8 15 15 27 22 14 
2 8 15 14 27 22 18 
6 4 15 14 27 22 18 
6 4 14 14 27 22 18 
6 4 14 15 27 22 18 
6 4 14 15 1 22 18 
6 4 14 15 1 0 18 
6 4 14 15 1 0 18 
6 4 14 15 1 0 18 
6 4 14 15 1 0 18 
6 26 14 15 1 0 18 
6 26 14 10 1 0 18 
6 26 14 10 1 0 25 
6 26 15 10 1 0 25 
6 26 15 10 1 0 25 
6 26 15 10 27 0 25 
6 5 15 10 27 0 25 
6 5 15 10 27 22 25 
6 5 15 10 27 22 17 
6 5 15 24 27 22 17 
6 5 15 24 27 22 17 
6 5 10 24 27 22 17 
6 5 10 24 27 22 17 
6 5 10 24 27 22 17 
6 5 10 24 27 22 17 
6 26 10 24 27 22 17 
6 26 10 24 27 22 13 
6 26 15 24 27 22 13 
6 26 15 24 27 22 13 
6 26 15 24 27 8 13 
6 26 15 24 27 8 13 
6 26 15 24 9 8 13 
6 26 15 24 9 8 13 
6 4 15 24 9 8 13 
6 4 14 24 9 8 13 
6 4 14 24 9 8 25 
21 4 14 24 9 8 25 
21 4 14 24 9 8 25 
21 4 14 24 9 8 25 
21 4 14 24 9 8 25 
21 4 14 24 9 8 25 
21 4 14 24 9 8 25 
21 26 14 24 9 8 25 
21 26 18 24 9 8 25 
21 26 18 24 9 8 25 
21 26 18 24 9 22 25 
21 26 18 24 9 22 17 
21 26 18 24 10 22 17 
21 5 18 24 10 22 17 
21 5 18 24 10 22 13 
21 5 18 6 10 22 13 
21 5 18 6 15 22 13 
21 5 19 6 15 22 13 
21 5 19 6 15 22 13 
21 5 19 6 15 22 13 
21 5 19 6 15 22 13 
21 5 19 6 15 4 13 
21 5 19 6 15 4 13 
21 26 19 6 15 4 13 
21 26 19 6 10 4 13 
21 26 19 6 10 4 17 
3 26 19 6 10 4 17 
3 26 19 6 10 4 17 
3 26 19 6 10 4 17 
3 26 19 6 10 4 17 
3 26 19 6 10 4 17 
3 26 19 6 10 4 17 
3 5 19 6 10 4 17 
3 5 19 6 15 4 17 
3 5 19 6 15 4 13 
3 5 19 21 15 4 13 
3 5 19 21 15 22 13 
3 5 19 21 15 22 13 
3 5 19 7 15 22 13 
3 5 19 7 14 22 13 
3 5 19 7 14 8 13 
3 5 19 7 14 8 25 
3 4 19 7 14 8 25 
3 4 19 7 14 8 25 
3 4 19 7 14 8 25 
3 4 19 7 14 8 25 
3 4 19 7 14 8 25 
3 4 19 7 14 8 25 
3 4 19 7 14 8 25 
3 4 19 7 14 8 25 
3 4 19 7 18 8 25 
3 26 19 7 18 8 25 
3 26 19 7 18 8 25 
3 26 19 7 18 8 25 
3 26 19 7 18 22 25 
3 26 19 7 18 22 17 
3 5 19 7 18 22 17 
21 5 19 7 18 22 17 
21 5 19 7 18 22 13 
21 5 20 7 18 22 13 
21 5 20 7 18 22 13 
21 5 20 7 18 22 13 
21 5 20 7 14 22 13 
21 5 20 7 14 4 13 
21 5 20 7 14 4 13 
21 26 20 7 14 4 13 
21 26 20 7 18 4 13 
21 26 20 7 18 4 17 
3 26 20 7 18 4 17 
3 26 20 7 18 22 17 
3 26 20 12 18 22 17 
3 5 20 12 18 22 17 
3 5 20 12 18 22 17 
3 5 20 12 18 22 17 
3 5 20 12 18 22 17 
3 5 20 12 18 22 17 
3 26 20 12 18 22 17 
3 26 23 12 18 22 17 
3 26 23 12 18 22 17 
3 26 23 12 18 22 17 
3 26 23 12 18 22 17 
3 26 23 12 18 22 17 
3 26 23 12 18 22 17 
3 5 23 12 18 22 17 
3 5 23 16 18 22 17 
3 5 23 16 18 22 17 
3 5 23 16 18 22 17 
3 5 23 16 14 22 17 
3 5 23 16 14 22 13 
3 5 23 16 14 22 13 
3 5 23 16 14 22 13 
3 5 23 16 14 22 13 
3 26 23 16 14 22 13 
3 26 20 16 14 22 13 
3 26 20 16 18 22 13 
3 26 20 16 18 22 17 
21 26 20 16 18 22 17 
21 26 20 16 18 8 17 
21 26 20 16 18 8 17 
21 4 20 16 18 8 17 
21 4 23 16 18 8 17 
21 4 23 16 18 8 17 
21 4 23 16 18 8 17 
21 4 23 16 18 8 25 
21 4 23 16 18 8 25 
21 4 23 16 15 8 25 
21 4 23 16 15 8 25 
6 4 23 16 15 8 25 
6 4 23 16 15 8 25 
6 0 23 16 15 8 25 
6 0 23 16 15 8 25 
6 0 23 16 10 8 25 
6 0 23 16 10 8 25 
21 0 23 16 10 8 25 
21 0 20 16 10 8 25 
21 0 20 16 10 8 25 
21 0 20 16 10 25 25 
21 0 20 16 10 25 15 
21 0 20 12 10 25 15 
21 0 20 12 10 25 15 
21 0 20 12 10 25 15 
21 0 20 12 10 25 15 
21 0 20 12 10 25 15 
3 0 20 12 10 25 15 
3 0 19 12 10 25 15 
3 0 19 12 10 25 15 
3 0 19 12 24 25 15 
3 0 19 12 24 25 15 
3 0 19 12 24 25 15 
3 0 19 12 24 25 15 
3 0 19 12 24 13 15 
3 0 19 12 24 13 14 
3 0 19 16 24 13 14 
3 0 19 16 24 13 14 
7 0 19 16 24 13 14 
7 0 19 16 24 13 14 
7 0 19 16 24 13 14 
7 0 19 16 24 13 9 
7 0 19 16 24 13 9 
7 0 19 16 24 13 9 
7 0 19 12 24 13 9 
7 0 19 12 24 4 9 
7 0 19 12 24 4 9 
7 0 19 12 6 4 9 
7 0 20 12 6 4 9 
7 0 20 12 6 4 9 
7 0 20 12 6 4 9 
7 1 20 12 6 4 9 
7 1 20 12 6 4 9 
7 1 20 12 6 4 9 
7 1 20 12 21 4 9 
7 1 20 12 21 8 9 
7 1 20 12 21 8 10 
7 1 23 12 21 8 10 
7 1 23 12 21 8 10 
7 1 23 16 21 8 10 
7 1 23 16 3 8 10 
7 1 23 16 3 8 15 
7 1 16 12 3 8 15 
7 27 16 12 3 8 15 
7 27 16 12 3 8 15 
7 27 16 12 3 8 15 
7 27 16 12 3 8 15 
7 27 16 12 3 9 15 
7 27 16 12 3 9 19 
7 27 23 12 3 9 19 
7 27 23 12 3 9 19 
7 27 23 12 3 9 19 
21 27 23 12 3 9 19 
21 27 20 12 3 9 19 
21 27 20 12 3 9 19 
21 27 20 23 3 9 19 
21 27 20 23 3 24 19 
21 27 20 23 3 24 19 
3 27 20 23 2 24 19 
3 27 20 23 2 24 19 
3 27 20 23 2 24 19 
3 27 20 23 2 24 19 
3 27 20 23 2 24 19 
3 1 20 23 2 24 19 
3 1 20 23 2 24 19 
3 1 20 16 2 24 19 
21 1 20 16 2 24 19 
21 1 20 12 2 24 19 
21 1 20 12 2 6 19 
7 1 20 12 2 6 19 
7 0 20 12 2 6 19 
7 0 11 12 2 6 19 
7 0 11 12 2 6 19 
7 0 11 12 2 6 19 
7 0 11 12 2 6 19 
7 0 11 12 2 6 19 
7 0 11 12 2 6 15 
7 0 11 16 2 6 15 
7 0 11 16 2 6 10 
21 0 11 16 2 6 10 
21 0 11 16 2 24 10 
21 4 11 16 2 24 10 
21 4 11 16 27 24 10 
21 4 11 23 27 24 10 
3 4 11 23 27 24 10 
3 26 11 23 27 24 10 
3 26 11 23 27 24 9 
3 26 11 20 27 24 9 
3 5 11 20 27 24 9 
3 5 11 20 1 24 9 
3 5 11 20 1 24 14 
3 5 11 19 1 24 14 
3 22 11 19 1 24 14 
3 22 11 19 1 24 18 
11 8 11 19 1 24 18 
11 8 11 19 1 25 18 
11 8 11 19 2 25 18 
11 8 11 19 2 25 17 
11 13 11 19 2 25 17 
0 0 0 0 0 0 0 
;
ROBOT MOVING BEST:
0 0 0 0 0 0 0 
1 1 0 0 0 0 0 
1 0 1 0 0 0 0 
0 1 1 0 0 0 0 
1 0 0 1 0 0 0 
0 1 0 1 0 0 0 
0 0 1 1 0 0 0 
1 0 0 0 1 0 0 
1 0 0 0 0 1 0 
0 1 0 0 1 0 0 
0 1 0 0 0 1 0 
0 0 1 0 1 0 0 
0 0 1 0 0 1 0 
0 0 0 1 1 0 0 
0 0 0 1 0 1 0 
0 0 0 0 1 1 0 
1 0 0 0 0 0 1 
0 1 0 0 0 0 1 
0 0 1 0 0 0 1 
0 0 0 1 0 0 1 
0 0 0 0 1 0 1 
0 0 0 0 0 1 1 
1 0 0 0 0 0 1 
0 1 0 0 0 0 1 
0 0 1 0 0 0 1 
0 0 0 1 0 0 1 
0 0 0 0 1 0 1 
0 0 0 0 0 1 1 
0 0 1 0 0 0 1 
1 0 0 1 0 0 0 
0 1 0 1 0 0 0 
0 0 1 1 0 0 0 
0 0 0 1 1 0 0 
0 0 0 1 0 1 0 
0 0 0 1 0 0 1 
1 0 0 0 0 0 1 
0 1 0 0 0 0 1 
0 0 1 1 0 0 0 
0 0 1 0 0 0 1 
0 0 0 1 0 0 1 
0 0 0 0 1 0 1 
0 0 0 0 0 1 1 
0 0 0 0 1 0 1 
0 0 0 0 0 1 1 
1 0 0 1 0 0 0 
0 1 0 1 0 0 0 
0 0 1 1 0 0 0 
0 0 0 1 1 0 0 
0 0 0 1 0 1 0 
0 0 0 1 0 0 1 
0 0 0 1 1 0 0 
1 0 0 0 0 0 1 
0 1 0 0 0 0 1 
0 0 1 0 0 0 1 
0 0 0 1 0 0 1 
0 0 0 0 1 0 1 
0 0 0 0 0 1 1 
0 0 1 0 0 0 1 
0 0 0 0 0 1 1 
0 0 0 1 1 0 0 
0 0 0 0 1 0 1 
1 0 0 1 0 0 0 
1 0 0 0 0 1 0 
1 0 0 0 0 0 1 
1 0 0 0 0 0 1 
0 1 1 0 0 0 0 
0 0 1 1 0 0 0 
0 0 1 0 0 1 0 
0 0 1 0 0 0 1 
0 0 0 1 0 0 1 
0 0 0 0 1 0 1 
0 0 0 0 0 1 1 
1 0 0 0 0 0 1 
0 0 1 0 0 0 1 
0 0 0 1 0 0 1 
0 0 0 0 1 0 1 
0 0 0 0 0 1 1 
0 1 0 0 0 0 1 
0 0 0 0 1 0 1 
0 0 0 0 0 1 1 
1 0 0 1 0 0 0 
0 1 0 1 0 0 0 
0 0 1 1 0 0 0 
0 0 0 1 1 0 0 
0 0 0 1 0 1 0 
0 0 0 1 0 0 1 
0 0 0 1 1 0 0 
0 0 0 0 1 0 1 
0 0 0 1 0 1 0 
0 0 0 0 0 1 1 
0 1 0 1 0 0 0 
0 0 1 1 0 0 0 
1 1 0 0 0 0 0 
1 0 1 0 0 0 0 
1 0 0 1 0 0 0 
1 0 0 0 1 0 0 
1 0 0 0 0 1 0 
1 0 0 0 0 0 1 
1 0 0 0 1 0 0 
1 0 0 1 0 0 0 
1 0 0 0 0 1 0 
1 0 0 0 0 0 1 
0 1 0 1 0 0 0 
0 0 1 1 0 0 0 
0 0 0 1 1 0 0 
0 0 0 1 0 1 0 
0 0 0 1 0 0 1 
0 0 0 0 1 0 1 
0 0 0 0 0 1 1 
0 0 0 1 1 0 0 
0 0 0 0 1 0 1 
0 0 0 1 0 1 0 
0 0 0 0 0 1 1 
1 1 0 0 0 0 0 
0 1 0 1 0 0 0 
0 1 0 0 0 0 1 
0 1 1 0 0 0 0 
0 0 1 1 0 0 0 
0 0 1 0 0 0 1 
1 0 0 0 0 1 0 
0 0 1 0 0 1 0 
0 0 0 1 0 1 0 
0 0 0 0 0 1 1 
1 0 0 0 1 0 0 
0 0 0 1 1 0 0 
0 1 0 0 0 0 1 
0 0 1 0 0 0 1 
0 0 0 0 0 1 1 
1 0 0 0 1 0 0 
0 0 1 0 1 0 0 
0 0 0 1 0 0 1 
1 1 0 0 0 0 0 
1 0 1 0 0 0 0 
1 0 0 1 0 0 0 
1 0 0 0 1 0 0 
1 0 0 0 0 1 0 
1 0 0 0 0 0 1 
0 0 0 1 0 1 0 
0 0 0 0 0 1 1 
1 1 0 0 0 0 0 
1 0 0 1 0 0 0 
1 0 0 0 0 0 1 
0 0 1 0 0 0 1 
0 0 0 1 0 0 1 
1 0 0 0 1 0 0 
1 1 0 0 0 0 0 
1 0 0 0 0 1 0 
1 0 0 0 0 0 1 
1 0 0 1 0 0 0 
0 1 0 1 0 0 0 
0 0 1 1 0 0 0 
0 0 0 1 1 0 0 
0 0 0 1 0 1 0 
0 0 0 1 0 0 1 
0 1 0 1 0 0 0 
1 0 0 0 0 0 1 
0 0 1 1 0 0 0 
0 0 0 1 0 0 1 
1 0 0 0 0 1 0 
0 0 0 1 0 1 0 
1 0 0 0 1 0 0 
0 0 0 1 1 0 0 
0 1 0 1 0 0 0 
0 0 1 1 0 0 0 
0 0 0 1 0 0 1 
1 1 0 0 0 0 0 
1 0 1 0 0 0 0 
1 0 0 1 0 0 0 
1 0 0 0 1 0 0 
1 0 0 0 0 1 0 
1 0 0 0 0 0 1 
1 1 0 0 0 0 0 
1 0 1 0 0 0 0 
0 0 1 1 0 0 0 
1 0 0 0 0 1 0 
1 0 0 0 0 0 1 
1 0 0 0 1 0 0 
1 1 0 0 0 0 0 
1 0 0 0 0 0 1 
1 0 0 1 0 0 0 
1 0 0 0 1 0 0 
1 0 1 0 0 0 0 
0 1 1 0 0 0 0 
0 0 1 1 0 0 0 
0 0 1 0 1 0 0 
0 0 1 0 0 1 0 
0 0 1 0 0 0 1 
0 1 1 0 0 0 0 
0 0 1 0 1 0 0 
0 0 1 0 0 0 1 
1 1 0 0 0 0 0 
1 0 1 0 0 0 0 
1 0 0 1 0 0 0 
1 0 0 0 1 0 0 
1 0 0 0 0 1 0 
1 0 0 0 0 0 1 
1 1 0 0 0 0 0 
1 0 0 0 1 0 0 
1 0 0 0 0 0 1 
1 0 0 1 0 0 0 
1 0 0 0 0 1 0 
0 0 1 0 0 1 0 
1 0 0 1 0 0 0 
1 0 0 0 1 0 0 
1 0 0 0 0 1 0 
1 0 0 0 0 0 1 
0 1 0 1 0 0 0 
0 0 1 1 0 0 0 
0 0 1 0 1 0 0 
0 0 1 0 0 1 0 
0 0 1 0 0 0 1 
0 0 0 1 1 0 0 
0 0 0 1 0 1 0 
0 0 0 1 0 0 1 
1 0 0 0 1 0 0 
0 1 0 1 0 0 0 
0 0 1 0 1 0 0 
0 0 0 1 1 0 0 
0 0 0 1 0 1 0 
0 0 0 1 0 0 1 
0 1 0 1 0 0 0 
1 0 0 1 0 0 0 
0 0 0 1 0 0 1 
1 0 1 0 0 0 0 
0 1 1 0 0 0 0 
0 0 1 1 0 0 0 
0 0 1 0 1 0 0 
0 0 1 0 0 1 0 
0 0 1 0 0 0 1 
0 1 1 0 0 0 0 
0 0 1 0 1 0 0 
0 0 1 0 0 0 1 
1 0 1 0 0 0 0 
0 0 1 0 0 1 0 
1 0 0 1 0 0 0 
0 1 0 1 0 0 0 
0 0 1 1 0 0 0 
0 0 0 1 1 0 0 
0 0 0 1 0 1 0 
0 0 0 1 0 0 1 
0 1 0 1 0 0 0 
1 0 1 0 0 0 0 
0 1 1 0 0 0 0 
0 0 1 1 0 0 0 
0 0 1 0 1 0 0 
0 0 1 0 0 1 0 
0 0 1 0 0 0 1 
0 1 1 0 0 0 0 
1 0 0 1 0 0 0 
0 1 0 1 0 0 0 
0 0 1 1 0 0 0 
0 0 1 0 1 0 0 
0 0 1 0 0 0 1 
0 0 0 1 1 0 0 
0 0 0 1 0 1 0 
0 0 0 1 0 0 1 
0 1 0 1 0 0 0 
0 0 1 1 0 0 0 
0 0 0 1 1 0 0 
0 0 0 1 0 0 1 
1 0 0 1 0 0 0 
0 0 1 0 0 1 0 
0 0 0 1 0 1 0 
0 1 0 1 0 0 0 
1 0 1 0 0 0 0 
0 1 1 0 0 0 0 
0 0 1 0 0 1 0 
0 0 1 0 0 0 1 
0 0 0 1 0 0 1 
0 0 1 0 1 0 0 
0 0 0 1 1 0 0 
1 0 1 0 0 0 0 
1 0 0 1 0 0 0 
0 1 1 0 0 0 0 
0 1 0 1 0 0 0 
0 0 1 0 1 0 0 
0 0 0 1 1 0 0 
1 1 0 0 0 0 0 
0 1 1 0 0 0 0 
0 0 1 0 1 0 0 
0 0 1 0 0 1 0 
0 0 1 0 0 0 1 
1 0 0 1 0 0 0 
0 1 0 1 0 0 0 
0 0 0 1 1 0 0 
0 0 0 1 0 1 0 
0 0 0 1 0 0 1 
1 1 0 0 0 0 0 
0 1 1 0 0 0 0 
0 0 1 1 0 0 0 
1 0 0 0 1 0 0 
0 1 0 0 1 0 0 
0 0 1 0 1 0 0 
0 0 0 1 1 0 0 
0 0 0 1 0 1 0 
0 0 0 1 0 0 1 
0 0 1 1 0 0 0 
0 0 0 1 1 0 0 
1 1 0 0 0 0 0 
1 0 0 1 0 0 0 
1 0 0 0 1 0 0 
1 0 0 0 0 0 1 
0 0 1 0 0 0 1 
0 0 0 1 0 0 1 
1 0 0 1 0 0 0 
0 0 0 1 0 1 0 
0 0 0 1 0 0 1 
1 0 0 0 1 0 0 
0 0 1 0 1 0 0 
0 0 1 0 0 0 1 
0 0 0 1 1 0 0 
1 1 0 0 0 0 0 
0 1 1 0 0 0 0 
0 1 0 1 0 0 0 
0 1 0 0 1 0 0 
0 0 0 1 0 1 0 
1 0 0 0 0 0 1 
1 0 1 0 0 0 0 
0 1 1 0 0 0 0 
0 1 0 1 0 0 0 
0 1 0 0 1 0 0 
1 0 0 0 0 0 1 
0 0 1 1 0 0 0 
1 1 0 0 0 0 0 
0 1 1 0 0 0 0 
0 1 0 1 0 0 0 
0 1 0 0 1 0 0 
0 0 0 0 1 1 0 
0 1 0 0 0 0 1 
0 1 1 0 0 0 0 
0 0 1 0 0 1 0 
0 0 1 0 0 0 1 
1 1 0 0 0 0 0 
0 1 1 0 0 0 0 
0 0 1 0 0 0 1 
0 0 1 1 0 0 0 
0 0 1 0 0 1 0 
0 0 0 1 0 1 0 
1 0 0 0 1 0 0 
0 0 1 0 1 0 0 
0 0 0 1 1 0 0 
0 0 0 0 1 1 0 
0 0 0 0 1 0 1 
0 1 0 0 0 1 0 
0 1 0 0 0 0 1 
0 0 0 1 1 0 0 
1 0 0 0 1 0 0 
0 0 0 1 1 0 0 
0 0 0 0 1 1 0 
1 0 0 0 1 0 0 
0 1 0 0 1 0 0 
1 0 1 0 0 0 0 
0 1 1 0 0 0 0 
0 0 1 1 0 0 0 
0 0 1 0 1 0 0 
0 0 1 0 0 1 0 
0 0 1 0 0 0 1 
0 0 1 1 0 0 0 
0 0 1 0 0 0 1 
1 0 1 0 0 0 0 
0 0 1 0 0 1 0 
0 1 1 0 0 0 0 
0 0 1 0 1 0 0 
0 0 1 1 0 0 0 
1 0 1 0 0 0 0 
0 1 1 0 0 0 0 
0 0 1 0 0 0 1 
0 0 1 1 0 0 0 
0 1 1 0 0 0 0 
0 0 1 0 1 0 0 
0 0 1 0 0 0 1 
0 0 1 1 0 0 0 
0 1 1 0 0 0 0 
0 0 1 0 0 0 1 
1 1 0 0 0 0 0 
1 0 0 0 0 1 0 
0 0 0 0 1 1 0 
1 0 0 0 0 0 1 
1 1 0 0 0 0 0 
1 1 1 1 1 1 1 
;
TIMETABLE BEST: 
0.0 0.0 0.0 0.0 0.0 0.0 0.0 
14 14 0 0 0 0 0 
17 14 17 0 0 0 0 
17 17 17 0 0 0 0 
18 17 17 18 0 0 0 
18 18 17 18 0 0 0 
18 18 18 18 0 0 0 
24 18 18 18 24 0 0 
24 18 18 18 24 24 0 
24 24 18 18 24 24 0 
24 24 18 18 24 24 0 
24 24 24 18 24 24 0 
24 24 24 18 24 24 0 
24 24 24 24 24 24 0 
24 24 24 24 24 24 0 
24 24 24 24 24 24 0 
26 24 24 24 24 24 26 
26 26 24 24 24 24 26 
26 26 26 24 24 24 26 
26 26 26 26 24 24 26 
26 26 26 26 26 24 26 
26 26 26 26 26 26 26 
39 26 26 26 26 26 39 
39 39 26 26 26 26 39 
39 39 39 26 26 26 39 
39 39 39 39 26 26 39 
39 39 39 39 39 26 39 
39 39 39 39 39 39 39 
39 39 48 39 39 39 48 
54 39 48 54 39 39 48 
54 54 48 54 39 39 48 
54 54 54 54 39 39 48 
54 54 54 54 54 39 48 
54 54 54 54 54 54 48 
54 54 54 54 54 54 54 
65 54 54 54 54 54 65 
65 65 54 54 54 54 65 
65 65 65 65 54 54 65 
65 65 65 65 54 54 65 
65 65 65 65 54 54 65 
65 65 65 65 65 54 65 
65 65 65 65 65 65 65 
65 65 65 65 74 65 74 
65 65 65 65 74 78 78 
80 65 65 80 74 78 78 
80 80 65 80 74 78 78 
80 80 80 80 74 78 78 
80 80 80 80 80 78 78 
80 80 80 80 80 80 78 
80 80 80 80 80 80 80 
80 80 80 91 91 80 80 
92 80 80 91 91 80 92 
92 92 80 91 91 80 92 
92 92 92 91 91 80 92 
92 92 92 92 91 80 92 
92 92 92 92 92 80 92 
92 92 92 92 92 92 92 
92 92 101 92 92 92 101 
92 92 101 92 92 103 103 
92 92 101 104 104 103 103 
92 92 101 104 104 103 104 
110 92 101 110 104 103 104 
110 92 101 110 104 110 104 
110 92 101 110 104 110 110 
123 92 101 110 104 110 123 
123 123 123 110 104 110 123 
123 123 123 123 104 110 123 
123 123 123 123 104 123 123 
123 123 123 123 104 123 123 
123 123 123 123 104 123 123 
123 123 123 123 123 123 123 
123 123 123 123 123 123 123 
134 123 123 123 123 123 134 
134 123 134 123 123 123 134 
134 123 134 134 123 123 134 
134 123 134 134 134 123 134 
134 123 134 134 134 134 134 
134 141 134 134 134 134 141 
134 141 134 134 145 134 145 
134 141 134 134 145 146 146 
148 141 134 148 145 146 146 
148 148 134 148 145 146 146 
148 148 148 148 145 146 146 
148 148 148 148 148 146 146 
148 148 148 148 148 148 146 
148 148 148 148 148 148 148 
148 148 148 157 157 148 148 
148 148 148 157 157 148 157 
148 148 148 159 157 159 157 
148 148 148 159 157 159 159 
148 162 148 162 157 159 159 
148 162 163 163 157 159 159 
168 168 163 163 157 159 159 
168 168 168 163 157 159 159 
168 168 168 168 157 159 159 
168 168 168 168 168 159 159 
168 168 168 168 168 168 159 
168 168 168 168 168 168 168 
177 168 168 168 177 168 168 
179 168 168 179 177 168 168 
179 168 168 179 177 179 168 
179 168 168 179 177 179 179 
179 179 168 179 177 179 179 
179 179 179 179 177 179 179 
179 179 179 179 179 179 179 
179 179 179 179 179 179 179 
179 179 179 179 179 179 179 
179 179 179 179 179 179 179 
179 179 179 179 179 179 179 
179 179 179 188 188 179 179 
179 179 179 188 188 179 188 
179 179 179 190 188 190 188 
179 179 179 190 188 190 190 
191 191 179 190 188 190 190 
191 191 179 191 188 190 190 
191 191 179 191 188 190 191 
191 193 193 191 188 190 191 
191 193 193 193 188 190 191 
191 193 193 193 188 190 193 
203 193 193 193 188 203 193 
203 193 203 193 188 203 193 
203 193 203 203 188 203 193 
203 193 203 203 188 203 203 
206 193 203 203 206 203 203 
206 193 203 206 206 203 203 
206 214 203 206 206 203 214 
206 214 214 206 206 203 214 
206 214 214 206 206 215 215 
221 214 214 206 221 215 215 
221 214 221 206 221 215 215 
221 214 221 226 221 215 226 
239 239 221 226 221 215 226 
239 239 239 226 221 215 226 
239 239 239 239 221 215 226 
239 239 239 239 239 215 226 
239 239 239 239 239 239 226 
239 239 239 239 239 239 239 
239 239 239 239 239 239 239 
239 239 239 239 239 239 239 
250 250 239 239 239 239 239 
250 250 239 250 239 239 239 
252 250 239 250 239 239 252 
252 250 252 250 239 239 252 
252 250 252 252 239 239 252 
254 250 252 252 254 239 252 
259 259 252 252 254 239 252 
263 259 252 252 254 263 252 
264 259 252 252 254 263 264 
265 259 252 265 254 263 264 
265 265 252 265 254 263 264 
265 265 265 265 254 263 264 
265 265 265 265 265 263 264 
265 265 265 265 265 265 264 
265 265 265 265 265 265 265 
265 274 265 274 265 265 265 
276 274 265 274 265 265 276 
276 274 276 276 265 265 276 
276 274 276 276 265 265 276 
277 274 276 276 265 277 276 
277 274 276 277 265 277 276 
280 274 276 277 280 277 276 
280 274 276 280 280 277 276 
280 285 276 285 280 277 276 
280 285 289 289 280 277 276 
280 285 289 289 280 277 289 
292 292 289 289 280 277 289 
292 292 292 289 280 277 289 
292 292 292 292 280 277 289 
292 292 292 292 292 277 289 
292 292 292 292 292 292 289 
292 292 292 292 292 292 292 
303 303 292 292 292 292 292 
303 303 303 292 292 292 292 
303 303 303 303 292 292 292 
304 303 303 303 292 304 292 
304 303 303 303 292 304 304 
306 303 303 303 306 304 304 
312 312 303 303 306 304 304 
315 312 303 303 306 304 315 
316 312 303 316 306 304 315 
317 312 303 316 317 304 315 
323 312 323 316 317 304 315 
323 323 323 316 317 304 315 
323 323 323 323 317 304 315 
323 323 323 323 323 304 315 
323 323 323 323 323 323 315 
323 323 323 323 323 323 323 
323 332 332 323 323 323 323 
323 332 334 323 334 323 323 
323 332 334 323 334 323 334 
335 335 334 323 334 323 334 
335 335 335 323 334 323 334 
335 335 335 335 334 323 334 
335 335 335 335 335 323 334 
335 335 335 335 335 335 334 
335 335 335 335 335 335 335 
344 344 335 335 335 335 335 
346 344 335 335 346 335 335 
346 344 335 335 346 335 346 
347 344 335 347 346 335 346 
347 344 335 347 346 347 346 
347 344 347 347 346 347 346 
359 344 347 359 346 347 346 
359 344 347 359 359 347 346 
359 344 347 359 359 359 346 
359 344 347 359 359 359 359 
359 359 347 359 359 359 359 
359 359 359 359 359 359 359 
359 359 359 359 359 359 359 
359 359 359 359 359 359 359 
359 359 359 359 359 359 359 
359 359 359 359 359 359 359 
359 359 359 359 359 359 359 
359 359 359 359 359 359 359 
370 359 359 359 370 359 359 
370 370 359 370 370 359 359 
370 370 370 370 370 359 359 
370 370 370 370 370 359 359 
370 370 370 371 370 371 359 
370 370 370 371 370 371 371 
370 379 370 379 370 371 371 
382 379 370 382 370 371 371 
382 379 370 382 370 371 382 
383 379 383 382 370 371 382 
383 383 383 382 370 371 382 
383 383 383 383 370 371 382 
383 383 383 383 383 371 382 
383 383 383 383 383 383 382 
383 383 383 383 383 383 383 
383 392 392 383 383 383 383 
383 392 394 383 394 383 383 
383 392 394 383 394 383 394 
395 392 395 383 394 383 394 
395 392 395 383 394 395 394 
401 392 395 401 394 395 394 
401 401 395 401 394 395 394 
401 401 401 401 394 395 394 
401 401 401 401 401 395 394 
401 401 401 401 401 401 394 
401 401 401 401 401 401 401 
401 410 401 410 401 401 401 
411 410 411 410 401 401 401 
411 411 411 410 401 401 401 
411 411 411 411 401 401 401 
411 411 411 411 411 401 401 
411 411 411 411 411 411 401 
411 411 411 411 411 411 411 
411 420 420 411 411 411 411 
422 420 420 422 411 411 411 
422 422 420 422 411 411 411 
422 422 422 422 411 411 411 
422 422 422 422 422 411 411 
422 422 422 422 422 411 422 
422 422 422 422 422 411 422 
422 422 422 422 422 422 422 
422 422 422 422 422 422 422 
422 431 422 431 422 422 422 
422 431 432 432 422 422 422 
422 431 432 433 433 422 422 
422 431 432 433 433 422 433 
434 431 432 434 433 422 433 
434 431 434 434 433 434 433 
434 431 434 434 433 434 433 
434 442 434 442 433 434 433 
444 442 444 442 433 434 433 
444 444 444 442 433 434 433 
444 444 444 442 433 444 433 
444 444 445 442 433 444 445 
444 444 445 445 433 444 445 
444 444 451 445 451 444 445 
444 444 451 451 451 444 445 
456 444 456 451 451 444 445 
456 444 456 456 451 444 445 
456 458 458 456 451 444 445 
456 458 458 458 451 444 445 
456 458 462 458 462 444 445 
456 458 462 462 462 444 445 
468 468 462 462 462 444 445 
468 472 472 462 462 444 445 
468 472 472 462 472 444 445 
468 472 472 462 472 472 445 
468 472 472 462 472 472 472 
473 472 472 473 472 472 472 
473 473 472 473 472 472 472 
473 473 472 473 473 472 472 
473 473 472 473 473 473 472 
473 473 472 473 473 473 473 
485 485 472 473 473 473 473 
485 485 485 473 473 473 473 
485 485 485 485 473 473 473 
486 485 485 485 486 473 473 
486 486 485 485 486 473 473 
486 486 486 485 486 473 473 
486 486 486 486 486 473 473 
486 486 486 486 486 486 473 
486 486 486 486 486 486 486 
486 486 497 497 486 486 486 
486 486 497 497 497 486 486 
502 502 497 497 497 486 486 
502 502 497 502 497 486 486 
502 502 497 502 502 486 486 
502 502 497 502 502 486 502 
502 502 502 502 502 486 502 
502 502 502 502 502 486 502 
513 502 502 513 502 486 502 
513 502 502 513 502 513 502 
513 502 502 513 502 513 513 
515 502 502 513 515 513 513 
515 502 515 513 515 513 513 
515 502 515 513 515 513 515 
515 502 515 515 515 513 515 
520 520 515 515 515 513 515 
520 520 520 515 515 513 515 
520 520 520 520 515 513 515 
520 527 520 520 527 513 515 
520 527 520 527 527 527 515 
529 527 520 527 527 527 529 
530 527 530 527 527 527 529 
530 530 530 527 527 527 529 
530 538 530 538 527 527 529 
530 539 530 538 539 527 529 
540 539 530 538 539 527 540 
540 539 549 549 539 527 540 
554 554 549 549 539 527 540 
554 554 554 549 539 527 540 
554 554 554 554 539 527 540 
554 554 554 554 554 527 540 
554 554 554 554 559 559 540 
554 564 554 554 559 559 564 
554 565 565 554 559 559 564 
554 565 565 554 559 565 564 
554 565 565 554 559 565 565 
566 566 565 554 559 565 565 
566 575 575 554 559 565 565 
566 575 575 554 559 565 575 
566 575 576 576 559 565 575 
566 575 580 576 559 580 575 
566 575 580 580 559 580 575 
581 575 580 580 581 580 575 
581 575 581 580 581 580 575 
581 575 581 581 581 580 575 
581 575 581 581 581 581 575 
581 575 581 581 581 581 581 
581 590 581 581 581 590 581 
581 590 581 581 581 590 590 
581 590 581 592 592 590 590 
593 590 581 592 593 590 590 
593 590 581 603 603 590 590 
593 590 581 603 603 603 590 
605 590 581 603 605 603 590 
605 608 581 603 608 603 590 
616 608 616 603 608 603 590 
616 616 616 603 608 603 590 
616 616 616 616 608 603 590 
616 616 616 616 616 603 590 
616 616 616 616 616 616 590 
616 616 616 616 616 616 616 
616 616 627 627 616 616 616 
616 616 627 627 616 616 627 
628 616 628 627 616 616 627 
628 616 629 627 616 629 627 
628 630 630 627 616 629 627 
628 630 635 627 635 629 627 
628 630 638 638 635 629 627 
640 630 640 638 635 629 627 
640 641 641 638 635 629 627 
640 641 641 638 635 629 641 
640 641 648 648 635 629 641 
640 650 650 648 635 629 641 
640 650 650 648 650 629 641 
640 650 657 648 650 629 657 
640 650 661 661 650 629 657 
640 662 662 661 650 629 657 
640 662 668 661 650 629 668 
674 674 668 661 650 629 668 
676 674 668 661 650 676 668 
676 674 668 661 676 676 668 
685 674 668 661 676 676 685 
687 687 668 661 676 676 685 
758.0 726.0 739.0 744.0 712.0 728.0 735.0 
;
EXECUTION TIME HBSS: 8194.4632709 seconds 

-------------------------------------------------------------------
