DATFILE : bwopen0_4r_1000.dat
ENVIRONMENT : bwopen
ALGORITHM : HBSS - TAU 7
RANGE : 1000
STARTING_POS : 0
N_ROBOTS : 4
GREEDY SOLUTION : 1662.0
COMPUTATIONS T :
1662.0
1633.0
1662.0
1672.0
1672.0
1628.0
1801.0
1746.0
1671.0
1645.0
1654.0
1628.0
1675.0
1701.0
1650.0
1621.0
1642.0
1691.0
1667.0
1658.0
1696.0
1661.0
1751.0
1657.0
1717.0
1696.0
1721.0
1685.0
1710.0
1738.0
1700.0
1694.0
1698.0
1666.0
1748.0
1662.0
1657.0
1627.0
1665.0
1662.0
1672.0
1690.0
1689.0
1628.0
1713.0
1726.0
1704.0
1730.0
1634.0
1694.0
1662.0
1698.0
1754.0
1780.0
1725.0
1698.0
1684.0
1673.0
1721.0
1728.0
1662.0
1728.0
1662.0
1672.0
1669.0
1680.0
1678.0
1678.0
1700.0
1752.0
1778.0
1659.0
1683.0
1657.0
1681.0
1608.0
1655.0
1665.0
1738.0
1728.0
1653.0
1590.0
1654.0
1641.0
1764.0
1662.0
1625.0
1653.0
1675.0
1616.0
1671.0
1719.0
1670.0
1640.0
1700.0
1599.0
1668.0
1662.0
1662.0
1691.0
1667.0
1662.0
1683.0
1716.0
1703.0
1688.0
1706.0
1662.0
1719.0
1662.0
1702.0
1652.0
1704.0
1649.0
1633.0
1683.0
1740.0
1667.0
1662.0
1730.0
1662.0
1716.0
1644.0
1702.0
1668.0
1717.0
1661.0
1619.0
1799.0
1758.0
1719.0
1674.0
1743.0
1627.0
1675.0
1662.0
1798.0
1664.0
1676.0
1678.0
1690.0
1621.0
1688.0
1731.0
1711.0
1711.0
1662.0
1713.0
1742.0
1734.0
1752.0
1799.0
1668.0
1743.0
1687.0
1704.0
1660.0
1663.0
1673.0
1662.0
1661.0
1730.0
1732.0
1696.0
1662.0
1638.0
1654.0
1652.0
1729.0
1662.0
1586.0
1600.0
1698.0
1741.0
1775.0
1679.0
1662.0
1698.0
1766.0
1688.0
1663.0
1655.0
1753.0
1774.0
1675.0
1609.0
1662.0
1683.0
1723.0
1739.0
1662.0
1615.0
1668.0
1710.0
1696.0
1693.0
1721.0
1696.0
1731.0
1665.0
;
HBBS bestT : 1586.0
BEST_CONFIGURATIONS : 
0 0 0 0 
0 4 0 0 
0 4 26 0 
0 4 26 0 
0 4 26 1 
0 4 26 1 
0 4 26 1 
0 4 5 1 
0 4 5 1 
0 4 5 1 
0 22 5 1 
0 22 5 1 
0 22 5 1 
0 22 26 1 
4 22 26 1 
4 22 26 27 
4 22 26 27 
4 22 26 27 
4 22 5 27 
26 22 5 27 
26 8 5 27 
26 8 5 27 
26 8 5 27 
4 8 5 27 
4 8 22 27 
4 8 22 9 
4 8 22 9 
4 8 22 9 
26 8 22 9 
26 8 5 9 
26 13 5 9 
26 13 5 9 
26 13 5 9 
4 13 5 9 
4 13 22 9 
4 13 22 10 
4 13 22 10 
4 13 22 10 
4 17 22 10 
4 17 22 15 
4 17 22 15 
4 17 22 15 
4 17 22 15 
26 17 22 15 
26 17 22 10 
26 17 22 10 
26 17 5 10 
26 17 5 10 
5 17 5 15 
5 13 5 15 
5 13 26 15 
5 25 26 15 
5 25 26 14 
5 25 4 14 
5 25 4 14 
5 25 4 14 
26 25 4 14 
26 25 4 14 
26 25 22 14 
26 25 22 14 
4 25 22 18 
4 25 22 18 
4 25 22 18 
26 25 22 18 
26 17 8 18 
26 17 8 18 
26 17 8 18 
5 17 8 18 
5 13 8 18 
5 13 8 18 
5 13 8 14 
5 13 8 14 
1 13 8 14 
1 13 8 14 
1 13 8 14 
1 17 8 14 
1 17 8 18 
1 17 13 18 
1 17 13 14 
27 17 13 14 
27 17 13 14 
27 17 13 14 
27 17 13 18 
27 25 13 18 
27 25 13 18 
27 25 17 18 
1 25 17 18 
1 25 17 15 
1 25 17 15 
1 25 17 10 
1 25 17 10 
1 25 18 10 
1 25 14 10 
1 18 14 10 
27 18 14 10 
27 18 15 10 
27 14 15 10 
27 14 15 10 
27 18 15 10 
27 18 15 24 
27 18 15 24 
27 18 15 24 
27 14 15 24 
27 14 10 24 
9 14 10 24 
9 14 10 24 
9 14 10 24 
9 18 10 24 
9 18 15 24 
9 18 15 6 
9 18 15 6 
9 18 15 6 
9 14 15 6 
9 14 10 6 
24 14 10 6 
24 25 10 6 
24 25 10 21 
24 25 9 21 
24 25 9 21 
24 25 9 21 
24 17 9 21 
24 17 9 3 
24 17 9 3 
24 17 9 3 
24 17 9 3 
24 13 9 3 
24 13 9 3 
24 13 10 3 
6 13 10 3 
6 13 10 3 
6 13 15 3 
6 17 15 3 
6 17 15 21 
6 17 15 21 
6 17 10 21 
6 13 10 21 
6 13 15 21 
11 13 15 21 
11 13 15 21 
11 13 15 21 
11 17 15 21 
11 17 10 21 
11 17 10 3 
11 25 10 3 
11 25 10 3 
11 25 24 3 
11 18 24 3 
11 18 24 3 
11 18 6 3 
11 14 6 3 
11 14 6 3 
11 14 21 3 
11 14 21 3 
11 18 21 3 
6 18 21 7 
6 18 21 7 
6 18 21 7 
6 14 21 7 
6 14 3 7 
24 14 3 7 
24 15 3 7 
10 15 3 7 
10 15 2 7 
10 15 2 7 
10 15 2 7 
10 15 2 21 
24 15 2 21 
24 14 2 21 
24 18 2 21 
24 18 2 3 
6 18 2 3 
6 25 2 3 
6 25 2 3 
6 25 2 7 
6 17 2 7 
6 17 2 7 
11 17 2 7 
11 17 2 7 
11 13 2 7 
11 13 2 7 
6 8 2 7 
6 8 2 7 
6 8 2 7 
6 22 2 7 
6 22 2 7 
6 22 2 7 
6 26 2 7 
6 26 2 7 
6 26 2 7 
6 5 2 7 
6 5 2 7 
6 5 2 7 
21 5 2 7 
21 5 2 3 
21 5 27 3 
21 5 27 3 
21 26 27 3 
21 26 27 3 
21 26 1 3 
21 26 1 3 
21 4 1 3 
21 4 1 3 
3 22 1 3 
3 22 1 21 
3 22 0 21 
3 22 0 21 
3 8 0 21 
3 8 0 21 
3 8 0 21 
3 8 0 6 
3 13 0 6 
7 13 0 6 
7 17 0 6 
7 17 0 24 
12 17 0 24 
12 17 0 24 
12 17 0 24 
12 13 0 24 
12 13 0 6 
12 13 4 6 
12 13 4 6 
12 8 4 6 
12 8 26 6 
12 8 26 21 
12 8 5 21 
12 22 5 21 
12 22 5 3 
16 4 5 3 
16 4 5 3 
16 4 5 21 
16 4 26 21 
16 22 26 21 
16 22 26 3 
23 4 26 3 
23 4 5 3 
23 4 5 3 
23 4 26 3 
23 22 26 3 
23 22 26 21 
20 22 26 21 
20 22 4 21 
20 22 4 21 
20 26 4 21 
20 26 4 3 
20 26 0 3 
20 5 0 3 
20 5 0 7 
20 5 4 7 
20 1 4 7 
20 1 4 7 
20 1 8 7 
23 1 8 7 
23 1 8 7 
23 1 8 7 
16 1 8 7 
16 1 8 7 
16 1 8 7 
12 1 8 7 
12 1 8 7 
16 1 13 7 
16 27 13 7 
16 27 13 7 
16 27 17 7 
16 9 17 7 
16 9 17 7 
16 9 25 7 
16 10 25 7 
16 10 18 7 
16 10 18 12 
16 10 18 12 
16 10 18 12 
23 10 18 12 
23 10 14 12 
23 10 14 12 
23 10 14 12 
20 10 14 12 
20 10 14 12 
20 10 14 12 
20 15 14 12 
20 15 18 12 
20 15 18 16 
20 15 18 16 
23 15 18 16 
23 15 18 16 
23 15 18 16 
16 15 14 16 
16 15 14 12 
12 15 9 12 
12 9 9 23 
12 9 27 23 
12 9 27 23 
12 9 27 23 
12 9 27 20 
12 9 27 20 
23 9 27 20 
23 24 27 20 
23 24 1 20 
23 24 1 20 
16 24 1 20 
16 24 1 19 
16 24 1 19 
16 24 1 19 
12 24 1 19 
12 6 1 19 
12 6 1 19 
16 6 1 19 
16 6 1 20 
16 6 27 20 
23 6 27 20 
23 6 27 19 
23 6 27 19 
23 21 27 19 
20 21 27 19 
20 21 9 19 
20 3 9 19 
19 3 10 19 
19 7 10 19 
19 7 15 19 
19 7 15 25 
19 12 15 25 
19 12 14 25 
19 12 18 25 
19 12 18 17 
19 23 18 17 
20 23 25 17 
20 23 25 17 
20 23 25 17 
20 23 25 13 
20 23 25 13 
19 23 13 13 
19 23 13 8 
19 23 13 22 
19 11 8 22 
19 11 8 22 
19 11 8 22 
19 11 8 26 
19 11 8 26 
19 11 4 26 
19 11 4 26 
19 11 4 5 
19 11 4 5 
19 11 0 5 
19 11 0 5 
19 11 0 1 
20 11 0 1 
23 11 0 1 
23 11 0 1 
23 11 0 27 
23 11 0 27 
16 11 0 27 
16 11 0 27 
16 11 0 9 
16 11 0 9 
12 11 0 9 
12 11 0 10 
12 11 0 15 
12 11 0 14 
12 2 0 14 
12 2 0 14 
12 2 0 18 
16 2 0 18 
23 2 0 18 
23 2 0 25 
20 2 0 25 
20 2 4 25 
19 2 4 25 
19 2 8 15 
19 2 8 10 
19 24 8 10 
19 24 22 10 
24 24 26 10 
24 2 26 9 
24 2 5 9 
24 2 4 9 
24 2 4 27 
9 2 4 1 
9 2 4 1 
27 2 1 1 
27 2 8 25 
0 0 0 0 
;
ROBOT MOVING BEST:
0 0 0 0 
1 1 0 0 
1 0 1 0 
0 1 1 0 
1 0 0 1 
0 1 0 1 
0 0 1 1 
1 0 1 0 
0 1 1 0 
0 0 1 1 
1 1 0 0 
0 1 1 0 
0 1 0 1 
0 1 1 0 
1 1 0 0 
1 0 0 1 
0 1 0 1 
0 0 1 1 
0 0 1 1 
1 0 1 0 
1 1 0 0 
0 1 1 0 
0 1 0 1 
1 1 0 0 
0 1 1 0 
1 0 0 1 
0 1 0 1 
0 0 1 1 
1 0 0 1 
0 0 1 1 
1 1 0 0 
0 1 1 0 
0 1 0 1 
1 1 0 0 
0 1 1 0 
1 0 0 1 
0 1 0 1 
0 0 1 1 
1 1 0 0 
1 0 0 1 
0 1 1 0 
0 1 0 1 
0 0 1 1 
1 1 0 0 
1 0 0 1 
0 1 0 1 
0 1 1 0 
0 0 1 1 
1 0 0 1 
0 1 0 1 
0 0 1 1 
1 1 0 0 
1 0 0 1 
0 1 1 0 
0 1 0 1 
0 0 1 1 
1 1 0 0 
1 0 0 1 
0 1 1 0 
0 0 1 1 
1 0 0 1 
0 1 0 1 
0 0 1 1 
1 0 0 1 
0 1 1 0 
0 1 0 1 
0 0 1 1 
1 0 0 1 
0 1 1 0 
0 1 0 1 
0 1 0 1 
0 0 1 1 
1 1 0 0 
1 0 1 0 
1 0 0 1 
1 1 0 0 
1 0 0 1 
0 1 1 0 
0 1 0 1 
1 1 0 0 
1 0 1 0 
1 0 0 1 
1 0 0 1 
1 1 0 0 
0 1 1 0 
0 1 1 0 
1 1 0 0 
1 0 0 1 
0 1 0 1 
1 0 0 1 
0 1 0 1 
0 0 1 1 
0 0 1 1 
0 1 1 0 
1 0 0 1 
1 0 1 0 
0 1 1 0 
0 0 1 1 
0 1 1 0 
1 0 0 1 
0 1 0 1 
0 0 1 1 
0 1 0 1 
0 0 1 1 
1 1 0 0 
1 0 1 0 
1 0 0 1 
1 1 0 0 
1 0 1 0 
1 0 0 1 
0 1 0 1 
0 0 1 1 
0 1 0 1 
0 0 1 1 
1 0 0 1 
1 1 0 0 
1 0 0 1 
0 1 1 0 
0 1 0 1 
0 0 1 1 
1 1 0 0 
1 0 0 1 
0 1 1 0 
0 1 0 1 
0 0 1 1 
1 1 0 0 
0 1 0 1 
0 0 1 1 
1 1 0 0 
1 0 0 1 
0 0 1 1 
1 1 0 0 
1 0 0 1 
0 1 0 1 
0 0 1 1 
0 1 0 1 
0 0 1 1 
1 1 0 0 
1 0 1 0 
1 0 0 1 
1 1 0 0 
1 0 1 0 
1 0 0 1 
1 1 0 0 
0 1 0 1 
1 0 1 0 
1 1 0 0 
0 1 0 1 
1 0 1 0 
1 1 0 0 
0 1 0 1 
0 1 1 0 
0 0 1 1 
0 1 1 0 
1 0 0 1 
0 1 0 1 
0 0 1 1 
0 1 0 1 
0 0 1 1 
1 0 0 1 
0 1 0 1 
1 0 0 1 
1 0 1 0 
0 1 1 0 
0 0 1 1 
0 0 1 1 
1 0 1 0 
0 1 1 0 
0 1 1 0 
0 0 1 1 
1 0 1 0 
1 1 0 0 
0 1 1 0 
0 1 0 1 
0 1 1 0 
0 1 0 1 
1 0 1 0 
1 0 0 1 
0 1 1 0 
0 1 0 1 
1 1 0 0 
0 1 1 0 
0 1 0 1 
1 1 0 0 
0 1 1 0 
0 1 0 1 
1 1 0 0 
0 1 1 0 
0 1 0 1 
1 1 0 0 
0 1 1 0 
0 1 0 1 
1 1 0 0 
0 1 0 1 
1 0 1 0 
0 0 1 1 
1 1 0 0 
0 1 0 1 
1 0 1 0 
0 0 1 1 
1 1 0 0 
0 1 0 1 
1 1 0 0 
0 1 0 1 
1 0 1 0 
0 0 1 1 
1 1 0 0 
0 1 1 0 
0 1 0 1 
0 0 1 1 
0 1 1 0 
1 0 1 0 
0 1 1 0 
0 0 1 1 
1 1 0 0 
1 0 1 0 
1 0 0 1 
1 1 0 0 
1 0 0 1 
1 0 1 0 
0 0 1 1 
1 1 0 0 
1 0 1 0 
1 0 0 1 
1 0 1 0 
1 1 0 0 
1 0 0 1 
1 1 0 0 
1 0 1 0 
1 0 0 1 
1 0 1 0 
1 1 0 0 
1 0 0 1 
1 1 0 0 
1 0 1 0 
1 0 0 1 
1 0 1 0 
1 1 0 0 
1 0 0 1 
1 1 0 0 
1 0 1 0 
1 0 0 1 
1 1 0 0 
1 0 0 1 
1 0 1 0 
1 1 0 0 
1 0 0 1 
0 0 1 1 
1 1 0 0 
0 1 0 1 
1 0 1 0 
1 1 0 0 
1 0 1 0 
1 0 0 1 
1 1 0 0 
1 0 1 0 
1 0 0 1 
1 1 0 0 
1 0 0 1 
1 0 1 0 
1 1 0 0 
0 1 0 1 
1 0 1 0 
1 1 0 0 
0 1 0 1 
1 0 1 0 
1 1 0 0 
1 0 1 0 
1 0 0 1 
0 1 0 1 
0 0 1 1 
1 1 0 0 
1 0 1 0 
1 0 0 1 
0 0 1 1 
1 1 0 0 
1 0 1 0 
1 0 0 1 
1 1 0 0 
1 0 1 0 
1 0 0 1 
0 1 0 1 
1 1 0 0 
1 0 1 0 
1 0 0 1 
1 0 1 0 
0 1 0 1 
1 0 1 0 
0 1 0 1 
1 0 1 0 
0 1 1 0 
0 0 1 1 
0 1 0 1 
0 0 1 1 
1 0 0 1 
1 1 0 0 
0 1 1 0 
0 1 0 1 
1 1 0 0 
1 0 0 1 
0 1 0 1 
0 0 1 1 
1 0 0 1 
0 1 1 0 
0 1 0 1 
1 1 0 0 
0 1 0 1 
0 1 1 0 
1 1 0 0 
1 0 0 1 
0 0 1 1 
0 1 0 1 
1 0 0 1 
0 0 1 1 
0 1 0 1 
1 0 1 0 
1 1 0 0 
1 0 1 0 
1 0 0 1 
0 1 0 1 
1 0 1 0 
1 0 1 0 
1 0 0 1 
0 1 0 1 
1 0 1 0 
1 0 0 1 
0 1 1 0 
1 0 0 1 
0 1 0 1 
1 0 1 0 
1 0 0 1 
1 0 0 1 
0 1 1 0 
1 1 0 0 
0 1 0 1 
1 0 0 1 
0 1 0 1 
1 0 1 0 
0 1 1 0 
1 0 0 1 
0 1 0 1 
1 0 1 0 
0 1 1 0 
0 1 0 1 
1 1 0 0 
1 1 0 0 
1 0 1 0 
0 1 0 1 
0 0 1 1 
1 1 0 0 
1 0 1 0 
0 1 0 1 
0 0 1 1 
1 1 0 0 
0 0 1 1 
0 0 1 1 
0 0 1 1 
1 1 0 0 
0 1 1 0 
0 0 1 1 
1 1 0 0 
1 1 0 0 
0 0 1 1 
1 1 0 0 
0 1 1 0 
1 1 0 0 
0 0 1 1 
0 0 1 1 
0 1 1 0 
0 1 1 0 
1 0 1 0 
0 1 0 1 
1 0 1 0 
1 0 1 0 
0 1 0 1 
1 0 0 1 
0 1 0 1 
1 0 1 0 
0 0 1 1 
1 1 1 1 
;
TIMETABLE BEST: 
0.0 0.0 0.0 0.0 
14 14 0 0 
17 14 17 0 
17 17 17 0 
18 17 17 18 
18 18 17 18 
18 18 18 18 
27 18 27 18 
27 27 27 18 
27 27 27 27 
39 39 27 27 
39 39 39 27 
39 39 39 39 
39 48 48 39 
53 53 48 39 
54 53 48 54 
54 54 48 54 
54 54 54 54 
54 54 63 63 
65 54 65 63 
66 66 65 63 
66 66 66 63 
66 66 66 66 
77 77 66 66 
77 78 78 66 
81 78 78 81 
81 81 78 81 
81 81 81 81 
92 81 81 92 
92 81 93 93 
94 94 93 93 
94 94 94 93 
94 94 94 94 
105 105 94 94 
105 106 106 94 
108 106 106 108 
108 108 106 108 
108 108 108 108 
119 119 108 108 
119 119 108 119 
119 119 119 119 
119 119 119 119 
119 119 119 119 
130 130 119 119 
130 130 119 130 
130 130 119 130 
130 131 131 130 
130 131 131 131 
142 131 131 142 
142 142 131 142 
142 142 142 142 
155 155 142 142 
155 155 142 155 
155 155 155 155 
155 155 155 155 
155 155 155 155 
164 164 155 155 
164 164 155 164 
164 167 167 164 
164 167 167 167 
178 167 167 178 
178 178 167 178 
178 178 178 178 
189 178 178 189 
189 190 190 189 
189 190 190 190 
189 190 190 190 
198 190 190 198 
198 201 201 198 
198 201 201 201 
198 212 201 212 
198 212 212 212 
216 216 212 212 
216 216 216 212 
216 216 216 216 
227 227 216 216 
227 227 216 227 
227 229 229 227 
227 238 229 238 
242 242 229 238 
242 242 242 238 
242 242 242 242 
253 242 242 253 
254 254 242 253 
254 254 254 253 
254 265 265 253 
269 269 265 253 
271 269 265 271 
271 271 265 271 
282 271 265 282 
282 282 265 282 
282 282 282 282 
282 282 293 293 
282 295 295 293 
297 295 295 297 
308 295 308 297 
308 308 308 297 
308 308 308 308 
308 319 319 308 
321 319 319 321 
321 321 319 321 
321 321 321 321 
321 332 321 332 
321 332 332 332 
336 336 332 332 
336 336 336 332 
336 336 336 336 
347 347 336 336 
347 347 347 336 
349 347 347 349 
349 349 347 349 
349 349 349 349 
349 360 349 360 
349 360 360 360 
364 360 360 364 
376 376 360 364 
376 376 360 376 
376 376 376 376 
376 376 376 376 
376 376 376 376 
388 388 376 376 
388 388 376 388 
388 388 388 388 
388 388 388 388 
388 388 388 388 
399 399 388 388 
399 399 388 399 
399 399 402 402 
412 412 402 402 
412 412 402 412 
412 412 413 413 
423 423 413 413 
425 423 413 425 
425 425 413 425 
425 425 425 425 
425 436 425 436 
425 436 436 436 
442 442 436 436 
442 442 442 436 
442 442 442 442 
453 453 442 442 
453 453 453 442 
454 453 453 454 
465 465 453 454 
465 465 453 465 
466 465 466 465 
478 478 466 465 
478 478 466 478 
479 478 479 478 
489 489 479 478 
489 489 479 489 
489 491 491 489 
489 491 491 491 
489 502 502 491 
507 502 502 507 
507 507 502 507 
507 507 507 507 
507 518 507 518 
507 518 519 519 
520 518 519 520 
520 531 519 531 
533 531 519 533 
541 531 541 533 
541 541 541 533 
541 541 541 541 
541 541 553 553 
554 541 554 553 
554 554 554 553 
554 565 565 553 
554 565 565 565 
567 565 567 565 
578 578 567 565 
578 578 578 565 
578 581 578 581 
578 593 593 581 
578 593 593 593 
595 593 595 593 
595 593 595 595 
595 604 604 595 
595 604 604 604 
617 617 604 604 
617 617 617 604 
617 617 617 617 
629 629 617 617 
629 629 629 617 
629 629 629 629 
640 640 629 629 
640 640 640 629 
640 640 640 640 
649 649 640 640 
649 649 649 640 
649 649 649 649 
661 661 649 649 
661 665 649 665 
668 665 668 665 
668 665 668 668 
674 674 668 668 
674 674 668 674 
683 674 683 674 
683 674 683 683 
685 685 683 683 
685 685 683 685 
697 697 683 685 
697 697 683 697 
701 697 701 697 
701 697 701 701 
709 709 701 701 
709 709 709 701 
709 709 709 709 
709 709 721 721 
709 722 722 721 
725 722 725 721 
725 733 733 721 
725 733 734 734 
743 743 734 734 
743 743 743 734 
743 743 743 743 
754 754 743 743 
756 754 743 756 
757 754 757 756 
757 754 757 757 
767 767 757 757 
768 767 768 757 
769 767 768 769 
777 767 777 769 
779 779 777 769 
781 779 777 781 
792 792 777 781 
792 792 792 781 
793 792 792 793 
801 792 801 793 
804 804 801 793 
805 804 801 805 
816 816 801 805 
816 816 816 805 
816 816 816 816 
825 816 825 816 
828 828 825 816 
828 828 825 828 
838 838 825 828 
838 838 838 828 
838 838 838 838 
849 849 838 838 
850 849 838 850 
852 849 852 850 
858 858 852 850 
866 858 852 866 
866 858 866 866 
876 876 866 866 
876 876 866 876 
880 876 880 876 
890 890 880 876 
890 890 890 876 
890 890 890 890 
901 901 890 890 
901 901 901 890 
901 901 901 901 
912 912 901 901 
912 912 901 912 
923 912 923 912 
927 927 923 912 
927 927 923 927 
934 927 934 927 
942 942 934 927 
942 942 934 942 
946 942 946 942 
956 956 946 942 
959 956 959 942 
960 956 959 960 
960 960 959 960 
960 960 960 960 
971 971 960 960 
971 971 971 960 
971 971 971 971 
971 971 971 971 
981 981 971 971 
981 981 981 971 
981 981 981 981 
992 992 981 981 
992 992 992 981 
992 992 992 992 
992 992 992 992 
1002 1002 992 992 
1002 1002 1002 992 
1002 1002 1002 1002 
1013 1002 1013 1002 
1013 1013 1013 1013 
1029 1013 1029 1013 
1029 1035 1029 1035 
1044 1035 1044 1035 
1044 1044 1044 1035 
1044 1044 1044 1044 
1044 1054 1044 1054 
1044 1054 1054 1054 
1066 1054 1054 1066 
1069 1069 1054 1066 
1069 1069 1069 1066 
1069 1069 1069 1069 
1080 1080 1069 1069 
1082 1080 1069 1082 
1082 1082 1069 1082 
1082 1082 1082 1082 
1093 1082 1082 1093 
1093 1095 1095 1093 
1093 1095 1095 1095 
1104 1104 1095 1095 
1104 1108 1095 1108 
1104 1110 1110 1108 
1115 1115 1110 1108 
1121 1115 1110 1121 
1121 1115 1121 1121 
1121 1127 1121 1127 
1131 1127 1121 1131 
1131 1127 1136 1136 
1131 1139 1136 1139 
1150 1139 1150 1139 
1155 1155 1150 1139 
1161 1155 1161 1139 
1172 1155 1161 1172 
1172 1173 1161 1173 
1174 1173 1174 1173 
1185 1173 1185 1173 
1185 1173 1185 1185 
1185 1195 1185 1195 
1198 1195 1198 1195 
1198 1195 1198 1198 
1198 1198 1198 1198 
1209 1198 1198 1209 
1209 1209 1198 1209 
1222 1209 1222 1209 
1222 1209 1222 1222 
1234 1209 1222 1234 
1234 1244 1244 1234 
1244 1244 1244 1234 
1244 1244 1244 1244 
1255 1244 1244 1255 
1255 1255 1244 1255 
1258 1255 1258 1255 
1258 1258 1258 1255 
1264 1258 1258 1264 
1264 1264 1258 1264 
1272 1264 1272 1264 
1272 1272 1272 1264 
1272 1282 1272 1282 
1285 1285 1272 1282 
1295 1295 1272 1282 
1295 1295 1295 1282 
1295 1297 1295 1297 
1295 1297 1297 1297 
1306 1306 1297 1297 
1306 1306 1306 1297 
1306 1312 1306 1312 
1306 1312 1312 1312 
1317 1317 1312 1312 
1317 1317 1326 1326 
1317 1317 1337 1337 
1317 1317 1350 1350 
1352 1352 1350 1350 
1352 1352 1352 1350 
1352 1352 1361 1361 
1363 1363 1361 1361 
1374 1374 1361 1361 
1374 1374 1374 1374 
1384 1384 1374 1374 
1384 1388 1388 1374 
1397 1397 1388 1374 
1397 1397 1402 1402 
1397 1397 1413 1413 
1397 1416 1416 1413 
1397 1428 1428 1413 
1439 1428 1439 1413 
1439 1447 1439 1447 
1448 1447 1448 1447 
1462 1447 1462 1447 
1462 1462 1462 1462 
1477 1462 1462 1477 
1477 1477 1462 1477 
1492 1477 1492 1477 
1492 1477 1534 1534 
1525.0 1513.0 1560.0 1586.0 
;
EXECUTION TIME HBSS: 2162.5325911 seconds 

-------------------------------------------------------------------
