DATFILE : bwopen0_5r_1000.dat
ENVIRONMENT : bwopen
ALGORITHM : HBSS - TAU 1
RANGE : 1000
STARTING_POS : 0
N_ROBOTS : 5
GREEDY SOLUTION : [ 2892.]
COMPUTATIONS D :
15024
13946
14600
14882
15034
14532
14092
14214
15036
13504
14670
15062
14946
14686
14490
14710
13312
13940
13806
13454
15046
13016
13858
14558
14568
14596
14194
13780
14638
13918
15076
15270
14300
14040
13406
13746
14304
14274
14918
12702
14532
13932
15342
14130
14762
14912
14112
13966
13954
14320
13770
14038
13856
15070
14580
13356
14318
14312
14540
13808
13810
14218
14346
14028
13638
13068
14234
14568
13712
13916
14046
14062
14456
13506
14754
14306
14822
13148
13850
13618
14646
13582
14148
13456
13896
14488
13762
14252
14844
14694
14810
13798
14228
13990
14636
14450
14524
14500
14258
14162
14848
14256
14764
15180
14616
14864
14510
14546
14118
15200
13836
14412
14436
13470
13410
14580
13760
14216
14348
14402
14498
14636
14956
14712
12378
13464
15154
14436
15460
13268
14674
13868
13440
15330
14602
13968
13556
14464
14592
13850
15036
13840
14162
13400
13560
14960
15330
14336
13534
14602
14216
13766
14370
13560
13030
14448
14340
14824
14310
14462
14966
13158
14300
13988
14098
14478
14524
15996
13984
13260
14228
15338
14036
15026
15082
15200
15068
15040
13048
15218
13386
14708
15052
14738
13354
13624
14022
14450
14972
13862
14662
13160
15176
13194
13930
15168
13734
14534
14934
13808
;
HBBS sumD : 12378
BEST_CONFIGURATIONS : 
0 0 0 0 0 
22 26 0 0 0 
22 26 4 0 22 
22 26 4 4 25 
22 15 22 4 25 
13 15 22 4 25 
13 15 9 10 25 
13 15 9 24 4 
17 15 15 24 4 
13 15 15 24 22 
13 15 15 24 22 
8 15 15 24 22 
8 15 20 24 22 
22 15 20 24 22 
22 10 20 24 22 
22 9 20 24 22 
1 9 19 24 22 
8 9 19 3 22 
8 24 19 3 22 
8 24 19 3 5 
8 26 19 3 5 
8 26 19 3 26 
8 8 23 3 26 
8 8 23 21 26 
8 8 23 7 0 
8 8 20 7 7 
8 8 23 7 7 
22 8 23 12 7 
22 8 23 12 7 
22 8 16 12 7 
22 8 16 16 7 
22 8 16 16 7 
26 8 16 16 7 
26 18 19 16 7 
26 18 15 16 7 
26 18 15 12 7 
26 14 15 12 7 
26 17 15 9 7 
1 17 9 9 7 
9 17 9 9 12 
9 17 9 24 12 
14 17 15 24 12 
13 17 15 24 12 
13 13 15 10 12 
13 13 15 10 7 
13 13 15 9 21 
13 13 15 9 21 
13 13 15 9 21 
23 13 15 9 2 
23 13 15 9 2 
23 13 14 9 2 
23 17 14 9 6 
23 13 14 9 6 
23 13 14 0 24 
23 13 14 0 24 
23 19 14 9 24 
23 19 15 9 24 
23 19 9 9 6 
23 19 14 9 6 
23 20 14 18 6 
23 20 13 18 6 
20 20 13 18 2 
3 21 13 18 2 
3 21 4 18 21 
3 21 4 14 21 
3 21 26 14 21 
3 21 20 14 21 
3 21 20 19 7 
3 6 20 19 7 
24 6 20 19 16 
24 4 20 19 16 
24 4 20 13 23 
11 4 20 13 16 
6 4 20 13 16 
6 4 20 13 16 
6 4 20 13 16 
6 4 23 13 11 
6 4 23 25 21 
6 5 23 25 21 
6 5 23 25 21 
6 5 23 25 7 
6 5 23 25 7 
11 4 23 25 7 
11 4 23 14 7 
11 4 16 14 7 
23 4 16 14 7 
23 4 16 14 7 
23 26 16 25 7 
23 26 16 25 21 
23 26 16 25 21 
23 22 7 25 21 
23 22 7 25 21 
23 22 6 25 21 
23 1 6 25 21 
23 1 6 18 21 
23 1 11 18 21 
23 1 11 13 7 
12 1 11 13 21 
12 1 11 13 7 
12 1 11 13 7 
12 1 11 5 7 
8 1 11 5 7 
8 1 11 5 21 
8 1 11 5 21 
8 1 11 5 21 
8 2 6 5 21 
8 2 2 22 21 
8 1 2 22 3 
8 5 2 22 3 
4 5 26 22 3 
4 5 26 22 3 
4 17 26 13 3 
4 17 26 27 3 
5 17 26 27 19 
4 17 26 27 27 
4 15 26 27 27 
4 15 22 27 27 
4 15 26 14 27 
4 15 0 14 9 
4 10 1 14 9 
0 10 1 14 9 
0 10 1 14 9 
0 10 1 14 9 
0 10 1 20 9 
0 10 1 18 22 
0 10 22 18 22 
0 25 22 18 22 
0 25 4 18 22 
0 18 4 18 22 
0 18 4 18 22 
0 20 26 18 22 
0 20 26 18 8 
0 20 26 18 8 
2 20 26 18 18 
2 20 4 18 18 
2 20 26 18 18 
2 20 8 18 18 
2 19 8 18 18 
27 23 8 18 18 
5 23 8 17 18 
5 23 25 17 18 
9 23 25 17 18 
9 20 25 17 14 
9 16 25 17 18 
9 16 25 25 18 
9 16 11 25 19 
27 16 11 25 24 
27 16 11 14 24 
27 16 11 25 24 
27 16 11 13 24 
27 12 11 13 24 
9 12 11 13 24 
9 16 11 13 24 
9 16 11 17 24 
27 16 11 17 10 
27 16 11 17 10 
3 16 11 18 10 
3 16 11 18 10 
21 19 11 18 10 
21 19 6 18 10 
21 15 6 18 10 
21 15 6 18 10 
21 15 6 18 10 
2 15 6 18 10 
2 15 6 19 24 
2 15 6 20 6 
26 15 6 5 6 
26 15 2 5 11 
26 15 2 5 11 
26 15 2 5 7 
26 14 3 5 7 
26 20 3 5 7 
22 20 24 5 7 
22 20 6 5 11 
22 14 21 5 11 
5 14 21 5 11 
25 14 21 5 11 
25 14 21 5 24 
25 14 26 5 8 
13 14 26 5 8 
13 15 26 5 8 
8 15 26 4 8 
8 15 26 27 8 
8 15 26 1 8 
8 10 26 1 8 
8 10 26 1 13 
8 10 5 1 13 
8 10 5 1 26 
8 14 5 1 26 
22 14 5 1 26 
4 14 5 1 26 
4 14 5 1 26 
4 14 5 1 17 
4 14 5 0 17 
4 14 27 2 17 
4 14 27 24 17 
5 14 27 24 17 
1 11 27 24 17 
1 7 27 24 17 
1 7 27 24 4 
1 7 27 24 4 
27 7 27 20 4 
27 7 14 20 4 
27 7 15 20 4 
27 7 15 20 4 
1 7 18 20 4 
1 12 18 20 4 
1 10 18 25 4 
27 10 18 25 4 
27 10 17 25 22 
27 10 17 25 26 
7 10 18 25 26 
7 27 18 25 0 
9 27 8 25 0 
9 27 8 17 0 
9 18 8 17 0 
9 18 8 17 8 
19 18 8 20 8 
19 18 8 20 22 
19 20 13 20 22 
19 20 13 21 17 
19 20 13 21 25 
19 20 17 21 25 
19 20 19 21 15 
19 23 19 21 9 
19 15 25 21 9 
23 15 17 21 9 
18 15 17 21 9 
18 15 17 21 10 
18 15 25 6 10 
18 15 13 6 24 
18 15 13 2 5 
18 15 25 1 5 
18 24 25 1 5 
18 24 25 1 5 
18 24 25 1 4 
14 24 25 1 4 
11 24 17 1 4 
11 24 25 1 4 
11 24 25 2 4 
11 24 16 0 4 
11 6 16 0 26 
12 6 16 0 26 
12 6 16 0 4 
12 6 16 0 22 
12 27 16 5 22 
12 2 16 5 22 
12 2 16 5 26 
23 2 16 5 26 
23 2 16 5 22 
23 2 16 5 22 
23 24 16 5 22 
23 24 16 5 22 
20 24 12 5 22 
20 24 12 5 26 
20 9 12 5 26 
20 9 12 5 4 
19 9 12 5 4 
19 9 12 5 4 
19 9 12 5 0 
19 9 12 4 0 
19 9 12 4 0 
19 9 16 4 0 
19 10 16 4 0 
17 10 16 4 0 
17 10 16 4 5 
17 10 20 4 5 
17 11 20 22 5 
17 24 20 22 5 
17 26 11 22 5 
17 26 11 4 5 
17 26 11 4 1 
17 26 16 5 1 
22 26 16 5 1 
22 26 16 26 27 
17 26 16 26 27 
17 26 15 0 27 
17 26 15 9 27 
15 26 15 11 27 
11 26 15 11 27 
11 26 15 19 22 
11 26 15 19 8 
11 26 15 19 18 
11 1 15 16 18 
11 14 15 16 19 
11 14 18 16 23 
11 14 18 15 23 
11 11 8 15 23 
11 25 0 15 23 
5 25 0 15 6 
5 14 1 15 6 
4 14 1 15 6 
4 14 1 15 3 
13 14 1 2 3 
13 14 1 2 3 
13 16 1 2 3 
13 19 3 2 3 
11 19 3 2 3 
11 19 2 2 21 
11 19 27 2 21 
11 19 27 6 3 
11 19 9 11 3 
10 19 9 11 3 
15 19 9 11 3 
15 19 1 11 2 
15 25 1 3 2 
15 25 1 3 2 
25 25 1 3 19 
25 25 9 3 19 
25 5 9 21 19 
5 5 9 21 20 
27 5 9 19 20 
27 5 9 19 23 
27 5 9 19 20 
27 5 10 19 23 
27 5 10 15 23 
27 5 10 15 20 
27 0 10 15 20 
27 12 15 15 20 
13 12 19 15 20 
13 12 11 15 20 
4 12 11 10 20 
4 12 11 10 19 
4 12 3 10 17 
4 12 3 2 9 
25 12 3 2 9 
25 12 3 2 14 
17 12 3 2 14 
17 12 3 1 15 
17 7 3 9 15 
17 7 3 9 15 
18 7 12 9 15 
18 7 12 13 15 
18 11 14 13 15 
6 11 14 0 15 
6 11 14 6 15 
6 11 25 6 9 
6 11 25 6 24 
6 6 25 6 24 
6 6 8 6 24 
6 6 8 6 27 
6 24 8 6 27 
6 24 8 6 1 
6 11 0 6 1 
20 11 1 6 1 
20 3 1 6 0 
20 23 1 6 0 
20 23 1 21 0 
20 23 2 21 0 
17 23 2 7 0 
25 23 2 7 8 
25 23 2 3 13 
25 23 2 6 18 
25 23 3 6 18 
25 23 3 6 20 
25 23 3 21 20 
25 12 3 21 20 
8 12 3 21 20 
8 12 3 21 20 
8 12 3 25 20 
8 7 26 25 20 
8 7 26 25 21 
8 7 17 25 21 
15 7 17 25 21 
25 20 17 25 21 
7 20 5 25 21 
7 20 5 13 11 
7 20 5 13 17 
7 6 5 1 17 
7 11 5 1 17 
7 12 0 1 17 
7 12 0 1 13 
7 12 0 1 17 
7 7 25 1 17 
7 7 13 26 17 
7 7 13 22 14 
12 7 13 22 10 
12 7 13 4 9 
12 14 13 18 9 
0 0 0 0 0 
;
ROBOT MOVING BEST:
0 0 0 0 0 
1 1 0 0 0 
0 0 1 0 1 
0 0 0 1 1 
0 1 1 0 0 
1 0 0 1 0 
0 0 1 1 0 
0 0 0 1 1 
1 0 1 0 0 
1 0 0 0 1 
1 0 1 0 0 
1 1 0 0 0 
0 1 1 0 0 
1 0 1 0 0 
0 1 0 1 0 
1 1 0 0 0 
1 0 1 0 0 
1 0 0 1 0 
0 1 0 1 0 
0 1 0 0 1 
0 1 1 0 0 
0 0 0 1 1 
0 1 1 0 0 
0 1 0 1 0 
0 0 0 1 1 
0 0 1 0 1 
0 0 1 1 0 
1 0 0 1 0 
0 0 1 1 0 
0 0 1 1 0 
1 0 0 1 0 
0 1 0 1 0 
1 0 0 1 0 
0 1 1 0 0 
0 0 1 1 0 
0 0 0 1 1 
0 1 0 1 0 
0 1 0 1 0 
1 0 1 0 0 
1 0 0 0 1 
0 0 0 1 1 
1 0 1 0 0 
1 0 0 0 1 
0 1 0 1 0 
0 0 0 1 1 
0 0 0 1 1 
0 0 1 0 1 
0 1 0 0 1 
1 0 0 0 1 
0 0 1 1 0 
0 0 1 1 0 
0 1 0 0 1 
0 1 0 1 0 
0 0 0 1 1 
0 1 1 0 0 
0 1 0 1 0 
0 0 1 0 1 
0 0 1 0 1 
0 0 1 0 1 
0 1 0 1 0 
0 0 1 0 1 
1 0 0 0 1 
1 1 0 0 0 
0 0 1 0 1 
0 0 1 1 0 
0 0 1 0 1 
0 0 1 0 1 
0 0 0 1 1 
0 1 0 1 0 
1 0 0 0 1 
0 1 0 0 1 
0 0 0 1 1 
1 0 0 0 1 
1 0 0 0 1 
0 0 1 0 1 
0 0 0 1 1 
0 0 1 0 1 
0 0 0 1 1 
0 1 1 0 0 
1 0 1 0 0 
1 0 0 0 1 
0 0 1 1 0 
1 1 0 0 0 
0 0 1 1 0 
0 0 1 1 0 
1 1 0 0 0 
0 0 1 0 1 
0 1 0 1 0 
0 0 1 0 1 
0 0 1 1 0 
0 1 1 0 0 
0 1 0 0 1 
0 0 1 0 1 
1 1 0 0 0 
0 0 0 1 1 
0 0 1 1 0 
0 0 0 1 1 
1 0 0 0 1 
0 1 0 0 1 
1 0 1 0 0 
1 0 0 1 0 
1 0 0 0 1 
0 1 0 0 1 
0 0 1 0 1 
0 1 0 1 0 
0 1 1 0 0 
0 0 1 1 0 
0 1 0 0 1 
0 1 0 0 1 
1 0 1 0 0 
0 0 0 1 1 
0 1 0 1 0 
0 0 0 1 1 
1 0 0 0 1 
1 0 0 0 1 
0 1 1 0 0 
0 0 1 1 0 
0 0 1 1 0 
0 0 1 0 1 
0 1 1 0 0 
1 0 1 0 0 
1 0 0 1 0 
0 1 0 1 0 
1 0 0 1 0 
0 0 0 1 1 
0 1 1 0 0 
0 1 0 0 1 
1 0 1 0 0 
1 1 0 0 0 
1 0 0 0 1 
0 1 1 0 0 
1 0 0 0 1 
1 0 1 0 0 
1 0 0 0 1 
1 0 1 0 0 
1 0 1 0 0 
1 0 1 0 0 
1 1 0 0 0 
1 1 0 0 0 
1 0 0 1 0 
1 0 1 0 0 
1 0 0 0 1 
0 1 0 0 1 
0 1 0 0 1 
0 0 0 1 1 
0 0 1 0 1 
1 0 0 0 1 
1 0 0 1 0 
1 0 0 1 0 
1 0 0 1 0 
1 1 0 0 0 
1 0 0 0 1 
1 1 0 0 0 
0 0 0 1 1 
1 0 0 0 1 
1 1 0 0 0 
1 0 0 1 0 
0 0 1 0 1 
1 1 0 0 0 
0 0 1 0 1 
0 1 0 1 0 
0 0 0 1 1 
1 0 0 0 1 
1 0 0 0 1 
0 0 0 1 1 
0 0 0 1 1 
1 0 0 1 0 
0 0 1 0 1 
0 1 1 0 0 
0 0 1 0 1 
0 1 1 0 0 
0 1 1 0 0 
1 0 1 0 0 
0 0 1 0 1 
0 1 1 0 0 
1 0 0 0 1 
1 0 0 0 1 
0 0 1 0 1 
0 0 1 0 1 
1 0 0 1 0 
0 1 0 1 0 
1 0 0 1 0 
0 0 0 1 1 
0 0 0 1 1 
0 1 0 0 1 
1 0 0 0 1 
1 0 1 0 0 
0 1 0 0 1 
1 1 0 0 0 
1 0 0 1 0 
1 0 0 1 0 
0 0 0 1 1 
0 1 0 0 1 
0 0 1 1 0 
0 0 1 1 0 
0 1 0 1 0 
1 1 0 0 0 
1 1 0 0 0 
0 1 0 1 0 
0 1 0 0 1 
1 0 1 0 0 
1 0 0 1 0 
0 1 1 0 0 
1 0 1 0 0 
1 1 0 0 0 
1 0 1 0 0 
1 1 0 0 0 
0 1 0 1 0 
1 0 1 0 0 
0 0 1 0 1 
0 0 1 0 1 
1 0 1 0 0 
0 1 0 0 1 
1 0 1 0 0 
0 0 0 1 1 
0 1 1 0 0 
0 0 0 1 1 
1 0 0 1 0 
0 0 1 0 1 
0 1 1 0 0 
0 0 0 1 1 
0 0 1 0 1 
1 0 1 0 0 
0 0 1 0 1 
0 1 0 0 1 
0 1 1 0 0 
1 0 1 0 0 
1 0 1 0 0 
0 0 1 0 1 
0 0 1 1 0 
0 0 1 0 1 
0 0 0 1 1 
0 0 1 1 0 
1 1 0 0 0 
1 0 0 0 1 
1 0 0 0 1 
1 0 1 0 0 
1 0 1 0 0 
0 1 1 0 0 
0 1 0 1 0 
0 0 1 1 0 
0 1 0 0 1 
1 1 0 0 0 
0 1 0 0 1 
0 1 0 0 1 
0 1 0 1 0 
1 1 0 0 0 
1 0 0 0 1 
1 0 0 0 1 
1 0 0 0 1 
0 1 1 0 0 
1 1 0 0 0 
1 0 1 0 0 
1 0 1 0 0 
0 1 0 0 1 
0 1 0 0 1 
0 0 0 1 1 
1 0 1 0 0 
0 1 0 1 0 
1 0 0 0 1 
1 0 0 1 0 
0 0 1 1 0 
1 0 1 0 0 
0 1 1 0 0 
1 0 1 0 0 
0 1 0 0 1 
0 0 1 1 0 
0 1 0 1 0 
0 1 1 0 0 
0 1 1 0 0 
1 0 0 1 0 
1 0 0 0 1 
0 0 1 1 0 
1 0 0 1 0 
0 0 0 1 1 
1 0 0 0 1 
0 0 1 1 0 
0 0 0 1 1 
1 0 0 1 0 
1 0 0 0 1 
0 0 0 1 1 
0 0 0 1 1 
0 1 0 0 1 
0 1 0 1 0 
0 1 0 0 1 
0 0 1 0 1 
0 0 0 1 1 
0 1 1 0 0 
0 1 1 0 0 
1 0 0 0 1 
0 1 1 0 0 
1 0 0 1 0 
1 0 0 0 1 
1 0 0 1 0 
1 0 1 0 0 
0 1 0 0 1 
0 1 1 0 0 
1 0 0 0 1 
0 0 1 0 1 
0 0 1 0 1 
0 0 0 1 1 
0 0 1 1 0 
1 0 0 0 1 
1 0 0 0 1 
0 0 1 0 1 
0 1 0 1 0 
0 0 0 1 1 
1 0 0 0 1 
0 0 1 1 0 
0 1 0 1 0 
1 0 0 0 1 
1 0 0 1 0 
0 0 0 1 1 
0 0 1 0 1 
0 0 1 0 1 
0 0 1 1 0 
0 0 1 0 1 
0 1 1 0 0 
0 1 1 0 0 
1 0 1 0 0 
0 0 1 0 1 
1 0 0 1 0 
0 0 0 1 1 
0 0 1 0 1 
0 0 0 1 1 
1 0 0 1 0 
0 0 0 1 1 
1 0 0 1 0 
0 0 0 1 1 
0 1 0 1 0 
0 1 1 0 0 
1 0 1 0 0 
1 0 0 1 0 
0 1 1 0 0 
1 0 0 1 0 
0 0 0 1 1 
0 0 1 0 1 
0 1 0 0 1 
0 1 0 0 1 
0 1 1 0 0 
1 0 0 0 1 
0 1 1 0 0 
0 1 0 0 1 
0 1 1 0 0 
1 0 1 0 0 
0 1 0 0 1 
0 1 0 0 1 
0 0 0 1 1 
0 0 1 0 1 
1 0 0 1 0 
1 0 0 0 1 
0 0 0 1 1 
0 0 0 1 1 
0 1 1 0 0 
0 1 0 0 1 
0 1 0 1 0 
0 1 1 0 0 
1 0 0 0 1 
1 1 0 0 0 
0 1 0 1 0 
0 1 1 0 0 
0 1 0 0 1 
0 0 1 1 0 
1 1 0 0 0 
1 1 0 0 0 
1 0 1 0 0 
0 0 0 1 1 
0 1 0 0 1 
0 1 0 1 0 
1 1 0 0 0 
0 1 1 0 0 
0 0 1 0 1 
0 1 0 0 1 
0 1 1 0 0 
0 0 1 1 0 
0 0 0 1 1 
1 0 0 0 1 
0 0 0 1 1 
0 1 0 1 0 
1 1 1 1 1 
;
TIMETABLE BEST: 
0.0 0.0 0.0 0.0 0.0 
24 17 0 0 0 
24 17 14 0 24 
24 17 14 14 56 
24 69 26 14 56 
43 69 26 14 56 
43 69 50 64 56 
43 69 50 77 96 
54 69 71 77 96 
65 69 71 77 108 
65 69 71 77 108 
78 69 71 77 108 
78 69 102 77 108 
90 69 102 77 108 
90 80 102 77 108 
90 94 102 77 108 
120 94 115 77 108 
162 94 115 114 108 
162 109 115 114 108 
162 109 115 114 120 
162 153 115 114 120 
162 153 115 114 129 
162 176 138 114 129 
162 176 138 126 129 
162 176 138 138 146 
162 176 148 138 220 
162 176 158 138 220 
174 176 158 156 220 
174 176 158 156 220 
174 176 169 156 220 
174 176 169 167 220 
174 176 169 167 220 
185 176 169 167 220 
185 215 203 167 220 
185 215 227 167 220 
185 215 227 178 220 
185 226 227 178 220 
185 254 227 230 220 
204 254 248 230 220 
232 254 248 230 238 
232 254 248 245 238 
248 254 269 245 238 
273 254 269 245 238 
273 265 269 258 238 
273 265 269 258 256 
273 265 269 272 268 
273 265 269 272 268 
273 265 269 272 268 
342 265 269 272 294 
342 265 269 272 294 
342 265 282 272 294 
342 276 282 272 312 
342 287 282 272 312 
342 287 282 318 325 
342 287 282 318 325 
342 333 282 364 325 
342 333 295 364 325 
342 333 316 364 338 
342 333 332 364 338 
342 346 332 391 338 
342 346 357 391 338 
352 346 357 391 356 
414 400 357 391 356 
414 400 384 391 382 
414 400 384 402 382 
414 400 395 402 382 
414 400 476 402 382 
414 400 476 431 394 
414 412 476 431 394 
451 412 476 431 421 
451 474 476 431 421 
451 474 476 477 432 
469 474 476 477 443 
486 474 476 477 443 
486 474 476 477 443 
486 474 476 477 443 
486 474 486 477 473 
486 474 486 490 492 
486 488 486 490 492 
486 488 486 490 492 
486 488 486 490 504 
486 488 486 490 504 
503 502 486 490 504 
503 502 486 506 504 
503 502 497 506 504 
538 502 497 506 504 
538 502 497 506 504 
538 513 497 522 504 
538 513 497 522 516 
538 513 497 522 516 
538 524 524 522 516 
538 524 524 522 516 
538 524 544 522 516 
538 554 544 522 516 
538 554 544 535 516 
538 554 561 535 516 
538 554 561 561 528 
560 554 561 561 540 
560 554 561 561 552 
560 554 561 561 552 
560 554 561 592 552 
642 554 561 592 552 
642 554 561 592 564 
642 554 561 592 564 
642 554 561 592 564 
642 574 578 592 564 
642 574 596 604 564 
642 594 596 604 576 
642 612 596 604 576 
656 612 635 604 576 
656 612 635 604 576 
656 652 635 623 576 
656 652 635 673 576 
670 652 635 673 637 
684 652 635 673 687 
684 687 635 673 687 
684 687 646 673 687 
684 687 657 704 687 
684 687 674 704 702 
684 698 692 704 702 
698 698 692 704 702 
698 698 692 704 702 
698 698 692 704 702 
698 698 692 746 702 
698 698 692 779 726 
698 698 722 779 726 
698 732 722 779 726 
698 732 734 779 726 
698 745 734 779 726 
698 745 734 779 726 
698 778 745 779 726 
698 778 745 779 738 
698 778 745 779 738 
734 778 745 779 777 
734 778 756 779 777 
734 778 767 779 777 
734 778 790 779 777 
734 791 790 779 777 
753 814 790 779 777 
774 814 790 796 777 
774 814 816 796 777 
796 814 816 796 777 
796 824 816 796 788 
796 845 816 796 799 
796 845 816 808 799 
796 845 869 808 819 
811 845 869 808 857 
811 845 869 824 857 
811 845 869 840 857 
811 845 869 853 857 
811 856 869 853 857 
826 856 869 853 857 
826 867 869 853 857 
826 867 869 864 857 
841 867 869 864 870 
841 867 869 864 870 
880 867 869 881 870 
880 867 869 881 870 
892 901 869 881 870 
892 901 886 881 870 
892 925 886 881 870 
892 925 886 881 870 
892 925 886 881 870 
918 925 886 881 870 
918 925 886 901 883 
918 925 886 914 896 
957 925 886 986 896 
957 925 904 986 913 
957 925 904 986 913 
957 925 904 986 938 
957 938 926 986 938 
957 980 926 986 938 
968 980 963 986 938 
968 980 976 986 963 
968 1022 988 986 963 
980 1022 988 986 963 
1016 1022 988 986 963 
1016 1022 988 986 981 
1016 1022 1051 986 1026 
1029 1022 1051 986 1026 
1029 1035 1051 986 1026 
1042 1035 1051 1000 1026 
1042 1035 1051 1033 1026 
1042 1035 1051 1048 1026 
1042 1046 1051 1048 1026 
1042 1046 1051 1048 1039 
1042 1046 1060 1048 1039 
1042 1046 1060 1048 1069 
1042 1064 1060 1048 1069 
1054 1064 1060 1048 1069 
1066 1064 1060 1048 1069 
1066 1064 1060 1048 1069 
1066 1064 1060 1048 1110 
1066 1064 1060 1066 1110 
1066 1064 1081 1102 1110 
1066 1064 1081 1121 1110 
1080 1064 1081 1121 1110 
1098 1101 1081 1121 1110 
1098 1126 1081 1121 1110 
1098 1126 1081 1121 1148 
1098 1126 1081 1121 1148 
1113 1126 1081 1164 1148 
1113 1126 1112 1164 1148 
1113 1126 1125 1164 1148 
1113 1126 1125 1164 1148 
1128 1126 1143 1164 1148 
1128 1144 1143 1164 1148 
1128 1190 1143 1210 1148 
1143 1190 1143 1210 1148 
1143 1190 1160 1210 1160 
1143 1190 1160 1210 1171 
1198 1190 1177 1210 1171 
1198 1217 1177 1210 1188 
1244 1217 1216 1210 1188 
1244 1217 1216 1222 1188 
1244 1259 1216 1222 1188 
1244 1259 1216 1222 1214 
1281 1259 1216 1270 1214 
1281 1259 1216 1270 1226 
1281 1292 1229 1270 1226 
1281 1292 1229 1324 1256 
1281 1292 1229 1324 1268 
1281 1292 1240 1324 1268 
1281 1292 1275 1324 1291 
1281 1302 1275 1324 1312 
1281 1343 1308 1324 1312 
1304 1343 1320 1324 1312 
1347 1343 1320 1324 1312 
1347 1343 1320 1324 1326 
1347 1343 1332 1336 1326 
1347 1343 1345 1336 1339 
1347 1343 1345 1354 1374 
1347 1343 1358 1374 1374 
1347 1367 1358 1374 1374 
1347 1367 1358 1374 1374 
1347 1367 1358 1374 1388 
1358 1367 1358 1374 1388 
1395 1367 1370 1374 1388 
1395 1367 1382 1374 1388 
1395 1367 1382 1394 1388 
1395 1367 1447 1430 1388 
1395 1380 1447 1430 1399 
1422 1380 1447 1430 1399 
1422 1380 1447 1430 1410 
1422 1380 1447 1430 1422 
1422 1415 1447 1454 1422 
1422 1434 1447 1454 1422 
1422 1434 1447 1454 1433 
1444 1434 1447 1454 1433 
1444 1434 1447 1454 1444 
1444 1434 1447 1454 1444 
1444 1453 1447 1454 1444 
1444 1453 1447 1454 1444 
1454 1453 1458 1454 1444 
1454 1453 1458 1454 1455 
1454 1468 1458 1454 1455 
1454 1468 1458 1454 1466 
1467 1468 1458 1454 1466 
1467 1468 1458 1454 1466 
1467 1468 1458 1454 1480 
1467 1468 1458 1468 1480 
1467 1468 1458 1468 1480 
1467 1468 1469 1468 1480 
1467 1482 1469 1468 1480 
1502 1482 1469 1468 1480 
1502 1482 1469 1468 1504 
1502 1482 1490 1468 1504 
1502 1503 1490 1480 1504 
1502 1521 1490 1480 1504 
1502 1565 1525 1480 1504 
1502 1565 1525 1492 1504 
1502 1565 1525 1492 1522 
1502 1565 1555 1506 1522 
1532 1565 1555 1506 1522 
1532 1565 1555 1515 1537 
1562 1565 1555 1515 1537 
1562 1565 1599 1532 1537 
1562 1565 1599 1578 1537 
1597 1565 1599 1603 1537 
1627 1565 1599 1603 1537 
1627 1565 1599 1633 1568 
1627 1565 1599 1633 1580 
1627 1565 1599 1633 1619 
1627 1584 1599 1667 1619 
1627 1626 1599 1667 1639 
1627 1626 1617 1667 1662 
1627 1626 1617 1711 1662 
1627 1663 1656 1711 1662 
1627 1716 1682 1711 1662 
1674 1716 1682 1711 1714 
1674 1732 1700 1711 1714 
1688 1732 1700 1711 1714 
1688 1732 1700 1711 1738 
1715 1732 1700 1754 1738 
1715 1732 1700 1754 1738 
1715 1785 1700 1754 1738 
1715 1819 1740 1754 1738 
1773 1819 1740 1754 1738 
1773 1819 1762 1754 1750 
1773 1819 1781 1754 1750 
1773 1819 1781 1772 1762 
1773 1819 1796 1789 1762 
1794 1819 1796 1789 1762 
1805 1819 1796 1789 1762 
1805 1819 1824 1789 1784 
1805 1852 1824 1820 1784 
1805 1852 1824 1820 1784 
1828 1852 1824 1820 1841 
1828 1852 1852 1820 1841 
1828 1888 1852 1832 1841 
1864 1888 1852 1832 1854 
1885 1888 1852 1881 1854 
1885 1888 1852 1881 1864 
1885 1888 1852 1881 1874 
1885 1888 1866 1881 1884 
1885 1888 1866 1905 1884 
1885 1888 1866 1905 1894 
1885 1912 1866 1905 1894 
1885 2004 1877 1905 1894 
1935 2004 1901 1905 1894 
1935 2004 1931 1905 1894 
1962 2004 1931 1916 1894 
1962 2004 1931 1916 1907 
1962 2004 1962 1916 1942 
1962 2004 1962 1948 1986 
2002 2004 1962 1948 1986 
2002 2004 1962 1948 2002 
2014 2004 1962 1948 2002 
2014 2004 1962 1968 2015 
2014 2022 1962 1996 2015 
2014 2022 1962 1996 2015 
2031 2022 1996 1996 2015 
2031 2022 1996 2031 2015 
2031 2047 2048 2031 2015 
2086 2047 2048 2070 2015 
2086 2047 2048 2124 2015 
2086 2047 2064 2124 2036 
2086 2047 2064 2124 2051 
2086 2064 2064 2124 2051 
2086 2064 2090 2124 2051 
2086 2064 2090 2124 2077 
2086 2077 2090 2124 2077 
2086 2077 2090 2124 2092 
2086 2095 2116 2124 2092 
2136 2095 2134 2124 2092 
2136 2126 2134 2124 2110 
2136 2178 2134 2124 2110 
2136 2178 2134 2136 2110 
2136 2178 2154 2136 2110 
2184 2178 2154 2148 2110 
2196 2178 2154 2148 2136 
2196 2178 2154 2164 2149 
2196 2178 2154 2188 2175 
2196 2178 2176 2188 2175 
2196 2178 2176 2188 2208 
2196 2178 2176 2200 2208 
2196 2200 2176 2200 2208 
2222 2200 2176 2200 2208 
2222 2200 2176 2200 2208 
2222 2200 2176 2272 2208 
2222 2218 2235 2272 2208 
2222 2218 2235 2272 2262 
2222 2218 2276 2272 2262 
2265 2218 2276 2272 2262 
2288 2264 2276 2272 2262 
2366 2264 2316 2272 2262 
2366 2264 2316 2285 2281 
2366 2264 2316 2285 2346 
2366 2314 2316 2334 2346 
2366 2331 2316 2334 2346 
2366 2358 2340 2334 2346 
2366 2358 2340 2334 2357 
2366 2358 2340 2334 2368 
2366 2376 2392 2334 2368 
2366 2376 2405 2353 2368 
2366 2376 2405 2364 2396 
2384 2376 2405 2364 2414 
2384 2376 2405 2376 2428 
2384 2438 2405 2429 2428 
2476.0 2492.0 2444.0 2492.0 2474.0 
;
EXECUTION TIME HBSS: 3524.17443991 seconds 

-------------------------------------------------------------------
