DATFILE : bwopen0_7r_1000.dat
ENVIRONMENT : bwopen
ALGORITHM : HBSS - TAU 6
RANGE : 1000
STARTING_POS : 0
N_ROBOTS : 7
GREEDY SOLUTION : 857.0
COMPUTATIONS T :
808.0
877.0
872.0
859.0
841.0
808.0
842.0
808.0
842.0
807.0
796.0
789.0
789.0
826.0
800.0
837.0
873.0
850.0
830.0
774.0
798.0
793.0
863.0
857.0
781.0
823.0
795.0
857.0
858.0
803.0
789.0
826.0
809.0
845.0
843.0
843.0
885.0
793.0
796.0
793.0
810.0
852.0
875.0
801.0
873.0
857.0
829.0
819.0
857.0
801.0
826.0
787.0
861.0
776.0
740.0
800.0
884.0
817.0
839.0
834.0
865.0
819.0
776.0
839.0
804.0
814.0
786.0
815.0
790.0
857.0
851.0
859.0
811.0
844.0
805.0
774.0
855.0
892.0
788.0
796.0
820.0
792.0
825.0
819.0
813.0
812.0
810.0
885.0
836.0
877.0
799.0
807.0
876.0
851.0
837.0
859.0
811.0
794.0
816.0
857.0
868.0
944.0
832.0
872.0
840.0
815.0
840.0
871.0
830.0
910.0
841.0
775.0
817.0
774.0
886.0
846.0
836.0
780.0
843.0
802.0
799.0
832.0
766.0
844.0
794.0
849.0
852.0
802.0
855.0
759.0
861.0
790.0
806.0
809.0
815.0
759.0
784.0
758.0
867.0
781.0
834.0
888.0
835.0
826.0
814.0
756.0
759.0
811.0
854.0
868.0
881.0
805.0
832.0
770.0
872.0
781.0
805.0
796.0
875.0
816.0
864.0
868.0
797.0
881.0
883.0
799.0
833.0
771.0
832.0
817.0
857.0
803.0
828.0
829.0
814.0
841.0
851.0
897.0
815.0
808.0
802.0
874.0
806.0
865.0
843.0
853.0
832.0
857.0
862.0
783.0
843.0
781.0
847.0
787.0
786.0
819.0
848.0
857.0
833.0
869.0
;
HBBS bestT : 740.0
BEST_CONFIGURATIONS : 
0 0 0 0 0 0 0 
0 4 0 0 0 0 0 
0 4 0 26 0 0 0 
0 4 0 26 0 0 0 
0 4 1 26 0 0 0 
0 4 1 26 0 0 0 
0 4 1 26 0 0 0 
0 4 1 26 5 0 0 
0 4 1 26 5 22 0 
0 4 1 26 5 22 0 
0 4 1 26 5 22 0 
0 4 1 26 5 22 0 
0 4 1 26 5 22 0 
0 4 1 26 5 22 0 
0 4 1 26 5 22 0 
0 4 1 26 5 22 0 
0 4 1 26 5 22 8 
0 4 1 26 5 22 8 
0 4 1 26 5 22 8 
0 4 1 26 5 22 8 
0 4 1 26 5 22 8 
0 4 1 26 5 22 8 
0 4 1 26 5 22 13 
0 4 1 26 5 22 13 
0 4 1 5 5 22 13 
0 4 1 5 5 22 13 
0 4 1 5 22 22 13 
0 4 1 5 22 8 13 
0 4 1 26 22 8 13 
0 4 27 26 22 8 13 
0 4 27 26 22 8 13 
0 4 27 26 22 8 13 
0 4 27 26 5 8 13 
0 4 27 26 5 8 13 
0 4 27 26 5 8 13 
0 4 27 26 5 8 17 
0 4 27 26 5 8 17 
0 4 27 22 5 8 17 
0 4 27 22 5 8 17 
0 4 27 22 5 8 17 
0 4 27 22 5 8 17 
0 4 27 22 5 8 17 
0 4 27 22 26 8 17 
0 4 27 22 26 13 17 
0 4 9 22 26 13 17 
0 4 9 22 26 13 17 
0 4 9 5 26 13 17 
0 4 9 5 26 13 17 
0 4 9 5 26 13 17 
0 4 9 5 26 13 17 
0 4 9 5 22 13 17 
0 4 9 5 22 13 25 
0 4 9 5 22 13 25 
0 4 9 5 22 13 25 
0 4 9 5 22 13 25 
0 4 9 5 22 13 25 
0 4 9 5 22 13 25 
0 4 9 26 22 13 25 
0 4 9 26 22 17 25 
0 4 9 26 8 17 25 
0 4 9 26 8 17 25 
1 4 9 26 8 17 25 
1 4 9 26 8 17 25 
1 4 9 26 8 17 25 
1 4 9 26 8 17 18 
1 0 9 26 8 17 18 
1 0 9 27 8 17 18 
1 0 9 27 8 17 18 
1 0 9 27 8 17 18 
1 0 9 27 8 25 18 
1 0 9 27 8 25 18 
1 0 9 27 4 25 18 
1 0 9 27 4 25 18 
1 0 9 27 4 25 14 
1 0 9 27 4 25 14 
1 0 9 27 4 25 14 
1 0 9 27 4 25 14 
1 0 9 27 4 25 14 
1 0 9 27 4 25 14 
1 0 9 27 26 25 14 
1 0 9 27 26 17 14 
1 0 10 27 26 17 14 
1 0 10 27 26 17 14 
1 0 10 27 26 17 14 
1 0 10 27 26 17 14 
1 0 10 27 26 17 14 
1 0 10 27 26 17 14 
1 0 10 27 5 17 14 
1 0 10 27 5 17 14 
1 0 10 27 5 13 14 
1 0 10 27 5 13 14 
1 4 10 27 5 13 14 
1 4 10 9 5 13 14 
2 4 10 9 5 13 14 
2 4 10 9 5 13 14 
2 4 10 9 5 13 14 
2 4 10 9 5 13 14 
2 4 10 9 5 13 14 
2 4 10 9 5 13 14 
2 4 10 9 26 13 14 
2 4 15 9 26 13 14 
2 4 15 9 26 17 14 
2 4 15 9 26 17 18 
2 26 15 9 26 17 18 
2 26 15 9 26 17 18 
2 26 15 9 26 17 18 
2 26 15 9 26 17 18 
2 26 15 9 26 17 18 
2 26 15 9 26 17 18 
2 26 15 9 5 17 18 
2 26 15 9 5 17 18 
2 22 15 9 5 17 18 
2 22 15 9 5 17 18 
2 22 15 9 5 17 18 
2 22 15 9 5 13 18 
2 22 15 9 5 13 18 
2 22 15 10 5 13 18 
2 22 15 10 5 13 18 
2 22 15 10 5 13 18 
2 22 15 10 4 13 18 
2 22 15 10 4 8 18 
2 22 15 10 4 8 18 
2 22 15 10 4 8 18 
2 22 15 10 4 8 18 
2 22 15 10 0 8 18 
2 8 15 10 0 8 14 
2 8 15 10 0 8 14 
2 8 15 10 0 8 14 
2 8 15 10 0 22 14 
2 8 15 24 0 22 14 
2 8 15 24 0 22 14 
2 8 15 24 0 22 14 
2 8 15 24 0 22 14 
2 8 15 24 0 22 14 
2 8 15 24 0 22 14 
2 8 10 24 0 22 14 
2 8 10 24 0 26 14 
2 8 10 24 0 26 18 
2 13 10 24 0 26 18 
2 13 10 24 4 26 18 
6 13 10 24 4 26 18 
6 13 10 24 4 26 18 
6 13 10 24 4 26 18 
6 13 10 24 4 26 18 
6 13 10 24 4 26 18 
6 13 10 24 4 26 18 
6 13 10 24 4 5 18 
6 13 10 24 4 5 18 
6 17 10 24 4 5 18 
6 17 15 24 4 5 18 
6 17 15 24 4 5 14 
6 17 15 24 4 5 14 
6 17 15 24 22 5 14 
6 25 15 24 22 5 14 
6 25 10 24 22 5 14 
6 25 10 24 22 5 14 
6 25 10 24 8 5 14 
6 25 10 24 8 5 15 
6 25 10 24 8 1 15 
6 25 10 24 8 1 15 
6 25 10 24 8 1 15 
6 25 9 24 8 1 15 
6 25 9 24 8 1 15 
6 18 9 24 8 1 14 
6 18 9 24 8 27 14 
6 18 9 24 8 27 14 
6 18 9 24 0 27 14 
6 18 27 24 0 27 15 
6 19 27 24 0 27 15 
6 19 27 24 0 27 15 
6 19 27 9 0 27 15 
6 19 27 9 0 27 15 
6 19 27 9 0 1 15 
6 19 27 9 0 1 15 
6 19 27 9 0 1 10 
21 19 27 9 0 1 10 
21 19 27 9 0 1 10 
21 19 27 9 0 1 10 
21 19 27 9 0 1 10 
21 19 27 9 0 1 10 
21 19 27 9 0 1 10 
21 19 27 9 0 1 15 
21 20 27 9 0 1 15 
21 20 27 9 0 1 15 
21 20 27 9 0 1 15 
21 20 27 9 0 1 15 
21 20 27 9 0 1 15 
21 20 27 9 0 1 15 
21 23 27 9 0 1 15 
21 23 27 9 0 1 15 
21 23 27 9 0 1 15 
21 23 27 9 0 1 15 
21 23 27 9 0 1 15 
21 23 27 9 0 1 15 
21 16 27 9 0 1 15 
21 16 27 9 0 1 15 
21 16 27 9 0 1 15 
21 16 27 9 0 1 15 
21 16 27 9 0 1 15 
21 16 27 9 0 1 10 
21 12 27 9 0 1 10 
21 12 27 9 0 1 10 
21 12 27 9 0 1 10 
21 12 27 9 0 1 10 
21 12 27 9 0 1 10 
21 12 27 9 0 1 10 
21 12 27 9 0 1 15 
3 12 27 9 0 1 15 
3 12 27 9 0 1 15 
3 12 27 9 0 1 15 
3 12 27 9 0 1 15 
3 12 27 9 0 1 15 
3 12 27 9 0 1 15 
3 16 27 9 0 1 15 
3 16 27 9 0 1 10 
3 16 27 9 4 1 10 
3 16 27 9 4 1 10 
3 16 27 24 4 1 10 
3 16 27 24 4 5 10 
3 16 27 24 4 5 10 
3 16 27 24 4 5 10 
3 16 2 24 4 5 10 
3 16 2 24 4 5 10 
3 16 2 24 4 5 15 
3 16 2 24 26 5 15 
3 16 2 24 26 5 15 
3 16 2 6 26 5 15 
3 16 2 6 26 5 15 
3 16 2 6 26 5 15 
3 16 2 6 26 22 15 
3 16 2 6 26 22 15 
3 16 2 6 26 22 14 
3 16 2 6 26 22 14 
3 16 2 21 26 22 14 
3 16 2 21 26 22 14 
3 16 2 21 4 22 14 
3 16 2 21 4 22 14 
3 16 2 21 4 22 14 
3 23 2 21 4 22 14 
3 23 2 21 4 22 14 
3 23 2 21 4 22 14 
3 23 2 21 4 22 14 
3 23 2 21 4 22 14 
3 23 2 7 4 22 14 
3 23 2 7 4 22 14 
3 23 2 7 4 22 14 
3 23 2 7 4 22 14 
3 23 2 7 4 22 14 
3 23 2 7 4 22 14 
3 20 2 7 4 22 14 
3 20 2 7 4 22 14 
3 20 2 7 4 22 14 
3 20 2 7 4 22 14 
3 20 2 7 4 22 14 
3 20 2 7 4 22 14 
3 20 2 7 4 22 18 
3 20 2 7 26 22 18 
3 20 2 7 26 22 18 
3 20 2 7 26 22 18 
3 20 2 7 26 22 18 
3 20 2 7 26 8 18 
3 20 2 7 26 8 18 
3 20 2 7 26 8 18 
3 20 6 7 26 8 18 
3 20 6 7 26 8 18 
3 20 6 7 5 8 18 
3 20 6 7 5 8 18 
21 20 6 7 5 8 18 
21 20 6 7 5 8 18 
21 20 6 7 5 8 18 
21 20 6 7 5 8 18 
21 20 6 7 5 8 18 
21 23 6 7 5 8 18 
21 23 6 7 5 8 18 
21 23 6 7 5 8 18 
21 23 6 7 5 8 18 
21 23 6 7 26 8 18 
21 23 6 7 26 8 18 
21 23 6 12 26 8 18 
21 23 6 12 26 8 18 
21 23 6 12 26 8 18 
21 23 6 12 26 8 18 
21 23 6 12 26 8 14 
7 23 6 12 26 8 14 
7 23 6 12 5 8 14 
7 20 6 12 5 8 14 
7 20 6 12 5 8 18 
7 20 6 12 5 22 18 
7 20 24 12 5 22 18 
7 20 24 12 5 22 18 
7 20 24 12 5 22 18 
7 23 24 12 5 22 18 
7 23 24 12 4 22 18 
7 23 24 12 4 22 25 
7 23 24 12 4 22 25 
7 23 24 12 4 22 25 
7 23 24 12 4 13 25 
7 23 24 12 4 13 25 
7 23 24 12 4 13 25 
7 23 10 12 4 13 25 
7 23 10 12 4 13 25 
7 23 10 12 4 13 17 
7 23 10 12 4 13 17 
7 23 10 12 4 13 17 
7 23 10 12 0 13 17 
7 20 10 12 0 13 17 
7 20 10 12 0 13 17 
7 20 10 12 0 13 17 
7 20 10 16 0 13 17 
7 20 10 16 0 13 17 
7 20 10 16 0 13 17 
7 20 10 16 0 13 17 
7 20 10 16 1 13 17 
7 20 15 16 1 13 17 
7 23 15 16 1 13 17 
7 23 15 16 1 13 25 
7 23 15 16 1 8 25 
7 20 15 16 1 8 25 
21 20 15 16 1 8 25 
21 20 15 23 1 8 25 
21 20 15 23 1 13 25 
21 20 15 23 2 13 25 
21 20 24 23 2 13 25 
21 20 24 23 2 17 25 
21 19 24 23 2 17 25 
21 19 24 16 2 17 25 
21 19 24 16 2 17 25 
21 19 24 16 2 17 25 
21 19 24 16 2 17 25 
21 19 24 12 2 17 25 
21 19 24 12 2 13 25 
21 19 24 12 2 13 25 
3 19 24 12 2 13 25 
3 19 24 12 2 13 25 
3 19 24 12 2 13 17 
3 19 11 12 2 13 17 
3 19 11 12 2 13 17 
3 19 11 12 2 13 17 
3 19 11 12 2 13 17 
3 19 11 12 2 13 17 
3 19 11 12 2 13 17 
3 19 11 16 2 13 17 
21 19 11 16 2 13 17 
21 19 11 16 2 13 25 
21 20 11 16 2 13 25 
21 20 11 16 2 8 25 
21 20 11 16 6 8 25 
21 20 11 23 6 8 25 
7 20 11 23 6 8 25 
7 20 11 23 6 22 25 
7 20 11 23 6 22 18 
7 19 11 23 6 22 18 
7 19 11 23 6 22 18 
7 19 11 23 6 22 18 
7 19 11 23 6 22 18 
7 19 11 23 24 22 18 
7 19 11 20 24 22 18 
7 19 11 20 24 26 18 
7 19 11 20 24 26 14 
7 19 11 20 24 26 14 
7 19 11 20 24 26 14 
7 19 11 20 10 26 14 
7 19 11 20 10 5 14 
7 19 11 20 10 5 14 
7 19 11 20 10 5 15 
12 19 11 16 10 5 15 
12 19 11 16 9 5 15 
12 19 11 16 9 4 15 
12 19 11 16 9 4 15 
16 19 11 16 9 4 18 
16 19 11 16 27 4 18 
16 19 11 16 27 8 18 
16 19 11 7 27 8 18 
7 19 11 7 27 8 9 
7 19 11 7 1 8 9 
7 19 11 7 1 0 9 
7 25 11 3 1 0 9 
7 25 11 3 2 1 9 
7 25 11 3 2 1 27 
0 0 0 0 0 0 0 
;
ROBOT MOVING BEST:
0 0 0 0 0 0 0 
1 1 0 0 0 0 0 
1 0 0 1 0 0 0 
0 1 0 1 0 0 0 
1 0 1 0 0 0 0 
0 1 1 0 0 0 0 
0 0 1 1 0 0 0 
1 0 0 0 1 0 0 
1 0 0 0 0 1 0 
0 1 0 0 1 0 0 
0 1 0 0 0 1 0 
0 0 1 0 1 0 0 
0 0 1 0 0 1 0 
0 0 0 1 1 0 0 
0 0 0 1 0 1 0 
0 0 0 0 1 1 0 
1 0 0 0 0 0 1 
0 1 0 0 0 0 1 
0 0 1 0 0 0 1 
0 0 0 1 0 0 1 
0 0 0 0 1 0 1 
0 0 0 0 0 1 1 
1 0 0 0 0 0 1 
0 1 0 0 0 0 1 
0 0 0 1 0 0 1 
0 0 1 0 0 0 1 
0 0 0 0 1 0 1 
0 0 0 0 0 1 1 
0 0 0 1 0 0 1 
1 0 1 0 0 0 0 
0 1 1 0 0 0 0 
0 0 1 1 0 0 0 
0 0 1 0 1 0 0 
0 0 1 0 0 1 0 
0 0 1 0 0 0 1 
1 0 0 0 0 0 1 
0 1 0 0 0 0 1 
0 0 1 1 0 0 0 
0 0 1 0 0 0 1 
0 0 0 1 0 0 1 
0 0 0 0 1 0 1 
0 0 0 0 0 1 1 
0 0 0 0 1 0 1 
0 0 0 0 0 1 1 
1 0 1 0 0 0 0 
0 1 1 0 0 0 0 
0 0 1 1 0 0 0 
0 0 1 0 1 0 0 
0 0 1 0 0 1 0 
0 0 1 0 0 0 1 
0 0 1 0 1 0 0 
1 0 0 0 0 0 1 
0 1 0 0 0 0 1 
0 0 1 0 0 0 1 
0 0 0 1 0 0 1 
0 0 0 0 1 0 1 
0 0 0 0 0 1 1 
0 0 0 1 0 0 1 
0 0 0 0 0 1 1 
0 0 1 0 1 0 0 
0 0 0 0 1 0 1 
1 0 1 0 0 0 0 
1 0 0 0 0 1 0 
1 0 0 0 0 0 1 
1 0 0 0 0 0 1 
0 1 0 0 0 0 1 
0 0 1 1 0 0 0 
1 0 0 1 0 0 0 
0 0 1 0 0 0 1 
0 0 0 1 0 1 0 
0 0 0 1 0 0 1 
0 0 0 0 1 0 1 
0 0 0 0 0 1 1 
1 0 0 0 0 0 1 
0 1 0 0 0 0 1 
0 0 1 0 0 0 1 
0 0 0 1 0 0 1 
0 0 0 0 1 0 1 
0 0 0 0 0 1 1 
0 0 0 0 1 0 1 
0 0 0 0 0 1 1 
1 0 1 0 0 0 0 
0 1 1 0 0 0 0 
0 0 1 1 0 0 0 
0 0 1 0 1 0 0 
0 0 1 0 0 1 0 
0 0 1 0 0 0 1 
0 0 1 0 1 0 0 
0 0 0 0 1 0 1 
0 0 1 0 0 1 0 
0 0 0 0 0 1 1 
0 1 1 0 0 0 0 
0 0 1 1 0 0 0 
1 1 0 0 0 0 0 
1 0 1 0 0 0 0 
1 0 0 1 0 0 0 
1 0 0 0 1 0 0 
1 0 0 0 0 1 0 
1 0 0 0 0 0 1 
1 0 0 0 1 0 0 
1 0 1 0 0 0 0 
1 0 0 0 0 1 0 
1 0 0 0 0 0 1 
0 1 0 0 0 0 1 
0 1 1 0 0 0 0 
0 0 1 1 0 0 0 
0 0 1 0 0 1 0 
0 0 1 0 0 0 1 
0 0 0 0 0 1 1 
0 0 1 0 1 0 0 
0 0 0 0 1 0 1 
1 1 0 0 0 0 0 
0 1 1 0 0 0 0 
0 1 0 0 0 0 1 
0 0 1 0 0 1 0 
0 0 0 0 0 1 1 
0 1 0 1 0 0 0 
0 0 1 1 0 0 0 
0 0 0 1 0 0 1 
0 0 1 0 1 0 0 
1 0 0 0 0 1 0 
0 0 1 0 0 1 0 
0 0 0 1 0 1 0 
0 0 0 0 0 1 1 
1 0 0 0 1 0 0 
0 1 0 0 0 0 1 
0 0 1 0 1 0 0 
0 0 1 0 0 0 1 
0 0 0 0 0 1 1 
1 0 0 1 0 0 0 
0 1 0 1 0 0 0 
0 0 1 1 0 0 0 
0 0 0 1 1 0 0 
0 0 0 1 0 1 0 
0 0 0 1 0 0 1 
0 0 1 1 0 0 0 
0 0 0 1 0 1 0 
0 0 0 1 0 0 1 
0 1 0 1 0 0 0 
0 0 0 1 1 0 0 
1 1 0 0 0 0 0 
1 0 1 0 0 0 0 
1 0 0 1 0 0 0 
1 0 0 0 0 1 0 
1 0 0 0 1 0 0 
1 0 0 0 0 0 1 
1 0 0 0 0 1 0 
0 0 0 1 0 1 0 
1 1 0 0 0 0 0 
1 0 1 0 0 0 0 
1 0 0 0 0 0 1 
0 1 0 1 0 0 0 
1 0 0 0 1 0 0 
1 1 0 0 0 0 0 
0 1 1 0 0 0 0 
0 1 0 1 0 0 0 
1 0 0 0 1 0 0 
0 1 0 0 0 0 1 
1 0 0 0 0 1 0 
0 0 0 1 0 1 0 
0 0 0 0 0 1 1 
1 0 1 0 0 0 0 
0 0 1 1 0 0 0 
0 1 0 0 0 0 1 
1 0 0 0 0 1 0 
0 0 0 1 0 1 0 
1 0 0 0 1 0 0 
0 0 1 0 0 0 1 
1 1 0 0 0 0 0 
0 1 1 0 0 0 0 
0 1 0 1 0 0 0 
0 1 0 0 1 0 0 
0 1 0 0 0 1 0 
0 1 0 0 0 0 1 
0 1 0 0 0 0 1 
1 1 0 0 0 0 0 
1 0 1 0 0 0 0 
1 0 0 1 0 0 0 
1 0 0 0 1 0 0 
1 0 0 0 0 1 0 
1 0 0 0 0 0 1 
1 0 0 0 0 0 1 
1 1 0 0 0 0 0 
0 1 1 0 0 0 0 
0 1 0 1 0 0 0 
0 1 0 0 1 0 0 
0 1 0 0 0 1 0 
0 1 0 0 0 0 1 
0 1 1 0 0 0 0 
1 1 0 0 0 0 0 
0 1 0 1 0 0 0 
0 1 0 0 1 0 0 
0 1 0 0 0 1 0 
0 1 0 0 0 0 1 
1 1 0 0 0 0 0 
0 1 1 0 0 0 0 
0 1 0 1 0 0 0 
0 1 0 0 1 0 0 
0 1 0 0 0 1 0 
0 1 0 0 0 0 1 
1 1 0 0 0 0 0 
0 1 1 0 0 0 0 
0 1 0 1 0 0 0 
0 1 0 0 1 0 0 
0 1 0 0 0 1 0 
0 1 0 0 0 0 1 
0 1 0 0 0 0 1 
1 1 0 0 0 0 0 
1 0 1 0 0 0 0 
1 0 0 1 0 0 0 
1 0 0 0 1 0 0 
1 0 0 0 0 1 0 
1 0 0 0 0 0 1 
1 1 0 0 0 0 0 
1 0 0 0 0 0 1 
1 0 0 0 1 0 0 
0 1 0 0 1 0 0 
1 0 0 1 0 0 0 
1 0 0 0 0 1 0 
0 1 0 1 0 0 0 
0 1 0 0 0 1 0 
1 0 1 0 0 0 0 
0 1 1 0 0 0 0 
0 1 0 0 0 0 1 
0 1 0 0 1 0 0 
1 0 0 0 1 0 0 
1 0 0 1 0 0 0 
0 1 0 1 0 0 0 
0 0 1 1 0 0 0 
1 0 0 0 0 1 0 
0 1 0 0 0 1 0 
1 0 0 0 0 0 1 
0 1 0 0 0 0 1 
1 0 0 1 0 0 0 
0 0 1 1 0 0 0 
0 0 0 1 1 0 0 
0 0 0 1 0 1 0 
0 0 0 1 0 0 1 
1 1 0 0 0 0 0 
0 1 1 0 0 0 0 
0 1 0 0 1 0 0 
0 1 0 0 0 1 0 
0 1 0 0 0 0 1 
1 0 0 1 0 0 0 
0 1 0 1 0 0 0 
0 0 1 1 0 0 0 
0 0 0 1 1 0 0 
0 0 0 1 0 1 0 
0 0 0 1 0 0 1 
1 1 0 0 0 0 0 
0 1 1 0 0 0 0 
0 1 0 1 0 0 0 
0 1 0 0 1 0 0 
0 1 0 0 0 1 0 
0 1 0 0 0 0 1 
1 0 0 0 0 0 1 
0 1 0 0 1 0 0 
0 1 0 0 0 0 1 
0 0 0 1 1 0 0 
0 0 0 1 0 0 1 
1 0 0 0 0 1 0 
0 1 0 0 0 1 0 
0 0 0 1 0 1 0 
0 1 1 0 0 0 0 
0 0 1 1 0 0 0 
0 1 0 0 1 0 0 
0 0 0 1 1 0 0 
1 0 1 0 0 0 0 
1 0 0 1 0 0 0 
1 0 0 0 1 0 0 
1 0 0 0 0 1 0 
1 0 0 0 0 0 1 
0 1 1 0 0 0 0 
0 1 0 0 1 0 0 
0 1 0 0 0 1 0 
0 1 0 0 0 0 1 
1 0 0 0 1 0 0 
0 1 0 0 1 0 0 
0 1 0 1 0 0 0 
0 0 1 1 0 0 0 
0 0 0 1 0 1 0 
0 0 0 1 1 0 0 
0 0 0 1 0 0 1 
1 0 0 1 0 0 0 
0 0 0 1 1 0 0 
0 1 0 1 0 0 0 
0 0 0 1 0 0 1 
0 0 0 1 0 1 0 
1 0 1 0 0 0 0 
0 1 1 0 0 0 0 
0 0 1 1 0 0 0 
0 1 1 0 0 0 0 
0 0 0 1 1 0 0 
1 0 0 0 0 0 1 
0 1 0 0 0 0 1 
0 0 0 1 0 0 1 
1 0 0 0 0 1 0 
0 1 0 0 0 1 0 
0 0 0 1 0 1 0 
1 0 1 0 0 0 0 
0 1 1 0 0 0 0 
1 0 0 0 0 0 1 
0 1 0 0 0 0 1 
0 0 0 1 0 0 1 
1 0 0 0 1 0 0 
0 1 1 0 0 0 0 
0 1 0 0 0 1 0 
0 1 0 0 0 0 1 
1 0 0 1 0 0 0 
0 1 0 1 0 0 0 
0 0 0 1 0 1 0 
0 0 0 1 0 0 1 
1 0 0 0 1 0 0 
1 0 1 0 0 0 0 
0 1 0 1 0 0 0 
0 0 0 1 0 0 1 
0 0 0 1 0 1 0 
0 1 0 0 0 0 1 
1 0 0 0 0 0 1 
0 1 0 1 0 0 0 
1 0 0 0 0 1 0 
0 0 0 0 1 0 1 
1 0 1 0 0 0 0 
1 0 0 0 0 1 0 
0 1 1 0 0 0 0 
0 1 0 1 0 0 0 
0 1 0 0 1 0 0 
0 1 0 0 0 1 0 
0 1 0 0 0 0 1 
0 1 0 1 0 0 0 
0 1 0 0 0 1 0 
0 0 0 1 1 0 0 
1 1 0 0 0 0 0 
1 0 0 0 0 1 0 
1 0 0 0 0 0 1 
1 0 1 0 0 0 0 
0 1 1 0 0 0 0 
0 0 1 1 0 0 0 
0 0 1 0 1 0 0 
0 0 1 0 0 1 0 
0 0 1 0 0 0 1 
0 0 1 1 0 0 0 
1 0 1 0 0 0 0 
0 0 1 0 0 0 1 
0 1 1 0 0 0 0 
0 0 1 0 0 1 0 
0 0 1 0 1 0 0 
0 0 1 1 0 0 0 
1 0 1 0 0 0 0 
0 0 1 0 0 1 0 
0 0 1 0 0 0 1 
1 1 0 0 0 0 0 
0 1 0 1 0 0 0 
0 1 0 0 0 1 0 
0 1 0 0 0 0 1 
0 0 1 0 1 0 0 
0 1 0 1 0 0 0 
0 1 0 0 0 1 0 
0 1 0 0 0 0 1 
0 0 1 0 0 1 0 
0 0 1 0 0 0 1 
0 0 1 0 1 0 0 
0 1 0 0 0 1 0 
0 0 1 0 0 1 0 
0 0 1 0 0 0 1 
1 0 0 1 0 0 0 
0 0 1 0 1 0 0 
0 1 0 0 0 1 0 
0 0 1 0 0 1 0 
1 0 0 0 0 0 1 
0 0 1 0 1 0 0 
0 1 0 0 0 1 0 
0 0 0 1 1 0 0 
1 0 0 0 0 0 1 
0 0 1 0 1 0 0 
0 0 1 0 0 1 0 
0 1 0 1 0 0 0 
0 0 0 0 1 1 0 
0 0 0 0 1 0 1 
1 1 1 1 1 1 1 
;
TIMETABLE BEST: 
0.0 0.0 0.0 0.0 0.0 0.0 0.0 
14 14 0 0 0 0 0 
17 14 0 17 0 0 0 
17 17 0 17 0 0 0 
18 17 18 17 0 0 0 
18 18 18 17 0 0 0 
18 18 18 18 0 0 0 
24 18 18 18 24 0 0 
24 18 18 18 24 24 0 
24 24 18 18 24 24 0 
24 24 18 18 24 24 0 
24 24 24 18 24 24 0 
24 24 24 18 24 24 0 
24 24 24 24 24 24 0 
24 24 24 24 24 24 0 
24 24 24 24 24 24 0 
26 24 24 24 24 24 26 
26 26 24 24 24 24 26 
26 26 26 24 24 24 26 
26 26 26 26 24 24 26 
26 26 26 26 26 24 26 
26 26 26 26 26 26 26 
39 26 26 26 26 26 39 
39 39 26 26 26 26 39 
39 39 26 39 26 26 39 
39 39 39 39 26 26 39 
39 39 39 39 39 26 39 
39 39 39 39 39 39 39 
39 39 39 48 39 39 48 
54 39 54 48 39 39 48 
54 54 54 48 39 39 48 
54 54 54 54 39 39 48 
54 54 54 54 54 39 48 
54 54 54 54 54 54 48 
54 54 54 54 54 54 54 
65 54 54 54 54 54 65 
65 65 54 54 54 54 65 
65 65 65 65 54 54 65 
65 65 65 65 54 54 65 
65 65 65 65 54 54 65 
65 65 65 65 65 54 65 
65 65 65 65 65 65 65 
65 65 65 65 74 65 74 
65 65 65 65 74 78 78 
80 65 80 65 74 78 78 
80 80 80 65 74 78 78 
80 80 80 80 74 78 78 
80 80 80 80 80 78 78 
80 80 80 80 80 80 78 
80 80 80 80 80 80 80 
80 80 91 80 91 80 80 
92 80 91 80 91 80 92 
92 92 91 80 91 80 92 
92 92 92 80 91 80 92 
92 92 92 92 91 80 92 
92 92 92 92 92 80 92 
92 92 92 92 92 92 92 
92 92 92 101 92 92 101 
92 92 92 101 92 103 103 
92 92 104 101 104 103 103 
92 92 104 101 104 103 104 
110 92 110 101 104 103 104 
110 92 110 101 104 110 104 
110 92 110 101 104 110 110 
123 92 110 101 104 110 123 
123 123 110 101 104 110 123 
123 123 123 123 104 110 123 
123 123 123 123 104 110 123 
123 123 123 123 104 110 123 
123 123 123 123 104 123 123 
123 123 123 123 104 123 123 
123 123 123 123 123 123 123 
123 123 123 123 123 123 123 
134 123 123 123 123 123 134 
134 134 123 123 123 123 134 
134 134 134 123 123 123 134 
134 134 134 134 123 123 134 
134 134 134 134 134 123 134 
134 134 134 134 134 134 134 
134 134 134 134 145 134 145 
134 134 134 134 145 146 146 
148 134 148 134 145 146 146 
148 148 148 134 145 146 146 
148 148 148 148 145 146 146 
148 148 148 148 148 146 146 
148 148 148 148 148 148 146 
148 148 148 148 148 148 148 
148 148 157 148 157 148 148 
148 148 157 148 157 148 157 
148 148 159 148 157 159 157 
148 148 159 148 157 159 159 
148 162 162 148 157 159 159 
148 162 163 163 157 159 159 
168 168 163 163 157 159 159 
168 168 168 163 157 159 159 
168 168 168 168 157 159 159 
168 168 168 168 168 159 159 
168 168 168 168 168 168 159 
168 168 168 168 168 168 168 
177 168 168 168 177 168 168 
179 168 179 168 177 168 168 
179 168 179 168 177 179 168 
179 168 179 168 177 179 179 
179 179 179 168 177 179 179 
179 179 179 168 177 179 179 
179 179 179 179 177 179 179 
179 179 179 179 177 179 179 
179 179 179 179 177 179 179 
179 179 179 179 177 179 179 
179 179 186 179 186 179 179 
179 179 186 179 186 179 186 
190 190 186 179 186 179 186 
190 190 190 179 186 179 186 
190 190 190 179 186 179 190 
190 190 190 179 186 190 190 
190 190 190 179 186 190 190 
190 193 190 193 186 190 190 
190 193 193 193 186 190 190 
190 193 193 193 186 190 193 
190 193 200 193 200 190 193 
203 193 200 193 200 203 193 
203 193 203 193 200 203 193 
203 193 203 203 200 203 193 
203 193 203 203 200 203 203 
214 193 203 203 214 203 203 
214 214 203 203 214 203 214 
214 214 214 203 214 203 214 
214 214 214 203 214 203 214 
214 214 214 203 214 215 215 
216 214 214 216 214 215 215 
216 216 214 216 214 215 215 
216 216 216 216 214 215 215 
216 216 216 216 216 215 215 
216 216 216 216 216 216 215 
216 216 216 216 216 216 216 
216 216 227 227 216 216 216 
216 216 227 227 216 227 216 
216 216 227 227 216 227 227 
216 229 227 229 216 227 227 
216 229 227 230 230 227 227 
234 234 227 230 230 227 227 
234 234 234 230 230 227 227 
234 234 234 234 230 227 227 
234 234 234 234 230 234 227 
234 234 234 234 234 234 227 
234 234 234 234 234 234 234 
243 234 234 234 234 243 234 
243 234 234 243 234 243 234 
245 245 234 243 234 243 234 
245 245 245 243 234 243 234 
245 245 245 243 234 243 245 
245 245 245 245 234 243 245 
246 245 245 245 246 243 245 
257 257 245 245 246 243 245 
257 257 257 245 246 243 245 
257 257 257 257 246 243 245 
258 257 257 257 258 243 245 
258 258 257 257 258 243 258 
261 258 257 257 258 261 258 
261 258 257 261 258 261 258 
261 258 257 261 258 261 261 
271 258 271 261 258 261 261 
271 258 271 271 258 261 261 
271 274 271 271 258 261 274 
276 274 271 271 258 276 274 
276 274 271 276 258 276 274 
284 274 271 276 284 276 274 
284 274 287 276 284 276 287 
294 294 287 276 284 276 287 
294 294 294 276 284 276 287 
294 294 294 294 284 276 287 
294 294 294 294 294 276 287 
294 294 294 294 294 294 287 
294 294 294 294 294 294 294 
294 305 294 294 294 294 305 
306 306 294 294 294 294 305 
306 306 306 294 294 294 305 
306 306 306 306 294 294 305 
306 306 306 306 306 294 305 
306 306 306 306 306 306 305 
306 306 306 306 306 306 306 
317 306 306 306 306 306 317 
319 319 306 306 306 306 317 
319 319 319 306 306 306 317 
319 319 319 319 306 306 317 
319 319 319 319 319 306 317 
319 319 319 319 319 319 317 
319 319 319 319 319 319 319 
319 329 329 319 319 319 319 
329 329 329 319 319 319 319 
329 329 329 329 319 319 319 
329 329 329 329 329 319 319 
329 329 329 329 329 329 319 
329 329 329 329 329 329 329 
340 340 329 329 329 329 329 
340 340 340 329 329 329 329 
340 340 340 340 329 329 329 
340 340 340 340 340 329 329 
340 340 340 340 340 340 329 
340 340 340 340 340 340 340 
351 351 340 340 340 340 340 
351 351 351 340 340 340 340 
351 351 351 351 340 340 340 
351 351 351 351 351 340 340 
351 351 351 351 351 351 340 
351 351 351 351 351 351 351 
351 362 351 351 351 351 362 
363 363 351 351 351 351 362 
363 363 363 351 351 351 362 
363 363 363 363 351 351 362 
363 363 363 363 363 351 362 
363 363 363 363 363 363 362 
363 363 363 363 363 363 363 
374 374 363 363 363 363 363 
374 374 363 363 363 363 374 
377 374 363 363 377 363 374 
377 377 363 363 377 363 374 
378 377 363 378 377 363 374 
381 377 363 378 377 381 374 
381 378 363 378 377 381 374 
381 381 363 378 377 381 374 
382 381 382 378 377 381 374 
382 382 382 378 377 381 374 
382 385 382 378 377 381 385 
382 388 382 378 388 381 385 
388 388 382 378 388 381 385 
391 388 382 391 388 381 385 
391 391 382 391 388 381 385 
391 391 391 391 388 381 385 
393 391 391 391 388 393 385 
393 393 391 391 388 393 385 
398 393 391 391 388 393 398 
398 398 391 391 388 393 398 
403 398 391 403 388 393 398 
403 398 403 403 388 393 398 
403 398 403 403 403 393 398 
403 398 403 403 403 403 398 
403 398 403 403 403 403 403 
409 409 403 403 403 403 403 
409 409 409 403 403 403 403 
409 409 409 403 409 403 403 
409 409 409 403 409 409 403 
409 409 409 403 409 409 409 
415 409 409 415 409 409 409 
415 415 409 415 409 409 409 
415 415 415 415 409 409 409 
415 415 415 415 415 409 409 
415 415 415 415 415 415 409 
415 415 415 415 415 415 415 
425 425 415 415 415 415 415 
425 425 425 415 415 415 415 
425 425 425 425 415 415 415 
425 425 425 425 425 415 415 
425 425 425 425 425 425 415 
425 425 425 425 425 425 425 
436 425 425 425 425 425 436 
436 436 425 425 436 425 436 
436 436 425 425 436 425 436 
436 436 425 436 436 425 436 
436 436 425 436 436 425 436 
437 436 425 436 436 437 436 
437 437 425 436 436 437 436 
437 437 425 437 436 437 436 
437 443 443 437 436 437 436 
437 443 443 443 436 437 436 
437 445 443 443 445 437 436 
437 445 443 445 445 437 436 
449 445 449 445 445 437 436 
449 445 449 449 445 437 436 
449 445 449 449 449 437 436 
449 445 449 449 449 449 436 
449 445 449 449 449 449 449 
449 455 455 449 449 449 449 
449 455 455 449 455 449 449 
449 455 455 449 455 455 449 
449 455 455 449 455 455 455 
464 455 455 449 464 455 455 
464 464 455 449 464 455 455 
464 467 455 467 464 455 455 
464 467 467 467 464 455 455 
464 467 467 467 464 467 455 
464 467 467 467 467 467 455 
464 467 467 467 467 467 467 
476 467 467 476 467 467 467 
476 467 467 476 476 467 467 
476 477 467 477 476 467 467 
476 477 467 478 476 467 478 
476 477 467 479 476 479 478 
480 477 480 479 476 479 478 
480 480 480 479 476 479 478 
480 480 480 480 476 479 478 
480 490 490 480 476 479 478 
480 490 490 490 490 479 478 
491 490 490 490 490 479 491 
491 491 490 490 490 479 491 
491 491 490 491 490 479 491 
498 491 490 491 490 498 491 
498 498 490 491 490 498 491 
498 498 490 498 490 498 491 
503 498 503 498 490 498 491 
503 503 503 498 490 498 491 
503 503 503 498 490 498 503 
503 503 503 498 490 498 503 
503 503 503 503 490 498 503 
504 503 503 503 504 498 503 
504 513 513 503 504 498 503 
504 513 513 503 504 513 503 
504 513 513 503 504 513 513 
514 513 513 514 504 513 513 
514 514 513 514 504 513 513 
514 514 513 514 504 514 513 
514 514 513 514 504 514 514 
522 514 513 514 522 514 514 
524 514 524 514 522 514 514 
524 524 524 524 522 514 514 
524 524 524 526 522 514 526 
524 524 524 527 522 527 526 
524 534 524 527 522 527 534 
536 534 524 527 522 527 536 
536 538 524 538 522 527 536 
540 538 524 538 522 540 536 
540 538 524 538 542 540 542 
548 538 548 538 542 540 542 
551 538 548 538 542 551 542 
551 551 551 538 542 551 542 
551 551 551 551 542 551 542 
551 551 551 551 551 551 542 
551 551 551 551 551 551 542 
551 551 551 551 551 551 551 
551 562 551 562 551 551 551 
551 562 551 562 551 562 551 
551 562 551 562 562 562 551 
563 563 551 562 562 562 551 
563 563 551 562 562 563 551 
563 563 551 562 562 563 563 
569 563 569 562 562 563 563 
569 569 569 562 562 563 563 
569 569 569 569 562 563 563 
569 569 569 569 569 563 563 
569 569 569 569 569 569 563 
569 569 569 569 569 569 569 
569 569 580 580 569 569 569 
581 569 581 580 569 569 569 
581 569 581 580 569 569 581 
581 582 582 580 569 569 581 
581 582 582 580 569 582 581 
581 582 587 580 587 582 581 
581 582 591 591 587 582 581 
593 582 593 591 587 582 581 
593 582 594 591 587 594 581 
593 582 594 591 587 594 594 
595 595 594 591 587 594 594 
595 595 594 595 587 594 594 
595 595 594 595 587 595 594 
595 595 594 595 587 595 595 
595 595 600 595 600 595 595 
595 605 600 605 600 595 595 
595 606 600 605 600 606 595 
595 606 600 605 600 606 606 
595 606 606 605 600 606 606 
595 606 606 605 600 606 606 
595 606 613 605 613 606 606 
595 615 613 605 613 615 606 
595 615 615 605 613 615 606 
595 615 619 605 613 615 619 
626 615 619 626 613 615 619 
626 615 627 626 627 615 619 
626 629 627 626 627 629 619 
626 629 629 626 627 629 619 
637 629 629 626 627 629 637 
637 629 642 626 642 629 637 
637 643 642 626 642 643 637 
637 643 642 653 653 643 637 
664 643 642 653 653 643 664 
664 643 668 653 668 643 664 
664 643 669 653 668 669 664 
664 676 669 676 668 669 664 
664 676 669 676 688 688 664 
664 676 669 676 688 688 688 
738.0 728.0 740.0 734.0 724.0 706.0 721.0 
;
EXECUTION TIME HBSS: 7785.69962502 seconds 

-------------------------------------------------------------------
