DATFILE : bwopen0_8r_1000.dat
ENVIRONMENT : bwopen
ALGORITHM : HBSS - TAU 2
RANGE : 1000
STARTING_POS : 0
N_ROBOTS : 8
GREEDY SOLUTION : 729.0
COMPUTATIONS T :
727.0
815.0
774.0
828.0
710.0
741.0
754.0
706.0
736.0
759.0
717.0
732.0
772.0
768.0
735.0
725.0
767.0
728.0
774.0
748.0
729.0
756.0
789.0
789.0
709.0
799.0
797.0
733.0
734.0
714.0
774.0
829.0
748.0
793.0
706.0
760.0
714.0
714.0
773.0
759.0
709.0
752.0
675.0
784.0
727.0
763.0
712.0
739.0
749.0
749.0
749.0
739.0
764.0
766.0
768.0
750.0
765.0
751.0
730.0
766.0
815.0
669.0
705.0
691.0
708.0
767.0
758.0
763.0
796.0
728.0
679.0
812.0
729.0
770.0
762.0
739.0
764.0
728.0
754.0
742.0
736.0
736.0
760.0
788.0
753.0
802.0
727.0
719.0
783.0
761.0
739.0
720.0
763.0
699.0
754.0
718.0
727.0
716.0
761.0
716.0
737.0
748.0
712.0
817.0
718.0
763.0
721.0
746.0
710.0
756.0
772.0
765.0
781.0
736.0
765.0
769.0
762.0
775.0
785.0
823.0
760.0
778.0
805.0
789.0
726.0
743.0
728.0
737.0
785.0
677.0
733.0
686.0
730.0
742.0
732.0
712.0
768.0
740.0
734.0
797.0
758.0
788.0
705.0
794.0
762.0
745.0
766.0
784.0
821.0
778.0
736.0
780.0
748.0
794.0
755.0
746.0
710.0
778.0
754.0
758.0
709.0
699.0
747.0
729.0
768.0
784.0
712.0
802.0
782.0
783.0
797.0
723.0
756.0
767.0
762.0
793.0
733.0
768.0
725.0
809.0
816.0
725.0
762.0
743.0
755.0
692.0
831.0
770.0
760.0
737.0
707.0
749.0
722.0
780.0
788.0
757.0
721.0
814.0
768.0
806.0
;
HBBS bestT : 669.0
BEST_CONFIGURATIONS : 
0 0 0 0 0 0 0 0 
0 0 4 0 0 0 0 0 
0 0 4 0 26 0 0 0 
0 0 4 0 26 0 0 0 
0 1 4 0 26 0 0 0 
0 1 4 0 26 4 0 0 
0 1 4 26 26 4 0 0 
0 1 4 26 22 4 1 0 
0 1 4 5 22 4 1 0 
0 1 4 5 22 4 1 8 
0 1 4 5 22 4 1 8 
0 1 4 5 22 4 1 8 
0 1 4 5 22 4 1 8 
0 1 4 5 22 4 1 8 
0 1 4 5 22 4 1 8 
0 1 4 5 22 4 1 8 
0 1 4 5 22 4 1 8 
0 1 4 5 22 4 1 8 
0 1 4 5 22 4 1 8 
0 1 4 5 22 26 1 8 
0 1 4 5 26 26 1 8 
0 1 4 5 26 26 1 8 
0 1 5 5 26 26 27 8 
4 27 5 5 26 26 27 8 
4 27 5 5 26 26 27 8 
4 27 5 5 26 22 27 8 
4 27 5 5 26 22 27 8 
4 27 5 5 26 22 27 13 
4 27 5 5 5 22 27 13 
4 27 5 5 5 22 27 13 
4 27 22 5 5 22 27 13 
4 27 22 1 5 22 27 13 
4 27 22 1 5 8 27 13 
4 27 22 1 5 8 9 13 
4 27 22 1 5 8 9 13 
4 27 22 1 5 8 9 13 
4 27 22 1 5 8 9 13 
4 27 22 1 5 8 9 13 
4 27 22 1 5 8 9 13 
4 27 22 1 5 8 9 13 
4 27 22 1 5 8 9 13 
4 27 22 1 26 8 9 13 
4 27 22 1 26 8 9 13 
0 9 22 1 26 8 9 13 
0 9 22 27 26 8 9 13 
0 9 22 27 26 13 9 13 
0 9 5 27 26 13 9 17 
0 9 5 27 26 13 9 17 
0 9 5 27 26 13 9 17 
0 9 5 27 26 13 9 17 
0 9 5 27 4 13 9 17 
0 9 5 27 4 13 10 17 
0 9 5 27 4 13 10 17 
0 9 5 27 4 13 10 17 
0 9 5 27 4 13 10 17 
0 9 5 27 4 13 10 17 
0 9 5 27 4 13 10 17 
0 9 5 27 4 13 10 17 
0 9 5 27 4 13 10 17 
0 9 26 27 4 13 10 17 
0 9 26 27 4 17 10 17 
0 9 26 27 4 17 10 25 
0 9 26 27 4 17 10 25 
0 9 26 2 4 17 10 25 
0 9 26 2 4 17 10 25 
0 9 26 2 22 17 10 25 
0 9 26 2 22 17 10 25 
0 9 26 2 22 17 10 25 
0 9 26 2 22 17 10 25 
0 9 26 2 22 17 10 25 
0 9 26 2 22 17 10 25 
0 9 26 2 22 17 24 25 
0 9 26 2 22 17 24 25 
0 9 26 2 22 13 24 25 
0 9 26 2 5 13 24 25 
4 24 26 2 5 13 24 25 
4 24 26 2 5 13 24 25 
4 24 26 2 5 13 24 25 
4 24 26 2 5 13 24 25 
4 24 26 2 5 13 24 25 
4 24 26 2 5 13 24 25 
4 24 26 2 5 13 24 25 
4 24 26 2 5 13 24 25 
4 24 26 2 5 17 24 25 
4 24 26 2 5 17 24 25 
4 24 4 2 5 17 24 25 
4 24 4 2 5 17 24 25 
4 24 4 2 22 17 24 25 
4 24 26 2 22 17 6 25 
4 24 26 2 22 17 6 25 
4 24 26 2 22 17 6 18 
4 24 26 2 22 17 6 18 
4 24 26 2 22 17 6 18 
4 24 26 2 22 17 6 18 
4 24 26 2 22 17 6 18 
4 24 26 2 22 17 6 18 
4 24 26 2 22 17 6 18 
4 24 26 2 22 17 6 18 
4 24 26 2 22 17 6 18 
4 24 26 2 22 17 6 18 
4 24 26 2 22 17 6 18 
4 24 26 2 22 17 6 18 
4 24 5 2 22 17 6 18 
4 24 5 2 22 13 6 18 
4 24 5 2 22 13 6 14 
4 24 5 2 22 13 6 14 
4 24 5 2 22 13 6 14 
4 24 5 2 22 13 6 14 
4 24 5 2 8 13 6 14 
4 24 5 2 8 13 6 14 
4 24 5 2 8 13 6 14 
4 24 5 2 8 13 6 14 
22 24 5 2 8 13 21 14 
22 24 4 2 8 13 21 14 
22 24 4 2 8 13 21 14 
22 24 4 2 8 17 21 14 
22 24 4 2 8 17 21 14 
22 10 4 2 8 17 21 14 
22 10 4 2 8 17 21 14 
22 10 4 2 8 17 21 14 
22 10 4 2 8 17 21 14 
22 10 4 2 8 17 21 14 
22 10 4 2 8 17 21 14 
8 10 4 2 8 25 21 14 
8 10 4 2 8 25 21 14 
8 10 4 2 8 25 21 14 
8 10 4 2 8 25 21 18 
8 10 4 2 8 25 21 18 
8 10 4 2 8 25 21 18 
8 10 4 2 8 25 21 18 
8 10 0 2 8 25 21 18 
8 10 0 2 8 25 21 18 
8 10 0 6 8 25 21 18 
8 10 0 6 8 25 21 18 
8 10 0 6 8 25 21 18 
8 10 0 6 8 25 21 18 
8 10 0 6 8 18 21 14 
8 10 0 6 8 18 21 14 
8 10 0 6 13 18 21 14 
8 10 0 6 13 18 21 14 
8 15 0 6 13 18 21 14 
8 15 0 6 13 18 21 14 
8 15 0 6 13 18 21 14 
8 15 0 24 13 18 21 14 
8 15 0 24 13 18 21 14 
8 15 0 24 13 18 21 14 
8 15 0 24 13 18 21 14 
8 15 0 24 13 18 21 14 
8 15 0 24 13 18 21 14 
8 15 0 24 13 18 7 14 
8 15 0 24 13 18 7 14 
8 15 0 24 13 18 7 14 
8 15 0 10 13 18 7 14 
8 15 0 10 13 18 7 14 
8 15 0 10 13 18 7 14 
8 15 0 10 13 18 7 14 
22 15 0 10 13 18 7 15 
22 15 0 10 25 18 7 15 
22 15 0 10 25 18 7 15 
22 15 4 10 25 18 7 15 
22 15 4 10 25 18 7 15 
22 15 4 11 25 19 7 15 
22 15 4 11 25 19 7 15 
22 15 4 11 25 19 7 15 
22 15 4 11 25 19 7 15 
22 15 4 11 25 19 7 15 
22 15 4 11 25 19 7 15 
22 15 4 11 25 19 7 15 
22 15 4 11 25 19 7 15 
22 15 4 11 25 19 7 15 
22 15 4 11 25 19 7 15 
22 15 4 11 25 19 3 15 
22 15 4 11 25 19 3 15 
22 15 4 11 25 19 3 10 
22 15 4 11 25 19 3 10 
22 15 4 11 25 19 3 10 
22 15 4 11 13 19 3 10 
22 15 4 11 13 19 3 10 
22 15 4 11 13 19 3 10 
22 15 4 11 13 19 3 10 
22 15 4 11 13 19 3 10 
22 15 4 11 13 19 3 10 
22 15 26 11 13 19 3 10 
8 15 26 11 13 19 3 10 
8 15 26 11 13 19 3 10 
8 15 26 11 13 19 3 10 
8 15 26 11 13 19 3 10 
8 15 26 11 13 19 3 10 
8 15 26 11 13 19 3 24 
8 15 26 11 13 19 3 24 
8 15 26 11 13 19 3 24 
8 15 26 11 13 19 3 24 
8 15 26 11 17 19 3 24 
8 15 26 11 17 19 3 24 
8 15 26 11 17 19 3 24 
8 15 26 11 17 20 3 24 
8 15 26 11 17 20 21 24 
8 15 26 11 17 20 21 24 
8 15 26 11 17 20 21 24 
4 15 26 11 17 20 21 24 
4 14 26 11 17 23 21 24 
4 14 26 11 17 23 21 24 
4 14 5 11 17 23 21 24 
4 14 5 11 17 23 21 24 
4 14 5 11 17 23 21 24 
4 14 5 11 17 23 21 24 
4 14 5 11 17 23 21 24 
4 14 5 11 17 23 21 24 
4 14 5 11 25 23 21 24 
4 14 5 11 25 23 21 24 
4 14 5 11 25 23 21 24 
22 14 5 11 25 23 21 24 
22 14 26 11 25 23 21 24 
22 14 26 11 25 23 6 24 
22 14 26 11 17 23 6 24 
22 14 26 11 17 23 6 6 
22 14 26 11 17 23 6 6 
22 14 26 11 17 23 6 6 
22 18 26 11 17 23 6 6 
22 18 5 11 17 23 6 6 
8 18 5 11 17 20 6 6 
8 18 5 11 17 20 6 6 
8 18 5 11 17 20 6 6 
8 18 5 11 17 20 6 6 
8 18 5 11 17 20 21 6 
8 18 5 11 13 20 21 6 
8 18 26 11 13 20 21 6 
8 18 26 11 13 20 21 2 
22 18 26 11 13 20 21 2 
22 14 26 11 13 20 21 2 
22 14 26 11 13 20 3 2 
22 14 5 11 13 20 3 2 
22 14 5 11 13 20 3 2 
22 14 5 11 25 20 3 2 
22 14 5 11 25 23 3 2 
22 14 5 11 25 23 3 2 
8 14 5 11 25 23 3 2 
8 18 5 11 25 23 3 2 
8 18 5 11 25 23 3 2 
8 18 5 11 25 23 3 2 
8 18 5 6 25 23 3 2 
8 18 5 6 25 23 3 2 
8 18 5 6 25 23 3 2 
8 18 5 6 25 20 3 2 
8 18 5 6 25 20 3 2 
8 18 5 6 25 20 3 2 
8 14 1 6 25 20 3 2 
8 14 1 6 25 20 3 2 
8 14 1 6 25 20 3 2 
8 14 1 6 17 20 3 2 
17 14 1 6 17 19 3 2 
17 18 1 6 17 19 3 2 
17 18 1 6 17 19 3 2 
17 18 1 6 17 19 3 2 
17 18 1 21 17 19 3 2 
17 18 1 21 17 19 3 2 
17 18 1 21 17 19 3 2 
17 18 1 21 17 19 3 2 
17 18 1 21 17 19 3 2 
17 18 1 7 17 19 3 2 
17 18 1 7 17 19 3 2 
17 14 1 7 17 19 3 2 
17 14 1 7 17 19 7 24 
17 15 1 7 17 19 7 24 
17 15 1 7 17 19 7 24 
17 15 1 7 17 19 7 24 
17 15 1 7 17 19 7 24 
17 15 1 7 17 20 7 24 
17 15 1 7 17 20 7 24 
17 15 1 7 17 20 7 24 
8 15 1 12 17 20 7 24 
8 15 1 12 17 20 7 24 
8 15 1 12 17 20 7 24 
8 15 1 12 17 20 7 24 
8 15 1 12 13 20 7 24 
8 15 1 12 13 20 7 24 
8 15 1 12 13 20 7 24 
8 15 1 12 13 20 7 24 
8 15 1 12 13 23 7 24 
8 15 1 12 13 23 7 24 
8 15 1 12 17 23 7 24 
8 15 1 12 17 23 7 24 
8 15 1 12 17 23 7 24 
22 15 1 12 17 23 7 24 
22 15 1 12 17 23 7 11 
22 15 1 12 17 23 7 11 
22 15 1 12 17 23 7 11 
22 15 1 12 17 16 7 11 
22 10 1 12 17 16 7 11 
22 10 1 12 17 16 7 11 
22 10 1 12 17 16 7 11 
22 10 1 12 17 16 7 11 
22 10 1 12 13 16 7 11 
22 10 1 12 13 16 7 11 
22 10 1 12 13 16 21 11 
26 10 1 12 13 16 21 11 
26 10 1 12 13 16 21 11 
26 10 27 12 13 16 21 11 
26 9 27 12 13 16 21 6 
26 9 27 12 13 16 21 6 
26 9 27 12 13 16 21 6 
26 9 27 12 25 16 21 6 
26 9 27 12 25 16 21 6 
26 9 27 16 25 16 21 6 
4 9 27 16 25 16 21 6 
4 9 27 16 25 16 21 6 
4 9 27 16 25 16 21 6 
4 9 27 16 25 16 21 6 
4 9 27 16 25 16 21 6 
4 9 27 16 25 23 21 6 
4 9 27 16 25 23 21 6 
4 9 27 16 25 23 21 6 
4 9 27 16 25 23 3 6 
4 9 27 16 25 23 3 6 
4 9 27 16 25 23 3 6 
4 9 27 16 25 23 3 6 
4 9 27 16 25 23 3 21 
4 9 27 16 25 20 3 21 
4 9 27 16 25 20 3 21 
4 9 27 16 18 20 3 21 
4 9 27 16 18 20 3 21 
4 9 27 16 18 20 3 7 
4 9 27 16 18 20 3 7 
0 9 27 16 18 20 3 7 
0 9 27 16 18 20 3 7 
0 9 27 16 18 20 3 7 
0 9 27 16 18 20 3 7 
0 9 27 16 18 23 3 7 
0 9 27 16 14 23 3 7 
0 9 27 16 14 23 3 7 
0 9 27 12 14 23 3 7 
0 9 27 12 14 23 3 7 
0 9 27 12 14 23 3 7 
0 9 27 12 14 23 3 7 
0 9 27 12 14 23 3 7 
0 9 27 12 14 23 3 6 
0 9 27 12 14 16 3 6 
4 9 27 12 14 16 3 6 
4 24 27 12 14 16 3 6 
4 24 27 12 14 16 7 6 
4 24 27 12 18 16 7 6 
5 24 27 12 18 12 7 6 
5 10 27 12 18 12 7 24 
5 10 27 12 18 12 7 24 
5 10 27 16 18 12 7 24 
5 10 27 16 18 12 7 24 
5 10 27 16 18 12 7 24 
5 10 27 16 18 12 7 24 
5 15 2 16 18 12 7 24 
5 15 2 16 18 12 7 24 
5 15 2 16 18 12 7 24 
5 15 2 16 18 12 7 24 
5 15 2 16 18 12 7 6 
5 15 2 16 17 12 7 6 
5 15 2 16 17 12 7 6 
26 15 2 16 17 12 7 6 
26 15 2 16 17 12 7 6 
26 15 2 16 17 12 7 21 
26 10 2 16 17 23 7 21 
26 10 2 16 13 23 7 21 
26 10 2 20 13 23 7 21 
26 10 2 20 13 23 7 21 
27 10 2 20 13 23 7 21 
27 10 2 20 13 16 7 11 
27 10 2 20 8 16 7 11 
27 10 2 19 8 16 7 11 
27 15 2 19 8 16 7 11 
27 15 2 19 8 16 7 11 
27 15 2 19 8 16 7 11 
27 15 2 19 8 16 6 11 
27 15 2 19 8 12 6 11 
9 15 2 19 8 12 6 11 
9 15 2 19 8 12 6 11 
9 15 9 19 8 12 6 11 
9 15 9 19 5 12 6 11 
9 19 9 20 5 12 6 11 
9 19 9 20 5 23 19 11 
11 19 9 20 0 23 19 11 
11 19 9 20 0 23 19 11 
0 0 0 0 0 0 0 0 
;
ROBOT MOVING BEST:
0 0 0 0 0 0 0 0 
1 0 1 0 0 0 0 0 
1 0 0 0 1 0 0 0 
0 0 1 0 1 0 0 0 
1 1 0 0 0 0 0 0 
0 1 0 0 0 1 0 0 
0 1 0 1 0 0 0 0 
0 0 0 0 1 0 1 0 
1 0 0 1 0 0 0 0 
0 1 0 0 0 0 0 1 
0 0 1 0 0 0 0 1 
1 0 0 0 0 0 0 1 
0 1 0 1 0 0 0 0 
0 0 1 1 0 0 0 0 
0 0 0 1 0 0 0 1 
0 0 1 0 1 0 0 0 
0 0 0 0 1 0 0 1 
1 0 0 0 1 0 0 0 
0 0 0 1 1 0 0 0 
0 0 0 0 1 1 0 0 
0 0 0 1 1 0 0 0 
0 0 0 0 1 0 0 1 
0 0 1 0 0 0 1 0 
1 1 0 0 0 0 0 0 
0 1 0 0 1 0 0 0 
0 1 0 0 0 1 0 0 
0 1 0 0 0 0 0 1 
1 0 0 0 0 0 0 1 
0 0 0 0 1 0 0 1 
0 1 0 0 0 0 0 1 
0 0 1 0 0 0 0 1 
0 1 0 1 0 0 0 0 
0 0 0 0 0 1 0 1 
0 0 1 0 0 0 1 0 
0 0 0 0 1 0 1 0 
1 0 0 0 0 0 1 0 
0 1 0 0 0 0 1 0 
0 0 0 0 0 1 1 0 
0 0 0 1 0 0 1 0 
0 0 0 1 0 0 0 1 
0 0 0 0 0 0 1 1 
0 0 0 0 1 0 1 0 
0 0 0 0 1 0 0 1 
1 1 0 0 0 0 0 0 
1 0 0 1 0 0 0 0 
1 0 0 0 0 1 0 0 
0 0 1 0 0 0 0 1 
1 0 0 0 0 0 0 1 
0 1 0 0 0 0 0 1 
0 0 0 1 0 0 0 1 
0 0 0 0 1 0 0 1 
1 0 0 0 0 0 1 0 
0 0 0 0 0 1 0 1 
0 1 0 0 0 0 1 0 
0 0 1 0 0 0 1 0 
0 0 0 0 1 0 1 0 
0 0 0 1 0 0 1 0 
0 0 0 0 0 1 1 0 
0 0 0 0 0 0 1 1 
0 0 1 0 0 0 1 0 
0 0 1 0 0 1 0 0 
1 0 0 0 0 0 0 1 
0 1 0 0 0 0 0 1 
0 1 0 1 0 0 0 0 
0 0 1 0 0 0 0 1 
0 0 0 0 1 1 0 0 
0 0 0 0 0 1 0 1 
0 0 0 0 1 0 1 0 
0 0 0 0 1 0 0 1 
0 0 1 1 0 0 0 0 
1 0 0 1 0 0 0 0 
0 1 0 0 0 0 1 0 
0 0 0 1 1 0 0 0 
0 0 0 1 0 1 0 0 
0 0 0 0 1 0 0 1 
1 1 0 0 0 0 0 0 
0 0 1 0 0 0 1 0 
0 0 0 1 0 0 1 0 
0 0 0 0 0 1 1 0 
0 0 0 1 1 0 0 0 
0 0 0 1 0 0 0 1 
0 0 0 0 1 0 1 0 
0 0 0 0 0 1 0 1 
0 1 0 0 0 1 0 0 
1 0 0 1 0 0 0 0 
0 0 1 0 0 0 0 1 
0 0 0 0 0 0 1 1 
0 1 0 0 1 0 0 0 
0 0 1 0 0 0 1 0 
0 0 0 1 0 1 0 0 
0 0 1 0 0 0 0 1 
1 0 0 0 0 0 1 0 
0 1 0 0 0 0 1 0 
1 0 0 0 0 0 0 1 
0 1 0 0 0 0 0 1 
0 0 0 1 0 0 1 0 
0 0 0 1 0 0 0 1 
0 0 0 0 1 0 1 0 
0 0 0 0 0 1 0 1 
0 0 0 0 1 0 0 1 
0 0 0 0 0 1 1 0 
0 0 0 0 0 0 1 1 
0 0 1 0 0 0 1 0 
0 0 0 0 0 1 1 0 
1 0 0 0 0 0 0 1 
0 1 0 0 0 0 0 1 
0 0 0 1 0 0 0 1 
0 0 1 0 0 0 0 1 
0 0 0 0 1 0 0 1 
0 1 0 0 1 0 0 0 
0 0 0 1 1 0 0 0 
0 0 0 0 0 1 0 1 
1 0 0 0 0 0 1 0 
0 0 1 0 0 0 1 0 
1 0 0 0 0 0 0 1 
0 0 0 0 0 1 0 1 
0 0 0 0 1 1 0 0 
0 1 0 0 0 0 1 0 
0 1 0 1 0 0 0 0 
0 1 0 0 1 0 0 0 
0 1 0 0 0 0 0 1 
0 0 0 1 0 0 1 0 
0 0 0 0 1 0 1 0 
1 0 0 0 0 1 0 0 
0 0 0 0 0 0 1 1 
0 1 0 0 0 1 0 0 
0 0 0 0 1 0 0 1 
0 0 0 0 0 1 1 0 
0 0 0 0 0 0 1 1 
0 1 0 0 0 0 0 1 
0 0 1 0 0 0 1 0 
0 0 1 0 0 0 0 1 
1 0 0 1 0 0 0 0 
0 0 0 0 0 1 0 1 
0 1 0 1 0 0 0 0 
0 0 1 1 0 0 0 0 
0 0 0 0 0 1 0 1 
0 0 0 1 0 0 1 0 
0 0 0 0 1 0 1 0 
0 0 1 0 0 0 0 1 
1 1 0 0 0 0 0 0 
0 1 0 0 0 0 1 0 
0 0 0 0 1 1 0 0 
0 1 0 1 0 0 0 0 
0 1 1 0 0 0 0 0 
0 1 0 0 1 0 0 0 
0 0 1 1 0 0 0 0 
0 1 0 0 0 0 0 1 
0 1 0 0 0 1 0 0 
1 0 0 0 0 0 1 0 
0 1 0 0 0 0 1 0 
0 0 1 0 0 0 1 0 
0 1 0 1 0 0 0 0 
0 0 0 0 0 0 1 1 
0 0 0 0 1 0 1 0 
0 0 0 0 0 1 1 0 
1 0 0 0 0 0 0 1 
0 1 0 0 1 0 0 0 
0 0 0 1 0 0 1 0 
0 0 1 0 0 0 0 1 
0 0 1 0 0 0 1 0 
0 0 0 1 0 1 0 0 
1 0 0 0 0 0 1 0 
0 0 0 0 1 0 1 0 
0 1 0 0 0 1 0 0 
1 0 0 1 0 0 0 0 
0 1 0 1 0 0 0 0 
1 0 0 0 0 1 0 0 
0 0 1 1 0 0 0 0 
0 0 0 0 1 1 0 0 
0 0 0 1 1 0 0 0 
1 0 0 0 0 0 1 0 
0 0 1 0 0 1 0 0 
0 0 0 1 0 0 0 1 
0 0 0 1 0 0 1 0 
0 0 0 0 0 1 0 1 
0 0 0 1 1 0 0 0 
0 1 0 0 0 0 1 0 
0 0 1 0 0 0 1 0 
0 0 0 0 0 1 1 0 
0 0 0 0 0 0 1 1 
0 0 0 0 1 1 0 0 
0 0 1 1 0 0 0 0 
1 0 0 1 0 0 0 0 
0 1 1 0 0 0 0 0 
0 0 1 0 0 1 0 0 
1 0 0 0 0 1 0 0 
0 0 0 0 1 0 1 0 
0 0 0 1 0 0 0 1 
0 0 1 0 0 0 1 0 
0 0 0 0 0 1 0 1 
1 0 0 0 0 0 1 0 
0 0 0 1 1 0 0 0 
0 0 0 0 0 0 1 1 
0 1 0 0 1 0 0 0 
0 0 0 0 1 1 0 0 
0 0 1 0 0 0 1 0 
0 0 0 1 0 0 1 0 
0 0 0 0 0 0 1 1 
1 0 0 0 0 1 0 0 
0 1 0 0 0 1 0 0 
0 0 0 0 1 0 1 0 
0 0 1 1 0 0 0 0 
0 0 1 0 0 0 1 0 
0 0 1 0 0 1 0 0 
1 0 0 0 0 1 0 0 
0 1 0 1 0 0 0 0 
0 0 0 1 0 1 0 0 
0 1 0 0 1 0 0 0 
0 0 0 0 0 1 0 1 
0 0 0 0 0 1 1 0 
1 0 0 0 0 1 0 0 
0 1 1 0 0 0 0 0 
0 1 0 0 0 0 1 0 
0 0 0 0 1 1 0 0 
0 0 0 0 0 1 0 1 
0 0 1 0 0 1 0 0 
0 0 0 1 0 0 1 0 
0 1 0 1 0 0 0 0 
0 1 1 0 0 0 0 0 
1 0 0 0 0 1 0 0 
0 0 1 0 0 1 0 0 
0 0 0 1 0 1 0 0 
0 1 0 0 0 1 0 0 
0 0 0 0 0 1 1 0 
0 0 0 0 1 1 0 0 
0 0 1 0 0 1 0 0 
0 0 0 1 0 0 0 1 
1 0 0 0 0 1 0 0 
0 1 0 0 0 1 0 0 
0 1 0 0 0 0 1 0 
0 0 1 0 0 0 1 0 
0 0 0 0 0 1 0 1 
0 0 0 0 1 1 0 0 
0 0 0 0 1 1 0 0 
0 0 0 0 1 0 1 0 
1 0 0 0 0 1 0 0 
0 1 0 0 0 1 0 0 
0 1 0 0 0 0 1 0 
0 0 0 0 0 1 1 0 
0 0 0 1 1 0 0 0 
0 0 0 1 0 0 1 0 
0 0 0 0 0 1 0 1 
0 0 0 0 0 1 1 0 
0 0 0 0 0 0 1 1 
0 0 0 1 0 1 0 0 
0 1 1 0 0 0 0 0 
0 0 1 1 0 0 0 0 
0 0 1 0 1 0 0 0 
0 0 1 0 1 0 0 0 
1 0 0 0 0 1 0 0 
0 1 1 0 0 0 0 0 
0 1 0 0 0 1 0 0 
1 0 0 0 0 0 1 0 
0 0 1 1 0 0 0 0 
0 0 1 0 0 1 0 0 
0 0 1 0 0 0 0 1 
0 0 1 0 0 0 1 0 
0 0 0 1 0 1 0 0 
0 0 1 1 0 0 0 0 
0 0 0 0 0 1 0 1 
0 1 0 0 0 1 0 0 
0 0 0 0 0 0 1 1 
0 1 1 0 0 0 0 0 
0 0 0 1 1 0 0 0 
0 0 0 1 0 1 0 0 
0 0 1 0 0 0 0 1 
0 0 1 0 0 1 0 0 
0 1 0 0 0 1 0 0 
0 0 0 0 0 1 0 1 
1 0 0 1 0 0 0 0 
0 0 0 0 0 1 1 0 
0 1 0 1 0 0 0 0 
0 0 1 1 0 0 0 0 
0 0 0 1 1 0 0 0 
0 0 0 1 0 1 0 0 
0 0 0 1 0 0 1 0 
0 0 0 1 0 0 0 1 
0 0 0 1 0 1 0 0 
0 1 0 0 0 1 0 0 
0 0 0 1 1 0 0 0 
0 0 1 0 0 1 0 0 
0 0 0 0 0 1 1 0 
1 0 0 1 0 0 0 0 
0 0 1 0 0 0 0 1 
0 0 0 1 0 0 0 1 
0 0 0 0 0 0 1 1 
1 0 0 0 0 1 0 0 
0 1 0 0 0 1 0 0 
0 1 1 0 0 0 0 0 
0 1 0 1 0 0 0 0 
0 0 1 0 0 1 0 0 
0 0 0 0 1 1 0 0 
0 0 0 1 0 1 0 0 
0 0 0 0 0 1 1 0 
1 0 0 0 0 1 0 0 
1 0 0 1 0 0 0 0 
0 0 1 0 0 1 0 0 
0 1 0 0 0 0 0 1 
0 0 0 1 0 0 1 0 
0 1 0 1 0 0 0 0 
0 0 0 1 1 0 0 0 
0 1 0 0 0 0 1 0 
0 0 0 1 1 0 0 0 
1 0 0 1 0 0 0 0 
0 1 0 0 0 1 0 0 
0 0 1 0 0 0 0 1 
0 0 1 0 0 0 1 0 
0 0 0 0 0 1 0 1 
0 1 0 0 0 1 0 0 
0 0 1 0 1 0 0 0 
0 0 1 0 0 1 0 0 
0 0 1 0 0 0 1 0 
0 0 0 1 0 1 0 0 
0 1 0 0 0 0 1 0 
0 0 0 1 0 0 1 0 
0 0 0 0 0 0 1 1 
0 1 0 0 0 1 0 0 
0 0 0 1 0 1 0 0 
0 1 0 0 1 0 0 0 
0 0 1 0 0 1 0 0 
0 0 0 1 0 0 0 1 
0 0 1 0 0 0 0 1 
1 0 0 1 0 0 0 0 
1 0 0 0 0 1 0 0 
0 1 0 0 0 0 0 1 
1 0 0 0 0 0 1 0 
1 0 0 0 0 1 0 0 
0 1 0 0 1 0 0 0 
0 0 1 0 1 0 0 0 
0 0 1 1 0 0 0 0 
0 0 0 0 0 0 1 1 
1 0 0 1 0 0 0 0 
0 0 0 1 1 0 0 0 
0 0 0 1 0 0 1 0 
0 0 0 1 0 0 0 1 
0 0 0 0 1 1 0 0 
1 0 0 1 0 0 0 0 
0 1 1 0 0 0 0 0 
0 0 0 0 0 0 1 1 
0 0 0 1 1 0 0 0 
1 0 0 0 0 1 0 0 
0 1 0 0 0 0 0 1 
0 0 1 0 1 0 0 0 
0 0 0 1 1 0 0 0 
1 0 0 1 0 0 0 0 
1 0 0 0 0 0 1 0 
0 0 0 1 0 0 0 1 
0 1 1 0 0 0 0 0 
1 1 0 0 0 0 0 0 
0 1 0 1 0 0 0 0 
0 0 1 0 0 1 0 0 
0 1 0 0 0 0 0 1 
0 0 0 1 1 0 0 0 
0 0 1 1 0 0 0 0 
1 0 0 0 0 0 1 0 
0 0 1 0 0 0 1 0 
0 0 0 0 0 0 1 1 
0 1 0 0 0 1 0 0 
0 0 0 0 1 1 0 0 
0 1 0 1 0 0 0 0 
0 0 0 1 0 1 0 0 
1 0 1 0 0 0 0 0 
0 0 0 0 0 1 0 1 
0 0 0 0 1 1 0 0 
1 0 0 1 0 0 0 0 
1 1 0 0 0 0 0 0 
1 0 0 0 0 0 0 1 
0 0 0 1 0 1 0 0 
0 0 0 1 0 0 1 0 
0 0 0 1 0 1 0 0 
1 1 0 0 0 0 0 0 
1 0 0 1 0 0 0 0 
0 0 1 0 0 0 0 1 
0 0 0 1 1 0 0 0 
0 1 0 1 0 0 0 0 
0 0 0 0 0 1 1 0 
1 0 0 0 1 0 0 0 
0 1 0 0 1 0 0 0 
1 1 1 1 0 1 1 1 
;
TIMETABLE BEST: 
0.0 0.0 0.0 0.0 0.0 0.0 0.0 0.0 
14 0 14 0 0 0 0 0 
17 0 14 0 17 0 0 0 
17 0 17 0 17 0 0 0 
18 18 17 0 17 0 0 0 
18 18 17 0 17 18 0 0 
18 18 17 18 17 18 0 0 
18 18 17 18 28 18 28 0 
27 18 17 27 28 18 28 0 
27 26 17 27 28 18 28 26 
27 26 26 27 28 18 28 26 
27 26 26 27 28 18 28 27 
27 27 26 27 28 18 28 27 
27 27 27 27 28 18 28 27 
27 27 27 27 28 18 28 27 
27 27 28 27 28 18 28 27 
27 27 28 27 28 18 28 28 
28 27 28 27 28 18 28 28 
28 27 28 28 28 18 28 28 
28 27 28 28 29 29 28 28 
28 27 28 40 40 29 28 28 
28 27 28 40 40 29 28 40 
28 27 43 40 40 29 43 40 
42 42 43 40 40 29 43 40 
42 42 43 40 42 29 43 40 
42 42 43 40 42 42 43 40 
42 42 43 40 42 42 43 42 
55 42 43 40 42 42 43 55 
55 42 43 40 55 42 43 55 
55 55 43 40 55 42 43 55 
55 55 55 40 55 42 43 55 
55 58 55 58 55 42 43 55 
55 58 55 58 55 55 43 55 
55 58 58 58 55 55 58 55 
55 58 58 58 58 55 58 55 
58 58 58 58 58 55 58 55 
58 58 58 58 58 55 58 55 
58 58 58 58 58 58 58 55 
58 58 58 58 58 58 58 55 
58 58 58 58 58 58 58 58 
58 58 58 58 58 58 58 58 
58 58 58 58 67 58 67 58 
58 58 58 58 67 58 67 67 
73 73 58 58 67 58 67 67 
73 73 58 73 67 58 67 67 
73 73 58 73 67 73 67 67 
73 73 78 73 67 73 67 78 
78 73 78 73 67 73 67 78 
78 78 78 73 67 73 67 78 
78 78 78 78 67 73 67 78 
78 78 78 78 78 73 67 78 
81 78 78 78 78 73 81 78 
81 78 78 78 78 78 81 78 
81 81 78 78 78 78 81 78 
81 81 81 78 78 78 81 78 
81 81 81 78 81 78 81 78 
81 81 81 81 81 78 81 78 
81 81 81 81 81 81 81 78 
81 81 81 81 81 81 81 81 
81 81 90 81 81 81 90 81 
81 81 92 81 81 92 90 81 
93 81 92 81 81 92 90 93 
93 93 92 81 81 92 90 93 
93 100 92 100 81 92 90 93 
93 100 93 100 81 92 90 93 
93 100 93 100 93 93 90 93 
93 100 93 100 93 93 90 93 
93 100 93 100 93 93 93 93 
93 100 93 100 93 93 93 93 
93 100 100 100 93 93 93 93 
100 100 100 100 93 93 93 93 
100 106 100 100 93 93 106 93 
100 106 100 100 100 93 106 93 
100 106 100 104 100 104 106 93 
100 106 100 104 112 104 106 112 
121 121 100 104 112 104 106 112 
121 121 106 104 112 104 106 112 
121 121 106 106 112 104 106 112 
121 121 106 106 112 106 106 112 
121 121 106 112 112 106 106 112 
121 121 106 112 112 106 106 112 
121 121 106 112 112 106 112 112 
121 121 106 112 112 112 112 112 
121 123 106 112 112 123 112 112 
121 123 106 121 112 123 112 112 
121 123 117 121 112 123 112 117 
121 123 117 121 112 123 117 117 
121 124 117 121 124 123 117 117 
121 124 130 121 124 123 130 117 
121 124 130 123 124 123 130 117 
121 124 130 123 124 123 130 130 
130 124 130 123 124 123 130 130 
130 130 130 123 124 123 130 130 
130 130 130 123 124 123 130 130 
130 130 130 123 124 123 130 130 
130 130 130 130 124 123 130 130 
130 130 130 130 124 123 130 130 
130 130 130 130 130 123 130 130 
130 130 130 130 130 130 130 130 
130 130 130 130 130 130 130 130 
130 130 130 130 130 130 130 130 
130 130 130 130 130 130 130 130 
130 130 139 130 130 130 139 130 
130 130 139 130 130 141 141 130 
141 130 139 130 130 141 141 141 
141 141 139 130 130 141 141 141 
141 141 139 141 130 141 141 141 
141 141 141 141 130 141 141 141 
141 141 141 141 142 141 141 142 
141 142 141 141 142 141 141 142 
141 142 141 142 142 141 141 142 
141 142 141 142 142 142 141 142 
153 142 141 142 142 142 153 142 
153 142 155 142 142 142 155 142 
153 142 155 142 142 142 155 153 
153 142 155 142 142 153 155 153 
153 142 155 142 153 153 155 153 
153 155 155 142 153 153 155 153 
153 155 155 155 153 153 155 153 
153 155 155 155 155 153 155 153 
153 155 155 155 155 153 155 155 
153 155 155 155 155 153 155 155 
153 155 155 155 155 153 155 155 
165 155 155 155 155 165 155 155 
165 155 155 155 155 165 155 155 
165 165 155 155 155 165 155 155 
165 165 155 155 166 165 155 166 
165 165 155 155 166 165 165 166 
165 165 155 155 166 165 166 166 
165 166 155 155 166 165 166 166 
165 166 169 155 166 165 169 166 
165 166 169 155 166 165 169 169 
173 166 169 173 166 165 169 169 
173 166 169 173 166 169 169 169 
173 173 169 173 166 169 169 169 
173 173 173 173 166 169 169 169 
173 173 173 173 166 182 169 182 
173 173 173 173 166 182 173 182 
173 173 173 173 179 182 179 182 
173 173 182 173 179 182 179 182 
184 184 182 173 179 182 179 182 
184 184 182 173 179 182 184 182 
184 184 182 173 182 182 184 182 
184 186 182 186 182 182 184 182 
184 186 186 186 182 182 184 182 
184 186 186 186 186 182 184 182 
184 186 186 186 186 182 184 182 
184 186 186 186 186 182 184 186 
184 186 186 186 186 186 184 186 
196 186 186 186 186 186 196 186 
196 196 186 186 186 186 196 186 
196 196 196 186 186 186 196 186 
196 199 196 199 186 186 196 186 
196 199 196 199 186 186 196 196 
196 199 196 199 196 186 196 196 
196 199 196 199 196 196 196 196 
209 199 196 199 196 196 196 209 
209 209 196 199 209 196 196 209 
209 209 196 199 209 196 199 209 
209 209 210 199 209 196 199 210 
209 209 210 199 209 196 210 210 
209 209 210 220 209 220 210 210 
210 209 210 220 209 220 210 210 
210 209 210 220 210 220 210 210 
210 220 210 220 210 220 210 210 
220 220 210 220 210 220 210 210 
220 220 210 220 210 220 210 210 
220 220 210 220 210 220 210 210 
220 220 220 220 210 220 210 210 
220 220 220 220 220 220 210 210 
220 220 220 220 220 220 210 210 
226 220 220 220 220 220 226 210 
226 220 220 220 220 220 226 210 
226 220 220 221 220 220 226 221 
226 220 220 226 220 220 226 221 
226 220 220 226 220 221 226 221 
226 220 220 233 233 221 226 221 
226 226 220 233 233 221 226 221 
226 226 226 233 233 221 226 221 
226 226 226 233 233 226 226 221 
226 226 226 233 233 226 226 226 
226 226 226 233 233 233 226 226 
226 226 237 237 233 233 226 226 
238 226 237 238 233 233 226 226 
238 237 237 238 233 233 226 226 
238 237 237 238 233 237 226 226 
238 237 237 238 233 238 226 226 
238 237 237 238 233 238 233 226 
238 237 237 239 233 238 233 239 
238 237 237 239 233 238 237 239 
238 237 237 239 233 239 237 239 
238 237 237 239 233 239 238 239 
238 237 237 244 244 239 238 239 
238 237 237 244 244 239 239 239 
238 244 237 244 244 239 239 239 
238 244 237 244 252 252 239 239 
238 244 251 244 252 252 251 239 
238 244 251 251 252 252 251 239 
238 244 251 251 252 252 251 251 
252 244 251 251 252 252 251 251 
252 262 251 251 252 262 251 251 
252 262 251 251 252 262 252 251 
252 262 260 260 252 262 252 251 
252 262 260 260 252 262 260 251 
252 262 262 260 252 262 260 251 
262 262 262 260 252 262 260 251 
262 262 262 262 252 262 260 251 
262 262 262 262 252 262 260 251 
262 264 262 262 264 262 260 251 
262 264 262 262 264 262 260 262 
262 264 262 262 264 262 262 262 
274 264 262 262 264 274 262 262 
274 271 271 262 264 274 262 262 
274 274 271 262 264 274 274 262 
274 274 271 262 276 276 274 262 
274 274 271 262 276 276 274 276 
274 274 276 262 276 276 274 276 
274 274 276 274 276 276 274 276 
274 285 276 285 276 276 274 276 
274 285 285 285 276 276 274 276 
286 285 285 285 276 286 274 276 
286 285 286 285 276 286 274 276 
286 285 286 286 276 286 274 276 
286 286 286 286 276 286 274 276 
286 286 286 286 276 286 286 276 
286 286 286 286 287 287 286 276 
286 286 295 286 287 295 286 276 
286 286 295 294 287 295 286 294 
298 286 295 294 287 298 286 294 
298 298 295 294 287 298 286 294 
298 298 295 294 287 298 298 294 
298 298 304 294 287 298 304 294 
298 298 304 294 287 298 304 298 
298 298 304 294 300 300 304 298 
298 298 304 294 310 310 304 298 
298 298 304 294 310 310 310 298 
310 298 304 294 310 310 310 298 
310 310 304 294 310 310 310 298 
310 310 304 294 310 310 310 298 
310 310 304 294 310 310 310 298 
310 310 304 311 311 310 310 298 
310 310 304 311 311 310 311 298 
310 310 304 311 311 310 311 310 
310 310 304 311 311 320 320 310 
310 310 304 311 311 320 320 320 
310 310 304 320 311 320 320 320 
310 322 322 320 311 320 320 320 
310 322 322 322 311 320 320 320 
310 322 322 322 322 320 320 320 
310 322 334 322 334 320 320 320 
334 322 334 322 334 334 320 320 
334 334 334 322 334 334 320 320 
334 334 334 322 334 334 320 320 
334 334 334 322 334 334 334 320 
334 334 334 334 334 334 334 320 
334 334 334 334 334 334 334 320 
334 334 334 334 334 334 334 334 
334 334 334 334 334 334 334 334 
334 334 334 334 334 334 334 334 
334 334 346 346 334 334 334 334 
334 334 346 346 334 334 334 334 
334 345 346 346 334 345 334 334 
334 345 346 346 334 345 353 353 
334 358 358 346 334 345 353 353 
334 358 358 346 346 345 353 353 
334 358 358 346 346 346 353 353 
334 358 358 346 346 346 353 358 
334 358 359 346 346 359 353 358 
334 359 359 346 346 359 353 358 
334 359 359 346 346 359 353 359 
364 359 359 364 346 359 353 359 
364 359 359 364 346 359 359 359 
364 364 359 364 346 359 359 359 
364 364 364 364 346 359 359 359 
364 364 364 364 364 359 359 359 
364 364 364 364 364 364 359 359 
364 364 364 364 364 364 364 359 
364 364 364 364 364 364 364 364 
364 364 364 374 364 374 364 364 
364 374 364 374 364 374 364 364 
364 374 364 375 375 374 364 364 
364 374 374 375 375 374 364 364 
364 374 374 375 375 374 374 364 
376 374 374 376 375 374 374 364 
376 374 382 376 375 374 374 382 
376 374 382 382 375 374 374 382 
376 374 382 382 375 374 382 382 
385 374 382 382 375 385 382 382 
385 385 382 382 375 385 382 382 
385 385 385 382 375 385 382 382 
385 385 385 385 375 385 382 382 
385 385 385 385 375 385 382 382 
385 385 385 385 386 386 382 382 
385 385 385 386 386 386 382 382 
385 385 385 386 386 394 394 382 
396 385 385 386 386 396 394 382 
396 385 385 396 386 396 394 382 
396 385 400 396 386 400 394 382 
396 399 400 396 386 400 394 399 
396 399 400 396 386 400 396 399 
396 399 400 399 386 400 396 399 
396 399 400 399 399 400 396 399 
396 399 400 399 399 400 399 399 
396 399 400 410 410 400 399 399 
410 399 400 410 410 400 399 399 
410 400 400 410 410 400 399 399 
410 400 400 410 410 400 399 400 
410 400 400 410 410 400 400 400 
410 400 400 410 410 400 400 400 
410 411 400 410 410 411 400 400 
410 411 410 410 410 411 400 400 
410 411 411 410 410 411 400 400 
410 411 412 410 410 411 412 400 
410 411 412 411 410 411 412 400 
410 412 412 411 410 411 412 400 
410 412 412 412 410 411 412 400 
410 412 412 412 410 411 412 412 
410 421 412 412 410 421 412 412 
410 421 412 421 410 421 412 412 
410 423 412 421 423 421 412 412 
410 423 421 421 423 421 412 412 
410 423 421 424 423 421 412 424 
410 423 424 424 423 421 412 424 
424 423 424 424 423 421 412 424 
424 423 424 424 423 424 412 424 
424 424 424 424 423 424 412 424 
424 424 424 424 423 424 424 424 
434 424 424 424 423 434 424 424 
434 434 424 424 434 434 424 424 
434 434 434 424 434 434 424 424 
434 434 435 435 434 434 424 424 
434 434 435 435 434 434 424 424 
435 434 435 435 434 434 424 424 
435 434 435 435 435 434 424 424 
435 434 435 435 435 434 435 424 
435 434 435 444 435 434 435 444 
435 434 435 444 445 445 435 444 
449 434 435 449 445 445 435 444 
449 449 449 449 445 445 435 444 
449 449 449 449 445 445 451 451 
449 449 449 456 456 445 451 451 
463 449 449 456 456 463 451 451 
463 464 449 456 456 463 451 464 
463 464 456 456 456 463 451 464 
463 464 456 467 467 463 451 464 
467 464 456 467 467 463 451 464 
467 464 456 467 467 463 467 464 
467 464 456 467 467 463 467 467 
467 475 475 467 467 463 467 467 
475 475 475 467 467 463 467 467 
475 475 475 475 467 463 467 467 
475 475 475 475 467 475 467 467 
475 480 475 475 467 475 467 480 
475 480 475 484 484 475 467 480 
475 480 484 484 484 475 467 480 
484 480 484 484 484 475 484 480 
484 480 484 484 484 475 484 480 
484 480 484 484 484 475 492 492 
484 497 484 484 484 497 492 492 
484 497 484 484 497 497 492 492 
484 505 484 505 497 497 492 492 
484 505 484 505 497 505 492 492 
506 505 506 505 497 505 492 492 
506 505 506 505 497 516 492 516 
506 505 506 505 516 516 492 516 
518 505 506 518 516 516 492 516 
518 518 506 518 516 516 492 516 
518 518 506 518 516 516 492 518 
518 518 506 518 516 518 492 518 
518 518 506 518 516 518 518 518 
518 518 506 529 516 529 518 518 
533 533 506 529 516 529 518 518 
533 533 506 533 516 529 518 518 
533 533 540 533 516 529 518 540 
533 533 540 540 540 529 518 540 
533 557 540 557 540 529 518 540 
533 557 540 557 540 563 563 540 
564 557 540 557 564 563 563 540 
564 564 540 557 564 563 563 540 
635.0 647.0 586.0 653.0 564.0 669.0 646.0 611.0 
;
EXECUTION TIME HBSS: 9270.87818789 seconds 

-------------------------------------------------------------------
