DATFILE : bwopen0_7r_1000.dat
ENVIRONMENT : bwopen
ALGORITHM : HBSS - TAU 5
RANGE : 1000
STARTING_POS : 0
N_ROBOTS : 7
GREEDY SOLUTION : [ 2430.]
COMPUTATIONS D :
2678
2546
2482
2588
2522
2540
2490
2608
2564
2534
2328
2542
2626
2592
2482
2580
2442
2360
2508
2828
2680
2660
2668
2408
2518
2502
2620
2406
2596
2492
2666
2472
2436
2680
2592
2608
2444
2604
2430
2434
2646
2416
2592
2616
2682
2742
2544
2482
2480
2618
2450
2528
2716
2406
2630
2442
2388
2542
2576
2578
2414
2452
2384
2502
2562
2712
2450
2746
2808
2600
2544
2372
2532
2448
2678
2560
2518
2550
2546
2488
2506
2436
2488
2476
2502
2656
2530
2496
2520
2454
2546
2330
2430
2344
2672
2430
2438
2430
2390
2598
2492
2534
2532
2560
2552
2466
2352
2510
2584
2550
2496
2444
2500
2680
2552
2462
2630
2396
2598
2566
2430
2540
2544
2444
2570
2584
2606
2650
2578
2436
2478
2518
2538
2408
2520
2444
2308
2428
2458
2540
2592
2522
2430
2536
2496
2530
2708
2400
2478
2560
2522
2502
2710
2688
2476
2500
2598
2570
2584
2432
2460
2718
2424
2452
2724
2662
2610
2536
2544
2546
2396
2474
2494
2424
2656
2542
2470
2594
2510
2524
2494
2378
2466
2444
2612
2388
2466
2558
2502
2476
2526
2464
2550
2448
2662
2550
2540
2382
2626
2508
;
HBBS sumD : 2308
BEST_CONFIGURATIONS : 
0 0 0 0 0 0 0 
0 4 0 0 0 0 0 
0 4 26 0 0 0 0 
0 4 26 1 0 0 0 
0 4 26 1 5 0 0 
0 4 26 1 5 22 0 
0 4 26 1 5 22 8 
26 4 26 1 5 22 8 
26 4 26 1 5 22 8 
26 4 26 1 5 22 8 
26 4 26 1 5 22 8 
26 4 26 1 5 22 8 
26 4 26 1 5 22 8 
26 4 26 1 5 22 8 
26 4 26 1 5 22 8 
26 4 26 1 5 22 8 
26 4 26 1 5 22 8 
26 4 26 1 5 22 8 
26 4 26 1 5 22 8 
26 4 26 27 5 22 8 
26 4 26 27 5 22 8 
26 4 26 27 5 22 8 
26 4 26 27 5 22 8 
26 4 26 27 5 22 8 
26 4 26 27 5 22 13 
26 4 26 27 5 22 13 
26 4 26 27 5 22 13 
26 4 26 27 5 22 13 
26 4 26 27 9 22 13 
26 0 26 27 9 22 13 
26 0 26 27 9 22 13 
26 0 26 27 9 22 13 
5 0 26 27 9 22 13 
5 0 1 27 9 22 13 
5 0 1 27 9 22 13 
5 0 1 27 9 8 13 
5 0 1 27 9 8 13 
5 0 1 27 9 8 13 
5 0 1 27 9 8 13 
5 0 1 27 9 8 13 
5 0 1 27 9 8 13 
5 0 1 27 9 8 17 
5 0 1 2 9 8 17 
5 0 1 2 9 8 17 
5 0 1 2 9 8 17 
5 0 1 2 9 8 17 
5 0 1 2 9 8 17 
14 0 1 2 9 8 17 
14 0 1 2 9 8 17 
14 0 1 2 9 8 17 
14 0 1 2 10 8 17 
14 0 1 2 10 8 17 
14 0 1 2 10 8 17 
14 0 1 2 10 25 17 
14 0 1 2 10 25 17 
14 4 1 2 10 25 17 
14 4 1 2 10 25 17 
14 4 1 2 10 25 17 
14 4 1 2 10 25 17 
14 4 1 2 10 25 17 
14 4 27 2 10 25 17 
14 4 27 2 10 25 17 
14 4 27 2 10 25 17 
14 26 27 2 10 25 17 
14 26 27 2 10 25 17 
14 26 27 2 10 25 17 
14 26 27 2 10 25 17 
14 26 27 2 10 25 17 
14 26 27 2 10 25 17 
14 26 27 2 10 25 17 
14 26 27 2 10 25 17 
14 26 27 2 10 25 17 
14 26 27 2 10 25 17 
14 26 27 2 10 25 17 
14 26 27 2 10 25 17 
14 26 27 2 10 25 17 
14 26 27 2 10 25 17 
14 26 27 2 10 25 13 
14 26 27 2 10 25 13 
14 26 27 2 10 25 13 
14 22 27 2 10 25 13 
14 22 27 2 10 25 13 
18 22 27 2 10 25 13 
18 22 9 2 10 25 13 
18 22 9 2 10 25 13 
18 22 9 2 10 25 13 
18 22 9 2 10 25 13 
18 22 9 2 15 25 13 
18 22 9 2 15 25 13 
18 22 9 2 15 25 13 
18 22 9 2 15 25 13 
18 22 9 2 15 25 13 
18 22 9 2 15 25 13 
18 22 9 2 15 25 13 
18 22 9 2 15 25 13 
18 22 9 2 15 25 13 
18 22 9 6 15 25 13 
18 22 9 6 15 25 13 
18 22 9 6 15 25 13 
18 22 9 6 15 25 13 
18 22 9 6 15 25 13 
18 22 9 6 15 25 13 
18 22 9 6 15 25 13 
18 22 9 6 15 17 13 
18 22 9 6 15 17 17 
18 22 9 6 15 17 17 
18 22 9 6 15 17 17 
18 22 9 6 15 17 17 
18 22 9 6 15 17 17 
18 22 9 6 15 17 17 
18 22 9 6 15 17 17 
18 22 9 6 15 17 17 
14 22 9 6 15 17 17 
14 22 9 6 15 17 17 
14 22 9 6 15 17 17 
14 22 9 6 15 17 17 
14 22 10 6 15 17 17 
14 26 10 6 15 17 17 
14 26 10 6 15 17 17 
14 26 10 6 15 17 17 
14 26 10 6 15 17 17 
14 26 10 6 15 17 17 
14 26 10 6 15 17 17 
14 26 10 21 15 17 17 
14 26 10 21 15 17 17 
14 5 10 21 15 17 17 
14 5 10 21 15 17 17 
14 5 10 21 15 17 17 
14 5 10 21 15 17 25 
14 5 10 21 15 17 25 
14 5 10 21 15 17 25 
14 5 24 21 15 17 25 
14 5 24 3 15 17 25 
14 5 24 3 18 17 25 
14 5 24 3 18 17 25 
14 5 24 3 18 17 25 
14 5 24 3 18 17 25 
14 5 24 3 18 17 25 
14 5 24 3 18 17 25 
18 5 24 3 18 17 25 
18 5 24 3 18 17 25 
18 5 24 3 18 17 25 
18 5 24 3 18 17 25 
18 5 24 3 18 13 25 
18 5 24 3 18 13 25 
18 5 24 3 18 13 25 
18 26 24 3 18 13 25 
18 26 24 3 18 13 25 
18 26 24 3 18 8 25 
18 26 24 3 18 8 25 
18 26 24 3 18 8 25 
18 26 24 3 18 8 25 
18 26 24 3 18 8 25 
18 26 24 3 18 8 25 
18 4 24 3 18 8 25 
18 4 24 21 18 8 25 
18 4 24 21 18 8 25 
18 4 24 21 18 8 25 
19 4 24 21 18 8 25 
19 4 10 21 18 8 25 
19 4 10 21 18 8 25 
19 4 10 21 18 8 25 
19 4 10 21 14 8 25 
19 4 10 7 14 8 25 
19 4 10 7 14 8 25 
19 4 10 7 14 8 17 
19 4 10 7 14 8 17 
19 4 10 7 14 8 17 
19 4 10 7 15 8 17 
19 4 10 7 15 8 17 
19 4 10 7 15 8 17 
19 4 10 7 15 8 17 
19 4 10 7 15 8 13 
19 4 10 7 15 8 13 
19 4 10 7 15 8 13 
19 4 10 7 15 22 13 
19 4 10 7 15 22 13 
19 4 10 7 15 22 13 
19 4 24 7 15 22 13 
19 26 24 7 15 22 13 
19 26 24 7 15 22 13 
19 26 24 7 15 22 13 
19 26 24 7 15 22 13 
19 26 24 7 15 22 13 
20 26 24 7 15 22 13 
20 26 24 7 15 22 13 
20 26 24 7 15 22 13 
20 26 24 7 15 22 13 
20 26 24 7 15 22 13 
20 26 24 7 15 22 13 
20 26 24 7 15 22 13 
20 26 24 7 15 22 13 
20 26 24 21 15 22 13 
23 26 24 21 15 22 13 
23 26 24 21 15 22 13 
23 26 24 21 15 22 13 
23 26 24 21 10 22 13 
23 26 11 21 10 22 13 
23 26 11 21 10 22 13 
23 26 11 21 10 22 13 
23 26 11 21 10 22 13 
16 26 11 21 10 22 13 
16 26 11 21 10 22 8 
16 26 11 21 10 22 8 
16 26 11 3 10 22 8 
16 26 11 3 10 22 8 
16 26 11 3 10 22 8 
16 26 11 3 10 22 8 
16 26 11 3 10 9 8 
16 5 11 3 10 9 8 
16 5 11 3 10 9 8 
16 5 11 3 10 9 8 
16 5 11 3 10 9 8 
16 5 11 3 10 9 8 
16 5 11 3 10 9 8 
16 5 11 3 10 9 8 
16 5 11 3 6 9 8 
16 5 11 3 6 9 8 
16 5 11 3 6 9 4 
16 5 11 3 6 9 4 
16 5 11 3 6 9 4 
16 5 11 3 6 9 4 
16 5 11 3 6 9 4 
16 5 11 3 6 9 4 
12 5 11 3 6 9 4 
12 5 11 21 6 9 4 
12 1 11 21 6 9 4 
12 1 11 21 6 9 4 
12 1 11 21 6 9 0 
12 1 11 21 6 24 0 
12 1 11 21 6 24 0 
12 1 11 21 6 24 0 
12 1 11 21 6 24 0 
12 1 11 21 6 24 0 
12 1 11 21 6 24 0 
12 27 11 21 6 24 0 
12 27 11 21 6 24 0 
12 27 11 21 6 24 0 
12 27 11 21 6 24 0 
12 27 11 21 6 24 0 
16 27 11 21 6 24 0 
16 27 11 21 6 24 0 
16 27 11 3 6 24 0 
16 27 11 3 2 24 0 
16 27 21 3 2 24 0 
16 27 21 3 2 24 0 
16 27 21 3 2 24 0 
16 27 21 3 2 24 0 
16 27 21 3 2 24 0 
16 27 21 3 2 24 0 
16 27 7 3 2 24 0 
16 27 7 3 2 24 0 
16 27 7 3 2 6 0 
16 27 7 3 2 6 0 
16 27 7 3 2 6 0 
23 27 7 3 2 6 0 
23 27 7 3 2 6 0 
23 27 7 3 2 6 0 
23 27 7 3 2 6 0 
23 27 7 3 2 6 0 
23 27 7 3 2 6 1 
23 27 7 3 2 6 1 
23 27 7 3 2 6 1 
23 27 7 3 2 6 1 
23 27 7 3 2 6 1 
23 27 7 3 2 6 1 
23 27 7 3 2 6 1 
23 9 7 3 2 6 1 
23 9 7 3 2 21 1 
23 9 7 3 2 21 1 
23 9 7 3 2 21 1 
23 9 7 3 2 21 1 
23 9 7 3 2 21 1 
23 9 7 3 2 21 1 
23 9 7 3 2 21 1 
23 9 7 3 2 21 1 
23 9 7 3 2 21 1 
23 9 7 3 2 21 1 
23 9 7 3 2 21 1 
20 9 7 3 2 21 1 
20 9 7 3 2 21 1 
20 9 12 3 2 21 1 
20 9 12 3 2 21 1 
20 9 12 3 2 21 27 
20 9 12 3 2 21 27 
20 9 12 3 2 21 27 
20 9 12 3 2 21 27 
20 9 12 3 2 21 27 
20 9 12 3 24 21 27 
20 9 12 3 24 21 27 
20 9 12 3 24 21 27 
20 9 16 3 24 21 27 
19 9 16 3 24 21 27 
19 9 16 6 24 21 27 
19 9 16 6 24 21 27 
19 9 16 6 24 21 27 
19 10 16 6 24 7 27 
19 15 16 6 24 7 27 
19 15 16 6 24 7 27 
19 15 16 6 24 7 27 
19 15 16 6 24 12 27 
19 15 16 6 24 12 27 
19 15 16 6 24 12 27 
19 15 16 6 24 12 27 
20 15 16 6 24 12 27 
20 15 16 6 24 12 1 
20 15 16 6 24 12 1 
20 15 16 6 24 12 1 
20 15 16 6 24 12 1 
20 15 23 6 24 12 1 
20 15 23 6 24 12 1 
20 15 23 6 24 12 1 
20 15 23 6 24 12 1 
20 15 23 6 11 12 1 
20 15 23 6 11 12 1 
20 15 23 6 11 12 0 
20 10 23 6 11 12 0 
20 10 23 6 11 12 0 
20 10 23 6 11 12 0 
20 10 23 7 11 12 0 
20 10 23 7 11 12 0 
20 10 23 7 11 12 0 
20 10 23 7 11 12 0 
20 10 23 7 11 12 0 
20 10 23 7 11 12 0 
20 10 23 7 11 12 0 
20 10 23 7 11 12 0 
20 10 16 7 11 12 0 
20 10 16 7 11 12 0 
20 10 16 7 11 16 0 
19 10 16 7 11 16 0 
19 14 16 7 11 16 0 
19 14 16 7 11 16 0 
19 14 16 7 11 16 0 
19 14 16 7 11 16 0 
19 14 16 7 11 16 0 
19 18 16 7 11 16 0 
19 18 16 7 11 23 0 
19 18 16 21 11 23 0 
19 18 16 21 11 23 4 
19 18 16 21 11 23 4 
19 18 16 21 11 23 4 
19 18 12 21 11 23 4 
19 25 12 21 11 23 4 
19 25 12 21 11 23 4 
19 25 12 21 11 20 4 
19 25 12 21 11 20 4 
19 25 12 21 2 20 4 
19 25 12 21 2 20 5 
18 25 12 21 2 20 5 
18 25 12 7 2 20 5 
18 25 12 7 2 20 5 
18 25 12 7 2 20 5 
18 25 12 7 2 20 5 
18 25 12 7 2 20 5 
18 25 16 7 2 20 5 
18 25 16 7 2 20 5 
18 25 16 7 2 20 5 
18 25 16 7 2 23 5 
18 25 16 7 2 23 5 
18 25 16 7 2 23 5 
18 25 16 7 2 23 5 
14 25 16 7 2 23 5 
14 17 16 7 2 23 5 
14 17 12 7 2 23 26 
14 17 12 7 2 23 26 
14 17 12 7 2 23 26 
14 17 12 7 2 20 26 
14 17 12 7 2 20 26 
14 17 12 7 2 20 22 
14 17 12 7 2 20 22 
14 17 12 11 2 20 22 
14 13 12 11 2 20 22 
14 13 12 11 2 20 8 
18 13 12 11 1 20 8 
18 13 12 11 1 19 8 
18 13 12 11 0 19 8 
18 13 23 11 0 19 8 
18 13 23 11 0 20 8 
0 0 0 0 0 0 0 
;
ROBOT MOVING BEST:
0 0 0 0 0 0 0 
1 1 0 0 0 0 0 
1 0 1 0 0 0 0 
1 0 0 1 0 0 0 
1 0 0 0 1 0 0 
1 0 0 0 0 1 0 
1 0 0 0 0 0 1 
1 1 0 0 0 0 0 
0 1 0 1 0 0 0 
1 0 0 1 0 0 0 
0 1 0 0 1 0 0 
0 1 0 0 0 1 0 
0 1 0 0 0 0 1 
1 0 0 0 1 0 0 
1 0 0 0 0 1 0 
0 0 0 1 1 0 0 
0 0 0 1 0 1 0 
1 0 0 0 0 0 1 
0 0 0 1 0 0 1 
0 1 0 1 0 0 0 
0 0 0 0 1 1 0 
1 0 0 1 0 0 0 
0 0 0 0 1 0 1 
0 0 0 0 0 1 1 
0 1 0 0 0 0 1 
1 0 0 0 0 0 1 
0 0 0 1 1 0 0 
0 0 0 1 0 1 0 
0 1 0 0 1 0 0 
0 1 0 1 0 0 0 
1 0 0 0 1 0 0 
0 0 0 0 0 1 1 
1 0 0 0 0 0 1 
0 0 1 1 0 0 0 
0 1 0 0 0 0 1 
0 0 0 1 0 1 0 
1 0 0 0 1 0 0 
0 0 0 1 0 0 1 
0 1 0 0 1 0 0 
0 0 1 0 0 0 1 
0 0 0 0 0 1 1 
1 0 0 0 0 0 1 
1 0 0 1 0 0 0 
0 1 0 0 0 0 1 
0 1 0 1 0 0 0 
0 0 0 0 1 1 0 
0 0 1 0 1 0 0 
1 1 0 0 0 0 0 
0 0 1 0 0 0 1 
0 0 0 0 0 1 1 
0 1 0 0 1 0 0 
0 0 1 1 0 0 0 
0 0 0 1 0 1 0 
0 1 0 0 0 1 0 
1 0 1 0 0 0 0 
0 1 0 0 0 0 1 
0 1 0 1 0 0 0 
0 0 1 0 1 0 0 
1 1 0 0 0 0 0 
0 0 1 0 0 1 0 
0 0 1 0 0 0 1 
0 1 0 0 1 0 0 
0 0 0 1 0 0 1 
0 1 0 0 0 0 1 
0 0 1 1 0 0 0 
0 1 0 1 0 0 0 
1 0 1 0 0 0 0 
1 0 0 0 0 0 1 
1 0 0 1 0 0 0 
1 1 0 0 0 0 0 
0 0 0 0 1 0 1 
0 0 1 0 1 0 0 
0 0 0 1 1 0 0 
0 0 0 0 0 1 1 
0 1 0 0 1 0 0 
0 0 1 0 0 1 0 
0 0 0 1 0 1 0 
0 0 0 1 0 0 1 
0 1 0 0 0 1 0 
1 0 0 0 1 0 0 
0 1 0 1 0 0 0 
1 0 0 0 0 0 1 
1 0 1 0 0 0 0 
0 0 1 1 0 0 0 
1 0 0 1 0 0 0 
0 0 0 0 1 0 1 
0 0 0 0 1 1 0 
0 0 0 1 1 0 0 
0 0 0 0 0 1 1 
0 1 0 0 0 1 0 
0 0 1 0 0 0 1 
1 0 0 0 0 0 1 
0 0 1 0 0 1 0 
1 0 0 0 0 1 0 
0 1 1 0 0 0 0 
1 1 0 0 0 0 0 
0 0 0 1 0 0 1 
0 0 0 1 0 1 0 
0 0 0 0 1 0 1 
1 0 1 0 0 0 0 
0 0 0 0 1 1 0 
0 1 0 1 0 0 0 
0 1 0 0 1 0 0 
0 0 0 0 0 1 1 
0 1 0 0 0 0 1 
0 0 1 1 0 0 0 
1 0 0 1 0 0 0 
0 0 1 0 1 0 0 
1 0 0 0 1 0 0 
0 0 1 0 0 0 1 
1 0 0 0 0 0 1 
0 0 0 1 1 0 0 
1 1 0 0 0 0 0 
0 0 0 0 1 0 1 
0 0 0 1 0 0 1 
1 0 1 0 0 0 0 
0 1 1 0 0 0 0 
0 1 0 1 0 0 0 
0 1 0 0 1 0 0 
1 0 0 1 0 0 0 
1 0 0 0 1 0 0 
0 0 1 1 0 0 0 
0 0 1 0 1 0 0 
0 0 0 1 1 0 0 
0 0 0 1 0 0 1 
0 1 0 0 1 0 0 
1 0 0 1 0 0 0 
1 1 0 0 0 0 0 
1 0 0 0 0 0 1 
0 0 1 1 0 0 0 
0 1 1 0 0 0 0 
0 0 1 0 1 0 0 
0 0 0 1 1 0 0 
1 0 0 0 1 0 0 
0 0 1 0 0 1 0 
0 1 0 0 0 0 1 
0 0 0 1 0 1 0 
1 0 1 0 0 0 0 
1 0 0 1 0 0 0 
1 1 0 0 0 0 0 
0 1 1 0 0 0 0 
0 0 1 0 0 0 1 
0 1 0 1 0 0 0 
0 0 1 0 0 1 0 
0 0 0 1 0 0 1 
0 0 0 1 0 1 0 
1 1 0 0 0 0 0 
1 0 1 0 0 0 0 
0 0 0 0 0 1 1 
1 0 0 1 0 0 0 
0 1 1 0 0 0 0 
1 0 0 0 0 1 0 
0 1 0 1 0 0 0 
0 0 1 1 0 0 0 
0 1 0 0 0 0 1 
0 0 0 1 0 0 1 
0 0 1 0 0 1 0 
1 1 0 0 0 0 0 
1 0 0 0 0 0 1 
0 0 1 0 1 0 0 
0 0 0 1 1 0 0 
1 0 0 0 1 0 0 
0 0 0 0 1 1 0 
0 0 0 1 0 0 1 
0 0 1 0 0 1 0 
1 0 0 0 0 0 1 
1 0 0 0 0 1 0 
1 0 0 0 1 0 0 
0 0 0 0 1 1 0 
1 1 0 0 0 0 0 
0 0 0 1 0 0 1 
1 0 1 0 0 0 0 
1 0 0 0 0 0 1 
0 0 0 1 0 1 0 
0 1 0 0 1 0 0 
1 0 0 0 0 1 0 
1 0 0 0 1 0 0 
0 1 0 1 0 0 0 
0 1 1 0 0 0 0 
1 1 0 0 0 0 0 
0 0 0 1 0 0 1 
1 0 0 1 0 0 0 
1 0 1 0 0 0 0 
0 0 0 1 0 1 0 
1 0 0 0 0 0 1 
0 0 1 0 0 1 0 
0 0 0 1 1 0 0 
1 0 0 0 0 1 0 
0 1 0 1 0 0 0 
1 0 0 0 1 0 0 
1 1 0 0 0 0 0 
0 0 1 1 0 0 0 
0 0 0 1 0 0 1 
1 0 0 0 0 0 1 
0 0 0 1 0 1 0 
1 0 0 0 0 1 0 
0 0 1 0 1 0 0 
0 0 1 0 0 0 1 
0 1 0 1 0 0 0 
1 1 0 0 0 0 0 
0 0 1 0 0 1 0 
1 0 0 0 0 0 1 
0 0 0 1 0 0 1 
0 1 1 0 0 0 0 
0 0 0 1 0 1 0 
1 0 0 0 0 1 0 
0 0 1 0 0 0 1 
1 1 0 0 0 0 0 
0 0 0 0 1 1 0 
0 1 1 0 0 0 0 
0 0 1 0 1 0 0 
0 0 0 1 0 0 1 
1 0 0 0 0 0 1 
0 0 0 1 1 0 0 
1 1 0 0 0 0 0 
1 0 0 0 1 0 0 
0 0 0 0 1 0 1 
0 0 1 0 0 1 0 
0 0 1 0 0 0 1 
0 1 0 0 1 0 0 
0 0 0 1 0 1 0 
0 0 0 1 0 0 1 
1 0 0 0 0 1 0 
1 0 0 0 0 0 1 
1 1 0 0 0 0 0 
0 1 0 1 0 0 0 
0 1 1 0 0 0 0 
0 0 0 0 1 0 1 
0 0 1 0 0 0 1 
0 0 1 0 0 1 0 
0 0 1 0 1 0 0 
1 0 1 0 0 0 0 
0 1 0 0 0 1 0 
0 0 1 1 0 0 0 
0 1 0 0 1 0 0 
0 1 1 0 0 0 0 
0 0 0 0 0 1 1 
0 0 0 0 1 0 1 
0 0 0 0 1 1 0 
1 0 0 0 0 0 1 
1 0 1 0 0 0 0 
0 0 0 1 0 0 1 
0 0 1 1 0 0 0 
0 0 1 0 1 0 0 
0 0 1 0 0 1 0 
1 0 0 0 0 0 1 
0 1 1 0 0 0 0 
0 1 0 0 0 1 0 
1 0 0 0 0 1 0 
0 0 0 1 0 0 1 
0 0 1 0 0 0 1 
0 0 0 0 1 1 0 
0 1 0 0 0 1 0 
1 1 0 0 0 0 0 
0 1 0 1 0 0 0 
1 0 0 0 0 0 1 
0 1 1 0 0 0 0 
0 0 0 1 0 1 0 
0 0 1 0 0 1 0 
0 0 0 0 1 1 0 
0 0 0 1 0 0 1 
1 1 0 0 0 0 0 
0 0 1 1 0 0 0 
0 0 1 0 0 0 1 
0 0 0 1 1 0 0 
0 0 1 0 1 0 0 
1 0 0 0 0 1 0 
0 1 1 0 0 0 0 
0 0 0 1 0 1 0 
0 0 0 0 0 1 1 
1 0 0 1 0 0 0 
1 0 0 0 0 0 1 
0 0 0 0 1 1 0 
0 0 1 0 0 1 0 
1 0 1 0 0 0 0 
1 0 0 0 1 0 0 
0 1 0 0 0 1 0 
1 1 0 0 0 0 0 
1 0 0 0 0 1 0 
1 0 0 1 0 0 0 
1 0 0 0 0 0 1 
0 0 1 1 0 0 0 
0 0 1 0 0 0 1 
0 1 0 0 0 0 1 
1 0 0 0 1 0 0 
0 0 1 0 1 0 0 
1 1 0 0 0 0 0 
0 1 1 0 0 0 0 
0 1 0 0 1 0 0 
1 0 0 0 0 1 0 
0 0 1 0 0 1 0 
0 0 1 1 0 0 0 
1 0 0 1 0 0 0 
0 0 0 1 0 1 0 
1 1 0 0 0 0 0 
0 0 1 0 0 1 0 
0 1 0 0 0 1 0 
0 1 0 0 0 0 1 
1 0 0 0 0 0 1 
0 0 1 0 0 1 0 
0 0 0 0 0 1 1 
0 0 1 1 0 0 0 
1 0 0 1 0 0 0 
0 0 0 0 1 1 0 
1 0 0 0 0 0 1 
0 1 0 0 0 0 1 
0 0 1 0 0 0 1 
0 1 1 0 0 0 0 
0 0 0 1 0 1 0 
0 0 1 0 1 0 0 
1 0 0 0 1 0 0 
0 1 0 0 0 1 0 
1 0 0 1 0 0 0 
0 1 0 0 1 0 0 
0 1 1 0 0 0 0 
0 1 0 0 0 0 1 
0 1 0 0 0 1 0 
0 0 1 0 0 1 0 
0 0 1 0 1 0 0 
0 0 0 1 0 1 0 
0 0 0 1 1 0 0 
1 0 0 0 0 1 0 
0 1 1 0 0 0 0 
1 0 0 0 1 0 0 
1 1 0 0 0 0 0 
1 0 1 0 0 0 0 
1 0 0 1 0 0 0 
0 0 1 0 0 1 0 
1 0 0 0 0 0 1 
1 0 0 0 0 1 0 
1 0 0 0 1 0 0 
0 1 0 0 1 0 0 
0 1 0 1 0 0 0 
1 0 0 0 0 0 1 
1 0 0 0 0 1 0 
0 1 0 0 0 1 0 
0 1 0 0 1 0 0 
0 0 1 0 0 1 0 
1 0 0 1 0 0 0 
0 0 0 1 0 0 1 
1 0 0 0 0 1 0 
0 0 0 0 0 1 1 
1 0 1 0 0 0 0 
0 1 0 0 1 0 0 
0 0 1 0 0 0 1 
1 0 0 0 0 1 0 
0 0 0 0 0 1 1 
1 0 0 0 1 0 0 
1 0 0 0 0 0 1 
1 0 1 0 0 0 0 
0 0 0 1 0 0 1 
0 0 0 0 0 1 1 
1 0 0 1 0 0 0 
0 1 1 0 0 0 0 
1 0 0 0 0 1 0 
0 0 1 0 1 0 0 
1 0 1 0 0 0 0 
0 1 0 0 0 1 0 
0 0 0 0 0 1 1 
1 0 0 0 0 1 0 
0 1 1 0 0 0 0 
0 1 0 0 0 1 0 
1 0 0 0 0 1 0 
0 1 1 0 0 0 0 
0 0 1 0 0 0 1 
1 0 1 0 0 0 0 
0 1 0 0 0 1 0 
1 0 0 0 0 1 0 
0 1 1 0 0 0 0 
0 0 1 0 0 0 1 
0 1 0 0 0 1 0 
0 1 0 1 0 0 0 
0 1 1 0 0 0 0 
0 0 1 0 0 0 1 
1 0 0 0 1 0 0 
0 0 0 0 1 1 0 
1 0 0 0 1 0 0 
0 0 1 0 0 0 1 
0 0 0 0 0 1 1 
1 1 1 1 0 1 1 
;
TIMETABLE BEST: 
0.0 0.0 0.0 0.0 0.0 0.0 0.0 
0 14 0 0 0 0 0 
0 14 17 0 0 0 0 
0 14 17 18 0 0 0 
0 14 17 18 24 0 0 
0 14 17 18 24 24 0 
0 14 17 18 24 24 26 
17 14 17 18 24 24 26 
17 14 17 18 24 24 26 
17 14 17 18 24 24 26 
17 14 17 18 24 24 26 
17 14 17 18 24 24 26 
17 14 17 18 24 24 26 
17 14 17 18 24 24 26 
17 14 17 18 24 24 26 
17 14 17 18 24 24 26 
17 14 17 18 24 24 26 
17 14 17 18 24 24 26 
17 14 17 18 24 24 26 
17 14 17 33 24 24 26 
17 14 17 33 24 24 26 
17 14 17 33 24 24 26 
17 14 17 33 24 24 26 
17 14 17 33 24 24 26 
17 14 17 33 24 24 39 
17 14 17 33 24 24 39 
17 14 17 33 24 24 39 
17 14 17 33 24 24 39 
17 14 17 33 46 24 39 
17 28 17 33 46 24 39 
17 28 17 33 46 24 39 
17 28 17 33 46 24 39 
26 28 17 33 46 24 39 
26 28 36 33 46 24 39 
26 28 36 33 46 24 39 
26 28 36 33 46 36 39 
26 28 36 33 46 36 39 
26 28 36 33 46 36 39 
26 28 36 33 46 36 39 
26 28 36 33 46 36 39 
26 28 36 33 46 36 39 
26 28 36 33 46 36 50 
26 28 36 52 46 36 50 
26 28 36 52 46 36 50 
26 28 36 52 46 36 50 
26 28 36 52 46 36 50 
26 28 36 52 46 36 50 
56 28 36 52 46 36 50 
56 28 36 52 46 36 50 
56 28 36 52 46 36 50 
56 28 36 52 60 36 50 
56 28 36 52 60 36 50 
56 28 36 52 60 36 50 
56 28 36 52 60 62 50 
56 28 36 52 60 62 50 
56 42 36 52 60 62 50 
56 42 36 52 60 62 50 
56 42 36 52 60 62 50 
56 42 36 52 60 62 50 
56 42 36 52 60 62 50 
56 42 51 52 60 62 50 
56 42 51 52 60 62 50 
56 42 51 52 60 62 50 
56 53 51 52 60 62 50 
56 53 51 52 60 62 50 
56 53 51 52 60 62 50 
56 53 51 52 60 62 50 
56 53 51 52 60 62 50 
56 53 51 52 60 62 50 
56 53 51 52 60 62 50 
56 53 51 52 60 62 50 
56 53 51 52 60 62 50 
56 53 51 52 60 62 50 
56 53 51 52 60 62 50 
56 53 51 52 60 62 50 
56 53 51 52 60 62 50 
56 53 51 52 60 62 50 
56 53 51 52 60 62 61 
56 53 51 52 60 62 61 
56 53 51 52 60 62 61 
56 64 51 52 60 62 61 
56 64 51 52 60 62 61 
67 64 51 52 60 62 61 
67 64 66 52 60 62 61 
67 64 66 52 60 62 61 
67 64 66 52 60 62 61 
67 64 66 52 60 62 61 
67 64 66 52 71 62 61 
67 64 66 52 71 62 61 
67 64 66 52 71 62 61 
67 64 66 52 71 62 61 
67 64 66 52 71 62 61 
67 64 66 52 71 62 61 
67 64 66 52 71 62 61 
67 64 66 52 71 62 61 
67 64 66 52 71 62 61 
67 64 66 70 71 62 61 
67 64 66 70 71 62 61 
67 64 66 70 71 62 61 
67 64 66 70 71 62 61 
67 64 66 70 71 62 61 
67 64 66 70 71 62 61 
67 64 66 70 71 62 61 
67 64 66 70 71 74 61 
67 64 66 70 71 74 72 
67 64 66 70 71 74 72 
67 64 66 70 71 74 72 
67 64 66 70 71 74 72 
67 64 66 70 71 74 72 
67 64 66 70 71 74 72 
67 64 66 70 71 74 72 
67 64 66 70 71 74 72 
78 64 66 70 71 74 72 
78 64 66 70 71 74 72 
78 64 66 70 71 74 72 
78 64 66 70 71 74 72 
78 64 80 70 71 74 72 
78 75 80 70 71 74 72 
78 75 80 70 71 74 72 
78 75 80 70 71 74 72 
78 75 80 70 71 74 72 
78 75 80 70 71 74 72 
78 75 80 70 71 74 72 
78 75 80 82 71 74 72 
78 75 80 82 71 74 72 
78 84 80 82 71 74 72 
78 84 80 82 71 74 72 
78 84 80 82 71 74 72 
78 84 80 82 71 74 84 
78 84 80 82 71 74 84 
78 84 80 82 71 74 84 
78 84 93 82 71 74 84 
78 84 93 94 71 74 84 
78 84 93 94 89 74 84 
78 84 93 94 89 74 84 
78 84 93 94 89 74 84 
78 84 93 94 89 74 84 
78 84 93 94 89 74 84 
78 84 93 94 89 74 84 
89 84 93 94 89 74 84 
89 84 93 94 89 74 84 
89 84 93 94 89 74 84 
89 84 93 94 89 74 84 
89 84 93 94 89 85 84 
89 84 93 94 89 85 84 
89 84 93 94 89 85 84 
89 93 93 94 89 85 84 
89 93 93 94 89 85 84 
89 93 93 94 89 98 84 
89 93 93 94 89 98 84 
89 93 93 94 89 98 84 
89 93 93 94 89 98 84 
89 93 93 94 89 98 84 
89 93 93 94 89 98 84 
89 104 93 94 89 98 84 
89 104 93 106 89 98 84 
89 104 93 106 89 98 84 
89 104 93 106 89 98 84 
109 104 93 106 89 98 84 
109 104 106 106 89 98 84 
109 104 106 106 89 98 84 
109 104 106 106 89 98 84 
109 104 106 106 100 98 84 
109 104 106 118 100 98 84 
109 104 106 118 100 98 84 
109 104 106 118 100 98 96 
109 104 106 118 100 98 96 
109 104 106 118 100 98 96 
109 104 106 118 113 98 96 
109 104 106 118 113 98 96 
109 104 106 118 113 98 96 
109 104 106 118 113 98 96 
109 104 106 118 113 98 107 
109 104 106 118 113 98 107 
109 104 106 118 113 98 107 
109 104 106 118 113 110 107 
109 104 106 118 113 110 107 
109 104 106 118 113 110 107 
109 104 119 118 113 110 107 
109 115 119 118 113 110 107 
109 115 119 118 113 110 107 
109 115 119 118 113 110 107 
109 115 119 118 113 110 107 
109 115 119 118 113 110 107 
122 115 119 118 113 110 107 
122 115 119 118 113 110 107 
122 115 119 118 113 110 107 
122 115 119 118 113 110 107 
122 115 119 118 113 110 107 
122 115 119 118 113 110 107 
122 115 119 118 113 110 107 
122 115 119 118 113 110 107 
122 115 119 130 113 110 107 
132 115 119 130 113 110 107 
132 115 119 130 113 110 107 
132 115 119 130 113 110 107 
132 115 119 130 124 110 107 
132 115 137 130 124 110 107 
132 115 137 130 124 110 107 
132 115 137 130 124 110 107 
132 115 137 130 124 110 107 
143 115 137 130 124 110 107 
143 115 137 130 124 110 120 
143 115 137 130 124 110 120 
143 115 137 142 124 110 120 
143 115 137 142 124 110 120 
143 115 137 142 124 110 120 
143 115 137 142 124 110 120 
143 115 137 142 124 134 120 
143 124 137 142 124 134 120 
143 124 137 142 124 134 120 
143 124 137 142 124 134 120 
143 124 137 142 124 134 120 
143 124 137 142 124 134 120 
143 124 137 142 124 134 120 
143 124 137 142 124 134 120 
143 124 137 142 150 134 120 
143 124 137 142 150 134 120 
143 124 137 142 150 134 134 
143 124 137 142 150 134 134 
143 124 137 142 150 134 134 
143 124 137 142 150 134 134 
143 124 137 142 150 134 134 
143 124 137 142 150 134 134 
154 124 137 142 150 134 134 
154 124 137 154 150 134 134 
154 142 137 154 150 134 134 
154 142 137 154 150 134 134 
154 142 137 154 150 134 148 
154 142 137 154 150 149 148 
154 142 137 154 150 149 148 
154 142 137 154 150 149 148 
154 142 137 154 150 149 148 
154 142 137 154 150 149 148 
154 142 137 154 150 149 148 
154 157 137 154 150 149 148 
154 157 137 154 150 149 148 
154 157 137 154 150 149 148 
154 157 137 154 150 149 148 
154 157 137 154 150 149 148 
165 157 137 154 150 149 148 
165 157 137 154 150 149 148 
165 157 137 166 150 149 148 
165 157 137 166 168 149 148 
165 157 156 166 168 149 148 
165 157 156 166 168 149 148 
165 157 156 166 168 149 148 
165 157 156 166 168 149 148 
165 157 156 166 168 149 148 
165 157 156 166 168 149 148 
165 157 168 166 168 149 148 
165 157 168 166 168 149 148 
165 157 168 166 168 162 148 
165 157 168 166 168 162 148 
165 157 168 166 168 162 148 
176 157 168 166 168 162 148 
176 157 168 166 168 162 148 
176 157 168 166 168 162 148 
176 157 168 166 168 162 148 
176 157 168 166 168 162 148 
176 157 168 166 168 162 166 
176 157 168 166 168 162 166 
176 157 168 166 168 162 166 
176 157 168 166 168 162 166 
176 157 168 166 168 162 166 
176 157 168 166 168 162 166 
176 157 168 166 168 162 166 
176 172 168 166 168 162 166 
176 172 168 166 168 174 166 
176 172 168 166 168 174 166 
176 172 168 166 168 174 166 
176 172 168 166 168 174 166 
176 172 168 166 168 174 166 
176 172 168 166 168 174 166 
176 172 168 166 168 174 166 
176 172 168 166 168 174 166 
176 172 168 166 168 174 166 
176 172 168 166 168 174 166 
176 172 168 166 168 174 166 
186 172 168 166 168 174 166 
186 172 168 166 168 174 166 
186 172 186 166 168 174 166 
186 172 186 166 168 174 166 
186 172 186 166 168 174 181 
186 172 186 166 168 174 181 
186 172 186 166 168 174 181 
186 172 186 166 168 174 181 
186 172 186 166 168 174 181 
186 172 186 166 187 174 181 
186 172 186 166 187 174 181 
186 172 186 166 187 174 181 
186 172 197 166 187 174 181 
199 172 197 166 187 174 181 
199 172 197 190 187 174 181 
199 172 197 190 187 174 181 
199 172 197 190 187 174 181 
199 186 197 190 187 186 181 
199 197 197 190 187 186 181 
199 197 197 190 187 186 181 
199 197 197 190 187 186 181 
199 197 197 190 187 204 181 
199 197 197 190 187 204 181 
199 197 197 190 187 204 181 
199 197 197 190 187 204 181 
212 197 197 190 187 204 181 
212 197 197 190 187 204 196 
212 197 197 190 187 204 196 
212 197 197 190 187 204 196 
212 197 197 190 187 204 196 
212 197 208 190 187 204 196 
212 197 208 190 187 204 196 
212 197 208 190 187 204 196 
212 197 208 190 187 204 196 
212 197 208 190 205 204 196 
212 197 208 190 205 204 196 
212 197 208 190 205 204 214 
212 208 208 190 205 204 214 
212 208 208 190 205 204 214 
212 208 208 190 205 204 214 
212 208 208 210 205 204 214 
212 208 208 210 205 204 214 
212 208 208 210 205 204 214 
212 208 208 210 205 204 214 
212 208 208 210 205 204 214 
212 208 208 210 205 204 214 
212 208 208 210 205 204 214 
212 208 208 210 205 204 214 
212 208 219 210 205 204 214 
212 208 219 210 205 204 214 
212 208 219 210 205 215 214 
225 208 219 210 205 215 214 
225 226 219 210 205 215 214 
225 226 219 210 205 215 214 
225 226 219 210 205 215 214 
225 226 219 210 205 215 214 
225 226 219 210 205 215 214 
225 237 219 210 205 215 214 
225 237 219 210 205 226 214 
225 237 219 222 205 226 214 
225 237 219 222 205 226 228 
225 237 219 222 205 226 228 
225 237 219 222 205 226 228 
225 237 230 222 205 226 228 
225 250 230 222 205 226 228 
225 250 230 222 205 226 228 
225 250 230 222 205 236 228 
225 250 230 222 205 236 228 
225 250 230 222 240 236 228 
225 250 230 222 240 236 242 
245 250 230 222 240 236 242 
245 250 230 234 240 236 242 
245 250 230 234 240 236 242 
245 250 230 234 240 236 242 
245 250 230 234 240 236 242 
245 250 230 234 240 236 242 
245 250 241 234 240 236 242 
245 250 241 234 240 236 242 
245 250 241 234 240 236 242 
245 250 241 234 240 246 242 
245 250 241 234 240 246 242 
245 250 241 234 240 246 242 
245 250 241 234 240 246 242 
256 250 241 234 240 246 242 
256 262 241 234 240 246 242 
256 262 252 234 240 246 251 
256 262 252 234 240 246 251 
256 262 252 234 240 246 251 
256 262 252 234 240 256 251 
256 262 252 234 240 256 251 
256 262 252 234 240 256 262 
256 262 252 234 240 256 262 
256 262 252 259 240 256 262 
256 273 252 259 240 256 262 
256 273 252 259 240 256 274 
267 273 252 259 260 256 274 
267 273 252 259 260 269 274 
267 273 252 259 278 269 274 
267 273 274 259 278 269 274 
267 273 274 259 278 282 274 
330.0 312.0 380.0 330.0 278.0 378.0 300.0 
;
EXECUTION TIME HBSS: 7293.97316289 seconds 

-------------------------------------------------------------------
