DATFILE : bwopen0_6r_1000.dat
ENVIRONMENT : bwopen
ALGORITHM : HBSS - TAU 4
RANGE : 1000
STARTING_POS : 0
N_ROBOTS : 6
GREEDY SOLUTION : [ 2636.]
COMPUTATIONS D :
2856
2784
2740
2760
2640
2632
2716
2812
2832
2760
2756
2642
2822
2750
2938
2840
2742
2820
2890
2696
2762
2832
2818
2678
2818
2960
2716
2850
2728
2868
2638
2662
3166
2860
2756
2868
2578
2732
2830
2892
2878
2774
2812
2648
2982
3042
2626
2972
2806
2744
2974
2812
2832
2748
2902
2710
3066
2684
2632
2722
2682
2634
2774
2992
2930
2758
2818
2660
2820
2640
2690
2554
2632
2854
2854
2592
2708
2750
2848
2688
2682
2876
2636
2628
2758
2602
2736
2868
2792
2826
2908
2826
2918
2752
2728
2728
2880
2758
2850
2696
3060
2754
2954
2740
2736
2842
2742
2512
2954
2826
2906
2686
2700
2776
2752
2596
2632
2912
2844
2590
2696
2730
2818
2676
2806
2786
2770
2770
2940
2994
2588
2896
2640
2882
2472
2706
2822
2790
2770
2666
2608
2892
2672
2732
2874
2760
2728
2754
2794
2942
2610
2506
2874
2932
2578
2900
2666
2586
2836
2824
2628
2672
2690
2888
2686
2710
2916
2676
2920
2716
2886
3024
2906
2696
2888
2690
2612
2578
2938
2784
2714
3062
2594
2742
2780
2772
2834
2670
2846
2620
2930
2792
2798
2858
2698
2678
2824
2830
2698
2830
;
HBBS sumD : 2472
BEST_CONFIGURATIONS : 
0 0 0 0 0 0 
0 4 0 0 0 0 
0 4 0 26 0 0 
0 4 1 26 0 0 
0 4 1 26 5 0 
0 4 1 26 5 22 
0 8 1 26 5 22 
4 8 1 26 5 22 
4 8 1 26 5 22 
4 8 1 26 5 22 
4 8 1 26 5 22 
4 8 1 26 5 22 
4 8 1 26 5 22 
4 8 1 26 5 22 
4 8 1 26 5 22 
4 8 1 26 5 22 
4 8 1 26 5 22 
8 8 1 26 5 22 
8 8 1 26 5 22 
8 8 1 26 5 22 
8 8 27 26 5 22 
8 8 27 26 5 22 
8 8 27 26 5 22 
8 8 27 26 5 22 
8 8 27 26 5 22 
13 8 27 26 5 22 
13 8 27 26 5 22 
13 8 27 4 5 22 
13 8 27 4 5 22 
13 8 27 4 5 22 
13 8 27 4 5 22 
13 8 27 4 5 22 
13 8 27 4 9 22 
13 8 27 4 9 22 
13 8 27 4 9 22 
13 8 27 4 9 22 
17 8 27 4 9 22 
17 8 27 0 9 22 
17 8 2 0 9 22 
17 25 2 0 9 22 
17 25 2 0 9 26 
17 25 2 0 9 26 
17 25 2 0 9 26 
17 25 2 0 9 26 
17 25 2 0 9 26 
17 25 2 0 9 5 
17 25 2 0 9 5 
17 25 2 0 9 5 
17 25 2 0 9 5 
17 25 2 0 9 5 
17 25 2 0 9 5 
17 25 2 0 9 5 
17 25 2 0 9 5 
17 25 2 0 9 5 
17 25 2 0 9 5 
17 25 2 0 24 5 
17 25 2 0 24 5 
13 25 2 0 24 5 
13 25 2 0 24 5 
13 25 2 0 24 5 
13 25 2 4 24 5 
13 25 2 4 24 5 
13 18 2 4 24 5 
13 18 2 4 24 5 
13 18 2 4 24 5 
13 18 2 4 24 1 
13 18 2 4 24 1 
13 18 2 4 24 1 
13 18 2 8 24 1 
13 18 2 8 24 1 
13 18 2 8 24 1 
13 18 2 8 24 1 
13 18 2 8 10 1 
13 18 2 8 10 1 
13 18 2 8 10 27 
13 18 2 8 10 27 
13 14 2 8 10 27 
13 14 6 8 10 27 
13 14 6 8 10 27 
13 14 6 8 10 27 
13 14 6 8 10 27 
17 14 6 8 10 27 
17 14 6 8 10 27 
17 14 6 8 10 27 
17 14 6 8 10 27 
17 14 6 8 10 27 
17 14 6 8 10 27 
17 14 6 8 10 27 
17 14 6 8 10 27 
17 14 6 8 10 27 
17 14 6 8 10 27 
17 14 6 8 10 27 
17 14 6 8 10 27 
17 14 21 8 10 27 
17 14 21 8 10 27 
17 14 21 8 15 27 
17 14 21 8 15 27 
25 14 21 8 15 27 
25 18 21 8 15 27 
25 18 21 8 15 27 
25 18 21 8 15 27 
25 18 21 8 15 27 
25 18 3 8 15 27 
25 18 3 8 15 27 
25 18 3 22 15 27 
25 18 3 22 15 27 
25 18 3 22 15 27 
25 18 3 22 15 27 
25 18 3 22 15 27 
25 18 3 22 15 27 
25 18 3 22 15 27 
25 18 3 22 15 1 
25 18 3 22 15 1 
25 18 3 22 10 1 
25 18 3 22 10 1 
25 18 3 22 10 1 
25 14 3 22 10 1 
25 14 3 22 10 1 
25 14 3 22 10 1 
25 14 3 13 10 1 
25 14 3 13 10 1 
17 14 3 13 10 1 
17 14 3 13 10 1 
17 14 3 13 10 1 
17 14 3 13 10 1 
17 14 3 13 10 1 
17 14 3 13 10 1 
17 14 21 13 10 1 
17 14 21 13 10 1 
17 14 21 13 10 1 
17 14 21 13 9 1 
17 14 21 13 9 1 
17 14 21 13 9 1 
17 18 21 13 9 1 
17 18 6 13 9 1 
17 18 6 13 9 1 
17 18 6 25 9 1 
17 18 6 25 9 1 
17 18 6 25 27 1 
17 18 6 25 27 4 
17 15 6 25 27 4 
25 15 6 25 27 4 
25 15 21 25 27 4 
18 15 21 25 27 4 
18 15 21 25 27 4 
18 15 21 25 27 4 
18 15 21 14 27 4 
18 15 21 14 27 4 
18 15 21 14 27 26 
18 15 21 14 27 26 
18 15 21 14 27 26 
18 15 21 14 27 26 
18 15 21 14 27 26 
18 10 21 14 27 26 
18 10 21 14 27 26 
18 10 3 14 27 26 
19 10 3 14 27 26 
19 10 3 14 9 26 
19 10 3 14 9 5 
19 10 3 14 9 5 
19 10 3 14 9 5 
19 10 3 14 9 5 
19 10 3 14 9 5 
19 10 3 14 9 5 
19 10 3 14 9 5 
19 10 3 15 9 5 
19 10 3 15 9 5 
19 10 3 15 9 5 
19 10 3 15 9 5 
19 10 3 15 9 5 
19 10 3 15 9 5 
19 24 3 15 9 5 
19 24 3 15 9 5 
19 24 3 15 9 5 
19 24 3 15 9 26 
19 24 3 15 9 26 
19 24 21 15 9 26 
19 24 21 15 9 26 
19 24 21 15 9 26 
20 24 21 15 9 26 
20 24 21 15 9 26 
20 24 21 15 9 26 
20 24 21 10 9 26 
20 24 21 10 9 26 
23 24 21 10 9 26 
23 6 21 10 9 26 
23 6 7 10 9 26 
23 6 7 10 24 26 
23 6 7 10 24 4 
23 6 7 10 24 4 
23 6 7 10 24 4 
23 6 7 10 24 4 
23 6 7 10 24 4 
23 6 7 10 24 4 
23 6 7 10 11 4 
23 6 7 10 11 4 
23 6 7 10 11 4 
16 6 7 10 11 4 
16 6 7 10 11 4 
16 6 7 10 11 0 
16 6 7 15 11 0 
16 6 7 15 11 0 
16 6 7 15 11 0 
16 6 7 15 11 0 
16 6 7 15 11 0 
16 6 7 15 11 0 
16 6 7 15 11 0 
16 6 7 15 11 0 
16 6 7 15 11 0 
16 6 7 15 11 0 
16 6 7 15 11 0 
16 6 7 15 11 0 
16 6 21 15 11 0 
16 2 21 15 11 0 
16 2 21 15 11 0 
16 2 21 15 11 0 
16 2 21 15 11 0 
16 2 21 14 11 0 
16 2 21 14 11 0 
16 2 21 14 11 0 
16 2 21 14 11 0 
16 2 21 14 11 0 
16 2 21 14 11 0 
16 2 21 14 11 0 
16 2 21 14 11 0 
12 2 21 14 11 0 
12 2 21 14 11 0 
12 2 21 18 11 0 
12 2 3 18 11 0 
12 2 3 18 11 4 
12 2 3 18 11 4 
12 2 3 18 11 4 
12 2 3 18 6 4 
12 2 3 18 6 4 
12 2 3 18 6 4 
12 2 3 18 6 4 
12 2 3 18 6 4 
12 2 3 18 6 4 
12 2 3 18 6 4 
12 2 3 18 6 4 
12 2 3 14 6 4 
16 2 3 14 6 4 
16 2 3 14 6 4 
16 2 7 14 6 4 
16 2 7 14 6 26 
23 2 7 14 6 26 
23 2 7 14 6 5 
23 24 7 14 6 5 
23 24 7 14 6 5 
23 24 7 14 21 5 
23 24 7 14 21 5 
23 24 7 14 21 5 
23 24 7 14 21 5 
23 24 7 14 21 5 
23 24 7 14 21 5 
23 24 7 18 21 5 
23 24 7 18 21 5 
23 24 7 18 3 5 
23 24 7 18 3 5 
23 24 7 18 3 5 
23 24 7 18 3 5 
23 24 7 18 3 5 
23 24 7 18 3 5 
20 24 7 18 3 5 
20 24 7 18 3 22 
20 24 7 18 3 22 
20 24 12 18 3 22 
20 24 12 25 3 22 
20 24 12 25 3 22 
20 6 12 25 3 22 
20 6 12 25 3 22 
20 6 12 25 3 22 
20 21 12 25 3 22 
20 21 12 25 3 22 
20 21 12 25 3 22 
23 21 12 25 3 22 
23 21 12 25 3 22 
23 21 12 25 3 22 
23 21 12 25 21 22 
23 21 12 25 21 22 
23 21 12 25 21 22 
23 21 12 25 21 22 
23 21 12 25 21 22 
23 21 12 25 21 26 
23 21 16 25 21 26 
23 21 16 25 7 26 
23 21 16 25 7 26 
23 21 16 25 7 26 
23 21 16 17 7 26 
20 21 16 17 7 26 
20 21 16 17 7 26 
20 21 16 17 7 26 
20 21 16 17 7 26 
20 21 16 17 7 26 
20 21 16 17 7 26 
20 21 16 17 7 26 
20 21 16 17 7 26 
20 21 16 17 7 5 
20 21 16 17 7 5 
19 21 16 17 7 5 
19 21 12 17 7 5 
19 11 12 17 7 5 
19 11 12 17 7 5 
19 11 12 17 7 5 
19 11 12 13 7 5 
19 11 12 13 7 5 
19 11 12 13 7 5 
19 11 12 13 7 5 
19 11 12 13 7 22 
19 11 12 13 7 22 
19 11 12 13 7 22 
19 11 12 8 7 22 
19 11 12 8 7 22 
19 11 12 8 7 22 
19 11 12 8 7 22 
19 11 12 8 7 22 
19 11 12 8 7 22 
19 11 12 8 7 22 
19 11 16 8 7 22 
19 11 16 8 6 22 
19 11 16 8 6 22 
19 11 16 8 6 26 
20 11 16 8 6 26 
20 11 23 8 6 26 
20 11 23 8 24 26 
20 24 23 8 24 26 
20 24 23 8 24 26 
20 24 23 8 24 26 
20 24 23 8 24 26 
19 24 23 8 24 26 
19 24 16 8 24 26 
19 24 16 8 24 26 
19 24 16 17 24 26 
19 24 16 17 24 27 
19 9 16 17 24 27 
19 9 16 17 24 27 
19 9 16 17 24 27 
19 9 23 17 24 27 
19 9 23 17 2 27 
19 9 23 13 2 27 
19 9 23 13 2 27 
19 9 20 13 2 27 
20 9 20 13 2 27 
20 9 20 13 2 27 
20 10 20 13 2 27 
20 10 20 13 2 27 
23 10 20 13 2 27 
23 15 20 13 2 27 
23 15 20 13 2 1 
23 15 20 13 1 1 
16 15 20 13 1 1 
16 15 20 13 1 1 
16 15 23 13 1 1 
12 15 23 13 1 1 
12 15 23 13 1 1 
12 15 23 13 1 0 
12 19 23 25 1 0 
12 19 23 25 1 0 
12 19 20 25 1 0 
12 19 20 18 1 0 
12 19 20 18 1 0 
12 19 20 18 1 0 
12 19 20 18 27 0 
12 19 20 18 27 0 
12 19 20 18 27 0 
12 19 20 14 27 0 
12 19 20 14 27 4 
12 19 20 14 27 4 
12 19 20 14 9 4 
12 19 16 14 9 4 
12 19 16 10 9 4 
16 18 16 10 9 4 
11 18 16 10 9 4 
11 18 16 10 27 4 
11 18 7 10 27 4 
11 25 7 10 27 4 
11 25 7 10 27 1 
11 25 7 10 27 1 
11 25 3 10 27 0 
0 0 0 0 0 0 
;
ROBOT MOVING BEST:
0 0 0 0 0 0 
1 1 0 0 0 0 
1 0 0 1 0 0 
1 0 1 0 0 0 
1 0 0 0 1 0 
1 0 0 0 0 1 
1 1 0 0 0 0 
1 0 0 1 0 0 
1 0 1 0 0 0 
0 0 1 1 0 0 
1 0 0 0 1 0 
1 0 0 0 0 1 
0 0 0 1 1 0 
0 0 0 1 0 1 
1 1 0 0 0 0 
0 0 1 0 1 0 
0 0 1 0 0 1 
1 0 0 1 0 0 
1 0 1 0 0 0 
0 0 0 0 1 1 
0 0 1 1 0 0 
1 0 0 0 1 0 
1 0 0 0 0 1 
0 0 1 0 1 0 
0 0 1 0 0 1 
1 0 0 1 0 0 
0 1 1 0 0 0 
0 0 1 1 0 0 
1 0 0 0 1 0 
1 0 0 0 0 1 
1 1 0 0 0 0 
1 0 0 1 0 0 
0 0 0 0 1 1 
1 0 1 0 0 0 
0 1 0 0 1 0 
0 0 0 1 1 0 
1 0 0 0 0 1 
0 0 1 1 0 0 
0 0 1 0 0 1 
0 1 0 0 0 1 
0 0 0 0 1 1 
1 0 0 0 0 1 
0 0 1 0 0 1 
0 0 0 1 1 0 
0 1 0 0 0 1 
0 0 0 0 1 1 
1 0 0 1 0 0 
1 0 0 0 0 1 
0 0 1 1 0 0 
0 1 0 1 0 0 
0 0 1 0 0 1 
1 0 0 0 1 0 
0 1 0 0 0 1 
0 0 1 0 1 0 
0 1 0 0 1 0 
0 0 0 1 1 0 
1 0 1 0 0 0 
1 0 0 1 0 0 
0 0 0 0 1 1 
0 1 1 0 0 0 
0 0 1 1 0 0 
0 1 0 1 0 0 
0 1 0 0 0 1 
0 0 1 0 1 0 
1 0 1 0 0 0 
0 0 1 0 0 1 
0 0 0 1 1 0 
0 1 1 0 0 0 
0 0 1 1 0 0 
0 0 0 0 1 1 
1 0 0 0 1 0 
1 0 0 0 0 1 
0 0 1 0 1 0 
0 1 0 0 0 1 
0 0 1 0 0 1 
1 1 0 0 0 0 
0 1 1 0 0 0 
1 0 1 0 0 0 
1 0 0 0 1 0 
0 0 1 1 0 0 
1 1 0 0 0 0 
1 0 1 0 0 0 
1 0 0 1 0 0 
0 0 1 0 1 0 
0 0 0 1 1 0 
1 0 0 0 1 0 
0 0 1 0 0 1 
0 1 1 0 0 0 
0 1 0 1 0 0 
1 0 0 0 0 1 
0 0 0 0 1 1 
0 1 0 0 1 0 
1 1 0 0 0 0 
0 0 1 1 0 0 
0 1 0 0 0 1 
0 0 0 1 1 0 
1 0 1 0 0 0 
1 0 0 1 0 0 
0 1 0 1 0 0 
0 0 1 0 0 1 
0 0 0 0 1 1 
1 0 0 0 0 1 
0 0 1 1 0 0 
0 1 0 0 0 1 
0 0 0 1 1 0 
1 0 0 0 1 0 
0 1 0 1 0 0 
0 0 1 0 0 1 
0 1 0 0 1 0 
1 1 0 0 0 0 
0 0 1 1 0 0 
0 0 0 0 1 1 
1 0 0 0 0 1 
0 0 0 1 1 0 
1 0 1 0 0 0 
1 0 0 0 1 0 
0 1 0 1 0 0 
0 0 1 0 0 1 
1 1 0 0 0 0 
1 0 0 1 0 0 
0 0 0 0 1 1 
1 0 0 0 0 1 
0 0 1 0 1 0 
1 0 1 0 0 0 
0 1 0 0 0 1 
0 1 1 0 0 0 
0 0 1 1 0 0 
0 0 1 0 0 1 
1 0 0 1 0 0 
0 0 1 0 1 0 
0 0 0 0 1 1 
0 1 1 0 0 0 
0 0 1 1 0 0 
1 1 0 0 0 0 
0 0 1 0 0 1 
0 0 0 1 1 0 
1 0 0 1 0 0 
0 1 0 0 1 0 
0 0 0 0 1 1 
1 0 0 0 0 1 
1 1 0 0 0 0 
1 0 1 0 0 0 
1 0 1 0 0 0 
1 0 0 0 0 1 
0 1 0 0 0 1 
0 0 1 0 0 1 
0 0 0 1 0 1 
1 0 1 0 0 0 
1 0 0 0 0 1 
1 0 0 1 0 0 
0 1 1 0 0 0 
0 0 1 0 0 1 
0 1 0 1 0 0 
1 1 0 0 0 0 
0 0 0 1 0 1 
1 0 1 0 0 0 
1 0 0 0 1 0 
0 0 0 1 1 0 
0 0 0 1 0 1 
1 0 0 1 0 0 
0 1 0 0 1 0 
0 1 0 0 0 1 
0 0 1 0 1 0 
1 1 0 0 0 0 
1 0 0 0 1 0 
0 0 0 1 1 0 
0 1 0 1 0 0 
0 0 1 0 0 1 
1 0 1 0 0 0 
1 0 0 0 0 1 
1 0 0 1 0 0 
0 1 0 0 1 0 
0 0 1 1 0 0 
0 0 0 1 0 1 
0 0 1 0 0 1 
1 0 0 0 0 1 
0 0 1 0 1 0 
0 0 0 1 0 1 
1 1 0 0 0 0 
1 0 0 0 1 0 
0 1 0 1 0 0 
1 0 0 1 0 0 
0 0 0 1 0 1 
0 1 0 0 0 1 
1 0 0 0 1 0 
0 1 0 0 1 0 
0 0 1 0 1 0 
0 0 0 1 1 0 
0 0 0 1 0 1 
1 0 0 1 0 0 
0 0 1 1 0 0 
1 0 0 0 1 0 
0 1 0 0 1 0 
0 0 1 0 1 0 
0 0 0 1 1 0 
1 0 0 0 0 1 
0 1 0 0 0 1 
1 0 0 1 0 0 
0 0 1 0 0 1 
0 0 0 1 0 1 
0 1 0 1 0 0 
0 0 1 1 0 0 
0 1 1 0 0 0 
0 0 0 1 1 0 
0 1 0 0 1 0 
0 0 1 0 1 0 
0 0 0 1 0 1 
1 0 0 1 0 0 
0 1 0 0 0 1 
0 0 1 0 0 1 
1 1 0 0 0 0 
1 0 1 0 0 0 
0 1 1 0 0 0 
0 1 0 1 0 0 
0 0 0 0 1 1 
1 0 0 0 1 0 
0 0 1 0 1 0 
0 0 0 1 1 0 
1 0 0 0 0 1 
0 0 1 0 0 1 
0 0 0 1 0 1 
1 0 1 0 0 0 
1 0 0 1 0 0 
0 1 0 0 1 0 
1 1 0 0 0 0 
1 0 0 0 1 0 
0 1 1 0 0 0 
0 0 0 1 1 0 
0 0 1 0 1 0 
0 0 0 0 1 1 
1 1 0 0 0 0 
0 1 1 0 0 0 
0 1 0 0 1 0 
1 0 0 1 0 0 
1 0 1 0 0 0 
1 0 0 0 1 0 
1 0 0 0 0 1 
0 0 0 1 1 0 
0 0 1 0 1 0 
0 0 1 0 0 1 
1 0 0 1 0 0 
1 0 1 0 0 0 
1 0 0 0 0 1 
0 1 1 0 0 0 
0 0 0 0 1 1 
1 1 0 0 0 0 
0 0 0 0 1 1 
0 1 0 1 0 0 
1 0 0 0 1 0 
0 1 0 0 1 0 
0 0 1 1 0 0 
0 0 1 0 1 0 
1 0 0 1 0 0 
1 0 0 0 1 0 
0 0 0 0 1 1 
0 1 0 1 0 0 
1 0 1 0 0 0 
0 1 0 0 1 0 
0 0 1 0 0 1 
0 0 1 1 0 0 
1 0 0 0 0 1 
0 0 1 0 1 0 
1 0 0 1 0 0 
1 1 0 0 0 0 
0 1 0 0 0 1 
1 0 1 0 0 0 
0 1 1 0 0 0 
0 1 0 1 0 0 
1 0 0 0 1 0 
1 1 0 0 0 0 
0 1 0 0 0 1 
1 0 0 0 0 1 
0 1 0 0 1 0 
1 0 1 0 0 0 
1 0 0 1 0 0 
1 0 0 0 1 0 
0 0 1 0 0 1 
0 0 1 1 0 0 
0 0 0 0 1 1 
0 0 1 0 1 0 
1 0 0 0 0 1 
1 0 1 0 0 0 
1 0 0 1 0 0 
0 0 1 0 0 1 
0 0 1 1 0 0 
0 0 0 1 1 0 
1 0 0 0 0 1 
1 0 1 0 0 0 
1 0 0 1 0 0 
1 1 0 0 0 0 
0 0 1 0 0 1 
0 0 1 1 0 0 
0 0 0 0 1 1 
1 0 0 0 0 1 
0 0 0 1 1 0 
1 0 1 0 0 0 
1 0 0 1 0 0 
0 0 1 0 0 1 
1 0 0 0 0 1 
1 1 0 0 0 0 
0 0 1 1 0 0 
0 1 0 1 0 0 
0 0 1 0 1 0 
1 0 0 1 0 0 
0 0 0 1 1 0 
0 0 1 0 0 1 
0 1 0 0 0 1 
1 0 0 0 1 0 
0 0 0 0 1 1 
0 0 1 1 0 0 
0 1 0 1 0 0 
0 0 0 1 1 0 
1 0 1 0 0 0 
1 1 0 0 0 0 
0 1 0 0 0 1 
0 0 1 1 0 0 
1 0 0 0 0 1 
0 1 0 1 0 0 
1 0 1 0 0 0 
1 0 0 0 1 0 
0 0 1 0 0 1 
0 1 0 0 0 1 
1 1 0 0 0 0 
0 1 1 0 0 0 
0 1 0 0 1 0 
0 1 0 1 0 0 
1 0 0 1 0 0 
0 0 1 1 0 0 
1 0 1 0 0 0 
1 0 0 1 0 0 
0 0 1 1 0 0 
0 1 1 0 0 0 
0 1 0 1 0 0 
0 1 0 0 0 1 
0 1 1 0 0 0 
0 0 1 0 0 1 
0 1 0 0 0 1 
1 0 1 0 0 0 
1 0 0 0 1 0 
1 0 0 1 0 0 
0 0 1 0 0 1 
1 0 1 0 0 0 
1 0 0 0 0 1 
1 0 0 0 1 0 
1 1 0 0 0 0 
1 0 0 1 0 0 
1 0 0 1 0 0 
0 1 0 1 0 0 
0 0 1 0 0 1 
1 0 0 0 1 0 
1 0 0 0 0 1 
1 0 0 1 0 0 
0 1 1 0 0 0 
1 0 0 0 0 1 
1 1 0 0 0 0 
0 0 1 0 0 1 
0 1 0 1 0 0 
0 1 0 0 1 0 
0 0 1 0 0 1 
0 0 1 1 0 0 
0 0 0 1 0 1 
1 0 0 0 0 1 
1 0 0 0 1 0 
0 1 0 0 0 1 
0 1 0 1 0 0 
0 0 1 1 0 0 
0 0 1 0 0 1 
0 1 0 0 0 1 
1 0 0 0 1 0 
1 0 1 0 0 0 
1 0 0 1 0 0 
1 1 0 0 0 0 
1 0 0 0 1 0 
1 0 0 0 1 0 
0 0 1 0 1 0 
1 1 0 0 0 0 
1 0 0 0 0 1 
0 0 1 0 0 1 
0 0 1 0 0 1 
1 1 1 1 1 0 
;
TIMETABLE BEST: 
0.0 0.0 0.0 0.0 0.0 0.0 
0 14 0 0 0 0 
0 14 0 17 0 0 
0 14 18 17 0 0 
0 14 18 17 24 0 
0 14 18 17 24 24 
0 28 18 17 24 24 
14 28 18 17 24 24 
14 28 18 17 24 24 
14 28 18 17 24 24 
14 28 18 17 24 24 
14 28 18 17 24 24 
14 28 18 17 24 24 
14 28 18 17 24 24 
14 28 18 17 24 24 
14 28 18 17 24 24 
14 28 18 17 24 24 
28 28 18 17 24 24 
28 28 18 17 24 24 
28 28 18 17 24 24 
28 28 33 17 24 24 
28 28 33 17 24 24 
28 28 33 17 24 24 
28 28 33 17 24 24 
28 28 33 17 24 24 
41 28 33 17 24 24 
41 28 33 17 24 24 
41 28 33 28 24 24 
41 28 33 28 24 24 
41 28 33 28 24 24 
41 28 33 28 24 24 
41 28 33 28 24 24 
41 28 33 28 46 24 
41 28 33 28 46 24 
41 28 33 28 46 24 
41 28 33 28 46 24 
52 28 33 28 46 24 
52 28 33 42 46 24 
52 28 52 42 46 24 
52 54 52 42 46 24 
52 54 52 42 46 35 
52 54 52 42 46 35 
52 54 52 42 46 35 
52 54 52 42 46 35 
52 54 52 42 46 35 
52 54 52 42 46 44 
52 54 52 42 46 44 
52 54 52 42 46 44 
52 54 52 42 46 44 
52 54 52 42 46 44 
52 54 52 42 46 44 
52 54 52 42 46 44 
52 54 52 42 46 44 
52 54 52 42 46 44 
52 54 52 42 46 44 
52 54 52 42 61 44 
52 54 52 42 61 44 
63 54 52 42 61 44 
63 54 52 42 61 44 
63 54 52 42 61 44 
63 54 52 56 61 44 
63 54 52 56 61 44 
63 67 52 56 61 44 
63 67 52 56 61 44 
63 67 52 56 61 44 
63 67 52 56 61 62 
63 67 52 56 61 62 
63 67 52 56 61 62 
63 67 52 70 61 62 
63 67 52 70 61 62 
63 67 52 70 61 62 
63 67 52 70 61 62 
63 67 52 70 74 62 
63 67 52 70 74 62 
63 67 52 70 74 77 
63 67 52 70 74 77 
63 78 52 70 74 77 
63 78 70 70 74 77 
63 78 70 70 74 77 
63 78 70 70 74 77 
63 78 70 70 74 77 
74 78 70 70 74 77 
74 78 70 70 74 77 
74 78 70 70 74 77 
74 78 70 70 74 77 
74 78 70 70 74 77 
74 78 70 70 74 77 
74 78 70 70 74 77 
74 78 70 70 74 77 
74 78 70 70 74 77 
74 78 70 70 74 77 
74 78 70 70 74 77 
74 78 70 70 74 77 
74 78 82 70 74 77 
74 78 82 70 74 77 
74 78 82 70 85 77 
74 78 82 70 85 77 
86 78 82 70 85 77 
86 89 82 70 85 77 
86 89 82 70 85 77 
86 89 82 70 85 77 
86 89 82 70 85 77 
86 89 94 70 85 77 
86 89 94 70 85 77 
86 89 94 82 85 77 
86 89 94 82 85 77 
86 89 94 82 85 77 
86 89 94 82 85 77 
86 89 94 82 85 77 
86 89 94 82 85 77 
86 89 94 82 85 77 
86 89 94 82 85 92 
86 89 94 82 85 92 
86 89 94 82 96 92 
86 89 94 82 96 92 
86 89 94 82 96 92 
86 100 94 82 96 92 
86 100 94 82 96 92 
86 100 94 82 96 92 
86 100 94 101 96 92 
86 100 94 101 96 92 
98 100 94 101 96 92 
98 100 94 101 96 92 
98 100 94 101 96 92 
98 100 94 101 96 92 
98 100 94 101 96 92 
98 100 94 101 96 92 
98 100 106 101 96 92 
98 100 106 101 96 92 
98 100 106 101 96 92 
98 100 106 101 110 92 
98 100 106 101 110 92 
98 100 106 101 110 92 
98 111 106 101 110 92 
98 111 118 101 110 92 
98 111 118 101 110 92 
98 111 118 114 110 92 
98 111 118 114 110 92 
98 111 118 114 125 92 
98 111 118 114 125 122 
98 129 118 114 125 122 
110 129 118 114 125 122 
110 129 130 114 125 122 
123 129 130 114 125 122 
123 129 130 114 125 122 
123 129 130 114 125 122 
123 129 130 130 125 122 
123 129 130 130 125 122 
123 129 130 130 125 133 
123 129 130 130 125 133 
123 129 130 130 125 133 
123 129 130 130 125 133 
123 129 130 130 125 133 
123 140 130 130 125 133 
123 140 130 130 125 133 
123 140 142 130 125 133 
143 140 142 130 125 133 
143 140 142 130 140 133 
143 140 142 130 140 142 
143 140 142 130 140 142 
143 140 142 130 140 142 
143 140 142 130 140 142 
143 140 142 130 140 142 
143 140 142 130 140 142 
143 140 142 130 140 142 
143 140 142 143 140 142 
143 140 142 143 140 142 
143 140 142 143 140 142 
143 140 142 143 140 142 
143 140 142 143 140 142 
143 140 142 143 140 142 
143 153 142 143 140 142 
143 153 142 143 140 142 
143 153 142 143 140 142 
143 153 142 143 140 151 
143 153 142 143 140 151 
143 153 154 143 140 151 
143 153 154 143 140 151 
143 153 154 143 140 151 
156 153 154 143 140 151 
156 153 154 143 140 151 
156 153 154 143 140 151 
156 153 154 154 140 151 
156 153 154 154 140 151 
166 153 154 154 140 151 
166 166 154 154 140 151 
166 166 166 154 140 151 
166 166 166 154 155 151 
166 166 166 154 155 162 
166 166 166 154 155 162 
166 166 166 154 155 162 
166 166 166 154 155 162 
166 166 166 154 155 162 
166 166 166 154 155 162 
166 166 166 154 173 162 
166 166 166 154 173 162 
166 166 166 154 173 162 
177 166 166 154 173 162 
177 166 166 154 173 162 
177 166 166 154 173 176 
177 166 166 165 173 176 
177 166 166 165 173 176 
177 166 166 165 173 176 
177 166 166 165 173 176 
177 166 166 165 173 176 
177 166 166 165 173 176 
177 166 166 165 173 176 
177 166 166 165 173 176 
177 166 166 165 173 176 
177 166 166 165 173 176 
177 166 166 165 173 176 
177 166 166 165 173 176 
177 166 178 165 173 176 
177 184 178 165 173 176 
177 184 178 165 173 176 
177 184 178 165 173 176 
177 184 178 165 173 176 
177 184 178 178 173 176 
177 184 178 178 173 176 
177 184 178 178 173 176 
177 184 178 178 173 176 
177 184 178 178 173 176 
177 184 178 178 173 176 
177 184 178 178 173 176 
177 184 178 178 173 176 
188 184 178 178 173 176 
188 184 178 178 173 176 
188 184 178 189 173 176 
188 184 190 189 173 176 
188 184 190 189 173 190 
188 184 190 189 173 190 
188 184 190 189 173 190 
188 184 190 189 190 190 
188 184 190 189 190 190 
188 184 190 189 190 190 
188 184 190 189 190 190 
188 184 190 189 190 190 
188 184 190 189 190 190 
188 184 190 189 190 190 
188 184 190 189 190 190 
188 184 190 200 190 190 
199 184 190 200 190 190 
199 184 190 200 190 190 
199 184 206 200 190 190 
199 184 206 200 190 201 
210 184 206 200 190 201 
210 184 206 200 190 210 
210 203 206 200 190 210 
210 203 206 200 190 210 
210 203 206 200 202 210 
210 203 206 200 202 210 
210 203 206 200 202 210 
210 203 206 200 202 210 
210 203 206 200 202 210 
210 203 206 200 202 210 
210 203 206 211 202 210 
210 203 206 211 202 210 
210 203 206 211 214 210 
210 203 206 211 214 210 
210 203 206 211 214 210 
210 203 206 211 214 210 
210 203 206 211 214 210 
210 203 206 211 214 210 
220 203 206 211 214 210 
220 203 206 211 214 222 
220 203 206 211 214 222 
220 203 224 211 214 222 
220 203 224 224 214 222 
220 203 224 224 214 222 
220 216 224 224 214 222 
220 216 224 224 214 222 
220 216 224 224 214 222 
220 228 224 224 214 222 
220 228 224 224 214 222 
220 228 224 224 214 222 
230 228 224 224 214 222 
230 228 224 224 214 222 
230 228 224 224 214 222 
230 228 224 224 226 222 
230 228 224 224 226 222 
230 228 224 224 226 222 
230 228 224 224 226 222 
230 228 224 224 226 222 
230 228 224 224 226 233 
230 228 235 224 226 233 
230 228 235 224 238 233 
230 228 235 224 238 233 
230 228 235 224 238 233 
230 228 235 236 238 233 
240 228 235 236 238 233 
240 228 235 236 238 233 
240 228 235 236 238 233 
240 228 235 236 238 233 
240 228 235 236 238 233 
240 228 235 236 238 233 
240 228 235 236 238 233 
240 228 235 236 238 233 
240 228 235 236 238 242 
240 228 235 236 238 242 
253 228 235 236 238 242 
253 228 246 236 238 242 
253 247 246 236 238 242 
253 247 246 236 238 242 
253 247 246 236 238 242 
253 247 246 247 238 242 
253 247 246 247 238 242 
253 247 246 247 238 242 
253 247 246 247 238 242 
253 247 246 247 238 254 
253 247 246 247 238 254 
253 247 246 247 238 254 
253 247 246 260 238 254 
253 247 246 260 238 254 
253 247 246 260 238 254 
253 247 246 260 238 254 
253 247 246 260 238 254 
253 247 246 260 238 254 
253 247 246 260 238 254 
253 247 257 260 238 254 
253 247 257 260 258 254 
253 247 257 260 258 254 
253 247 257 260 258 265 
266 247 257 260 258 265 
266 247 268 260 258 265 
266 247 268 260 271 265 
266 265 268 260 271 265 
266 265 268 260 271 265 
266 265 268 260 271 265 
266 265 268 260 271 265 
279 265 268 260 271 265 
279 265 279 260 271 265 
279 265 279 260 271 265 
279 265 279 284 271 265 
279 265 279 284 271 287 
279 280 279 284 271 287 
279 280 279 284 271 287 
279 280 279 284 271 287 
279 280 290 284 271 287 
279 280 290 284 290 287 
279 280 290 295 290 287 
279 280 290 295 290 287 
279 280 300 295 290 287 
292 280 300 295 290 287 
292 280 300 295 290 287 
292 294 300 295 290 287 
292 294 300 295 290 287 
302 294 300 295 290 287 
302 305 300 295 290 287 
302 305 300 295 290 302 
302 305 300 295 310 302 
313 305 300 295 310 302 
313 305 300 295 310 302 
313 305 310 295 310 302 
324 305 310 295 310 302 
324 305 310 295 310 302 
324 305 310 295 310 320 
324 329 310 308 310 320 
324 329 310 308 310 320 
324 329 320 308 310 320 
324 329 320 321 310 320 
324 329 320 321 310 320 
324 329 320 321 310 320 
324 329 320 321 325 320 
324 329 320 321 325 320 
324 329 320 321 325 320 
324 329 320 332 325 320 
324 329 320 332 325 334 
324 329 320 332 325 334 
324 329 320 332 340 334 
324 329 341 332 340 334 
324 329 341 350 340 334 
335 349 341 350 340 334 
365 349 341 350 340 334 
365 349 341 350 355 334 
365 349 368 350 355 334 
365 362 368 350 355 334 
365 362 368 350 355 364 
365 362 368 350 355 364 
365 362 384 350 355 382 
436.0 414.0 442.0 410.0 388.0 382.0 
;
EXECUTION TIME HBSS: 4924.23167896 seconds 

-------------------------------------------------------------------
