DATFILE : bwopen0_7r_1000.dat
ENVIRONMENT : bwopen
ALGORITHM : HBSS - TAU 7
RANGE : 1000
STARTING_POS : 0
N_ROBOTS : 7
GREEDY SOLUTION : [ 2430.]
COMPUTATIONS D :
2486
2430
2642
2430
2774
2470
2430
2656
2478
2570
2424
2574
2442
2434
2506
2440
2486
2430
2498
2430
2430
2478
2434
2430
2430
2522
2576
2430
2430
2554
2566
2496
2432
2576
2684
2412
2506
2430
2618
2430
2430
2430
2430
2596
2578
2430
2400
2478
2430
2498
2554
2602
2656
2430
2488
2798
2596
2430
2314
2644
2430
2678
2430
2472
2430
2428
2430
2430
2632
2626
2384
2430
2430
2430
2526
2496
2366
2430
2508
2430
2596
2430
2430
2430
2488
2436
2430
2472
2430
2430
2430
2430
2430
2436
2548
2328
2430
2502
2516
2430
2540
2468
2358
2618
2526
2430
2430
2430
2430
2430
2430
2452
2602
2430
2420
2430
2440
2478
2624
2452
2480
2470
2524
2430
2626
2422
2430
2430
2430
2472
2562
2596
2496
2430
2548
2430
2642
2430
2290
2320
2430
2430
2430
2630
2430
2430
2620
2424
2320
2430
2560
2430
2430
2430
2492
2384
2430
2372
2430
2682
2430
2440
2430
2430
2320
2592
2548
2486
2400
2442
2400
2440
2544
2430
2594
2430
2430
2630
2430
2430
2508
2472
2430
2430
2518
2560
2430
2698
2430
2430
2454
2552
2528
2452
2430
2430
2430
2430
2430
2510
;
HBBS sumD : 2290
BEST_CONFIGURATIONS : 
0 0 0 0 0 0 0 
0 4 0 0 0 0 0 
0 4 26 0 0 0 0 
0 4 26 1 0 0 0 
0 4 26 1 5 0 0 
0 4 26 1 5 22 0 
0 4 26 1 5 22 8 
26 4 26 1 5 22 8 
26 4 26 1 5 22 8 
26 4 26 1 5 22 8 
26 4 26 1 5 22 8 
26 4 26 1 5 22 8 
26 4 26 1 5 22 8 
26 4 26 1 5 22 8 
26 4 26 1 5 22 8 
26 4 26 1 5 22 8 
26 4 26 1 5 22 8 
26 4 26 1 5 22 8 
26 4 26 1 5 22 8 
26 4 26 27 5 22 8 
26 4 26 27 5 22 8 
26 4 26 27 5 22 8 
26 4 26 27 5 22 8 
26 4 26 27 5 22 8 
26 4 26 27 5 22 13 
26 4 26 27 5 22 13 
26 4 26 27 5 22 13 
26 4 26 27 5 22 13 
26 4 26 27 9 22 13 
26 8 26 27 9 22 13 
26 8 26 27 9 22 13 
26 8 26 27 9 22 13 
5 8 26 27 9 22 13 
5 8 26 27 9 22 13 
5 8 0 27 9 22 13 
5 8 0 27 9 22 13 
5 8 0 27 9 22 13 
5 8 0 27 9 22 13 
5 8 0 27 9 22 13 
5 8 0 27 9 22 13 
5 8 0 27 9 22 17 
5 8 0 27 9 22 17 
5 8 0 2 9 22 17 
5 8 0 2 9 22 17 
5 25 0 2 9 22 17 
5 25 0 2 9 22 17 
14 25 0 2 9 22 17 
14 25 0 2 9 22 17 
14 25 0 2 9 22 17 
14 25 0 2 10 22 17 
14 25 0 2 10 26 17 
14 25 0 2 10 26 17 
14 25 0 2 10 26 17 
14 25 0 2 10 26 17 
14 25 0 2 10 26 17 
14 25 0 2 10 26 17 
14 25 0 2 10 26 17 
14 25 0 2 10 26 17 
14 25 0 2 10 26 17 
14 25 0 2 10 4 17 
14 25 0 2 10 4 17 
14 25 0 2 10 4 17 
18 25 0 2 10 4 17 
18 25 1 2 10 4 17 
18 25 1 2 10 4 17 
18 25 1 2 10 4 17 
18 25 1 2 10 4 17 
18 25 1 2 10 4 17 
18 25 1 2 10 4 17 
18 25 1 2 10 4 17 
18 25 1 2 10 4 17 
18 25 1 2 10 8 17 
18 25 1 2 10 8 17 
18 25 1 2 10 8 17 
18 25 1 2 10 8 17 
18 25 1 2 10 8 13 
18 25 1 2 10 8 13 
18 25 1 2 10 8 13 
18 25 1 2 10 8 13 
18 25 1 2 10 8 13 
18 25 1 2 10 8 13 
18 25 1 2 10 8 13 
18 25 27 2 10 8 13 
18 25 27 2 10 8 13 
18 25 27 2 10 8 13 
18 25 27 2 10 8 13 
18 25 27 2 10 8 13 
18 14 27 2 10 8 13 
18 14 27 2 15 8 13 
18 14 27 2 15 8 13 
18 14 27 2 15 8 13 
18 14 27 2 15 8 13 
18 14 27 6 15 8 13 
18 14 27 6 15 8 13 
18 14 27 6 15 8 13 
18 14 27 6 15 8 13 
18 14 27 6 15 8 13 
18 14 27 6 15 8 13 
18 14 27 6 15 8 13 
18 14 27 6 15 8 13 
18 14 27 6 15 8 13 
18 14 27 6 15 8 13 
18 14 27 6 15 8 13 
18 14 27 6 15 8 13 
18 14 27 6 15 22 13 
18 14 27 6 15 22 17 
18 14 27 6 15 22 17 
18 14 27 6 15 22 17 
18 14 27 6 15 22 17 
18 14 27 6 15 22 17 
18 14 27 6 15 22 17 
18 14 27 6 15 22 17 
18 14 27 6 15 22 17 
18 14 27 6 15 22 17 
18 14 27 6 15 22 17 
18 14 9 6 15 22 17 
18 14 9 21 15 22 17 
18 14 9 21 10 22 17 
25 14 9 21 10 22 17 
25 14 9 21 10 22 17 
25 14 9 21 10 22 17 
25 14 9 21 10 22 17 
25 14 9 21 10 4 17 
25 14 9 21 10 4 17 
25 14 9 21 10 4 17 
25 14 9 21 10 4 17 
25 14 9 21 10 4 17 
25 15 9 21 10 4 17 
25 15 9 21 10 4 17 
25 15 9 21 10 4 17 
25 15 9 21 10 4 17 
13 15 9 21 10 4 17 
13 15 9 21 10 4 17 
13 15 9 21 10 4 17 
13 15 9 21 10 4 17 
13 15 9 21 10 4 13 
13 15 9 21 10 4 13 
13 15 9 21 10 4 13 
13 15 9 21 10 4 13 
13 15 9 3 10 4 13 
13 15 9 3 10 4 13 
13 15 9 3 10 4 13 
13 15 9 3 24 4 13 
13 15 9 3 24 4 13 
13 15 9 3 24 4 13 
13 15 9 3 24 26 13 
13 15 9 3 24 26 13 
13 15 5 3 24 26 13 
13 15 5 3 24 26 17 
13 10 5 3 24 26 17 
13 10 5 3 24 26 17 
13 10 5 3 24 26 17 
13 10 5 3 24 26 17 
13 10 5 3 24 26 17 
13 10 5 3 24 26 17 
13 10 5 3 24 26 17 
13 10 5 3 24 26 17 
8 10 5 3 24 26 17 
8 10 5 3 24 4 17 
8 10 5 3 24 4 25 
8 10 5 3 24 4 25 
8 10 5 21 24 4 25 
8 10 5 21 24 4 25 
8 10 5 21 24 4 25 
8 10 5 21 6 4 25 
8 10 5 21 6 4 25 
8 10 5 21 6 4 25 
8 10 5 7 6 4 25 
8 10 5 7 6 4 25 
8 10 5 7 6 4 25 
8 10 5 7 6 4 25 
8 24 5 7 6 4 25 
8 24 26 7 6 4 25 
8 24 26 7 6 4 25 
8 24 26 7 6 4 25 
8 24 26 7 6 4 25 
22 24 26 7 6 4 25 
22 24 26 7 6 4 25 
22 24 26 7 6 4 18 
22 24 26 7 6 4 18 
22 24 26 7 6 4 18 
22 24 26 7 6 0 18 
22 24 26 7 6 0 18 
22 9 26 7 6 0 18 
22 9 26 7 6 0 18 
22 9 26 7 6 0 18 
22 9 26 7 21 0 18 
22 9 26 7 21 0 18 
22 9 26 7 21 0 18 
22 9 26 7 21 0 18 
22 9 26 7 21 0 18 
22 9 26 7 21 0 18 
22 9 26 7 21 0 18 
22 9 5 7 21 0 18 
22 9 5 7 21 0 18 
22 9 5 7 21 0 18 
22 9 5 7 21 0 14 
22 9 5 7 3 0 14 
22 9 5 7 3 0 14 
22 9 5 7 3 0 14 
22 9 5 7 3 0 14 
22 9 5 12 3 0 14 
22 9 5 12 3 0 14 
22 9 5 12 3 0 14 
22 9 5 12 3 0 14 
22 9 5 12 3 1 14 
22 9 5 12 3 1 14 
22 11 5 12 3 1 14 
26 11 5 12 3 1 14 
26 11 5 12 3 1 14 
26 11 5 12 3 1 14 
26 11 5 12 3 1 14 
26 11 5 12 3 1 14 
26 11 5 16 3 1 14 
26 11 5 16 3 1 14 
26 11 5 16 3 1 18 
26 11 27 16 3 1 18 
26 11 27 16 3 1 18 
26 11 27 16 3 1 18 
26 11 27 16 3 1 18 
26 11 27 16 3 1 18 
26 11 27 16 3 1 18 
26 11 27 16 21 1 18 
26 11 27 16 21 1 18 
26 11 27 16 21 1 18 
4 11 27 16 21 1 18 
4 11 27 16 21 1 18 
4 11 27 16 21 1 18 
4 11 27 16 21 1 18 
4 11 27 16 21 1 18 
4 11 27 16 21 1 18 
4 11 27 16 21 1 18 
4 11 27 16 21 1 18 
4 11 27 16 21 1 18 
4 11 27 16 21 1 18 
4 11 27 16 6 1 18 
4 11 27 12 6 1 18 
4 11 27 12 6 1 15 
4 11 27 12 6 1 15 
0 11 27 12 6 1 15 
0 11 27 12 6 1 15 
0 11 27 12 6 1 15 
0 24 27 12 6 1 15 
0 24 27 12 6 1 15 
0 24 27 12 6 9 15 
0 24 27 12 6 9 15 
0 24 27 12 6 9 10 
0 24 27 12 6 9 10 
0 24 2 12 6 9 10 
0 24 2 12 6 9 10 
0 24 2 16 6 9 10 
0 24 2 16 6 9 10 
0 24 2 16 6 9 10 
0 24 2 16 6 9 10 
0 24 2 16 21 9 10 
0 24 2 16 21 9 10 
0 24 2 23 21 9 10 
0 24 2 23 21 9 10 
0 24 2 23 3 9 10 
0 24 2 20 3 9 10 
0 11 2 20 3 9 10 
0 11 2 20 3 9 10 
0 11 2 20 3 9 10 
0 11 2 20 3 9 10 
0 11 2 20 3 9 19 
0 11 2 20 3 9 19 
4 11 2 20 3 9 19 
4 11 2 20 7 9 19 
4 11 24 20 7 14 19 
4 11 24 20 7 14 19 
8 11 24 20 7 14 19 
8 11 24 20 7 14 19 
8 11 24 20 7 14 19 
8 11 24 20 7 14 19 
8 11 24 20 7 14 19 
8 11 24 20 7 14 19 
13 11 24 20 7 14 19 
13 11 24 20 7 15 19 
13 11 24 20 7 15 19 
13 11 24 23 7 15 19 
13 11 24 23 7 15 19 
13 11 24 23 7 15 19 
13 11 24 23 7 15 19 
17 11 24 23 7 15 19 
17 12 24 23 7 15 19 
17 12 24 23 7 15 19 
17 12 24 16 7 15 19 
17 12 6 16 7 15 19 
17 12 6 16 7 15 19 
17 12 6 16 7 15 19 
17 12 6 16 7 15 19 
17 12 6 16 21 15 19 
17 12 6 16 21 15 19 
17 12 6 16 21 15 19 
17 12 6 16 21 15 19 
17 12 21 16 21 15 19 
17 12 21 16 21 10 19 
17 12 21 16 21 10 19 
17 12 21 16 21 10 19 
17 12 21 16 21 10 19 
17 12 21 16 21 10 19 
17 12 21 16 21 10 19 
17 12 21 16 21 10 19 
17 12 21 16 21 10 19 
13 12 21 16 21 10 19 
13 12 3 16 21 10 19 
13 12 3 16 21 10 20 
13 12 3 16 21 10 20 
13 12 3 16 21 10 20 
13 12 3 16 21 10 20 
13 12 3 16 21 10 20 
13 12 3 16 21 10 20 
13 12 3 16 21 10 20 
13 12 3 16 21 10 20 
13 12 3 23 21 10 20 
13 12 3 23 7 10 20 
13 12 3 23 7 10 20 
13 12 3 23 7 15 20 
13 12 3 23 7 15 20 
13 12 3 23 7 15 20 
13 12 3 23 7 15 20 
13 12 3 23 7 15 20 
13 12 3 23 7 15 20 
13 12 3 23 7 15 20 
13 12 3 23 7 15 20 
8 12 3 23 7 15 20 
8 12 3 23 7 15 20 
8 16 3 23 7 15 20 
8 16 3 23 7 15 20 
8 16 3 23 7 15 20 
8 16 3 23 7 15 19 
8 16 3 23 7 15 19 
8 16 3 23 7 14 19 
8 16 3 23 7 14 19 
8 16 21 23 7 14 19 
8 16 21 23 7 14 19 
8 16 21 23 7 14 19 
8 16 21 20 7 14 19 
8 16 21 20 7 14 19 
22 16 21 20 7 14 19 
22 16 21 20 7 9 19 
22 16 21 20 7 9 19 
22 23 21 20 6 9 19 
22 23 21 20 6 9 19 
22 23 21 20 6 9 19 
22 23 21 20 6 9 19 
22 23 21 20 6 9 19 
22 23 21 20 6 9 19 
22 23 21 20 6 9 18 
22 23 21 20 6 9 18 
22 23 3 20 6 9 18 
26 23 3 20 6 9 18 
26 23 3 20 6 9 18 
26 23 3 20 6 9 25 
26 23 3 20 6 9 25 
26 23 3 20 6 27 25 
26 23 3 20 6 27 25 
5 23 3 20 6 27 25 
5 23 3 20 6 27 25 
5 16 3 20 6 27 25 
5 16 3 19 2 27 25 
5 16 3 19 2 27 25 
5 16 3 19 2 27 25 
5 16 3 19 2 27 25 
5 12 3 19 2 27 25 
26 12 3 19 2 27 25 
26 12 3 19 2 27 18 
26 12 3 18 2 27 18 
26 12 7 18 2 27 18 
26 12 7 18 2 1 18 
26 12 11 18 2 1 18 
26 23 11 18 2 1 18 
4 23 11 18 2 1 18 
4 23 11 17 2 1 18 
4 20 11 17 2 1 18 
4 20 11 17 2 1 18 
4 20 11 17 2 1 25 
4 19 11 17 2 1 25 
4 19 11 17 2 1 25 
0 0 0 0 0 0 0 
;
ROBOT MOVING BEST:
0 0 0 0 0 0 0 
1 1 0 0 0 0 0 
1 0 1 0 0 0 0 
1 0 0 1 0 0 0 
1 0 0 0 1 0 0 
1 0 0 0 0 1 0 
1 0 0 0 0 0 1 
1 1 0 0 0 0 0 
0 1 0 1 0 0 0 
1 0 0 1 0 0 0 
0 1 0 0 1 0 0 
0 1 0 0 0 1 0 
0 1 0 0 0 0 1 
1 0 0 0 1 0 0 
1 0 0 0 0 1 0 
0 0 0 1 1 0 0 
0 0 0 1 0 1 0 
1 0 0 0 0 0 1 
0 0 0 1 0 0 1 
0 1 0 1 0 0 0 
0 0 0 0 1 1 0 
1 0 0 1 0 0 0 
0 0 0 0 1 0 1 
0 0 0 0 0 1 1 
0 1 0 0 0 0 1 
1 0 0 0 0 0 1 
0 0 0 1 1 0 0 
0 0 0 1 0 1 0 
0 1 0 0 1 0 0 
0 1 0 1 0 0 0 
1 0 0 0 1 0 0 
0 0 0 0 0 1 1 
1 0 0 0 0 0 1 
0 1 0 0 0 0 1 
0 0 1 1 0 0 0 
0 0 0 0 1 1 0 
1 0 0 0 1 0 0 
0 0 0 1 0 0 1 
0 0 1 0 0 0 1 
0 1 0 0 1 0 0 
0 0 0 0 0 1 1 
1 0 0 0 0 0 1 
0 0 0 1 0 1 0 
1 0 0 1 0 0 0 
0 1 0 0 0 1 0 
1 1 0 0 0 0 0 
1 0 0 0 0 1 0 
0 0 1 0 1 0 0 
0 0 1 0 0 0 1 
0 0 0 0 1 1 0 
0 0 0 0 0 1 1 
0 0 1 1 0 0 0 
0 0 0 1 0 1 0 
0 1 1 0 0 0 0 
0 1 0 0 0 1 0 
1 0 1 0 0 0 0 
1 0 0 0 0 1 0 
0 0 1 0 1 0 0 
0 0 0 0 1 1 0 
0 0 0 0 0 1 1 
0 0 0 1 0 1 0 
0 1 0 0 0 1 0 
1 0 1 0 0 0 0 
0 0 1 0 0 0 1 
0 0 0 1 0 0 1 
0 1 0 0 0 0 1 
0 0 1 1 0 0 0 
0 1 1 0 0 0 0 
0 1 0 1 0 0 0 
0 0 0 0 1 1 0 
0 0 0 0 1 0 1 
0 0 0 0 0 1 1 
0 0 1 0 1 0 0 
0 0 0 1 1 0 0 
0 0 0 1 0 1 0 
0 0 1 0 0 0 1 
0 0 0 1 0 0 1 
0 1 0 0 1 0 0 
0 1 0 0 0 1 0 
0 1 0 0 0 0 1 
1 0 1 0 0 0 0 
1 0 0 1 0 0 0 
0 0 1 1 0 0 0 
0 0 0 0 1 1 0 
1 1 0 0 0 0 0 
0 1 1 0 0 0 0 
0 0 0 0 1 0 1 
0 1 0 1 0 0 0 
0 0 0 1 1 0 0 
1 0 0 0 0 1 0 
1 0 0 0 0 0 1 
0 1 0 0 0 1 0 
0 0 0 1 0 1 0 
0 1 0 0 0 0 1 
0 0 0 1 0 0 1 
0 0 0 0 1 1 0 
0 0 0 0 1 0 1 
1 0 1 0 0 0 0 
1 1 0 0 0 0 0 
1 0 0 1 0 0 0 
0 1 1 0 0 0 0 
0 0 1 1 0 0 0 
1 0 0 0 1 0 0 
0 0 1 0 1 0 0 
1 0 0 0 0 1 0 
1 0 0 0 0 0 1 
0 0 1 0 0 0 1 
0 1 0 1 0 0 0 
0 1 0 0 1 0 0 
0 0 0 1 1 0 0 
0 1 0 0 0 0 1 
0 0 0 1 0 1 0 
0 0 0 1 0 0 1 
0 0 0 0 1 1 0 
0 0 0 0 1 0 1 
1 0 1 0 0 0 0 
1 0 0 1 0 0 0 
1 0 0 0 1 0 0 
1 1 0 0 0 0 0 
0 1 1 0 0 0 0 
0 1 0 1 0 0 0 
0 1 0 0 1 0 0 
0 1 0 0 0 1 0 
0 0 1 0 0 0 1 
0 0 0 1 0 0 1 
1 0 1 0 0 0 0 
1 0 0 1 0 0 0 
1 1 0 0 0 0 0 
0 0 1 1 0 0 0 
0 0 1 0 1 0 0 
0 0 0 1 1 0 0 
1 0 0 0 0 0 1 
0 1 1 0 0 0 0 
0 1 0 1 0 0 0 
0 1 0 0 1 0 0 
0 0 1 0 0 0 1 
0 0 0 1 0 0 1 
0 0 0 1 0 1 0 
0 1 0 0 0 1 0 
0 0 1 1 0 0 0 
0 0 0 1 1 0 0 
0 1 0 1 0 0 0 
0 0 1 0 1 0 0 
0 0 0 1 0 0 1 
0 1 0 0 1 0 0 
0 1 0 0 0 1 0 
0 0 0 0 1 0 1 
0 1 1 0 0 0 0 
0 0 0 1 0 0 1 
0 1 0 0 1 0 0 
0 0 0 1 1 0 0 
0 0 0 1 0 1 0 
0 0 0 0 1 0 1 
0 0 0 0 1 1 0 
0 1 1 0 0 0 0 
0 0 1 1 0 0 0 
0 0 1 0 1 0 0 
1 0 0 1 0 0 0 
0 0 0 1 0 1 0 
0 0 0 1 0 0 1 
1 0 0 0 1 0 0 
0 0 0 1 1 0 0 
0 0 0 0 1 1 0 
0 0 0 0 1 0 1 
0 1 0 0 1 0 0 
0 0 1 1 0 0 0 
1 0 0 1 0 0 0 
0 1 0 1 0 0 0 
0 0 1 0 1 0 0 
0 0 0 0 1 1 0 
0 0 0 0 1 0 1 
0 1 0 0 1 0 0 
0 0 1 0 1 0 0 
1 0 0 1 0 0 0 
0 0 0 1 0 1 0 
0 0 0 1 0 0 1 
1 1 0 0 0 0 0 
0 1 0 1 0 0 0 
0 0 0 0 0 1 1 
0 1 0 0 0 0 1 
0 0 0 1 1 0 0 
0 1 0 0 0 1 0 
0 0 0 0 1 1 0 
0 1 0 0 1 0 0 
0 0 1 1 0 0 0 
0 0 1 0 0 0 1 
0 0 1 0 1 0 0 
1 0 0 1 0 0 0 
0 0 0 1 0 0 1 
1 0 0 0 1 0 0 
0 0 0 1 0 1 0 
0 0 0 1 1 0 0 
0 1 0 1 0 0 0 
0 0 1 1 0 0 0 
0 0 0 0 1 1 0 
0 0 1 0 0 0 1 
0 0 0 1 0 0 1 
1 0 0 0 1 0 0 
0 0 0 1 1 0 0 
0 0 1 0 0 0 1 
0 0 0 0 1 1 0 
1 0 0 1 0 0 0 
0 0 0 1 0 1 0 
0 1 0 1 0 0 0 
0 0 1 1 0 0 0 
0 1 0 0 0 1 0 
0 0 0 0 1 0 1 
1 1 0 0 0 0 0 
1 0 0 1 0 0 0 
0 0 0 1 0 0 1 
0 0 0 1 1 0 0 
0 0 0 0 0 1 1 
0 1 1 0 0 0 0 
0 0 1 1 0 0 0 
0 0 0 0 1 1 0 
0 0 0 0 1 0 1 
0 0 1 0 1 0 0 
1 1 0 0 0 0 0 
1 0 0 1 0 0 0 
0 1 0 0 1 0 0 
0 0 0 1 1 0 0 
0 0 1 0 0 1 0 
0 0 0 0 1 1 0 
0 1 0 0 0 1 0 
0 0 0 1 0 1 0 
1 1 0 0 0 0 0 
1 0 0 1 0 0 0 
0 0 1 0 1 0 0 
0 1 0 0 0 0 1 
0 0 0 1 0 0 1 
0 1 1 0 0 0 0 
0 0 1 1 0 0 0 
0 1 0 0 1 0 0 
0 0 0 1 1 0 0 
0 1 0 1 0 0 0 
0 0 0 0 1 1 0 
0 0 0 1 0 1 0 
0 0 0 0 0 1 1 
1 0 0 1 0 0 0 
1 1 0 0 0 0 0 
0 0 1 1 0 0 0 
0 1 0 0 1 0 0 
0 1 0 0 0 1 0 
0 1 1 0 0 0 0 
0 0 1 0 0 1 0 
1 0 0 0 0 0 1 
0 0 1 0 0 0 1 
0 0 0 1 1 0 0 
0 0 1 0 1 0 0 
0 0 1 1 0 0 0 
1 0 0 1 0 0 0 
0 0 0 1 1 0 0 
0 1 1 0 0 0 0 
0 0 1 0 0 1 0 
0 0 1 0 1 0 0 
0 0 1 1 0 0 0 
1 0 0 1 0 0 0 
0 0 1 1 0 0 0 
0 0 1 0 1 0 0 
1 0 0 1 0 0 0 
0 1 1 0 0 0 0 
0 1 0 0 0 1 0 
0 0 1 1 0 0 0 
0 1 0 0 0 0 1 
1 0 0 0 0 0 1 
0 0 0 1 0 1 0 
1 0 0 1 0 0 0 
0 0 1 0 1 0 0 
0 0 1 0 0 1 0 
0 1 1 0 0 0 0 
1 1 0 0 0 0 0 
0 1 0 0 0 1 0 
0 0 1 1 0 0 0 
1 0 0 1 0 0 0 
0 0 0 1 0 1 0 
0 1 0 1 0 0 0 
1 1 0 0 0 0 0 
0 1 0 0 0 1 0 
0 1 0 0 1 0 0 
0 0 1 1 0 0 0 
0 1 0 1 0 0 0 
0 0 1 0 0 0 1 
0 1 0 0 0 0 1 
1 1 0 0 0 0 0 
0 1 1 0 0 0 0 
0 0 0 0 1 1 0 
0 0 1 1 0 0 0 
0 0 1 0 0 0 1 
0 0 0 0 0 1 1 
0 0 0 0 1 0 1 
1 0 0 0 1 0 0 
0 0 1 0 1 0 0 
0 1 0 0 0 1 0 
0 0 0 1 0 1 0 
1 0 0 0 0 0 1 
0 0 1 0 0 0 1 
0 0 0 0 0 1 1 
0 1 0 0 0 0 1 
0 0 0 1 0 0 1 
1 1 0 0 0 0 0 
0 1 1 0 0 0 0 
0 1 0 0 0 1 0 
1 0 0 1 0 0 0 
0 0 0 1 0 1 0 
1 0 0 0 0 0 1 
0 0 1 0 0 0 1 
0 0 0 0 0 1 1 
0 1 0 1 0 0 0 
0 0 0 0 1 0 1 
0 1 0 0 0 0 1 
0 0 0 1 0 0 1 
0 0 1 0 1 0 0 
1 1 0 0 0 0 0 
1 0 0 1 0 0 0 
0 0 0 1 0 1 0 
0 1 0 0 1 0 0 
1 0 0 0 0 0 1 
0 0 0 0 0 1 1 
0 1 0 1 0 0 0 
0 0 1 0 0 0 1 
0 0 0 0 1 0 1 
0 0 0 1 0 0 1 
1 0 0 0 1 0 0 
1 0 0 1 0 0 0 
0 0 0 1 0 1 0 
1 1 0 0 0 0 0 
0 0 1 1 0 0 0 
0 1 0 0 1 0 0 
0 0 0 1 1 0 0 
0 1 0 1 0 0 0 
0 0 0 1 0 0 1 
1 1 0 0 0 0 0 
0 1 0 0 0 1 0 
1 0 0 1 0 0 0 
0 0 1 1 0 0 0 
0 0 0 1 0 1 0 
0 0 0 0 0 1 1 
0 0 0 1 0 0 1 
1 0 0 0 0 0 1 
1 1 0 0 0 0 0 
0 1 0 0 0 1 0 
1 0 0 0 0 0 1 
0 1 0 0 1 0 0 
0 0 0 1 1 0 0 
0 0 0 0 0 1 1 
1 1 0 0 0 0 0 
1 0 0 1 0 0 0 
0 1 0 0 0 1 0 
0 1 0 0 0 0 1 
0 0 0 1 0 0 1 
0 0 1 0 1 0 0 
1 1 0 0 0 0 0 
1 0 0 1 0 0 0 
0 1 0 0 0 0 1 
0 0 0 1 0 0 1 
0 1 0 0 0 1 0 
0 0 0 1 0 1 0 
1 1 0 0 0 0 0 
1 0 0 1 0 0 0 
0 1 0 0 0 0 1 
0 0 0 1 1 0 0 
0 0 0 1 0 0 1 
0 0 0 1 0 1 0 
1 0 0 1 0 0 0 
0 1 0 0 0 0 1 
1 0 0 1 0 0 0 
0 0 0 1 0 0 1 
0 1 0 1 0 0 0 
0 0 1 0 0 1 0 
0 0 1 0 0 1 0 
0 1 1 0 0 0 0 
0 1 0 0 0 1 0 
1 1 0 0 0 0 0 
0 1 0 1 0 0 0 
0 1 0 0 0 1 0 
0 1 0 1 0 0 0 
0 0 1 0 0 0 1 
0 1 0 0 0 1 0 
1 1 0 0 0 0 0 
1 1 1 1 1 1 1 
;
TIMETABLE BEST: 
0.0 0.0 0.0 0.0 0.0 0.0 0.0 
0 14 0 0 0 0 0 
0 14 17 0 0 0 0 
0 14 17 18 0 0 0 
0 14 17 18 24 0 0 
0 14 17 18 24 24 0 
0 14 17 18 24 24 26 
17 14 17 18 24 24 26 
17 14 17 18 24 24 26 
17 14 17 18 24 24 26 
17 14 17 18 24 24 26 
17 14 17 18 24 24 26 
17 14 17 18 24 24 26 
17 14 17 18 24 24 26 
17 14 17 18 24 24 26 
17 14 17 18 24 24 26 
17 14 17 18 24 24 26 
17 14 17 18 24 24 26 
17 14 17 18 24 24 26 
17 14 17 33 24 24 26 
17 14 17 33 24 24 26 
17 14 17 33 24 24 26 
17 14 17 33 24 24 26 
17 14 17 33 24 24 26 
17 14 17 33 24 24 39 
17 14 17 33 24 24 39 
17 14 17 33 24 24 39 
17 14 17 33 24 24 39 
17 14 17 33 46 24 39 
17 28 17 33 46 24 39 
17 28 17 33 46 24 39 
17 28 17 33 46 24 39 
26 28 17 33 46 24 39 
26 28 17 33 46 24 39 
26 28 34 33 46 24 39 
26 28 34 33 46 24 39 
26 28 34 33 46 24 39 
26 28 34 33 46 24 39 
26 28 34 33 46 24 39 
26 28 34 33 46 24 39 
26 28 34 33 46 24 50 
26 28 34 33 46 24 50 
26 28 34 52 46 24 50 
26 28 34 52 46 24 50 
26 54 34 52 46 24 50 
26 54 34 52 46 24 50 
56 54 34 52 46 24 50 
56 54 34 52 46 24 50 
56 54 34 52 46 24 50 
56 54 34 52 60 24 50 
56 54 34 52 60 35 50 
56 54 34 52 60 35 50 
56 54 34 52 60 35 50 
56 54 34 52 60 35 50 
56 54 34 52 60 35 50 
56 54 34 52 60 35 50 
56 54 34 52 60 35 50 
56 54 34 52 60 35 50 
56 54 34 52 60 35 50 
56 54 34 52 60 46 50 
56 54 34 52 60 46 50 
56 54 34 52 60 46 50 
67 54 34 52 60 46 50 
67 54 52 52 60 46 50 
67 54 52 52 60 46 50 
67 54 52 52 60 46 50 
67 54 52 52 60 46 50 
67 54 52 52 60 46 50 
67 54 52 52 60 46 50 
67 54 52 52 60 46 50 
67 54 52 52 60 46 50 
67 54 52 52 60 60 50 
67 54 52 52 60 60 50 
67 54 52 52 60 60 50 
67 54 52 52 60 60 50 
67 54 52 52 60 60 61 
67 54 52 52 60 60 61 
67 54 52 52 60 60 61 
67 54 52 52 60 60 61 
67 54 52 52 60 60 61 
67 54 52 52 60 60 61 
67 54 52 52 60 60 61 
67 54 67 52 60 60 61 
67 54 67 52 60 60 61 
67 54 67 52 60 60 61 
67 54 67 52 60 60 61 
67 54 67 52 60 60 61 
67 70 67 52 60 60 61 
67 70 67 52 71 60 61 
67 70 67 52 71 60 61 
67 70 67 52 71 60 61 
67 70 67 52 71 60 61 
67 70 67 70 71 60 61 
67 70 67 70 71 60 61 
67 70 67 70 71 60 61 
67 70 67 70 71 60 61 
67 70 67 70 71 60 61 
67 70 67 70 71 60 61 
67 70 67 70 71 60 61 
67 70 67 70 71 60 61 
67 70 67 70 71 60 61 
67 70 67 70 71 60 61 
67 70 67 70 71 60 61 
67 70 67 70 71 60 61 
67 70 67 70 71 72 61 
67 70 67 70 71 72 72 
67 70 67 70 71 72 72 
67 70 67 70 71 72 72 
67 70 67 70 71 72 72 
67 70 67 70 71 72 72 
67 70 67 70 71 72 72 
67 70 67 70 71 72 72 
67 70 67 70 71 72 72 
67 70 67 70 71 72 72 
67 70 67 70 71 72 72 
67 70 82 70 71 72 72 
67 70 82 82 71 72 72 
67 70 82 82 82 72 72 
80 70 82 82 82 72 72 
80 70 82 82 82 72 72 
80 70 82 82 82 72 72 
80 70 82 82 82 72 72 
80 70 82 82 82 84 72 
80 70 82 82 82 84 72 
80 70 82 82 82 84 72 
80 70 82 82 82 84 72 
80 70 82 82 82 84 72 
80 83 82 82 82 84 72 
80 83 82 82 82 84 72 
80 83 82 82 82 84 72 
80 83 82 82 82 84 72 
93 83 82 82 82 84 72 
93 83 82 82 82 84 72 
93 83 82 82 82 84 72 
93 83 82 82 82 84 72 
93 83 82 82 82 84 83 
93 83 82 82 82 84 83 
93 83 82 82 82 84 83 
93 83 82 82 82 84 83 
93 83 82 94 82 84 83 
93 83 82 94 82 84 83 
93 83 82 94 82 84 83 
93 83 82 94 95 84 83 
93 83 82 94 95 84 83 
93 83 82 94 95 84 83 
93 83 82 94 95 95 83 
93 83 82 94 95 95 83 
93 83 104 94 95 95 83 
93 83 104 94 95 95 94 
93 94 104 94 95 95 94 
93 94 104 94 95 95 94 
93 94 104 94 95 95 94 
93 94 104 94 95 95 94 
93 94 104 94 95 95 94 
93 94 104 94 95 95 94 
93 94 104 94 95 95 94 
93 94 104 94 95 95 94 
106 94 104 94 95 95 94 
106 94 104 94 95 106 94 
106 94 104 94 95 106 106 
106 94 104 94 95 106 106 
106 94 104 106 95 106 106 
106 94 104 106 95 106 106 
106 94 104 106 95 106 106 
106 94 104 106 108 106 106 
106 94 104 106 108 106 106 
106 94 104 106 108 106 106 
106 94 104 118 108 106 106 
106 94 104 118 108 106 106 
106 94 104 118 108 106 106 
106 94 104 118 108 106 106 
106 107 104 118 108 106 106 
106 107 113 118 108 106 106 
106 107 113 118 108 106 106 
106 107 113 118 108 106 106 
106 107 113 118 108 106 106 
118 107 113 118 108 106 106 
118 107 113 118 108 106 106 
118 107 113 118 108 106 119 
118 107 113 118 108 106 119 
118 107 113 118 108 106 119 
118 107 113 118 108 120 119 
118 107 113 118 108 120 119 
118 122 113 118 108 120 119 
118 122 113 118 108 120 119 
118 122 113 118 108 120 119 
118 122 113 118 120 120 119 
118 122 113 118 120 120 119 
118 122 113 118 120 120 119 
118 122 113 118 120 120 119 
118 122 113 118 120 120 119 
118 122 113 118 120 120 119 
118 122 113 118 120 120 119 
118 122 122 118 120 120 119 
118 122 122 118 120 120 119 
118 122 122 118 120 120 119 
118 122 122 118 120 120 130 
118 122 122 118 132 120 130 
118 122 122 118 132 120 130 
118 122 122 118 132 120 130 
118 122 122 118 132 120 130 
118 122 122 136 132 120 130 
118 122 122 136 132 120 130 
118 122 122 136 132 120 130 
118 122 122 136 132 120 130 
118 122 122 136 132 138 130 
118 122 122 136 132 138 130 
118 147 122 136 132 138 130 
129 147 122 136 132 138 130 
129 147 122 136 132 138 130 
129 147 122 136 132 138 130 
129 147 122 136 132 138 130 
129 147 122 136 132 138 130 
129 147 122 147 132 138 130 
129 147 122 147 132 138 130 
129 147 122 147 132 138 141 
129 147 143 147 132 138 141 
129 147 143 147 132 138 141 
129 147 143 147 132 138 141 
129 147 143 147 132 138 141 
129 147 143 147 132 138 141 
129 147 143 147 132 138 141 
129 147 143 147 144 138 141 
129 147 143 147 144 138 141 
129 147 143 147 144 138 141 
140 147 143 147 144 138 141 
140 147 143 147 144 138 141 
140 147 143 147 144 138 141 
140 147 143 147 144 138 141 
140 147 143 147 144 138 141 
140 147 143 147 144 138 141 
140 147 143 147 144 138 141 
140 147 143 147 144 138 141 
140 147 143 147 144 138 141 
140 147 143 147 144 138 141 
140 147 143 147 156 138 141 
140 147 143 158 156 138 141 
140 147 143 158 156 138 159 
140 147 143 158 156 138 159 
154 147 143 158 156 138 159 
154 147 143 158 156 138 159 
154 147 143 158 156 138 159 
154 165 143 158 156 138 159 
154 165 143 158 156 138 159 
154 165 143 158 156 166 159 
154 165 143 158 156 166 159 
154 165 143 158 156 166 170 
154 165 143 158 156 166 170 
154 165 162 158 156 166 170 
154 165 162 158 156 166 170 
154 165 162 169 156 166 170 
154 165 162 169 156 166 170 
154 165 162 169 156 166 170 
154 165 162 169 156 166 170 
154 165 162 169 168 166 170 
154 165 162 169 168 166 170 
154 165 162 180 168 166 170 
154 165 162 180 168 166 170 
154 165 162 180 180 166 170 
154 165 162 190 180 166 170 
154 183 162 190 180 166 170 
154 183 162 190 180 166 170 
154 183 162 190 180 166 170 
154 183 162 190 180 166 170 
154 183 162 190 180 166 201 
154 183 162 190 180 166 201 
168 183 162 190 180 166 201 
168 183 162 190 196 166 201 
168 183 181 190 196 182 201 
168 183 181 190 196 182 201 
182 183 181 190 196 182 201 
182 183 181 190 196 182 201 
182 183 181 190 196 182 201 
182 183 181 190 196 182 201 
182 183 181 190 196 182 201 
182 183 181 190 196 182 201 
195 183 181 190 196 182 201 
195 183 181 190 196 195 201 
195 183 181 190 196 195 201 
195 183 181 200 196 195 201 
195 183 181 200 196 195 201 
195 183 181 200 196 195 201 
195 183 181 200 196 195 201 
206 183 181 200 196 195 201 
206 210 181 200 196 195 201 
206 210 181 200 196 195 201 
206 210 181 211 196 195 201 
206 210 194 211 196 195 201 
206 210 194 211 196 195 201 
206 210 194 211 196 195 201 
206 210 194 211 196 195 201 
206 210 194 211 208 195 201 
206 210 194 211 208 195 201 
206 210 194 211 208 195 201 
206 210 194 211 208 195 201 
206 210 206 211 208 195 201 
206 210 206 211 208 206 201 
206 210 206 211 208 206 201 
206 210 206 211 208 206 201 
206 210 206 211 208 206 201 
206 210 206 211 208 206 201 
206 210 206 211 208 206 201 
206 210 206 211 208 206 201 
206 210 206 211 208 206 201 
217 210 206 211 208 206 201 
217 210 218 211 208 206 201 
217 210 218 211 208 206 214 
217 210 218 211 208 206 214 
217 210 218 211 208 206 214 
217 210 218 211 208 206 214 
217 210 218 211 208 206 214 
217 210 218 211 208 206 214 
217 210 218 211 208 206 214 
217 210 218 211 208 206 214 
217 210 218 222 208 206 214 
217 210 218 222 220 206 214 
217 210 218 222 220 206 214 
217 210 218 222 220 217 214 
217 210 218 222 220 217 214 
217 210 218 222 220 217 214 
217 210 218 222 220 217 214 
217 210 218 222 220 217 214 
217 210 218 222 220 217 214 
217 210 218 222 220 217 214 
217 210 218 222 220 217 214 
230 210 218 222 220 217 214 
230 210 218 222 220 217 214 
230 221 218 222 220 217 214 
230 221 218 222 220 217 214 
230 221 218 222 220 217 214 
230 221 218 222 220 217 227 
230 221 218 222 220 217 227 
230 221 218 222 220 230 227 
230 221 218 222 220 230 227 
230 221 230 222 220 230 227 
230 221 230 222 220 230 227 
230 221 230 222 220 230 227 
230 221 230 232 220 230 227 
230 221 230 232 220 230 227 
242 221 230 232 220 230 227 
242 221 230 232 220 246 227 
242 221 230 232 220 246 227 
242 232 230 232 240 246 227 
242 232 230 232 240 246 227 
242 232 230 232 240 246 227 
242 232 230 232 240 246 227 
242 232 230 232 240 246 227 
242 232 230 232 240 246 227 
242 232 230 232 240 246 247 
242 232 230 232 240 246 247 
242 232 242 232 240 246 247 
253 232 242 232 240 246 247 
253 232 242 232 240 246 247 
253 232 242 232 240 246 260 
253 232 242 232 240 246 260 
253 232 242 232 240 261 260 
253 232 242 232 240 261 260 
262 232 242 232 240 261 260 
262 232 242 232 240 261 260 
262 243 242 232 240 261 260 
262 243 242 245 258 261 260 
262 243 242 245 258 261 260 
262 243 242 245 258 261 260 
262 243 242 245 258 261 260 
262 254 242 245 258 261 260 
271 254 242 245 258 261 260 
271 254 242 245 258 261 273 
271 254 242 265 258 261 273 
271 254 258 265 258 261 273 
271 254 258 265 258 276 273 
271 254 283 265 258 276 273 
271 276 283 265 258 276 273 
282 276 283 265 258 276 273 
282 276 283 282 258 276 273 
282 286 283 282 258 276 273 
282 286 283 282 258 276 273 
282 286 283 282 258 276 286 
282 299 283 282 258 276 286 
282 299 283 282 258 276 286 
296.0 382.0 354.0 332.0 294.0 294.0 338.0 
;
EXECUTION TIME HBSS: 8286.32741189 seconds 

-------------------------------------------------------------------
