DATFILE : bwopen0_5r_1000.dat
ENVIRONMENT : bwopen
ALGORITHM : HBSS - TAU 7
RANGE : 1000
STARTING_POS : 0
N_ROBOTS : 5
GREEDY SOLUTION : 1228.0
COMPUTATIONS T :
1210.0
1271.0
1224.0
1229.0
1237.0
1204.0
1229.0
1241.0
1222.0
1229.0
1263.0
1229.0
1206.0
1236.0
1248.0
1178.0
1254.0
1271.0
1205.0
1197.0
1229.0
1239.0
1250.0
1229.0
1226.0
1229.0
1198.0
1258.0
1271.0
1229.0
1249.0
1207.0
1229.0
1269.0
1217.0
1229.0
1230.0
1262.0
1250.0
1180.0
1199.0
1205.0
1229.0
1274.0
1229.0
1182.0
1207.0
1199.0
1296.0
1229.0
1267.0
1224.0
1229.0
1233.0
1241.0
1219.0
1226.0
1232.0
1229.0
1229.0
1229.0
1178.0
1251.0
1279.0
1187.0
1209.0
1289.0
1221.0
1215.0
1237.0
1229.0
1197.0
1280.0
1239.0
1229.0
1229.0
1229.0
1225.0
1241.0
1185.0
1208.0
1220.0
1220.0
1275.0
1254.0
1213.0
1229.0
1277.0
1226.0
1288.0
1229.0
1226.0
1224.0
1215.0
1187.0
1238.0
1234.0
1224.0
1199.0
1263.0
1229.0
1222.0
1259.0
1267.0
1226.0
1193.0
1222.0
1219.0
1229.0
1216.0
1296.0
1181.0
1309.0
1260.0
1229.0
1229.0
1257.0
1229.0
1224.0
1225.0
1227.0
1229.0
1215.0
1229.0
1251.0
1197.0
1205.0
1225.0
1191.0
1229.0
1234.0
1270.0
1222.0
1200.0
1198.0
1231.0
1246.0
1197.0
1229.0
1265.0
1216.0
1229.0
1203.0
1221.0
1267.0
1193.0
1229.0
1180.0
1251.0
1276.0
1229.0
1266.0
1219.0
1196.0
1266.0
1211.0
1229.0
1229.0
1229.0
1265.0
1251.0
1219.0
1229.0
1266.0
1222.0
1229.0
1197.0
1282.0
1260.0
1210.0
1175.0
1290.0
1245.0
1266.0
1269.0
1229.0
1228.0
1267.0
1209.0
1162.0
1198.0
1237.0
1224.0
1218.0
1274.0
1176.0
1229.0
1222.0
1326.0
1263.0
1287.0
1185.0
1344.0
1236.0
1264.0
1239.0
1289.0
1216.0
1263.0
1266.0
;
HBBS bestT : 1162.0
BEST_CONFIGURATIONS : 
0 0 0 0 0 
0 4 0 0 0 
0 4 26 0 0 
0 4 26 0 0 
0 4 26 1 0 
0 4 26 1 0 
0 4 26 1 0 
0 4 26 1 5 
0 4 26 1 5 
0 4 26 1 5 
0 4 26 1 5 
0 4 22 1 5 
0 4 22 1 5 
0 4 22 1 5 
0 4 22 1 5 
0 4 22 1 26 
0 8 22 1 26 
0 8 22 1 26 
0 8 22 1 26 
0 8 22 1 26 
0 8 22 1 5 
0 8 4 1 5 
0 8 4 27 5 
0 8 4 27 5 
0 8 4 27 5 
0 8 4 27 5 
0 8 26 27 5 
0 22 26 27 5 
1 22 26 27 5 
1 22 26 27 9 
1 22 26 27 9 
1 22 4 27 9 
1 22 4 27 9 
1 26 4 27 9 
1 26 0 27 9 
5 26 0 9 9 
5 26 0 9 10 
5 0 0 9 10 
5 0 4 9 10 
5 0 4 9 10 
26 0 4 9 10 
26 0 22 9 10 
26 0 22 24 10 
26 0 22 24 10 
26 0 22 24 10 
26 0 22 24 10 
5 0 22 24 10 
5 0 22 24 15 
5 0 22 24 15 
5 0 22 24 15 
5 0 22 24 15 
26 0 22 24 15 
26 0 4 24 15 
26 0 4 24 15 
26 1 4 24 15 
26 1 4 24 15 
26 1 8 24 15 
26 1 8 24 15 
27 1 8 24 15 
27 1 8 24 15 
27 2 8 24 15 
27 2 8 24 15 
27 2 8 24 15 
27 2 8 24 15 
27 2 8 24 10 
27 2 8 24 10 
27 2 8 24 10 
27 2 8 6 10 
27 2 8 6 10 
27 2 8 6 10 
27 2 8 6 10 
27 2 8 6 15 
27 2 22 6 15 
27 2 22 6 15 
1 2 22 6 15 
1 2 22 6 15 
1 2 22 6 10 
1 2 26 6 10 
1 2 26 6 10 
1 2 5 6 10 
1 2 5 6 10 
1 2 5 6 24 
0 2 5 6 24 
0 2 5 6 24 
0 2 4 6 24 
0 2 4 6 24 
0 2 4 6 9 
0 2 4 6 9 
0 2 8 6 9 
0 2 8 21 9 
0 2 8 21 9 
0 2 8 21 9 
0 2 8 21 9 
0 2 8 3 9 
0 2 8 3 9 
0 2 8 3 9 
0 2 8 3 9 
0 2 22 3 9 
4 2 22 3 9 
4 2 22 3 10 
4 6 22 3 10 
4 6 26 3 10 
4 6 26 3 15 
5 6 26 3 15 
5 21 26 3 15 
5 21 26 3 15 
5 21 26 3 15 
5 21 26 3 15 
5 21 4 3 15 
5 21 4 3 10 
22 21 4 3 10 
22 21 4 7 10 
22 21 4 7 10 
22 21 4 7 10 
22 21 4 7 10 
26 21 4 7 10 
26 21 4 7 15 
26 3 4 7 15 
26 3 0 7 15 
5 3 0 7 15 
5 3 0 7 14 
5 3 0 7 14 
5 3 0 7 14 
5 3 0 7 14 
26 3 0 7 14 
26 21 0 7 14 
26 21 4 7 14 
5 21 4 12 14 
5 21 4 12 14 
5 21 4 12 14 
5 21 4 12 14 
26 21 4 12 14 
26 21 4 12 18 
26 21 4 12 18 
26 21 4 12 18 
26 21 4 12 18 
5 21 4 12 18 
5 21 4 16 18 
5 21 4 16 18 
5 21 4 16 18 
5 21 4 16 18 
26 21 4 16 18 
26 21 4 16 14 
26 3 4 16 14 
26 3 22 16 14 
26 3 22 16 14 
4 3 22 23 14 
4 3 22 23 14 
4 3 22 23 18 
4 3 22 23 18 
4 3 22 23 18 
4 3 22 23 18 
4 3 22 20 18 
4 3 22 20 18 
4 3 22 20 18 
4 3 22 20 18 
26 3 22 20 18 
26 3 22 20 14 
26 21 22 20 14 
26 21 5 20 14 
5 21 5 23 14 
5 21 5 23 14 
5 21 26 23 14 
5 21 26 23 14 
5 6 26 16 14 
5 6 26 16 14 
5 6 0 16 14 
1 6 0 16 14 
1 6 0 16 14 
1 21 0 16 14 
1 21 0 12 14 
1 21 0 12 18 
1 21 0 12 18 
1 21 0 12 18 
1 3 0 12 18 
1 3 0 12 18 
1 3 0 12 25 
1 3 0 12 25 
1 3 0 12 25 
1 3 0 12 25 
1 3 0 16 25 
1 21 0 16 25 
1 21 4 16 25 
27 21 4 16 25 
27 21 4 16 25 
27 21 4 16 25 
27 21 26 16 25 
27 21 26 12 25 
27 3 26 12 25 
27 3 5 12 25 
9 3 5 12 25 
9 3 5 12 25 
9 7 5 12 25 
9 7 5 12 25 
9 7 5 12 25 
9 7 22 12 25 
9 7 22 12 25 
9 7 22 16 25 
9 7 22 16 25 
9 7 22 16 17 
9 7 8 16 17 
9 7 8 16 17 
9 7 8 16 17 
9 7 8 16 17 
9 7 8 16 17 
9 7 8 23 17 
9 7 8 23 13 
9 7 8 23 13 
9 7 8 23 13 
9 7 8 23 13 
9 7 8 23 13 
9 7 8 23 13 
9 7 8 20 13 
9 7 8 20 13 
9 7 8 20 13 
9 7 8 20 13 
9 7 8 20 17 
9 21 8 20 17 
9 21 22 20 17 
10 21 22 20 17 
10 21 22 20 17 
10 21 26 20 17 
10 21 26 23 17 
10 6 26 23 17 
10 6 26 23 17 
10 6 26 23 17 
10 6 5 23 17 
10 6 5 20 17 
15 6 5 20 17 
15 6 5 20 17 
15 6 5 23 17 
15 6 5 23 13 
15 6 5 23 13 
15 6 5 23 13 
15 6 26 23 13 
15 6 26 16 13 
15 6 26 16 13 
15 21 26 16 13 
15 21 4 16 13 
10 21 4 12 13 
10 21 4 12 13 
10 21 4 12 13 
10 6 4 12 13 
15 6 4 12 13 
15 6 4 12 17 
15 6 4 12 17 
15 24 4 12 17 
15 24 4 12 17 
14 24 4 12 17 
14 24 4 12 17 
14 24 8 12 17 
14 24 8 12 17 
14 24 8 12 13 
14 24 8 12 13 
14 24 8 16 13 
14 24 22 16 13 
18 24 22 16 13 
18 24 22 16 13 
18 24 22 23 13 
18 24 8 23 13 
18 24 8 23 17 
18 24 8 20 17 
18 24 13 20 17 
18 6 13 20 17 
18 6 13 19 17 
18 6 13 19 17 
18 6 13 19 17 
18 6 13 19 17 
14 6 13 19 17 
14 6 13 19 25 
14 21 13 19 25 
14 21 13 19 25 
14 21 13 19 25 
18 21 13 19 25 
18 21 17 19 25 
18 7 17 19 25 
18 7 17 19 25 
14 7 17 19 18 
14 7 25 20 18 
14 12 25 20 18 
15 12 25 20 18 
15 12 25 20 14 
15 12 25 23 14 
15 12 25 23 14 
10 12 25 23 14 
10 12 25 23 14 
10 16 25 23 14 
10 16 25 20 14 
10 16 25 20 18 
10 16 25 23 18 
15 16 18 23 18 
15 12 18 16 18 
15 12 18 16 19 
15 12 18 16 19 
15 12 18 16 19 
10 12 15 16 19 
10 12 15 16 19 
10 12 15 23 19 
10 12 15 20 19 
10 23 15 20 19 
24 23 15 20 19 
24 23 9 20 19 
24 23 9 20 19 
24 19 27 20 19 
24 19 27 20 19 
11 19 27 20 19 
11 19 27 20 19 
11 19 27 20 19 
11 19 27 20 18 
11 19 27 20 18 
11 19 27 23 18 
11 19 27 23 18 
11 19 27 23 14 
11 19 27 23 14 
11 19 27 16 14 
11 15 27 16 14 
11 15 1 16 14 
11 15 1 16 9 
11 15 1 16 9 
11 15 1 12 9 
11 10 1 12 9 
11 10 1 12 24 
11 10 0 12 24 
11 10 0 7 24 
11 10 0 7 24 
11 10 4 7 24 
11 10 4 21 24 
11 24 4 21 24 
11 24 4 21 6 
11 24 4 21 6 
11 24 26 21 6 
11 24 26 3 6 
11 24 26 3 6 
11 24 5 3 6 
11 24 5 3 2 
11 6 5 7 2 
11 6 5 7 2 
11 6 22 7 2 
11 6 8 7 2 
11 2 8 12 2 
11 2 13 12 2 
11 2 13 12 2 
11 2 13 12 1 
11 2 13 16 1 
11 2 17 16 1 
11 2 17 16 1 
11 2 17 16 1 
11 2 17 23 1 
11 2 17 23 1 
11 2 25 23 1 
11 2 25 23 1 
11 2 25 20 1 
11 2 25 20 1 
11 2 18 20 1 
11 2 18 19 1 
11 2 18 19 1 
11 2 14 19 1 
9 2 14 19 1 
9 2 14 19 0 
9 2 18 19 0 
9 2 18 20 0 
9 6 25 20 0 
24 6 25 20 0 
24 6 25 23 0 
24 6 17 23 0 
24 3 17 23 0 
27 3 17 23 0 
27 3 17 19 0 
27 3 17 19 4 
27 3 13 19 4 
27 3 13 19 4 
27 3 13 19 26 
27 3 13 19 5 
27 3 8 19 5 
1 7 8 19 5 
1 7 8 19 22 
27 7 8 19 22 
27 7 25 19 8 
0 7 13 19 8 
0 0 0 0 0 
;
ROBOT MOVING BEST:
0 0 0 0 0 
1 1 0 0 0 
1 0 1 0 0 
0 1 1 0 0 
1 0 0 1 0 
0 1 0 1 0 
0 0 1 1 0 
1 0 0 0 1 
0 1 0 0 1 
0 0 1 0 1 
0 0 0 1 1 
1 0 1 0 0 
0 1 1 0 0 
0 0 1 1 0 
0 0 1 0 1 
0 0 1 0 1 
1 1 0 0 0 
0 1 1 0 0 
0 1 0 1 0 
0 1 0 0 1 
0 1 0 0 1 
0 1 1 0 0 
1 0 0 1 0 
0 1 0 1 0 
0 0 1 1 0 
0 0 0 1 1 
0 0 1 1 0 
0 1 0 1 0 
1 0 0 1 0 
1 0 0 0 1 
0 1 0 0 1 
0 0 1 0 1 
0 0 0 1 1 
0 1 0 0 1 
0 0 1 0 1 
1 0 0 1 0 
1 0 0 0 1 
0 1 0 0 1 
0 0 1 0 1 
0 0 0 1 1 
1 0 0 0 1 
0 0 1 0 1 
1 0 0 1 0 
0 1 0 1 0 
0 0 1 1 0 
0 0 0 1 1 
1 0 0 1 0 
1 0 0 0 1 
0 1 0 0 1 
0 0 1 0 1 
0 0 0 1 1 
1 0 0 0 1 
0 0 1 1 0 
0 0 1 0 1 
0 1 0 1 0 
0 1 0 0 1 
0 0 1 1 0 
0 0 1 0 1 
1 0 0 1 0 
1 0 0 0 1 
0 1 1 0 0 
1 1 0 0 0 
0 1 0 1 0 
0 1 0 0 1 
1 0 0 0 1 
0 1 0 0 1 
0 0 1 0 1 
1 0 0 1 0 
0 1 0 1 0 
0 0 1 1 0 
0 0 0 1 1 
0 0 0 1 1 
0 1 1 0 0 
0 0 1 1 0 
1 1 0 0 0 
1 0 0 1 0 
1 0 0 0 1 
0 1 1 0 0 
0 0 1 1 0 
0 1 1 0 0 
0 0 1 1 0 
0 0 0 1 1 
1 1 0 0 0 
1 0 0 1 0 
0 1 1 0 0 
0 0 1 1 0 
0 1 0 0 1 
0 0 0 1 1 
0 0 1 0 1 
1 0 0 1 0 
0 1 0 1 0 
0 0 1 1 0 
0 0 0 1 1 
1 0 0 1 0 
0 1 0 1 0 
0 0 1 1 0 
0 0 0 1 1 
0 0 1 1 0 
1 0 0 1 0 
0 0 0 1 1 
0 1 0 1 0 
0 0 1 1 0 
0 0 0 1 1 
1 0 0 1 0 
1 1 0 0 0 
0 1 1 0 0 
0 1 0 1 0 
0 1 0 0 1 
0 1 1 0 0 
0 1 0 0 1 
1 1 0 0 0 
1 0 0 1 0 
0 1 0 1 0 
0 0 1 1 0 
0 0 0 1 1 
1 0 0 1 0 
0 0 0 1 1 
0 1 0 1 0 
0 0 1 1 0 
1 0 0 1 0 
1 0 0 0 1 
0 1 0 0 1 
0 0 0 1 1 
0 0 1 0 1 
1 0 0 0 1 
0 1 0 0 1 
0 0 1 0 1 
1 0 0 1 0 
0 1 0 1 0 
0 0 1 1 0 
0 0 0 1 1 
1 0 0 1 0 
1 0 0 0 1 
0 1 0 0 1 
0 0 1 0 1 
0 0 0 1 1 
1 0 0 0 1 
1 0 0 1 0 
0 1 0 1 0 
0 0 1 1 0 
0 0 0 1 1 
1 0 0 1 0 
0 0 0 1 1 
0 1 0 1 0 
0 0 1 1 0 
0 0 1 0 1 
1 0 0 1 0 
0 1 0 1 0 
0 1 0 0 1 
0 0 1 1 0 
0 0 1 0 1 
0 0 0 1 1 
1 0 0 1 0 
0 1 0 1 0 
0 0 1 1 0 
0 0 0 1 1 
1 0 0 1 0 
0 0 0 1 1 
0 1 0 1 0 
0 0 1 1 0 
1 0 0 1 0 
0 1 0 1 0 
0 0 1 1 0 
0 0 0 1 1 
0 1 0 1 0 
0 1 0 0 1 
0 0 1 1 0 
1 0 0 1 0 
1 0 0 0 1 
1 1 0 0 0 
1 0 0 1 0 
1 0 0 0 1 
0 0 1 1 0 
0 0 1 0 1 
1 1 0 0 0 
0 1 0 1 0 
1 0 0 0 1 
0 1 0 0 1 
0 0 1 0 1 
0 0 0 1 1 
0 0 0 1 1 
0 1 0 0 1 
0 0 1 0 1 
1 1 0 0 0 
1 0 0 1 0 
1 0 0 0 1 
0 0 1 0 1 
1 0 0 1 0 
1 1 0 0 0 
0 0 1 0 1 
1 0 0 1 0 
1 0 0 0 1 
1 1 0 0 0 
0 1 0 1 0 
0 1 0 0 1 
0 0 1 1 0 
0 0 1 0 1 
1 0 0 1 0 
0 1 0 1 0 
1 0 0 0 1 
0 1 1 0 0 
0 1 0 0 1 
0 0 1 1 0 
0 0 1 0 1 
0 0 0 1 1 
1 0 0 1 0 
1 0 0 0 1 
0 1 0 1 0 
0 1 0 0 1 
0 0 1 1 0 
0 0 1 0 1 
0 0 0 1 1 
1 0 0 1 0 
0 1 0 1 0 
0 0 1 1 0 
0 0 0 1 1 
0 0 0 1 1 
0 1 0 0 1 
0 0 1 0 1 
1 0 0 1 0 
1 0 0 0 1 
0 0 1 0 1 
1 0 0 1 0 
0 1 0 1 0 
0 1 0 0 1 
0 0 0 1 1 
0 0 1 0 1 
0 1 0 1 0 
1 0 0 1 0 
1 0 0 0 1 
1 0 0 1 0 
1 0 0 0 1 
0 1 0 0 1 
0 0 1 0 1 
0 0 1 0 1 
1 0 0 1 0 
0 0 0 1 1 
0 1 0 0 1 
0 0 1 0 1 
1 0 0 1 0 
1 0 0 0 1 
0 0 0 1 1 
0 1 0 1 0 
1 0 0 1 0 
0 0 1 0 1 
0 0 0 1 1 
0 1 0 1 0 
0 1 0 0 1 
1 1 0 0 0 
1 0 0 0 1 
1 0 1 0 0 
0 0 1 1 0 
1 0 0 0 1 
0 1 0 0 1 
0 1 0 1 0 
0 0 1 0 1 
1 1 0 0 0 
1 0 0 0 1 
0 1 0 1 0 
1 0 1 0 0 
1 0 0 0 1 
0 1 0 1 0 
0 0 1 0 1 
1 1 0 0 0 
1 0 0 1 0 
0 1 0 1 0 
0 0 1 1 0 
0 0 0 1 1 
1 0 0 1 0 
1 0 0 0 1 
0 1 0 1 0 
0 0 1 0 1 
0 0 0 1 1 
1 0 0 0 1 
0 0 1 0 1 
1 1 0 0 0 
0 1 0 1 0 
1 0 0 0 1 
0 0 1 1 0 
0 1 0 1 0 
1 0 1 0 0 
1 0 0 0 1 
0 1 0 1 0 
0 0 1 1 0 
1 0 1 0 0 
1 0 0 0 1 
1 1 0 0 0 
0 1 0 1 0 
1 0 0 0 1 
0 1 0 1 0 
1 0 1 0 0 
0 1 0 1 0 
1 0 0 0 1 
0 1 0 0 1 
0 0 0 1 1 
1 0 1 0 0 
1 0 0 0 1 
0 0 0 1 1 
0 0 0 1 1 
0 1 0 1 0 
1 0 0 0 1 
1 0 1 0 0 
0 0 1 0 1 
0 1 1 0 0 
0 0 1 1 0 
1 1 0 0 0 
1 0 1 0 0 
1 0 0 1 0 
1 0 0 0 1 
0 0 1 0 1 
1 0 0 1 0 
0 0 1 1 0 
1 0 0 0 1 
0 0 1 0 1 
1 0 0 1 0 
1 1 0 0 0 
1 0 1 0 0 
1 0 0 0 1 
0 1 0 0 1 
1 0 0 1 0 
1 1 0 0 0 
1 0 0 0 1 
1 0 1 0 0 
1 0 0 1 0 
0 0 0 1 1 
1 0 1 0 0 
1 0 0 1 0 
0 1 0 1 0 
1 0 0 0 1 
0 0 0 1 1 
1 0 1 0 0 
1 0 0 1 0 
0 1 0 1 0 
1 0 1 0 0 
1 0 0 0 1 
0 1 0 1 0 
0 0 0 1 1 
1 0 1 0 0 
1 0 1 0 0 
0 1 0 1 0 
1 0 1 0 0 
0 1 1 0 0 
0 0 1 0 1 
0 1 0 1 0 
1 0 1 0 0 
0 1 1 0 0 
0 0 1 0 1 
0 1 0 1 0 
0 0 0 1 1 
1 0 1 0 0 
0 1 1 0 0 
0 1 0 1 0 
0 0 0 1 1 
0 1 1 0 0 
0 1 0 1 0 
0 0 0 1 1 
0 1 1 0 0 
1 0 1 0 0 
0 0 0 1 1 
1 0 1 0 0 
0 0 0 1 1 
0 1 1 0 0 
1 0 1 0 0 
0 0 0 1 1 
0 0 1 0 1 
0 1 1 0 0 
1 0 1 0 0 
0 1 0 1 0 
0 0 0 1 1 
1 0 1 0 0 
0 1 1 0 0 
0 0 0 1 1 
0 0 0 1 1 
0 0 1 1 0 
1 1 0 0 0 
0 0 0 1 1 
1 1 0 0 0 
0 0 1 0 1 
1 0 1 0 0 
0 1 1 1 1 
;
TIMETABLE BEST: 
0.0 0.0 0.0 0.0 0.0 
14 14 0 0 0 
17 14 17 0 0 
17 17 17 0 0 
18 17 17 18 0 
18 18 17 18 0 
18 18 18 18 0 
24 18 18 18 24 
24 24 18 18 24 
24 24 24 18 24 
24 24 24 24 24 
35 24 35 24 24 
35 35 35 24 24 
35 35 35 35 24 
35 35 35 35 35 
35 35 44 35 44 
49 49 44 35 44 
49 49 49 35 44 
49 49 49 49 44 
49 49 49 49 49 
49 58 49 49 58 
49 61 61 49 58 
64 61 61 64 58 
64 64 61 64 58 
64 64 64 64 58 
64 64 64 64 64 
64 64 75 75 64 
64 76 75 76 64 
82 76 75 82 64 
86 76 75 82 86 
86 86 75 82 86 
86 86 86 82 86 
86 86 86 86 86 
86 97 86 86 97 
86 97 100 86 100 
104 97 100 104 100 
114 97 100 104 114 
114 114 100 104 114 
114 114 114 104 114 
114 114 114 114 114 
123 114 114 114 123 
123 114 126 114 126 
129 114 126 129 126 
129 129 126 129 126 
129 129 129 129 126 
129 129 129 129 129 
138 129 129 138 129 
140 129 129 138 140 
140 140 129 138 140 
140 140 140 138 140 
140 140 140 140 140 
149 140 140 140 149 
149 140 152 152 149 
149 140 152 152 152 
149 158 152 158 152 
149 158 152 158 158 
149 158 166 166 158 
149 158 166 166 166 
171 158 166 171 166 
171 158 166 171 171 
171 178 178 171 171 
178 178 178 171 171 
178 178 178 178 171 
178 178 178 178 178 
189 178 178 178 189 
189 189 178 178 189 
189 189 189 178 189 
191 189 189 191 189 
191 191 189 191 189 
191 191 191 191 189 
191 191 191 191 191 
191 191 191 202 202 
191 203 203 202 202 
191 203 203 203 202 
206 206 203 203 202 
206 206 203 206 202 
213 206 203 206 213 
213 214 214 206 213 
213 214 214 214 213 
213 223 223 214 213 
213 223 223 223 213 
213 223 223 226 226 
231 231 223 226 226 
231 231 223 231 226 
231 237 237 231 226 
231 237 237 237 226 
231 241 237 237 241 
231 241 237 241 241 
231 241 251 241 251 
253 241 251 253 251 
253 253 251 253 251 
253 253 253 253 251 
253 253 253 253 253 
265 253 253 265 253 
265 265 253 265 253 
265 265 265 265 253 
265 265 265 265 265 
265 265 277 277 265 
279 265 277 279 265 
279 265 277 279 279 
279 283 277 283 279 
279 283 288 288 279 
279 283 288 290 290 
293 283 288 293 290 
295 295 288 293 290 
295 295 295 293 290 
295 295 295 295 290 
295 295 295 295 295 
295 306 306 295 295 
295 306 306 295 306 
307 307 306 295 306 
311 307 306 311 306 
311 311 306 311 306 
311 311 311 311 306 
311 311 311 311 311 
322 311 311 322 311 
322 311 311 322 322 
322 323 311 323 322 
322 323 325 325 322 
331 323 325 331 322 
335 323 325 331 335 
335 335 325 331 335 
335 335 325 335 335 
335 335 335 335 335 
344 335 335 335 344 
344 347 335 335 347 
344 347 349 335 349 
353 347 349 353 349 
353 353 349 353 349 
353 353 353 353 349 
353 353 353 353 353 
362 353 353 362 353 
364 353 353 362 364 
364 364 353 362 364 
364 364 364 362 364 
364 364 364 364 364 
373 364 364 364 373 
375 364 364 375 373 
375 375 364 375 373 
375 375 375 375 373 
375 375 375 375 375 
384 375 375 384 375 
384 375 375 386 386 
384 387 375 387 386 
384 387 387 387 386 
384 387 387 387 387 
398 387 387 398 387 
398 398 387 398 387 
398 398 387 398 398 
398 398 398 398 398 
398 398 398 398 398 
398 398 398 398 398 
408 398 398 408 398 
408 408 398 408 398 
408 408 408 408 398 
408 408 408 408 408 
419 408 408 419 408 
419 408 408 419 419 
419 420 408 420 419 
419 420 420 420 419 
430 420 420 430 419 
430 430 420 430 419 
430 430 430 430 419 
430 430 430 430 430 
430 442 430 442 430 
430 442 430 442 442 
430 442 447 447 442 
448 442 447 448 442 
448 442 447 448 448 
454 454 447 448 448 
459 454 447 459 448 
459 454 447 459 459 
459 454 459 459 459 
459 454 459 459 459 
466 466 459 459 459 
466 466 459 466 459 
472 466 459 466 472 
472 472 459 466 472 
472 472 472 466 472 
472 472 472 472 472 
472 472 472 483 483 
472 484 472 483 484 
472 484 486 483 486 
487 487 486 483 486 
487 487 486 487 486 
487 487 486 487 487 
487 487 497 487 497 
498 487 497 498 497 
499 499 497 498 497 
499 499 506 498 506 
514 499 506 514 506 
514 499 506 514 514 
515 515 506 514 514 
515 515 506 515 514 
515 515 506 515 515 
515 515 518 518 515 
515 515 518 518 518 
529 515 518 529 518 
529 529 518 529 518 
530 529 518 529 530 
530 530 530 529 530 
530 530 530 529 530 
530 530 530 530 530 
530 530 530 530 530 
530 530 530 530 530 
541 530 530 541 530 
541 530 530 541 541 
541 541 530 541 541 
541 541 530 541 541 
541 541 541 541 541 
541 541 541 541 541 
541 541 541 541 541 
551 541 541 551 541 
551 551 541 551 541 
551 551 551 551 541 
551 551 551 551 551 
551 551 551 562 562 
551 563 551 562 563 
551 563 563 562 563 
565 563 563 565 563 
565 563 563 565 565 
565 563 574 565 574 
575 563 574 575 574 
575 575 574 575 574 
575 575 574 575 575 
575 575 574 575 575 
575 575 583 575 583 
575 585 583 585 583 
586 585 583 586 583 
586 585 583 586 586 
596 585 583 596 586 
597 585 583 596 597 
597 597 583 596 597 
597 597 597 596 597 
597 597 606 596 606 
607 597 606 607 606 
607 597 606 607 607 
607 609 606 607 609 
607 609 617 607 617 
618 609 617 618 617 
618 609 617 618 618 
618 609 617 618 618 
618 621 617 621 618 
629 621 617 629 618 
629 621 629 629 629 
629 621 629 629 629 
629 634 629 634 629 
629 634 629 634 634 
642 642 629 634 634 
642 642 629 634 642 
643 642 643 634 642 
643 642 643 643 642 
653 642 643 643 653 
653 653 643 643 653 
653 654 643 654 653 
653 654 655 654 655 
664 664 655 654 655 
664 664 655 654 664 
664 665 655 665 664 
667 665 667 665 664 
675 665 667 665 675 
675 675 667 675 675 
675 675 680 675 680 
688 688 680 675 680 
688 688 680 688 680 
688 688 680 688 680 
688 688 688 688 680 
688 688 688 688 688 
699 688 688 699 688 
700 688 688 699 700 
700 700 688 700 700 
700 700 700 700 700 
700 700 700 700 700 
711 700 700 700 711 
711 700 711 700 711 
712 712 711 700 711 
712 712 711 712 711 
724 712 711 712 724 
724 712 725 725 724 
724 730 725 730 724 
737 730 737 730 724 
737 730 737 730 737 
737 740 737 740 737 
737 740 740 740 737 
748 740 748 740 737 
748 740 748 740 748 
751 751 748 740 748 
751 751 748 751 748 
759 751 748 751 759 
759 761 748 761 759 
770 761 770 761 759 
770 772 770 772 759 
779 772 770 772 779 
779 779 770 772 779 
779 779 770 779 779 
790 779 790 779 779 
790 779 790 779 790 
790 779 790 790 790 
790 779 790 800 800 
790 801 790 801 800 
803 801 790 801 803 
811 801 811 801 803 
811 801 811 801 811 
811 826 826 801 811 
811 826 826 826 811 
829 829 826 826 811 
829 829 829 826 811 
829 829 829 829 811 
831 829 829 829 831 
831 829 831 829 831 
839 829 831 839 831 
839 829 839 839 831 
842 829 839 839 842 
842 829 842 839 842 
850 829 842 850 842 
853 853 842 850 842 
857 853 857 850 842 
858 853 857 850 858 
858 858 857 850 858 
861 858 857 861 858 
869 869 857 861 858 
873 869 857 861 873 
875 869 875 861 873 
879 869 875 879 873 
879 869 875 879 879 
889 869 889 879 879 
891 869 889 891 879 
891 891 889 891 879 
892 891 889 891 892 
892 891 889 892 892 
900 891 900 892 892 
904 891 900 904 892 
904 904 900 904 892 
909 904 909 904 892 
910 904 909 904 910 
910 920 909 920 910 
910 920 909 920 920 
921 920 921 920 920 
933 920 933 920 920 
933 938 933 938 920 
946 938 946 938 920 
946 946 946 938 920 
946 946 946 938 946 
946 949 946 949 946 
957 949 957 949 946 
957 957 957 949 946 
957 957 957 949 957 
957 960 957 960 957 
957 960 957 960 960 
969 960 969 960 960 
969 969 969 960 960 
969 970 969 970 960 
969 970 969 970 970 
969 982 982 970 970 
969 983 982 983 970 
969 983 982 983 983 
969 993 993 983 983 
994 993 994 983 983 
994 993 994 1001 1001 
1005 993 1005 1001 1001 
1005 993 1005 1014 1014 
1005 1018 1018 1014 1014 
1020 1018 1020 1014 1014 
1020 1018 1020 1024 1024 
1020 1018 1032 1024 1032 
1020 1042 1042 1024 1032 
1046 1042 1046 1024 1032 
1046 1047 1046 1047 1032 
1046 1047 1046 1047 1047 
1057 1047 1057 1047 1047 
1057 1057 1057 1047 1047 
1057 1057 1057 1058 1058 
1057 1057 1057 1067 1067 
1057 1057 1070 1070 1067 
1073 1073 1070 1070 1067 
1073 1073 1070 1079 1079 
1088 1088 1070 1079 1079 
1088 1088 1096 1079 1096 
1121 1088 1121 1079 1096 
1121.0 1162.0 1160.0 1162.0 1122.0 
;
EXECUTION TIME HBSS: 3281.97231221 seconds 

-------------------------------------------------------------------
