DATFILE : bwopen0_10r_1000.dat
ENVIRONMENT : bwopen
ALGORITHM : HBSS - TAU 5
RANGE : _100
STARTING_POS : 0
N_ROBOTS : 10
GREEDY SOLUTION : [ 2346.]
COMPUTATIONS D :
2366
2148
2312
2300
2350
2338
2374
2296
2274
2320
2260
2288
2420
2308
2322
2328
2492
2242
2242
2326
2426
2326
2344
2292
2278
2196
2172
2340
2394
2286
2360
2372
2316
2554
2416
2348
2418
2346
2346
2448
2328
2204
2382
2168
2278
2354
2366
2368
2238
2336
2412
2262
2246
2278
2336
2310
2346
2184
2234
2346
2192
2224
2210
2446
2382
2340
2326
2272
2290
2620
2282
2212
2184
2360
2290
2306
2330
2392
2360
2338
2346
2274
2444
2234
2264
2102
2272
2588
2176
2382
2352
2268
2350
2252
2190
2546
2236
2532
2306
2320
2450
2304
2260
2356
2364
2336
2308
2182
2462
2282
2270
2368
2270
2452
2202
2310
2284
2272
2200
2410
2276
2392
2208
2504
2258
2246
2174
2388
2116
2264
2220
2216
2178
2216
2270
2166
2336
2360
2428
2216
2274
2326
2296
2224
2222
2232
2092
2256
2330
2308
2466
2392
2294
2192
2298
2338
2278
2306
2382
2360
2306
2246
2394
2386
2354
2350
2364
2356
2188
2384
2374
2272
2346
2356
2314
2226
2240
2230
2324
2340
2380
2334
2524
2316
2408
2498
2428
2372
2498
2214
2358
2362
2284
2440
2528
2384
2284
2364
2244
2346
;
HBBS sumD : 2092
BEST_CONFIGURATIONS : 
0 0 0 0 0 0 0 0 0 0 
0 4 0 0 0 0 0 0 0 0 
0 4 26 0 0 0 0 0 0 0 
0 4 26 1 0 0 0 0 0 0 
0 4 26 1 5 0 0 0 0 0 
0 4 26 1 5 22 0 0 0 0 
0 4 26 1 5 22 8 0 0 0 
26 4 26 1 5 22 8 0 0 0 
26 4 26 1 5 22 8 0 0 0 
26 4 26 27 5 22 8 0 0 0 
26 4 26 27 5 22 8 0 1 0 
26 4 26 27 5 22 8 0 1 2 
26 4 26 27 5 22 8 0 1 2 
26 4 26 27 5 22 8 0 1 2 
26 4 26 27 5 22 13 0 1 2 
26 4 26 27 5 22 13 8 1 2 
26 4 26 27 5 22 13 8 1 2 
26 4 26 27 5 22 13 8 1 2 
26 4 26 27 5 22 13 8 1 2 
26 4 26 27 5 22 13 8 1 2 
26 4 26 27 5 22 13 8 1 2 
26 4 26 27 5 22 13 8 1 2 
26 4 26 27 5 22 13 8 1 2 
26 4 26 27 5 22 13 8 1 2 
26 4 26 27 5 22 13 8 1 2 
26 4 26 27 5 22 13 8 1 2 
26 4 26 27 5 22 13 8 1 2 
26 4 26 27 5 22 13 8 1 2 
26 4 26 27 5 22 13 8 1 2 
26 4 26 27 5 22 13 8 1 2 
26 4 26 27 5 22 13 8 1 2 
26 4 26 27 5 22 13 8 1 2 
26 4 26 27 5 22 13 8 1 2 
26 4 26 27 5 22 13 8 1 2 
26 4 26 27 5 22 13 8 1 2 
26 4 26 27 5 22 13 8 1 2 
26 4 26 27 5 22 13 8 1 2 
26 4 26 27 9 22 13 8 1 2 
26 4 26 27 9 22 13 8 1 2 
5 4 26 27 9 22 13 8 1 2 
5 4 26 27 9 22 13 8 1 2 
5 4 26 27 9 22 13 8 1 2 
5 4 26 27 9 22 13 8 1 2 
5 4 26 27 9 22 17 8 1 2 
5 4 26 27 9 22 17 8 1 2 
5 4 26 27 9 22 17 13 1 2 
5 4 26 27 9 22 17 25 1 2 
5 4 26 27 9 22 17 25 1 2 
5 4 26 27 9 22 17 25 6 2 
5 4 26 27 9 22 17 25 6 24 
5 4 26 27 9 22 17 25 6 24 
14 4 26 27 9 22 17 25 6 24 
14 4 26 27 9 22 17 25 6 24 
14 8 26 27 9 13 17 25 6 24 
14 8 26 27 9 13 17 25 6 24 
14 8 5 27 9 13 17 25 6 24 
14 13 5 27 9 13 17 25 6 24 
14 13 5 27 9 13 17 25 6 24 
14 13 5 27 9 13 17 25 6 24 
14 13 5 27 9 13 17 25 6 24 
14 13 5 27 9 13 17 25 6 24 
14 13 5 27 9 13 17 25 6 24 
14 13 5 27 9 13 17 25 6 24 
14 13 5 27 9 13 17 25 6 24 
14 13 5 27 9 13 17 25 6 24 
14 13 5 27 10 13 17 25 6 24 
14 13 5 27 10 13 17 25 6 24 
14 13 22 27 10 13 17 25 6 24 
14 13 22 27 10 13 17 25 6 24 
14 13 22 27 10 13 17 25 6 24 
14 13 22 9 10 13 17 25 6 24 
14 13 22 9 10 13 17 25 6 24 
14 13 22 9 10 13 17 25 6 24 
14 13 22 9 10 13 17 25 6 24 
14 13 22 9 10 13 17 25 6 24 
14 13 22 9 10 13 17 25 6 24 
14 13 22 9 10 13 17 25 6 24 
14 13 22 9 10 13 17 25 6 24 
14 13 22 9 10 13 17 25 6 24 
14 13 22 9 10 13 17 25 6 24 
14 13 8 9 10 13 17 25 6 24 
14 13 8 9 10 13 17 25 6 24 
14 13 8 9 10 13 17 25 6 24 
14 13 8 9 10 13 17 25 6 24 
14 13 8 9 10 13 17 25 6 24 
14 13 8 9 10 13 17 25 6 24 
14 13 8 9 10 13 17 25 6 24 
14 13 8 9 10 13 17 25 6 24 
14 13 8 9 10 13 17 25 6 24 
14 13 8 9 10 13 17 25 6 24 
14 13 8 9 10 13 17 25 6 24 
14 13 8 9 10 13 17 25 6 24 
14 13 8 9 10 13 17 25 6 24 
14 13 8 9 10 13 17 25 6 24 
14 13 8 9 10 13 17 25 6 24 
14 13 8 9 10 13 17 25 6 24 
14 13 8 9 10 13 17 18 6 24 
14 13 8 9 10 13 17 18 21 24 
14 13 8 9 10 13 17 18 21 24 
14 25 8 9 10 13 17 18 21 24 
14 25 8 9 10 13 17 18 21 24 
14 25 8 9 10 13 17 18 21 24 
14 25 8 9 10 13 17 18 21 24 
14 25 8 9 10 13 17 18 21 24 
15 25 8 9 10 13 17 18 21 24 
15 25 8 9 10 13 17 18 21 24 
15 25 8 9 10 13 17 18 21 24 
15 25 8 9 10 13 17 18 21 24 
15 25 8 9 10 13 17 18 21 24 
15 25 8 9 10 13 17 18 21 24 
15 25 8 9 10 13 17 18 21 24 
15 25 8 9 10 13 17 18 21 24 
15 25 8 11 10 13 17 18 21 24 
15 25 8 11 10 13 17 18 21 24 
15 25 8 11 10 13 17 18 21 2 
15 25 8 11 10 13 17 18 21 2 
15 25 8 11 10 13 17 18 21 2 
15 25 8 11 10 13 17 18 21 2 
15 25 8 11 10 13 17 18 21 2 
15 25 8 11 10 13 17 18 3 2 
15 25 22 11 10 13 17 18 3 2 
15 25 22 11 10 13 17 18 3 2 
15 25 22 11 10 13 17 18 3 2 
15 25 22 11 10 13 17 18 3 2 
15 25 22 11 10 13 17 18 3 2 
15 25 22 11 10 13 17 18 3 2 
15 25 22 11 10 13 17 18 3 2 
15 25 22 11 10 13 17 18 3 2 
15 25 22 11 10 14 17 18 3 2 
15 25 22 11 10 14 17 18 3 2 
15 25 22 11 10 14 17 18 3 2 
15 25 22 11 10 14 17 18 3 2 
15 25 22 11 10 14 17 18 3 2 
15 25 26 11 10 14 17 18 3 2 
15 25 26 11 10 14 17 18 3 2 
15 25 26 11 10 14 17 18 3 2 
15 25 26 11 10 14 17 18 3 2 
15 25 26 11 10 14 17 18 3 2 
15 25 26 11 10 14 17 19 3 2 
15 25 26 11 10 14 17 19 3 2 
15 25 26 11 10 14 17 19 3 2 
15 25 26 11 10 14 19 19 3 2 
15 18 26 11 10 14 19 19 3 2 
15 18 26 11 10 14 19 19 3 2 
15 18 26 11 24 14 19 19 3 2 
15 18 26 11 24 14 19 19 3 2 
15 18 26 11 24 14 19 19 3 2 
15 18 26 11 24 14 19 19 3 2 
15 18 26 11 24 14 19 19 3 2 
15 18 26 11 24 14 19 19 3 2 
15 18 26 11 24 14 19 19 3 2 
15 18 26 11 24 14 19 19 3 2 
15 18 26 11 24 14 19 19 3 2 
15 18 26 11 24 14 19 19 3 2 
15 18 26 11 24 14 19 19 3 2 
15 18 26 11 24 14 19 19 3 2 
15 18 26 11 24 14 19 19 3 2 
15 18 26 11 24 14 19 19 3 2 
15 18 26 11 24 14 19 19 3 2 
15 18 26 11 24 14 19 19 3 2 
15 18 26 11 24 14 19 19 3 2 
15 18 5 11 24 14 19 19 3 2 
15 18 5 11 24 14 19 19 3 2 
15 18 5 11 24 14 19 19 3 2 
15 18 5 11 24 14 19 19 3 2 
15 18 5 11 24 14 19 19 3 2 
15 18 5 11 24 14 19 19 3 2 
15 18 5 11 24 9 19 19 3 2 
15 18 5 11 6 9 19 19 3 2 
15 18 5 11 6 9 19 19 3 2 
15 18 5 11 6 9 19 19 3 2 
15 18 5 11 6 9 19 19 3 2 
15 18 5 11 6 9 19 19 21 2 
15 18 5 11 6 9 19 19 21 2 
15 18 5 11 6 9 19 19 21 2 
15 18 5 11 6 9 19 19 21 2 
15 18 5 11 6 9 19 19 21 2 
15 18 5 11 6 9 19 19 21 2 
15 18 5 11 6 9 19 19 21 2 
15 18 5 11 6 9 19 19 21 27 
15 18 5 11 6 9 19 19 21 27 
15 18 4 11 6 9 19 19 21 27 
15 14 4 11 6 9 19 19 21 27 
15 14 4 11 6 9 19 19 21 27 
15 14 4 11 6 9 19 19 21 27 
15 14 4 11 6 9 19 19 21 27 
10 14 4 11 6 9 19 19 21 27 
10 14 4 11 6 9 19 19 21 27 
10 14 4 11 6 9 19 19 21 27 
10 14 4 11 6 9 19 19 21 27 
10 14 4 11 6 9 19 19 21 27 
10 14 4 11 6 9 19 19 21 27 
10 14 4 11 6 9 19 19 21 27 
10 14 4 11 6 9 20 19 21 27 
10 14 4 11 6 9 20 19 21 27 
10 14 4 11 6 9 20 19 21 27 
10 14 4 11 6 9 20 19 7 27 
10 14 4 11 6 9 20 19 7 27 
10 14 4 7 6 9 20 19 7 27 
10 14 4 7 6 9 20 19 7 27 
10 14 4 7 6 9 20 19 7 27 
10 14 4 7 6 9 20 19 7 27 
24 14 4 7 6 9 20 19 7 27 
24 14 4 7 6 9 20 19 7 27 
24 14 4 7 6 9 20 19 7 27 
24 25 4 7 6 9 20 19 7 27 
24 25 4 7 6 9 20 19 7 27 
24 25 4 7 6 9 20 19 7 27 
24 25 4 7 6 9 20 19 7 27 
24 25 4 7 6 9 20 19 7 27 
24 25 4 7 21 9 20 19 7 27 
24 25 4 7 21 9 20 19 7 27 
24 25 4 7 21 9 20 19 7 27 
24 25 4 7 21 9 20 19 7 27 
24 25 4 7 21 9 20 19 7 27 
24 25 4 7 21 9 20 19 7 27 
24 25 4 7 21 9 20 19 7 27 
24 25 4 7 21 5 20 19 7 27 
24 25 4 7 21 5 20 19 7 27 
24 25 4 7 21 5 20 19 7 27 
24 25 4 7 21 5 20 19 7 27 
24 13 4 7 21 5 20 19 7 27 
24 13 26 7 21 5 20 19 7 27 
24 13 26 7 21 5 23 19 7 27 
24 13 26 7 3 5 23 19 7 27 
24 13 26 7 3 5 23 19 7 1 
24 13 26 7 3 5 23 20 7 1 
24 13 26 7 3 5 23 20 7 1 
24 13 26 7 3 5 23 20 7 1 
6 13 26 7 3 5 23 20 7 1 
6 13 26 7 3 5 23 20 7 1 
6 13 26 7 3 5 23 20 7 1 
6 13 26 7 3 5 23 20 7 1 
6 13 26 7 3 5 23 20 7 1 
6 13 26 7 3 5 23 20 7 1 
6 13 26 7 3 5 23 20 7 1 
6 13 26 7 3 5 23 20 7 1 
6 13 26 7 3 5 23 20 7 1 
6 13 26 7 3 5 23 20 7 1 
6 13 26 7 3 5 23 20 7 1 
6 13 26 7 3 5 23 20 7 1 
6 13 26 7 3 5 23 20 7 1 
6 13 26 21 3 5 23 20 7 1 
6 13 26 21 3 5 23 20 7 1 
6 13 26 21 3 5 23 20 7 1 
6 13 26 21 3 5 23 20 7 1 
6 13 26 21 3 5 23 20 7 1 
6 13 26 21 3 5 23 20 7 1 
6 13 26 21 3 5 23 20 7 1 
6 13 26 21 3 5 23 23 7 1 
6 13 26 21 3 5 23 23 7 1 
6 13 26 21 3 5 23 23 7 1 
6 13 26 21 3 5 23 23 7 1 
6 13 26 21 3 5 23 23 7 1 
6 13 26 21 3 5 23 23 7 1 
6 13 26 21 3 5 23 23 7 1 
6 13 26 21 3 5 23 23 7 1 
6 13 26 21 3 5 23 23 7 1 
6 13 26 21 3 5 23 23 7 1 
6 13 26 21 3 5 23 23 7 1 
6 13 26 21 3 5 23 23 7 1 
6 17 26 21 3 5 23 23 7 1 
6 17 4 21 3 5 23 23 7 1 
6 17 4 21 3 5 23 23 7 1 
6 17 4 21 3 22 23 23 7 1 
6 17 4 21 3 22 16 23 7 1 
6 17 4 21 3 22 16 23 7 1 
2 17 4 21 3 22 16 23 7 1 
2 17 4 21 3 22 16 23 7 1 
2 17 4 21 3 22 16 23 7 1 
2 17 4 21 3 22 16 23 7 1 
2 17 4 21 3 22 16 23 7 1 
2 17 4 21 3 22 16 23 7 1 
2 17 4 21 3 22 16 23 7 1 
2 17 4 21 3 22 16 23 7 1 
2 17 4 21 3 22 16 23 7 1 
2 17 4 21 3 22 16 23 7 1 
2 17 4 21 3 22 16 23 7 1 
2 17 4 21 3 22 16 23 12 1 
2 17 4 21 3 22 16 23 12 1 
2 17 4 21 3 22 16 23 12 1 
2 17 4 21 3 22 16 23 12 1 
2 17 4 21 3 22 16 23 12 1 
2 17 4 21 3 22 16 23 12 1 
2 17 4 21 3 22 16 23 12 27 
2 17 4 21 3 22 16 23 12 27 
2 17 4 21 3 22 16 23 12 27 
2 17 4 21 3 22 16 23 12 27 
2 17 4 21 3 22 16 20 12 27 
2 17 4 21 3 22 16 20 12 27 
2 17 4 21 3 22 16 20 12 27 
2 17 4 21 3 22 16 20 12 27 
2 17 4 21 3 22 16 20 12 27 
2 17 4 21 3 22 16 20 12 27 
2 17 4 21 3 22 16 20 12 27 
2 17 4 21 3 22 16 20 12 27 
2 17 4 21 3 22 16 20 12 27 
2 17 4 21 3 22 16 20 12 27 
2 17 4 21 3 22 16 20 12 27 
2 17 4 21 3 22 16 20 12 27 
2 17 4 21 3 8 16 20 12 27 
2 17 4 21 3 8 16 20 12 27 
2 17 0 21 3 8 16 20 12 27 
2 17 0 21 3 8 16 20 12 27 
2 17 0 6 3 8 16 20 12 27 
2 17 0 6 3 8 16 20 12 27 
2 17 0 6 3 8 16 20 12 27 
2 17 0 6 3 8 16 20 12 27 
2 17 0 6 3 8 16 20 12 27 
2 17 0 6 3 8 16 20 12 27 
2 17 0 6 7 8 16 20 12 27 
2 17 0 6 7 8 16 20 12 27 
2 13 0 6 7 8 16 20 12 27 
2 13 0 6 7 8 16 20 12 27 
2 13 0 6 7 8 16 20 12 27 
2 13 0 6 7 8 16 20 12 27 
2 13 0 6 7 8 16 20 12 27 
2 13 0 6 7 8 16 20 12 27 
2 13 0 6 7 8 16 19 12 27 
2 13 0 6 7 8 16 19 12 27 
2 13 0 6 7 8 16 19 12 27 
2 13 0 6 7 8 16 19 12 27 
2 13 0 6 7 8 16 19 12 27 
2 13 0 24 7 8 16 19 12 27 
2 13 0 24 7 8 16 19 12 27 
2 13 0 24 7 8 16 19 12 27 
2 13 0 24 7 8 16 19 12 9 
2 13 0 24 7 8 16 19 12 9 
2 13 0 24 7 8 16 19 12 9 
2 13 0 24 7 8 23 19 12 9 
2 13 0 24 7 8 23 19 12 9 
2 25 0 24 7 8 23 19 12 9 
2 25 0 24 7 8 23 19 12 9 
2 25 0 24 7 8 23 19 12 9 
2 25 0 24 7 8 23 19 12 9 
2 25 0 10 7 8 23 19 12 9 
2 25 0 10 7 8 23 19 12 9 
2 25 26 10 7 8 23 19 12 9 
2 25 26 10 11 8 23 19 12 9 
2 25 26 10 11 8 23 18 12 9 
2 25 26 10 11 8 23 18 12 9 
2 25 26 10 11 8 23 18 16 9 
2 25 26 10 11 8 23 18 16 9 
2 25 26 10 11 8 23 18 16 9 
2 25 26 10 11 8 23 18 16 9 
2 25 26 10 11 8 23 18 16 9 
2 25 26 10 11 8 23 18 16 9 
2 25 26 10 11 8 23 18 16 9 
2 25 26 10 11 8 23 18 16 9 
2 25 26 10 11 8 23 18 16 14 
2 25 26 10 11 8 23 18 16 14 
2 25 26 10 11 5 23 18 16 14 
2 25 26 10 11 5 23 18 16 14 
1 25 26 10 11 5 23 18 16 14 
1 25 26 15 11 5 23 18 16 14 
1 25 26 15 11 5 23 18 16 14 
1 25 26 15 11 5 20 18 16 14 
1 25 26 15 11 5 20 18 16 14 
1 25 26 15 11 5 20 18 16 14 
1 25 26 15 11 5 20 18 12 14 
1 25 26 15 11 5 20 18 12 14 
1 25 26 15 11 5 20 18 12 14 
1 25 26 15 11 5 20 18 12 14 
1 25 26 15 11 5 20 18 12 14 
1 25 26 15 11 5 20 18 12 14 
0 25 26 15 11 5 20 18 12 14 
0 25 22 15 11 5 20 18 12 14 
0 25 22 15 11 5 20 18 7 14 
0 25 22 15 11 5 20 18 7 14 
0 25 22 15 11 5 20 18 7 14 
0 25 22 15 11 5 19 18 7 14 
0 17 22 15 11 5 19 18 7 14 
0 17 22 15 11 5 19 18 7 14 
0 17 22 15 11 5 19 18 7 14 
0 17 22 15 11 5 19 18 7 14 
0 17 22 10 11 5 19 18 7 14 
0 17 22 10 11 5 19 18 7 9 
0 17 22 10 11 1 19 18 7 9 
0 17 22 10 11 1 19 18 3 9 
0 0 0 0 0 0 0 0 0 0 
;
ROBOT MOVING BEST:
0 0 0 0 0 0 0 0 0 0 
1 1 0 0 0 0 0 0 0 0 
1 0 1 0 0 0 0 0 0 0 
1 0 0 1 0 0 0 0 0 0 
1 0 0 0 1 0 0 0 0 0 
1 0 0 0 0 1 0 0 0 0 
1 0 0 0 0 0 1 0 0 0 
1 1 0 0 0 0 0 0 0 0 
0 1 0 1 0 0 0 0 0 0 
0 0 0 1 0 0 0 1 0 0 
1 0 0 0 0 0 0 0 1 0 
0 0 0 0 0 0 0 1 0 1 
0 1 0 0 1 0 0 0 0 0 
0 1 0 0 0 1 0 0 0 0 
0 0 0 0 0 0 1 1 0 0 
0 1 0 0 0 0 0 1 0 0 
1 0 0 0 1 0 0 0 0 0 
1 0 0 0 0 1 0 0 0 0 
0 0 0 0 1 0 0 0 1 0 
0 0 0 0 0 1 0 0 1 0 
1 0 0 0 0 0 0 1 0 0 
0 0 0 0 0 0 0 1 1 0 
0 1 0 1 0 0 0 0 0 0 
0 0 0 0 1 1 0 0 0 0 
1 0 0 1 0 0 0 0 0 0 
0 1 0 0 0 0 0 0 0 1 
0 0 0 0 1 0 0 1 0 0 
0 0 0 0 0 1 0 1 0 0 
0 0 0 1 0 0 0 0 1 0 
1 0 0 0 0 0 0 0 0 1 
0 1 0 0 0 0 1 0 0 0 
0 0 0 0 0 0 0 0 1 1 
1 0 0 0 0 0 1 0 0 0 
0 0 0 1 1 0 0 0 0 0 
0 0 0 1 0 1 0 0 0 0 
0 0 0 0 0 0 1 0 1 0 
0 0 0 1 0 0 0 1 0 0 
0 1 0 0 1 0 0 0 0 0 
0 0 0 0 0 1 0 0 0 1 
1 0 0 0 0 0 0 0 0 1 
0 0 0 0 0 0 0 1 0 1 
0 0 1 0 1 0 0 0 0 0 
0 0 0 0 0 1 1 0 0 0 
0 1 0 0 0 0 1 0 0 0 
0 0 0 0 1 0 0 0 1 0 
1 0 0 0 0 0 0 1 0 0 
0 1 0 0 0 0 0 1 0 0 
0 0 1 0 0 0 1 0 0 0 
0 1 0 0 0 0 0 0 1 0 
0 1 0 0 0 0 0 0 0 1 
0 0 1 0 0 0 0 1 0 0 
1 1 0 0 0 0 0 0 0 0 
0 0 0 0 1 1 0 0 0 0 
0 1 0 0 0 1 0 0 0 0 
0 0 1 0 0 0 0 0 1 0 
0 0 1 0 1 0 0 0 0 0 
0 1 0 1 0 0 0 0 0 0 
0 0 1 0 0 0 1 0 0 0 
0 0 1 0 0 0 0 1 0 0 
0 0 0 1 1 0 0 0 0 0 
0 0 1 0 0 0 0 0 1 0 
0 0 1 0 0 0 0 0 0 1 
1 0 1 0 0 0 0 0 0 0 
0 0 0 1 0 0 1 0 0 0 
0 0 0 1 0 0 0 1 0 0 
0 0 1 0 1 0 0 0 0 0 
0 0 0 1 0 0 0 0 1 0 
0 0 1 0 0 0 1 0 0 0 
0 0 0 1 0 0 0 0 0 1 
1 0 0 1 0 0 0 0 0 0 
0 1 0 1 0 0 0 0 0 0 
0 0 1 0 0 0 0 1 0 0 
0 1 0 0 0 0 1 0 0 0 
0 0 1 0 0 0 0 0 1 0 
0 1 0 0 0 0 0 1 0 0 
0 0 1 0 0 0 0 0 0 1 
1 0 1 0 0 0 0 0 0 0 
0 1 0 0 0 0 0 0 1 0 
0 1 0 0 0 0 0 0 0 1 
1 1 0 0 0 0 0 0 0 0 
0 0 1 1 0 0 0 0 0 0 
0 0 0 1 0 0 1 0 0 0 
0 0 1 0 0 0 1 0 0 0 
0 0 0 1 0 0 0 1 0 0 
0 1 0 0 1 0 0 0 0 0 
0 0 1 0 0 0 0 1 0 0 
0 0 0 1 0 0 0 0 1 0 
0 0 0 0 0 0 1 1 0 0 
0 0 0 1 0 0 0 0 0 1 
1 0 0 1 0 0 0 0 0 0 
0 0 1 0 0 0 0 0 1 0 
0 0 0 0 0 0 1 0 1 0 
0 0 1 0 0 0 0 0 0 1 
0 0 0 0 0 0 1 0 0 1 
1 0 1 0 0 0 0 0 0 0 
1 0 0 0 0 0 1 0 0 0 
0 1 0 0 0 0 0 1 0 0 
0 1 0 0 0 0 0 0 1 0 
0 0 0 1 1 0 0 0 0 0 
0 1 0 0 0 0 0 0 0 1 
1 1 0 0 0 0 0 0 0 0 
0 0 1 0 1 0 0 0 0 0 
0 0 0 0 1 0 1 0 0 0 
1 0 0 0 0 0 0 0 0 1 
1 0 0 0 0 1 0 0 0 0 
0 0 0 1 0 0 0 1 0 0 
0 1 0 0 1 0 0 0 0 0 
0 0 0 1 0 0 0 0 1 0 
0 0 1 0 0 0 0 1 0 0 
0 0 0 0 1 0 0 0 0 1 
0 0 0 0 0 0 1 1 0 0 
0 0 1 0 0 0 0 0 1 0 
0 0 0 1 0 1 0 0 0 0 
0 0 0 0 0 0 1 0 1 0 
0 0 0 0 0 1 0 0 0 1 
1 0 1 0 0 0 0 0 0 0 
1 0 0 0 0 0 1 0 0 0 
0 1 0 0 0 0 0 1 0 0 
0 1 0 0 0 0 0 0 1 0 
0 0 0 0 0 1 0 0 1 0 
0 0 1 0 1 0 0 0 0 0 
1 1 0 0 0 0 0 0 0 0 
0 0 0 1 0 0 1 0 0 0 
0 0 0 0 0 0 1 0 0 1 
0 0 0 0 1 0 0 1 0 0 
0 1 0 1 0 0 0 0 0 0 
0 0 1 0 0 0 0 1 0 0 
0 1 0 0 0 0 0 0 0 1 
0 0 0 0 1 1 0 0 0 0 
0 0 0 0 0 0 1 0 1 0 
1 0 0 0 1 0 0 0 0 0 
1 0 1 0 0 0 0 0 0 0 
0 1 0 0 0 0 0 0 1 0 
0 0 1 0 1 0 0 0 0 0 
0 0 0 1 1 0 0 0 0 0 
0 0 0 0 0 1 0 1 0 0 
1 0 0 0 0 0 0 1 0 0 
0 0 0 0 1 0 0 0 0 1 
0 0 0 0 0 0 1 1 0 0 
1 0 0 0 0 1 0 0 0 0 
0 0 0 0 1 0 0 0 1 0 
0 1 0 0 0 0 1 0 0 0 
0 1 1 0 0 0 0 0 0 0 
0 1 0 1 0 0 0 0 0 0 
0 1 0 0 1 0 0 0 0 0 
0 1 0 0 0 0 0 0 0 1 
0 0 1 0 0 1 0 0 0 0 
0 0 0 1 0 1 0 0 0 0 
1 0 1 0 0 0 0 0 0 0 
1 0 0 1 0 0 0 0 0 0 
1 0 0 0 1 0 0 0 0 0 
0 0 0 0 0 1 0 0 0 1 
1 0 0 0 0 0 0 0 0 1 
0 1 0 0 0 0 0 0 1 0 
0 0 1 0 1 0 0 0 0 0 
0 0 1 1 0 0 0 0 0 0 
0 0 0 1 1 0 0 0 0 0 
0 0 0 0 0 1 0 0 1 0 
1 0 0 0 0 0 0 0 1 0 
0 0 0 1 0 0 0 0 0 1 
0 0 0 0 1 0 0 0 0 1 
0 1 1 0 0 0 0 0 0 0 
1 0 1 0 0 0 0 0 0 0 
0 0 0 1 0 0 0 0 1 0 
0 0 0 0 1 0 0 0 1 0 
0 1 0 0 0 0 1 0 0 0 
0 0 0 0 0 0 0 0 1 1 
1 0 0 0 0 1 0 0 0 0 
0 1 0 0 1 0 0 0 0 0 
1 0 0 0 0 0 1 0 0 0 
1 0 0 0 1 0 0 0 0 0 
0 0 1 1 0 0 0 0 0 0 
0 1 0 0 0 0 0 0 1 0 
0 0 0 1 0 1 0 0 0 0 
0 0 0 1 0 0 1 0 0 0 
0 0 0 0 0 1 0 0 0 1 
1 0 0 0 0 0 0 0 1 0 
0 0 0 1 1 0 0 0 0 0 
0 0 0 0 0 0 1 0 0 1 
0 1 0 0 0 0 0 0 0 1 
1 0 0 0 0 0 0 0 0 1 
0 1 1 0 0 0 0 0 0 0 
0 1 0 0 0 0 1 0 0 0 
0 0 0 1 0 0 0 0 1 0 
0 1 0 0 1 0 0 0 0 0 
1 0 1 0 0 0 0 0 0 0 
1 0 0 0 0 0 0 1 0 0 
1 0 0 0 1 0 0 0 0 0 
0 0 0 1 0 0 0 0 0 1 
0 1 0 0 0 0 0 0 1 0 
0 0 1 1 0 0 0 0 0 0 
0 0 0 0 0 1 1 0 0 0 
1 0 0 0 0 0 0 0 1 0 
0 0 0 1 0 0 1 0 0 0 
0 0 0 0 1 0 0 1 0 0 
1 0 0 0 0 0 0 0 0 1 
0 0 0 1 0 0 0 0 1 0 
1 0 1 0 0 0 0 0 0 0 
0 1 0 1 0 0 0 0 0 0 
0 1 0 0 0 0 1 0 0 0 
1 0 0 1 0 0 0 0 0 0 
1 0 0 0 0 0 1 0 0 0 
1 0 0 0 0 0 0 1 0 0 
0 0 0 0 0 0 0 1 0 1 
1 0 0 0 1 0 0 0 0 0 
0 1 0 0 1 0 0 0 0 0 
0 0 1 0 0 0 0 1 0 0 
0 0 0 1 0 1 0 0 0 0 
0 0 0 0 0 1 1 0 0 0 
0 0 0 1 0 0 0 1 0 0 
0 0 0 0 1 0 0 1 0 0 
0 0 0 0 0 0 1 1 0 0 
1 0 0 1 0 0 0 0 0 0 
1 0 0 0 1 0 0 0 0 0 
1 0 0 0 0 0 1 0 0 0 
0 0 0 1 0 0 0 0 0 1 
0 0 0 0 1 0 0 0 0 1 
0 0 0 0 0 1 0 1 0 0 
0 0 0 0 0 0 1 0 0 1 
0 1 0 1 0 0 0 0 0 0 
0 1 0 0 0 0 1 0 0 0 
0 1 0 0 0 0 0 1 0 0 
0 0 1 0 0 0 0 1 0 0 
0 0 0 0 0 0 1 1 0 0 
0 0 0 0 1 0 0 1 0 0 
0 0 0 0 0 0 0 1 0 1 
0 0 0 1 0 0 0 1 0 0 
1 0 0 0 0 0 1 0 0 0 
1 0 0 0 0 0 0 0 0 1 
1 0 0 1 0 0 0 0 0 0 
1 0 0 0 0 0 0 1 0 0 
0 0 0 1 0 1 0 0 0 0 
0 0 0 0 0 1 0 1 0 0 
0 1 0 1 0 0 0 0 0 0 
0 1 0 0 0 0 0 1 0 0 
0 0 1 1 0 0 0 0 0 0 
0 0 1 0 0 0 0 1 0 0 
0 0 0 1 0 0 1 0 0 0 
0 0 0 1 0 0 0 0 0 1 
0 0 0 0 0 0 1 1 0 0 
0 0 0 0 0 0 0 1 0 1 
0 0 0 1 1 0 0 0 0 0 
0 0 0 1 0 0 0 1 0 0 
0 0 0 0 1 0 0 1 0 0 
0 0 0 1 0 0 0 0 1 0 
1 0 0 0 0 0 1 0 0 0 
1 0 0 0 0 0 0 0 0 1 
0 0 0 0 0 1 1 0 0 0 
0 1 0 0 0 0 1 0 0 0 
0 0 1 0 0 0 0 1 0 0 
1 0 0 1 0 0 0 0 0 0 
1 0 0 0 1 0 0 0 0 0 
0 0 0 1 0 1 0 0 0 0 
0 0 0 0 1 1 0 0 0 0 
0 0 0 0 0 0 1 0 0 1 
0 0 1 1 0 0 0 0 0 0 
0 0 1 0 1 0 0 0 0 0 
0 0 0 1 0 0 1 0 0 0 
0 0 0 1 0 0 0 0 0 1 
0 0 0 0 1 0 1 0 0 0 
0 0 0 0 1 0 0 0 0 1 
0 1 0 0 0 0 0 0 1 0 
0 0 1 0 0 0 0 0 1 0 
0 0 0 1 1 0 0 0 0 0 
0 0 0 0 0 1 0 0 1 0 
0 0 0 0 0 0 1 0 1 0 
1 0 0 0 0 0 1 0 0 0 
1 0 0 0 0 0 0 0 1 0 
0 1 0 0 0 0 0 1 0 0 
0 1 0 0 0 0 0 0 0 1 
0 0 1 0 0 0 0 1 0 0 
0 0 0 0 0 1 0 1 0 0 
0 0 0 0 0 0 1 1 0 0 
0 0 0 0 0 0 1 0 0 1 
0 0 1 1 0 0 0 0 0 0 
0 0 1 0 1 0 0 0 0 0 
0 0 0 1 0 1 0 0 0 0 
0 0 0 0 1 1 0 0 0 0 
0 0 0 0 0 0 0 1 1 0 
0 0 0 0 0 0 0 0 1 1 
0 0 0 1 0 0 1 0 0 0 
0 0 0 0 1 0 1 0 0 0 
0 0 0 1 0 0 0 0 1 0 
0 0 0 0 1 0 0 0 1 0 
0 0 0 0 0 0 0 1 0 1 
1 0 0 0 0 0 0 1 0 0 
0 0 0 0 1 0 0 0 0 1 
1 0 0 1 0 0 0 0 0 0 
0 1 0 0 0 0 0 1 0 0 
0 0 1 0 0 0 0 1 0 0 
0 0 0 0 0 1 0 1 0 0 
0 1 0 0 0 0 1 0 0 0 
0 0 1 0 0 0 1 0 0 0 
0 0 0 0 0 1 1 0 0 0 
0 0 0 0 0 0 1 1 0 0 
0 1 0 0 0 0 0 0 1 0 
0 0 0 0 0 1 0 0 1 0 
0 0 1 0 0 0 0 0 1 0 
0 0 0 0 0 0 0 1 1 0 
0 0 0 0 0 0 1 0 1 0 
0 0 0 0 1 1 0 0 0 0 
1 0 0 0 0 0 0 1 0 0 
0 0 1 1 0 0 0 0 0 0 
0 0 1 0 1 0 0 0 0 0 
0 0 0 1 0 0 0 0 1 0 
0 0 0 0 0 0 1 0 0 1 
1 0 0 0 0 0 1 0 0 0 
0 0 0 0 0 0 0 0 1 1 
1 0 0 0 0 0 0 0 1 0 
1 0 0 1 0 0 0 0 0 0 
0 0 0 0 1 0 0 0 1 0 
1 0 0 0 0 0 0 0 0 1 
0 1 0 0 0 0 1 0 0 0 
0 0 0 0 0 1 0 1 0 0 
0 1 0 0 0 0 0 0 1 0 
0 0 0 0 0 1 1 0 0 0 
0 0 1 0 0 0 0 1 0 0 
0 0 0 0 0 1 0 0 1 0 
0 0 0 0 0 0 1 1 0 0 
0 0 1 0 0 0 1 0 0 0 
0 0 0 0 0 0 0 1 1 0 
0 0 1 0 0 0 0 0 1 0 
0 0 1 1 0 0 0 0 0 0 
0 0 0 1 0 0 1 0 0 0 
0 0 0 1 0 0 0 0 1 0 
0 0 0 0 1 1 0 0 0 0 
0 0 0 0 0 0 1 0 0 1 
0 0 1 0 1 0 0 0 0 0 
0 0 0 0 0 0 0 0 1 1 
0 0 0 0 0 1 1 0 0 0 
0 0 0 0 0 1 0 1 0 0 
0 1 0 0 0 0 0 0 1 0 
0 0 1 0 0 0 1 0 0 0 
0 0 1 0 0 0 0 1 0 0 
0 0 1 1 0 0 0 0 0 0 
0 0 0 1 0 0 0 0 1 0 
0 0 0 0 0 0 1 0 0 1 
0 0 1 0 0 0 0 0 1 0 
0 0 0 0 1 0 0 0 1 0 
0 0 0 0 0 0 0 1 1 0 
0 1 0 0 0 0 1 0 0 0 
0 1 0 0 0 0 0 0 1 0 
0 0 0 1 0 0 1 0 0 0 
0 0 0 1 0 0 0 0 1 0 
0 0 1 0 0 0 0 0 1 0 
0 0 0 0 1 1 0 0 0 0 
0 0 0 0 1 0 1 0 0 0 
0 0 0 0 0 0 1 1 0 0 
0 0 0 0 1 0 0 0 1 0 
0 0 0 0 0 0 1 0 0 1 
0 0 0 0 0 0 0 1 1 0 
0 0 0 0 0 1 0 0 1 0 
0 0 0 0 0 0 0 0 1 1 
1 1 0 0 0 0 0 0 0 0 
0 0 0 1 0 0 1 0 0 0 
0 0 0 1 0 0 0 0 1 0 
0 0 0 0 0 0 1 1 0 0 
1 0 0 0 1 0 0 0 0 0 
1 0 0 0 0 0 0 1 0 0 
0 0 0 0 0 1 0 0 1 0 
0 0 0 0 0 0 0 0 1 1 
1 0 0 0 0 0 0 0 0 1 
0 0 0 1 0 0 1 0 0 0 
0 0 0 1 0 0 0 0 1 0 
1 0 0 1 0 0 0 0 0 0 
1 1 0 0 0 0 0 0 0 0 
0 0 1 0 1 0 0 0 0 0 
0 0 0 0 0 0 0 1 1 0 
1 0 0 0 1 0 0 0 0 0 
1 0 0 0 0 0 0 1 0 0 
0 0 1 0 0 0 1 0 0 0 
1 1 0 0 0 0 0 0 0 0 
1 0 0 0 0 0 0 0 0 1 
0 0 0 1 0 0 0 0 1 0 
1 0 0 1 0 0 0 0 0 0 
1 0 0 1 0 0 0 0 0 0 
1 0 0 0 0 0 0 0 0 1 
0 0 0 1 0 1 0 0 0 0 
0 0 0 0 0 0 0 0 1 1 
0 1 1 1 1 1 1 1 1 1 
;
TIMETABLE BEST: 
0.0 0.0 0.0 0.0 0.0 0.0 0.0 0.0 0.0 0.0 
0 14 0 0 0 0 0 0 0 0 
0 14 17 0 0 0 0 0 0 0 
0 14 17 18 0 0 0 0 0 0 
0 14 17 18 24 0 0 0 0 0 
0 14 17 18 24 24 0 0 0 0 
0 14 17 18 24 24 26 0 0 0 
17 14 17 18 24 24 26 0 0 0 
17 14 17 18 24 24 26 0 0 0 
17 14 17 33 24 24 26 0 0 0 
17 14 17 33 24 24 26 0 18 0 
17 14 17 33 24 24 26 0 18 36 
17 14 17 33 24 24 26 0 18 36 
17 14 17 33 24 24 26 0 18 36 
17 14 17 33 24 24 39 0 18 36 
17 14 17 33 24 24 39 26 18 36 
17 14 17 33 24 24 39 26 18 36 
17 14 17 33 24 24 39 26 18 36 
17 14 17 33 24 24 39 26 18 36 
17 14 17 33 24 24 39 26 18 36 
17 14 17 33 24 24 39 26 18 36 
17 14 17 33 24 24 39 26 18 36 
17 14 17 33 24 24 39 26 18 36 
17 14 17 33 24 24 39 26 18 36 
17 14 17 33 24 24 39 26 18 36 
17 14 17 33 24 24 39 26 18 36 
17 14 17 33 24 24 39 26 18 36 
17 14 17 33 24 24 39 26 18 36 
17 14 17 33 24 24 39 26 18 36 
17 14 17 33 24 24 39 26 18 36 
17 14 17 33 24 24 39 26 18 36 
17 14 17 33 24 24 39 26 18 36 
17 14 17 33 24 24 39 26 18 36 
17 14 17 33 24 24 39 26 18 36 
17 14 17 33 24 24 39 26 18 36 
17 14 17 33 24 24 39 26 18 36 
17 14 17 33 24 24 39 26 18 36 
17 14 17 33 46 24 39 26 18 36 
17 14 17 33 46 24 39 26 18 36 
26 14 17 33 46 24 39 26 18 36 
26 14 17 33 46 24 39 26 18 36 
26 14 17 33 46 24 39 26 18 36 
26 14 17 33 46 24 39 26 18 36 
26 14 17 33 46 24 50 26 18 36 
26 14 17 33 46 24 50 26 18 36 
26 14 17 33 46 24 50 39 18 36 
26 14 17 33 46 24 50 52 18 36 
26 14 17 33 46 24 50 52 18 36 
26 14 17 33 46 24 50 52 54 36 
26 14 17 33 46 24 50 52 54 55 
26 14 17 33 46 24 50 52 54 55 
56 14 17 33 46 24 50 52 54 55 
56 14 17 33 46 24 50 52 54 55 
56 28 17 33 46 43 50 52 54 55 
56 28 17 33 46 43 50 52 54 55 
56 28 26 33 46 43 50 52 54 55 
56 41 26 33 46 43 50 52 54 55 
56 41 26 33 46 43 50 52 54 55 
56 41 26 33 46 43 50 52 54 55 
56 41 26 33 46 43 50 52 54 55 
56 41 26 33 46 43 50 52 54 55 
56 41 26 33 46 43 50 52 54 55 
56 41 26 33 46 43 50 52 54 55 
56 41 26 33 46 43 50 52 54 55 
56 41 26 33 46 43 50 52 54 55 
56 41 26 33 60 43 50 52 54 55 
56 41 26 33 60 43 50 52 54 55 
56 41 38 33 60 43 50 52 54 55 
56 41 38 33 60 43 50 52 54 55 
56 41 38 33 60 43 50 52 54 55 
56 41 38 48 60 43 50 52 54 55 
56 41 38 48 60 43 50 52 54 55 
56 41 38 48 60 43 50 52 54 55 
56 41 38 48 60 43 50 52 54 55 
56 41 38 48 60 43 50 52 54 55 
56 41 38 48 60 43 50 52 54 55 
56 41 38 48 60 43 50 52 54 55 
56 41 38 48 60 43 50 52 54 55 
56 41 38 48 60 43 50 52 54 55 
56 41 38 48 60 43 50 52 54 55 
56 41 50 48 60 43 50 52 54 55 
56 41 50 48 60 43 50 52 54 55 
56 41 50 48 60 43 50 52 54 55 
56 41 50 48 60 43 50 52 54 55 
56 41 50 48 60 43 50 52 54 55 
56 41 50 48 60 43 50 52 54 55 
56 41 50 48 60 43 50 52 54 55 
56 41 50 48 60 43 50 52 54 55 
56 41 50 48 60 43 50 52 54 55 
56 41 50 48 60 43 50 52 54 55 
56 41 50 48 60 43 50 52 54 55 
56 41 50 48 60 43 50 52 54 55 
56 41 50 48 60 43 50 52 54 55 
56 41 50 48 60 43 50 52 54 55 
56 41 50 48 60 43 50 52 54 55 
56 41 50 48 60 43 50 52 54 55 
56 41 50 48 60 43 50 65 54 55 
56 41 50 48 60 43 50 65 66 55 
56 41 50 48 60 43 50 65 66 55 
56 54 50 48 60 43 50 65 66 55 
56 54 50 48 60 43 50 65 66 55 
56 54 50 48 60 43 50 65 66 55 
56 54 50 48 60 43 50 65 66 55 
56 54 50 48 60 43 50 65 66 55 
69 54 50 48 60 43 50 65 66 55 
69 54 50 48 60 43 50 65 66 55 
69 54 50 48 60 43 50 65 66 55 
69 54 50 48 60 43 50 65 66 55 
69 54 50 48 60 43 50 65 66 55 
69 54 50 48 60 43 50 65 66 55 
69 54 50 48 60 43 50 65 66 55 
69 54 50 48 60 43 50 65 66 55 
69 54 50 73 60 43 50 65 66 55 
69 54 50 73 60 43 50 65 66 55 
69 54 50 73 60 43 50 65 66 74 
69 54 50 73 60 43 50 65 66 74 
69 54 50 73 60 43 50 65 66 74 
69 54 50 73 60 43 50 65 66 74 
69 54 50 73 60 43 50 65 66 74 
69 54 50 73 60 43 50 65 78 74 
69 54 62 73 60 43 50 65 78 74 
69 54 62 73 60 43 50 65 78 74 
69 54 62 73 60 43 50 65 78 74 
69 54 62 73 60 43 50 65 78 74 
69 54 62 73 60 43 50 65 78 74 
69 54 62 73 60 43 50 65 78 74 
69 54 62 73 60 43 50 65 78 74 
69 54 62 73 60 43 50 65 78 74 
69 54 62 73 60 68 50 65 78 74 
69 54 62 73 60 68 50 65 78 74 
69 54 62 73 60 68 50 65 78 74 
69 54 62 73 60 68 50 65 78 74 
69 54 62 73 60 68 50 65 78 74 
69 54 73 73 60 68 50 65 78 74 
69 54 73 73 60 68 50 65 78 74 
69 54 73 73 60 68 50 65 78 74 
69 54 73 73 60 68 50 65 78 74 
69 54 73 73 60 68 50 65 78 74 
69 54 73 73 60 68 50 85 78 74 
69 54 73 73 60 68 50 85 78 74 
69 54 73 73 60 68 50 85 78 74 
69 54 73 73 60 68 85 85 78 74 
69 67 73 73 60 68 85 85 78 74 
69 67 73 73 60 68 85 85 78 74 
69 67 73 73 73 68 85 85 78 74 
69 67 73 73 73 68 85 85 78 74 
69 67 73 73 73 68 85 85 78 74 
69 67 73 73 73 68 85 85 78 74 
69 67 73 73 73 68 85 85 78 74 
69 67 73 73 73 68 85 85 78 74 
69 67 73 73 73 68 85 85 78 74 
69 67 73 73 73 68 85 85 78 74 
69 67 73 73 73 68 85 85 78 74 
69 67 73 73 73 68 85 85 78 74 
69 67 73 73 73 68 85 85 78 74 
69 67 73 73 73 68 85 85 78 74 
69 67 73 73 73 68 85 85 78 74 
69 67 73 73 73 68 85 85 78 74 
69 67 73 73 73 68 85 85 78 74 
69 67 73 73 73 68 85 85 78 74 
69 67 73 73 73 68 85 85 78 74 
69 67 82 73 73 68 85 85 78 74 
69 67 82 73 73 68 85 85 78 74 
69 67 82 73 73 68 85 85 78 74 
69 67 82 73 73 68 85 85 78 74 
69 67 82 73 73 68 85 85 78 74 
69 67 82 73 73 68 85 85 78 74 
69 67 82 73 73 84 85 85 78 74 
69 67 82 73 86 84 85 85 78 74 
69 67 82 73 86 84 85 85 78 74 
69 67 82 73 86 84 85 85 78 74 
69 67 82 73 86 84 85 85 78 74 
69 67 82 73 86 84 85 85 90 74 
69 67 82 73 86 84 85 85 90 74 
69 67 82 73 86 84 85 85 90 74 
69 67 82 73 86 84 85 85 90 74 
69 67 82 73 86 84 85 85 90 74 
69 67 82 73 86 84 85 85 90 74 
69 67 82 73 86 84 85 85 90 74 
69 67 82 73 86 84 85 85 90 93 
69 67 82 73 86 84 85 85 90 93 
69 67 96 73 86 84 85 85 90 93 
69 78 96 73 86 84 85 85 90 93 
69 78 96 73 86 84 85 85 90 93 
69 78 96 73 86 84 85 85 90 93 
69 78 96 73 86 84 85 85 90 93 
80 78 96 73 86 84 85 85 90 93 
80 78 96 73 86 84 85 85 90 93 
80 78 96 73 86 84 85 85 90 93 
80 78 96 73 86 84 85 85 90 93 
80 78 96 73 86 84 85 85 90 93 
80 78 96 73 86 84 85 85 90 93 
80 78 96 73 86 84 85 85 90 93 
80 78 96 73 86 84 98 85 90 93 
80 78 96 73 86 84 98 85 90 93 
80 78 96 73 86 84 98 85 90 93 
80 78 96 73 86 84 98 85 102 93 
80 78 96 73 86 84 98 85 102 93 
80 78 96 98 86 84 98 85 102 93 
80 78 96 98 86 84 98 85 102 93 
80 78 96 98 86 84 98 85 102 93 
80 78 96 98 86 84 98 85 102 93 
93 78 96 98 86 84 98 85 102 93 
93 78 96 98 86 84 98 85 102 93 
93 78 96 98 86 84 98 85 102 93 
93 94 96 98 86 84 98 85 102 93 
93 94 96 98 86 84 98 85 102 93 
93 94 96 98 86 84 98 85 102 93 
93 94 96 98 86 84 98 85 102 93 
93 94 96 98 86 84 98 85 102 93 
93 94 96 98 98 84 98 85 102 93 
93 94 96 98 98 84 98 85 102 93 
93 94 96 98 98 84 98 85 102 93 
93 94 96 98 98 84 98 85 102 93 
93 94 96 98 98 84 98 85 102 93 
93 94 96 98 98 84 98 85 102 93 
93 94 96 98 98 84 98 85 102 93 
93 94 96 98 98 106 98 85 102 93 
93 94 96 98 98 106 98 85 102 93 
93 94 96 98 98 106 98 85 102 93 
93 94 96 98 98 106 98 85 102 93 
93 107 96 98 98 106 98 85 102 93 
93 107 107 98 98 106 98 85 102 93 
93 107 107 98 98 106 108 85 102 93 
93 107 107 98 110 106 108 85 102 93 
93 107 107 98 110 106 108 85 102 108 
93 107 107 98 110 106 108 98 102 108 
93 107 107 98 110 106 108 98 102 108 
93 107 107 98 110 106 108 98 102 108 
106 107 107 98 110 106 108 98 102 108 
106 107 107 98 110 106 108 98 102 108 
106 107 107 98 110 106 108 98 102 108 
106 107 107 98 110 106 108 98 102 108 
106 107 107 98 110 106 108 98 102 108 
106 107 107 98 110 106 108 98 102 108 
106 107 107 98 110 106 108 98 102 108 
106 107 107 98 110 106 108 98 102 108 
106 107 107 98 110 106 108 98 102 108 
106 107 107 98 110 106 108 98 102 108 
106 107 107 98 110 106 108 98 102 108 
106 107 107 98 110 106 108 98 102 108 
106 107 107 98 110 106 108 98 102 108 
106 107 107 110 110 106 108 98 102 108 
106 107 107 110 110 106 108 98 102 108 
106 107 107 110 110 106 108 98 102 108 
106 107 107 110 110 106 108 98 102 108 
106 107 107 110 110 106 108 98 102 108 
106 107 107 110 110 106 108 98 102 108 
106 107 107 110 110 106 108 98 102 108 
106 107 107 110 110 106 108 108 102 108 
106 107 107 110 110 106 108 108 102 108 
106 107 107 110 110 106 108 108 102 108 
106 107 107 110 110 106 108 108 102 108 
106 107 107 110 110 106 108 108 102 108 
106 107 107 110 110 106 108 108 102 108 
106 107 107 110 110 106 108 108 102 108 
106 107 107 110 110 106 108 108 102 108 
106 107 107 110 110 106 108 108 102 108 
106 107 107 110 110 106 108 108 102 108 
106 107 107 110 110 106 108 108 102 108 
106 107 107 110 110 106 108 108 102 108 
106 118 107 110 110 106 108 108 102 108 
106 118 118 110 110 106 108 108 102 108 
106 118 118 110 110 106 108 108 102 108 
106 118 118 110 110 118 108 108 102 108 
106 118 118 110 110 118 119 108 102 108 
106 118 118 110 110 118 119 108 102 108 
124 118 118 110 110 118 119 108 102 108 
124 118 118 110 110 118 119 108 102 108 
124 118 118 110 110 118 119 108 102 108 
124 118 118 110 110 118 119 108 102 108 
124 118 118 110 110 118 119 108 102 108 
124 118 118 110 110 118 119 108 102 108 
124 118 118 110 110 118 119 108 102 108 
124 118 118 110 110 118 119 108 102 108 
124 118 118 110 110 118 119 108 102 108 
124 118 118 110 110 118 119 108 102 108 
124 118 118 110 110 118 119 108 102 108 
124 118 118 110 110 118 119 108 120 108 
124 118 118 110 110 118 119 108 120 108 
124 118 118 110 110 118 119 108 120 108 
124 118 118 110 110 118 119 108 120 108 
124 118 118 110 110 118 119 108 120 108 
124 118 118 110 110 118 119 108 120 108 
124 118 118 110 110 118 119 108 120 123 
124 118 118 110 110 118 119 108 120 123 
124 118 118 110 110 118 119 108 120 123 
124 118 118 110 110 118 119 108 120 123 
124 118 118 110 110 118 119 118 120 123 
124 118 118 110 110 118 119 118 120 123 
124 118 118 110 110 118 119 118 120 123 
124 118 118 110 110 118 119 118 120 123 
124 118 118 110 110 118 119 118 120 123 
124 118 118 110 110 118 119 118 120 123 
124 118 118 110 110 118 119 118 120 123 
124 118 118 110 110 118 119 118 120 123 
124 118 118 110 110 118 119 118 120 123 
124 118 118 110 110 118 119 118 120 123 
124 118 118 110 110 118 119 118 120 123 
124 118 118 110 110 118 119 118 120 123 
124 118 118 110 110 130 119 118 120 123 
124 118 118 110 110 130 119 118 120 123 
124 118 132 110 110 130 119 118 120 123 
124 118 132 110 110 130 119 118 120 123 
124 118 132 122 110 130 119 118 120 123 
124 118 132 122 110 130 119 118 120 123 
124 118 132 122 110 130 119 118 120 123 
124 118 132 122 110 130 119 118 120 123 
124 118 132 122 110 130 119 118 120 123 
124 118 132 122 110 130 119 118 120 123 
124 118 132 122 126 130 119 118 120 123 
124 118 132 122 126 130 119 118 120 123 
124 129 132 122 126 130 119 118 120 123 
124 129 132 122 126 130 119 118 120 123 
124 129 132 122 126 130 119 118 120 123 
124 129 132 122 126 130 119 118 120 123 
124 129 132 122 126 130 119 118 120 123 
124 129 132 122 126 130 119 118 120 123 
124 129 132 122 126 130 119 131 120 123 
124 129 132 122 126 130 119 131 120 123 
124 129 132 122 126 130 119 131 120 123 
124 129 132 122 126 130 119 131 120 123 
124 129 132 122 126 130 119 131 120 123 
124 129 132 135 126 130 119 131 120 123 
124 129 132 135 126 130 119 131 120 123 
124 129 132 135 126 130 119 131 120 123 
124 129 132 135 126 130 119 131 120 138 
124 129 132 135 126 130 119 131 120 138 
124 129 132 135 126 130 119 131 120 138 
124 129 132 135 126 130 130 131 120 138 
124 129 132 135 126 130 130 131 120 138 
124 142 132 135 126 130 130 131 120 138 
124 142 132 135 126 130 130 131 120 138 
124 142 132 135 126 130 130 131 120 138 
124 142 132 135 126 130 130 131 120 138 
124 142 132 148 126 130 130 131 120 138 
124 142 132 148 126 130 130 131 120 138 
124 142 149 148 126 130 130 131 120 138 
124 142 149 148 151 130 130 131 120 138 
124 142 149 148 151 130 130 151 120 138 
124 142 149 148 151 130 130 151 120 138 
124 142 149 148 151 130 130 151 131 138 
124 142 149 148 151 130 130 151 131 138 
124 142 149 148 151 130 130 151 131 138 
124 142 149 148 151 130 130 151 131 138 
124 142 149 148 151 130 130 151 131 138 
124 142 149 148 151 130 130 151 131 138 
124 142 149 148 151 130 130 151 131 138 
124 142 149 148 151 130 130 151 131 138 
124 142 149 148 151 130 130 151 131 154 
124 142 149 148 151 130 130 151 131 154 
124 142 149 148 151 154 130 151 131 154 
124 142 149 148 151 154 130 151 131 154 
144 142 149 148 151 154 130 151 131 154 
144 142 149 159 151 154 130 151 131 154 
144 142 149 159 151 154 130 151 131 154 
144 142 149 159 151 154 140 151 131 154 
144 142 149 159 151 154 140 151 131 154 
144 142 149 159 151 154 140 151 131 154 
144 142 149 159 151 154 140 151 142 154 
144 142 149 159 151 154 140 151 142 154 
144 142 149 159 151 154 140 151 142 154 
144 142 149 159 151 154 140 151 142 154 
144 142 149 159 151 154 140 151 142 154 
144 142 149 159 151 154 140 151 142 154 
162 142 149 159 151 154 140 151 142 154 
162 142 160 159 151 154 140 151 142 154 
162 142 160 159 151 154 140 151 160 154 
162 142 160 159 151 154 140 151 160 154 
162 142 160 159 151 154 140 151 160 154 
162 142 160 159 151 154 153 151 160 154 
162 154 160 159 151 154 153 151 160 154 
162 154 160 159 151 154 153 151 160 154 
162 154 160 159 151 154 153 151 160 154 
162 154 160 159 151 154 153 151 160 154 
162 154 160 170 151 154 153 151 160 154 
162 154 160 170 151 154 153 151 160 170 
162 154 160 170 151 172 153 151 160 170 
162 154 160 170 151 172 153 151 176 170 
162.0 204.0 184.0 230.0 222.0 190.0 236.0 214.0 234.0 216.0 
;
EXECUTION TIME HBSS: 15911.89729 seconds 

-------------------------------------------------------------------
