DATFILE : bwopen0_9r_1000.dat
ENVIRONMENT : bwopen
ALGORITHM : HBSS - TAU 7
RANGE : 1000
STARTING_POS : 0
N_ROBOTS : 9
GREEDY SOLUTION : 634.0
COMPUTATIONS T :
634.0
630.0
641.0
634.0
608.0
582.0
634.0
634.0
634.0
658.0
634.0
634.0
617.0
644.0
634.0
634.0
634.0
634.0
634.0
634.0
634.0
634.0
633.0
634.0
607.0
610.0
641.0
634.0
643.0
634.0
597.0
634.0
619.0
634.0
634.0
590.0
634.0
624.0
599.0
619.0
605.0
637.0
634.0
634.0
610.0
660.0
634.0
634.0
630.0
634.0
634.0
614.0
602.0
642.0
634.0
638.0
625.0
660.0
633.0
642.0
634.0
634.0
629.0
634.0
634.0
633.0
634.0
626.0
634.0
634.0
623.0
634.0
638.0
634.0
634.0
634.0
659.0
630.0
657.0
644.0
634.0
605.0
634.0
635.0
634.0
649.0
617.0
634.0
634.0
610.0
668.0
634.0
634.0
634.0
628.0
634.0
635.0
602.0
629.0
624.0
634.0
653.0
639.0
639.0
601.0
634.0
634.0
634.0
630.0
634.0
634.0
587.0
642.0
643.0
605.0
634.0
608.0
602.0
668.0
635.0
634.0
634.0
627.0
634.0
622.0
634.0
634.0
634.0
634.0
634.0
634.0
633.0
657.0
628.0
638.0
634.0
625.0
606.0
634.0
613.0
634.0
634.0
572.0
634.0
634.0
634.0
634.0
634.0
572.0
634.0
634.0
634.0
634.0
612.0
634.0
634.0
595.0
634.0
627.0
634.0
634.0
621.0
633.0
634.0
638.0
639.0
634.0
626.0
634.0
634.0
634.0
643.0
634.0
653.0
595.0
634.0
578.0
634.0
682.0
591.0
634.0
637.0
634.0
619.0
613.0
633.0
610.0
585.0
634.0
625.0
615.0
610.0
634.0
596.0
659.0
634.0
634.0
596.0
611.0
712.0
;
HBBS bestT : 572.0
BEST_CONFIGURATIONS : 
0 0 0 0 0 0 0 0 0 
0 4 0 0 0 0 0 0 0 
0 4 26 0 0 0 0 0 0 
0 4 26 0 0 0 0 0 0 
0 4 26 1 0 0 0 0 0 
0 4 26 1 0 0 0 0 0 
0 4 26 1 0 0 0 0 0 
0 4 26 1 5 0 0 0 0 
0 4 26 1 5 22 0 0 0 
0 4 26 1 5 22 0 0 0 
0 4 26 1 5 22 0 0 0 
0 4 26 1 5 22 0 0 0 
0 4 26 1 5 22 0 0 0 
0 4 26 1 5 22 0 0 0 
0 4 26 1 5 22 0 0 0 
0 4 26 1 5 22 0 0 0 
0 4 26 1 5 22 8 0 0 
0 4 26 1 5 22 8 0 0 
0 4 26 1 5 22 8 0 0 
0 4 26 1 5 22 8 0 0 
0 4 26 1 5 22 8 0 0 
0 4 26 1 5 22 8 0 0 
0 4 26 1 5 22 8 27 0 
0 4 26 1 5 22 8 27 0 
0 4 26 1 5 22 8 27 0 
0 4 26 1 5 22 8 27 0 
0 4 26 1 5 22 8 27 0 
0 4 26 1 5 22 8 27 0 
0 4 26 1 5 22 8 27 0 
0 4 26 1 5 22 8 27 2 
0 4 26 1 5 22 8 27 2 
0 4 26 1 5 22 8 27 2 
0 4 26 1 5 22 8 27 2 
0 4 26 1 5 22 8 27 2 
0 4 26 1 5 22 8 27 2 
0 4 26 1 5 22 8 27 2 
0 4 26 1 5 22 8 27 2 
0 4 26 1 5 22 13 27 2 
0 4 26 1 5 22 13 27 2 
0 4 5 1 5 22 13 27 2 
0 4 5 1 5 22 13 27 2 
0 4 5 1 22 22 13 27 2 
0 4 5 1 22 8 13 27 2 
0 4 5 1 22 8 13 27 2 
0 4 5 1 22 8 13 27 2 
0 4 5 1 22 8 17 27 2 
0 4 5 1 22 8 17 27 2 
0 4 5 1 22 8 17 27 2 
0 4 5 1 22 8 17 27 2 
0 4 5 1 22 8 17 27 2 
0 4 5 1 22 8 17 27 2 
0 4 5 1 22 8 17 27 2 
0 4 5 1 22 8 17 27 2 
0 4 26 1 22 8 17 27 2 
0 26 26 1 22 13 17 27 2 
0 26 26 1 22 13 17 27 2 
0 26 26 1 22 13 17 9 2 
0 26 26 1 22 13 17 9 2 
0 26 26 1 22 13 17 9 2 
0 26 26 1 4 13 17 9 2 
0 26 26 1 4 13 17 9 2 
0 26 26 1 4 13 17 9 2 
0 26 26 1 4 13 17 9 2 
0 26 5 1 4 13 17 9 2 
0 22 5 1 4 13 17 9 2 
0 22 5 1 4 13 25 9 2 
0 22 5 1 4 13 25 9 2 
0 22 5 1 4 13 25 9 2 
0 22 5 1 4 13 25 9 2 
0 22 5 1 4 13 25 9 2 
0 22 5 1 4 13 25 9 2 
0 22 5 1 4 13 25 9 2 
0 22 5 1 4 13 25 9 2 
0 22 26 1 4 13 25 9 2 
0 22 26 1 4 17 25 9 2 
0 8 26 1 4 17 25 9 2 
0 8 26 1 4 17 25 9 2 
0 8 26 27 4 17 25 9 2 
0 8 26 27 4 17 25 9 2 
0 8 26 27 4 17 25 9 6 
0 8 26 27 4 17 25 9 6 
0 8 5 27 4 17 25 9 6 
0 8 5 27 4 17 25 9 6 
0 8 5 27 4 17 25 9 6 
0 8 5 27 4 17 25 9 6 
0 8 5 27 4 17 25 9 6 
0 8 5 27 4 17 25 9 6 
0 8 26 27 4 17 25 9 6 
0 8 26 27 4 13 25 9 6 
0 22 26 27 4 13 25 9 6 
0 22 26 27 4 13 18 9 6 
0 22 26 27 4 13 18 9 6 
0 22 26 27 4 13 18 9 6 
0 22 26 27 4 13 18 9 6 
0 22 26 27 4 13 18 9 6 
0 22 26 27 4 13 18 9 6 
0 22 26 27 4 13 18 9 6 
0 22 26 27 4 13 18 9 6 
0 22 5 27 4 13 18 9 6 
0 22 5 27 4 17 18 9 6 
0 22 5 27 4 17 18 9 21 
0 8 5 27 4 17 18 9 21 
0 8 5 27 4 17 18 9 21 
0 8 5 27 4 17 18 9 21 
0 8 5 27 4 17 18 9 21 
0 8 5 27 4 17 18 9 21 
0 8 5 27 4 17 18 9 21 
0 8 5 27 4 17 18 9 21 
0 8 5 27 4 17 18 9 21 
0 8 26 27 4 17 18 9 21 
0 8 26 27 4 17 14 9 21 
0 8 26 27 4 17 14 9 21 
0 8 26 27 4 17 14 9 21 
0 8 26 27 4 17 14 9 21 
0 8 26 27 4 17 14 9 21 
0 8 26 27 4 13 14 9 21 
0 8 26 27 4 13 14 9 21 
0 8 26 27 4 13 14 9 21 
0 8 26 27 4 13 14 9 21 
0 8 5 27 4 13 14 9 21 
0 8 5 27 4 17 14 9 21 
0 8 5 27 4 17 14 9 3 
0 22 5 27 4 17 14 9 3 
0 22 5 27 4 17 14 9 3 
0 22 5 27 4 17 14 9 3 
0 22 5 27 4 17 14 9 3 
0 22 5 27 4 17 14 9 3 
0 22 5 27 4 17 14 9 3 
0 22 5 27 4 17 14 9 3 
0 22 5 27 4 17 14 9 3 
0 22 26 27 4 17 14 9 3 
0 22 26 27 4 13 14 9 3 
0 22 26 27 4 13 18 9 3 
0 8 26 27 4 13 18 9 3 
0 8 26 27 4 13 18 10 3 
0 8 26 27 4 13 18 10 3 
0 8 26 27 4 13 18 10 3 
0 8 26 27 4 13 18 10 3 
0 8 26 27 4 13 18 10 3 
0 8 26 27 4 13 18 10 3 
0 8 26 27 4 13 18 10 3 
0 8 26 27 4 13 18 10 3 
0 8 5 27 4 13 18 10 3 
0 8 5 27 4 17 18 10 3 
0 8 5 27 4 17 14 10 3 
0 22 5 27 4 17 14 10 3 
0 22 5 27 4 17 14 10 21 
0 22 5 27 4 17 14 10 21 
0 22 5 1 4 17 14 10 21 
0 22 5 1 4 17 14 10 21 
0 22 5 1 4 17 14 10 21 
0 22 5 1 4 25 14 10 21 
0 22 5 1 4 25 14 10 21 
0 22 5 1 4 25 14 10 21 
0 22 9 1 4 25 14 10 21 
1 22 9 1 4 25 18 10 21 
1 22 9 1 4 25 18 10 21 
1 22 9 1 4 25 18 10 3 
1 22 9 2 4 25 18 10 3 
1 22 9 2 4 25 18 10 3 
1 22 9 2 4 25 18 10 3 
1 22 9 2 4 25 18 10 3 
1 14 9 2 4 25 18 10 3 
1 14 9 2 4 25 18 10 3 
1 14 24 2 4 25 18 10 3 
1 14 24 2 4 25 18 10 3 
1 14 24 2 4 25 18 15 3 
1 14 24 2 4 25 18 15 3 
1 14 24 2 4 25 18 15 3 
1 14 24 2 0 25 18 15 3 
1 14 24 2 0 25 18 15 3 
1 14 24 2 0 25 18 15 3 
1 14 24 2 0 25 18 15 3 
1 14 24 2 0 25 18 15 3 
1 14 24 2 0 25 18 15 3 
1 14 24 2 0 25 18 15 3 
1 14 24 2 0 25 18 15 3 
1 14 24 2 0 25 18 15 3 
1 14 24 2 0 25 18 15 3 
1 14 24 2 0 25 18 10 3 
1 14 24 2 0 17 18 10 3 
1 14 24 2 0 17 18 10 21 
1 14 24 2 0 17 18 10 21 
1 15 24 2 0 17 18 10 21 
1 15 24 2 0 17 18 10 21 
1 15 24 2 0 17 18 10 21 
1 15 24 2 4 17 18 10 21 
1 15 24 2 4 17 18 10 21 
27 15 24 2 4 17 18 10 21 
27 15 24 2 4 17 18 10 21 
27 15 24 2 4 17 19 10 21 
27 15 24 2 4 17 19 10 21 
27 15 24 2 4 17 19 10 21 
27 15 24 2 4 17 19 10 21 
27 15 24 2 4 17 19 10 21 
27 15 24 2 4 17 19 10 21 
27 15 24 2 4 17 19 10 21 
27 15 24 2 4 17 19 10 21 
27 15 24 2 26 17 19 10 21 
27 15 24 2 26 13 19 10 21 
27 15 24 2 26 13 19 10 21 
27 15 24 2 26 13 19 10 21 
27 15 24 2 26 13 19 10 21 
27 15 24 2 26 13 19 10 21 
27 15 24 2 26 13 19 10 7 
27 15 24 2 26 13 19 10 7 
27 15 24 2 26 13 19 10 7 
27 15 24 2 26 13 19 10 7 
27 15 24 2 26 13 19 10 7 
27 15 24 2 26 13 19 10 7 
27 15 24 2 26 13 19 10 7 
27 15 24 2 26 13 19 10 7 
27 15 24 2 5 13 19 10 7 
27 15 24 2 5 13 19 10 7 
27 15 24 2 5 13 19 10 7 
27 15 24 2 5 13 19 10 7 
27 15 24 2 5 17 19 10 7 
27 15 24 2 5 17 19 9 7 
27 15 24 2 5 17 19 9 7 
27 15 24 2 5 17 19 9 7 
27 15 24 2 5 17 19 9 7 
1 15 24 2 5 17 19 9 7 
1 15 24 2 5 17 19 9 7 
1 15 24 6 5 17 19 9 7 
1 15 24 6 5 17 19 9 7 
1 15 24 6 5 17 19 9 7 
1 15 24 6 5 17 19 9 7 
1 15 24 6 5 17 19 9 7 
1 15 24 6 22 17 19 9 7 
1 15 24 6 22 17 19 9 7 
1 15 24 6 22 17 19 9 7 
1 15 24 6 22 17 19 9 7 
1 15 24 6 22 25 19 9 7 
1 15 24 6 22 25 19 9 7 
1 15 24 6 22 25 19 10 7 
1 15 24 6 8 25 19 10 7 
1 15 24 6 8 25 19 10 7 
1 15 24 6 8 25 19 10 7 
1 15 24 6 8 25 19 10 7 
0 15 24 6 8 25 19 10 7 
0 15 24 6 8 25 19 10 7 
0 15 24 6 8 18 19 10 7 
0 15 24 6 8 18 19 10 7 
0 15 24 21 8 18 19 10 7 
0 14 6 21 8 18 19 10 7 
0 14 6 21 8 18 19 10 7 
0 14 6 21 8 18 19 10 7 
0 14 6 21 8 18 19 10 7 
0 14 6 21 4 18 19 10 7 
0 14 6 21 4 18 19 11 7 
0 14 6 21 4 18 19 11 7 
0 14 6 21 4 18 19 11 7 
0 14 6 21 4 18 19 11 7 
0 14 6 21 4 18 19 11 7 
0 14 6 21 4 18 19 11 7 
0 14 6 21 4 18 19 11 7 
0 14 6 21 4 18 19 11 7 
0 14 6 21 26 18 19 11 7 
0 14 6 3 26 18 19 11 7 
0 14 6 3 26 18 19 11 7 
0 14 6 3 26 18 19 11 7 
0 14 6 3 26 18 19 11 7 
0 15 6 3 26 18 19 11 7 
0 15 6 3 26 25 19 11 7 
1 15 6 3 26 25 19 11 7 
1 15 6 3 5 25 19 11 7 
1 10 6 3 5 25 19 11 7 
1 10 21 3 5 25 19 11 7 
1 10 21 3 5 25 20 11 7 
1 10 21 3 5 25 20 11 7 
1 10 21 3 5 25 20 11 7 
1 10 21 3 5 25 20 11 7 
1 10 21 3 5 25 20 11 7 
1 10 21 3 5 17 20 11 7 
1 10 21 3 5 17 20 11 7 
1 10 21 3 5 17 20 11 7 
1 10 21 3 5 17 20 11 7 
1 10 21 3 26 17 20 11 7 
1 15 21 3 26 17 20 11 7 
1 15 21 3 26 13 20 11 7 
1 15 21 3 26 13 20 11 7 
1 15 6 3 26 13 20 11 7 
27 15 6 3 26 13 20 11 7 
27 15 6 3 26 13 20 11 7 
27 15 6 3 26 13 20 11 12 
27 15 6 3 26 13 20 11 12 
27 15 6 3 26 13 20 11 12 
27 15 6 3 26 13 20 11 12 
27 15 6 3 5 13 20 11 12 
27 15 6 3 5 13 20 11 12 
27 15 6 3 5 13 20 11 12 
27 15 6 3 5 13 20 11 12 
27 15 6 3 26 13 20 11 12 
27 15 6 3 26 13 23 11 12 
27 15 6 3 26 13 23 11 12 
27 15 6 3 26 13 23 11 12 
27 15 6 3 26 13 23 11 12 
27 15 6 3 26 13 23 11 12 
27 15 6 3 26 13 23 11 12 
27 15 6 3 26 13 23 11 12 
27 15 6 3 26 13 23 11 12 
27 15 6 3 5 13 23 11 12 
27 15 6 3 5 13 23 11 16 
27 10 6 3 5 13 23 11 16 
27 10 6 3 5 13 23 11 16 
27 10 6 3 5 13 23 11 16 
27 10 6 3 5 13 23 11 16 
27 10 6 3 5 13 23 11 16 
27 10 6 3 5 17 23 11 16 
27 10 6 3 5 17 23 11 16 
27 10 6 3 5 17 23 11 16 
27 10 6 3 5 17 23 11 16 
27 10 6 3 26 17 23 11 16 
27 10 6 3 26 17 20 11 16 
27 15 6 3 26 17 20 11 16 
27 15 6 3 26 13 20 11 16 
27 15 21 3 26 13 20 11 16 
9 15 21 3 26 13 20 11 16 
9 15 21 3 26 13 20 11 16 
9 15 21 3 26 13 20 11 16 
9 15 21 7 26 13 20 11 16 
9 15 21 7 4 13 20 11 16 
9 15 21 7 4 13 20 11 16 
9 14 21 7 4 13 20 11 16 
9 14 21 7 4 13 20 11 16 
9 14 21 7 4 8 20 11 16 
9 14 21 7 4 8 20 11 16 
9 14 21 7 4 8 20 11 16 
24 14 21 7 4 8 20 11 16 
24 14 21 7 4 8 20 11 16 
24 14 21 7 4 8 20 11 16 
24 14 11 7 22 8 20 11 16 
24 14 11 7 22 8 20 11 16 
24 14 11 7 22 8 20 11 16 
24 14 11 12 22 8 20 11 16 
24 14 11 12 22 8 20 11 16 
24 14 11 12 22 8 20 11 16 
24 14 11 12 22 8 20 11 16 
24 14 11 12 22 8 20 11 16 
24 14 11 12 22 8 23 11 16 
24 14 11 12 22 8 23 11 16 
24 14 11 12 22 8 23 11 16 
24 14 11 12 22 8 23 11 16 
24 14 11 12 22 8 23 21 16 
24 14 11 12 22 8 23 21 16 
24 18 11 12 22 8 23 21 16 
24 18 11 12 22 8 23 21 16 
24 18 11 12 22 8 23 21 16 
24 18 10 12 22 8 23 21 16 
24 18 10 12 4 8 23 21 16 
24 18 10 12 4 8 23 21 16 
9 18 10 12 4 8 23 21 16 
9 18 10 12 4 8 23 21 16 
9 18 10 12 4 8 23 7 16 
9 18 10 12 4 8 23 7 16 
9 25 10 12 4 8 23 7 16 
9 25 10 12 4 8 23 7 16 
9 25 10 12 4 8 23 7 16 
9 25 10 12 4 17 23 7 16 
9 25 10 12 0 17 23 7 16 
9 25 10 12 0 17 23 7 16 
9 25 10 12 0 17 23 7 16 
9 25 10 12 0 17 20 7 16 
9 25 10 12 0 17 20 7 16 
9 25 10 12 0 17 20 7 23 
9 25 18 12 0 17 20 7 23 
1 25 18 12 0 17 20 7 23 
1 25 18 12 0 17 20 7 23 
1 25 18 12 0 17 20 16 23 
1 25 18 12 0 17 19 16 23 
1 25 18 12 0 17 19 16 23 
1 25 18 12 0 17 19 16 20 
1 25 19 12 0 17 19 16 23 
2 25 19 12 0 17 19 16 23 
2 25 19 12 0 17 20 16 23 
2 25 19 12 0 17 20 16 23 
2 25 19 12 0 17 20 16 23 
6 25 19 12 2 17 20 16 23 
6 11 19 12 2 17 20 16 23 
0 0 0 0 0 0 0 0 0 
;
ROBOT MOVING BEST:
0 0 0 0 0 0 0 0 0 
1 1 0 0 0 0 0 0 0 
1 0 1 0 0 0 0 0 0 
0 1 1 0 0 0 0 0 0 
1 0 0 1 0 0 0 0 0 
0 1 0 1 0 0 0 0 0 
0 0 1 1 0 0 0 0 0 
1 0 0 0 1 0 0 0 0 
1 0 0 0 0 1 0 0 0 
0 1 0 0 1 0 0 0 0 
0 1 0 0 0 1 0 0 0 
0 0 1 0 1 0 0 0 0 
0 0 1 0 0 1 0 0 0 
0 0 0 1 1 0 0 0 0 
0 0 0 1 0 1 0 0 0 
0 0 0 0 1 1 0 0 0 
1 0 0 0 0 0 1 0 0 
0 1 0 0 0 0 1 0 0 
0 0 1 0 0 0 1 0 0 
0 0 0 1 0 0 1 0 0 
0 0 0 0 1 0 1 0 0 
0 0 0 0 0 1 1 0 0 
1 0 0 0 0 0 0 1 0 
0 1 0 0 0 0 0 1 0 
0 0 1 0 0 0 0 1 0 
0 0 0 1 0 0 0 1 0 
0 0 0 0 1 0 0 1 0 
0 0 0 0 0 1 0 1 0 
0 0 0 0 0 0 1 1 0 
1 0 0 0 0 0 0 0 1 
0 1 0 0 0 0 0 0 1 
0 0 1 0 0 0 0 0 1 
0 0 0 1 0 0 0 0 1 
0 0 0 0 1 0 0 0 1 
0 0 0 0 0 1 0 0 1 
0 0 0 0 0 0 1 0 1 
0 0 0 0 0 0 0 1 1 
1 0 0 0 0 0 1 0 0 
0 1 0 0 0 0 1 0 0 
0 0 1 0 0 0 1 0 0 
0 0 0 1 0 0 1 0 0 
0 0 0 0 1 0 1 0 0 
0 0 0 0 0 1 1 0 0 
0 0 0 0 0 0 1 1 0 
0 0 0 0 0 0 1 0 1 
1 0 0 0 0 0 1 0 0 
0 1 0 0 0 0 1 0 0 
0 0 1 0 0 0 1 0 0 
0 0 0 1 0 0 1 0 0 
0 0 0 0 1 0 1 0 0 
0 0 0 0 0 1 1 0 0 
0 0 0 0 0 0 1 1 0 
0 0 0 0 0 0 1 0 1 
0 0 1 0 0 0 1 0 0 
0 1 0 0 0 1 0 0 0 
0 0 0 0 0 1 1 0 0 
1 0 0 0 0 0 0 1 0 
0 1 0 0 0 0 0 1 0 
0 0 0 1 0 0 0 1 0 
0 0 0 0 1 0 0 1 0 
0 0 0 0 0 1 0 1 0 
0 0 0 0 0 0 1 1 0 
0 0 0 0 0 0 0 1 1 
0 0 1 0 0 0 0 1 0 
0 1 0 0 0 0 0 1 0 
1 0 0 0 0 0 1 0 0 
0 1 0 0 0 0 1 0 0 
0 0 1 0 0 0 1 0 0 
0 0 0 1 0 0 1 0 0 
0 0 0 0 1 0 1 0 0 
0 0 0 0 0 1 1 0 0 
0 0 0 0 0 0 1 1 0 
0 0 0 0 0 0 1 0 1 
0 0 1 0 0 0 1 0 0 
0 0 0 0 0 1 1 0 0 
0 1 0 0 0 0 1 0 0 
0 1 0 0 0 0 0 1 0 
0 0 0 1 0 0 1 0 0 
0 0 0 1 0 0 0 1 0 
1 0 0 0 0 0 0 0 1 
0 1 0 0 0 0 0 0 1 
0 0 1 0 0 0 0 0 1 
0 0 0 1 0 0 0 0 1 
0 0 0 0 1 0 0 0 1 
0 0 0 0 0 1 0 0 1 
0 0 0 0 0 0 1 0 1 
0 0 0 0 0 0 0 1 1 
0 0 1 0 0 0 0 0 1 
0 0 0 0 0 1 0 0 1 
0 1 0 0 0 0 0 0 1 
1 0 0 0 0 0 1 0 0 
0 1 0 0 0 0 1 0 0 
0 0 1 0 0 0 1 0 0 
0 0 0 1 0 0 1 0 0 
0 0 0 0 1 0 1 0 0 
0 0 0 0 0 1 1 0 0 
0 0 0 0 0 0 1 1 0 
0 0 0 0 0 0 1 0 1 
0 0 1 0 0 0 1 0 0 
0 0 0 0 0 1 1 0 0 
1 0 0 0 0 0 0 0 1 
0 1 0 0 0 0 1 0 0 
0 1 0 0 0 0 0 0 1 
0 0 1 0 0 0 0 0 1 
0 0 0 1 0 0 0 0 1 
0 0 0 0 1 0 0 0 1 
0 0 0 0 0 1 0 0 1 
0 0 0 0 0 0 1 0 1 
0 0 0 0 0 0 0 1 1 
0 0 1 0 0 0 0 0 1 
1 0 0 0 0 0 1 0 0 
0 1 0 0 0 0 1 0 0 
0 0 1 0 0 0 1 0 0 
0 0 0 1 0 0 1 0 0 
0 0 0 0 1 0 1 0 0 
0 0 0 0 0 1 1 0 0 
0 0 0 0 0 1 0 0 1 
0 0 0 0 0 0 1 1 0 
0 0 0 0 0 0 1 0 1 
0 0 1 0 0 0 1 0 0 
0 0 0 0 0 1 1 0 0 
1 0 0 0 0 0 0 0 1 
0 1 0 0 0 0 1 0 0 
0 1 0 0 0 0 0 0 1 
0 0 1 0 0 0 0 0 1 
0 0 0 1 0 0 0 0 1 
0 0 0 0 1 0 0 0 1 
0 0 0 0 0 1 0 0 1 
0 0 0 0 0 0 1 0 1 
0 0 0 0 0 0 0 1 1 
0 0 1 0 0 0 0 0 1 
0 0 0 0 0 1 0 0 1 
0 0 0 0 0 0 1 0 1 
0 1 0 0 0 0 0 0 1 
1 0 0 0 0 0 0 1 0 
0 1 0 0 0 0 0 1 0 
0 0 1 0 0 0 0 1 0 
0 0 0 1 0 0 0 1 0 
0 0 0 0 1 0 0 1 0 
0 0 0 0 0 1 0 1 0 
0 0 0 0 0 0 1 1 0 
0 0 0 0 0 0 0 1 1 
0 0 1 0 0 0 0 1 0 
0 0 0 0 0 1 0 1 0 
0 0 0 0 0 0 1 1 0 
0 1 0 0 0 0 0 1 0 
0 1 0 0 0 0 0 0 1 
0 0 0 0 0 0 0 1 1 
0 0 0 1 0 0 1 0 0 
0 0 0 1 0 0 0 1 0 
0 0 0 1 0 0 0 0 1 
0 0 0 0 0 1 1 0 0 
0 0 0 0 0 1 0 1 0 
0 0 0 0 0 1 0 0 1 
0 0 1 0 0 0 0 1 0 
1 0 0 0 0 0 1 0 0 
0 0 0 0 0 1 1 0 0 
1 0 0 0 0 0 0 0 1 
0 0 0 1 0 0 1 0 0 
0 0 0 1 0 0 0 1 0 
0 0 0 1 0 0 0 0 1 
0 0 0 0 0 1 0 0 1 
0 1 0 1 0 0 0 0 0 
0 1 0 0 0 0 1 0 0 
1 0 1 0 0 0 0 0 0 
0 1 1 0 0 0 0 0 0 
1 0 0 0 0 0 0 1 0 
0 1 0 0 0 0 0 1 0 
0 0 1 1 0 0 0 0 0 
0 0 1 0 1 0 0 0 0 
0 0 1 0 0 1 0 0 0 
0 0 1 0 0 0 1 0 0 
0 0 1 0 0 0 0 1 0 
0 0 1 0 0 0 0 0 1 
0 0 0 1 0 0 0 1 0 
0 0 0 0 0 0 1 1 0 
0 0 0 0 1 0 0 1 0 
0 0 0 0 0 1 0 1 0 
0 0 0 0 0 0 0 1 1 
0 0 1 0 0 0 0 1 0 
0 0 1 0 0 1 0 0 0 
0 0 1 0 0 0 0 0 1 
0 0 0 1 0 0 0 0 1 
0 1 0 0 0 1 0 0 0 
0 1 0 0 0 0 0 1 0 
0 1 0 0 0 0 0 0 1 
0 1 0 0 1 0 0 0 0 
0 0 1 0 1 0 0 0 0 
1 1 0 0 0 0 0 0 0 
1 0 1 0 0 0 0 0 0 
1 0 0 0 0 0 1 0 0 
0 1 0 0 0 0 1 0 0 
0 0 1 0 0 0 1 0 0 
0 0 0 1 0 0 1 0 0 
0 0 0 0 1 0 1 0 0 
0 0 0 0 0 1 1 0 0 
0 0 0 0 0 0 1 1 0 
0 0 0 0 0 0 1 0 1 
0 1 0 0 1 0 0 0 0 
0 1 0 0 0 1 0 0 0 
0 0 1 0 1 0 0 0 0 
0 0 1 0 0 1 0 0 0 
0 0 0 0 1 0 1 0 0 
0 0 0 0 0 1 1 0 0 
1 0 0 0 0 0 0 0 1 
0 1 0 0 0 0 0 0 1 
0 0 1 0 0 0 0 0 1 
0 0 0 1 0 0 0 0 1 
0 0 0 0 1 0 0 0 1 
0 0 0 0 0 1 0 0 1 
0 0 0 0 0 0 1 0 1 
0 0 0 0 0 0 0 1 1 
0 1 0 0 1 0 0 0 0 
0 0 1 0 1 0 0 0 0 
0 0 0 0 1 0 1 0 0 
0 0 0 0 1 0 0 0 1 
0 0 0 0 0 1 0 0 1 
0 1 0 0 0 0 0 1 0 
0 0 1 0 0 0 0 1 0 
0 0 0 0 0 0 1 1 0 
0 0 0 0 0 0 0 1 1 
1 0 0 0 0 0 1 0 0 
1 0 0 0 0 0 0 0 1 
1 0 0 1 0 0 0 0 0 
0 1 0 1 0 0 0 0 0 
0 0 1 1 0 0 0 0 0 
0 0 0 1 0 0 1 0 0 
0 0 0 1 0 0 0 0 1 
0 1 0 0 1 0 0 0 0 
0 0 1 0 1 0 0 0 0 
0 0 0 0 1 0 1 0 0 
0 0 0 0 1 0 0 0 1 
0 0 0 0 0 1 1 0 0 
0 0 0 0 0 1 0 0 1 
0 0 0 1 0 0 0 1 0 
0 1 0 0 1 0 0 0 0 
0 0 1 0 1 0 0 0 0 
0 0 0 0 1 0 1 0 0 
0 0 0 0 1 0 0 0 1 
1 0 0 0 0 0 1 0 0 
1 0 0 0 0 0 0 0 1 
0 0 0 0 0 1 1 0 0 
0 0 0 0 0 1 0 0 1 
0 0 0 1 0 0 0 0 1 
0 1 1 0 0 0 0 0 0 
0 1 0 0 0 0 1 0 0 
0 1 0 0 0 0 0 0 1 
0 0 1 1 0 0 0 0 0 
0 0 0 0 1 0 0 0 1 
1 0 0 0 0 0 0 1 0 
0 1 0 0 0 0 0 1 0 
0 0 1 0 0 0 0 1 0 
0 0 0 1 0 0 0 1 0 
0 0 0 0 1 0 0 1 0 
0 0 0 0 0 1 0 1 0 
0 0 0 0 0 0 1 1 0 
0 0 0 0 0 0 0 1 1 
0 0 0 0 1 0 0 1 0 
0 0 1 1 0 0 0 0 0 
0 0 0 1 0 0 1 0 0 
0 0 0 1 0 0 0 1 0 
0 0 0 1 0 0 0 0 1 
0 1 0 0 0 0 0 1 0 
0 0 0 0 0 1 0 1 0 
1 0 0 0 0 0 0 1 0 
0 0 0 0 1 0 0 1 0 
0 1 0 0 0 0 0 1 0 
0 0 1 1 0 0 0 0 0 
1 0 0 0 0 0 1 0 0 
0 0 1 0 0 0 1 0 0 
0 1 0 0 0 0 1 0 0 
0 0 0 1 0 0 1 0 0 
0 0 0 0 1 0 1 0 0 
0 0 0 0 0 1 1 0 0 
0 0 0 0 0 1 0 1 0 
0 0 0 0 0 0 1 1 0 
0 0 0 0 0 0 1 0 1 
0 0 0 0 1 0 1 0 0 
0 1 0 0 0 0 1 0 0 
0 0 0 0 0 1 1 0 0 
0 0 0 0 0 1 0 1 0 
0 0 1 0 0 0 1 0 0 
1 0 0 0 0 0 1 0 0 
1 0 0 0 0 0 0 1 0 
1 0 0 0 0 0 0 0 1 
0 1 0 0 0 0 0 0 1 
0 0 1 0 0 0 0 0 1 
0 0 0 1 0 0 0 0 1 
0 0 0 0 1 0 0 0 1 
0 0 0 0 0 1 0 0 1 
0 0 0 0 0 0 1 0 1 
0 0 0 0 0 0 0 1 1 
0 0 0 0 1 0 0 0 1 
1 0 0 0 0 0 1 0 0 
0 1 0 0 0 0 1 0 0 
0 0 1 0 0 0 1 0 0 
0 0 0 1 0 0 1 0 0 
0 0 0 0 1 0 1 0 0 
0 0 0 0 0 1 1 0 0 
0 0 0 0 0 0 1 1 0 
0 0 0 0 0 0 1 0 1 
0 0 0 0 1 0 1 0 0 
1 0 0 0 0 0 0 0 1 
0 1 0 0 0 0 1 0 0 
0 1 0 0 0 0 0 0 1 
0 0 1 0 0 0 0 0 1 
0 0 0 1 0 0 0 0 1 
0 0 0 0 1 0 0 0 1 
0 0 0 0 0 1 1 0 0 
0 0 0 0 0 1 0 0 1 
0 0 0 0 0 0 1 0 1 
0 0 0 0 0 0 0 1 1 
0 0 0 0 1 0 0 0 1 
0 0 0 0 0 0 1 0 1 
0 1 0 0 0 0 0 0 1 
0 0 0 0 0 1 0 0 1 
0 0 1 0 0 0 0 0 1 
1 0 0 0 0 0 1 0 0 
1 0 0 0 0 0 0 1 0 
1 0 0 0 0 0 0 0 1 
0 0 0 1 0 0 0 0 1 
0 0 0 0 1 0 1 0 0 
0 0 0 0 1 0 0 0 1 
0 1 0 0 0 0 1 0 0 
0 1 0 0 0 0 0 0 1 
0 0 0 0 0 1 1 0 0 
0 0 0 0 0 1 0 1 0 
0 0 0 0 0 1 0 0 1 
1 0 0 0 0 0 1 0 0 
1 0 0 0 0 0 0 1 0 
1 0 0 0 0 0 0 0 1 
0 0 1 0 1 0 0 0 0 
0 0 0 0 1 0 1 0 0 
0 0 0 0 1 0 0 0 1 
1 0 0 1 0 0 0 0 0 
0 1 0 1 0 0 0 0 0 
0 0 0 1 1 0 0 0 0 
0 0 0 1 0 1 0 0 0 
0 0 0 1 0 0 0 0 1 
1 0 0 0 0 0 1 0 0 
0 1 0 0 0 0 1 0 0 
0 0 0 0 1 0 1 0 0 
0 0 0 0 0 1 1 0 0 
0 0 0 1 0 0 0 1 0 
0 0 0 0 0 0 1 1 0 
0 1 0 1 0 0 0 0 0 
0 1 0 0 0 0 1 0 0 
0 1 0 0 0 0 0 0 1 
0 0 1 1 0 0 0 0 0 
0 0 0 1 1 0 0 0 0 
0 0 0 0 1 0 1 0 0 
1 0 0 1 0 0 0 0 0 
1 0 0 0 0 0 1 0 0 
0 0 0 1 0 0 0 1 0 
0 0 0 0 0 0 1 1 0 
0 1 0 1 0 0 0 0 0 
0 1 0 0 0 0 1 0 0 
0 1 0 0 0 0 0 0 1 
0 0 0 1 0 1 0 0 0 
0 0 0 1 1 0 0 0 0 
0 0 0 0 1 0 1 0 0 
0 0 0 0 1 0 0 0 1 
0 1 0 0 0 0 1 0 0 
0 0 0 0 1 0 1 0 0 
0 0 0 0 0 0 1 0 1 
0 0 1 0 0 0 1 0 0 
1 0 0 1 0 0 0 0 0 
1 0 0 0 0 0 0 0 1 
1 0 0 0 0 0 0 1 0 
0 0 0 1 0 0 1 0 0 
0 0 0 0 0 0 1 1 0 
0 0 0 0 0 0 1 0 1 
0 0 1 0 0 0 0 0 1 
1 0 0 1 0 0 0 0 0 
1 0 0 0 0 0 1 0 0 
1 0 0 0 0 0 0 1 0 
1 0 0 0 0 0 0 0 1 
1 0 0 0 1 0 0 0 0 
0 1 0 0 1 0 0 0 0 
1 1 1 1 1 1 1 1 1 
;
TIMETABLE BEST: 
0.0 0.0 0.0 0.0 0.0 0.0 0.0 0.0 0.0 
14 14 0 0 0 0 0 0 0 
17 14 17 0 0 0 0 0 0 
17 17 17 0 0 0 0 0 0 
18 17 17 18 0 0 0 0 0 
18 18 17 18 0 0 0 0 0 
18 18 18 18 0 0 0 0 0 
24 18 18 18 24 0 0 0 0 
24 18 18 18 24 24 0 0 0 
24 24 18 18 24 24 0 0 0 
24 24 18 18 24 24 0 0 0 
24 24 24 18 24 24 0 0 0 
24 24 24 18 24 24 0 0 0 
24 24 24 24 24 24 0 0 0 
24 24 24 24 24 24 0 0 0 
24 24 24 24 24 24 0 0 0 
26 24 24 24 24 24 26 0 0 
26 26 24 24 24 24 26 0 0 
26 26 26 24 24 24 26 0 0 
26 26 26 26 24 24 26 0 0 
26 26 26 26 26 24 26 0 0 
26 26 26 26 26 26 26 0 0 
33 26 26 26 26 26 26 33 0 
33 33 26 26 26 26 26 33 0 
33 33 33 26 26 26 26 33 0 
33 33 33 33 26 26 26 33 0 
33 33 33 33 33 26 26 33 0 
33 33 33 33 33 33 26 33 0 
33 33 33 33 33 33 33 33 0 
36 33 33 33 33 33 33 33 36 
36 36 33 33 33 33 33 33 36 
36 36 36 33 33 33 33 33 36 
36 36 36 36 33 33 33 33 36 
36 36 36 36 36 33 33 33 36 
36 36 36 36 36 36 33 33 36 
36 36 36 36 36 36 36 33 36 
36 36 36 36 36 36 36 36 36 
49 36 36 36 36 36 49 36 36 
49 49 36 36 36 36 49 36 36 
49 49 49 36 36 36 49 36 36 
49 49 49 49 36 36 49 36 36 
49 49 49 49 49 36 49 36 36 
49 49 49 49 49 49 49 36 36 
49 49 49 49 49 49 49 49 36 
49 49 49 49 49 49 49 49 49 
60 49 49 49 49 49 60 49 49 
60 60 49 49 49 49 60 49 49 
60 60 60 49 49 49 60 49 49 
60 60 60 60 49 49 60 49 49 
60 60 60 60 60 49 60 49 49 
60 60 60 60 60 60 60 49 49 
60 60 60 60 60 60 60 60 49 
60 60 60 60 60 60 60 60 60 
60 60 69 60 60 60 69 60 60 
60 73 69 60 60 73 69 60 60 
60 73 69 60 60 73 73 60 60 
75 73 69 60 60 73 73 75 60 
75 75 69 60 60 73 73 75 60 
75 75 69 75 60 73 73 75 60 
75 75 69 75 75 73 73 75 60 
75 75 69 75 75 75 73 75 60 
75 75 69 75 75 75 75 75 60 
75 75 69 75 75 75 75 75 75 
75 75 78 75 75 75 75 78 75 
75 86 78 75 75 75 75 86 75 
87 86 78 75 75 75 87 86 75 
87 87 78 75 75 75 87 86 75 
87 87 87 75 75 75 87 86 75 
87 87 87 87 75 75 87 86 75 
87 87 87 87 87 75 87 86 75 
87 87 87 87 87 87 87 86 75 
87 87 87 87 87 87 87 87 75 
87 87 87 87 87 87 87 87 87 
87 87 96 87 87 87 96 87 87 
87 87 96 87 87 98 98 87 87 
87 99 96 87 87 98 99 87 87 
87 99 96 87 87 98 99 99 87 
87 99 96 102 87 98 102 99 87 
87 99 96 102 87 98 102 102 87 
105 99 96 102 87 98 102 102 105 
105 105 96 102 87 98 102 102 105 
105 105 105 102 87 98 102 102 105 
105 105 105 105 87 98 102 102 105 
105 105 105 105 105 98 102 102 105 
105 105 105 105 105 105 102 102 105 
105 105 105 105 105 105 105 102 105 
105 105 105 105 105 105 105 105 105 
105 105 114 105 105 105 105 105 114 
105 105 114 105 105 116 105 105 116 
105 117 114 105 105 116 105 105 117 
118 117 114 105 105 116 118 105 117 
118 118 114 105 105 116 118 105 117 
118 118 118 105 105 116 118 105 117 
118 118 118 118 105 116 118 105 117 
118 118 118 118 118 116 118 105 117 
118 118 118 118 118 118 118 105 117 
118 118 118 118 118 118 118 118 117 
118 118 118 118 118 118 118 118 118 
118 118 127 118 118 118 127 118 118 
118 118 127 118 118 129 129 118 118 
130 118 127 118 118 129 129 118 130 
130 130 127 118 118 129 130 118 130 
130 130 127 118 118 129 130 118 130 
130 130 130 118 118 129 130 118 130 
130 130 130 130 118 129 130 118 130 
130 130 130 130 130 129 130 118 130 
130 130 130 130 130 130 130 118 130 
130 130 130 130 130 130 130 118 130 
130 130 130 130 130 130 130 130 130 
130 130 139 130 130 130 130 130 139 
141 130 139 130 130 130 141 130 139 
141 141 139 130 130 130 141 130 139 
141 141 141 130 130 130 141 130 139 
141 141 141 141 130 130 141 130 139 
141 141 141 141 141 130 141 130 139 
141 141 141 141 141 141 141 130 139 
141 141 141 141 141 141 141 130 141 
141 141 141 141 141 141 141 141 141 
141 141 141 141 141 141 141 141 141 
141 141 150 141 141 141 150 141 141 
141 141 150 141 141 152 152 141 141 
153 141 150 141 141 152 152 141 153 
153 153 150 141 141 152 153 141 153 
153 153 150 141 141 152 153 141 153 
153 153 153 141 141 152 153 141 153 
153 153 153 153 141 152 153 141 153 
153 153 153 153 153 152 153 141 153 
153 153 153 153 153 153 153 141 153 
153 153 153 153 153 153 153 141 153 
153 153 153 153 153 153 153 153 153 
153 153 162 153 153 153 153 153 162 
153 153 162 153 153 164 153 153 164 
153 153 162 153 153 164 164 153 164 
153 165 162 153 153 164 164 153 165 
167 165 162 153 153 164 164 167 165 
167 167 162 153 153 164 164 167 165 
167 167 167 153 153 164 164 167 165 
167 167 167 167 153 164 164 167 165 
167 167 167 167 167 164 164 167 165 
167 167 167 167 167 167 164 167 165 
167 167 167 167 167 167 167 167 165 
167 167 167 167 167 167 167 167 167 
167 167 176 167 167 167 167 176 167 
167 167 176 167 167 178 167 178 167 
167 167 176 167 167 178 178 178 167 
167 179 176 167 167 178 178 179 167 
167 179 176 167 167 178 178 179 179 
167 179 176 167 167 178 178 179 179 
167 179 176 182 167 178 182 179 179 
167 179 176 182 167 178 182 182 179 
167 179 176 182 167 178 182 182 182 
167 179 176 182 167 190 190 182 182 
167 179 176 182 167 190 190 190 182 
167 179 176 182 167 190 190 190 190 
167 179 198 182 167 190 190 198 190 
201 179 198 182 167 190 201 198 190 
201 179 198 182 167 201 201 198 190 
202 179 198 182 167 201 201 198 202 
202 179 198 202 167 201 202 198 202 
202 179 198 202 167 201 202 202 202 
202 179 198 202 167 201 202 202 202 
202 179 198 202 167 202 202 202 202 
202 211 198 211 167 202 202 202 202 
202 211 198 211 167 202 211 202 202 
213 211 213 211 167 202 211 202 202 
213 213 213 211 167 202 211 202 202 
213 213 213 211 167 202 211 213 202 
213 213 213 211 167 202 211 213 202 
213 213 213 213 167 202 211 213 202 
213 213 213 213 213 202 211 213 202 
213 213 213 213 213 213 211 213 202 
213 213 213 213 213 213 213 213 202 
213 213 213 213 213 213 213 213 202 
213 213 213 213 213 213 213 213 213 
213 213 213 213 213 213 213 213 213 
213 213 213 213 213 213 213 213 213 
213 213 213 213 213 213 213 213 213 
213 213 213 213 213 213 213 213 213 
213 213 213 213 213 213 213 213 213 
213 213 224 213 213 213 213 224 213 
213 213 225 213 213 225 213 224 213 
213 213 225 213 213 225 213 224 225 
213 213 225 225 213 225 213 224 225 
213 226 225 225 213 226 213 224 225 
213 226 225 225 213 226 213 226 225 
213 226 225 225 213 226 213 226 226 
213 227 225 225 227 226 213 226 226 
213 227 227 225 227 226 213 226 226 
228 228 227 225 227 226 213 226 226 
228 228 228 225 227 226 213 226 226 
233 228 228 225 227 226 233 226 226 
233 233 228 225 227 226 233 226 226 
233 233 233 225 227 226 233 226 226 
233 233 233 233 227 226 233 226 226 
233 233 233 233 233 226 233 226 226 
233 233 233 233 233 233 233 226 226 
233 233 233 233 233 233 233 233 226 
233 233 233 233 233 233 233 233 233 
233 244 233 233 244 233 233 233 233 
233 244 233 233 244 244 233 233 233 
233 244 244 233 244 244 233 233 233 
233 244 244 233 244 244 233 233 233 
233 244 244 233 244 244 244 233 233 
233 244 244 233 244 244 244 233 233 
245 244 244 233 244 244 244 233 245 
245 245 244 233 244 244 244 233 245 
245 245 245 233 244 244 244 233 245 
245 245 245 245 244 244 244 233 245 
245 245 245 245 245 244 244 233 245 
245 245 245 245 245 245 244 233 245 
245 245 245 245 245 245 245 233 245 
245 245 245 245 245 245 245 245 245 
245 254 245 245 254 245 245 245 245 
245 254 254 245 254 245 245 245 245 
245 254 254 245 254 245 254 245 245 
245 254 254 245 254 245 254 245 254 
245 254 254 245 254 256 254 245 256 
245 259 254 245 254 256 254 259 256 
245 259 259 245 254 256 254 259 256 
245 259 259 245 254 256 259 259 256 
245 259 259 245 254 256 259 259 259 
260 259 259 245 254 256 260 259 259 
260 259 259 245 254 256 260 259 260 
263 259 259 263 254 256 260 259 260 
263 263 259 263 254 256 260 259 260 
263 263 263 263 254 256 260 259 260 
263 263 263 263 254 256 263 259 260 
263 263 263 263 254 256 263 259 263 
263 266 263 263 266 256 263 259 263 
263 266 266 263 266 256 263 259 263 
263 266 266 263 266 256 266 259 263 
263 266 266 263 266 256 266 259 266 
263 266 266 263 266 268 268 259 266 
263 266 266 263 266 268 268 259 268 
263 266 266 273 266 268 268 273 268 
263 278 266 273 278 268 268 273 268 
263 278 278 273 278 268 268 273 268 
263 278 278 273 278 268 278 273 268 
263 278 278 273 278 268 278 273 278 
281 278 278 273 278 268 281 273 278 
281 278 278 273 278 268 281 273 281 
281 278 278 273 278 281 281 273 281 
281 278 278 273 278 281 281 273 281 
281 278 278 285 278 281 281 273 285 
281 291 291 285 278 281 281 273 285 
281 291 291 285 278 281 291 273 285 
281 291 291 285 278 281 291 273 291 
281 291 291 291 278 281 291 273 291 
281 291 291 291 292 281 291 273 292 
294 291 291 291 292 281 291 294 292 
294 294 291 291 292 281 291 294 292 
294 294 294 291 292 281 291 294 292 
294 294 294 294 292 281 291 294 292 
294 294 294 294 294 281 291 294 292 
294 294 294 294 294 294 291 294 292 
294 294 294 294 294 294 294 294 292 
294 294 294 294 294 294 294 294 294 
294 294 294 294 305 294 294 305 294 
294 294 306 306 305 294 294 305 294 
294 294 306 306 305 294 306 305 294 
294 294 306 306 305 294 306 306 294 
294 294 306 306 305 294 306 306 306 
294 307 306 306 305 294 306 307 306 
294 307 306 306 305 307 306 307 306 
312 307 306 306 305 307 306 312 306 
312 307 306 306 314 307 306 314 306 
312 318 306 306 314 307 306 318 306 
312 318 318 318 314 307 306 318 306 
319 318 318 318 314 307 319 318 306 
319 318 319 318 314 307 319 318 306 
319 319 319 318 314 307 319 318 306 
319 319 319 319 314 307 319 318 306 
319 319 319 319 319 307 319 318 306 
319 319 319 319 319 319 319 318 306 
319 319 319 319 319 319 319 319 306 
319 319 319 319 319 319 319 319 306 
319 319 319 319 319 319 319 319 319 
319 319 319 319 328 319 328 319 319 
319 330 319 319 328 319 330 319 319 
319 330 319 319 328 330 330 319 319 
319 330 319 319 328 330 330 330 319 
319 330 331 319 328 330 331 330 319 
334 330 331 319 328 330 334 330 319 
334 330 331 319 328 330 334 334 319 
337 330 331 319 328 330 334 334 337 
337 337 331 319 328 330 334 334 337 
337 337 337 319 328 330 334 334 337 
337 337 337 337 328 330 334 334 337 
337 337 337 337 337 330 334 334 337 
337 337 337 337 337 337 334 334 337 
337 337 337 337 337 337 337 334 337 
337 337 337 337 337 337 337 337 337 
337 337 337 337 346 337 337 337 346 
347 337 337 337 346 337 347 337 346 
347 347 337 337 346 337 347 337 346 
347 347 347 337 346 337 347 337 346 
347 347 347 347 346 337 347 337 346 
347 347 347 347 347 337 347 337 346 
347 347 347 347 347 347 347 337 346 
347 347 347 347 347 347 347 347 346 
347 347 347 347 347 347 347 347 347 
347 347 347 347 356 347 356 347 347 
358 347 347 347 356 347 356 347 358 
358 358 347 347 356 347 358 347 358 
358 358 347 347 356 347 358 347 358 
358 358 358 347 356 347 358 347 358 
358 358 358 358 356 347 358 347 358 
358 358 358 358 358 347 358 347 358 
358 358 358 358 358 358 358 347 358 
358 358 358 358 358 358 358 347 358 
358 358 358 358 358 358 358 347 358 
358 358 358 358 358 358 358 358 358 
358 358 358 358 367 358 358 358 367 
358 358 358 358 367 358 368 358 368 
358 369 358 358 367 358 368 358 369 
358 369 358 358 367 369 368 358 369 
358 369 370 358 367 369 368 358 370 
373 369 370 358 367 369 373 358 370 
373 369 370 358 367 369 373 373 370 
373 369 370 358 367 369 373 373 373 
373 369 370 374 367 369 373 373 374 
373 369 370 374 378 369 378 373 374 
373 369 370 374 378 369 378 373 378 
373 382 370 374 378 369 382 373 378 
373 382 370 374 378 369 382 373 382 
373 382 370 374 378 382 382 373 382 
373 382 370 374 378 382 382 382 382 
373 382 370 374 378 382 382 382 382 
388 382 370 374 378 382 388 382 382 
388 382 370 374 378 382 388 388 382 
388 382 370 374 378 382 388 388 388 
388 382 390 374 390 382 388 388 388 
388 382 390 374 390 382 390 388 388 
388 382 390 374 390 382 390 388 390 
392 382 390 392 390 382 390 388 390 
392 392 390 392 390 382 390 388 390 
392 392 390 392 392 382 390 388 390 
392 392 390 392 392 392 390 388 390 
392 392 390 392 392 392 390 388 392 
400 392 390 392 392 392 400 388 392 
400 400 390 392 392 392 400 388 392 
400 400 390 392 400 392 400 388 392 
400 400 390 392 400 400 400 388 392 
400 400 390 407 400 400 400 407 392 
400 400 390 407 400 400 407 407 392 
400 411 390 411 400 400 407 407 392 
400 411 390 411 400 400 411 407 392 
400 411 390 411 400 400 411 407 411 
400 411 411 411 400 400 411 407 411 
400 411 411 412 412 400 411 407 411 
400 411 411 412 412 400 412 407 411 
415 411 411 415 412 400 412 407 411 
415 411 411 415 412 400 415 407 411 
415 411 411 419 412 400 415 419 411 
415 411 411 419 412 400 419 419 411 
415 424 411 424 412 400 419 419 411 
415 424 411 424 412 400 424 419 411 
415 424 411 424 412 400 424 419 424 
415 424 411 424 412 424 424 419 424 
415 424 411 426 426 424 424 419 424 
415 424 411 426 426 424 426 419 424 
415 424 411 426 426 424 426 419 426 
415 436 411 426 426 424 436 419 426 
415 436 411 426 436 424 436 419 426 
415 436 411 426 436 424 437 419 437 
415 436 440 426 436 424 440 419 437 
443 436 440 443 436 424 440 419 437 
443 436 440 443 436 424 440 419 443 
446 436 440 443 436 424 440 446 443 
446 436 440 453 436 424 453 446 443 
446 436 440 453 436 424 453 453 443 
446 436 440 453 436 424 453 453 453 
446 436 463 453 436 424 453 453 463 
466 436 463 466 436 424 453 453 463 
466 436 463 466 436 424 466 453 463 
466 436 463 466 436 424 466 466 463 
466 436 463 466 436 424 466 466 466 
484 436 463 466 484 424 466 466 466 
484 489 463 466 489 424 466 466 466 
538.0 560.0 546.0 558.0 525.0 474.0 562.0 567.0 572.0 
;
EXECUTION TIME HBSS: 13842.3158202 seconds 

-------------------------------------------------------------------
