DATFILE : bwopen0_10r_1000.dat
ENVIRONMENT : bwopen
ALGORITHM : HBSS - TAU 9
RANGE : _100
STARTING_POS : 0
N_ROBOTS : 10
GREEDY SOLUTION : 584.0
COMPUTATIONS T :
584.0
584.0
584.0
584.0
584.0
601.0
584.0
584.0
539.0
617.0
584.0
584.0
584.0
584.0
551.0
584.0
584.0
584.0
584.0
584.0
584.0
584.0
584.0
584.0
584.0
584.0
584.0
584.0
584.0
584.0
591.0
584.0
584.0
584.0
573.0
584.0
584.0
537.0
594.0
554.0
584.0
584.0
577.0
584.0
584.0
584.0
571.0
584.0
584.0
584.0
584.0
584.0
584.0
584.0
584.0
584.0
577.0
584.0
584.0
584.0
584.0
584.0
568.0
581.0
558.0
546.0
584.0
584.0
584.0
584.0
583.0
584.0
584.0
538.0
584.0
584.0
584.0
584.0
584.0
584.0
584.0
568.0
584.0
584.0
584.0
584.0
584.0
584.0
584.0
584.0
584.0
584.0
560.0
590.0
584.0
584.0
569.0
584.0
584.0
537.0
584.0
584.0
584.0
585.0
584.0
584.0
598.0
584.0
584.0
575.0
584.0
584.0
539.0
584.0
593.0
601.0
584.0
584.0
584.0
599.0
584.0
584.0
584.0
584.0
611.0
555.0
584.0
584.0
584.0
566.0
584.0
584.0
584.0
584.0
613.0
584.0
612.0
584.0
584.0
584.0
584.0
584.0
584.0
555.0
584.0
584.0
584.0
584.0
584.0
584.0
566.0
584.0
584.0
584.0
584.0
583.0
589.0
590.0
573.0
584.0
584.0
584.0
584.0
577.0
584.0
588.0
589.0
584.0
584.0
584.0
584.0
584.0
584.0
584.0
608.0
573.0
584.0
584.0
584.0
584.0
584.0
584.0
584.0
584.0
587.0
584.0
537.0
584.0
583.0
584.0
584.0
584.0
584.0
584.0
621.0
584.0
574.0
584.0
584.0
539.0
;
HBBS bestT : 537.0
BEST_CONFIGURATIONS : 
0 0 0 0 0 0 0 0 0 0 
0 4 0 0 0 0 0 0 0 0 
0 4 26 0 0 0 0 0 0 0 
0 4 26 0 0 0 0 0 0 0 
0 4 26 1 0 0 0 0 0 0 
0 4 26 1 0 0 0 0 0 0 
0 4 26 1 0 0 0 0 0 0 
0 4 26 1 5 0 0 0 0 0 
0 4 26 1 5 22 0 0 0 0 
0 4 26 1 5 22 0 0 0 0 
0 4 26 1 5 22 0 0 0 0 
0 4 26 1 5 22 0 0 0 0 
0 4 26 1 5 22 0 0 0 0 
0 4 26 1 5 22 0 0 0 0 
0 4 26 1 5 22 0 0 0 0 
0 4 26 1 5 22 0 0 0 0 
0 4 26 1 5 22 8 0 0 0 
0 4 26 1 5 22 8 0 0 0 
0 4 26 1 5 22 8 0 0 0 
0 4 26 1 5 22 8 0 0 0 
0 4 26 1 5 22 8 0 0 0 
0 4 26 1 5 22 8 0 0 0 
0 4 26 1 5 22 8 27 0 0 
0 4 26 1 5 22 8 27 27 0 
0 4 26 1 5 22 8 27 27 0 
0 4 26 1 5 22 8 27 27 0 
0 4 26 1 5 22 8 27 27 0 
0 4 26 1 5 22 8 27 27 0 
0 4 26 1 5 22 8 27 27 0 
0 4 26 1 5 22 8 27 27 2 
0 4 26 1 5 22 8 27 27 2 
0 4 26 1 5 22 8 27 27 2 
0 4 26 1 5 22 8 27 27 2 
0 4 26 1 5 22 8 27 27 2 
0 4 26 1 5 22 8 27 27 2 
0 4 26 1 5 22 8 27 27 2 
0 4 26 1 5 22 8 27 27 2 
0 4 26 1 5 22 8 27 9 2 
0 4 26 1 5 22 8 27 9 2 
0 4 5 1 5 22 8 27 9 2 
0 4 5 1 5 22 8 27 9 2 
0 4 5 1 22 22 8 27 9 2 
0 4 5 1 22 8 8 27 9 2 
0 4 5 1 22 8 8 27 9 2 
0 4 5 1 22 8 8 27 9 2 
0 4 5 1 22 8 13 27 9 2 
0 4 5 1 22 8 13 27 9 2 
0 4 5 1 22 8 13 27 9 2 
0 4 5 1 22 8 13 27 9 2 
0 4 5 1 22 8 13 27 9 2 
0 4 5 1 22 8 13 27 9 2 
0 4 5 1 22 8 13 27 9 2 
0 4 5 1 22 8 13 27 9 2 
0 4 5 1 22 8 13 27 9 2 
0 4 26 1 22 8 13 27 9 2 
0 4 26 1 22 8 13 27 9 2 
0 4 26 1 22 8 13 27 9 6 
0 4 26 1 22 8 13 27 9 6 
0 4 5 1 22 8 13 27 9 6 
0 4 5 1 22 8 13 27 9 6 
0 4 5 1 8 8 13 27 9 6 
0 4 5 1 8 13 13 27 9 6 
0 4 5 1 8 13 13 9 9 6 
0 4 5 1 8 13 17 9 9 6 
0 4 5 1 8 13 17 9 9 6 
0 4 5 1 8 13 17 9 9 6 
0 4 5 1 8 13 17 9 9 6 
0 4 5 1 8 13 17 9 9 6 
0 4 5 1 8 13 17 9 9 6 
0 4 5 1 8 13 17 9 9 6 
0 4 5 1 8 13 17 9 9 6 
0 4 5 1 8 13 17 9 10 6 
0 4 5 1 8 13 17 9 10 6 
0 4 5 1 8 13 17 9 10 6 
0 4 5 1 8 13 17 9 10 6 
0 4 5 1 8 13 17 9 10 6 
0 4 5 1 8 13 17 9 10 6 
0 4 5 1 8 13 17 9 10 6 
0 4 5 1 8 13 17 9 10 6 
0 4 5 1 8 13 17 9 10 6 
0 4 26 1 8 13 17 9 10 6 
0 4 26 1 8 13 17 9 10 6 
0 4 26 1 8 13 17 9 10 6 
0 22 26 1 8 17 17 9 10 6 
0 22 26 1 8 17 17 9 10 6 
0 22 26 1 8 17 17 9 10 6 
0 22 26 1 8 17 17 24 10 6 
0 22 26 1 8 17 17 24 10 6 
0 22 26 1 8 17 17 24 10 6 
0 22 26 27 8 17 17 24 10 6 
0 22 26 27 8 17 17 24 10 6 
0 22 26 27 8 17 17 24 10 6 
0 22 26 27 8 17 17 24 10 6 
0 22 26 27 4 17 17 24 10 6 
0 22 26 27 4 17 17 24 10 6 
0 22 26 27 4 17 17 24 10 6 
0 22 26 27 4 17 17 24 10 6 
0 22 26 27 4 17 13 24 10 6 
0 22 5 27 4 17 13 24 10 6 
0 22 5 27 4 17 13 24 15 6 
0 22 5 27 4 17 13 24 15 6 
0 22 5 27 4 17 13 24 15 6 
0 22 5 27 4 17 13 24 15 6 
0 22 5 27 4 17 13 24 15 6 
0 22 5 27 4 13 13 24 15 6 
0 22 5 27 4 13 13 24 15 6 
0 22 5 27 4 13 13 24 15 6 
0 22 5 27 4 13 17 24 15 6 
0 22 26 27 4 13 17 24 15 6 
0 22 26 27 4 13 17 24 15 21 
0 8 26 27 4 13 17 24 15 21 
0 8 26 27 4 13 17 24 15 21 
0 8 26 27 4 13 17 24 15 21 
0 8 26 27 4 13 17 24 15 21 
0 8 26 27 4 13 17 24 15 21 
0 8 26 27 4 13 17 24 15 21 
0 8 26 27 4 13 17 24 15 21 
0 8 26 27 4 13 17 24 15 21 
0 8 26 27 4 13 17 24 15 21 
0 8 26 27 4 13 17 24 15 21 
0 8 5 27 4 13 17 24 15 21 
0 8 5 27 4 13 17 24 10 21 
0 8 5 27 4 13 25 24 10 21 
0 8 5 27 4 13 25 24 10 21 
0 8 5 27 4 13 25 24 10 21 
0 8 5 27 4 13 25 24 10 21 
0 8 5 27 4 13 25 24 10 21 
0 8 5 27 4 13 25 24 10 21 
0 8 5 27 4 13 25 24 10 21 
0 8 5 27 4 13 25 24 10 21 
0 8 5 27 4 13 25 24 10 21 
0 8 26 27 4 13 25 24 10 21 
0 8 26 27 4 17 25 24 10 21 
0 8 26 27 4 17 25 24 15 21 
0 8 26 27 4 17 25 24 15 3 
0 22 26 27 4 17 25 24 15 3 
0 22 26 27 4 17 25 24 15 3 
0 22 26 27 4 17 25 24 15 3 
0 22 26 27 4 17 25 24 15 3 
0 22 26 27 4 17 25 24 15 3 
0 22 26 27 4 17 25 24 15 3 
0 22 26 27 4 17 25 24 15 3 
0 22 26 27 4 17 25 24 15 3 
0 22 26 27 4 17 25 24 15 3 
0 22 5 27 4 17 25 24 15 3 
0 22 5 27 4 13 25 24 15 3 
0 22 5 27 4 13 25 24 10 3 
0 8 5 27 4 13 25 24 10 3 
0 8 5 27 4 13 18 24 10 3 
0 8 5 27 4 13 18 24 10 3 
0 8 5 27 4 13 18 24 10 3 
0 8 5 27 4 13 18 24 10 3 
0 8 5 27 4 13 18 24 10 3 
0 8 5 27 4 13 18 24 10 3 
0 8 5 27 4 13 18 6 10 3 
0 8 5 27 4 13 18 6 10 3 
0 8 5 27 4 13 18 6 10 3 
0 8 5 27 4 13 18 6 10 3 
0 8 26 27 4 13 18 6 10 3 
0 8 26 27 4 17 18 6 10 3 
0 8 26 27 4 17 18 6 15 3 
0 22 26 27 4 17 18 6 15 3 
0 22 26 27 4 17 18 21 15 3 
0 22 26 27 4 17 18 21 15 3 
0 22 26 27 4 17 18 21 15 3 
0 22 26 1 4 17 18 21 15 3 
0 22 26 1 4 17 18 21 15 3 
0 22 26 1 4 17 18 21 15 3 
0 22 26 1 4 17 18 21 15 3 
1 22 26 1 4 25 18 21 15 3 
1 22 26 1 4 25 18 21 15 3 
1 22 26 1 4 25 18 7 15 3 
1 4 26 1 4 25 18 7 15 3 
1 4 0 1 4 25 18 7 15 3 
1 4 0 1 5 25 18 7 15 3 
1 4 0 1 5 25 18 7 15 3 
1 4 0 1 5 25 18 7 15 3 
1 4 0 1 5 25 18 7 10 3 
1 4 0 1 5 25 18 7 10 3 
1 4 0 27 5 25 18 7 10 3 
1 4 0 27 26 25 18 7 10 3 
1 4 0 27 26 25 14 7 10 3 
1 4 0 27 26 25 14 7 10 3 
1 4 0 27 26 25 14 7 10 3 
1 4 0 27 26 25 14 7 10 3 
1 4 0 27 26 25 14 7 10 3 
1 4 0 27 26 25 14 7 10 3 
1 4 0 27 26 25 14 7 10 3 
1 4 0 27 26 25 14 7 10 3 
1 4 0 27 26 25 14 7 10 3 
1 4 0 27 5 25 14 7 10 3 
1 4 0 27 5 25 14 7 15 3 
1 4 0 27 5 25 14 7 15 3 
1 22 0 27 5 25 14 7 15 3 
1 22 0 27 5 25 14 7 15 3 
1 22 0 27 5 17 14 7 15 3 
1 22 0 27 5 17 14 7 15 3 
1 22 0 27 5 17 14 7 15 21 
1 22 0 27 5 17 14 7 15 21 
1 22 0 9 5 17 14 7 15 21 
1 22 0 9 5 17 14 7 15 21 
1 22 0 9 5 17 14 7 15 21 
1 22 0 9 5 17 14 7 15 21 
2 22 0 9 5 17 14 7 15 21 
2 22 0 9 5 17 14 7 15 21 
2 22 0 9 5 17 14 7 15 21 
2 22 0 9 5 17 14 7 15 21 
2 22 0 9 5 17 14 7 15 21 
2 8 0 9 5 17 14 7 15 21 
2 8 0 9 5 17 14 7 15 21 
2 8 0 10 5 17 14 7 15 21 
2 8 0 10 5 17 14 7 15 21 
2 8 0 10 5 13 14 7 15 21 
2 8 0 10 5 13 14 7 15 21 
2 8 0 10 5 13 14 7 15 3 
2 8 0 10 9 13 14 7 15 3 
2 8 0 24 9 13 14 7 15 3 
2 8 0 24 9 13 18 7 15 3 
2 8 1 24 9 13 18 7 15 3 
2 8 1 24 9 13 18 7 15 3 
2 8 1 24 9 13 18 7 15 3 
2 8 1 24 9 13 18 7 15 3 
2 8 1 24 9 13 18 7 14 3 
2 8 1 24 9 13 18 7 14 3 
2 8 1 24 9 13 18 7 14 3 
2 8 1 24 9 25 18 7 14 3 
2 8 1 24 9 25 18 7 14 3 
2 8 1 6 9 25 18 7 14 3 
2 14 1 6 9 25 18 7 14 3 
2 14 1 6 9 25 18 7 14 3 
2 14 1 6 9 25 18 7 14 3 
2 14 1 6 9 25 18 7 14 21 
2 14 1 6 9 25 19 7 14 21 
2 14 1 6 9 25 19 7 14 21 
2 14 0 6 9 25 19 7 14 21 
2 14 0 6 9 25 19 7 14 21 
2 14 0 6 9 25 19 7 14 21 
2 14 0 6 9 25 19 7 14 21 
2 14 0 6 9 25 19 7 14 21 
2 14 0 6 9 25 19 7 10 21 
2 14 0 6 9 25 19 7 10 21 
2 18 0 6 9 25 19 7 10 21 
2 18 0 6 9 25 19 7 15 21 
2 18 0 6 9 17 19 7 15 21 
2 18 0 6 9 17 19 7 15 3 
2 18 0 24 9 17 19 7 15 3 
2 18 4 24 9 17 19 7 15 3 
2 18 4 24 27 17 19 7 15 3 
2 18 4 24 27 17 19 12 15 3 
2 18 4 24 27 17 19 12 15 3 
2 18 4 24 27 17 19 12 15 3 
2 18 4 24 27 17 19 12 15 3 
2 18 4 24 27 17 19 12 15 3 
2 18 4 24 27 17 19 12 15 3 
2 18 4 24 27 17 19 12 15 3 
2 18 4 24 27 17 19 12 15 3 
2 18 4 24 27 17 19 12 15 3 
2 18 4 24 27 17 19 16 15 3 
2 14 4 24 27 17 19 16 15 3 
2 14 26 24 27 17 19 16 15 3 
2 14 26 24 27 17 19 16 15 3 
2 14 26 24 27 17 19 16 15 3 
2 14 26 24 27 17 19 16 15 3 
2 14 26 24 27 13 19 16 15 3 
2 14 26 24 27 13 19 16 15 3 
2 14 26 24 27 13 19 16 15 3 
2 14 26 24 27 13 19 16 10 3 
2 14 26 24 27 13 19 16 10 3 
2 14 5 24 27 13 19 16 10 3 
2 14 5 24 27 13 19 16 10 3 
2 18 5 24 27 13 19 16 10 3 
2 18 5 24 27 17 19 16 10 3 
2 18 5 24 27 17 19 16 15 3 
2 18 5 24 27 17 19 16 15 21 
2 18 5 6 27 17 19 16 15 21 
2 18 5 6 1 17 19 16 15 21 
2 18 5 6 1 17 19 16 15 21 
2 18 22 6 1 17 19 16 15 21 
2 18 22 6 1 17 19 16 15 21 
2 18 22 6 1 25 19 16 15 21 
2 18 22 6 1 25 19 16 15 7 
1 18 22 11 1 25 19 16 15 7 
1 14 22 11 1 25 19 16 15 7 
1 14 22 11 1 25 19 16 15 7 
1 14 22 11 27 25 19 16 15 7 
1 14 22 11 27 25 19 16 15 7 
1 14 22 11 27 25 19 16 15 7 
1 14 22 11 27 25 19 16 15 7 
1 14 22 11 27 25 19 16 10 7 
1 14 22 11 27 25 19 16 10 7 
1 14 22 11 27 25 19 12 10 7 
1 18 22 11 27 25 19 12 10 7 
1 18 26 11 27 25 19 12 10 7 
1 18 26 11 27 25 19 12 10 7 
1 18 26 11 27 25 19 12 10 7 
1 18 26 11 27 25 19 12 15 7 
1 18 26 11 27 25 19 12 15 7 
1 18 26 11 27 25 19 12 15 7 
1 18 26 11 27 25 20 12 15 7 
1 18 26 11 27 25 20 12 15 7 
1 18 26 11 27 25 20 12 15 7 
1 18 26 11 27 25 20 12 15 7 
1 18 26 11 27 25 20 12 15 7 
1 18 26 11 27 25 20 12 15 7 
1 18 26 11 27 25 20 12 15 7 
1 18 26 11 27 25 20 12 15 7 
1 18 26 11 27 25 20 12 15 7 
1 18 5 11 27 25 20 12 15 7 
1 18 5 11 27 25 20 12 15 7 
1 18 5 11 27 25 20 12 15 7 
1 14 5 11 27 25 20 12 15 7 
1 14 5 11 27 25 20 12 15 7 
1 14 5 11 27 25 20 12 10 7 
1 14 5 11 27 25 20 12 10 7 
1 14 5 11 27 17 20 12 10 7 
1 14 5 11 27 17 20 12 10 21 
1 14 5 11 27 17 20 12 10 21 
1 14 5 11 27 17 20 12 10 21 
1 14 5 11 27 17 20 12 10 21 
1 14 5 11 9 17 20 12 10 21 
1 14 5 11 9 17 20 12 10 21 
1 14 5 11 9 17 20 12 10 21 
0 14 5 11 9 17 20 12 10 21 
0 14 5 11 9 17 20 12 10 21 
0 14 5 11 9 17 20 12 10 21 
0 14 22 11 9 17 20 12 10 21 
0 14 22 11 9 17 20 12 10 21 
0 14 22 11 9 13 20 12 10 21 
0 14 22 11 9 13 20 12 10 21 
0 14 22 11 9 13 20 12 10 21 
0 14 22 11 9 13 20 12 24 21 
0 14 22 11 9 13 20 12 24 3 
0 14 22 11 9 13 20 12 24 3 
0 14 22 11 9 13 20 12 24 3 
4 14 22 11 9 13 20 12 24 3 
4 14 22 11 9 13 20 12 24 3 
4 14 8 11 9 13 20 12 24 3 
4 14 8 11 9 13 20 12 24 3 
4 14 8 11 9 13 20 12 24 3 
4 14 8 11 9 13 20 12 6 3 
4 14 8 11 9 13 20 12 6 3 
4 14 8 11 9 13 20 12 6 3 
4 19 8 11 9 13 20 12 6 3 
4 19 8 11 9 13 20 12 6 3 
4 19 8 11 9 13 20 12 6 2 
4 19 8 11 9 13 20 12 6 2 
0 19 8 11 9 13 20 16 6 2 
0 19 8 11 9 13 20 16 6 2 
0 19 8 11 9 13 20 16 6 2 
0 19 8 11 9 13 20 16 6 2 
0 19 8 11 9 4 20 16 6 2 
0 19 8 11 9 4 23 16 6 2 
0 19 8 11 9 4 23 16 6 2 
0 19 8 11 9 4 23 16 6 2 
0 19 8 11 9 4 23 16 6 2 
0 19 8 11 9 4 23 16 6 2 
0 19 8 11 9 4 23 16 6 2 
0 19 8 11 9 4 23 16 6 2 
0 19 8 11 9 4 23 16 2 2 
0 19 8 11 9 4 23 16 2 6 
0 19 8 11 9 26 23 16 2 6 
0 19 8 11 9 26 23 12 2 6 
0 19 22 11 9 26 23 12 2 6 
0 20 22 11 9 26 23 12 2 6 
0 20 22 11 10 26 23 12 2 6 
1 20 22 11 10 26 23 12 2 6 
1 20 22 24 10 26 23 12 2 6 
1 20 22 24 10 26 23 12 2 21 
1 20 22 24 10 26 23 12 27 21 
1 20 22 24 10 5 23 12 27 21 
1 23 22 24 15 5 23 12 27 21 
1 23 22 24 15 5 23 7 27 21 
1 23 22 24 15 5 23 7 27 3 
1 23 13 24 15 5 23 7 27 3 
1 23 13 24 14 5 23 7 27 3 
1 23 17 24 14 5 23 7 27 3 
1 23 17 24 14 5 16 12 27 3 
1 23 17 24 18 5 16 12 27 3 
1 23 25 24 18 5 16 12 27 3 
0 0 0 0 0 0 0 0 0 0 
;
ROBOT MOVING BEST:
0 0 0 0 0 0 0 0 0 0 
1 1 0 0 0 0 0 0 0 0 
1 0 1 0 0 0 0 0 0 0 
0 1 1 0 0 0 0 0 0 0 
1 0 0 1 0 0 0 0 0 0 
0 1 0 1 0 0 0 0 0 0 
0 0 1 1 0 0 0 0 0 0 
1 0 0 0 1 0 0 0 0 0 
1 0 0 0 0 1 0 0 0 0 
0 1 0 0 1 0 0 0 0 0 
0 1 0 0 0 1 0 0 0 0 
0 0 1 0 1 0 0 0 0 0 
0 0 1 0 0 1 0 0 0 0 
0 0 0 1 1 0 0 0 0 0 
0 0 0 1 0 1 0 0 0 0 
0 0 0 0 1 1 0 0 0 0 
1 0 0 0 0 0 1 0 0 0 
0 1 0 0 0 0 1 0 0 0 
0 0 1 0 0 0 1 0 0 0 
0 0 0 1 0 0 1 0 0 0 
0 0 0 0 1 0 1 0 0 0 
0 0 0 0 0 1 1 0 0 0 
1 0 0 0 0 0 0 1 0 0 
0 1 0 0 0 0 0 0 1 0 
0 0 1 0 0 0 0 1 0 0 
0 0 0 1 0 0 0 1 0 0 
0 0 0 0 1 0 0 1 0 0 
0 0 0 0 0 1 0 1 0 0 
0 0 0 0 0 0 1 1 0 0 
1 0 0 0 0 0 0 0 0 1 
0 1 0 0 0 0 0 0 0 1 
0 0 1 0 0 0 0 0 0 1 
0 0 0 1 0 0 0 0 0 1 
0 0 0 0 1 0 0 0 0 1 
0 0 0 0 0 1 0 0 0 1 
0 0 0 0 0 0 1 0 0 1 
0 0 0 0 0 0 0 1 0 1 
1 0 0 0 0 0 0 0 1 0 
0 1 0 0 0 0 0 0 1 0 
0 0 1 0 0 0 0 0 1 0 
0 0 0 1 0 0 0 0 1 0 
0 0 0 0 1 0 0 0 1 0 
0 0 0 0 0 1 0 0 1 0 
0 0 0 0 0 0 0 1 1 0 
0 0 0 0 0 0 0 0 1 1 
1 0 0 0 0 0 1 0 0 0 
0 1 0 0 0 0 1 0 0 0 
0 0 1 0 0 0 1 0 0 0 
0 0 0 1 0 0 1 0 0 0 
0 0 0 0 1 0 1 0 0 0 
0 0 0 0 0 1 1 0 0 0 
0 0 0 0 0 0 1 1 0 0 
0 0 0 0 0 0 1 0 1 0 
0 0 0 0 0 0 1 0 0 1 
0 0 1 0 0 0 1 0 0 0 
0 0 1 0 0 0 0 0 1 0 
1 0 0 0 0 0 0 0 0 1 
0 1 0 0 0 0 0 0 0 1 
0 0 1 0 0 0 0 0 0 1 
0 0 0 1 0 0 0 0 0 1 
0 0 0 0 1 0 0 0 0 1 
0 0 0 0 0 1 0 0 0 1 
0 0 0 0 0 0 0 1 0 1 
1 0 0 0 0 0 1 0 0 0 
0 1 0 0 0 0 1 0 0 0 
0 0 1 0 0 0 1 0 0 0 
0 0 0 1 0 0 1 0 0 0 
0 0 0 0 1 0 1 0 0 0 
0 0 0 0 0 1 1 0 0 0 
0 0 0 0 0 0 1 1 0 0 
0 0 0 0 0 0 1 0 0 1 
1 0 0 0 0 0 0 0 1 0 
0 1 0 0 0 0 0 0 1 0 
0 0 1 0 0 0 0 0 1 0 
0 0 0 1 0 0 0 0 1 0 
0 0 0 0 1 0 0 0 1 0 
0 0 0 0 0 1 0 0 1 0 
0 0 0 0 0 0 1 0 1 0 
0 0 0 0 0 0 0 1 1 0 
0 0 0 0 0 0 0 0 1 1 
0 0 1 0 0 0 1 0 0 0 
0 0 1 0 0 0 0 0 1 0 
0 0 1 0 0 0 0 0 0 1 
0 1 0 0 0 1 0 0 0 0 
0 1 0 0 0 0 0 0 1 0 
0 1 0 0 0 0 0 0 0 1 
1 0 0 0 0 0 0 1 0 0 
0 1 0 0 0 0 0 1 0 0 
0 0 1 0 0 0 0 1 0 0 
0 0 0 1 0 1 0 0 0 0 
0 0 0 1 0 0 0 1 0 0 
0 0 0 1 0 0 0 0 1 0 
0 0 0 1 0 0 0 0 0 1 
0 0 0 0 1 0 0 1 0 0 
0 0 0 0 0 1 0 1 0 0 
0 0 0 0 0 0 0 1 1 0 
0 0 0 0 0 0 0 1 0 1 
0 0 0 0 0 0 1 1 0 0 
0 0 1 0 0 0 0 1 0 0 
1 0 0 0 0 0 0 0 1 0 
0 1 0 0 0 0 0 0 1 0 
0 0 1 0 0 0 0 0 1 0 
0 0 0 1 0 0 0 0 1 0 
0 0 0 0 1 0 0 0 1 0 
0 0 0 0 0 1 0 0 1 0 
0 0 0 0 0 0 0 1 1 0 
0 0 0 0 0 0 0 0 1 1 
0 0 0 0 0 0 1 0 1 0 
0 0 1 0 0 0 0 0 1 0 
1 0 0 0 0 0 0 0 0 1 
0 1 0 0 0 0 0 1 0 0 
0 1 0 0 0 0 0 0 1 0 
0 1 0 0 0 0 0 0 0 1 
0 0 1 0 0 0 0 0 0 1 
0 0 0 1 0 0 0 0 0 1 
0 0 0 0 1 0 0 0 0 1 
0 0 0 0 0 1 0 0 0 1 
0 0 0 0 0 0 1 0 0 1 
0 0 0 0 0 0 0 1 0 1 
0 0 0 0 0 0 0 0 1 1 
0 0 1 0 0 0 0 0 0 1 
0 0 0 0 0 0 0 0 1 1 
1 0 0 0 0 0 1 0 0 0 
0 1 0 0 0 0 1 0 0 0 
0 0 1 0 0 0 1 0 0 0 
0 0 0 1 0 0 1 0 0 0 
0 0 0 0 1 0 1 0 0 0 
0 0 0 0 0 1 1 0 0 0 
0 0 0 0 0 0 1 1 0 0 
0 0 0 0 0 0 1 0 1 0 
0 0 0 0 0 0 1 0 0 1 
0 0 1 0 0 0 1 0 0 0 
0 0 0 0 0 1 1 0 0 0 
0 0 0 0 0 0 1 0 1 0 
1 0 0 0 0 0 0 0 0 1 
0 1 0 0 0 0 1 0 0 0 
0 1 0 0 0 0 0 0 0 1 
0 0 1 0 0 0 0 0 0 1 
0 0 0 1 0 0 0 0 0 1 
0 0 0 0 1 0 0 0 0 1 
0 0 0 0 0 1 0 0 0 1 
0 0 0 0 0 0 1 0 0 1 
0 0 0 0 0 0 0 1 0 1 
0 0 0 0 0 0 0 0 1 1 
0 0 1 0 0 0 0 0 0 1 
0 0 0 0 0 1 0 0 0 1 
0 0 0 0 0 0 0 0 1 1 
0 1 0 0 0 0 0 0 0 1 
1 0 0 0 0 0 1 0 0 0 
0 1 0 0 0 0 1 0 0 0 
0 0 1 0 0 0 1 0 0 0 
0 0 0 1 0 0 1 0 0 0 
0 0 0 0 1 0 1 0 0 0 
0 0 0 0 0 1 1 0 0 0 
0 0 0 0 0 0 1 1 0 0 
0 0 0 0 0 0 1 0 1 0 
0 0 0 0 0 0 1 0 0 1 
0 0 0 0 0 0 0 1 0 1 
0 0 1 0 0 0 1 0 0 0 
0 0 0 0 0 1 1 0 0 0 
0 0 0 0 0 0 1 0 1 0 
0 1 0 0 0 0 1 0 0 0 
0 1 0 0 0 0 0 1 0 0 
0 0 0 0 0 0 1 1 0 0 
0 0 0 0 0 0 0 1 0 1 
0 0 0 1 0 0 1 0 0 0 
0 0 0 1 0 0 0 1 0 0 
0 0 0 1 0 0 0 0 1 0 
0 0 0 1 0 0 0 0 0 1 
1 0 0 0 0 1 0 0 0 0 
0 0 0 0 0 1 1 0 0 0 
1 0 0 0 0 0 0 1 0 0 
0 1 0 0 0 0 0 1 0 0 
0 0 1 0 0 0 0 1 0 0 
0 0 0 0 1 0 0 1 0 0 
0 0 0 0 0 1 0 1 0 0 
0 0 0 0 0 0 1 1 0 0 
0 0 0 0 0 0 0 1 1 0 
0 0 0 0 0 0 0 1 0 1 
0 0 0 1 0 0 0 1 0 0 
0 0 0 0 1 0 0 1 0 0 
1 0 0 0 0 0 1 0 0 0 
0 1 0 0 0 0 1 0 0 0 
0 0 1 0 0 0 1 0 0 0 
0 0 0 1 0 0 1 0 0 0 
0 0 0 0 1 0 1 0 0 0 
0 0 0 0 0 1 1 0 0 0 
0 0 0 0 0 0 1 1 0 0 
0 0 0 0 0 0 1 0 1 0 
0 0 0 0 0 0 1 0 0 1 
0 0 0 0 1 0 1 0 0 0 
0 0 0 0 0 0 1 0 1 0 
0 0 0 0 0 0 0 1 1 0 
0 1 0 0 0 0 1 0 0 0 
0 1 0 0 0 0 0 1 0 0 
0 0 0 0 0 1 1 0 0 0 
0 0 0 0 0 1 0 1 0 0 
0 0 0 0 0 0 1 0 0 1 
0 0 0 0 0 0 0 1 0 1 
0 0 0 1 0 0 1 0 0 0 
0 0 0 1 0 0 0 1 0 0 
0 0 0 1 0 0 0 0 1 0 
0 0 0 1 0 0 0 0 0 1 
1 0 0 0 0 1 0 0 0 0 
1 0 0 0 0 0 1 0 0 0 
1 0 0 0 0 0 0 1 0 0 
1 0 0 0 0 0 0 0 1 0 
1 0 0 0 0 0 0 0 0 1 
0 1 0 0 0 0 1 0 0 0 
0 1 0 0 0 0 0 1 0 0 
1 0 0 1 0 0 0 0 0 0 
0 0 0 1 0 0 0 0 1 0 
0 0 0 0 0 1 1 0 0 0 
0 0 0 0 0 1 0 1 0 0 
1 0 0 0 0 0 0 0 0 1 
0 0 0 0 1 0 0 0 0 1 
1 0 0 1 0 0 0 0 0 0 
1 0 0 0 0 0 1 0 0 0 
0 0 1 1 0 0 0 0 0 0 
0 0 0 1 1 0 0 0 0 0 
0 0 0 1 0 0 1 0 0 0 
0 0 0 1 0 0 0 1 0 0 
0 0 0 1 0 0 0 0 1 0 
0 0 0 0 1 0 1 0 0 0 
0 0 0 0 0 0 1 0 1 0 
1 0 0 0 0 1 0 0 0 0 
0 0 0 0 1 1 0 0 0 0 
1 0 0 1 0 0 0 0 0 0 
0 1 0 1 0 0 0 0 0 0 
0 0 0 1 0 1 0 0 0 0 
0 0 0 1 0 0 0 1 0 0 
0 0 0 1 0 0 0 0 0 1 
1 0 0 0 0 0 1 0 0 0 
0 1 0 0 0 0 1 0 0 0 
0 0 1 0 0 0 1 0 0 0 
0 0 0 1 0 0 1 0 0 0 
0 0 0 0 1 0 1 0 0 0 
0 0 0 0 0 1 1 0 0 0 
0 0 0 0 0 0 1 1 0 0 
0 0 0 0 0 0 1 0 1 0 
0 0 0 0 0 0 1 0 0 1 
0 1 0 0 0 0 1 0 0 0 
0 0 0 0 0 0 1 0 1 0 
0 0 0 0 0 1 1 0 0 0 
0 0 0 0 0 0 1 0 0 1 
0 0 0 1 0 0 1 0 0 0 
0 0 1 0 0 0 1 0 0 0 
0 0 0 0 1 0 1 0 0 0 
1 0 0 0 0 0 0 1 0 0 
0 1 0 0 0 0 0 1 0 0 
0 0 1 0 0 0 0 1 0 0 
0 0 0 1 0 0 0 1 0 0 
0 0 0 0 1 0 0 1 0 0 
0 0 0 0 0 1 0 1 0 0 
0 0 0 0 0 0 1 1 0 0 
0 0 0 0 0 0 0 1 1 0 
0 0 0 0 0 0 0 1 0 1 
1 0 0 0 0 0 0 1 0 0 
0 1 0 0 0 0 0 1 0 0 
0 0 1 0 0 0 1 0 0 0 
0 0 1 0 0 0 0 1 0 0 
0 0 0 1 0 0 0 1 0 0 
0 0 0 0 1 0 0 1 0 0 
0 0 0 0 0 1 1 0 0 0 
0 0 0 0 0 1 0 1 0 0 
0 0 0 0 0 0 1 1 0 0 
0 0 0 0 0 0 0 1 1 0 
0 0 0 0 0 0 0 1 0 1 
0 0 1 0 0 0 1 0 0 0 
0 0 1 0 0 0 0 1 0 0 
0 1 0 0 0 0 0 1 0 0 
0 0 0 0 0 1 0 1 0 0 
0 0 0 0 0 0 0 1 1 0 
0 0 0 0 0 0 0 1 0 1 
0 0 0 1 0 0 0 1 0 0 
0 0 0 0 1 0 1 0 0 0 
0 0 0 0 1 0 0 1 0 0 
0 0 1 0 0 0 1 0 0 0 
0 0 1 0 0 0 0 1 0 0 
0 0 0 0 0 1 0 1 0 0 
0 0 0 0 0 0 0 1 0 1 
1 0 0 1 0 0 0 0 0 0 
0 1 0 1 0 0 0 0 0 0 
0 0 1 1 0 0 0 0 0 0 
0 0 0 1 1 0 0 0 0 0 
0 0 0 1 0 1 0 0 0 0 
0 0 0 1 0 0 1 0 0 0 
0 0 0 1 0 0 0 1 0 0 
0 0 0 1 0 0 0 0 1 0 
0 0 0 1 0 0 0 0 0 1 
1 0 0 0 0 0 0 1 0 0 
0 1 0 1 0 0 0 0 0 0 
0 0 1 1 0 0 0 0 0 0 
0 0 1 0 0 0 0 1 0 0 
0 0 0 1 0 0 0 1 0 0 
0 0 0 1 0 0 0 0 1 0 
0 0 0 0 0 1 0 1 0 0 
0 0 0 0 0 0 0 1 0 1 
1 0 0 0 0 0 1 0 0 0 
0 1 0 0 0 0 1 0 0 0 
0 0 1 0 0 0 1 0 0 0 
0 0 0 1 0 0 1 0 0 0 
0 0 0 0 1 0 1 0 0 0 
0 0 0 0 0 1 1 0 0 0 
0 0 0 0 0 0 1 1 0 0 
0 0 0 0 0 0 1 0 1 0 
0 0 0 0 0 0 1 0 0 1 
0 0 1 1 0 0 0 0 0 0 
0 0 1 0 0 0 1 0 0 0 
0 0 1 0 0 0 0 1 0 0 
0 1 0 0 0 0 1 0 0 0 
0 1 0 0 0 0 0 1 0 0 
0 0 0 0 0 0 1 0 1 0 
0 0 0 0 0 0 0 1 1 0 
0 0 0 1 0 1 0 0 0 0 
0 0 0 1 0 0 0 0 0 1 
0 0 0 0 0 1 1 0 0 0 
0 0 0 0 0 0 1 0 0 1 
0 0 0 0 0 0 0 1 0 1 
0 0 0 1 1 0 0 0 0 0 
0 0 0 0 1 0 1 0 0 0 
0 0 0 0 1 0 0 1 0 0 
1 0 0 1 0 0 0 0 0 0 
1 0 0 0 0 0 1 0 0 0 
1 0 0 0 0 0 0 1 0 0 
0 0 1 0 0 0 1 0 0 0 
0 0 1 0 0 0 0 1 0 0 
0 0 0 1 0 1 0 0 0 0 
0 0 0 0 0 1 1 0 0 0 
0 0 0 0 0 1 0 1 0 0 
0 0 0 1 0 0 0 0 1 0 
0 0 0 1 0 0 0 0 0 1 
0 0 0 0 0 0 1 0 1 0 
0 0 0 0 0 0 1 0 0 1 
1 0 0 1 0 0 0 0 0 0 
1 0 0 0 0 0 1 0 0 0 
0 0 1 1 0 0 0 0 0 0 
0 0 1 0 0 0 1 0 0 0 
0 0 1 0 0 0 0 1 0 0 
0 0 0 1 0 0 0 0 1 0 
0 0 0 0 0 0 1 0 1 0 
0 0 0 0 0 0 0 1 1 0 
0 1 1 0 0 0 0 0 0 0 
0 1 0 0 0 0 1 0 0 0 
0 0 0 1 0 0 0 0 0 1 
0 0 0 0 0 0 1 0 0 1 
1 0 0 0 0 0 0 1 0 0 
0 0 1 0 0 0 0 1 0 0 
0 0 0 0 1 0 0 1 0 0 
0 0 0 0 0 0 1 1 0 0 
0 0 0 0 0 1 0 1 0 0 
1 0 0 0 0 0 1 0 0 0 
0 1 0 0 0 0 1 0 0 0 
0 0 1 0 0 0 1 0 0 0 
0 0 0 1 0 0 1 0 0 0 
0 0 0 0 1 0 1 0 0 0 
0 0 0 0 0 1 1 0 0 0 
0 0 0 0 0 0 1 1 0 0 
0 0 0 0 0 0 1 0 1 0 
0 0 0 0 0 0 1 0 0 1 
0 0 0 0 0 1 1 0 0 0 
0 0 0 0 0 0 1 1 0 0 
0 0 1 0 0 0 1 0 0 0 
0 1 0 0 0 0 1 0 0 0 
0 0 0 0 1 0 1 0 0 0 
1 0 0 0 0 0 1 0 0 0 
0 0 0 1 0 0 1 0 0 0 
0 0 0 0 0 0 1 0 0 1 
0 0 0 0 0 0 1 0 1 0 
0 0 0 0 0 1 1 0 0 0 
0 1 0 0 1 0 0 0 0 0 
0 1 0 0 0 0 0 1 0 0 
0 1 0 0 0 0 0 0 0 1 
0 1 1 0 0 0 0 0 0 0 
0 1 0 0 1 0 0 0 0 0 
0 1 1 0 0 0 0 0 0 0 
0 0 0 0 0 0 1 1 0 0 
0 1 0 0 1 0 0 0 0 0 
0 1 1 0 0 0 0 0 0 0 
1 1 1 1 1 1 1 1 1 1 
;
TIMETABLE BEST: 
0.0 0.0 0.0 0.0 0.0 0.0 0.0 0.0 0.0 0.0 
14 14 0 0 0 0 0 0 0 0 
17 14 17 0 0 0 0 0 0 0 
17 17 17 0 0 0 0 0 0 0 
18 17 17 18 0 0 0 0 0 0 
18 18 17 18 0 0 0 0 0 0 
18 18 18 18 0 0 0 0 0 0 
24 18 18 18 24 0 0 0 0 0 
24 18 18 18 24 24 0 0 0 0 
24 24 18 18 24 24 0 0 0 0 
24 24 18 18 24 24 0 0 0 0 
24 24 24 18 24 24 0 0 0 0 
24 24 24 18 24 24 0 0 0 0 
24 24 24 24 24 24 0 0 0 0 
24 24 24 24 24 24 0 0 0 0 
24 24 24 24 24 24 0 0 0 0 
26 24 24 24 24 24 26 0 0 0 
26 26 24 24 24 24 26 0 0 0 
26 26 26 24 24 24 26 0 0 0 
26 26 26 26 24 24 26 0 0 0 
26 26 26 26 26 24 26 0 0 0 
26 26 26 26 26 26 26 0 0 0 
33 26 26 26 26 26 26 33 0 0 
33 33 26 26 26 26 26 33 33 0 
33 33 33 26 26 26 26 33 33 0 
33 33 33 33 26 26 26 33 33 0 
33 33 33 33 33 26 26 33 33 0 
33 33 33 33 33 33 26 33 33 0 
33 33 33 33 33 33 33 33 33 0 
36 33 33 33 33 33 33 33 33 36 
36 36 33 33 33 33 33 33 33 36 
36 36 36 33 33 33 33 33 33 36 
36 36 36 36 33 33 33 33 33 36 
36 36 36 36 36 33 33 33 33 36 
36 36 36 36 36 36 33 33 33 36 
36 36 36 36 36 36 36 33 33 36 
36 36 36 36 36 36 36 36 33 36 
48 36 36 36 36 36 36 36 48 36 
48 48 36 36 36 36 36 36 48 36 
48 48 48 36 36 36 36 36 48 36 
48 48 48 48 36 36 36 36 48 36 
48 48 48 48 48 36 36 36 48 36 
48 48 48 48 48 48 36 36 48 36 
48 48 48 48 48 48 36 48 48 36 
48 48 48 48 48 48 36 48 48 48 
49 48 48 48 48 48 49 48 48 48 
49 49 48 48 48 48 49 48 48 48 
49 49 49 48 48 48 49 48 48 48 
49 49 49 49 48 48 49 48 48 48 
49 49 49 49 49 48 49 48 48 48 
49 49 49 49 49 49 49 48 48 48 
49 49 49 49 49 49 49 49 48 48 
49 49 49 49 49 49 49 49 49 48 
49 49 49 49 49 49 49 49 49 49 
49 49 58 49 49 49 58 49 49 49 
49 49 58 49 49 49 58 49 58 49 
67 49 58 49 49 49 58 49 58 67 
67 67 58 49 49 49 58 49 58 67 
67 67 67 49 49 49 58 49 58 67 
67 67 67 67 49 49 58 49 58 67 
67 67 67 67 67 49 58 49 58 67 
67 67 67 67 67 67 58 49 58 67 
67 67 67 67 67 67 58 67 58 67 
69 67 67 67 67 67 69 67 58 67 
69 69 67 67 67 67 69 67 58 67 
69 69 69 67 67 67 69 67 58 67 
69 69 69 69 67 67 69 67 58 67 
69 69 69 69 69 67 69 67 58 67 
69 69 69 69 69 69 69 67 58 67 
69 69 69 69 69 69 69 69 58 67 
69 69 69 69 69 69 69 69 58 69 
72 69 69 69 69 69 69 69 72 69 
72 72 69 69 69 69 69 69 72 69 
72 72 72 69 69 69 69 69 72 69 
72 72 72 72 69 69 69 69 72 69 
72 72 72 72 72 69 69 69 72 69 
72 72 72 72 72 72 69 69 72 69 
72 72 72 72 72 72 72 69 72 69 
72 72 72 72 72 72 72 72 72 69 
72 72 72 72 72 72 72 72 72 72 
72 72 81 72 72 72 81 72 72 72 
72 72 81 72 72 72 81 72 81 72 
72 72 81 72 72 72 81 72 81 81 
72 84 81 72 72 84 81 72 81 81 
72 84 81 72 72 84 81 72 84 81 
72 84 81 72 72 84 81 72 84 84 
87 84 81 72 72 84 81 87 84 84 
87 87 81 72 72 84 81 87 84 84 
87 87 87 72 72 84 81 87 84 84 
87 87 87 87 72 87 81 87 84 84 
87 87 87 87 72 87 81 87 84 84 
87 87 87 87 72 87 81 87 87 84 
87 87 87 87 72 87 81 87 87 87 
87 87 87 87 87 87 81 87 87 87 
87 87 87 87 87 87 81 87 87 87 
87 87 87 87 87 87 81 87 87 87 
87 87 87 87 87 87 81 87 87 87 
87 87 87 87 87 87 92 92 87 87 
87 87 96 87 87 87 92 96 87 87 
98 87 96 87 87 87 92 96 98 87 
98 98 96 87 87 87 92 96 98 87 
98 98 98 87 87 87 92 96 98 87 
98 98 98 98 87 87 92 96 98 87 
98 98 98 98 98 87 92 96 98 87 
98 98 98 98 98 98 92 96 98 87 
98 98 98 98 98 98 92 98 98 87 
98 98 98 98 98 98 92 98 98 98 
98 98 98 98 98 98 103 98 103 98 
98 98 107 98 98 98 103 98 107 98 
110 98 107 98 98 98 103 98 107 110 
110 110 107 98 98 98 103 110 107 110 
110 110 107 98 98 98 103 110 110 110 
110 110 107 98 98 98 103 110 110 110 
110 110 110 98 98 98 103 110 110 110 
110 110 110 110 98 98 103 110 110 110 
110 110 110 110 110 98 103 110 110 110 
110 110 110 110 110 110 103 110 110 110 
110 110 110 110 110 110 110 110 110 110 
110 110 110 110 110 110 110 110 110 110 
110 110 110 110 110 110 110 110 110 110 
110 110 119 110 110 110 110 110 110 119 
110 110 119 110 110 110 110 110 121 121 
122 110 119 110 110 110 122 110 121 121 
122 122 119 110 110 110 122 110 121 121 
122 122 122 110 110 110 122 110 121 121 
122 122 122 122 110 110 122 110 121 121 
122 122 122 122 122 110 122 110 121 121 
122 122 122 122 122 122 122 110 121 121 
122 122 122 122 122 122 122 122 121 121 
122 122 122 122 122 122 122 122 122 121 
122 122 122 122 122 122 122 122 122 122 
122 122 131 122 122 122 131 122 122 122 
122 122 131 122 122 133 133 122 122 122 
122 122 131 122 122 133 133 122 133 122 
134 122 131 122 122 133 133 122 133 134 
134 134 131 122 122 133 134 122 133 134 
134 134 131 122 122 133 134 122 133 134 
134 134 134 122 122 133 134 122 133 134 
134 134 134 134 122 133 134 122 133 134 
134 134 134 134 134 133 134 122 133 134 
134 134 134 134 134 134 134 122 133 134 
134 134 134 134 134 134 134 122 133 134 
134 134 134 134 134 134 134 134 133 134 
134 134 134 134 134 134 134 134 134 134 
134 134 143 134 134 134 134 134 134 143 
134 134 143 134 134 145 134 134 134 145 
134 134 143 134 134 145 134 134 145 145 
134 146 143 134 134 145 134 134 145 146 
147 146 143 134 134 145 147 134 145 146 
147 147 143 134 134 145 147 134 145 146 
147 147 147 134 134 145 147 134 145 146 
147 147 147 147 134 145 147 134 145 146 
147 147 147 147 147 145 147 134 145 146 
147 147 147 147 147 147 147 134 145 146 
147 147 147 147 147 147 147 147 145 146 
147 147 147 147 147 147 147 147 147 146 
147 147 147 147 147 147 147 147 147 147 
147 147 147 147 147 147 147 147 147 147 
147 147 156 147 147 147 156 147 147 147 
147 147 156 147 147 158 158 147 147 147 
147 147 156 147 147 158 158 147 158 147 
147 159 156 147 147 158 159 147 158 147 
147 159 156 147 147 158 159 159 158 147 
147 159 156 147 147 158 159 159 158 147 
147 159 156 147 147 158 159 159 158 159 
147 159 156 162 147 158 162 159 158 159 
147 159 156 162 147 158 162 162 158 159 
147 159 156 162 147 158 162 162 162 159 
147 159 156 162 147 158 162 162 162 162 
170 159 156 162 147 170 162 162 162 162 
170 159 156 162 147 170 170 162 162 162 
174 159 156 162 147 170 170 174 162 162 
174 174 156 162 147 170 170 174 162 162 
174 174 174 162 147 170 170 174 162 162 
174 174 174 162 174 170 170 174 162 162 
174 174 174 162 174 174 170 174 162 162 
174 174 174 162 174 174 174 174 162 162 
174 174 174 162 174 174 174 174 174 162 
174 174 174 162 174 174 174 174 174 174 
174 174 174 177 174 174 174 177 174 174 
174 174 174 177 183 174 174 183 174 174 
185 174 174 177 183 174 185 183 174 174 
185 185 174 177 183 174 185 183 174 174 
185 185 185 177 183 174 185 183 174 174 
185 185 185 185 183 174 185 183 174 174 
185 185 185 185 185 174 185 183 174 174 
185 185 185 185 185 185 185 183 174 174 
185 185 185 185 185 185 185 185 174 174 
185 185 185 185 185 185 185 185 185 174 
185 185 185 185 185 185 185 185 185 185 
185 185 185 185 194 185 194 185 185 185 
185 185 185 185 194 185 196 185 196 185 
185 185 185 185 194 185 196 196 196 185 
185 197 185 185 194 185 197 196 196 185 
185 197 185 185 194 185 197 197 196 185 
185 197 185 185 194 197 197 197 196 185 
185 197 185 185 194 197 197 197 196 185 
185 197 185 185 194 197 197 197 196 197 
185 197 185 185 194 197 197 197 196 197 
185 197 185 200 194 197 200 197 196 197 
185 197 185 200 194 197 200 200 196 197 
185 197 185 200 194 197 200 200 200 197 
185 197 185 200 194 197 200 200 200 200 
205 197 185 200 194 205 200 200 200 200 
205 197 185 200 194 205 205 200 200 200 
205 197 185 200 194 205 205 205 200 200 
205 197 185 200 194 205 205 205 205 200 
205 197 185 200 194 205 205 205 205 205 
205 209 185 200 194 205 209 205 205 205 
205 209 185 200 194 205 209 209 205 205 
214 209 185 214 194 205 209 209 205 205 
214 209 185 214 194 205 209 209 214 205 
214 209 185 214 194 216 216 209 214 205 
214 209 185 214 194 216 216 216 214 205 
217 209 185 214 194 216 216 216 214 217 
217 209 185 214 217 216 216 216 214 217 
227 209 185 227 217 216 216 216 214 217 
227 209 185 227 217 216 227 216 214 217 
227 209 227 227 217 216 227 216 214 217 
227 209 227 227 227 216 227 216 214 217 
227 209 227 227 227 216 227 216 214 217 
227 209 227 227 227 216 227 227 214 217 
227 209 227 227 227 216 227 227 227 217 
227 209 227 227 227 216 227 227 227 217 
227 209 227 227 227 216 227 227 227 217 
229 209 227 227 227 229 227 227 227 217 
229 209 227 227 229 229 227 227 227 217 
240 209 227 240 229 229 227 227 227 217 
240 240 227 240 229 229 227 227 227 217 
240 240 227 240 229 240 227 227 227 217 
240 240 227 240 229 240 227 240 227 217 
240 240 227 240 229 240 227 240 227 240 
247 240 227 240 229 240 247 240 227 240 
247 247 227 240 229 240 247 240 227 240 
247 247 247 240 229 240 247 240 227 240 
247 247 247 247 229 240 247 240 227 240 
247 247 247 247 247 240 247 240 227 240 
247 247 247 247 247 247 247 240 227 240 
247 247 247 247 247 247 247 247 227 240 
247 247 247 247 247 247 247 247 247 240 
247 247 247 247 247 247 247 247 247 247 
247 258 247 247 247 247 258 247 247 247 
247 258 247 247 247 247 258 247 258 247 
247 258 247 247 247 259 259 247 258 247 
247 258 247 247 247 259 259 247 258 259 
247 258 247 260 247 259 260 247 258 259 
247 258 261 260 247 259 261 247 258 259 
247 258 261 260 262 259 262 247 258 259 
265 258 261 260 262 259 262 265 258 259 
265 265 261 260 262 259 262 265 258 259 
265 265 265 260 262 259 262 265 258 259 
265 265 265 265 262 259 262 265 258 259 
265 265 265 265 265 259 262 265 258 259 
265 265 265 265 265 265 262 265 258 259 
265 265 265 265 265 265 265 265 258 259 
265 265 265 265 265 265 265 265 265 259 
265 265 265 265 265 265 265 265 265 265 
276 265 265 265 265 265 265 276 265 265 
276 276 265 265 265 265 265 276 265 265 
276 276 276 265 265 265 276 276 265 265 
276 276 276 265 265 265 276 276 265 265 
276 276 276 276 265 265 276 276 265 265 
276 276 276 276 276 265 276 276 265 265 
276 276 276 276 276 276 276 276 265 265 
276 276 276 276 276 276 276 276 265 265 
276 276 276 276 276 276 276 276 265 265 
276 276 276 276 276 276 276 276 276 265 
276 276 276 276 276 276 276 276 276 276 
276 276 285 276 276 276 285 276 276 276 
276 276 285 276 276 276 285 285 276 276 
276 287 285 276 276 276 285 287 276 276 
276 287 285 276 276 287 285 287 276 276 
276 287 285 276 276 287 285 287 287 276 
276 287 285 276 276 287 285 288 287 288 
276 287 285 289 276 287 285 289 287 288 
276 287 285 289 291 287 291 289 287 288 
276 287 285 289 291 287 291 291 287 288 
276 287 297 289 291 287 297 291 287 288 
276 287 297 289 291 287 297 297 287 288 
276 287 297 289 291 299 297 299 287 288 
276 287 297 289 291 299 297 300 287 300 
306 287 297 306 291 299 297 300 287 300 
306 306 297 306 291 299 297 300 287 300 
306 306 306 306 291 299 297 300 287 300 
306 306 306 306 306 299 297 300 287 300 
306 306 306 306 306 306 297 300 287 300 
306 306 306 306 306 306 306 300 287 300 
306 306 306 306 306 306 306 306 287 300 
306 306 306 306 306 306 306 306 306 300 
306 306 306 306 306 306 306 306 306 306 
317 306 306 306 306 306 306 317 306 306 
317 317 306 317 306 306 306 317 306 306 
317 317 317 317 306 306 306 317 306 306 
317 317 317 317 306 306 306 317 306 306 
317 317 317 317 306 306 306 317 306 306 
317 317 317 317 306 306 306 317 317 306 
317 317 317 317 306 317 306 317 317 306 
317 317 317 317 306 317 306 317 317 317 
319 317 317 317 306 317 319 317 317 317 
319 319 317 317 306 317 319 317 317 317 
319 319 319 317 306 317 319 317 317 317 
319 319 319 319 306 317 319 317 317 317 
319 319 319 319 319 317 319 317 317 317 
319 319 319 319 319 319 319 317 317 317 
319 319 319 319 319 319 319 319 317 317 
319 319 319 319 319 319 319 319 319 317 
319 319 319 319 319 319 319 319 319 319 
319 319 328 328 319 319 319 319 319 319 
319 319 328 328 319 319 328 319 319 319 
319 319 328 328 319 319 328 328 319 319 
319 330 328 328 319 319 330 328 319 319 
319 330 328 328 319 319 330 330 319 319 
319 330 328 328 319 319 330 330 330 319 
319 330 328 328 319 319 330 330 330 319 
319 330 328 331 319 331 330 330 330 319 
319 330 328 331 319 331 330 330 330 331 
319 330 328 331 319 331 331 330 330 331 
319 330 328 331 319 331 331 330 330 331 
319 330 328 331 319 331 331 331 330 331 
319 330 328 334 334 331 331 331 330 331 
319 330 328 334 334 331 334 331 330 331 
319 330 328 334 334 331 334 334 330 331 
337 330 328 337 334 331 334 334 330 331 
337 330 328 337 334 331 337 334 330 331 
337 330 328 337 334 331 337 337 330 331 
337 330 340 337 334 331 340 337 330 331 
337 330 340 337 334 331 340 340 330 331 
337 330 340 342 334 342 340 340 330 331 
337 330 340 342 334 342 342 340 330 331 
337 330 340 342 334 342 342 342 330 331 
337 330 340 343 334 342 342 342 343 331 
337 330 340 343 334 342 342 342 343 343 
337 330 340 343 334 342 343 342 343 343 
337 330 340 343 334 342 343 342 343 343 
351 330 340 351 334 342 343 342 343 343 
351 330 340 351 334 342 351 342 343 343 
351 330 352 352 334 342 351 342 343 343 
351 330 352 352 334 342 352 342 343 343 
351 330 352 352 334 342 352 352 343 343 
351 330 352 356 334 342 352 352 356 343 
351 330 352 356 334 342 356 352 356 343 
351 330 352 356 334 342 356 356 356 343 
351 359 359 356 334 342 356 356 356 343 
351 359 359 356 334 342 359 356 356 343 
351 359 359 365 334 342 359 356 356 365 
351 359 359 365 334 342 365 356 356 365 
367 359 359 365 334 342 365 367 356 365 
367 359 367 365 334 342 365 367 356 365 
367 359 367 365 367 342 365 367 356 365 
367 359 367 365 367 342 367 367 356 365 
367 359 367 365 367 369 367 369 356 365 
377 359 367 365 367 369 377 369 356 365 
377 377 367 365 367 369 377 369 356 365 
377 377 377 365 367 369 377 369 356 365 
377 377 377 377 367 369 377 369 356 365 
377 377 377 377 377 369 377 369 356 365 
377 377 377 377 377 377 377 369 356 365 
377 377 377 377 377 377 377 377 356 365 
377 377 377 377 377 377 377 377 377 365 
377 377 377 377 377 377 383 377 377 383 
377 377 377 377 377 388 388 377 377 383 
377 377 377 377 377 388 388 388 377 383 
377 377 389 377 377 388 389 388 377 383 
377 390 389 377 377 388 390 388 377 383 
377 390 389 377 391 388 391 388 377 383 
395 390 389 377 391 388 395 388 377 383 
395 390 389 395 391 388 395 388 377 383 
395 390 389 395 391 388 395 388 377 395 
395 390 389 395 391 388 396 388 396 395 
395 390 389 395 391 397 397 388 396 395 
395 402 389 395 402 397 397 388 396 395 
395 406 389 395 402 397 397 406 396 395 
395 407 389 395 402 397 397 406 396 407 
395 408 408 395 402 397 397 406 396 407 
395 415 408 395 415 397 397 406 396 407 
395 419 419 395 415 397 397 406 396 407 
395 419 419 395 415 397 424 424 396 407 
395 426 419 395 426 397 424 424 396 407 
395 431 431 395 426 397 424 424 396 407 
413.0 537.0 483.0 450.0 489.0 421.0 525.0 516.0 429.0 465.0 
;
EXECUTION TIME HBSS: 15788.8046839 seconds 

-------------------------------------------------------------------
