DATFILE : bwopen0_7r_1000.dat
ENVIRONMENT : bwopen
ALGORITHM : HBSS - TAU 2
RANGE : 1000
STARTING_POS : 0
N_ROBOTS : 7
GREEDY SOLUTION : [ 2430.]
COMPUTATIONS D :
2794
3114
3202
3704
3194
3068
3324
3148
2958
3122
3210
3434
2962
2970
2978
3360
3060
3096
2888
3320
3072
2918
3376
3422
3050
2844
3082
2906
3136
3114
3220
2936
3120
3294
2814
3220
2980
3184
3260
3588
3510
3214
3412
3092
3292
2680
3072
3054
3204
2928
3418
3448
2920
3340
3034
3034
2912
3350
3006
3074
3350
3052
3188
3190
3192
3066
2942
3190
3246
3224
2994
3026
3226
3204
3056
3176
3106
3142
3296
3114
3568
3180
3466
3086
3112
3186
3444
2932
3190
3132
2968
2958
3224
3204
3146
3280
3036
3118
2918
3212
3140
2762
2894
3194
3516
3300
3240
3268
3274
3170
2978
3044
3084
2922
3218
3276
3158
3332
3498
3330
3030
3212
3248
2780
3208
3090
3350
3150
2990
3036
3238
3138
3340
3034
3184
3056
3292
3036
2998
3392
3044
3470
3130
3252
3284
3096
3098
3266
3138
3036
2880
2944
3090
3270
3172
3258
3070
3146
3030
3118
2994
3194
3118
2900
3118
3360
3290
3314
3482
3158
3028
3078
3242
3500
3274
3028
3126
3184
3308
3086
3046
2950
2888
3230
3310
2962
3298
2978
2960
2948
2982
3086
2914
2980
3094
2820
3198
2976
3488
2960
;
HBBS sumD : 2680
BEST_CONFIGURATIONS : 
0 0 0 0 0 0 0 
0 4 0 0 0 0 0 
0 4 26 0 0 0 0 
0 4 26 1 0 0 0 
0 4 26 1 5 0 0 
0 4 26 1 5 0 22 
0 4 26 1 5 8 22 
0 4 26 1 5 8 22 
1 4 26 1 5 8 22 
1 4 26 1 5 8 22 
1 4 26 1 5 8 22 
1 4 26 1 5 8 22 
1 22 26 1 5 8 22 
1 22 26 1 5 8 22 
1 22 26 1 5 8 22 
1 22 5 1 5 8 22 
1 22 5 1 5 8 22 
1 22 5 1 5 8 22 
1 22 5 27 5 8 22 
1 22 5 27 5 8 22 
27 22 5 27 5 8 22 
27 22 5 27 5 8 22 
27 22 5 27 5 8 22 
27 22 26 27 5 8 22 
27 22 26 27 5 13 22 
27 4 26 27 5 13 22 
27 4 26 27 5 13 22 
27 4 26 27 5 13 13 
27 4 26 27 5 13 13 
9 4 26 27 5 13 13 
9 4 26 27 26 13 13 
9 4 26 27 26 25 13 
9 4 26 27 26 25 13 
9 4 26 27 26 25 13 
9 4 26 27 26 25 13 
9 4 26 27 26 25 13 
9 4 26 27 0 25 13 
9 4 26 9 0 25 13 
9 4 26 9 0 25 13 
9 4 26 9 0 25 17 
9 8 26 9 0 25 17 
9 8 22 9 0 25 17 
9 8 22 9 0 25 17 
9 8 22 9 0 25 17 
9 8 22 9 0 25 17 
9 8 22 9 0 25 17 
9 8 22 9 0 25 17 
9 8 22 9 0 25 17 
9 8 22 9 0 25 17 
9 8 22 9 0 25 17 
9 8 22 9 0 25 17 
9 8 22 9 0 25 17 
10 8 22 9 0 25 17 
10 8 22 24 0 25 17 
10 8 4 24 0 25 17 
10 8 4 24 0 25 17 
10 8 4 24 0 25 17 
10 8 4 24 0 25 17 
10 8 4 24 0 25 17 
10 8 4 24 0 25 17 
10 8 4 24 0 25 17 
10 8 4 24 4 25 17 
10 8 4 24 4 25 17 
10 8 4 24 4 25 17 
10 8 4 24 4 14 17 
10 8 4 24 4 14 13 
10 8 4 24 4 14 13 
10 8 4 24 4 14 13 
15 8 4 24 4 14 13 
15 22 4 24 4 14 13 
15 22 4 24 4 14 13 
15 22 4 24 4 14 13 
15 22 4 24 4 14 13 
15 22 4 24 4 14 13 
15 22 26 24 4 14 13 
15 22 26 24 4 14 13 
15 22 26 24 4 14 13 
15 22 26 24 4 14 13 
15 22 26 24 4 14 13 
15 22 26 24 4 14 13 
15 22 26 24 4 14 13 
15 22 26 24 0 18 13 
15 5 26 24 0 18 13 
15 5 26 24 0 18 17 
15 5 26 24 0 18 17 
15 5 26 24 0 18 17 
15 5 26 24 0 18 17 
15 5 26 24 0 18 17 
15 5 26 6 0 18 17 
15 5 26 6 0 18 17 
15 5 26 6 0 18 17 
15 5 26 6 0 18 17 
15 5 26 6 0 18 17 
15 5 26 6 0 18 17 
15 5 26 6 0 18 17 
15 5 26 6 0 18 17 
10 5 26 6 0 18 17 
10 5 26 6 0 18 17 
10 5 26 6 0 18 17 
10 5 26 6 0 18 17 
10 5 26 6 0 18 17 
10 5 4 6 0 18 17 
10 5 4 6 0 18 17 
10 5 4 6 0 18 17 
10 5 4 6 0 18 17 
10 5 4 6 0 18 17 
10 5 4 6 0 18 13 
10 5 4 21 0 18 13 
10 5 4 21 0 18 13 
10 5 4 21 0 18 13 
10 5 4 21 0 18 13 
10 5 4 21 0 14 13 
10 5 4 21 0 14 13 
10 5 4 21 0 14 13 
10 5 4 21 0 14 13 
10 5 4 21 0 14 13 
10 5 4 21 0 14 13 
10 26 4 21 0 14 13 
10 26 4 21 0 14 13 
10 26 4 21 0 14 13 
10 26 4 3 0 14 13 
10 26 4 3 1 14 13 
10 26 4 3 1 14 13 
10 26 4 3 1 14 13 
10 26 4 3 1 14 13 
11 26 4 3 1 14 13 
11 26 4 3 1 19 13 
11 26 4 3 1 19 13 
11 26 4 3 1 19 13 
11 26 4 3 1 19 13 
11 26 4 3 1 19 13 
11 26 5 3 1 19 13 
11 22 5 3 1 19 13 
11 22 5 3 1 19 25 
11 22 5 3 1 19 25 
11 22 5 3 1 19 25 
11 22 5 3 1 19 25 
11 22 5 3 1 19 25 
11 22 5 3 1 19 18 
11 22 5 3 1 19 18 
11 22 5 3 2 19 18 
11 22 5 3 2 19 18 
11 8 5 3 2 19 18 
11 8 5 7 2 19 18 
11 8 5 7 2 19 18 
11 8 26 7 2 19 18 
11 8 26 7 2 19 18 
11 8 26 7 2 19 18 
11 8 26 7 2 19 18 
11 8 26 7 2 19 18 
11 8 26 7 2 19 18 
11 8 26 7 2 19 18 
11 8 26 7 2 19 18 
11 8 26 7 2 19 18 
11 8 26 7 2 19 18 
11 8 26 7 2 19 18 
11 8 0 7 2 19 18 
11 8 0 7 2 19 18 
11 8 0 7 2 19 14 
11 8 0 7 2 19 14 
11 8 0 7 2 19 14 
6 8 0 7 2 19 14 
6 22 0 7 2 19 14 
6 22 0 7 2 19 14 
6 22 0 7 2 19 14 
6 22 0 7 2 19 14 
6 22 0 7 2 19 14 
6 22 0 7 2 19 14 
6 22 0 7 2 19 14 
6 22 0 7 2 19 14 
6 22 0 7 2 19 14 
6 22 0 7 2 19 14 
6 22 0 7 2 19 14 
6 22 0 7 2 19 14 
6 22 0 7 2 19 14 
6 4 0 7 2 19 14 
6 4 0 7 2 19 14 
6 4 0 21 2 19 14 
6 4 0 21 2 19 14 
6 4 0 21 2 19 14 
6 4 0 21 2 20 14 
6 4 0 21 2 20 14 
24 4 0 21 2 20 14 
24 4 0 21 2 20 18 
24 4 0 21 2 20 18 
24 4 1 21 2 20 18 
24 4 1 21 27 20 18 
24 4 1 21 27 20 18 
24 4 1 21 27 20 18 
24 4 1 6 27 20 18 
24 4 1 6 27 20 18 
24 4 1 6 27 20 18 
24 4 1 6 27 20 18 
24 4 1 6 27 20 18 
24 4 1 6 27 20 18 
24 4 1 6 27 20 18 
24 4 1 6 9 20 18 
24 4 1 6 9 20 18 
24 4 1 6 9 20 18 
24 4 1 6 9 23 18 
24 4 1 6 9 23 18 
24 4 1 6 9 23 18 
24 4 1 6 9 23 18 
24 0 1 6 9 16 18 
24 0 1 6 9 16 14 
24 0 1 6 9 16 14 
9 0 1 6 9 16 14 
9 0 1 6 9 16 14 
9 0 1 21 9 16 14 
9 0 1 21 9 16 14 
9 0 1 21 9 16 14 
9 0 1 21 9 16 14 
9 0 1 21 9 16 15 
9 0 1 21 9 12 15 
9 0 1 7 9 12 15 
9 0 2 7 9 12 15 
9 0 2 7 9 12 15 
9 0 2 7 9 12 15 
9 0 2 7 10 12 15 
10 0 2 7 10 12 15 
10 0 2 7 10 12 15 
10 0 2 7 10 12 15 
10 0 2 7 10 12 15 
10 0 2 7 10 12 15 
10 0 2 7 10 12 15 
10 0 2 7 10 12 15 
10 4 2 7 10 12 15 
10 4 2 7 10 12 15 
10 4 2 7 10 12 15 
10 4 2 7 10 12 15 
10 4 2 7 10 16 15 
10 4 2 7 10 16 15 
10 4 2 21 10 16 15 
10 4 2 21 10 16 15 
10 4 2 21 10 16 10 
10 4 27 21 10 16 10 
10 22 27 21 10 16 10 
10 22 27 21 10 16 10 
10 8 27 21 10 16 10 
10 8 27 21 11 16 10 
10 8 27 21 11 23 10 
15 8 27 21 11 23 10 
15 8 27 21 11 23 10 
15 8 27 21 11 23 24 
15 8 27 21 11 23 24 
14 8 27 21 11 23 24 
14 8 27 21 11 23 24 
14 8 27 21 11 23 24 
14 8 27 21 11 23 24 
14 8 27 21 11 23 24 
14 8 27 21 11 23 24 
14 8 27 6 11 23 24 
14 8 27 6 11 23 24 
14 8 27 6 11 23 24 
14 8 27 6 11 23 24 
14 8 27 6 11 23 24 
14 8 27 6 11 23 24 
14 8 27 6 11 16 24 
18 8 27 6 11 16 24 
18 8 27 6 11 16 2 
18 8 1 6 11 16 2 
18 8 1 6 11 16 2 
18 8 1 6 11 12 2 
18 17 1 6 11 12 2 
18 17 1 6 11 12 2 
25 17 1 6 11 12 2 
25 17 1 6 11 12 2 
25 17 1 6 11 12 2 
25 17 1 6 11 12 2 
25 17 1 9 11 12 2 
25 17 1 9 19 12 2 
25 17 1 9 19 12 2 
25 17 27 9 19 12 2 
25 17 27 9 19 12 2 
25 17 27 9 19 12 2 
25 17 27 9 19 12 2 
25 17 27 9 19 12 2 
25 17 27 9 19 12 2 
25 13 27 9 19 12 2 
25 13 27 9 19 12 2 
25 13 27 9 19 12 2 
25 13 27 9 19 16 2 
25 13 27 9 19 16 2 
25 13 27 9 19 16 2 
25 13 27 9 19 16 2 
25 13 27 9 19 16 2 
25 13 27 9 19 23 2 
25 13 27 9 19 23 3 
25 13 27 9 19 23 3 
18 13 27 9 19 23 3 
18 13 27 9 19 23 3 
18 13 27 9 19 23 3 
18 13 27 10 19 23 3 
18 13 27 10 19 23 7 
18 17 27 10 19 23 7 
18 17 5 10 19 23 7 
18 17 5 10 19 23 7 
18 17 4 10 19 23 7 
14 17 4 10 19 23 7 
14 17 4 10 19 20 7 
14 17 4 10 20 20 7 
14 17 4 10 20 20 7 
14 17 4 10 20 20 7 
14 17 4 10 23 20 7 
14 17 4 10 23 20 7 
14 17 4 15 23 20 7 
14 17 4 15 23 20 7 
14 13 4 15 23 20 7 
14 13 4 15 23 20 7 
14 13 4 15 23 20 7 
14 13 4 15 23 20 7 
14 13 4 15 23 20 7 
14 13 4 15 23 20 7 
14 13 4 15 23 20 7 
14 13 4 15 16 20 7 
14 13 4 15 16 20 7 
14 13 4 15 16 20 7 
9 13 4 15 16 20 7 
9 13 4 15 16 20 7 
9 25 4 15 16 20 7 
9 25 26 15 16 20 7 
9 25 26 15 16 20 7 
9 25 26 15 16 20 3 
9 25 26 15 16 19 3 
9 25 26 15 16 19 3 
9 25 26 15 16 19 3 
9 25 26 15 16 19 3 
9 25 26 18 16 19 3 
9 25 26 18 16 19 3 
9 25 26 18 16 19 3 
9 25 5 18 16 19 3 
9 25 5 18 23 19 3 
9 25 5 18 23 19 3 
9 25 5 18 23 19 3 
24 25 5 18 23 19 3 
24 17 5 18 23 19 3 
24 17 5 18 23 19 3 
24 17 5 18 23 20 3 
24 17 5 18 23 20 3 
24 17 5 18 23 20 3 
24 17 5 14 23 20 3 
24 17 26 14 23 20 3 
24 17 26 14 16 20 3 
6 17 26 14 16 20 3 
6 17 26 14 16 20 3 
6 17 26 14 16 23 3 
6 17 26 14 12 23 3 
6 17 26 14 12 23 3 
6 17 5 14 12 23 3 
6 17 5 14 12 23 21 
6 17 5 14 12 16 21 
6 25 5 14 12 16 21 
6 25 5 14 12 16 21 
6 25 5 14 12 16 21 
6 18 5 14 12 16 21 
6 18 5 18 12 16 21 
6 18 5 18 12 16 6 
6 18 5 18 12 16 6 
6 18 22 18 12 16 6 
24 18 22 18 12 16 6 
24 18 22 18 12 16 6 
24 18 22 18 12 23 6 
24 18 22 18 12 23 6 
24 18 22 18 12 20 6 
24 18 26 18 12 20 6 
24 18 26 18 7 20 21 
24 18 26 18 7 20 21 
24 18 26 18 7 20 3 
24 18 26 13 12 20 3 
24 17 26 13 12 20 3 
24 17 22 13 12 20 3 
2 17 22 13 12 20 3 
2 17 22 8 12 20 3 
21 17 22 8 12 20 3 
21 17 22 8 12 23 3 
21 25 22 8 12 23 3 
21 25 0 8 12 23 3 
21 25 0 8 12 23 1 
11 25 0 8 12 20 1 
0 0 0 0 0 0 0 
;
ROBOT MOVING BEST:
0 0 0 0 0 0 0 
1 1 0 0 0 0 0 
1 0 1 0 0 0 0 
1 0 0 1 0 0 0 
1 0 0 0 1 0 0 
1 0 0 0 0 0 1 
1 0 0 0 0 1 0 
0 1 1 0 0 0 0 
1 1 0 0 0 0 0 
1 0 1 0 0 0 0 
0 1 0 0 1 0 0 
0 0 1 0 1 0 0 
0 1 1 0 0 0 0 
1 0 0 0 1 0 0 
1 0 0 0 0 0 1 
0 0 1 0 0 1 0 
1 0 0 0 0 1 0 
0 0 0 0 1 0 1 
1 0 0 1 0 0 0 
0 0 0 0 0 1 1 
1 0 0 0 1 0 0 
0 0 0 1 0 0 1 
1 0 0 0 0 1 0 
0 0 1 0 0 1 0 
0 0 0 0 0 1 1 
0 1 0 0 0 0 1 
1 0 1 0 0 0 0 
0 0 0 0 1 0 1 
1 1 0 0 0 0 0 
1 0 0 0 1 0 0 
0 0 0 0 1 0 1 
0 0 0 1 0 1 0 
0 0 0 1 0 0 1 
1 0 0 1 0 0 0 
1 0 0 0 1 0 0 
0 1 0 0 0 0 1 
0 0 0 1 1 0 0 
0 1 0 1 0 0 0 
0 0 1 0 0 1 0 
0 0 1 0 0 0 1 
1 1 0 0 0 0 0 
1 0 1 0 0 0 0 
1 0 0 0 1 0 0 
0 0 1 0 0 1 0 
1 0 0 0 0 1 0 
0 0 1 0 0 0 1 
1 0 0 0 0 0 1 
0 1 0 0 0 1 0 
0 0 0 0 1 1 0 
0 0 0 0 1 0 1 
0 1 0 0 0 0 1 
0 0 0 0 0 1 1 
1 0 1 0 0 0 0 
0 0 0 1 1 0 0 
0 1 1 0 0 0 0 
1 0 0 0 1 0 0 
0 0 1 0 0 1 0 
0 0 1 0 0 0 1 
1 1 0 0 0 0 0 
0 1 0 1 0 0 0 
1 0 0 0 0 1 0 
0 0 0 1 1 0 0 
0 0 0 1 0 1 0 
1 0 0 0 0 0 1 
0 1 0 0 0 1 0 
0 1 0 0 0 0 1 
1 0 1 0 0 0 0 
1 0 0 1 0 0 0 
1 1 0 0 0 0 0 
0 1 0 1 0 0 0 
0 0 1 0 0 1 0 
0 0 0 1 0 0 1 
0 1 0 0 0 1 0 
1 0 1 0 0 0 0 
0 0 1 1 0 0 0 
0 0 0 1 0 1 0 
0 0 0 0 0 1 1 
1 0 0 1 0 0 0 
0 0 1 0 0 1 0 
1 0 0 0 0 0 1 
1 1 0 0 0 0 0 
0 0 0 0 1 1 0 
0 1 0 1 0 0 0 
0 0 0 1 0 0 1 
1 0 1 0 0 0 0 
0 0 0 1 0 1 0 
0 1 0 0 0 0 1 
1 1 0 0 0 0 0 
0 0 1 1 0 0 0 
0 0 1 0 0 1 0 
1 0 0 1 0 0 0 
1 0 0 0 0 0 1 
1 0 0 0 1 0 0 
1 0 0 0 0 1 0 
0 1 0 1 0 0 0 
0 0 0 1 1 0 0 
1 0 1 0 0 0 0 
0 0 0 1 0 0 1 
0 0 0 1 0 1 0 
0 1 0 0 0 1 0 
0 0 0 0 0 1 1 
0 0 1 1 0 0 0 
1 1 0 0 0 0 0 
1 0 0 1 0 0 0 
0 0 1 0 0 1 0 
1 0 0 0 0 1 0 
0 0 0 1 0 0 1 
0 1 0 1 0 0 0 
0 0 0 0 1 0 1 
0 0 0 0 0 1 1 
0 0 0 1 0 1 0 
0 1 0 0 0 1 0 
0 0 0 1 1 0 0 
1 0 0 0 0 0 1 
0 0 1 1 0 0 0 
1 0 0 1 0 0 0 
0 0 0 0 1 1 0 
0 1 0 1 0 0 0 
1 0 0 0 0 1 0 
0 0 0 1 0 0 1 
0 0 0 1 1 0 0 
1 0 0 0 1 0 0 
0 0 0 0 1 0 1 
0 0 1 1 0 0 0 
1 0 0 1 0 0 0 
1 0 1 0 0 0 0 
0 0 0 0 0 1 1 
0 1 0 1 0 0 0 
0 0 0 1 0 0 1 
1 1 0 0 0 0 0 
1 0 0 0 0 0 1 
0 0 1 1 0 0 0 
0 1 0 1 0 0 0 
0 0 1 0 0 0 1 
0 0 0 1 1 0 0 
0 0 0 0 1 0 1 
1 0 1 0 0 0 0 
0 0 0 1 0 0 1 
0 0 0 1 0 0 1 
1 1 0 0 0 0 0 
0 0 1 0 1 0 0 
1 0 0 1 0 0 0 
0 1 0 1 0 0 0 
0 0 1 1 0 0 0 
1 0 0 0 0 0 1 
0 0 1 0 1 0 0 
1 1 0 0 0 0 0 
0 1 0 0 0 0 1 
0 0 1 1 0 0 0 
1 0 0 1 0 0 0 
0 0 0 1 0 0 1 
1 0 0 0 1 0 0 
0 0 1 0 0 1 0 
1 0 0 0 0 1 0 
0 1 0 1 0 0 0 
0 1 0 0 1 0 0 
1 0 1 0 0 0 0 
0 1 0 0 0 1 0 
1 0 0 0 0 0 1 
0 0 0 1 1 0 0 
0 0 0 0 1 1 0 
1 1 0 0 0 0 0 
0 1 0 1 0 0 0 
0 0 1 1 0 0 0 
0 0 0 1 0 1 0 
0 0 1 0 1 0 0 
0 1 0 0 1 0 0 
0 0 1 0 0 1 0 
1 0 0 1 0 0 0 
1 0 0 0 1 0 0 
0 0 0 1 0 0 1 
0 1 0 0 0 1 0 
0 0 0 0 1 0 1 
1 0 0 0 0 1 0 
1 1 0 0 0 0 0 
0 1 0 0 1 0 0 
0 0 0 0 0 1 1 
0 0 0 1 1 0 0 
1 0 0 0 0 0 1 
0 0 0 1 0 1 0 
0 0 0 0 1 1 0 
1 0 0 1 0 0 0 
1 0 0 0 1 0 0 
0 0 0 0 1 0 1 
0 0 1 0 0 1 0 
0 0 1 0 1 0 0 
0 0 0 1 1 0 0 
0 0 0 1 0 1 0 
1 0 0 1 0 0 0 
1 0 0 1 0 0 0 
0 1 0 0 0 1 0 
1 0 0 0 0 1 0 
0 0 0 1 0 1 0 
1 0 1 0 0 0 0 
0 0 0 0 1 1 0 
0 0 0 0 0 1 1 
0 0 0 0 1 1 0 
0 0 1 0 0 1 0 
0 0 1 0 0 0 1 
0 1 0 0 0 1 0 
1 0 0 0 0 1 0 
0 0 0 0 0 1 1 
0 0 1 1 0 0 0 
0 1 0 0 0 1 0 
0 0 1 0 0 0 1 
1 0 0 0 1 0 0 
1 0 1 0 0 0 0 
1 0 0 1 0 0 0 
0 0 1 1 0 0 0 
1 0 0 0 0 0 1 
0 0 1 0 0 1 0 
1 0 0 1 0 0 0 
0 0 1 0 0 0 1 
0 0 1 0 0 1 0 
0 0 1 1 0 0 0 
1 0 1 0 0 0 0 
1 0 0 0 0 0 1 
0 1 0 0 0 1 0 
1 0 0 0 1 0 0 
1 0 1 0 0 0 0 
0 0 1 0 0 1 0 
0 0 1 0 0 0 1 
0 0 0 1 0 0 1 
1 0 0 0 0 0 1 
0 0 0 1 1 0 0 
0 0 0 0 0 1 1 
0 1 0 0 0 1 0 
1 0 0 0 0 1 0 
0 1 0 1 0 0 0 
0 0 0 1 0 1 0 
0 0 1 0 0 1 0 
0 0 0 0 0 1 1 
0 0 0 1 0 0 1 
0 1 0 0 0 1 0 
0 0 0 0 0 1 1 
0 0 1 0 1 0 0 
0 1 0 1 0 0 0 
0 1 0 0 0 1 0 
0 1 0 0 0 1 0 
1 0 0 0 1 0 0 
1 0 0 0 0 1 0 
1 0 1 0 0 0 0 
1 0 0 0 1 0 0 
0 0 1 0 0 0 1 
0 1 0 1 0 0 0 
1 0 0 1 0 0 0 
0 0 0 1 1 0 0 
0 0 1 0 1 0 0 
0 0 0 1 0 1 0 
0 0 0 0 1 0 1 
0 0 1 0 0 1 0 
0 0 1 1 0 0 0 
1 0 1 0 0 0 0 
0 1 0 0 0 1 0 
0 0 0 0 1 1 0 
0 0 0 1 1 0 0 
1 0 0 0 0 1 0 
0 0 1 0 0 1 0 
1 0 1 0 0 0 0 
0 0 1 0 0 0 1 
0 0 1 0 1 0 0 
0 0 0 0 1 1 0 
0 1 0 0 0 1 0 
0 1 0 0 1 0 0 
0 0 0 0 1 1 0 
1 0 0 1 0 0 0 
1 0 0 0 1 0 0 
0 0 0 1 0 1 0 
0 1 1 0 0 0 0 
0 0 0 1 1 0 0 
0 0 1 0 1 0 0 
0 1 0 0 0 0 1 
0 1 1 0 0 0 0 
0 0 1 0 0 1 0 
0 1 0 0 0 1 0 
1 0 0 0 0 0 1 
1 0 0 0 0 1 0 
0 0 1 0 1 0 0 
0 1 0 0 0 0 1 
0 0 0 0 1 1 0 
0 0 0 1 0 1 0 
0 0 0 1 0 1 0 
1 0 0 0 1 0 0 
1 1 0 0 0 0 0 
1 0 0 0 0 1 0 
0 0 0 1 1 0 0 
0 0 0 0 0 1 1 
0 0 1 0 0 0 1 
0 1 0 1 0 0 0 
1 0 0 0 1 0 0 
0 0 0 0 1 0 1 
0 0 0 1 0 0 1 
0 0 0 1 1 0 0 
0 0 1 0 0 0 1 
0 1 0 0 1 0 0 
0 0 1 0 1 0 0 
0 0 0 0 1 1 0 
0 0 1 0 1 0 0 
1 1 0 0 0 0 0 
0 0 0 0 1 1 0 
0 1 0 0 1 0 0 
0 0 0 1 1 0 0 
1 0 0 0 1 0 0 
0 1 0 0 1 0 0 
0 1 0 0 0 0 1 
1 0 0 1 0 0 0 
0 0 0 0 1 1 0 
0 1 0 0 1 0 0 
0 0 0 0 1 0 1 
0 0 0 1 1 0 0 
0 0 0 0 0 1 1 
0 1 0 0 0 1 0 
0 1 0 0 0 0 1 
0 0 0 1 0 1 0 
1 0 0 0 1 0 0 
0 0 0 0 1 0 1 
0 0 0 0 1 1 0 
1 0 0 0 0 0 1 
0 1 0 0 1 0 0 
0 1 0 0 0 1 0 
0 0 1 0 0 1 0 
0 1 0 0 0 0 1 
0 0 0 1 0 0 1 
0 0 0 1 0 1 0 
0 1 0 1 0 0 0 
0 0 1 0 1 0 0 
0 0 0 0 1 1 0 
1 0 0 1 0 0 0 
0 0 0 1 1 0 0 
0 0 0 0 1 0 1 
0 0 1 0 1 0 0 
1 0 0 0 1 0 0 
0 0 0 0 1 0 1 
0 1 0 1 0 0 0 
1 0 0 0 0 1 0 
0 1 0 0 0 0 1 
0 0 1 0 1 0 0 
0 0 0 0 0 1 1 
1 0 0 0 0 0 1 
0 0 1 0 0 1 0 
0 0 0 1 0 0 1 
0 0 1 0 1 0 0 
1 0 0 0 1 0 0 
1 0 0 0 0 0 1 
0 1 0 0 1 0 0 
0 0 0 0 1 1 0 
0 0 0 1 1 0 0 
0 0 0 0 1 0 1 
0 0 1 0 1 0 0 
0 1 0 0 0 0 1 
0 0 0 0 0 1 1 
0 1 0 0 0 0 1 
0 0 0 0 1 0 1 
0 1 0 1 0 0 0 
0 1 0 1 0 0 0 
0 0 0 1 1 0 0 
0 0 0 0 0 1 1 
0 0 0 0 1 1 0 
0 0 1 1 0 0 0 
1 0 0 0 1 0 0 
0 0 1 0 1 0 0 
0 0 0 0 0 1 1 
0 0 0 0 1 1 0 
0 0 0 0 1 1 0 
0 0 1 0 1 0 0 
0 0 0 0 1 0 1 
1 0 0 0 1 0 0 
0 0 0 0 1 0 1 
0 0 0 1 1 0 0 
0 1 0 1 0 0 0 
0 0 1 0 0 1 0 
1 0 0 0 0 0 1 
0 0 0 1 0 1 0 
1 0 0 0 0 0 1 
0 0 1 0 0 1 0 
0 1 0 0 0 1 0 
0 0 1 0 0 1 0 
0 0 0 0 0 1 1 
1 0 0 0 0 1 0 
1 1 0 1 1 1 1 
;
TIMETABLE BEST: 
0.0 0.0 0.0 0.0 0.0 0.0 0.0 
0 14 0 0 0 0 0 
0 14 17 0 0 0 0 
0 14 17 18 0 0 0 
0 14 17 18 24 0 0 
0 14 17 18 24 0 24 
0 14 17 18 24 26 24 
0 14 17 18 24 26 24 
18 14 17 18 24 26 24 
18 14 17 18 24 26 24 
18 14 17 18 24 26 24 
18 14 17 18 24 26 24 
18 26 17 18 24 26 24 
18 26 17 18 24 26 24 
18 26 17 18 24 26 24 
18 26 26 18 24 26 24 
18 26 26 18 24 26 24 
18 26 26 18 24 26 24 
18 26 26 33 24 26 24 
18 26 26 33 24 26 24 
33 26 26 33 24 26 24 
33 26 26 33 24 26 24 
33 26 26 33 24 26 24 
33 26 35 33 24 26 24 
33 26 35 33 24 39 24 
33 38 35 33 24 39 24 
33 38 35 33 24 39 24 
33 38 35 33 24 39 43 
33 38 35 33 24 39 43 
48 38 35 33 24 39 43 
48 38 35 33 33 39 43 
48 38 35 33 33 52 43 
48 38 35 33 33 52 43 
48 38 35 33 33 52 43 
48 38 35 33 33 52 43 
48 38 35 33 33 52 43 
48 38 35 33 50 52 43 
48 38 35 48 50 52 43 
48 38 35 48 50 52 43 
48 38 35 48 50 52 54 
48 52 35 48 50 52 54 
48 52 46 48 50 52 54 
48 52 46 48 50 52 54 
48 52 46 48 50 52 54 
48 52 46 48 50 52 54 
48 52 46 48 50 52 54 
48 52 46 48 50 52 54 
48 52 46 48 50 52 54 
48 52 46 48 50 52 54 
48 52 46 48 50 52 54 
48 52 46 48 50 52 54 
48 52 46 48 50 52 54 
62 52 46 48 50 52 54 
62 52 46 63 50 52 54 
62 52 58 63 50 52 54 
62 52 58 63 50 52 54 
62 52 58 63 50 52 54 
62 52 58 63 50 52 54 
62 52 58 63 50 52 54 
62 52 58 63 50 52 54 
62 52 58 63 50 52 54 
62 52 58 63 64 52 54 
62 52 58 63 64 52 54 
62 52 58 63 64 52 54 
62 52 58 63 64 68 54 
62 52 58 63 64 68 65 
62 52 58 63 64 68 65 
62 52 58 63 64 68 65 
73 52 58 63 64 68 65 
73 64 58 63 64 68 65 
73 64 58 63 64 68 65 
73 64 58 63 64 68 65 
73 64 58 63 64 68 65 
73 64 58 63 64 68 65 
73 64 69 63 64 68 65 
73 64 69 63 64 68 65 
73 64 69 63 64 68 65 
73 64 69 63 64 68 65 
73 64 69 63 64 68 65 
73 64 69 63 64 68 65 
73 64 69 63 64 68 65 
73 64 69 63 78 79 65 
73 76 69 63 78 79 65 
73 76 69 63 78 79 76 
73 76 69 63 78 79 76 
73 76 69 63 78 79 76 
73 76 69 63 78 79 76 
73 76 69 63 78 79 76 
73 76 69 76 78 79 76 
73 76 69 76 78 79 76 
73 76 69 76 78 79 76 
73 76 69 76 78 79 76 
73 76 69 76 78 79 76 
73 76 69 76 78 79 76 
73 76 69 76 78 79 76 
73 76 69 76 78 79 76 
84 76 69 76 78 79 76 
84 76 69 76 78 79 76 
84 76 69 76 78 79 76 
84 76 69 76 78 79 76 
84 76 69 76 78 79 76 
84 76 80 76 78 79 76 
84 76 80 76 78 79 76 
84 76 80 76 78 79 76 
84 76 80 76 78 79 76 
84 76 80 76 78 79 76 
84 76 80 76 78 79 87 
84 76 80 88 78 79 87 
84 76 80 88 78 79 87 
84 76 80 88 78 79 87 
84 76 80 88 78 79 87 
84 76 80 88 78 90 87 
84 76 80 88 78 90 87 
84 76 80 88 78 90 87 
84 76 80 88 78 90 87 
84 76 80 88 78 90 87 
84 76 80 88 78 90 87 
84 85 80 88 78 90 87 
84 85 80 88 78 90 87 
84 85 80 88 78 90 87 
84 85 80 100 78 90 87 
84 85 80 100 96 90 87 
84 85 80 100 96 90 87 
84 85 80 100 96 90 87 
84 85 80 100 96 90 87 
105 85 80 100 96 90 87 
105 85 80 100 96 119 87 
105 85 80 100 96 119 87 
105 85 80 100 96 119 87 
105 85 80 100 96 119 87 
105 85 80 100 96 119 87 
105 85 94 100 96 119 87 
105 96 94 100 96 119 87 
105 96 94 100 96 119 100 
105 96 94 100 96 119 100 
105 96 94 100 96 119 100 
105 96 94 100 96 119 100 
105 96 94 100 96 119 100 
105 96 94 100 96 119 113 
105 96 94 100 96 119 113 
105 96 94 100 116 119 113 
105 96 94 100 116 119 113 
105 108 94 100 116 119 113 
105 108 94 116 116 119 113 
105 108 94 116 116 119 113 
105 108 103 116 116 119 113 
105 108 103 116 116 119 113 
105 108 103 116 116 119 113 
105 108 103 116 116 119 113 
105 108 103 116 116 119 113 
105 108 103 116 116 119 113 
105 108 103 116 116 119 113 
105 108 103 116 116 119 113 
105 108 103 116 116 119 113 
105 108 103 116 116 119 113 
105 108 103 116 116 119 113 
105 108 120 116 116 119 113 
105 108 120 116 116 119 113 
105 108 120 116 116 119 124 
105 108 120 116 116 119 124 
105 108 120 116 116 119 124 
122 108 120 116 116 119 124 
122 120 120 116 116 119 124 
122 120 120 116 116 119 124 
122 120 120 116 116 119 124 
122 120 120 116 116 119 124 
122 120 120 116 116 119 124 
122 120 120 116 116 119 124 
122 120 120 116 116 119 124 
122 120 120 116 116 119 124 
122 120 120 116 116 119 124 
122 120 120 116 116 119 124 
122 120 120 116 116 119 124 
122 120 120 116 116 119 124 
122 120 120 116 116 119 124 
122 132 120 116 116 119 124 
122 132 120 116 116 119 124 
122 132 120 128 116 119 124 
122 132 120 128 116 119 124 
122 132 120 128 116 119 124 
122 132 120 128 116 132 124 
122 132 120 128 116 132 124 
135 132 120 128 116 132 124 
135 132 120 128 116 132 135 
135 132 120 128 116 132 135 
135 132 138 128 116 132 135 
135 132 138 128 135 132 135 
135 132 138 128 135 132 135 
135 132 138 128 135 132 135 
135 132 138 140 135 132 135 
135 132 138 140 135 132 135 
135 132 138 140 135 132 135 
135 132 138 140 135 132 135 
135 132 138 140 135 132 135 
135 132 138 140 135 132 135 
135 132 138 140 135 132 135 
135 132 138 140 150 132 135 
135 132 138 140 150 132 135 
135 132 138 140 150 132 135 
135 132 138 140 150 142 135 
135 132 138 140 150 142 135 
135 132 138 140 150 142 135 
135 132 138 140 150 142 135 
135 146 138 140 150 153 135 
135 146 138 140 150 153 146 
135 146 138 140 150 153 146 
150 146 138 140 150 153 146 
150 146 138 140 150 153 146 
150 146 138 152 150 153 146 
150 146 138 152 150 153 146 
150 146 138 152 150 153 146 
150 146 138 152 150 153 146 
150 146 138 152 150 153 159 
150 146 138 152 150 164 159 
150 146 138 164 150 164 159 
150 146 158 164 150 164 159 
150 146 158 164 150 164 159 
150 146 158 164 150 164 159 
150 146 158 164 164 164 159 
164 146 158 164 164 164 159 
164 146 158 164 164 164 159 
164 146 158 164 164 164 159 
164 146 158 164 164 164 159 
164 146 158 164 164 164 159 
164 146 158 164 164 164 159 
164 146 158 164 164 164 159 
164 160 158 164 164 164 159 
164 160 158 164 164 164 159 
164 160 158 164 164 164 159 
164 160 158 164 164 164 159 
164 160 158 164 164 175 159 
164 160 158 164 164 175 159 
164 160 158 176 164 175 159 
164 160 158 176 164 175 159 
164 160 158 176 164 175 170 
164 160 177 176 164 175 170 
164 172 177 176 164 175 170 
164 172 177 176 164 175 170 
164 184 177 176 164 175 170 
164 184 177 176 185 175 170 
164 184 177 176 185 186 170 
175 184 177 176 185 186 170 
175 184 177 176 185 186 170 
175 184 177 176 185 186 183 
175 184 177 176 185 186 183 
188 184 177 176 185 186 183 
188 184 177 176 185 186 183 
188 184 177 176 185 186 183 
188 184 177 176 185 186 183 
188 184 177 176 185 186 183 
188 184 177 176 185 186 183 
188 184 177 188 185 186 183 
188 184 177 188 185 186 183 
188 184 177 188 185 186 183 
188 184 177 188 185 186 183 
188 184 177 188 185 186 183 
188 184 177 188 185 186 183 
188 184 177 188 185 197 183 
199 184 177 188 185 197 183 
199 184 177 188 185 197 202 
199 184 192 188 185 197 202 
199 184 192 188 185 197 202 
199 184 192 188 185 208 202 
199 208 192 188 185 208 202 
199 208 192 188 185 208 202 
212 208 192 188 185 208 202 
212 208 192 188 185 208 202 
212 208 192 188 185 208 202 
212 208 192 188 185 208 202 
212 208 192 216 185 208 202 
212 208 192 216 215 208 202 
212 208 192 216 215 208 202 
212 208 207 216 215 208 202 
212 208 207 216 215 208 202 
212 208 207 216 215 208 202 
212 208 207 216 215 208 202 
212 208 207 216 215 208 202 
212 208 207 216 215 208 202 
212 219 207 216 215 208 202 
212 219 207 216 215 208 202 
212 219 207 216 215 208 202 
212 219 207 216 215 219 202 
212 219 207 216 215 219 202 
212 219 207 216 215 219 202 
212 219 207 216 215 219 202 
212 219 207 216 215 219 202 
212 219 207 216 215 230 202 
212 219 207 216 215 230 224 
212 219 207 216 215 230 224 
225 219 207 216 215 230 224 
225 219 207 216 215 230 224 
225 219 207 216 215 230 224 
225 219 207 230 215 230 224 
225 219 207 230 215 230 240 
225 230 207 230 215 230 240 
225 230 228 230 215 230 240 
225 230 228 230 215 230 240 
225 230 242 230 215 230 240 
236 230 242 230 215 230 240 
236 230 242 230 215 240 240 
236 230 242 230 228 240 240 
236 230 242 230 228 240 240 
236 230 242 230 228 240 240 
236 230 242 230 238 240 240 
236 230 242 230 238 240 240 
236 230 242 241 238 240 240 
236 230 242 241 238 240 240 
236 241 242 241 238 240 240 
236 241 242 241 238 240 240 
236 241 242 241 238 240 240 
236 241 242 241 238 240 240 
236 241 242 241 238 240 240 
236 241 242 241 238 240 240 
236 241 242 241 238 240 240 
236 241 242 241 249 240 240 
236 241 242 241 249 240 240 
236 241 242 241 249 240 240 
252 241 242 241 249 240 240 
252 241 242 241 249 240 240 
252 254 242 241 249 240 240 
252 254 253 241 249 240 240 
252 254 253 241 249 240 240 
252 254 253 241 249 240 256 
252 254 253 241 249 253 256 
252 254 253 241 249 253 256 
252 254 253 241 249 253 256 
252 254 253 241 249 253 256 
252 254 253 259 249 253 256 
252 254 253 259 249 253 256 
252 254 253 259 249 253 256 
252 254 262 259 249 253 256 
252 254 262 259 260 253 256 
252 254 262 259 260 253 256 
252 254 262 259 260 253 256 
267 254 262 259 260 253 256 
267 266 262 259 260 253 256 
267 266 262 259 260 253 256 
267 266 262 259 260 266 256 
267 266 262 259 260 266 256 
267 266 262 259 260 266 256 
267 266 262 270 260 266 256 
267 266 271 270 260 266 256 
267 266 271 270 271 266 256 
280 266 271 270 271 266 256 
280 266 271 270 271 266 256 
280 266 271 270 271 276 256 
280 266 271 270 282 276 256 
280 266 271 270 282 276 256 
280 266 280 270 282 276 256 
280 266 280 270 282 276 268 
280 266 280 270 282 287 268 
280 278 280 270 282 287 268 
280 278 280 270 282 287 268 
280 278 280 270 282 287 268 
280 291 280 270 282 287 268 
280 291 280 281 282 287 268 
280 291 280 281 282 287 280 
280 291 280 281 282 287 280 
280 291 292 281 282 287 280 
293 291 292 281 282 287 280 
293 291 292 281 282 287 280 
293 291 292 281 282 298 280 
293 291 292 281 282 298 280 
293 291 292 281 282 308 280 
293 291 303 281 282 308 280 
293 291 303 281 300 308 292 
293 291 303 281 300 308 292 
293 291 303 281 300 308 304 
293 291 303 307 318 308 304 
293 308 303 307 318 308 304 
293 308 314 307 318 308 304 
312 308 314 307 318 308 304 
312 308 314 320 318 308 304 
338 308 314 320 318 308 304 
338 308 314 320 318 318 304 
338 320 314 320 318 318 304 
338 320 338 320 318 318 304 
338 320 338 320 318 318 344 
357 320 338 320 318 328 344 
428.0 372.0 338.0 346.0 410.0 424.0 362.0 
;
EXECUTION TIME HBSS: 7163.5843029 seconds 

-------------------------------------------------------------------
