DATFILE : bwopen0_2r_1000.dat
ENVIRONMENT : bwopen
ALGORITHM : HBSS - TAU 9
RANGE : 1000
STARTING_POS : 0
N_ROBOTS : 2
GREEDY SOLUTION : [ 5074.]
COMPUTATIONS D :
5100
5108
5074
5134
5074
5096
5034
5096
5074
5150
5110
5048
5074
5074
5074
5148
5046
5058
5074
5074
5074
5080
5144
5074
5074
5070
5074
5104
5112
5074
5148
5022
5074
5074
5074
5086
5074
5074
5112
5184
5074
5048
5134
5074
5074
5074
5060
5104
5220
5050
5074
5074
5062
5074
5074
5148
5080
5020
5156
5100
5134
5074
5074
5074
5074
5132
5044
5144
5074
5074
5074
5074
5072
5074
5150
5074
5074
5092
5074
5074
5104
5072
5018
5094
5078
5074
5074
5148
5074
5074
5108
5074
5074
5074
5112
5074
5110
5130
5074
5074
5072
5074
5056
5074
5074
5074
5074
5074
5074
5036
5074
5130
5074
5074
5074
5066
5074
5074
5074
5106
5074
5074
5062
4998
5062
4948
5132
5074
5074
5074
5254
5074
5074
5074
5102
5060
5074
5064
5074
5034
5140
5074
5074
5174
5052
5170
5074
5088
5094
5074
5074
5074
5074
5130
5070
5088
5068
5074
5074
5184
5074
5074
5020
5106
5156
5074
5150
5112
5074
5138
5148
5074
5074
5028
5116
5074
5074
5120
5074
5098
5074
5074
5012
5074
5096
5074
5066
5074
5074
5080
5118
5130
5074
5074
5060
4976
5074
5018
5114
5074
;
HBBS sumD : 4948
BEST_CONFIGURATIONS : 
0 0 
0 4 
0 26 
0 5 
0 22 
0 8 
0 13 
0 17 
0 25 
0 18 
0 14 
0 15 
0 10 
0 24 
0 6 
0 21 
0 3 
4 3 
26 3 
5 3 
22 3 
8 3 
8 21 
8 6 
22 6 
26 6 
5 6 
5 21 
26 21 
4 21 
4 6 
4 24 
26 24 
5 24 
22 24 
8 24 
8 10 
8 15 
22 15 
22 10 
26 10 
5 10 
5 15 
26 15 
4 15 
4 10 
4 9 
26 9 
5 9 
22 9 
8 9 
13 9 
17 9 
25 9 
18 9 
14 9 
15 9 
10 9 
24 9 
6 9 
21 9 
3 9 
3 10 
3 15 
21 15 
21 10 
6 10 
6 15 
6 14 
6 18 
21 18 
21 14 
3 14 
3 18 
3 25 
3 17 
3 13 
7 13 
7 17 
7 25 
21 25 
6 25 
6 17 
6 13 
21 13 
21 17 
11 17 
11 13 
11 8 
11 22 
11 26 
11 5 
11 4 
11 0 
11 1 
11 27 
11 9 
11 10 
11 15 
11 14 
11 18 
11 25 
24 25 
24 17 
24 13 
10 13 
10 17 
15 17 
15 13 
14 13 
18 13 
18 17 
14 17 
14 25 
18 25 
18 14 
18 15 
18 10 
14 10 
14 15 
25 15 
25 10 
15 10 
15 24 
10 24 
14 24 
18 24 
18 2 
14 2 
15 2 
10 2 
24 2 
6 2 
21 2 
3 2 
7 2 
12 2 
16 2 
23 2 
20 2 
19 2 
19 6 
19 21 
19 3 
20 3 
23 3 
16 3 
12 3 
12 21 
16 21 
23 21 
20 21 
20 6 
23 6 
16 6 
12 6 
12 24 
16 24 
23 24 
20 24 
20 10 
23 10 
16 10 
12 10 
12 15 
16 15 
23 15 
20 15 
20 14 
23 14 
16 14 
12 14 
12 18 
16 18 
23 18 
20 18 
19 18 
19 14 
19 15 
19 10 
19 24 
19 9 
20 9 
23 9 
16 9 
12 9 
12 27 
16 27 
23 27 
20 27 
19 27 
19 1 
20 1 
23 1 
16 1 
12 1 
12 0 
16 0 
23 0 
20 0 
19 0 
19 4 
19 26 
19 5 
19 22 
19 8 
20 8 
23 8 
16 8 
12 8 
12 22 
12 26 
12 5 
16 5 
16 26 
16 4 
12 4 
7 4 
7 26 
7 5 
7 22 
7 8 
21 22 
2 22 
2 26 
2 5 
2 4 
2 0 
2 1 
2 27 
2 9 
27 9 
27 10 
27 15 
27 14 
27 18 
27 25 
27 17 
27 13 
27 8 
27 22 
27 26 
27 5 
27 4 
27 0 
1 0 
1 4 
1 26 
1 5 
1 22 
1 8 
1 13 
1 17 
1 25 
1 18 
1 14 
1 15 
1 10 
1 24 
1 6 
1 21 
1 3 
27 3 
27 21 
27 6 
27 24 
1 9 
1 27 
0 9 
4 14 
4 18 
26 18 
5 18 
5 14 
26 14 
22 14 
22 18 
8 18 
8 14 
8 25 
8 17 
8 13 
22 13 
26 13 
5 13 
5 17 
26 17 
4 17 
4 13 
4 8 
26 8 
5 8 
5 22 
26 22 
4 22 
4 26 
4 5 
26 5 
8 22 
17 22 
25 22 
25 26 
25 5 
25 4 
25 13 
25 17 
13 17 
13 19 
17 19 
25 19 
25 20 
25 23 
25 16 
25 12 
17 12 
13 12 
13 16 
13 23 
13 20 
17 20 
17 23 
17 16 
22 16 
22 23 
22 20 
26 20 
5 20 
5 23 
26 23 
4 23 
4 20 
0 7 
1 7 
27 7 
9 7 
10 7 
15 7 
14 7 
18 7 
19 7 
20 7 
23 7 
16 7 
12 7 
12 11 
16 11 
23 11 
20 11 
19 11 
19 12 
19 16 
19 23 
19 20 
20 23 
20 16 
23 16 
23 12 
20 12 
16 12 
11 7 
11 21 
11 3 
6 3 
21 3 
7 3 
7 21 
7 6 
21 6 
21 24 
3 24 
7 24 
6 24 
11 24 
11 6 
11 2 
25 2 
17 2 
13 2 
8 2 
0 0 
;
ROBOT MOVING BEST:
0 0 
1 1 
1 1 
1 1 
1 1 
1 1 
1 1 
1 1 
1 1 
1 1 
1 1 
1 1 
1 1 
1 1 
1 1 
1 1 
1 1 
1 1 
1 1 
1 1 
1 1 
1 1 
1 1 
1 1 
1 1 
1 1 
1 1 
1 1 
1 1 
1 1 
1 1 
1 1 
1 1 
1 1 
1 1 
1 1 
1 1 
1 1 
1 1 
1 1 
1 1 
1 1 
1 1 
1 1 
1 1 
1 1 
1 1 
1 1 
1 1 
1 1 
1 1 
1 1 
1 1 
1 1 
1 1 
1 1 
1 1 
1 1 
1 1 
1 1 
1 1 
1 1 
1 1 
1 1 
1 1 
1 1 
1 1 
1 1 
1 1 
1 1 
1 1 
1 1 
1 1 
1 1 
1 1 
1 1 
1 1 
1 1 
1 1 
1 1 
1 1 
1 1 
1 1 
1 1 
1 1 
1 1 
1 1 
1 1 
1 1 
1 1 
1 1 
1 1 
1 1 
1 1 
1 1 
1 1 
1 1 
1 1 
1 1 
1 1 
1 1 
1 1 
1 1 
1 1 
1 1 
1 1 
1 1 
1 1 
1 1 
1 1 
1 1 
1 1 
1 1 
1 1 
1 1 
1 1 
1 1 
1 1 
1 1 
1 1 
1 1 
1 1 
1 1 
1 1 
1 1 
1 1 
1 1 
1 1 
1 1 
1 1 
1 1 
1 1 
1 1 
1 1 
1 1 
1 1 
1 1 
1 1 
1 1 
1 1 
1 1 
1 1 
1 1 
1 1 
1 1 
1 1 
1 1 
1 1 
1 1 
1 1 
1 1 
1 1 
1 1 
1 1 
1 1 
1 1 
1 1 
1 1 
1 1 
1 1 
1 1 
1 1 
1 1 
1 1 
1 1 
1 1 
1 1 
1 1 
1 1 
1 1 
1 1 
1 1 
1 1 
1 1 
1 1 
1 1 
1 1 
1 1 
1 1 
1 1 
1 1 
1 1 
1 1 
1 1 
1 1 
1 1 
1 1 
1 1 
1 1 
1 1 
1 1 
1 1 
1 1 
1 1 
1 1 
1 1 
1 1 
1 1 
1 1 
1 1 
1 1 
1 1 
1 1 
1 1 
1 1 
1 1 
1 1 
1 1 
1 1 
1 1 
1 1 
1 1 
1 1 
1 1 
1 1 
1 1 
1 1 
1 1 
1 1 
1 1 
1 1 
1 1 
1 1 
1 1 
1 1 
1 1 
1 1 
1 1 
1 1 
1 1 
1 1 
1 1 
1 1 
1 1 
1 1 
1 1 
1 1 
1 1 
1 1 
1 1 
1 1 
1 1 
1 1 
1 1 
1 1 
1 1 
1 1 
1 1 
1 1 
1 1 
1 1 
1 1 
1 1 
1 1 
1 1 
1 1 
1 1 
1 1 
1 1 
1 1 
1 1 
1 1 
1 1 
1 1 
1 1 
1 1 
1 1 
1 1 
1 1 
1 1 
1 1 
1 1 
1 1 
1 1 
1 1 
1 1 
1 1 
1 1 
1 1 
1 1 
1 1 
1 1 
1 1 
1 1 
1 1 
1 1 
1 1 
1 1 
1 1 
1 1 
1 1 
1 1 
1 1 
1 1 
1 1 
1 1 
1 1 
1 1 
1 1 
1 1 
1 1 
1 1 
1 1 
1 1 
1 1 
1 1 
1 1 
1 1 
1 1 
1 1 
1 1 
1 1 
1 1 
1 1 
1 1 
1 1 
1 1 
1 1 
1 1 
1 1 
1 1 
1 1 
1 1 
1 1 
1 1 
1 1 
1 1 
1 1 
1 1 
1 1 
1 1 
1 1 
1 1 
1 1 
1 1 
1 1 
1 1 
1 1 
1 1 
1 1 
1 1 
1 1 
1 1 
1 1 
1 1 
1 1 
1 1 
1 1 
1 1 
1 1 
1 1 
1 1 
1 1 
1 1 
1 1 
1 1 
1 1 
1 1 
1 1 
1 1 
1 1 
1 1 
1 1 
1 1 
1 1 
1 1 
1 1 
1 1 
1 1 
1 1 
1 1 
1 1 
1 1 
1 1 
1 1 
1 1 
1 1 
1 1 
1 1 
1 1 
;
TIMETABLE BEST: 
0.0 0.0 
0 14 
0 25 
0 34 
0 46 
0 58 
0 71 
0 82 
0 94 
0 107 
0 118 
0 131 
0 142 
0 155 
0 168 
0 180 
0 192 
14 192 
25 192 
34 192 
46 192 
58 192 
58 204 
58 216 
70 216 
81 216 
90 216 
90 228 
99 228 
110 228 
110 240 
110 253 
121 253 
130 253 
142 253 
154 253 
154 266 
154 277 
166 277 
166 288 
177 288 
186 288 
186 299 
195 299 
206 299 
206 310 
206 324 
217 324 
226 324 
238 324 
250 324 
263 324 
274 324 
286 324 
299 324 
310 324 
323 324 
334 324 
347 324 
360 324 
372 324 
384 324 
384 338 
384 349 
396 349 
396 360 
408 360 
408 371 
408 384 
408 395 
420 395 
420 406 
432 406 
432 417 
432 430 
432 442 
432 453 
448 453 
448 464 
448 476 
460 476 
472 476 
472 488 
472 499 
484 499 
484 510 
503 510 
503 521 
503 534 
503 546 
503 557 
503 566 
503 580 
503 594 
503 612 
503 627 
503 642 
503 656 
503 667 
503 680 
503 691 
503 704 
521 704 
521 716 
521 727 
534 727 
534 738 
545 738 
545 749 
558 749 
569 749 
569 760 
580 760 
580 772 
591 772 
591 788 
591 801 
591 812 
602 812 
602 823 
618 823 
618 834 
641 834 
641 847 
652 847 
670 847 
681 847 
681 866 
692 866 
705 866 
716 866 
729 866 
742 866 
754 866 
766 866 
782 866 
800 866 
811 866 
822 866 
832 866 
845 866 
845 884 
845 896 
845 908 
858 908 
868 908 
879 908 
890 908 
890 920 
901 920 
912 920 
922 920 
922 932 
932 932 
943 932 
954 932 
954 945 
965 945 
976 945 
986 945 
986 958 
996 958 
1007 958 
1018 958 
1018 969 
1029 969 
1040 969 
1050 969 
1050 982 
1060 982 
1071 982 
1082 982 
1082 993 
1093 993 
1104 993 
1114 993 
1127 993 
1127 1004 
1127 1017 
1127 1028 
1127 1041 
1127 1056 
1140 1056 
1150 1056 
1161 1056 
1172 1056 
1172 1071 
1183 1071 
1194 1071 
1204 1071 
1217 1071 
1217 1086 
1230 1086 
1240 1086 
1251 1086 
1262 1086 
1262 1104 
1273 1104 
1284 1104 
1294 1104 
1307 1104 
1307 1118 
1307 1129 
1307 1138 
1307 1150 
1307 1162 
1320 1162 
1330 1162 
1341 1162 
1352 1162 
1352 1174 
1352 1185 
1352 1194 
1363 1194 
1363 1203 
1363 1214 
1374 1214 
1392 1214 
1392 1225 
1392 1234 
1392 1246 
1392 1258 
1404 1270 
1430 1270 
1430 1281 
1430 1290 
1430 1304 
1430 1318 
1430 1336 
1430 1351 
1430 1366 
1449 1366 
1449 1380 
1449 1391 
1449 1404 
1449 1415 
1449 1428 
1449 1440 
1449 1451 
1449 1464 
1449 1476 
1449 1487 
1449 1496 
1449 1510 
1449 1524 
1464 1524 
1464 1538 
1464 1549 
1464 1558 
1464 1570 
1464 1582 
1464 1595 
1464 1606 
1464 1618 
1464 1631 
1464 1642 
1464 1655 
1464 1666 
1464 1679 
1464 1692 
1464 1704 
1464 1716 
1479 1716 
1479 1728 
1479 1740 
1479 1753 
1494 1768 
1494 1783 
1512 1798 
1526 1814 
1526 1825 
1537 1825 
1546 1825 
1546 1836 
1555 1836 
1566 1836 
1566 1847 
1578 1847 
1578 1858 
1578 1874 
1578 1886 
1578 1897 
1590 1897 
1601 1897 
1610 1897 
1610 1908 
1619 1908 
1630 1908 
1630 1919 
1630 1932 
1641 1932 
1650 1932 
1650 1944 
1659 1944 
1670 1944 
1670 1955 
1670 1964 
1681 1964 
1704 1976 
1728 1976 
1740 1976 
1740 1987 
1740 1996 
1740 2010 
1740 2037 
1740 2048 
1753 2048 
1753 2083 
1764 2083 
1776 2083 
1776 2096 
1776 2106 
1776 2117 
1776 2128 
1788 2128 
1799 2128 
1799 2139 
1799 2150 
1799 2160 
1810 2160 
1810 2170 
1810 2181 
1840 2181 
1840 2192 
1840 2202 
1851 2202 
1860 2202 
1860 2212 
1869 2212 
1880 2212 
1880 2222 
1894 2268 
1912 2268 
1927 2268 
1942 2268 
1956 2268 
1967 2268 
1980 2268 
1991 2268 
2011 2268 
2024 2268 
2034 2268 
2045 2268 
2056 2268 
2056 2293 
2067 2293 
2078 2293 
2088 2293 
2101 2293 
2101 2320 
2101 2331 
2101 2342 
2101 2352 
2114 2362 
2114 2373 
2124 2373 
2124 2384 
2134 2384 
2155 2384 
2185 2402 
2185 2414 
2185 2426 
2202 2426 
2214 2426 
2226 2426 
2226 2438 
2226 2450 
2238 2450 
2238 2463 
2250 2463 
2266 2463 
2286 2463 
2303 2463 
2303 2476 
2303 2494 
2356 2494 
2368 2494 
2379 2494 
2392 2494 
2418.0 2530.0 
;
EXECUTION TIME HBSS: 437.992835999 seconds 

-------------------------------------------------------------------
