DATFILE : bwopen0_5r_1000.dat
ENVIRONMENT : bwopen
ALGORITHM : HBSS - TAU 4
RANGE : 1000
STARTING_POS : 0
N_ROBOTS : 5
GREEDY SOLUTION : 1228.0
COMPUTATIONS T :
1234.0
1183.0
1213.0
1220.0
1240.0
1207.0
1220.0
1189.0
1250.0
1196.0
1234.0
1238.0
1200.0
1260.0
1159.0
1210.0
1248.0
1222.0
1218.0
1213.0
1193.0
1222.0
1291.0
1293.0
1181.0
1283.0
1267.0
1290.0
1239.0
1236.0
1255.0
1252.0
1178.0
1189.0
1316.0
1246.0
1205.0
1219.0
1227.0
1286.0
1249.0
1241.0
1210.0
1214.0
1276.0
1247.0
1231.0
1222.0
1255.0
1257.0
1212.0
1243.0
1266.0
1263.0
1165.0
1187.0
1163.0
1310.0
1221.0
1209.0
1239.0
1235.0
1191.0
1245.0
1214.0
1194.0
1191.0
1211.0
1247.0
1249.0
1221.0
1258.0
1224.0
1194.0
1216.0
1253.0
1250.0
1275.0
1262.0
1247.0
1158.0
1241.0
1290.0
1187.0
1209.0
1223.0
1249.0
1274.0
1224.0
1294.0
1260.0
1262.0
1263.0
1211.0
1220.0
1296.0
1259.0
1238.0
1201.0
1233.0
1208.0
1208.0
1271.0
1164.0
1202.0
1143.0
1304.0
1289.0
1329.0
1265.0
1211.0
1309.0
1183.0
1301.0
1250.0
1243.0
1248.0
1288.0
1212.0
1294.0
1221.0
1201.0
1269.0
1260.0
1258.0
1203.0
1200.0
1245.0
1248.0
1254.0
1230.0
1193.0
1297.0
1262.0
1177.0
1218.0
1231.0
1262.0
1214.0
1278.0
1222.0
1294.0
1246.0
1268.0
1327.0
1231.0
1304.0
1249.0
1295.0
1170.0
1228.0
1259.0
1211.0
1358.0
1214.0
1286.0
1192.0
1254.0
1207.0
1309.0
1187.0
1227.0
1159.0
1261.0
1236.0
1232.0
1210.0
1306.0
1153.0
1283.0
1276.0
1257.0
1213.0
1281.0
1208.0
1254.0
1220.0
1162.0
1220.0
1237.0
1173.0
1254.0
1238.0
1293.0
1267.0
1260.0
1202.0
1176.0
1260.0
1231.0
1204.0
1180.0
1260.0
1243.0
1156.0
1164.0
1222.0
1231.0
1251.0
1333.0
;
HBBS bestT : 1143.0
BEST_CONFIGURATIONS : 
0 0 0 0 0 
0 4 0 0 0 
0 4 26 0 0 
0 4 26 4 0 
0 4 26 4 1 
0 4 26 4 1 
0 4 26 4 1 
0 4 5 4 1 
0 4 5 4 1 
0 4 5 4 1 
0 4 5 26 1 
0 22 5 26 1 
0 22 5 26 1 
0 22 5 4 1 
0 22 5 4 27 
0 22 5 4 27 
0 22 5 4 27 
0 22 5 4 27 
0 22 26 4 27 
0 22 26 4 27 
0 22 26 8 27 
0 22 26 8 27 
0 22 26 8 27 
0 22 26 8 27 
0 22 5 8 27 
0 4 5 8 27 
0 4 5 8 9 
0 4 5 8 9 
0 4 5 8 9 
0 4 5 8 9 
0 4 26 8 9 
0 22 26 8 9 
0 22 26 13 9 
0 22 26 13 9 
0 22 26 13 9 
0 22 26 17 9 
0 22 26 17 9 
0 22 4 17 9 
0 22 4 17 9 
0 26 4 17 9 
0 26 4 17 10 
0 26 4 17 10 
0 26 5 17 10 
0 26 5 17 10 
0 26 5 17 10 
0 26 5 17 15 
0 4 5 13 15 
0 4 5 13 15 
0 4 5 13 15 
0 4 5 13 15 
0 4 5 13 15 
0 4 26 13 15 
0 4 26 17 15 
0 22 26 17 15 
1 22 26 17 15 
1 22 26 17 15 
1 22 26 17 10 
1 22 26 17 10 
1 22 4 17 10 
1 22 4 13 10 
1 22 4 13 10 
1 8 4 13 10 
1 8 4 13 10 
1 8 4 13 10 
1 8 4 13 15 
1 8 4 17 15 
1 8 4 17 15 
1 8 13 17 15 
1 8 13 17 14 
1 8 13 17 14 
1 8 13 13 14 
1 8 17 13 14 
1 22 17 13 14 
1 22 25 13 14 
1 22 25 13 14 
1 22 25 13 14 
1 22 25 13 14 
1 22 25 13 18 
1 26 25 13 18 
1 26 25 13 18 
1 26 25 17 18 
1 26 25 17 18 
1 26 25 17 18 
1 5 25 17 18 
1 5 25 17 18 
27 5 25 17 18 
27 5 25 13 18 
27 5 25 13 18 
27 5 25 13 18 
27 22 25 13 18 
27 22 25 17 18 
27 22 14 17 18 
27 22 14 17 18 
27 26 14 17 18 
27 5 14 17 18 
9 5 14 17 18 
9 5 14 13 18 
9 5 14 13 18 
9 4 14 13 18 
9 4 14 13 18 
9 4 14 25 18 
9 4 14 25 18 
9 4 15 25 18 
9 4 15 25 18 
9 4 15 25 18 
9 0 15 25 18 
9 0 15 25 18 
9 0 10 25 18 
9 0 10 25 18 
9 0 10 25 18 
9 0 10 25 14 
9 0 10 25 14 
27 0 10 25 14 
27 0 10 15 14 
27 0 10 15 14 
27 0 10 15 14 
27 1 10 15 14 
27 1 24 15 14 
27 1 24 15 14 
27 1 24 14 14 
27 1 24 14 15 
27 1 24 18 15 
27 1 24 18 10 
9 1 24 18 10 
9 1 24 18 10 
9 1 24 25 10 
9 27 24 25 10 
9 27 24 25 11 
9 27 24 25 11 
9 27 24 25 11 
9 27 24 25 11 
9 27 24 17 11 
9 27 24 17 11 
10 27 24 17 11 
10 1 24 17 11 
10 1 24 13 11 
10 1 24 13 11 
15 1 24 13 11 
15 0 24 13 11 
15 0 24 13 11 
15 0 24 8 11 
14 0 24 8 11 
14 0 24 8 11 
14 4 24 8 11 
14 4 24 8 11 
18 4 24 8 11 
18 4 24 8 11 
18 26 24 8 11 
18 26 24 8 11 
18 26 24 22 11 
18 26 24 22 11 
18 5 24 22 11 
18 5 24 22 11 
19 5 24 22 11 
19 5 24 22 11 
19 5 24 22 11 
19 5 24 22 11 
19 26 24 22 11 
19 26 24 4 11 
19 26 6 4 11 
19 26 6 4 11 
19 26 6 4 11 
19 26 6 4 11 
19 5 6 4 11 
19 5 6 22 11 
20 5 6 22 11 
20 5 6 22 11 
20 5 6 22 11 
20 5 6 22 11 
20 26 6 22 11 
20 26 21 22 11 
20 26 21 4 11 
20 26 21 4 11 
20 26 21 4 6 
20 26 21 4 6 
20 5 21 4 6 
23 5 21 4 6 
23 5 21 4 6 
23 5 21 4 6 
23 5 21 4 6 
23 26 21 4 6 
23 26 3 4 6 
23 26 3 22 6 
23 26 3 22 6 
23 26 3 22 6 
23 26 3 22 6 
23 5 3 22 6 
20 5 3 22 6 
20 5 3 8 6 
20 5 3 8 6 
20 5 3 8 21 
20 5 3 8 21 
20 22 3 8 21 
23 22 3 8 21 
23 22 7 8 21 
23 22 7 8 21 
23 22 7 8 21 
23 22 7 8 21 
20 22 7 8 21 
20 26 7 8 21 
20 26 7 8 3 
20 26 7 13 3 
20 4 7 13 3 
20 4 7 13 3 
20 4 7 13 3 
20 4 7 13 3 
23 4 7 13 3 
16 4 7 13 3 
16 4 7 13 3 
16 4 7 13 3 
16 4 7 13 3 
12 4 7 13 3 
12 4 7 13 3 
12 4 7 13 3 
12 4 7 13 3 
12 26 7 13 3 
12 26 7 17 3 
12 26 7 17 3 
12 26 7 17 3 
12 5 7 17 3 
12 5 7 17 3 
12 5 7 25 3 
12 5 7 25 21 
12 5 7 25 21 
12 5 7 25 21 
12 22 7 25 21 
12 22 7 25 6 
12 22 21 17 6 
12 22 21 17 6 
12 8 21 17 6 
12 8 21 17 6 
12 8 21 13 6 
12 8 21 13 6 
16 8 21 13 6 
16 8 21 13 6 
16 8 21 13 6 
16 8 21 17 6 
16 22 21 17 6 
16 22 7 17 6 
16 22 7 25 6 
16 22 7 25 6 
16 26 7 25 6 
16 26 7 18 6 
16 26 7 18 24 
16 26 7 18 24 
16 26 7 18 24 
16 5 7 18 24 
16 5 7 14 24 
16 5 7 14 24 
16 5 7 14 10 
16 5 7 14 10 
16 1 7 14 10 
16 1 7 14 10 
16 1 7 15 10 
16 1 7 15 10 
16 1 7 15 9 
16 1 7 15 9 
12 1 7 15 9 
12 1 7 10 9 
12 1 7 10 9 
12 1 21 10 9 
12 1 21 10 9 
12 1 21 10 9 
12 1 21 15 9 
12 1 21 15 9 
12 27 21 15 9 
12 27 21 15 9 
12 27 21 15 24 
12 27 21 15 24 
12 27 21 14 24 
12 27 21 14 24 
12 27 21 14 6 
12 27 21 14 6 
16 27 21 14 6 
16 27 3 14 6 
16 27 3 14 6 
16 27 3 14 24 
23 27 3 14 24 
23 27 3 14 24 
23 27 3 14 24 
20 27 3 14 24 
20 27 3 14 24 
20 27 3 14 24 
20 27 7 14 24 
20 27 7 18 24 
20 27 21 18 24 
20 27 21 18 10 
20 1 21 18 10 
20 1 21 18 15 
20 1 3 18 15 
20 1 3 18 15 
20 1 3 18 15 
23 1 3 18 15 
23 1 3 18 15 
23 1 3 18 15 
23 1 3 18 10 
23 1 3 18 10 
23 1 3 25 10 
23 1 3 25 10 
23 0 3 25 10 
23 0 3 25 10 
23 0 3 17 10 
23 0 3 17 9 
23 0 3 17 9 
20 0 3 17 9 
20 0 3 17 9 
20 0 3 17 9 
20 0 21 17 9 
20 0 21 25 9 
20 0 6 25 9 
20 0 6 25 9 
19 0 6 25 9 
19 0 6 13 9 
19 0 6 13 9 
19 0 21 13 9 
19 0 21 17 9 
19 0 3 17 9 
19 0 3 17 10 
19 1 3 17 10 
19 1 3 25 10 
19 1 3 25 14 
19 1 7 25 14 
19 27 7 25 14 
19 27 7 18 14 
19 27 7 18 15 
19 27 12 18 15 
19 27 12 18 15 
19 2 12 18 15 
19 2 12 18 15 
19 2 12 18 15 
19 2 12 18 15 
19 2 16 18 15 
19 2 16 18 15 
19 2 16 14 15 
19 2 16 14 10 
19 2 23 14 10 
19 2 23 14 10 
19 2 23 14 24 
19 2 23 9 24 
19 2 20 9 24 
19 2 20 9 24 
19 2 20 9 6 
19 2 20 27 6 
20 2 23 27 6 
20 2 23 27 21 
20 2 16 27 21 
20 2 16 1 21 
20 2 16 1 3 
20 2 12 1 3 
20 2 12 0 3 
20 2 12 0 3 
23 2 12 0 3 
23 2 12 0 7 
23 2 12 0 7 
16 2 12 0 7 
16 2 12 0 7 
16 1 12 0 6 
23 1 16 0 6 
16 1 16 0 11 
16 1 12 0 11 
16 2 12 4 11 
16 2 12 4 11 
23 2 12 4 11 
23 2 12 26 11 
23 2 7 26 11 
23 2 7 5 11 
23 2 21 5 11 
23 2 21 22 11 
23 2 3 22 11 
19 2 3 8 11 
19 2 3 8 11 
19 2 3 13 11 
19 2 6 13 10 
18 2 6 13 10 
18 2 6 17 10 
18 2 6 17 15 
25 2 6 17 15 
25 2 6 8 25 
25 6 24 8 25 
0 0 0 0 0 
;
ROBOT MOVING BEST:
0 0 0 0 0 
1 1 0 0 0 
1 0 1 0 0 
0 0 1 1 0 
1 0 0 0 1 
0 1 0 0 1 
0 0 1 0 1 
1 0 1 0 0 
0 1 1 0 0 
0 0 1 0 1 
0 0 1 1 0 
1 1 0 0 0 
0 1 1 0 0 
0 1 0 1 0 
1 0 0 0 1 
0 1 0 0 1 
0 0 1 0 1 
0 0 0 1 1 
0 1 1 0 0 
0 0 1 0 1 
1 0 0 1 0 
0 1 0 1 0 
0 0 1 1 0 
0 0 0 1 1 
0 0 1 1 0 
0 1 0 1 0 
1 0 0 0 1 
0 1 0 0 1 
0 0 1 0 1 
0 0 0 1 1 
0 0 1 0 1 
0 1 0 0 1 
1 0 0 1 0 
0 1 0 1 0 
0 0 1 1 0 
1 0 0 1 0 
0 1 0 1 0 
0 0 1 1 0 
0 0 0 1 1 
0 1 0 1 0 
1 0 0 0 1 
0 1 0 0 1 
0 0 1 1 0 
0 0 1 0 1 
0 0 0 1 1 
1 0 0 0 1 
0 1 0 1 0 
0 0 1 1 0 
0 1 0 0 1 
0 0 1 0 1 
0 0 0 1 1 
0 0 1 0 1 
0 0 0 1 1 
0 1 0 0 1 
1 1 0 0 0 
1 0 0 1 0 
0 1 0 0 1 
1 0 0 0 1 
0 0 1 0 1 
1 0 0 1 0 
0 0 0 1 1 
1 1 0 0 0 
0 1 0 1 0 
0 1 0 0 1 
1 0 0 0 1 
0 1 0 1 0 
0 1 0 0 1 
0 0 1 1 0 
1 0 0 0 1 
0 1 0 0 1 
0 0 0 1 1 
0 0 1 0 1 
0 1 0 0 1 
1 0 1 0 0 
0 1 1 0 0 
0 0 1 1 0 
0 0 1 0 1 
1 0 0 0 1 
0 1 1 0 0 
0 1 0 0 1 
0 0 1 1 0 
0 0 1 0 1 
0 0 0 1 1 
0 1 1 0 0 
0 1 0 0 1 
1 0 1 0 0 
0 0 0 1 1 
1 0 0 1 0 
1 0 0 0 1 
0 1 0 0 1 
1 0 0 1 0 
1 0 1 0 0 
0 0 1 0 1 
0 1 1 0 0 
0 1 1 0 0 
1 0 1 0 0 
1 0 0 1 0 
1 0 0 0 1 
0 1 1 0 0 
0 1 0 0 1 
0 1 0 1 0 
1 0 0 1 0 
1 0 1 0 0 
0 0 1 0 1 
0 0 1 1 0 
0 1 0 1 0 
0 1 0 0 1 
1 0 1 0 0 
0 0 1 1 0 
0 0 1 0 1 
0 1 0 0 1 
0 0 1 0 1 
1 0 1 0 0 
1 0 0 1 0 
0 0 1 1 0 
0 0 0 1 1 
1 1 0 0 0 
1 0 1 0 0 
0 1 1 0 0 
0 0 1 1 0 
0 0 1 0 1 
0 0 1 1 0 
0 0 1 0 1 
1 1 0 0 0 
1 0 1 0 0 
0 0 1 1 0 
1 1 0 0 0 
1 0 0 0 1 
0 1 0 0 1 
0 0 1 0 1 
0 0 0 1 1 
0 0 1 1 0 
0 0 0 1 1 
1 0 0 0 1 
0 1 0 0 1 
0 0 1 1 0 
0 0 0 1 1 
1 0 0 0 1 
0 1 1 0 0 
0 1 0 0 1 
0 0 1 1 0 
1 0 0 0 1 
0 0 0 1 1 
0 1 1 0 0 
0 1 0 0 1 
1 0 0 1 0 
1 0 0 0 1 
0 1 1 0 0 
0 1 0 0 1 
0 0 1 1 0 
0 0 0 1 1 
0 1 1 0 0 
0 1 0 0 1 
1 1 0 0 0 
1 0 0 0 1 
1 0 1 0 0 
1 0 0 1 0 
1 1 0 0 0 
1 0 0 1 0 
1 0 1 0 0 
0 0 1 0 1 
0 1 1 0 0 
0 0 1 1 0 
0 1 1 0 0 
0 0 1 1 0 
1 1 0 0 0 
1 0 1 0 0 
1 0 0 1 0 
1 0 0 0 1 
1 1 0 0 0 
1 0 1 0 0 
1 0 0 1 0 
0 1 1 0 0 
0 0 1 0 1 
0 0 1 1 0 
0 1 1 0 0 
1 1 0 0 0 
1 0 1 0 0 
1 0 0 1 0 
1 0 0 0 1 
1 1 0 0 0 
1 0 1 0 0 
1 0 0 1 0 
0 1 1 0 0 
0 0 1 1 0 
0 0 1 0 1 
0 1 1 0 0 
1 0 1 0 0 
1 0 0 1 0 
0 0 1 1 0 
0 0 1 0 1 
0 0 0 1 1 
0 1 0 0 1 
1 0 0 1 0 
1 0 1 0 0 
0 1 1 0 0 
0 0 1 1 0 
0 0 1 0 1 
1 0 1 0 0 
0 1 1 0 0 
0 0 1 0 1 
1 0 0 1 0 
0 1 1 0 0 
0 0 0 1 1 
0 1 0 0 1 
0 0 1 1 0 
1 0 0 1 0 
1 1 0 0 0 
1 0 1 0 0 
1 0 0 1 0 
1 0 0 0 1 
1 1 0 0 0 
1 0 1 0 0 
1 0 0 1 0 
1 0 0 0 1 
1 1 0 0 0 
1 0 0 1 0 
0 0 1 1 0 
0 0 0 1 1 
1 1 0 0 0 
0 1 1 0 0 
1 0 0 1 0 
1 0 0 0 1 
0 0 1 1 0 
0 0 0 1 1 
1 1 0 0 0 
1 0 0 0 1 
0 0 1 1 0 
0 0 0 1 1 
1 1 0 0 0 
0 1 0 0 1 
0 0 1 1 0 
0 0 0 1 1 
1 1 0 0 0 
1 0 1 0 0 
1 0 0 0 1 
1 0 0 1 0 
1 1 0 0 0 
0 0 1 0 1 
1 0 0 1 0 
0 0 0 1 1 
1 1 0 0 0 
1 0 0 1 0 
1 0 0 0 1 
0 0 1 0 1 
0 0 1 1 0 
1 1 0 0 0 
1 0 0 1 0 
0 0 1 1 0 
1 0 0 0 1 
0 0 1 0 1 
0 1 1 0 0 
1 1 0 0 0 
1 0 0 1 0 
0 0 1 1 0 
0 0 1 0 1 
1 0 0 0 1 
1 1 0 0 0 
1 0 0 1 0 
1 0 0 0 1 
0 1 1 0 0 
0 0 1 1 0 
0 0 1 0 1 
0 0 1 1 0 
1 0 0 1 0 
1 1 0 0 0 
0 1 1 0 0 
1 0 0 0 1 
0 0 1 0 1 
1 0 0 1 0 
0 0 1 1 0 
0 1 0 0 1 
0 0 0 1 1 
1 1 0 0 0 
0 1 1 0 0 
0 0 1 1 0 
0 0 1 0 1 
1 1 0 0 0 
1 0 0 1 0 
1 0 0 0 1 
1 1 0 0 0 
1 0 0 1 0 
1 0 0 0 1 
0 1 1 0 0 
1 0 0 1 0 
0 0 1 1 0 
1 0 0 0 1 
1 1 0 0 0 
1 0 0 0 1 
0 1 1 0 0 
0 0 1 1 0 
0 0 1 0 1 
1 1 0 0 0 
1 0 0 1 0 
1 0 0 0 1 
1 0 0 0 1 
0 0 1 0 1 
1 0 0 1 0 
0 0 1 1 0 
1 1 0 0 0 
0 1 1 0 0 
1 0 0 1 0 
1 0 0 0 1 
0 0 1 0 1 
1 1 0 0 0 
1 0 0 1 0 
1 0 0 0 1 
0 1 1 0 0 
1 0 0 1 0 
0 1 1 0 0 
0 0 1 0 1 
1 1 0 0 0 
1 0 0 1 0 
1 0 0 0 1 
1 0 1 0 0 
1 0 0 1 0 
1 0 1 0 0 
1 0 0 0 1 
1 1 0 0 0 
1 0 0 1 0 
1 0 0 0 1 
1 0 1 0 0 
1 1 0 0 0 
1 0 0 1 0 
1 0 0 0 1 
1 0 1 0 0 
0 0 1 1 0 
0 1 1 0 0 
1 1 0 0 0 
0 1 0 1 0 
0 1 0 0 1 
1 0 1 0 0 
0 1 1 0 0 
0 1 0 1 0 
0 1 0 0 1 
1 0 1 0 0 
0 1 1 0 0 
0 1 0 0 1 
0 1 0 1 0 
1 0 1 0 0 
0 1 1 0 0 
0 1 0 0 1 
0 1 0 1 0 
1 0 1 0 0 
0 1 0 0 1 
1 0 1 0 0 
0 1 0 1 0 
0 1 0 0 1 
1 0 1 0 0 
0 1 0 1 0 
0 0 1 1 0 
1 0 1 0 0 
0 1 0 0 1 
0 0 0 1 1 
1 0 1 0 0 
1 0 0 1 0 
0 1 0 0 1 
1 0 1 0 0 
1 0 0 0 1 
0 0 1 0 1 
0 1 0 1 0 
0 1 0 0 1 
1 0 0 0 1 
0 1 0 1 0 
0 0 1 0 1 
0 1 0 1 0 
0 0 1 0 1 
0 1 0 1 0 
0 0 1 0 1 
1 0 0 1 0 
0 1 0 1 0 
0 1 0 1 0 
0 0 1 0 1 
1 0 1 0 0 
0 1 0 1 0 
0 0 1 0 1 
1 1 0 0 0 
0 0 0 1 1 
0 1 1 0 0 
1 1 1 1 1 
;
TIMETABLE BEST: 
0.0 0.0 0.0 0.0 0.0 
14 14 0 0 0 
17 14 17 0 0 
17 14 17 17 0 
18 14 17 17 18 
18 18 17 17 18 
18 18 18 17 18 
27 18 27 17 18 
27 27 27 17 18 
27 27 27 17 27 
27 27 28 28 27 
39 39 28 28 27 
39 39 39 28 27 
39 39 39 39 27 
42 39 39 39 42 
42 42 39 39 42 
42 42 42 39 42 
42 42 42 42 42 
42 51 51 42 42 
42 51 51 42 51 
56 51 51 56 51 
56 56 51 56 51 
56 56 56 56 51 
56 56 56 56 56 
56 56 65 65 56 
56 68 65 68 56 
71 68 65 68 71 
71 71 65 68 71 
71 71 71 68 71 
71 71 71 71 71 
71 71 80 71 80 
71 83 80 71 83 
84 83 80 84 83 
84 84 80 84 83 
84 84 84 84 83 
95 84 84 95 83 
95 95 84 95 83 
95 95 95 95 83 
95 95 95 95 95 
95 106 95 106 95 
109 106 95 106 109 
109 109 95 106 109 
109 109 109 109 109 
109 109 109 109 109 
109 109 109 109 109 
120 109 109 109 120 
120 120 109 120 120 
120 120 120 120 120 
120 120 120 120 120 
120 120 120 120 120 
120 120 120 120 120 
120 120 129 120 129 
120 120 129 131 131 
120 132 129 131 132 
138 138 129 131 132 
138 138 129 138 132 
138 143 129 138 143 
143 143 129 138 143 
143 143 143 138 143 
149 143 143 149 143 
149 143 143 149 149 
155 155 143 149 149 
155 155 143 155 149 
155 155 143 155 155 
166 155 143 155 166 
166 166 143 166 166 
166 166 143 166 166 
166 166 170 170 166 
179 166 170 170 179 
179 179 170 170 179 
179 179 170 181 181 
179 179 181 181 181 
179 191 181 181 191 
193 191 193 181 191 
193 193 193 181 191 
193 193 193 193 191 
193 193 193 193 193 
204 193 193 193 204 
204 204 204 193 204 
204 204 204 193 204 
204 204 204 204 204 
204 204 204 204 204 
204 204 204 204 204 
204 213 213 204 204 
204 213 213 204 213 
219 213 219 204 213 
219 213 219 215 215 
219 213 219 219 215 
219 213 219 219 219 
219 225 219 219 225 
230 225 219 230 225 
235 225 235 230 225 
235 225 235 230 235 
235 236 236 230 235 
235 245 245 230 235 
250 245 250 230 235 
250 245 250 250 235 
250 245 250 250 250 
250 259 259 250 250 
250 259 259 250 259 
250 263 259 263 259 
263 263 259 263 259 
272 263 272 263 259 
272 263 272 263 272 
272 263 272 272 272 
272 277 272 277 272 
272 277 272 277 277 
283 277 283 277 277 
283 277 283 283 277 
283 277 283 283 283 
283 294 283 283 294 
283 294 294 283 294 
298 294 298 283 294 
306 294 298 306 294 
306 294 306 306 294 
306 294 306 306 306 
312 312 306 306 306 
319 312 319 306 306 
319 319 319 306 306 
319 319 319 319 306 
319 319 319 319 319 
319 319 330 330 319 
319 319 330 330 330 
334 334 330 330 330 
334 334 334 330 330 
334 334 343 343 330 
349 349 343 343 330 
351 349 343 343 351 
351 351 343 343 351 
351 351 351 343 351 
351 351 351 351 351 
351 351 363 363 351 
351 351 363 363 363 
365 351 363 363 365 
365 366 363 363 366 
365 366 374 374 366 
365 366 374 374 374 
376 366 374 374 376 
376 384 384 374 376 
376 384 384 374 384 
376 384 387 387 384 
389 384 387 387 389 
389 384 387 389 389 
389 398 398 389 389 
389 398 398 389 398 
400 398 398 400 398 
400 398 398 400 400 
400 409 409 400 400 
400 409 409 400 409 
400 409 412 412 409 
400 409 412 412 412 
400 418 418 412 412 
400 418 418 412 418 
420 420 418 412 418 
420 420 418 412 420 
420 420 420 412 420 
420 420 420 420 420 
429 429 420 420 420 
432 429 420 432 420 
433 429 433 432 420 
433 429 433 432 433 
433 433 433 432 433 
433 433 433 433 433 
433 442 442 433 433 
433 442 445 445 433 
446 446 445 445 433 
446 446 446 445 433 
446 446 446 446 433 
446 446 446 446 446 
455 455 446 446 446 
458 455 458 446 446 
458 455 458 458 446 
458 458 458 458 446 
458 458 463 458 463 
458 458 463 463 463 
458 467 467 463 463 
468 468 467 463 463 
468 468 468 463 463 
468 468 468 468 463 
468 468 468 468 468 
477 477 468 468 468 
480 477 480 468 468 
480 477 480 480 468 
480 480 480 480 468 
480 480 480 480 468 
480 480 480 480 480 
480 489 489 480 480 
490 489 490 480 480 
492 489 490 492 480 
492 489 492 492 480 
492 489 492 492 492 
492 489 492 492 492 
492 501 492 492 501 
502 501 492 502 501 
508 501 508 502 501 
508 508 508 502 501 
508 508 508 508 501 
508 508 508 508 508 
518 508 518 508 508 
518 519 519 508 508 
518 519 520 508 520 
521 519 520 521 520 
521 530 530 521 520 
521 530 530 521 521 
521 530 530 521 530 
521 530 530 530 530 
531 530 530 531 530 
542 542 530 531 530 
542 542 542 531 530 
542 542 542 542 530 
542 542 542 542 542 
553 553 542 542 542 
553 553 553 542 542 
553 553 553 553 542 
553 553 553 553 553 
564 564 553 553 553 
564 564 553 564 553 
564 564 564 564 553 
564 564 564 564 564 
573 573 564 564 564 
573 573 573 564 564 
576 573 573 576 564 
576 573 573 576 576 
576 573 576 576 576 
576 573 576 576 576 
585 585 576 576 576 
588 585 576 576 588 
588 585 588 588 588 
588 585 588 588 588 
597 597 588 588 588 
597 597 588 588 597 
597 597 599 599 597 
597 597 599 599 599 
608 608 599 599 599 
608 608 608 599 599 
608 608 608 599 608 
610 608 608 610 608 
620 620 608 610 608 
620 620 620 610 620 
622 620 620 622 620 
622 620 620 622 622 
631 631 620 622 622 
635 631 620 635 622 
635 631 620 635 635 
635 631 635 635 635 
635 631 635 635 635 
640 640 635 635 635 
646 640 635 646 635 
646 640 646 646 635 
648 640 646 646 648 
648 640 648 646 648 
648 658 658 646 648 
658 658 658 646 648 
659 658 658 659 648 
659 658 659 659 648 
659 658 662 659 662 
662 658 662 659 662 
673 673 662 659 662 
673 673 662 673 662 
673 673 662 673 673 
673 674 674 673 673 
673 674 674 674 673 
673 674 674 674 674 
673 674 685 685 674 
685 674 685 685 674 
689 689 685 685 674 
689 689 689 685 674 
689 689 689 685 689 
689 689 689 685 689 
698 689 689 698 689 
698 689 698 698 689 
698 702 698 698 702 
698 702 698 702 702 
709 709 698 702 702 
709 710 710 702 702 
709 710 710 710 702 
709 710 715 710 715 
720 720 715 710 715 
720 720 715 720 715 
720 720 715 720 720 
730 730 715 720 720 
730 730 715 730 720 
730 730 715 730 730 
730 731 731 730 730 
741 731 731 741 730 
741 731 743 743 730 
743 731 743 743 743 
746 746 743 743 743 
754 746 743 743 754 
754 755 755 743 754 
754 755 755 755 754 
754 755 755 755 755 
764 764 755 755 755 
764 764 755 764 755 
764 764 755 764 764 
775 764 755 764 775 
775 764 775 764 775 
777 764 775 777 775 
777 764 777 777 775 
782 782 777 777 775 
782 782 782 777 775 
789 782 782 789 775 
789 782 782 789 789 
789 782 789 789 789 
799 799 789 789 789 
799 799 789 799 789 
799 799 789 799 799 
799 801 801 799 799 
811 801 801 811 799 
811 813 813 811 799 
811 813 813 811 813 
824 824 813 811 813 
824 824 813 824 813 
824 824 813 824 824 
825 824 825 824 824 
835 824 825 835 824 
837 824 837 835 824 
838 824 837 835 838 
842 842 837 835 838 
847 842 837 847 838 
856 842 837 847 856 
856 842 856 847 856 
857 857 856 847 856 
860 857 856 860 856 
869 857 856 860 869 
874 857 874 860 869 
874 857 874 874 869 
874 876 876 874 869 
876 876 876 874 869 
876 876 876 876 869 
876 876 876 876 876 
887 876 887 876 876 
887 887 887 876 876 
887 887 887 887 876 
887 887 887 887 887 
898 887 898 887 887 
898 898 898 887 887 
898 900 898 887 900 
898 903 898 903 900 
908 903 908 903 900 
908 908 908 903 900 
908 913 908 903 913 
908 918 908 918 913 
921 918 921 918 913 
921 925 921 918 925 
932 925 932 918 925 
932 933 932 933 925 
932 937 932 933 937 
943 937 943 933 937 
943 951 943 951 937 
943 951 951 951 937 
953 951 953 951 937 
953 953 953 951 953 
953 953 953 953 953 
964 953 964 953 953 
964 953 964 964 953 
964 973 964 964 973 
975 973 975 964 973 
990 973 975 964 990 
990 973 990 964 990 
990 993 990 993 990 
990 993 990 993 993 
1001 993 990 993 1001 
1001 1004 990 1004 1001 
1001 1004 1008 1004 1008 
1001 1013 1008 1013 1008 
1001 1013 1020 1013 1020 
1001 1025 1020 1025 1020 
1001 1025 1032 1025 1032 
1037 1025 1032 1037 1032 
1037 1037 1032 1037 1032 
1037 1050 1032 1050 1032 
1037 1050 1056 1050 1056 
1057 1050 1057 1050 1056 
1057 1061 1057 1061 1056 
1057 1061 1067 1061 1067 
1070 1070 1067 1061 1067 
1070 1070 1067 1090 1090 
1070 1088 1088 1090 1090 
1122.0 1142.0 1143.0 1116.0 1142.0 
;
EXECUTION TIME HBSS: 3494.65983295 seconds 

-------------------------------------------------------------------
