DATFILE : bwopen0_7r_1000.dat
ENVIRONMENT : bwopen
ALGORITHM : HBSS - TAU 4
RANGE : 1000
STARTING_POS : 0
N_ROBOTS : 7
GREEDY SOLUTION : 857.0
COMPUTATIONS T :
733.0
803.0
790.0
825.0
817.0
825.0
837.0
773.0
886.0
821.0
839.0
766.0
869.0
832.0
763.0
833.0
850.0
757.0
861.0
854.0
788.0
839.0
832.0
857.0
837.0
771.0
825.0
824.0
853.0
855.0
844.0
833.0
840.0
783.0
804.0
845.0
839.0
827.0
798.0
838.0
836.0
813.0
758.0
831.0
866.0
804.0
786.0
795.0
837.0
851.0
855.0
786.0
862.0
869.0
902.0
877.0
868.0
767.0
798.0
835.0
851.0
794.0
767.0
760.0
764.0
793.0
813.0
902.0
848.0
811.0
777.0
808.0
837.0
758.0
824.0
937.0
806.0
869.0
857.0
842.0
790.0
821.0
793.0
837.0
772.0
770.0
834.0
826.0
850.0
872.0
812.0
825.0
781.0
816.0
792.0
812.0
753.0
828.0
826.0
891.0
784.0
804.0
824.0
821.0
813.0
809.0
821.0
842.0
772.0
811.0
814.0
751.0
877.0
784.0
766.0
882.0
835.0
818.0
816.0
869.0
794.0
833.0
802.0
899.0
839.0
760.0
794.0
772.0
893.0
857.0
840.0
852.0
798.0
756.0
807.0
838.0
814.0
827.0
793.0
883.0
865.0
825.0
797.0
775.0
801.0
920.0
859.0
843.0
845.0
796.0
841.0
841.0
783.0
852.0
781.0
847.0
780.0
802.0
799.0
818.0
831.0
856.0
805.0
828.0
822.0
789.0
752.0
750.0
881.0
830.0
830.0
818.0
852.0
749.0
800.0
798.0
799.0
751.0
829.0
815.0
796.0
812.0
837.0
851.0
806.0
820.0
849.0
850.0
769.0
873.0
791.0
785.0
901.0
821.0
770.0
821.0
920.0
788.0
865.0
815.0
;
HBBS bestT : 733.0
BEST_CONFIGURATIONS : 
0 0 0 0 0 0 0 
0 4 0 0 0 0 0 
0 4 26 0 0 0 0 
0 4 26 0 0 0 0 
0 4 26 1 0 0 0 
0 4 26 1 1 0 0 
0 4 26 1 1 0 0 
0 4 26 1 1 5 0 
0 4 26 1 1 5 22 
0 4 26 1 1 5 22 
0 4 26 1 1 5 22 
0 4 26 1 1 5 22 
0 4 26 1 1 5 22 
0 4 26 1 1 5 22 
0 4 26 1 1 5 22 
0 4 26 1 1 5 22 
0 4 26 1 27 5 22 
0 4 26 1 27 5 22 
0 4 5 1 27 5 22 
0 4 5 1 27 5 22 
0 4 5 1 27 26 22 
0 4 5 1 27 26 22 
0 4 5 1 27 26 8 
0 22 5 1 27 26 8 
0 22 5 1 27 26 8 
0 22 5 1 9 26 8 
0 22 5 1 9 26 8 
0 22 5 1 9 4 8 
0 22 5 1 9 4 8 
0 22 5 1 9 4 8 
0 22 5 1 9 4 8 
0 22 5 1 9 4 8 
0 22 5 1 9 4 8 
0 22 26 1 9 4 8 
0 22 26 1 9 4 8 
0 8 26 27 9 4 8 
0 8 26 27 9 4 8 
0 8 26 27 9 4 13 
0 8 26 27 9 4 13 
0 8 4 27 9 4 13 
0 8 4 27 9 4 13 
0 8 4 27 9 4 13 
0 8 4 27 9 5 13 
0 8 4 27 9 26 13 
0 22 4 27 9 26 13 
0 22 4 27 10 26 13 
0 22 4 27 10 26 13 
0 22 4 27 10 26 13 
0 22 4 27 10 26 13 
0 22 4 27 10 26 13 
0 22 4 27 10 26 13 
0 22 4 27 10 5 13 
0 22 4 27 10 5 17 
0 22 4 27 10 5 17 
0 22 4 27 10 5 17 
0 22 4 27 10 5 17 
0 22 4 27 10 5 17 
0 22 4 27 10 5 17 
0 22 4 27 10 26 17 
0 22 4 27 15 26 17 
0 22 4 27 15 26 17 
0 22 4 27 15 26 17 
0 22 4 27 15 26 17 
0 22 4 27 15 26 17 
0 22 4 27 15 26 17 
0 22 4 27 15 5 17 
0 22 4 27 15 5 13 
0 8 4 27 15 5 13 
0 8 4 1 15 5 13 
0 8 4 1 15 5 13 
1 8 4 1 10 5 13 
1 8 4 1 10 5 17 
1 8 4 1 10 5 17 
1 8 4 1 10 5 17 
1 8 4 1 10 9 17 
1 8 13 1 10 9 17 
1 8 13 1 10 9 17 
1 8 13 2 10 9 17 
1 8 13 2 10 9 17 
1 8 13 2 10 9 17 
1 8 13 2 10 9 17 
1 8 13 2 10 9 17 
1 8 13 2 10 9 17 
1 8 13 2 15 9 17 
1 8 13 2 15 9 17 
1 8 13 2 15 9 25 
1 22 13 2 15 9 25 
1 22 13 2 15 9 25 
1 22 13 2 15 9 25 
1 22 13 2 15 9 25 
1 22 13 2 15 9 25 
1 22 13 2 15 9 25 
1 22 17 2 15 9 25 
1 26 17 2 15 9 25 
1 26 17 2 15 9 25 
1 26 17 2 10 9 25 
27 26 17 2 10 9 25 
27 26 17 2 10 9 25 
27 26 17 2 10 24 25 
27 26 17 2 10 24 25 
27 26 17 2 10 24 25 
27 26 17 2 10 24 25 
27 26 17 2 10 24 25 
27 26 17 2 10 24 25 
27 5 17 2 10 24 25 
27 5 17 2 10 24 25 
27 5 17 2 10 24 25 
27 5 13 2 10 24 25 
27 5 13 2 15 24 25 
1 5 13 2 15 24 25 
1 22 13 2 15 24 25 
1 22 13 2 15 24 18 
1 22 13 2 15 24 18 
1 22 13 2 15 24 18 
1 22 13 2 15 24 18 
1 22 13 2 15 24 18 
1 22 13 2 15 24 18 
1 22 13 2 15 24 14 
1 26 13 2 15 24 14 
1 26 13 2 15 24 14 
1 26 13 2 15 24 14 
1 26 13 2 10 24 14 
1 26 13 2 10 6 14 
1 26 13 2 10 6 14 
1 26 13 2 10 6 14 
1 26 13 2 10 6 14 
1 26 13 2 10 6 14 
1 26 13 2 10 6 14 
1 5 13 2 10 6 14 
1 5 13 2 10 6 14 
1 5 17 2 10 6 14 
1 5 17 2 10 6 14 
1 5 17 2 15 6 14 
1 5 17 2 15 6 14 
27 5 17 2 15 6 14 
27 5 17 2 15 6 14 
27 5 17 24 15 6 14 
27 5 17 24 15 6 14 
27 22 17 24 15 6 14 
27 22 17 24 15 6 14 
27 22 25 24 15 6 14 
27 22 25 24 15 6 14 
27 22 25 24 18 6 14 
27 22 25 24 18 6 14 
27 22 25 24 18 6 14 
27 22 25 24 18 6 14 
27 26 25 24 18 6 14 
27 26 25 10 18 6 14 
27 26 25 10 18 21 14 
27 5 25 10 18 21 14 
27 5 17 10 18 21 14 
27 5 17 10 18 21 14 
27 5 17 10 18 21 14 
27 5 17 10 18 21 14 
27 5 17 10 18 21 15 
27 5 17 10 18 21 15 
27 5 17 10 18 21 15 
27 26 17 10 18 21 15 
27 26 13 10 18 21 15 
27 26 13 10 14 21 15 
27 26 13 24 14 21 15 
9 26 13 24 14 21 15 
9 26 13 24 14 21 15 
9 26 13 24 14 21 15 
9 26 13 24 14 21 18 
9 4 13 24 14 21 18 
9 4 13 24 14 21 18 
9 4 13 24 14 21 18 
9 4 13 24 14 21 18 
9 4 25 24 14 21 18 
9 4 25 24 14 21 18 
9 4 25 6 14 21 18 
9 4 25 6 14 21 18 
9 4 25 6 14 21 18 
9 4 25 6 14 21 19 
9 4 13 6 14 21 19 
9 4 13 6 14 21 19 
9 4 13 6 14 21 19 
9 4 13 6 14 21 19 
9 4 13 6 14 21 19 
9 26 13 6 14 21 19 
9 26 17 6 14 21 19 
9 26 17 6 18 21 19 
9 26 17 6 18 3 19 
9 26 17 6 18 3 19 
9 26 17 6 18 3 19 
9 26 17 21 18 3 19 
9 26 17 21 18 3 19 
9 26 17 21 18 3 19 
9 5 17 21 18 3 19 
9 5 17 21 18 3 19 
9 5 13 21 18 3 19 
9 5 13 21 14 3 19 
9 5 13 7 14 3 19 
9 5 13 7 14 3 19 
9 5 13 7 14 3 19 
9 5 13 7 14 3 19 
9 5 13 7 14 3 19 
9 5 13 7 14 3 19 
9 26 13 7 14 3 19 
9 26 17 7 14 3 19 
9 26 17 7 18 3 19 
9 26 17 7 18 21 19 
9 26 17 7 18 21 20 
9 26 17 7 18 21 20 
9 26 17 7 18 21 20 
9 26 17 7 18 21 20 
9 26 17 7 18 21 20 
9 26 17 7 18 21 20 
9 5 17 7 18 21 20 
9 5 13 7 18 21 20 
9 5 13 7 14 21 20 
9 5 13 7 14 6 20 
9 5 13 7 14 6 20 
10 5 13 7 14 6 20 
10 5 13 7 14 6 20 
10 22 13 7 14 6 20 
10 22 13 7 14 6 20 
10 22 13 7 14 21 20 
10 22 8 7 14 21 20 
10 22 8 7 14 21 20 
10 22 8 7 14 21 20 
10 22 8 7 14 21 20 
15 22 8 7 14 21 20 
15 22 8 7 14 21 20 
15 22 8 7 14 21 23 
15 22 8 7 14 21 23 
15 22 8 7 18 21 23 
15 22 8 7 18 21 23 
15 22 8 7 18 21 23 
15 22 8 7 18 21 23 
15 22 8 7 18 21 23 
10 22 8 7 18 21 16 
10 22 8 7 18 21 16 
10 22 8 7 18 21 16 
10 22 8 7 18 21 16 
10 22 8 7 14 21 16 
10 22 8 7 14 21 16 
10 22 8 7 14 21 12 
10 22 8 7 14 21 12 
10 22 8 7 14 21 12 
10 22 8 7 14 21 12 
10 22 8 7 14 21 12 
10 22 8 7 14 21 12 
10 22 8 7 18 21 12 
15 22 8 7 18 21 12 
15 22 8 7 18 3 12 
15 26 8 7 18 3 12 
15 26 8 7 18 3 12 
15 26 8 7 18 3 12 
15 5 8 12 18 3 12 
10 5 8 12 18 3 12 
10 5 8 12 18 3 16 
10 5 8 12 18 3 16 
10 5 8 12 18 3 16 
10 5 8 12 18 3 16 
10 5 22 12 18 3 16 
10 26 22 12 18 3 16 
15 26 22 16 18 3 16 
15 26 4 16 18 3 16 
15 26 4 16 18 3 16 
15 26 4 16 25 3 16 
15 26 4 16 25 3 16 
15 4 4 16 25 3 12 
15 4 4 16 25 3 12 
10 4 4 23 25 3 12 
10 4 4 23 25 3 12 
10 4 26 23 25 3 12 
10 4 26 23 25 3 12 
10 4 26 23 25 3 12 
10 4 26 23 25 3 12 
10 4 5 23 25 3 12 
10 4 5 23 25 3 16 
10 4 5 23 17 3 16 
10 4 5 23 17 3 16 
24 4 5 23 17 3 16 
24 4 5 23 17 3 16 
24 4 5 23 17 3 16 
24 0 5 23 17 3 16 
24 0 5 23 17 3 16 
24 0 5 23 17 3 16 
24 0 5 23 17 3 16 
24 0 5 23 13 3 16 
24 0 5 23 13 3 16 
24 0 5 23 13 21 16 
6 0 5 23 13 21 16 
6 0 5 23 13 21 16 
6 0 5 23 13 21 16 
6 0 1 23 13 21 16 
6 0 1 23 13 21 16 
6 0 1 23 13 21 16 
6 0 1 23 8 21 16 
6 0 1 20 8 21 16 
6 0 1 20 8 21 16 
6 0 1 20 8 21 12 
6 0 1 20 8 21 12 
6 0 1 20 8 21 12 
6 0 1 20 8 21 12 
6 0 1 20 8 3 12 
6 0 1 20 8 3 12 
6 0 1 20 8 3 12 
6 0 1 20 8 3 16 
6 0 1 20 4 3 16 
24 0 1 20 4 3 16 
24 0 27 20 4 3 16 
24 0 27 20 4 3 16 
24 0 27 20 4 3 16 
24 8 27 20 4 3 16 
24 8 27 23 4 3 16 
24 8 27 23 4 3 12 
24 8 27 23 4 3 12 
24 8 27 23 4 7 12 
24 8 27 23 4 7 12 
24 8 27 23 0 7 12 
24 13 27 23 0 7 12 
24 13 27 23 4 7 12 
9 13 27 16 4 7 12 
9 13 27 16 4 7 12 
9 13 1 16 4 7 12 
9 17 1 16 4 7 12 
9 17 1 23 4 7 12 
9 25 1 23 0 7 12 
9 25 1 23 0 7 12 
9 25 2 23 0 7 12 
9 25 2 23 0 7 12 
9 25 2 23 0 7 12 
9 25 2 23 0 7 12 
14 25 2 23 0 7 12 
14 25 2 23 0 7 12 
14 18 2 23 0 7 12 
14 18 2 23 0 7 16 
14 18 2 23 0 21 16 
14 18 2 20 0 21 16 
14 25 2 20 0 21 16 
14 25 2 20 4 21 16 
14 25 2 20 4 21 23 
14 25 2 20 4 3 23 
10 25 2 19 4 3 23 
10 25 2 19 4 3 23 
10 25 2 19 4 3 23 
10 25 2 19 22 3 23 
10 25 2 19 22 3 16 
15 25 2 19 22 3 16 
15 25 2 19 22 3 12 
15 25 2 19 8 3 12 
15 25 2 19 8 3 12 
15 25 24 19 8 3 12 
15 25 24 19 8 11 12 
15 25 24 19 8 11 12 
15 25 24 19 8 11 12 
15 25 24 19 8 11 12 
15 25 24 19 8 11 12 
15 25 24 19 8 11 12 
10 25 24 19 8 11 12 
10 25 24 19 8 11 16 
10 17 24 19 8 11 16 
10 17 24 19 22 11 16 
10 17 6 19 22 11 16 
10 17 6 20 22 11 16 
10 17 6 20 22 11 23 
10 13 6 20 22 11 23 
10 13 6 20 26 11 23 
9 13 6 20 26 11 23 
9 13 21 20 26 11 23 
9 13 21 19 26 11 20 
9 13 21 19 5 11 20 
9 13 3 19 5 11 20 
27 13 3 19 5 11 20 
27 13 3 19 5 11 20 
27 13 3 19 5 11 23 
27 13 3 19 4 11 23 
27 14 3 19 4 11 23 
27 14 7 19 4 11 23 
1 14 7 19 4 11 23 
1 14 7 19 4 11 23 
1 18 7 19 4 11 23 
1 18 7 19 0 11 23 
1 18 7 19 0 11 23 
2 18 7 19 0 11 23 
0 0 0 0 0 0 0 
;
ROBOT MOVING BEST:
0 0 0 0 0 0 0 
1 1 0 0 0 0 0 
1 0 1 0 0 0 0 
0 1 1 0 0 0 0 
1 0 0 1 0 0 0 
0 1 0 0 1 0 0 
0 0 1 1 0 0 0 
1 0 0 0 0 1 0 
1 0 0 0 0 0 1 
0 1 0 0 0 1 0 
0 1 0 0 0 0 1 
0 0 1 0 0 0 1 
0 0 1 0 0 1 0 
0 0 0 1 0 1 0 
0 0 0 1 0 0 1 
0 0 0 0 0 1 1 
1 0 0 0 1 0 0 
0 1 0 0 1 0 0 
0 0 1 0 1 0 0 
0 0 0 1 1 0 0 
0 0 0 0 1 1 0 
0 0 0 0 1 0 1 
1 0 0 0 0 0 1 
0 1 0 0 0 0 1 
0 0 1 0 0 0 1 
1 0 0 0 1 0 0 
0 0 0 1 0 0 1 
0 0 0 0 0 1 1 
0 1 0 0 1 0 0 
0 0 1 0 1 0 0 
0 0 0 0 1 1 0 
0 0 0 1 1 0 0 
0 0 0 0 1 0 1 
0 0 1 0 1 0 0 
0 0 1 0 0 0 1 
0 1 0 1 0 0 0 
0 0 0 1 1 0 0 
1 0 0 0 0 0 1 
0 1 0 0 0 0 1 
0 0 1 0 0 0 1 
0 0 0 1 0 0 1 
0 0 0 0 1 0 1 
0 0 0 0 0 1 1 
0 0 0 0 0 1 1 
0 1 0 0 0 0 1 
1 0 0 0 1 0 0 
0 1 0 0 1 0 0 
0 0 1 0 1 0 0 
0 0 0 1 1 0 0 
0 0 0 0 1 1 0 
0 0 0 0 1 0 1 
0 0 0 0 1 1 0 
1 0 0 0 0 0 1 
0 1 0 0 0 0 1 
0 0 1 0 0 0 1 
0 0 0 1 0 0 1 
0 0 0 0 1 0 1 
0 0 0 0 0 1 1 
0 0 0 0 0 1 1 
1 0 0 0 1 0 0 
0 1 0 0 1 0 0 
0 0 1 0 1 0 0 
0 0 0 1 1 0 0 
0 0 0 0 1 1 0 
0 0 0 0 1 0 1 
0 0 0 0 1 1 0 
0 0 0 0 1 0 1 
0 1 0 0 1 0 0 
0 0 0 1 1 0 0 
0 0 0 1 0 0 1 
1 0 0 0 1 0 0 
1 0 0 0 0 0 1 
0 1 0 0 1 0 0 
0 1 0 0 0 0 1 
0 0 0 0 1 1 0 
0 0 1 0 0 0 1 
0 0 0 0 0 1 1 
1 0 0 1 0 0 0 
0 1 0 1 0 0 0 
0 0 1 1 0 0 0 
0 0 0 1 1 0 0 
0 0 0 1 0 1 0 
0 0 0 1 0 0 1 
0 0 0 1 1 0 0 
0 0 0 0 1 1 0 
1 0 0 0 0 0 1 
0 1 0 1 0 0 0 
0 1 0 0 0 0 1 
0 0 1 0 0 0 1 
0 0 0 1 0 0 1 
0 0 0 0 1 0 1 
0 0 0 0 0 1 1 
0 0 1 0 0 0 1 
0 1 0 1 0 0 0 
0 1 0 0 0 0 1 
0 0 0 0 1 0 1 
1 0 0 0 0 0 1 
1 0 0 1 0 0 0 
1 0 0 0 0 1 0 
0 1 0 0 0 1 0 
0 0 1 0 0 1 0 
0 0 0 1 0 1 0 
0 0 0 0 1 1 0 
0 0 0 0 0 1 1 
0 1 0 1 0 0 0 
0 1 0 0 0 1 0 
0 1 0 0 0 0 1 
0 0 1 0 0 1 0 
0 0 0 0 1 1 0 
1 0 0 0 0 1 0 
0 1 0 0 0 1 0 
1 0 0 0 0 0 1 
0 1 0 0 0 0 1 
0 0 1 0 0 0 1 
0 0 0 1 0 0 1 
0 0 0 0 1 0 1 
0 0 0 0 0 1 1 
1 0 0 0 0 0 1 
0 1 0 0 0 0 1 
0 0 1 0 0 0 1 
0 0 0 1 0 0 1 
0 0 0 0 1 0 1 
1 0 0 0 0 1 0 
0 1 0 0 0 1 0 
0 0 1 0 0 1 0 
0 0 0 1 0 1 0 
0 0 0 0 1 1 0 
0 0 0 0 0 1 1 
0 1 0 0 0 1 0 
0 1 0 0 0 0 1 
0 0 1 0 0 1 0 
0 0 1 0 0 0 1 
0 0 0 0 1 1 0 
0 0 0 0 1 0 1 
1 0 0 0 0 1 0 
1 0 0 0 0 0 1 
0 0 0 1 0 0 1 
0 0 0 1 0 1 0 
0 1 0 0 0 1 0 
0 1 0 0 0 0 1 
0 0 1 0 0 1 0 
0 0 1 0 0 0 1 
1 0 0 0 1 0 0 
0 0 1 0 1 0 0 
0 0 0 0 1 1 0 
0 0 0 0 1 0 1 
0 1 0 0 1 0 0 
0 0 0 1 1 0 0 
1 0 0 0 0 1 0 
0 1 0 0 1 0 0 
0 0 1 0 1 0 0 
0 1 0 0 0 1 0 
0 0 1 0 0 1 0 
0 0 0 0 1 1 0 
0 0 0 1 0 0 1 
0 0 0 1 0 1 0 
0 0 0 0 0 1 1 
0 1 0 0 0 1 0 
0 0 1 0 0 1 0 
0 0 0 0 1 1 0 
0 0 0 1 0 1 0 
1 0 0 1 0 0 0 
1 0 0 0 1 0 0 
1 0 0 0 0 1 0 
1 0 0 0 0 0 1 
0 1 0 1 0 0 0 
0 1 0 0 1 0 0 
0 1 0 0 0 1 0 
0 1 0 0 0 0 1 
0 1 1 0 0 0 0 
0 0 1 0 0 1 0 
1 0 0 1 0 0 0 
0 1 0 1 0 0 0 
0 0 0 1 0 1 0 
1 0 0 0 0 0 1 
0 0 1 0 0 0 1 
0 1 0 0 0 0 1 
0 0 0 1 0 0 1 
0 0 0 0 1 0 1 
0 0 0 0 0 1 1 
0 1 0 0 0 0 1 
0 0 1 0 0 0 1 
0 0 0 0 1 0 1 
1 0 0 0 0 1 0 
0 1 0 0 0 1 0 
0 0 1 0 0 1 0 
0 0 0 1 0 1 0 
0 0 0 0 1 1 0 
0 0 0 0 0 1 1 
0 1 0 0 0 1 0 
0 1 0 0 0 0 1 
0 0 1 0 0 1 0 
0 0 0 0 1 1 0 
1 0 0 1 0 0 0 
0 1 0 1 0 0 0 
0 0 1 1 0 0 0 
0 0 0 1 1 0 0 
0 0 0 1 0 1 0 
0 0 0 1 0 0 1 
0 1 0 1 0 0 0 
0 0 1 1 0 0 0 
0 0 0 1 1 0 0 
0 0 0 1 0 1 0 
1 0 0 0 0 0 1 
0 0 1 0 0 0 1 
0 1 0 0 0 0 1 
0 0 0 1 0 0 1 
0 0 0 0 1 0 1 
0 0 0 0 0 1 1 
0 1 0 0 0 0 1 
0 0 1 0 0 0 1 
0 0 0 0 1 0 1 
0 0 0 1 0 1 0 
0 0 0 0 0 1 1 
1 0 0 1 0 0 0 
1 0 0 0 0 0 1 
0 1 0 1 0 0 0 
0 1 0 0 0 0 1 
0 1 0 0 0 1 0 
0 0 1 1 0 0 0 
0 0 1 0 1 0 0 
0 0 1 0 0 1 0 
0 0 1 0 0 0 1 
1 0 0 1 0 0 0 
1 0 0 0 0 0 1 
1 0 0 0 0 0 1 
0 1 0 0 0 0 1 
0 0 1 0 1 0 0 
0 0 1 0 0 0 1 
0 0 0 1 0 0 1 
0 0 0 0 1 0 1 
0 0 0 0 0 1 1 
1 0 0 0 0 0 1 
0 1 0 0 0 0 1 
0 0 1 0 0 0 1 
0 0 0 1 0 0 1 
0 0 0 0 1 0 1 
0 0 0 0 0 1 1 
1 0 0 0 0 0 1 
0 1 0 0 0 0 1 
0 0 1 0 0 0 1 
0 0 0 1 0 0 1 
0 0 0 0 1 0 1 
0 0 0 0 0 1 1 
0 0 0 0 1 0 1 
1 0 0 0 0 0 1 
1 0 0 0 0 1 0 
0 1 0 0 0 0 1 
0 0 1 0 0 1 0 
0 0 0 0 0 1 1 
0 1 0 1 0 0 0 
1 0 0 0 0 1 0 
0 1 0 0 0 0 1 
0 0 0 1 0 0 1 
0 0 0 0 1 0 1 
0 0 0 0 0 1 1 
0 0 1 0 0 1 0 
0 1 0 0 0 0 1 
1 0 0 1 0 0 0 
0 0 1 1 0 0 0 
0 0 1 0 0 1 0 
0 0 0 0 1 1 0 
0 0 0 1 1 0 0 
0 1 0 0 0 0 1 
0 0 0 0 1 0 1 
1 0 0 1 0 0 0 
0 1 0 1 0 0 0 
0 0 1 1 0 0 0 
0 0 0 1 1 0 0 
0 0 0 1 0 1 0 
0 0 0 1 0 0 1 
0 0 1 1 0 0 0 
0 0 0 1 0 0 1 
0 0 0 1 1 0 0 
0 0 0 0 1 0 1 
1 0 0 1 0 0 0 
1 0 0 0 0 1 0 
1 0 0 0 0 0 1 
1 1 0 0 0 0 0 
0 1 0 1 0 0 0 
0 1 0 0 0 1 0 
0 1 0 0 0 0 1 
0 0 0 1 1 0 0 
0 0 0 0 1 0 1 
0 1 0 0 0 1 0 
1 1 0 0 0 0 0 
1 0 0 1 0 0 0 
1 0 0 0 0 0 1 
0 0 1 1 0 0 0 
0 0 1 0 0 1 0 
0 0 1 0 0 0 1 
1 0 0 0 1 0 0 
0 1 0 1 0 0 0 
0 0 1 1 0 0 0 
0 1 0 0 0 0 1 
1 0 0 0 0 0 1 
0 0 1 0 0 0 1 
0 0 0 1 0 0 1 
1 0 0 0 0 1 0 
0 0 1 0 0 1 0 
0 0 0 1 0 1 0 
0 0 0 1 0 0 1 
0 0 0 1 1 0 0 
1 0 0 1 0 0 0 
0 0 1 1 0 0 0 
0 0 1 0 0 1 0 
0 0 1 0 0 0 1 
1 1 0 0 0 0 0 
0 0 1 1 0 0 0 
1 0 0 0 0 0 1 
0 0 1 0 0 0 1 
1 0 0 0 0 1 0 
0 0 1 0 0 1 0 
0 0 0 0 1 1 0 
0 1 0 0 0 0 1 
0 0 0 0 1 1 0 
1 0 0 1 0 0 0 
1 0 0 0 0 0 1 
0 0 1 0 0 1 0 
0 1 0 0 0 0 1 
1 0 0 1 0 0 0 
0 1 0 0 1 0 0 
0 1 0 0 0 1 0 
0 0 1 1 0 0 0 
0 0 1 0 1 0 0 
0 0 1 0 0 1 0 
0 0 1 0 0 0 1 
1 0 0 1 0 0 0 
1 0 0 0 1 0 0 
0 1 0 0 1 0 0 
0 0 1 0 0 0 1 
0 0 1 0 0 1 0 
0 0 1 1 0 0 0 
0 1 0 1 0 0 0 
0 0 1 0 1 0 0 
0 0 0 1 0 0 1 
0 0 1 0 0 1 0 
1 0 0 1 0 0 0 
0 1 0 1 0 0 0 
0 0 1 1 0 0 0 
0 0 0 1 1 0 0 
0 0 0 1 0 0 1 
1 0 0 1 0 0 0 
0 0 0 1 0 0 1 
0 1 0 0 1 0 0 
0 0 0 1 1 0 0 
0 0 1 1 0 0 0 
1 0 0 0 0 1 0 
0 1 0 0 0 1 0 
0 0 0 1 0 1 0 
0 0 1 0 0 1 0 
0 0 0 0 1 1 0 
0 0 0 0 0 1 1 
1 0 0 0 0 1 0 
0 0 0 0 0 1 1 
0 1 0 0 0 1 0 
0 0 0 0 1 1 0 
0 0 1 0 0 1 0 
0 0 0 1 0 1 0 
0 0 0 0 0 1 1 
0 1 0 0 0 1 0 
0 0 0 0 1 1 0 
1 0 0 0 0 1 0 
0 0 1 0 0 1 0 
0 0 0 1 0 0 1 
0 0 0 0 1 1 0 
0 0 1 0 0 1 0 
1 0 0 1 0 0 0 
1 0 0 0 0 1 0 
0 0 0 1 0 0 1 
0 0 0 0 1 1 0 
0 1 0 0 0 1 0 
0 0 1 0 0 1 0 
1 0 0 1 0 0 0 
1 0 0 0 0 1 0 
0 1 0 0 0 1 0 
0 0 0 1 1 0 0 
0 0 0 0 1 1 0 
1 0 0 0 0 1 0 
1 1 1 1 0 1 1 
;
TIMETABLE BEST: 
0.0 0.0 0.0 0.0 0.0 0.0 0.0 
14.0 14.0 0.0 0.0 0.0 0.0 0.0 
17.0 14.0 17.0 0.0 0.0 0.0 0.0 
17.0 17.0 17.0 0.0 0.0 0.0 0.0 
18.0 17.0 17.0 18.0 0.0 0.0 0.0 
18.0 18.0 17.0 18.0 18.0 0.0 0.0 
18.0 18.0 18.0 18.0 18.0 0.0 0.0 
24.0 18.0 18.0 18.0 18.0 24.0 0.0 
24.0 18.0 18.0 18.0 18.0 24.0 24.0 
24.0 24.0 18.0 18.0 18.0 24.0 24.0 
24.0 24.0 18.0 18.0 18.0 24.0 24.0 
24.0 24.0 24.0 18.0 18.0 24.0 24.0 
24.0 24.0 24.0 18.0 18.0 24.0 24.0 
24.0 24.0 24.0 24.0 18.0 24.0 24.0 
24.0 24.0 24.0 24.0 18.0 24.0 24.0 
24.0 24.0 24.0 24.0 18.0 24.0 24.0 
33.0 24.0 24.0 24.0 33.0 24.0 24.0 
33.0 33.0 24.0 24.0 33.0 24.0 24.0 
33.0 33.0 33.0 24.0 33.0 24.0 24.0 
33.0 33.0 33.0 33.0 33.0 24.0 24.0 
33.0 33.0 33.0 33.0 33.0 33.0 24.0 
33.0 33.0 33.0 33.0 33.0 33.0 33.0 
45.0 33.0 33.0 33.0 33.0 33.0 45.0 
45.0 45.0 33.0 33.0 33.0 33.0 45.0 
45.0 45.0 45.0 33.0 33.0 33.0 45.0 
48.0 45.0 45.0 33.0 48.0 33.0 45.0 
48.0 45.0 45.0 45.0 48.0 33.0 45.0 
48.0 45.0 45.0 45.0 48.0 45.0 45.0 
48.0 48.0 45.0 45.0 48.0 45.0 45.0 
48.0 48.0 48.0 45.0 48.0 45.0 45.0 
48.0 48.0 48.0 45.0 48.0 48.0 45.0 
48.0 48.0 48.0 48.0 48.0 48.0 45.0 
48.0 48.0 48.0 48.0 48.0 48.0 48.0 
48.0 48.0 57.0 48.0 57.0 48.0 48.0 
48.0 48.0 57.0 48.0 57.0 48.0 57.0 
48.0 63.0 57.0 63.0 57.0 48.0 57.0 
48.0 63.0 57.0 63.0 63.0 48.0 57.0 
70.0 63.0 57.0 63.0 63.0 48.0 70.0 
70.0 70.0 57.0 63.0 63.0 48.0 70.0 
70.0 70.0 70.0 63.0 63.0 48.0 70.0 
70.0 70.0 70.0 70.0 63.0 48.0 70.0 
70.0 70.0 70.0 70.0 70.0 48.0 70.0 
70.0 70.0 70.0 70.0 70.0 70.0 70.0 
70.0 70.0 70.0 70.0 70.0 79.0 79.0 
70.0 82.0 70.0 70.0 70.0 79.0 82.0 
84.0 82.0 70.0 70.0 84.0 79.0 82.0 
84.0 84.0 70.0 70.0 84.0 79.0 82.0 
84.0 84.0 84.0 70.0 84.0 79.0 82.0 
84.0 84.0 84.0 84.0 84.0 79.0 82.0 
84.0 84.0 84.0 84.0 84.0 84.0 82.0 
84.0 84.0 84.0 84.0 84.0 84.0 84.0 
84.0 84.0 84.0 84.0 93.0 93.0 84.0 
95.0 84.0 84.0 84.0 93.0 93.0 95.0 
95.0 95.0 84.0 84.0 93.0 93.0 95.0 
95.0 95.0 95.0 84.0 93.0 93.0 95.0 
95.0 95.0 95.0 95.0 93.0 93.0 95.0 
95.0 95.0 95.0 95.0 95.0 93.0 95.0 
95.0 95.0 95.0 95.0 95.0 95.0 95.0 
95.0 95.0 95.0 95.0 95.0 104.0 104.0 
106.0 95.0 95.0 95.0 106.0 104.0 104.0 
106.0 106.0 95.0 95.0 106.0 104.0 104.0 
106.0 106.0 106.0 95.0 106.0 104.0 104.0 
106.0 106.0 106.0 106.0 106.0 104.0 104.0 
106.0 106.0 106.0 106.0 106.0 106.0 104.0 
106.0 106.0 106.0 106.0 106.0 106.0 106.0 
106.0 106.0 106.0 106.0 115.0 115.0 106.0 
106.0 106.0 106.0 106.0 117.0 115.0 117.0 
106.0 118.0 106.0 106.0 118.0 115.0 117.0 
106.0 118.0 106.0 121.0 121.0 115.0 117.0 
106.0 118.0 106.0 121.0 121.0 115.0 121.0 
132.0 118.0 106.0 121.0 132.0 115.0 121.0 
132.0 118.0 106.0 121.0 132.0 115.0 132.0 
132.0 132.0 106.0 121.0 132.0 115.0 132.0 
132.0 132.0 106.0 121.0 132.0 115.0 132.0 
132.0 132.0 106.0 121.0 137.0 137.0 132.0 
132.0 132.0 133.0 121.0 137.0 137.0 133.0 
132.0 132.0 133.0 121.0 137.0 137.0 137.0 
141.0 132.0 133.0 141.0 137.0 137.0 137.0 
141.0 141.0 133.0 141.0 137.0 137.0 137.0 
141.0 141.0 141.0 141.0 137.0 137.0 137.0 
141.0 141.0 141.0 141.0 141.0 137.0 137.0 
141.0 141.0 141.0 141.0 141.0 141.0 137.0 
141.0 141.0 141.0 141.0 141.0 141.0 141.0 
141.0 141.0 141.0 152.0 152.0 141.0 141.0 
141.0 141.0 141.0 152.0 152.0 152.0 141.0 
153.0 141.0 141.0 152.0 152.0 152.0 153.0 
153.0 153.0 141.0 153.0 152.0 152.0 153.0 
153.0 153.0 141.0 153.0 152.0 152.0 153.0 
153.0 153.0 153.0 153.0 152.0 152.0 153.0 
153.0 153.0 153.0 153.0 152.0 152.0 153.0 
153.0 153.0 153.0 153.0 153.0 152.0 153.0 
153.0 153.0 153.0 153.0 153.0 153.0 153.0 
153.0 153.0 164.0 153.0 153.0 153.0 164.0 
153.0 164.0 164.0 164.0 153.0 153.0 164.0 
153.0 164.0 164.0 164.0 153.0 153.0 164.0 
153.0 164.0 164.0 164.0 164.0 153.0 164.0 
168.0 164.0 164.0 164.0 164.0 153.0 168.0 
168.0 164.0 164.0 168.0 164.0 153.0 168.0 
168.0 164.0 164.0 168.0 164.0 168.0 168.0 
168.0 168.0 164.0 168.0 164.0 168.0 168.0 
168.0 168.0 168.0 168.0 164.0 168.0 168.0 
168.0 168.0 168.0 168.0 164.0 168.0 168.0 
168.0 168.0 168.0 168.0 168.0 168.0 168.0 
168.0 168.0 168.0 168.0 168.0 168.0 168.0 
168.0 177.0 168.0 177.0 168.0 168.0 168.0 
168.0 177.0 168.0 177.0 168.0 177.0 168.0 
168.0 177.0 168.0 177.0 168.0 177.0 177.0 
168.0 177.0 179.0 177.0 168.0 179.0 177.0 
168.0 177.0 179.0 177.0 179.0 179.0 177.0 
183.0 177.0 179.0 177.0 179.0 183.0 177.0 
183.0 189.0 179.0 177.0 179.0 189.0 177.0 
190.0 189.0 179.0 177.0 179.0 189.0 190.0 
190.0 190.0 179.0 177.0 179.0 189.0 190.0 
190.0 190.0 190.0 177.0 179.0 189.0 190.0 
190.0 190.0 190.0 190.0 179.0 189.0 190.0 
190.0 190.0 190.0 190.0 190.0 189.0 190.0 
190.0 190.0 190.0 190.0 190.0 190.0 190.0 
201.0 190.0 190.0 190.0 190.0 190.0 201.0 
201.0 201.0 190.0 190.0 190.0 190.0 201.0 
201.0 201.0 201.0 190.0 190.0 190.0 201.0 
201.0 201.0 201.0 201.0 190.0 190.0 201.0 
201.0 201.0 201.0 201.0 201.0 190.0 201.0 
203.0 201.0 201.0 201.0 201.0 203.0 201.0 
203.0 203.0 201.0 201.0 201.0 203.0 201.0 
203.0 203.0 203.0 201.0 201.0 203.0 201.0 
203.0 203.0 203.0 203.0 201.0 203.0 201.0 
203.0 203.0 203.0 203.0 203.0 203.0 201.0 
203.0 203.0 203.0 203.0 203.0 203.0 203.0 
203.0 212.0 203.0 203.0 203.0 212.0 203.0 
203.0 212.0 203.0 203.0 203.0 212.0 212.0 
203.0 212.0 214.0 203.0 203.0 214.0 212.0 
203.0 212.0 214.0 203.0 203.0 214.0 214.0 
203.0 212.0 214.0 203.0 214.0 214.0 214.0 
203.0 212.0 214.0 203.0 214.0 214.0 214.0 
218.0 212.0 214.0 203.0 214.0 218.0 214.0 
218.0 212.0 214.0 203.0 214.0 218.0 218.0 
218.0 212.0 214.0 222.0 214.0 218.0 222.0 
218.0 212.0 214.0 222.0 214.0 222.0 222.0 
218.0 224.0 214.0 222.0 214.0 224.0 222.0 
218.0 224.0 214.0 222.0 214.0 224.0 224.0 
218.0 224.0 226.0 222.0 214.0 226.0 224.0 
218.0 224.0 226.0 222.0 214.0 226.0 226.0 
232.0 224.0 226.0 222.0 232.0 226.0 226.0 
232.0 224.0 232.0 222.0 232.0 226.0 226.0 
232.0 224.0 232.0 222.0 232.0 232.0 226.0 
232.0 224.0 232.0 222.0 232.0 232.0 232.0 
232.0 235.0 232.0 222.0 235.0 232.0 232.0 
232.0 235.0 232.0 235.0 235.0 232.0 232.0 
244.0 235.0 232.0 235.0 235.0 244.0 232.0 
244.0 244.0 232.0 235.0 244.0 244.0 232.0 
244.0 244.0 244.0 235.0 244.0 244.0 232.0 
244.0 244.0 244.0 235.0 244.0 244.0 232.0 
244.0 244.0 244.0 235.0 244.0 244.0 232.0 
244.0 244.0 244.0 235.0 244.0 244.0 232.0 
244.0 244.0 244.0 245.0 244.0 244.0 245.0 
244.0 244.0 244.0 245.0 244.0 245.0 245.0 
244.0 244.0 244.0 245.0 244.0 245.0 245.0 
244.0 253.0 244.0 245.0 244.0 253.0 245.0 
244.0 253.0 255.0 245.0 244.0 255.0 245.0 
244.0 253.0 255.0 245.0 255.0 255.0 245.0 
244.0 253.0 255.0 258.0 255.0 258.0 245.0 
259.0 253.0 255.0 259.0 255.0 258.0 245.0 
259.0 253.0 255.0 259.0 259.0 258.0 245.0 
259.0 253.0 255.0 259.0 259.0 259.0 245.0 
263.0 253.0 255.0 259.0 259.0 259.0 263.0 
263.0 264.0 255.0 264.0 259.0 259.0 263.0 
263.0 264.0 255.0 264.0 264.0 259.0 263.0 
263.0 264.0 255.0 264.0 264.0 264.0 263.0 
263.0 264.0 255.0 264.0 264.0 264.0 264.0 
263.0 268.0 268.0 264.0 264.0 264.0 264.0 
263.0 268.0 268.0 264.0 264.0 268.0 264.0 
277.0 268.0 268.0 277.0 264.0 268.0 264.0 
277.0 277.0 268.0 277.0 264.0 268.0 264.0 
277.0 277.0 268.0 277.0 264.0 277.0 264.0 
284.0 277.0 268.0 277.0 264.0 277.0 284.0 
284.0 277.0 284.0 277.0 264.0 277.0 284.0 
284.0 284.0 284.0 277.0 264.0 277.0 284.0 
284.0 284.0 284.0 284.0 264.0 277.0 284.0 
284.0 284.0 284.0 284.0 284.0 277.0 284.0 
284.0 284.0 284.0 284.0 284.0 284.0 284.0 
284.0 295.0 284.0 284.0 284.0 284.0 295.0 
284.0 295.0 295.0 284.0 284.0 284.0 295.0 
284.0 295.0 295.0 284.0 295.0 284.0 295.0 
296.0 295.0 295.0 284.0 295.0 296.0 295.0 
296.0 296.0 295.0 284.0 295.0 296.0 295.0 
296.0 296.0 296.0 284.0 295.0 296.0 295.0 
296.0 296.0 296.0 296.0 295.0 296.0 295.0 
296.0 296.0 296.0 296.0 296.0 296.0 295.0 
296.0 296.0 296.0 296.0 296.0 296.0 296.0 
296.0 305.0 296.0 296.0 296.0 305.0 296.0 
296.0 305.0 296.0 296.0 296.0 305.0 305.0 
296.0 305.0 307.0 296.0 296.0 307.0 305.0 
296.0 305.0 307.0 296.0 307.0 307.0 305.0 
308.0 305.0 307.0 308.0 307.0 307.0 305.0 
308.0 308.0 307.0 308.0 307.0 307.0 305.0 
308.0 308.0 308.0 308.0 307.0 307.0 305.0 
308.0 308.0 308.0 308.0 308.0 307.0 305.0 
308.0 308.0 308.0 308.0 308.0 308.0 305.0 
308.0 308.0 308.0 308.0 308.0 308.0 308.0 
308.0 317.0 308.0 317.0 308.0 308.0 308.0 
308.0 317.0 319.0 319.0 308.0 308.0 308.0 
308.0 317.0 319.0 319.0 319.0 308.0 308.0 
308.0 317.0 319.0 320.0 319.0 320.0 308.0 
321.0 317.0 319.0 320.0 319.0 320.0 321.0 
321.0 317.0 321.0 320.0 319.0 320.0 321.0 
321.0 321.0 321.0 320.0 319.0 320.0 321.0 
321.0 321.0 321.0 321.0 319.0 320.0 321.0 
321.0 321.0 321.0 321.0 321.0 320.0 321.0 
321.0 321.0 321.0 321.0 321.0 321.0 321.0 
321.0 330.0 321.0 321.0 321.0 321.0 330.0 
321.0 330.0 332.0 321.0 321.0 321.0 332.0 
321.0 330.0 332.0 321.0 332.0 321.0 332.0 
321.0 330.0 332.0 333.0 332.0 333.0 332.0 
321.0 330.0 332.0 333.0 332.0 333.0 333.0 
335.0 330.0 332.0 335.0 332.0 333.0 333.0 
335.0 330.0 332.0 335.0 332.0 333.0 335.0 
335.0 342.0 332.0 342.0 332.0 333.0 335.0 
335.0 342.0 332.0 342.0 332.0 333.0 342.0 
335.0 345.0 332.0 342.0 332.0 345.0 342.0 
335.0 345.0 345.0 345.0 332.0 345.0 342.0 
335.0 345.0 345.0 345.0 345.0 345.0 342.0 
335.0 345.0 345.0 345.0 345.0 345.0 342.0 
335.0 345.0 345.0 345.0 345.0 345.0 345.0 
346.0 345.0 345.0 346.0 345.0 345.0 345.0 
346.0 345.0 345.0 346.0 345.0 345.0 346.0 
356.0 345.0 345.0 346.0 345.0 345.0 356.0 
356.0 356.0 345.0 346.0 345.0 345.0 356.0 
356.0 356.0 356.0 346.0 356.0 345.0 356.0 
356.0 356.0 356.0 346.0 356.0 345.0 356.0 
356.0 356.0 356.0 356.0 356.0 345.0 356.0 
356.0 356.0 356.0 356.0 356.0 345.0 356.0 
356.0 356.0 356.0 356.0 356.0 356.0 356.0 
367.0 356.0 356.0 356.0 356.0 356.0 367.0 
367.0 367.0 356.0 356.0 356.0 356.0 367.0 
367.0 367.0 367.0 356.0 356.0 356.0 367.0 
367.0 367.0 367.0 367.0 356.0 356.0 367.0 
367.0 367.0 367.0 367.0 367.0 356.0 367.0 
367.0 367.0 367.0 367.0 367.0 367.0 367.0 
378.0 367.0 367.0 367.0 367.0 367.0 378.0 
378.0 378.0 367.0 367.0 367.0 367.0 378.0 
378.0 378.0 378.0 367.0 367.0 367.0 378.0 
378.0 378.0 378.0 378.0 367.0 367.0 378.0 
378.0 378.0 378.0 378.0 378.0 367.0 378.0 
378.0 378.0 378.0 378.0 378.0 378.0 378.0 
378.0 378.0 378.0 378.0 389.0 378.0 389.0 
389.0 378.0 378.0 378.0 389.0 378.0 389.0 
390.0 378.0 378.0 378.0 389.0 390.0 389.0 
390.0 389.0 378.0 378.0 389.0 390.0 389.0 
390.0 389.0 390.0 378.0 389.0 390.0 389.0 
390.0 389.0 390.0 378.0 389.0 390.0 390.0 
390.0 398.0 390.0 398.0 389.0 390.0 390.0 
401.0 398.0 390.0 398.0 389.0 401.0 390.0 
401.0 401.0 390.0 398.0 389.0 401.0 401.0 
401.0 401.0 390.0 401.0 389.0 401.0 401.0 
401.0 401.0 390.0 401.0 401.0 401.0 401.0 
401.0 401.0 390.0 401.0 401.0 401.0 401.0 
401.0 401.0 402.0 401.0 401.0 402.0 401.0 
401.0 410.0 402.0 401.0 401.0 402.0 410.0 
412.0 410.0 402.0 412.0 401.0 402.0 410.0 
412.0 410.0 414.0 414.0 401.0 402.0 410.0 
412.0 410.0 414.0 414.0 401.0 414.0 410.0 
412.0 410.0 414.0 414.0 414.0 414.0 410.0 
412.0 410.0 414.0 414.0 414.0 414.0 410.0 
412.0 421.0 414.0 414.0 414.0 414.0 421.0 
412.0 421.0 414.0 414.0 421.0 414.0 421.0 
425.0 421.0 414.0 425.0 421.0 414.0 421.0 
425.0 425.0 414.0 425.0 421.0 414.0 421.0 
425.0 425.0 425.0 425.0 421.0 414.0 421.0 
425.0 425.0 425.0 425.0 425.0 414.0 421.0 
425.0 425.0 425.0 425.0 425.0 425.0 421.0 
425.0 425.0 425.0 425.0 425.0 425.0 425.0 
425.0 425.0 434.0 434.0 425.0 425.0 425.0 
425.0 425.0 434.0 436.0 425.0 425.0 436.0 
425.0 425.0 434.0 437.0 437.0 425.0 436.0 
425.0 425.0 434.0 437.0 437.0 425.0 437.0 
438.0 425.0 434.0 438.0 437.0 425.0 437.0 
438.0 425.0 434.0 438.0 437.0 438.0 437.0 
438.0 425.0 434.0 438.0 437.0 438.0 438.0 
439.0 439.0 434.0 438.0 437.0 438.0 438.0 
439.0 439.0 434.0 439.0 437.0 438.0 438.0 
439.0 439.0 434.0 439.0 437.0 439.0 438.0 
439.0 439.0 434.0 439.0 437.0 439.0 439.0 
439.0 439.0 434.0 448.0 448.0 439.0 439.0 
439.0 439.0 434.0 448.0 448.0 439.0 448.0 
439.0 451.0 434.0 448.0 448.0 451.0 448.0 
452.0 452.0 434.0 448.0 448.0 451.0 448.0 
452.0 452.0 434.0 452.0 448.0 451.0 448.0 
452.0 452.0 434.0 452.0 448.0 451.0 452.0 
452.0 452.0 452.0 452.0 448.0 451.0 452.0 
452.0 452.0 452.0 452.0 448.0 452.0 452.0 
452.0 452.0 452.0 452.0 448.0 452.0 452.0 
461.0 452.0 452.0 452.0 461.0 452.0 452.0 
461.0 462.0 452.0 462.0 461.0 452.0 452.0 
461.0 462.0 462.0 462.0 461.0 452.0 452.0 
461.0 463.0 462.0 462.0 461.0 452.0 463.0 
463.0 463.0 462.0 462.0 461.0 452.0 463.0 
463.0 463.0 463.0 462.0 461.0 452.0 463.0 
463.0 463.0 463.0 463.0 461.0 452.0 463.0 
464.0 463.0 463.0 463.0 461.0 464.0 463.0 
464.0 463.0 464.0 463.0 461.0 464.0 463.0 
464.0 463.0 464.0 464.0 461.0 464.0 463.0 
464.0 463.0 464.0 474.0 461.0 464.0 474.0 
464.0 463.0 464.0 475.0 475.0 464.0 474.0 
477.0 463.0 464.0 477.0 475.0 464.0 474.0 
477.0 463.0 479.0 479.0 475.0 464.0 474.0 
477.0 463.0 479.0 479.0 475.0 479.0 474.0 
477.0 463.0 479.0 479.0 475.0 479.0 479.0 
489.0 489.0 479.0 479.0 475.0 479.0 479.0 
489.0 489.0 489.0 489.0 475.0 479.0 479.0 
490.0 489.0 489.0 489.0 475.0 479.0 490.0 
490.0 489.0 490.0 489.0 475.0 479.0 490.0 
495.0 489.0 490.0 489.0 475.0 495.0 490.0 
495.0 489.0 495.0 489.0 475.0 495.0 490.0 
495.0 489.0 495.0 489.0 495.0 495.0 490.0 
495.0 502.0 495.0 489.0 495.0 495.0 502.0 
495.0 502.0 495.0 489.0 509.0 509.0 502.0 
510.0 502.0 495.0 510.0 509.0 509.0 502.0 
510.0 502.0 495.0 510.0 509.0 509.0 510.0 
510.0 502.0 510.0 510.0 509.0 510.0 510.0 
510.0 513.0 510.0 510.0 509.0 510.0 513.0 
521.0 513.0 510.0 521.0 509.0 510.0 513.0 
521.0 525.0 510.0 521.0 525.0 510.0 513.0 
521.0 525.0 510.0 521.0 525.0 525.0 513.0 
521.0 525.0 530.0 530.0 525.0 525.0 513.0 
521.0 525.0 530.0 530.0 530.0 525.0 513.0 
521.0 525.0 530.0 530.0 530.0 530.0 513.0 
521.0 525.0 530.0 530.0 530.0 530.0 530.0 
537.0 525.0 530.0 537.0 530.0 530.0 530.0 
537.0 525.0 530.0 537.0 537.0 530.0 530.0 
537.0 538.0 530.0 537.0 538.0 530.0 530.0 
537.0 538.0 541.0 537.0 538.0 530.0 541.0 
537.0 538.0 542.0 537.0 538.0 542.0 541.0 
537.0 538.0 547.0 547.0 538.0 542.0 541.0 
537.0 551.0 547.0 551.0 538.0 542.0 541.0 
537.0 551.0 552.0 551.0 552.0 542.0 541.0 
537.0 551.0 552.0 552.0 552.0 542.0 552.0 
537.0 551.0 554.0 552.0 552.0 554.0 552.0 
565.0 551.0 554.0 565.0 552.0 554.0 552.0 
565.0 565.0 554.0 565.0 552.0 554.0 552.0 
565.0 565.0 565.0 565.0 552.0 554.0 552.0 
565.0 565.0 565.0 565.0 565.0 554.0 552.0 
565.0 565.0 565.0 565.0 565.0 554.0 565.0 
576.0 565.0 565.0 576.0 565.0 554.0 565.0 
576.0 565.0 565.0 576.0 565.0 554.0 576.0 
576.0 577.0 565.0 576.0 577.0 554.0 576.0 
576.0 577.0 565.0 577.0 577.0 554.0 576.0 
576.0 577.0 584.0 584.0 577.0 554.0 576.0 
585.0 577.0 584.0 584.0 577.0 585.0 576.0 
585.0 585.0 584.0 584.0 577.0 585.0 576.0 
585.0 585.0 584.0 585.0 577.0 585.0 576.0 
585.0 585.0 585.0 585.0 577.0 585.0 576.0 
585.0 585.0 585.0 585.0 585.0 585.0 576.0 
585.0 585.0 585.0 585.0 585.0 585.0 585.0 
596.0 585.0 585.0 585.0 585.0 596.0 585.0 
596.0 585.0 585.0 585.0 585.0 596.0 596.0 
596.0 597.0 585.0 585.0 585.0 597.0 596.0 
596.0 597.0 585.0 585.0 597.0 597.0 596.0 
596.0 597.0 598.0 585.0 597.0 598.0 596.0 
596.0 597.0 598.0 598.0 597.0 598.0 596.0 
596.0 597.0 598.0 598.0 597.0 607.0 607.0 
596.0 608.0 598.0 598.0 597.0 608.0 607.0 
596.0 608.0 598.0 598.0 608.0 608.0 607.0 
610.0 608.0 598.0 598.0 608.0 610.0 607.0 
610.0 608.0 610.0 598.0 608.0 610.0 607.0 
610.0 608.0 610.0 617.0 608.0 610.0 617.0 
610.0 608.0 610.0 617.0 617.0 617.0 617.0 
610.0 608.0 622.0 617.0 617.0 622.0 617.0 
625.0 608.0 622.0 625.0 617.0 622.0 617.0 
625.0 608.0 622.0 625.0 617.0 625.0 617.0 
625.0 608.0 622.0 627.0 617.0 625.0 627.0 
625.0 608.0 622.0 627.0 631.0 631.0 627.0 
625.0 633.0 622.0 627.0 631.0 633.0 627.0 
625.0 633.0 638.0 627.0 631.0 638.0 627.0 
640.0 633.0 638.0 640.0 631.0 638.0 627.0 
640.0 633.0 638.0 640.0 631.0 640.0 627.0 
640.0 644.0 638.0 640.0 631.0 644.0 627.0 
640.0 644.0 638.0 645.0 645.0 644.0 627.0 
640.0 644.0 638.0 645.0 645.0 645.0 627.0 
660.0 644.0 638.0 645.0 645.0 660.0 627.0 
696.0 707.0 712.0 728.0 645.0 731.0 733.0 
;
EXECUTION TIME HBSS: 7031.70977592 seconds 

-------------------------------------------------------------------
