DATFILE : bwopen0_9r_1000.dat
ENVIRONMENT : bwopen
ALGORITHM : HBSS - TAU 7
RANGE : 1000
STARTING_POS : 0
N_ROBOTS : 9
GREEDY SOLUTION : [ 2300.]
COMPUTATIONS D :
2300
2300
2300
2270
2282
2258
2300
2300
2300
2300
2300
2346
2300
2258
2300
2300
2300
2300
2300
2216
2300
2342
2300
2294
2316
2348
2300
2300
2300
2300
2300
2244
2300
2300
2300
2300
2300
2300
2300
2382
2300
2300
2300
2300
2282
2300
2300
2300
2288
2300
2310
2300
2300
2300
2300
2386
2300
2300
2300
2330
2364
2300
2300
2300
2300
2230
2262
2332
2300
2300
2300
2300
2300
2300
2300
2300
2300
2300
2300
2450
2300
2300
2300
2300
2332
2300
2300
2300
2300
2300
2216
2300
2300
2496
2310
2234
2300
2300
2300
2300
2332
2300
2300
2300
2300
2304
2300
2268
2300
2396
2300
2300
2310
2300
2300
2300
2368
2300
2300
2298
2300
2300
2300
2300
2300
2300
2300
2368
2300
2254
2300
2300
2300
2310
2282
2212
2300
2300
2300
2300
2300
2300
2300
2348
2254
2300
2300
2310
2300
2392
2300
2320
2300
2300
2534
2300
2300
2300
2300
2300
2300
2234
2300
2386
2300
2272
2300
2300
2300
2348
2300
2300
2242
2246
2294
2300
2282
2300
2300
2230
2254
2300
2300
2310
2300
2300
2300
2282
2344
2292
2212
2300
2292
2300
2288
2282
2294
2278
2300
2350
;
HBBS sumD : 2212
BEST_CONFIGURATIONS : 
0 0 0 0 0 0 0 0 0 
0 4 0 0 0 0 0 0 0 
0 4 26 0 0 0 0 0 0 
0 4 26 1 0 0 0 0 0 
0 4 26 1 5 0 0 0 0 
0 4 26 1 5 22 0 0 0 
0 4 26 1 5 22 8 0 0 
26 4 26 1 5 22 8 0 0 
26 4 26 1 5 22 8 0 0 
26 4 26 27 5 22 8 0 0 
26 4 26 27 5 22 8 1 0 
26 4 26 27 5 22 8 1 0 
26 4 26 27 5 22 8 1 0 
26 4 26 27 5 22 8 2 0 
26 4 26 27 5 22 13 2 0 
26 4 26 27 5 22 13 2 8 
26 4 26 27 5 22 13 2 8 
26 4 26 27 5 22 13 2 8 
26 4 26 27 5 22 13 2 8 
26 4 26 27 5 22 13 2 8 
26 4 26 27 5 22 13 2 8 
26 4 26 27 5 22 13 2 8 
26 4 26 27 5 22 13 2 8 
26 4 26 27 5 22 13 2 8 
26 4 26 27 5 22 13 2 8 
26 4 26 27 5 22 13 2 8 
26 4 26 27 5 22 13 2 8 
26 4 26 27 5 22 13 2 8 
26 4 26 27 5 22 13 2 8 
26 4 26 27 5 22 13 2 8 
26 4 26 27 5 22 13 2 8 
1 4 26 27 5 22 13 2 8 
1 4 26 27 5 22 13 2 8 
1 4 26 27 9 22 13 2 8 
1 4 26 27 9 22 13 2 8 
1 4 26 27 9 22 13 2 8 
1 4 26 27 9 22 13 2 8 
1 4 26 27 9 22 13 2 8 
1 4 26 27 9 22 17 2 8 
1 4 5 27 9 22 17 2 8 
1 4 5 27 9 22 17 2 8 
1 4 5 27 9 22 17 2 13 
1 4 5 27 9 22 17 2 25 
1 4 5 27 9 22 17 2 25 
1 4 14 27 9 22 17 2 25 
1 4 14 27 9 22 17 6 25 
1 4 14 27 9 22 17 6 25 
1 8 14 27 9 13 17 6 25 
1 13 14 27 9 13 17 6 25 
1 13 14 27 9 13 17 6 25 
1 13 14 27 9 13 17 6 25 
1 13 14 27 9 13 17 6 25 
1 13 14 27 9 13 17 6 25 
1 13 14 27 9 13 17 6 25 
1 13 14 27 9 13 17 6 25 
1 13 14 27 9 13 17 6 25 
1 13 14 2 9 13 17 6 25 
1 13 14 2 9 13 17 6 25 
1 13 14 2 9 13 17 6 25 
1 13 14 2 9 13 17 6 25 
1 13 14 2 9 13 17 6 25 
1 13 14 2 9 13 17 6 25 
1 13 14 2 9 13 17 6 25 
1 13 14 2 10 13 17 6 25 
1 13 14 2 10 13 17 6 25 
1 13 14 2 10 13 17 6 25 
1 13 14 2 10 13 17 6 18 
1 13 14 2 10 13 17 6 18 
1 13 14 2 10 13 17 6 18 
27 13 14 2 10 13 17 6 18 
27 8 14 2 10 13 17 6 18 
27 8 14 2 10 13 17 6 18 
27 8 14 2 10 25 17 6 18 
27 8 14 2 10 25 17 6 18 
27 8 14 2 10 25 17 6 18 
27 8 14 2 10 25 17 6 18 
27 8 14 2 10 25 17 6 18 
27 8 14 2 10 25 17 6 18 
27 8 14 2 10 25 17 6 18 
27 8 14 2 10 25 17 6 18 
27 8 14 2 10 25 17 6 18 
27 8 14 2 10 25 17 6 18 
27 8 14 2 10 25 17 6 18 
27 8 14 2 10 25 17 6 18 
27 8 14 2 10 25 17 6 18 
27 8 14 2 10 25 17 6 18 
27 8 14 2 10 25 17 6 18 
27 8 14 2 10 25 17 6 18 
27 8 14 2 10 25 17 6 18 
27 22 14 2 10 25 17 6 18 
27 22 14 2 10 25 17 6 18 
9 22 14 2 10 25 17 6 18 
9 22 14 2 10 25 17 6 18 
9 22 14 2 10 25 17 6 18 
9 22 14 2 10 25 17 6 18 
9 22 14 2 10 25 17 6 18 
9 22 14 2 10 25 17 6 18 
9 22 14 2 10 25 17 21 18 
9 22 15 2 10 25 17 21 18 
9 22 15 2 10 25 17 21 18 
9 22 15 2 10 25 17 21 18 
9 22 15 24 10 25 17 21 18 
9 22 15 24 10 25 17 21 18 
9 22 15 24 10 25 17 21 18 
9 22 15 24 10 25 17 21 18 
9 22 15 24 10 25 17 21 18 
9 22 15 24 10 25 17 21 18 
9 22 15 24 10 25 17 21 18 
9 22 15 24 10 25 17 21 18 
9 22 15 24 10 25 17 21 18 
9 22 15 24 10 25 13 21 18 
9 22 15 24 10 25 13 21 18 
9 22 15 24 10 25 13 21 18 
9 22 15 24 10 25 13 21 18 
9 22 15 24 10 25 13 21 18 
9 22 15 24 10 25 13 21 18 
9 22 15 24 10 25 13 21 18 
9 22 15 24 10 25 13 21 18 
9 22 15 24 10 25 13 21 18 
9 22 15 24 10 25 13 21 18 
9 26 15 24 10 25 13 21 18 
9 26 15 24 10 25 13 21 18 
9 26 15 24 10 25 13 21 18 
9 26 15 24 10 25 13 21 18 
9 26 15 24 10 25 13 21 18 
9 26 15 24 10 25 13 21 18 
9 26 15 24 10 25 13 3 18 
9 26 15 24 10 25 13 3 18 
9 26 15 24 10 25 13 3 18 
9 26 15 24 11 25 13 3 18 
9 26 15 24 11 14 13 3 18 
9 26 15 24 11 14 13 3 18 
9 26 15 24 11 14 8 3 18 
9 26 15 24 11 14 8 3 18 
9 26 15 24 11 14 8 3 18 
9 26 15 24 11 14 8 3 18 
9 26 15 24 11 14 8 3 18 
9 26 15 24 11 14 8 3 18 
9 26 15 24 11 14 8 3 18 
9 26 15 24 11 14 8 3 18 
9 26 15 24 11 14 8 3 18 
9 26 15 24 11 14 8 3 18 
27 26 15 24 11 14 8 3 18 
27 26 15 24 11 14 8 3 18 
27 26 15 24 11 14 8 3 18 
27 26 15 24 11 14 8 3 18 
27 26 15 24 11 14 8 3 18 
27 26 15 24 11 14 8 3 18 
27 26 15 6 11 14 8 3 18 
27 26 15 6 11 14 8 3 18 
27 26 15 6 11 14 8 3 18 
27 5 15 6 11 14 8 3 18 
27 5 15 6 11 14 8 3 18 
27 5 15 6 11 14 8 3 18 
27 5 15 6 11 14 8 3 18 
27 5 15 6 11 14 4 3 18 
27 5 15 6 11 14 4 3 19 
27 5 15 6 11 14 4 3 19 
27 5 15 6 11 14 4 3 19 
27 5 15 6 11 14 4 3 19 
27 5 15 6 11 14 4 3 19 
27 5 10 6 11 14 4 3 19 
27 5 10 6 11 14 4 3 19 
27 5 10 6 11 14 4 3 19 
27 5 10 6 11 14 4 3 19 
27 5 10 6 11 14 4 3 19 
27 5 10 6 11 14 4 3 19 
27 5 10 6 11 14 4 21 19 
27 5 10 6 11 14 4 21 19 
27 5 10 6 11 14 4 21 19 
27 5 10 6 11 14 4 21 19 
27 5 10 6 11 14 4 21 19 
27 5 10 6 11 14 4 21 19 
27 5 10 6 11 14 4 21 19 
27 5 10 6 11 14 4 21 19 
27 5 10 6 11 18 4 21 19 
27 5 10 6 11 18 4 21 19 
27 5 10 6 11 18 4 21 19 
27 5 10 6 11 18 4 21 19 
27 5 10 6 11 18 4 21 19 
27 5 10 6 11 18 4 21 19 
27 5 10 6 11 18 4 21 19 
27 5 10 6 11 18 4 21 19 
27 5 24 6 11 18 4 21 19 
27 5 24 6 11 18 4 21 19 
27 26 24 6 11 18 4 21 19 
27 26 24 6 11 18 4 21 19 
1 26 24 6 11 18 4 21 19 
1 26 24 6 11 18 4 21 19 
1 26 24 6 11 18 4 21 19 
1 26 24 6 11 18 4 21 19 
1 26 24 6 11 18 4 21 19 
1 26 24 6 11 18 4 21 20 
1 26 24 6 11 18 4 21 20 
1 26 24 6 11 18 4 21 20 
1 26 24 6 11 17 4 21 20 
1 26 24 6 11 17 22 21 20 
1 26 24 6 11 17 22 21 20 
1 26 24 2 11 17 22 21 20 
1 26 24 2 11 17 22 21 20 
1 26 24 2 11 17 22 7 20 
1 26 24 2 11 17 22 7 20 
1 26 9 2 11 17 22 7 20 
1 26 9 2 11 17 22 7 23 
1 26 9 2 11 13 22 7 23 
1 0 9 2 11 13 22 7 23 
1 0 9 2 11 13 8 7 23 
1 0 9 2 21 13 8 7 23 
1 0 9 2 21 13 8 7 23 
1 0 9 2 21 13 8 7 23 
1 0 9 2 21 13 8 7 23 
1 0 9 2 21 13 8 7 23 
1 0 9 2 3 13 8 7 23 
1 0 9 2 3 13 8 7 23 
1 0 9 2 3 13 8 7 23 
1 0 9 2 3 13 8 7 23 
1 0 9 2 3 13 8 7 20 
1 0 9 2 3 13 8 7 20 
27 0 9 2 3 13 8 7 20 
27 0 9 2 3 13 8 7 20 
27 0 9 2 3 13 8 7 20 
27 0 9 2 3 13 8 7 20 
27 0 9 2 3 13 8 7 20 
27 0 9 2 3 13 8 7 20 
27 0 9 2 3 13 8 7 20 
27 0 9 2 3 13 8 7 20 
27 0 9 2 3 13 8 7 20 
27 0 9 2 3 13 8 7 20 
27 0 9 2 3 13 8 12 20 
27 0 9 2 3 13 8 12 20 
27 0 24 2 3 13 8 12 20 
27 0 24 2 3 13 8 12 20 
27 0 24 2 3 13 8 12 20 
27 0 24 2 3 13 8 12 20 
27 0 24 2 3 13 8 12 20 
27 0 24 2 3 13 8 12 20 
27 0 24 6 3 13 8 12 20 
27 0 24 6 3 13 8 12 20 
27 0 24 6 3 13 8 12 20 
27 0 24 6 3 17 8 12 20 
27 0 24 6 3 17 8 12 20 
27 0 24 6 3 17 8 12 20 
27 0 24 6 3 17 8 12 20 
27 0 24 6 3 17 8 12 20 
27 0 24 6 3 17 8 12 20 
27 0 24 6 3 17 8 12 20 
27 0 24 6 21 17 8 12 20 
27 0 24 6 21 17 8 12 20 
27 0 24 6 21 17 8 12 23 
27 0 24 6 21 17 8 12 23 
27 0 24 6 21 17 8 12 23 
27 0 24 6 21 17 8 12 23 
27 0 24 6 21 17 8 16 23 
27 0 24 6 21 17 22 16 23 
27 0 24 6 21 17 22 16 23 
9 0 24 6 21 17 22 16 23 
9 0 24 6 21 25 22 16 23 
9 0 24 6 21 25 22 16 23 
9 0 10 6 21 25 22 16 23 
9 0 10 6 21 25 22 16 23 
9 0 10 6 21 25 22 16 23 
9 0 10 6 21 25 22 16 23 
9 0 10 6 21 25 22 16 23 
9 26 10 6 21 25 22 16 23 
9 26 10 6 21 25 22 16 23 
9 26 10 6 21 25 22 16 23 
9 26 10 6 7 25 22 16 23 
9 26 10 6 7 25 22 16 23 
9 26 10 6 7 25 22 16 23 
9 26 10 6 7 25 22 16 23 
9 26 10 6 7 25 22 16 23 
9 26 10 24 7 25 22 16 23 
9 26 10 24 7 25 22 16 23 
9 26 10 24 7 25 5 16 23 
9 26 10 24 7 25 5 16 23 
9 26 10 24 7 25 5 16 23 
9 26 10 24 7 25 5 16 23 
9 26 10 24 7 25 5 16 20 
9 26 10 24 7 25 5 16 20 
9 26 10 24 7 25 5 16 20 
9 26 10 24 7 25 5 16 20 
9 26 10 24 7 25 5 16 20 
9 26 10 24 7 25 5 16 20 
9 26 10 24 7 25 5 16 20 
9 26 10 24 7 25 5 16 20 
9 26 10 24 7 25 5 16 20 
9 26 10 24 7 25 5 16 20 
9 26 10 24 7 25 5 12 20 
9 26 10 24 7 25 5 12 20 
9 26 10 24 7 25 5 12 20 
9 26 10 24 7 25 5 12 20 
9 26 10 24 7 25 5 12 20 
9 26 10 24 7 25 5 12 20 
9 26 10 24 7 25 5 12 20 
9 26 10 24 7 25 5 12 20 
9 26 10 24 7 25 5 12 20 
9 26 10 24 7 25 5 12 20 
9 26 10 24 7 17 5 12 20 
9 4 10 24 7 17 5 12 20 
9 4 10 24 7 17 5 12 19 
9 4 10 24 7 17 5 12 19 
14 4 10 24 7 17 5 12 19 
14 4 10 24 7 17 5 12 19 
14 4 10 24 7 17 5 12 19 
14 4 10 24 7 17 5 12 19 
14 4 10 24 7 17 5 12 19 
14 4 10 24 7 17 5 12 19 
14 4 15 24 7 17 5 12 19 
14 4 15 24 7 17 5 12 19 
14 4 15 24 21 17 5 12 19 
14 4 15 24 21 17 5 12 19 
14 4 15 24 21 17 22 12 19 
14 4 15 24 21 17 22 12 19 
14 4 15 24 21 17 22 12 19 
14 4 15 24 21 17 22 12 19 
14 4 15 24 21 17 22 12 19 
14 4 15 24 21 17 22 16 19 
14 4 15 24 21 17 22 16 19 
14 4 15 24 21 17 22 16 19 
14 0 15 24 21 17 22 16 19 
14 0 15 24 21 17 22 16 19 
14 0 15 24 21 17 22 16 19 
14 0 15 24 21 17 22 16 19 
14 0 15 24 21 17 22 16 19 
14 0 15 24 21 17 22 16 19 
14 0 15 24 21 17 22 16 19 
14 0 15 2 21 17 22 16 19 
14 0 15 2 21 17 22 16 19 
14 0 15 2 21 17 22 16 19 
14 0 15 2 21 17 22 16 20 
18 0 15 2 21 17 22 16 20 
18 0 15 2 21 17 22 16 20 
18 0 15 2 21 17 22 16 20 
18 0 15 2 3 17 22 16 20 
18 0 15 2 3 17 22 16 20 
18 0 15 2 3 17 22 16 20 
18 0 15 2 3 13 22 16 20 
18 0 15 2 3 13 22 16 20 
18 0 15 2 3 13 22 23 20 
18 0 15 2 3 13 22 23 20 
18 0 15 2 3 13 22 23 20 
18 1 15 2 3 13 22 23 20 
18 1 15 2 3 13 26 23 20 
18 1 15 2 3 13 26 23 20 
18 1 14 2 3 13 26 23 20 
18 1 14 2 3 13 26 23 20 
18 1 14 2 3 13 5 23 20 
18 1 14 2 7 13 5 23 20 
19 1 14 2 7 13 5 23 20 
19 1 14 2 7 13 5 23 20 
19 1 14 2 7 17 5 23 20 
19 1 14 2 7 17 5 23 20 
19 1 14 2 7 17 5 23 20 
19 1 14 2 7 17 5 23 20 
19 1 14 2 7 17 5 16 20 
19 1 14 21 7 17 5 16 20 
19 1 14 21 7 17 5 16 20 
19 1 14 21 7 17 4 16 20 
19 1 25 21 7 17 4 16 20 
19 1 25 21 7 17 4 16 20 
19 1 25 21 7 17 4 16 20 
19 1 25 21 7 17 4 16 20 
19 1 25 21 7 17 4 12 20 
19 1 25 21 7 17 4 12 23 
19 1 25 21 7 17 4 12 23 
19 1 25 21 7 17 4 12 23 
19 1 25 21 7 17 4 12 23 
19 1 25 3 7 17 4 12 23 
19 26 25 3 7 17 4 12 23 
19 26 25 3 7 17 4 12 23 
19 26 25 3 7 8 4 12 23 
19 26 25 3 7 8 4 12 23 
19 26 25 3 7 8 4 12 16 
19 26 25 3 7 8 4 12 16 
19 26 18 3 7 8 4 12 16 
19 26 18 3 7 8 4 12 16 
19 26 18 3 21 8 4 12 16 
11 26 18 3 21 8 4 12 16 
11 26 18 3 21 8 4 12 16 
0 0 0 0 0 0 0 0 0 
;
ROBOT MOVING BEST:
0 0 0 0 0 0 0 0 0 
1 1 0 0 0 0 0 0 0 
1 0 1 0 0 0 0 0 0 
1 0 0 1 0 0 0 0 0 
1 0 0 0 1 0 0 0 0 
1 0 0 0 0 1 0 0 0 
1 0 0 0 0 0 1 0 0 
1 1 0 0 0 0 0 0 0 
0 1 0 1 0 0 0 0 0 
0 0 0 1 0 0 0 1 0 
1 0 0 0 0 0 0 1 0 
0 1 0 0 1 0 0 0 0 
0 1 0 0 0 1 0 0 0 
0 0 0 0 0 0 0 1 1 
0 0 0 0 0 0 1 0 1 
0 1 0 0 0 0 0 0 1 
1 0 0 0 1 0 0 0 0 
1 0 0 0 0 1 0 0 0 
1 0 0 0 0 0 0 0 1 
0 1 0 1 0 0 0 0 0 
0 0 0 0 1 1 0 0 0 
1 0 0 1 0 0 0 0 0 
0 0 0 0 1 0 0 0 1 
0 0 0 0 0 1 0 0 1 
0 1 0 0 0 0 0 1 0 
0 1 0 0 0 0 1 0 0 
1 0 0 0 0 0 0 1 0 
1 0 0 0 0 0 1 0 0 
0 0 0 1 1 0 0 0 0 
0 0 0 1 0 1 0 0 0 
0 0 0 1 0 0 0 0 1 
1 0 0 0 1 0 0 0 0 
1 0 0 0 0 1 0 0 0 
0 1 0 0 1 0 0 0 0 
1 0 0 0 0 0 0 0 1 
0 0 0 0 0 1 0 1 0 
0 0 1 0 1 0 0 0 0 
0 0 0 0 0 1 1 0 0 
0 1 0 0 0 0 1 0 0 
0 0 1 0 0 0 0 1 0 
0 0 0 0 0 0 0 1 1 
0 0 1 0 0 0 0 0 1 
0 1 0 0 0 0 0 0 1 
1 0 0 1 0 0 0 0 0 
0 1 1 0 0 0 0 0 0 
0 1 0 0 0 0 0 1 0 
0 0 0 0 1 1 0 0 0 
0 1 0 0 0 1 0 0 0 
0 1 0 1 0 0 0 0 0 
1 1 0 0 0 0 0 0 0 
0 0 0 1 1 0 0 0 0 
1 0 0 0 1 0 0 0 0 
0 0 0 1 0 0 1 0 0 
0 0 0 1 0 0 0 0 1 
1 0 0 0 0 0 1 0 0 
0 1 0 0 1 0 0 0 0 
1 0 0 1 0 0 0 0 0 
1 0 0 0 0 0 0 0 1 
0 1 0 0 0 0 1 0 0 
1 0 1 0 0 0 0 0 0 
1 0 0 0 0 0 0 1 0 
0 1 0 1 0 0 0 0 0 
0 1 0 0 0 0 0 0 1 
1 0 0 0 1 0 0 0 0 
0 1 1 0 0 0 0 0 0 
0 1 0 0 0 0 0 1 0 
1 0 0 0 0 0 0 0 1 
0 1 0 0 1 0 0 0 0 
0 0 0 1 0 0 1 0 0 
1 0 0 1 0 0 0 0 0 
0 1 0 0 0 0 1 0 0 
0 0 1 0 0 0 1 0 0 
0 0 0 0 0 1 1 0 0 
0 0 0 0 0 0 1 1 0 
1 0 1 0 0 0 0 0 0 
1 0 0 0 0 0 0 1 0 
0 0 1 1 0 0 0 0 0 
0 0 0 1 0 1 0 0 0 
0 0 0 1 0 0 0 1 0 
0 1 1 0 0 0 0 0 0 
0 1 0 0 0 1 0 0 0 
0 1 0 0 0 0 0 1 0 
0 0 0 0 1 0 1 0 0 
1 0 0 0 1 0 0 0 0 
0 0 1 0 0 1 0 0 0 
0 0 1 0 0 0 0 1 0 
0 0 0 1 1 0 0 0 0 
0 0 0 0 0 1 0 1 0 
0 1 0 0 1 0 0 0 0 
0 1 0 0 0 0 1 0 0 
0 0 0 0 0 0 1 0 1 
1 0 0 0 0 0 1 0 0 
0 0 0 0 1 1 0 0 0 
0 0 1 0 1 0 0 0 0 
0 0 0 0 1 0 0 1 0 
0 0 0 1 0 0 0 0 1 
1 0 0 1 0 0 0 0 0 
0 0 0 0 0 0 1 1 0 
0 0 1 0 0 0 1 0 0 
0 0 0 1 0 0 0 1 0 
0 0 1 1 0 0 0 0 0 
0 0 0 1 0 0 1 0 0 
0 0 0 0 0 1 0 0 1 
1 0 0 0 0 1 0 0 0 
0 1 0 0 0 1 0 0 0 
0 0 0 0 0 1 0 1 0 
0 0 1 0 0 1 0 0 0 
0 0 0 0 1 0 0 0 1 
1 0 0 0 1 0 0 0 0 
0 1 0 0 1 0 0 0 0 
0 0 0 0 0 0 1 0 1 
0 0 0 1 0 1 0 0 0 
0 0 0 0 1 0 0 1 0 
0 0 1 0 1 0 0 0 0 
0 0 0 0 0 0 1 1 0 
0 0 1 0 0 0 1 0 0 
1 0 0 0 0 0 0 0 1 
0 1 0 0 0 0 0 0 1 
0 0 0 1 1 0 0 0 0 
0 0 0 1 0 0 1 0 0 
0 1 0 0 0 1 0 0 0 
0 0 0 0 0 0 0 1 1 
1 0 0 0 0 0 0 1 0 
0 0 1 0 0 0 0 0 1 
1 0 1 0 0 0 0 0 0 
0 0 0 1 0 0 0 0 1 
0 0 0 0 0 1 0 1 0 
1 0 0 1 0 0 0 0 0 
0 1 0 0 1 0 0 0 0 
0 0 0 0 1 1 0 0 0 
0 0 0 0 0 1 0 0 1 
1 0 0 0 0 1 0 0 0 
0 0 0 0 0 0 1 0 1 
1 0 0 0 0 0 1 0 0 
0 0 1 1 0 0 0 0 0 
0 0 1 0 0 1 0 0 0 
0 1 0 0 0 0 0 0 1 
0 0 1 0 0 0 1 0 0 
0 0 0 1 0 1 0 0 0 
0 0 0 1 0 0 1 0 0 
0 0 0 0 0 0 0 1 1 
1 0 0 0 0 0 0 1 0 
1 0 0 0 0 0 0 0 1 
0 1 1 0 0 0 0 0 0 
0 0 0 0 1 0 0 0 1 
0 1 0 1 0 0 0 0 0 
0 1 0 0 0 1 0 0 0 
0 0 1 0 0 0 0 1 0 
0 0 0 1 0 0 0 0 1 
1 0 1 0 0 0 0 0 0 
0 0 1 0 1 0 0 0 0 
0 1 0 0 0 0 0 0 1 
0 0 0 0 0 1 0 1 0 
0 0 1 1 0 0 0 0 0 
0 0 0 0 1 1 0 0 0 
0 0 0 0 0 0 1 0 1 
0 0 1 0 0 0 0 0 1 
0 1 1 0 0 0 0 0 0 
0 0 1 0 0 0 1 0 0 
0 0 0 0 0 1 0 0 1 
0 1 0 0 0 1 0 0 0 
0 0 1 0 0 0 0 1 0 
1 0 0 0 0 0 0 1 0 
0 0 1 0 1 0 0 0 0 
0 0 0 0 1 0 0 1 0 
1 0 0 0 1 0 0 0 0 
0 0 0 1 0 0 0 1 0 
0 0 0 0 0 1 0 1 0 
0 0 1 0 0 0 0 0 1 
0 0 0 1 1 0 0 0 0 
1 0 0 0 0 0 0 0 1 
0 1 1 0 0 0 0 0 0 
0 0 0 0 1 0 0 0 1 
0 1 0 0 1 0 0 0 0 
0 0 1 0 0 0 1 0 0 
0 0 0 0 0 1 0 0 1 
0 0 0 1 0 0 0 0 1 
0 0 0 0 1 0 1 0 0 
0 1 0 1 0 0 0 0 0 
0 1 0 0 0 0 0 0 1 
1 0 0 0 0 0 0 1 0 
0 0 0 0 1 0 0 1 0 
0 0 0 0 0 0 1 0 1 
1 0 1 0 0 0 0 0 0 
0 0 1 0 1 0 0 0 0 
0 1 0 0 1 0 0 0 0 
0 0 0 1 0 0 0 1 0 
1 0 0 0 1 0 0 0 0 
0 0 1 1 0 0 0 0 0 
0 0 0 0 0 0 0 1 1 
0 0 1 0 0 0 0 0 1 
0 1 0 1 0 0 0 0 0 
0 0 0 0 1 0 0 0 1 
0 0 0 0 0 0 1 1 0 
0 0 1 0 0 0 1 0 0 
0 0 0 0 1 1 0 0 0 
0 0 0 0 1 0 1 0 0 
0 0 0 1 0 0 0 0 1 
0 0 0 1 1 0 0 0 0 
0 0 1 0 0 0 0 1 0 
0 0 0 0 1 0 0 1 0 
1 0 1 0 0 0 0 0 0 
0 0 1 0 1 0 0 0 0 
0 0 0 0 1 0 0 0 1 
0 0 0 0 1 1 0 0 0 
0 1 0 0 1 0 0 0 0 
0 0 0 0 1 0 1 0 0 
1 0 0 0 1 0 0 0 0 
1 0 0 0 0 0 0 1 0 
1 0 0 0 0 0 0 0 1 
0 0 0 0 1 0 0 1 0 
0 0 0 1 0 0 0 1 0 
1 0 0 0 1 0 0 0 0 
0 0 0 1 0 0 0 0 1 
0 0 1 0 0 0 0 1 0 
0 0 0 0 0 0 0 1 1 
1 0 0 0 0 0 0 0 1 
0 0 0 1 1 0 0 0 0 
1 0 0 0 0 0 0 1 0 
0 0 0 0 0 1 0 1 0 
0 1 0 0 0 0 0 1 0 
0 0 0 0 1 0 0 1 0 
0 0 0 0 0 0 1 1 0 
0 1 1 0 0 0 0 0 0 
0 0 0 1 0 0 0 0 1 
0 0 0 0 0 0 0 1 1 
0 0 0 0 1 1 0 0 0 
0 1 0 0 1 0 0 0 0 
0 0 0 1 0 0 0 1 0 
0 0 0 0 1 0 1 0 0 
0 0 1 1 0 0 0 0 0 
1 0 0 0 0 0 0 0 1 
0 0 0 0 0 1 0 0 1 
0 1 0 0 0 0 0 0 1 
0 0 0 0 1 0 0 0 1 
0 0 0 0 0 0 1 0 1 
0 1 0 1 0 0 0 0 0 
1 0 0 0 0 0 0 1 0 
0 0 0 0 0 1 0 1 0 
0 1 0 0 0 1 0 0 0 
0 1 0 0 0 0 0 1 0 
0 0 0 0 1 1 0 0 0 
0 0 0 0 1 0 0 1 0 
0 0 0 0 0 0 1 1 0 
0 1 1 0 0 0 0 0 0 
0 0 1 0 1 0 0 0 0 
0 1 0 0 1 0 0 0 0 
0 0 0 0 1 0 1 0 0 
1 0 0 0 0 0 0 0 1 
0 1 0 0 0 0 0 0 1 
0 0 0 0 0 0 1 0 1 
0 0 0 1 0 0 0 1 0 
1 0 0 0 0 0 0 1 0 
0 0 0 1 0 0 1 0 0 
0 1 0 0 0 0 0 1 0 
1 0 0 1 0 0 0 0 0 
0 1 0 0 0 1 0 0 0 
0 0 1 0 0 0 1 0 0 
0 1 1 0 0 0 0 0 0 
0 0 0 1 0 0 0 0 1 
0 0 0 0 1 0 1 0 0 
0 0 0 0 1 0 0 0 1 
0 0 0 0 0 0 1 0 1 
0 1 0 0 1 0 0 0 0 
0 0 0 1 0 0 0 1 0 
1 0 0 0 0 0 0 0 1 
0 0 0 1 1 0 0 0 0 
0 1 0 0 0 0 0 0 1 
0 0 0 0 0 0 1 1 0 
1 0 0 0 0 0 0 1 0 
0 0 0 0 1 0 1 0 0 
0 0 0 1 0 0 0 0 1 
0 0 0 0 0 0 0 1 1 
1 0 0 0 0 0 1 0 0 
0 1 0 0 0 0 0 1 0 
0 0 0 0 0 1 0 0 1 
0 0 1 0 0 0 0 0 1 
1 0 0 0 0 0 0 0 1 
0 1 0 0 1 0 0 0 0 
0 0 0 1 0 0 0 1 0 
0 1 0 0 0 0 0 0 1 
0 0 0 0 0 1 0 1 0 
0 0 1 0 0 0 0 1 0 
0 0 0 1 1 0 0 0 0 
0 0 0 1 0 0 1 0 0 
0 0 0 0 1 0 0 1 0 
0 0 0 0 0 0 1 1 0 
1 0 0 0 0 0 0 1 0 
0 0 0 0 1 1 0 0 0 
0 0 0 0 0 1 1 0 0 
0 0 0 1 0 0 0 0 1 
0 0 1 0 1 0 0 0 0 
0 0 0 0 1 0 1 0 0 
0 0 0 0 0 1 0 0 1 
0 1 0 0 0 0 0 1 0 
0 0 1 0 0 0 0 0 1 
0 0 0 0 0 0 1 0 1 
0 1 0 0 0 1 0 0 0 
0 1 0 0 1 0 0 0 0 
1 0 0 0 0 0 0 0 1 
0 0 0 1 0 0 0 1 0 
1 0 0 0 1 0 0 0 0 
0 0 1 0 0 0 0 1 0 
0 0 0 0 1 0 0 1 0 
0 0 0 0 0 0 1 1 0 
0 0 0 0 1 1 0 0 0 
0 0 0 0 0 1 1 0 0 
0 0 1 0 1 0 0 0 0 
0 1 0 0 0 0 0 1 0 
0 0 0 0 1 0 1 0 0 
1 0 0 0 0 0 0 1 0 
1 0 0 0 0 0 1 0 0 
0 0 0 0 0 1 0 1 0 
0 0 1 0 0 0 0 1 0 
0 0 0 0 1 0 0 1 0 
0 0 0 0 0 0 1 1 0 
0 1 0 0 0 0 0 1 0 
0 0 1 0 1 0 0 0 0 
0 0 1 0 0 0 1 0 0 
1 1 0 0 0 0 0 0 0 
1 0 0 0 0 0 0 1 0 
0 0 0 0 0 1 0 0 1 
0 0 0 0 0 0 1 0 1 
0 1 1 0 0 0 0 0 0 
0 0 0 0 0 1 0 1 0 
0 0 1 0 0 0 0 1 0 
0 0 0 1 0 0 0 0 1 
0 0 0 0 1 0 0 1 0 
0 1 0 0 0 0 0 0 1 
1 0 0 0 0 0 0 0 1 
1 1 0 0 0 0 0 0 0 
0 0 0 1 0 0 0 1 0 
1 0 0 0 0 0 0 1 0 
0 0 0 0 1 0 1 0 0 
0 0 0 0 0 1 0 0 1 
0 0 1 0 0 0 0 0 1 
0 0 0 0 0 1 0 1 0 
0 0 0 0 0 0 1 0 1 
0 0 1 0 0 0 0 1 0 
1 0 0 0 0 0 0 0 1 
1 0 0 0 0 0 0 1 0 
0 1 1 0 0 0 0 0 0 
0 0 0 0 1 0 1 0 0 
0 0 0 0 0 1 0 1 0 
0 0 1 0 0 0 0 1 0 
0 0 0 0 1 0 0 1 0 
0 0 0 0 1 0 1 0 0 
1 0 0 0 1 0 0 0 0 
1 0 0 0 0 1 0 0 0 
0 0 0 0 0 0 0 1 1 
0 0 0 0 0 1 0 1 0 
0 0 0 0 0 0 1 1 0 
1 0 0 0 0 0 0 0 1 
1 0 0 0 0 0 0 1 0 
0 0 0 0 0 0 0 1 1 
0 0 0 1 0 0 0 0 1 
1 1 0 0 0 0 0 0 0 
0 0 0 0 0 0 1 0 1 
1 0 1 0 0 0 0 0 0 
1 0 0 0 1 0 0 0 0 
0 1 0 0 0 0 0 1 0 
1 0 0 0 0 0 0 1 0 
0 0 0 0 0 0 0 1 1 
0 0 0 0 0 0 1 0 1 
0 1 0 0 0 0 0 1 0 
1 0 0 0 0 0 0 1 0 
0 0 0 0 0 0 0 1 1 
1 0 0 1 0 0 0 0 0 
1 1 0 0 0 0 0 0 0 
0 0 1 0 0 0 0 1 0 
1 0 0 0 0 1 0 0 0 
0 0 0 1 0 0 1 0 0 
0 0 0 0 0 0 0 1 1 
0 0 0 1 0 0 0 0 1 
0 0 1 0 0 0 0 1 0 
0 0 0 0 0 1 0 0 1 
0 0 0 1 1 0 0 0 0 
1 0 0 0 0 0 0 0 1 
1 0 0 0 0 0 0 1 0 
1 1 1 1 1 1 1 1 1 
;
TIMETABLE BEST: 
0.0 0.0 0.0 0.0 0.0 0.0 0.0 0.0 0.0 
0 14 0 0 0 0 0 0 0 
0 14 17 0 0 0 0 0 0 
0 14 17 18 0 0 0 0 0 
0 14 17 18 24 0 0 0 0 
0 14 17 18 24 24 0 0 0 
0 14 17 18 24 24 26 0 0 
17 14 17 18 24 24 26 0 0 
17 14 17 18 24 24 26 0 0 
17 14 17 33 24 24 26 0 0 
17 14 17 33 24 24 26 18 0 
17 14 17 33 24 24 26 18 0 
17 14 17 33 24 24 26 18 0 
17 14 17 33 24 24 26 38 0 
17 14 17 33 24 24 39 38 0 
17 14 17 33 24 24 39 38 26 
17 14 17 33 24 24 39 38 26 
17 14 17 33 24 24 39 38 26 
17 14 17 33 24 24 39 38 26 
17 14 17 33 24 24 39 38 26 
17 14 17 33 24 24 39 38 26 
17 14 17 33 24 24 39 38 26 
17 14 17 33 24 24 39 38 26 
17 14 17 33 24 24 39 38 26 
17 14 17 33 24 24 39 38 26 
17 14 17 33 24 24 39 38 26 
17 14 17 33 24 24 39 38 26 
17 14 17 33 24 24 39 38 26 
17 14 17 33 24 24 39 38 26 
17 14 17 33 24 24 39 38 26 
17 14 17 33 24 24 39 38 26 
36 14 17 33 24 24 39 38 26 
36 14 17 33 24 24 39 38 26 
36 14 17 33 46 24 39 38 26 
36 14 17 33 46 24 39 38 26 
36 14 17 33 46 24 39 38 26 
36 14 17 33 46 24 39 38 26 
36 14 17 33 46 24 39 38 26 
36 14 17 33 46 24 50 38 26 
36 14 26 33 46 24 50 38 26 
36 14 26 33 46 24 50 38 26 
36 14 26 33 46 24 50 38 39 
36 14 26 33 46 24 50 38 52 
36 14 26 33 46 24 50 38 52 
36 14 56 33 46 24 50 38 52 
36 14 56 33 46 24 50 56 52 
36 14 56 33 46 24 50 56 52 
36 28 56 33 46 43 50 56 52 
36 41 56 33 46 43 50 56 52 
36 41 56 33 46 43 50 56 52 
36 41 56 33 46 43 50 56 52 
36 41 56 33 46 43 50 56 52 
36 41 56 33 46 43 50 56 52 
36 41 56 33 46 43 50 56 52 
36 41 56 33 46 43 50 56 52 
36 41 56 33 46 43 50 56 52 
36 41 56 52 46 43 50 56 52 
36 41 56 52 46 43 50 56 52 
36 41 56 52 46 43 50 56 52 
36 41 56 52 46 43 50 56 52 
36 41 56 52 46 43 50 56 52 
36 41 56 52 46 43 50 56 52 
36 41 56 52 46 43 50 56 52 
36 41 56 52 60 43 50 56 52 
36 41 56 52 60 43 50 56 52 
36 41 56 52 60 43 50 56 52 
36 41 56 52 60 43 50 56 65 
36 41 56 52 60 43 50 56 65 
36 41 56 52 60 43 50 56 65 
51 41 56 52 60 43 50 56 65 
51 54 56 52 60 43 50 56 65 
51 54 56 52 60 43 50 56 65 
51 54 56 52 60 56 50 56 65 
51 54 56 52 60 56 50 56 65 
51 54 56 52 60 56 50 56 65 
51 54 56 52 60 56 50 56 65 
51 54 56 52 60 56 50 56 65 
51 54 56 52 60 56 50 56 65 
51 54 56 52 60 56 50 56 65 
51 54 56 52 60 56 50 56 65 
51 54 56 52 60 56 50 56 65 
51 54 56 52 60 56 50 56 65 
51 54 56 52 60 56 50 56 65 
51 54 56 52 60 56 50 56 65 
51 54 56 52 60 56 50 56 65 
51 54 56 52 60 56 50 56 65 
51 54 56 52 60 56 50 56 65 
51 54 56 52 60 56 50 56 65 
51 54 56 52 60 56 50 56 65 
51 66 56 52 60 56 50 56 65 
51 66 56 52 60 56 50 56 65 
66 66 56 52 60 56 50 56 65 
66 66 56 52 60 56 50 56 65 
66 66 56 52 60 56 50 56 65 
66 66 56 52 60 56 50 56 65 
66 66 56 52 60 56 50 56 65 
66 66 56 52 60 56 50 56 65 
66 66 56 52 60 56 50 68 65 
66 66 69 52 60 56 50 68 65 
66 66 69 52 60 56 50 68 65 
66 66 69 52 60 56 50 68 65 
66 66 69 71 60 56 50 68 65 
66 66 69 71 60 56 50 68 65 
66 66 69 71 60 56 50 68 65 
66 66 69 71 60 56 50 68 65 
66 66 69 71 60 56 50 68 65 
66 66 69 71 60 56 50 68 65 
66 66 69 71 60 56 50 68 65 
66 66 69 71 60 56 50 68 65 
66 66 69 71 60 56 50 68 65 
66 66 69 71 60 56 61 68 65 
66 66 69 71 60 56 61 68 65 
66 66 69 71 60 56 61 68 65 
66 66 69 71 60 56 61 68 65 
66 66 69 71 60 56 61 68 65 
66 66 69 71 60 56 61 68 65 
66 66 69 71 60 56 61 68 65 
66 66 69 71 60 56 61 68 65 
66 66 69 71 60 56 61 68 65 
66 66 69 71 60 56 61 68 65 
66 77 69 71 60 56 61 68 65 
66 77 69 71 60 56 61 68 65 
66 77 69 71 60 56 61 68 65 
66 77 69 71 60 56 61 68 65 
66 77 69 71 60 56 61 68 65 
66 77 69 71 60 56 61 68 65 
66 77 69 71 60 56 61 80 65 
66 77 69 71 60 56 61 80 65 
66 77 69 71 60 56 61 80 65 
66 77 69 71 81 56 61 80 65 
66 77 69 71 81 72 61 80 65 
66 77 69 71 81 72 61 80 65 
66 77 69 71 81 72 74 80 65 
66 77 69 71 81 72 74 80 65 
66 77 69 71 81 72 74 80 65 
66 77 69 71 81 72 74 80 65 
66 77 69 71 81 72 74 80 65 
66 77 69 71 81 72 74 80 65 
66 77 69 71 81 72 74 80 65 
66 77 69 71 81 72 74 80 65 
66 77 69 71 81 72 74 80 65 
66 77 69 71 81 72 74 80 65 
81 77 69 71 81 72 74 80 65 
81 77 69 71 81 72 74 80 65 
81 77 69 71 81 72 74 80 65 
81 77 69 71 81 72 74 80 65 
81 77 69 71 81 72 74 80 65 
81 77 69 71 81 72 74 80 65 
81 77 69 84 81 72 74 80 65 
81 77 69 84 81 72 74 80 65 
81 77 69 84 81 72 74 80 65 
81 86 69 84 81 72 74 80 65 
81 86 69 84 81 72 74 80 65 
81 86 69 84 81 72 74 80 65 
81 86 69 84 81 72 74 80 65 
81 86 69 84 81 72 88 80 65 
81 86 69 84 81 72 88 80 85 
81 86 69 84 81 72 88 80 85 
81 86 69 84 81 72 88 80 85 
81 86 69 84 81 72 88 80 85 
81 86 69 84 81 72 88 80 85 
81 86 80 84 81 72 88 80 85 
81 86 80 84 81 72 88 80 85 
81 86 80 84 81 72 88 80 85 
81 86 80 84 81 72 88 80 85 
81 86 80 84 81 72 88 80 85 
81 86 80 84 81 72 88 80 85 
81 86 80 84 81 72 88 92 85 
81 86 80 84 81 72 88 92 85 
81 86 80 84 81 72 88 92 85 
81 86 80 84 81 72 88 92 85 
81 86 80 84 81 72 88 92 85 
81 86 80 84 81 72 88 92 85 
81 86 80 84 81 72 88 92 85 
81 86 80 84 81 72 88 92 85 
81 86 80 84 81 83 88 92 85 
81 86 80 84 81 83 88 92 85 
81 86 80 84 81 83 88 92 85 
81 86 80 84 81 83 88 92 85 
81 86 80 84 81 83 88 92 85 
81 86 80 84 81 83 88 92 85 
81 86 80 84 81 83 88 92 85 
81 86 80 84 81 83 88 92 85 
81 86 93 84 81 83 88 92 85 
81 86 93 84 81 83 88 92 85 
81 95 93 84 81 83 88 92 85 
81 95 93 84 81 83 88 92 85 
96 95 93 84 81 83 88 92 85 
96 95 93 84 81 83 88 92 85 
96 95 93 84 81 83 88 92 85 
96 95 93 84 81 83 88 92 85 
96 95 93 84 81 83 88 92 85 
96 95 93 84 81 83 88 92 98 
96 95 93 84 81 83 88 92 98 
96 95 93 84 81 83 88 92 98 
96 95 93 84 81 100 88 92 98 
96 95 93 84 81 100 100 92 98 
96 95 93 84 81 100 100 92 98 
96 95 93 102 81 100 100 92 98 
96 95 93 102 81 100 100 92 98 
96 95 93 102 81 100 100 104 98 
96 95 93 102 81 100 100 104 98 
96 95 108 102 81 100 100 104 98 
96 95 108 102 81 100 100 104 108 
96 95 108 102 81 111 100 104 108 
96 112 108 102 81 111 100 104 108 
96 112 108 102 81 111 112 104 108 
96 112 108 102 100 111 112 104 108 
96 112 108 102 100 111 112 104 108 
96 112 108 102 100 111 112 104 108 
96 112 108 102 100 111 112 104 108 
96 112 108 102 100 111 112 104 108 
96 112 108 102 112 111 112 104 108 
96 112 108 102 112 111 112 104 108 
96 112 108 102 112 111 112 104 108 
96 112 108 102 112 111 112 104 108 
96 112 108 102 112 111 112 104 118 
96 112 108 102 112 111 112 104 118 
111 112 108 102 112 111 112 104 118 
111 112 108 102 112 111 112 104 118 
111 112 108 102 112 111 112 104 118 
111 112 108 102 112 111 112 104 118 
111 112 108 102 112 111 112 104 118 
111 112 108 102 112 111 112 104 118 
111 112 108 102 112 111 112 104 118 
111 112 108 102 112 111 112 104 118 
111 112 108 102 112 111 112 104 118 
111 112 108 102 112 111 112 104 118 
111 112 108 102 112 111 112 122 118 
111 112 108 102 112 111 112 122 118 
111 112 123 102 112 111 112 122 118 
111 112 123 102 112 111 112 122 118 
111 112 123 102 112 111 112 122 118 
111 112 123 102 112 111 112 122 118 
111 112 123 102 112 111 112 122 118 
111 112 123 102 112 111 112 122 118 
111 112 123 120 112 111 112 122 118 
111 112 123 120 112 111 112 122 118 
111 112 123 120 112 111 112 122 118 
111 112 123 120 112 122 112 122 118 
111 112 123 120 112 122 112 122 118 
111 112 123 120 112 122 112 122 118 
111 112 123 120 112 122 112 122 118 
111 112 123 120 112 122 112 122 118 
111 112 123 120 112 122 112 122 118 
111 112 123 120 112 122 112 122 118 
111 112 123 120 124 122 112 122 118 
111 112 123 120 124 122 112 122 118 
111 112 123 120 124 122 112 122 128 
111 112 123 120 124 122 112 122 128 
111 112 123 120 124 122 112 122 128 
111 112 123 120 124 122 112 122 128 
111 112 123 120 124 122 112 133 128 
111 112 123 120 124 122 124 133 128 
111 112 123 120 124 122 124 133 128 
126 112 123 120 124 122 124 133 128 
126 112 123 120 124 134 124 133 128 
126 112 123 120 124 134 124 133 128 
126 112 136 120 124 134 124 133 128 
126 112 136 120 124 134 124 133 128 
126 112 136 120 124 134 124 133 128 
126 112 136 120 124 134 124 133 128 
126 112 136 120 124 134 124 133 128 
126 129 136 120 124 134 124 133 128 
126 129 136 120 124 134 124 133 128 
126 129 136 120 124 134 124 133 128 
126 129 136 120 136 134 124 133 128 
126 129 136 120 136 134 124 133 128 
126 129 136 120 136 134 124 133 128 
126 129 136 120 136 134 124 133 128 
126 129 136 120 136 134 124 133 128 
126 129 136 133 136 134 124 133 128 
126 129 136 133 136 134 124 133 128 
126 129 136 133 136 134 136 133 128 
126 129 136 133 136 134 136 133 128 
126 129 136 133 136 134 136 133 128 
126 129 136 133 136 134 136 133 128 
126 129 136 133 136 134 136 133 138 
126 129 136 133 136 134 136 133 138 
126 129 136 133 136 134 136 133 138 
126 129 136 133 136 134 136 133 138 
126 129 136 133 136 134 136 133 138 
126 129 136 133 136 134 136 133 138 
126 129 136 133 136 134 136 133 138 
126 129 136 133 136 134 136 133 138 
126 129 136 133 136 134 136 133 138 
126 129 136 133 136 134 136 133 138 
126 129 136 133 136 134 136 144 138 
126 129 136 133 136 134 136 144 138 
126 129 136 133 136 134 136 144 138 
126 129 136 133 136 134 136 144 138 
126 129 136 133 136 134 136 144 138 
126 129 136 133 136 134 136 144 138 
126 129 136 133 136 134 136 144 138 
126 129 136 133 136 134 136 144 138 
126 129 136 133 136 134 136 144 138 
126 129 136 133 136 134 136 144 138 
126 129 136 133 136 146 136 144 138 
126 140 136 133 136 146 136 144 138 
126 140 136 133 136 146 136 144 151 
126 140 136 133 136 146 136 144 151 
142 140 136 133 136 146 136 144 151 
142 140 136 133 136 146 136 144 151 
142 140 136 133 136 146 136 144 151 
142 140 136 133 136 146 136 144 151 
142 140 136 133 136 146 136 144 151 
142 140 136 133 136 146 136 144 151 
142 140 147 133 136 146 136 144 151 
142 140 147 133 136 146 136 144 151 
142 140 147 133 148 146 136 144 151 
142 140 147 133 148 146 136 144 151 
142 140 147 133 148 146 148 144 151 
142 140 147 133 148 146 148 144 151 
142 140 147 133 148 146 148 144 151 
142 140 147 133 148 146 148 144 151 
142 140 147 133 148 146 148 144 151 
142 140 147 133 148 146 148 155 151 
142 140 147 133 148 146 148 155 151 
142 140 147 133 148 146 148 155 151 
142 154 147 133 148 146 148 155 151 
142 154 147 133 148 146 148 155 151 
142 154 147 133 148 146 148 155 151 
142 154 147 133 148 146 148 155 151 
142 154 147 133 148 146 148 155 151 
142 154 147 133 148 146 148 155 151 
142 154 147 133 148 146 148 155 151 
142 154 147 152 148 146 148 155 151 
142 154 147 152 148 146 148 155 151 
142 154 147 152 148 146 148 155 151 
142 154 147 152 148 146 148 155 164 
153 154 147 152 148 146 148 155 164 
153 154 147 152 148 146 148 155 164 
153 154 147 152 148 146 148 155 164 
153 154 147 152 160 146 148 155 164 
153 154 147 152 160 146 148 155 164 
153 154 147 152 160 146 148 155 164 
153 154 147 152 160 157 148 155 164 
153 154 147 152 160 157 148 155 164 
153 154 147 152 160 157 148 166 164 
153 154 147 152 160 157 148 166 164 
153 154 147 152 160 157 148 166 164 
153 172 147 152 160 157 148 166 164 
153 172 147 152 160 157 159 166 164 
153 172 147 152 160 157 159 166 164 
153 172 160 152 160 157 159 166 164 
153 172 160 152 160 157 159 166 164 
153 172 160 152 160 157 168 166 164 
153 172 160 152 176 157 168 166 164 
173 172 160 152 176 157 168 166 164 
173 172 160 152 176 157 168 166 164 
173 172 160 152 176 168 168 166 164 
173 172 160 152 176 168 168 166 164 
173 172 160 152 176 168 168 166 164 
173 172 160 152 176 168 168 166 164 
173 172 160 152 176 168 168 177 164 
173 172 160 178 176 168 168 177 164 
173 172 160 178 176 168 168 177 164 
173 172 160 178 176 168 182 177 164 
173 172 176 178 176 168 182 177 164 
173 172 176 178 176 168 182 177 164 
173 172 176 178 176 168 182 177 164 
173 172 176 178 176 168 182 177 164 
173 172 176 178 176 168 182 188 164 
173 172 176 178 176 168 182 188 174 
173 172 176 178 176 168 182 188 174 
173 172 176 178 176 168 182 188 174 
173 172 176 178 176 168 182 188 174 
173 172 176 190 176 168 182 188 174 
173 191 176 190 176 168 182 188 174 
173 191 176 190 176 168 182 188 174 
173 191 176 190 176 192 182 188 174 
173 191 176 190 176 192 182 188 174 
173 191 176 190 176 192 182 188 185 
173 191 176 190 176 192 182 188 185 
173 191 189 190 176 192 182 188 185 
173 191 189 190 176 192 182 188 185 
173 191 189 190 188 192 182 188 185 
203 191 189 190 188 192 182 188 185 
203 191 189 190 188 192 182 188 185 
274.0 208.0 252.0 248.0 250.0 218.0 196.0 280.0 286.0 
;
EXECUTION TIME HBSS: 11062.4160759 seconds 

-------------------------------------------------------------------
