DATFILE : bwopen0_10r_1000.dat
ENVIRONMENT : bwopen
ALGORITHM : HBSS - TAU 6
RANGE : _100
STARTING_POS : 0
N_ROBOTS : 10
GREEDY SOLUTION : [ 2346.]
COMPUTATIONS D :
2346
2304
2380
2226
2494
2184
2332
2210
2382
2346
2228
2412
2324
2346
2308
2346
2346
2346
2396
2308
2346
2362
2496
2490
2210
2346
2324
2346
2224
2346
2272
2260
2172
2412
2190
2346
2382
2378
2346
2220
2272
2348
2310
2326
2362
2344
2328
2302
2292
2190
2340
2346
2184
2162
2254
2332
2346
2346
2308
2184
2324
2316
2190
2346
2346
2346
2374
2236
2318
2242
2346
2414
2318
2356
2338
2346
2250
2388
2356
2496
2276
2336
2402
2362
2346
2190
2346
2346
2220
2226
2350
2346
2190
2314
2310
2298
2346
2440
2346
2362
2362
2346
2346
2436
2346
2346
2220
2342
2346
2396
2310
2218
2404
2296
2406
2372
2256
2346
2346
2264
2422
2490
2440
2298
2374
2346
2292
2350
2346
2346
2372
2168
2346
2218
2190
2330
2350
2346
2390
2352
2346
2348
2278
2346
2204
2346
2346
2346
2266
2338
2372
2308
2394
2246
2346
2384
2374
2268
2318
2264
2346
2348
2346
2338
2408
2374
2346
2440
2218
2382
2332
2346
2228
2346
2346
2176
2372
2346
2302
2346
2346
2400
2372
2252
2334
2318
2490
2360
2328
2306
2346
2412
2262
2346
2346
2346
2328
2346
2346
2346
;
HBBS sumD : 2162
BEST_CONFIGURATIONS : 
0 0 0 0 0 0 0 0 0 0 
0 4 0 0 0 0 0 0 0 0 
0 4 26 0 0 0 0 0 0 0 
0 4 26 1 0 0 0 0 0 0 
0 4 26 1 5 0 0 0 0 0 
0 4 26 1 5 22 0 0 0 0 
0 4 26 1 5 22 8 0 0 0 
26 4 26 1 5 22 8 0 0 0 
26 4 26 1 5 22 8 0 0 0 
26 4 26 27 5 22 8 0 0 0 
26 4 26 27 5 22 8 1 0 0 
26 4 26 27 5 22 8 1 0 2 
26 4 26 27 5 22 8 1 0 2 
26 4 26 27 5 22 8 1 0 2 
26 4 26 27 5 22 13 1 0 2 
26 4 26 27 5 22 13 1 8 2 
26 4 26 27 5 22 13 1 8 2 
26 4 26 27 5 22 13 1 8 2 
26 4 26 27 5 22 13 1 8 2 
26 4 26 27 5 22 13 1 8 2 
26 4 26 27 5 22 13 1 8 2 
26 4 26 27 5 22 13 1 8 2 
26 4 26 27 5 22 13 1 8 2 
26 4 26 27 5 22 13 1 8 2 
26 4 26 27 5 22 13 1 8 2 
26 4 26 27 5 22 13 1 8 2 
26 4 26 27 5 22 13 1 8 2 
26 4 26 27 5 22 13 1 8 2 
26 4 26 27 5 22 13 1 8 2 
26 4 26 27 5 22 13 1 8 2 
26 4 26 27 5 22 13 1 8 2 
26 4 26 27 5 22 13 1 8 2 
26 4 26 27 5 22 13 1 8 2 
26 4 26 27 5 22 13 1 8 2 
26 4 26 27 5 22 13 27 8 2 
26 4 26 27 5 22 13 27 8 2 
26 4 26 27 9 22 13 27 8 2 
26 4 26 27 9 22 13 27 8 2 
5 4 26 27 9 22 13 27 8 2 
5 4 26 27 9 22 13 27 8 2 
5 4 26 27 9 22 13 27 8 2 
5 4 26 27 9 22 13 27 8 2 
5 4 26 27 9 22 17 27 8 2 
5 4 26 27 9 22 17 27 13 2 
5 4 26 27 9 22 17 27 25 2 
5 4 26 27 9 22 17 27 25 2 
5 4 26 27 9 22 17 27 25 6 
5 4 26 27 9 22 17 27 25 6 
14 4 26 27 9 22 17 27 25 6 
14 4 26 27 9 22 17 27 25 6 
14 8 26 27 9 13 17 27 25 6 
14 8 26 27 9 13 17 27 25 6 
14 8 5 27 9 13 17 27 25 6 
14 13 5 27 9 13 17 27 25 6 
14 13 5 27 9 13 17 27 25 6 
14 13 5 27 9 13 17 27 25 6 
14 13 5 27 9 13 17 27 25 6 
14 13 5 27 9 13 17 27 25 6 
14 13 5 27 9 13 17 27 25 6 
14 13 5 27 9 13 17 27 25 6 
14 13 1 27 9 13 17 27 25 6 
14 13 1 2 9 13 17 27 25 6 
14 13 1 2 9 13 17 27 25 6 
14 13 1 2 9 13 17 27 25 6 
14 13 1 2 9 13 17 27 25 6 
14 13 1 2 9 13 17 27 25 6 
14 13 1 2 9 13 17 27 25 6 
14 13 1 2 9 13 17 27 25 6 
14 13 1 2 9 13 17 27 25 6 
14 13 1 2 9 13 17 27 25 6 
14 13 1 2 10 13 17 27 25 6 
14 13 1 2 10 13 17 27 25 6 
14 13 1 2 10 13 17 27 25 6 
14 13 1 2 10 13 17 27 25 6 
14 13 1 2 10 13 17 27 25 6 
14 13 1 2 10 13 17 27 25 6 
14 13 1 2 10 13 17 9 25 6 
14 13 1 2 10 13 17 9 25 6 
14 13 1 2 10 13 17 9 25 6 
14 13 1 2 10 13 17 9 25 6 
14 13 1 2 10 13 17 9 25 6 
14 8 1 2 10 13 17 9 25 6 
14 8 1 2 10 13 17 9 25 6 
14 8 1 2 10 13 17 9 25 6 
14 8 1 2 10 13 17 9 25 6 
14 8 1 2 10 13 17 9 25 6 
14 8 1 2 10 13 17 9 25 6 
14 8 1 2 10 13 17 9 25 6 
14 8 1 2 10 13 17 9 25 6 
14 8 1 2 10 13 17 9 25 6 
14 8 1 2 10 13 17 9 25 6 
14 8 1 2 10 13 17 9 25 6 
14 8 1 2 10 13 17 9 25 6 
14 8 1 2 10 13 17 24 25 6 
14 8 1 2 10 13 17 24 25 6 
14 8 1 2 10 13 17 24 25 6 
14 8 1 2 10 13 17 24 25 6 
14 8 1 2 10 13 17 24 25 6 
14 8 1 2 10 13 17 24 25 6 
14 8 1 2 10 13 17 24 18 6 
14 8 1 2 10 13 17 24 18 6 
14 8 1 2 10 13 17 24 18 21 
14 8 1 2 10 13 17 24 18 21 
14 8 1 2 10 13 17 24 18 21 
14 8 1 2 10 13 17 24 18 21 
15 8 1 2 10 13 17 24 18 21 
15 8 0 2 10 13 17 24 18 21 
15 8 0 2 10 13 17 24 18 21 
15 8 0 2 10 22 17 24 18 21 
15 8 0 2 10 22 17 24 18 21 
15 8 0 2 10 22 17 24 18 21 
15 8 0 2 10 22 17 24 18 21 
15 8 0 2 10 22 17 24 18 21 
15 8 0 2 10 22 17 24 18 21 
15 8 0 2 10 22 17 24 18 21 
15 8 0 2 10 22 17 24 18 21 
15 8 0 2 10 22 17 24 18 21 
15 8 0 2 10 22 17 24 18 21 
15 8 0 2 10 22 17 24 18 21 
15 8 0 2 10 22 17 24 18 21 
15 8 0 2 10 22 17 24 18 21 
15 8 0 2 10 22 17 24 18 21 
15 8 0 2 10 22 17 24 18 21 
15 8 0 2 10 22 25 24 18 21 
15 8 0 2 10 22 25 24 18 21 
15 8 0 2 10 22 25 24 18 21 
15 8 0 2 10 22 25 24 18 21 
15 8 0 2 10 22 25 24 18 21 
15 8 0 2 10 22 25 24 18 21 
15 8 0 2 10 22 25 24 18 21 
15 8 0 2 10 22 25 24 18 21 
15 8 0 2 10 22 25 24 18 21 
15 8 0 2 10 22 25 24 18 21 
15 8 0 2 10 22 25 24 18 21 
15 8 0 2 10 22 25 24 18 21 
15 8 0 2 10 22 25 24 18 21 
15 8 0 3 10 22 25 24 18 21 
15 4 0 3 10 22 25 24 18 21 
15 4 0 3 10 22 25 24 18 21 
15 4 0 3 10 22 25 24 18 21 
15 4 0 3 10 22 25 24 18 21 
15 4 0 3 10 22 25 24 18 21 
15 4 0 3 10 22 25 24 18 21 
15 4 0 3 10 22 25 24 18 21 
15 4 0 3 10 22 25 24 18 21 
15 4 0 3 10 22 25 24 18 21 
15 4 0 3 10 22 25 24 18 21 
15 4 0 3 10 22 25 24 18 21 
15 4 0 3 10 22 25 24 18 21 
15 4 0 3 10 22 25 24 18 21 
15 4 0 3 10 22 25 24 18 21 
15 4 0 3 10 26 25 24 18 21 
15 4 0 3 10 26 25 24 18 21 
15 4 0 3 10 26 25 24 18 21 
15 4 0 3 10 26 25 24 18 21 
15 4 0 3 10 26 25 24 18 21 
15 4 0 3 10 26 25 24 18 21 
15 4 0 3 9 26 25 24 18 21 
15 4 0 3 9 26 25 24 18 21 
15 4 0 3 9 26 25 24 18 21 
15 4 0 3 9 26 25 24 18 21 
15 4 0 3 9 26 25 24 18 21 
15 4 0 3 9 26 25 24 18 21 
15 4 0 3 9 26 25 6 18 21 
15 4 0 3 9 26 25 6 14 21 
15 4 0 3 9 26 25 6 14 21 
15 4 0 3 9 26 25 6 14 7 
15 4 0 3 9 26 25 6 14 7 
15 4 0 3 9 26 25 6 14 7 
15 4 0 3 9 26 25 6 14 7 
15 4 0 3 9 26 25 6 14 7 
15 4 0 3 9 26 25 6 14 7 
15 4 0 3 9 26 25 6 14 7 
15 4 0 3 9 26 25 6 14 7 
15 4 0 3 9 26 25 6 14 7 
15 4 0 3 9 26 25 6 14 7 
15 4 0 3 9 26 25 6 14 7 
15 4 0 3 9 26 25 6 14 7 
15 4 0 3 9 26 17 6 14 7 
15 4 1 3 9 26 17 6 14 7 
15 4 1 3 9 26 17 6 14 7 
15 4 1 3 9 26 17 6 14 7 
15 4 1 3 9 26 17 6 14 7 
15 5 1 3 9 26 17 6 14 7 
15 5 1 3 9 26 17 6 14 7 
15 5 1 3 9 26 17 6 14 7 
15 5 1 3 9 26 17 6 14 7 
15 5 1 3 9 26 17 6 14 7 
15 5 1 3 9 26 17 6 14 7 
10 5 1 3 9 26 17 6 14 7 
10 5 1 3 9 26 17 6 14 7 
10 5 1 3 9 26 17 6 14 7 
10 5 1 3 9 26 17 6 14 7 
10 5 1 3 9 26 17 6 14 7 
10 5 1 3 9 26 17 6 14 7 
10 5 1 3 9 26 17 6 14 7 
10 5 1 3 9 26 17 6 14 7 
10 5 1 3 9 26 17 6 14 7 
10 5 1 3 9 22 17 6 14 7 
10 5 1 3 9 22 13 6 14 7 
10 5 1 3 9 22 13 6 14 7 
10 5 1 21 9 22 13 6 14 7 
10 5 1 21 9 22 13 6 14 7 
10 5 1 21 9 22 13 6 14 7 
10 5 1 21 9 22 13 6 18 7 
10 5 1 21 9 22 13 6 18 7 
10 5 1 21 9 22 13 6 18 7 
10 5 1 21 9 22 13 6 18 7 
10 5 1 21 9 22 13 6 18 7 
10 5 1 21 9 22 13 6 18 7 
10 5 1 21 9 22 13 6 18 7 
10 5 1 21 24 22 13 6 18 7 
10 5 1 21 24 22 13 6 18 7 
10 5 1 21 24 22 13 6 18 7 
10 5 1 21 24 22 13 6 18 7 
10 5 1 21 24 22 13 6 18 7 
10 5 1 21 24 22 13 6 18 7 
10 5 1 21 24 22 13 11 18 7 
10 5 1 21 24 22 13 11 18 7 
10 5 1 21 24 22 13 11 18 7 
10 5 27 21 24 22 13 11 18 7 
10 5 27 21 24 8 13 11 18 7 
10 5 27 21 24 8 13 11 18 7 
10 5 27 21 24 8 13 11 18 12 
10 26 27 21 24 8 13 11 18 12 
10 26 27 21 24 8 13 11 18 12 
10 26 27 21 24 8 13 11 18 12 
10 26 27 21 24 8 13 11 18 12 
10 26 27 21 24 8 13 11 18 12 
10 26 27 21 24 8 13 11 18 12 
10 26 27 21 24 8 13 11 18 12 
10 26 27 21 24 8 13 11 18 12 
10 26 27 21 24 8 13 11 18 12 
10 26 27 21 24 8 13 11 18 12 
14 26 27 21 24 8 13 11 18 12 
14 26 27 21 24 8 13 11 18 12 
14 26 27 21 24 8 13 11 18 12 
14 26 27 21 24 8 13 11 18 12 
14 26 27 3 24 8 13 11 18 12 
14 26 27 3 24 8 13 11 18 12 
14 26 27 3 24 8 13 11 18 12 
14 26 27 3 24 8 13 11 18 12 
14 26 27 3 24 8 13 11 18 12 
14 26 27 3 24 8 17 11 18 12 
14 26 27 3 24 8 17 11 18 12 
14 26 27 3 24 8 17 11 18 12 
14 26 27 3 24 8 17 11 18 12 
14 26 27 3 24 8 17 11 18 12 
14 26 27 3 24 8 17 11 18 12 
14 26 27 3 24 8 17 11 18 12 
14 26 27 3 24 8 17 11 18 12 
14 26 27 3 24 8 17 11 18 12 
14 26 27 3 24 8 17 11 25 12 
14 26 27 3 24 8 17 11 25 12 
14 26 27 3 24 8 17 11 25 12 
14 22 27 3 24 8 17 11 25 12 
14 22 27 3 6 8 17 11 25 12 
14 22 27 3 6 8 17 11 25 12 
14 22 27 3 6 8 17 11 25 12 
14 22 27 3 6 8 17 11 25 12 
14 22 27 3 6 8 17 11 25 16 
14 22 27 3 6 8 17 11 25 16 
14 22 9 3 6 8 17 11 25 16 
14 22 9 3 6 4 17 11 25 16 
14 22 9 3 6 4 17 11 25 16 
15 22 9 3 6 4 17 11 25 16 
15 22 9 3 6 4 17 11 25 16 
15 22 9 3 6 4 17 11 25 16 
15 22 9 3 6 4 17 11 25 16 
15 22 9 3 6 4 17 11 25 16 
15 22 9 3 6 4 17 21 25 16 
15 22 9 3 6 4 13 21 25 16 
15 22 9 3 6 4 13 21 25 23 
15 22 9 3 2 4 13 21 25 23 
15 22 9 3 2 4 13 21 25 23 
15 22 9 3 2 4 13 21 25 23 
15 22 9 3 2 4 13 21 25 23 
15 22 9 3 2 4 13 21 25 20 
15 22 9 3 2 4 13 21 25 20 
15 22 9 3 2 4 13 21 25 20 
15 22 9 3 2 4 13 21 19 20 
15 22 9 7 2 4 13 21 19 20 
15 22 9 7 2 4 13 21 19 20 
15 22 9 7 2 4 13 21 19 20 
15 22 27 7 2 4 13 21 19 20 
15 22 27 7 2 4 13 21 19 20 
15 22 27 7 2 4 13 21 19 20 
15 22 27 7 2 4 13 21 19 20 
15 22 27 7 2 4 13 21 19 20 
15 26 27 7 2 4 13 21 19 20 
15 26 27 12 2 4 13 21 19 20 
15 26 27 12 2 4 13 21 19 20 
15 26 27 12 2 4 13 21 19 20 
15 26 27 12 2 4 13 21 19 20 
15 26 27 12 2 4 13 21 19 20 
15 26 27 12 2 4 13 21 19 20 
15 26 27 12 2 4 17 21 19 20 
15 26 27 12 2 4 17 21 19 20 
15 26 27 12 2 4 17 21 19 23 
15 26 27 12 2 4 17 21 19 23 
15 26 27 12 2 4 17 21 19 23 
15 26 27 12 2 4 17 21 19 23 
15 26 27 12 2 4 17 11 19 23 
15 26 27 12 2 4 17 11 19 23 
15 26 27 12 2 4 17 11 19 23 
15 26 27 16 2 4 17 11 19 23 
15 26 27 16 2 4 17 11 19 23 
15 26 27 16 2 4 17 11 19 23 
10 26 27 16 2 4 17 11 19 23 
10 5 27 16 2 4 17 11 19 23 
10 5 27 16 2 0 17 11 19 23 
10 5 27 16 2 0 17 11 19 23 
10 5 27 16 2 0 17 11 19 23 
10 5 27 16 2 0 17 11 19 23 
10 5 27 16 2 0 17 11 19 23 
10 5 27 16 2 0 17 11 19 23 
10 5 27 16 2 0 17 11 19 23 
10 5 27 16 2 0 17 11 19 23 
10 5 27 16 2 0 17 11 19 23 
10 5 27 16 2 0 17 11 19 23 
10 5 27 16 2 0 25 11 19 23 
10 5 27 16 2 0 25 11 19 23 
10 5 27 16 2 0 25 11 19 23 
10 5 27 16 2 0 25 11 19 23 
10 5 27 16 2 0 25 11 19 23 
10 5 27 16 2 0 25 11 20 23 
10 5 27 16 2 0 25 11 20 23 
10 5 27 16 2 0 25 11 20 23 
10 5 27 16 2 0 25 11 20 23 
10 5 27 16 2 0 25 11 20 23 
24 5 27 16 2 0 25 11 20 23 
24 26 27 16 2 0 25 11 20 23 
24 26 27 16 6 0 25 11 20 23 
24 26 27 16 6 0 25 11 20 23 
24 26 27 16 6 0 25 11 20 23 
24 26 1 16 6 0 25 11 20 23 
24 26 1 12 6 0 25 11 20 23 
24 26 1 12 6 0 25 11 20 23 
24 26 1 12 6 0 18 11 20 23 
24 26 1 12 6 0 18 11 20 23 
24 26 1 12 6 0 18 11 20 23 
24 26 1 12 6 0 18 11 20 23 
9 26 1 12 6 0 18 11 20 23 
9 26 1 12 6 8 18 11 20 23 
9 26 1 12 6 8 18 11 20 16 
9 26 1 12 6 8 18 11 20 16 
9 26 1 12 6 8 18 11 20 16 
9 5 1 12 6 8 18 11 20 16 
9 5 1 12 6 8 18 11 20 16 
9 5 1 12 6 8 18 11 20 16 
9 5 1 12 6 8 18 11 20 16 
9 5 1 12 6 8 18 11 20 16 
9 5 1 12 6 8 18 11 19 16 
9 5 1 12 6 8 18 11 19 16 
9 5 1 12 6 8 18 11 19 16 
9 5 1 12 21 8 18 11 19 16 
9 5 1 12 21 8 18 11 19 16 
9 5 1 12 21 8 18 11 19 16 
9 5 1 12 21 8 18 11 19 16 
9 5 1 12 21 8 14 11 19 16 
9 5 1 12 21 8 14 11 19 16 
9 5 1 12 21 8 14 7 19 16 
9 5 1 12 21 8 14 7 19 16 
9 5 1 12 21 8 14 7 19 16 
9 5 1 12 21 8 14 7 19 16 
9 5 1 12 21 8 14 7 19 16 
9 5 1 12 21 8 14 7 19 16 
9 5 1 12 21 8 14 7 19 16 
9 5 1 12 21 8 14 7 19 23 
9 5 1 12 21 8 14 7 19 23 
9 5 1 12 21 8 14 7 19 23 
9 5 1 12 21 8 14 7 19 23 
9 5 1 12 21 8 14 7 19 23 
24 5 1 12 21 8 14 7 19 23 
24 5 1 12 21 8 14 7 19 20 
24 5 1 12 21 8 14 7 19 20 
24 5 1 12 21 8 14 7 19 20 
24 5 1 12 21 8 14 7 19 20 
24 5 1 16 21 8 14 7 19 23 
0 0 0 0 0 0 0 0 0 0 
;
ROBOT MOVING BEST:
0 0 0 0 0 0 0 0 0 0 
1 1 0 0 0 0 0 0 0 0 
1 0 1 0 0 0 0 0 0 0 
1 0 0 1 0 0 0 0 0 0 
1 0 0 0 1 0 0 0 0 0 
1 0 0 0 0 1 0 0 0 0 
1 0 0 0 0 0 1 0 0 0 
1 1 0 0 0 0 0 0 0 0 
0 1 0 1 0 0 0 0 0 0 
0 0 0 1 0 0 0 1 0 0 
1 0 0 0 0 0 0 1 0 0 
0 0 0 0 0 0 0 0 1 1 
0 1 0 0 1 0 0 0 0 0 
0 1 0 0 0 1 0 0 0 0 
0 0 0 0 0 0 1 0 1 0 
0 1 0 0 0 0 0 0 1 0 
1 0 0 0 1 0 0 0 0 0 
1 0 0 0 0 1 0 0 0 0 
0 0 0 0 1 0 0 1 0 0 
0 0 0 0 0 1 0 1 0 0 
1 0 0 0 0 0 0 0 1 0 
0 0 0 0 0 0 0 1 1 0 
0 1 0 1 0 0 0 0 0 0 
0 0 0 0 1 1 0 0 0 0 
1 0 0 1 0 0 0 0 0 0 
0 1 0 0 0 0 0 0 0 1 
0 0 0 0 1 0 0 0 1 0 
0 0 0 0 0 1 0 0 1 0 
0 0 0 1 0 0 0 1 0 0 
1 0 0 0 0 0 0 0 0 1 
0 1 0 0 0 0 1 0 0 0 
0 0 0 0 0 0 0 1 0 1 
1 0 0 0 0 0 1 0 0 0 
0 0 0 1 1 0 0 0 0 0 
0 0 0 0 0 1 0 1 0 0 
0 0 0 1 0 0 0 0 1 0 
0 1 0 0 1 0 0 0 0 0 
0 0 0 0 0 1 0 0 0 1 
1 0 0 0 0 0 0 0 0 1 
0 0 0 0 0 0 0 0 1 1 
0 0 1 0 1 0 0 0 0 0 
0 0 0 0 0 1 1 0 0 0 
0 1 0 0 0 0 1 0 0 0 
1 0 0 0 0 0 0 0 1 0 
0 1 0 0 0 0 0 0 1 0 
0 0 1 0 0 0 1 0 0 0 
0 1 0 0 0 0 0 0 0 1 
0 0 1 0 0 0 0 0 1 0 
1 1 0 0 0 0 0 0 0 0 
0 0 0 0 1 1 0 0 0 0 
0 1 0 0 0 1 0 0 0 0 
0 0 1 0 0 0 0 0 0 1 
0 0 1 0 1 0 0 0 0 0 
0 1 0 1 0 0 0 0 0 0 
0 0 1 0 0 0 1 0 0 0 
0 0 1 0 0 0 0 0 1 0 
0 0 0 1 1 0 0 0 0 0 
1 0 1 0 0 0 0 0 0 0 
0 0 1 0 0 0 0 0 0 1 
0 0 0 1 0 0 1 0 0 0 
0 1 1 0 0 0 0 0 0 0 
0 0 0 1 0 0 0 1 0 0 
0 0 0 0 0 0 0 1 1 0 
0 1 0 0 1 0 0 0 0 0 
0 0 0 0 0 0 0 1 0 1 
1 0 0 0 0 0 0 1 0 0 
0 0 1 0 1 0 0 0 0 0 
0 1 0 0 0 0 1 0 0 0 
0 1 0 1 0 0 0 0 0 0 
0 1 0 0 0 0 0 0 1 0 
0 0 0 0 1 0 0 1 0 0 
0 0 1 0 0 0 1 0 0 0 
0 1 0 0 0 0 0 0 0 1 
0 0 1 0 0 0 0 0 1 0 
1 1 0 0 0 0 0 0 0 0 
0 0 1 0 0 0 0 0 0 1 
0 0 0 0 0 0 1 1 0 0 
1 0 1 0 0 0 0 0 0 0 
0 0 0 1 0 0 0 1 0 0 
0 0 0 0 0 0 0 1 1 0 
0 1 0 0 1 0 0 0 0 0 
0 1 0 0 0 0 0 1 0 0 
0 0 0 1 0 0 1 0 0 0 
0 0 0 0 0 0 1 0 1 0 
0 0 0 0 0 0 0 1 0 1 
1 0 0 0 0 0 0 1 0 0 
0 1 0 0 0 0 1 0 0 0 
0 0 1 0 1 0 0 0 0 0 
0 0 0 1 0 0 0 0 1 0 
0 0 0 0 0 0 1 0 0 1 
1 0 0 0 0 0 1 0 0 0 
0 1 0 0 0 0 0 0 1 0 
0 0 0 1 0 0 0 0 0 1 
0 0 0 0 0 1 0 1 0 0 
0 0 0 0 0 0 0 0 1 1 
0 0 1 0 0 0 0 1 0 0 
1 0 0 1 0 0 0 0 0 0 
1 0 0 0 0 0 0 0 1 0 
0 1 0 0 0 0 0 0 0 1 
0 0 0 0 0 1 0 0 1 0 
0 0 1 0 0 0 0 0 1 0 
0 0 0 0 0 1 0 0 0 1 
1 1 0 0 0 0 0 0 0 0 
0 0 1 0 0 0 0 0 0 1 
0 0 0 0 1 0 1 0 0 0 
1 0 0 0 0 1 0 0 0 0 
0 0 1 0 0 0 1 0 0 0 
0 0 0 1 1 0 0 0 0 0 
0 0 0 0 0 1 1 0 0 0 
0 0 0 0 0 0 1 1 0 0 
0 1 0 0 1 0 0 0 0 0 
0 0 0 1 0 0 0 1 0 0 
0 0 0 0 0 0 1 0 1 0 
0 0 0 0 0 0 1 0 0 1 
0 1 0 0 0 0 0 1 0 0 
0 0 0 1 0 0 0 0 1 0 
0 0 0 1 0 0 0 0 0 1 
1 0 0 0 0 0 1 0 0 0 
0 1 0 0 0 0 0 0 1 0 
0 1 0 0 0 0 0 0 0 1 
1 0 0 1 0 0 0 0 0 0 
0 0 1 0 1 0 0 0 0 0 
0 0 0 0 1 1 0 0 0 0 
0 0 0 0 1 0 1 0 0 0 
1 1 0 0 0 0 0 0 0 0 
0 0 0 0 1 0 0 1 0 0 
0 0 1 0 0 0 1 0 0 0 
0 0 0 0 0 1 1 0 0 0 
0 0 1 0 0 0 0 1 0 0 
0 0 0 0 1 0 0 0 1 0 
0 0 0 0 0 1 0 1 0 0 
0 0 0 0 0 0 1 1 0 0 
0 0 0 0 1 0 0 0 0 1 
0 0 1 0 0 0 0 0 1 0 
0 0 0 0 0 1 0 0 1 0 
0 0 0 0 0 0 1 0 1 0 
0 1 0 1 0 0 0 0 0 0 
0 1 0 0 1 0 0 0 0 0 
0 0 1 0 0 0 0 0 0 1 
0 0 0 0 0 1 0 0 0 1 
0 0 0 0 0 0 1 0 0 1 
0 0 0 0 0 0 0 1 1 0 
1 0 0 0 1 0 0 0 0 0 
0 0 0 0 0 0 0 1 0 1 
1 0 1 0 0 0 0 0 0 0 
1 0 0 0 0 1 0 0 0 0 
1 0 0 0 0 0 1 0 0 0 
0 1 0 0 0 0 0 1 0 0 
0 0 0 0 0 0 0 0 1 1 
1 0 0 0 0 0 0 1 0 0 
0 1 0 0 0 0 0 0 1 0 
0 0 0 0 1 1 0 0 0 0 
1 0 0 0 0 0 0 0 1 0 
0 1 0 0 0 0 0 0 0 1 
0 0 0 1 1 0 0 0 0 0 
1 0 0 0 0 0 0 0 0 1 
0 0 1 1 0 0 0 0 0 0 
0 0 1 0 1 0 0 0 0 0 
0 0 0 1 0 0 1 0 0 0 
0 0 0 0 0 1 0 1 0 0 
1 1 0 0 0 0 0 0 0 0 
0 0 0 1 0 0 0 1 0 0 
0 0 0 0 1 0 0 1 0 0 
0 0 1 0 0 0 0 1 0 0 
0 0 1 0 0 0 0 0 1 0 
0 0 0 0 0 1 0 0 0 1 
0 0 1 0 0 0 0 0 0 1 
0 0 0 0 0 0 1 0 0 1 
1 0 0 0 0 1 0 0 0 0 
0 1 0 1 0 0 0 0 0 0 
1 0 0 1 0 0 0 0 0 0 
1 0 0 0 1 0 0 0 0 0 
1 0 0 0 0 0 0 1 0 0 
1 0 0 0 0 0 0 0 1 0 
0 1 0 0 0 0 0 0 0 1 
1 0 0 0 0 0 0 0 0 1 
0 0 0 1 0 1 0 0 0 0 
0 0 0 1 1 0 0 0 0 0 
0 0 0 1 0 0 1 0 0 0 
1 0 1 0 0 0 0 0 0 0 
0 0 0 0 0 1 0 0 1 0 
0 0 0 1 0 0 0 1 0 0 
0 0 0 1 0 0 0 0 1 0 
1 1 0 0 0 0 0 0 0 0 
0 0 0 0 0 1 0 0 0 1 
0 0 0 1 0 0 0 0 0 1 
0 0 0 0 1 0 0 0 0 1 
0 0 0 0 0 0 1 0 0 1 
0 0 0 0 0 0 0 1 1 0 
1 0 0 0 1 0 0 0 0 0 
0 0 1 1 0 0 0 0 0 0 
0 0 0 0 0 0 0 1 0 1 
0 0 0 0 0 0 0 0 1 1 
1 0 0 0 0 0 0 1 0 0 
1 0 0 0 0 0 0 0 1 0 
0 1 0 1 0 0 0 0 0 0 
1 0 0 0 0 0 0 0 0 1 
0 0 1 0 0 0 0 0 0 1 
0 0 0 1 0 1 0 0 0 0 
0 0 0 1 0 0 1 0 0 0 
0 1 0 0 0 0 0 0 0 1 
0 0 0 1 1 0 0 0 0 0 
0 0 0 0 0 1 0 1 0 0 
0 0 0 0 0 1 0 0 1 0 
0 0 0 0 1 0 0 0 1 0 
1 1 0 0 0 0 0 0 0 0 
0 0 0 1 0 0 0 1 0 0 
0 0 0 0 0 1 0 0 0 1 
0 0 0 0 0 0 1 0 0 1 
0 0 0 0 0 0 0 1 1 0 
0 0 0 1 0 0 0 0 0 1 
0 0 0 0 1 0 0 1 0 0 
0 0 0 0 0 0 0 0 1 1 
0 0 0 0 1 0 0 0 0 1 
0 1 0 1 0 0 0 0 0 0 
0 1 0 0 0 0 0 0 1 0 
0 1 0 0 1 0 0 0 0 0 
0 0 0 0 0 0 0 1 0 1 
1 0 0 0 0 0 0 1 0 0 
0 0 1 0 0 0 0 1 0 0 
0 0 1 0 0 0 0 0 0 1 
0 0 0 0 0 1 0 0 0 1 
0 1 0 0 0 0 0 1 0 0 
1 0 0 0 0 0 0 0 0 1 
0 1 0 0 0 0 0 0 1 0 
0 0 0 0 0 0 1 1 0 0 
0 0 0 1 0 0 0 1 0 0 
0 0 0 0 0 0 0 1 1 0 
0 0 1 1 0 0 0 0 0 0 
0 0 1 0 0 0 0 0 1 0 
0 0 0 0 0 0 1 0 0 1 
0 0 0 0 1 0 0 1 0 0 
0 0 0 1 0 0 0 0 0 1 
0 0 0 0 0 0 0 0 1 1 
1 0 0 1 0 0 0 0 0 0 
0 1 0 0 0 0 0 1 0 0 
0 0 1 0 1 0 0 0 0 0 
1 0 0 0 0 0 0 0 1 0 
0 0 0 1 0 0 0 0 1 0 
0 0 0 0 1 0 0 0 0 1 
1 0 0 0 1 0 0 0 0 0 
0 1 0 0 0 0 0 0 0 1 
0 0 1 0 0 0 0 1 0 0 
0 0 0 0 0 0 1 1 0 0 
0 0 0 0 0 1 0 1 0 0 
0 0 0 0 0 0 0 1 0 1 
1 0 0 0 0 0 0 1 0 0 
0 0 1 0 0 0 0 0 0 1 
0 0 0 1 0 0 0 1 0 0 
0 0 0 0 0 1 0 0 0 1 
0 0 0 0 0 0 1 0 0 1 
0 0 1 1 0 0 0 0 0 0 
0 0 0 0 0 0 0 1 1 0 
1 0 0 0 0 0 0 0 0 1 
0 0 0 1 0 0 0 0 0 1 
0 1 0 0 0 0 0 1 0 0 
0 0 0 0 1 0 0 1 0 0 
0 0 0 0 0 0 0 0 1 1 
0 1 0 0 0 0 0 0 0 1 
0 0 0 0 1 0 0 0 0 1 
0 0 0 0 0 0 0 1 0 1 
0 0 1 0 0 0 0 0 0 1 
0 0 1 0 0 0 0 1 0 0 
0 0 0 0 0 1 0 1 0 0 
0 0 0 0 0 0 1 0 0 1 
1 0 0 0 0 0 0 1 0 0 
0 0 0 1 0 0 0 0 0 1 
0 0 0 0 0 0 0 0 1 1 
0 1 0 0 0 0 0 0 0 1 
0 0 0 0 1 0 0 0 0 1 
0 0 0 1 0 0 0 1 0 0 
0 0 0 0 0 0 1 0 0 1 
0 0 0 1 0 0 0 0 0 1 
0 0 0 1 1 0 0 0 0 0 
0 0 0 0 0 0 0 0 1 1 
0 1 0 0 0 0 0 0 0 1 
0 0 0 0 0 0 1 0 0 1 
0 0 0 1 0 0 0 0 0 1 
0 0 0 0 0 0 0 0 1 1 
0 1 0 0 0 0 0 0 0 1 
0 0 0 1 0 0 0 0 1 0 
0 0 0 1 1 0 0 0 0 0 
0 1 0 0 0 0 0 0 1 0 
0 0 0 0 0 0 1 0 0 1 
1 0 1 0 0 0 0 0 0 0 
0 0 0 0 0 1 0 0 0 1 
1 0 0 0 0 0 0 0 0 1 
0 0 0 0 0 0 1 0 1 0 
0 0 0 0 0 0 0 1 0 1 
0 1 0 0 0 0 0 0 0 1 
0 0 0 1 0 1 0 0 0 0 
1 0 0 1 0 0 0 0 0 0 
0 0 0 0 0 1 0 0 1 0 
1 0 0 0 0 0 0 0 1 0 
0 0 0 0 0 0 0 1 1 0 
0 1 0 0 0 0 0 0 1 0 
0 0 0 0 0 0 1 0 0 1 
0 0 0 0 1 0 0 0 0 1 
0 0 0 0 0 1 0 0 0 1 
1 0 0 0 0 0 0 0 0 1 
0 0 0 0 0 0 0 1 0 1 
0 1 0 0 0 0 0 0 0 1 
0 0 0 0 1 0 0 1 0 0 
0 0 0 0 0 0 1 0 1 0 
0 0 0 1 1 0 0 0 0 0 
0 0 0 1 0 1 0 0 0 0 
0 0 0 0 1 0 0 0 1 0 
1 0 0 1 0 0 0 0 0 0 
1 0 0 0 0 0 0 0 1 0 
0 1 0 0 0 0 0 0 1 0 
0 0 0 0 0 1 0 1 0 0 
0 0 0 0 0 0 1 0 0 1 
0 0 0 0 0 1 0 0 1 0 
0 0 1 0 0 0 0 0 1 0 
0 0 0 0 1 0 0 0 0 1 
1 0 0 0 0 0 0 0 0 1 
0 1 0 0 0 0 0 0 0 1 
0 0 0 0 0 1 0 0 0 1 
0 0 1 0 0 0 0 0 0 1 
0 0 0 1 1 0 0 0 0 0 
0 0 0 0 0 0 1 0 1 0 
0 0 0 0 0 0 0 1 1 0 
1 0 0 1 0 0 0 0 0 0 
0 1 0 1 0 0 0 0 0 0 
0 0 0 1 0 1 0 0 0 0 
1 0 0 0 0 0 0 0 1 0 
0 1 0 0 0 0 0 0 1 0 
0 0 0 0 0 0 0 1 0 1 
0 0 0 0 0 1 0 0 1 0 
0 0 1 0 0 0 0 0 1 0 
1 0 0 0 0 0 0 0 0 1 
0 1 0 1 0 0 0 0 0 0 
0 0 0 0 1 0 0 0 0 1 
0 0 0 0 0 0 0 1 1 0 
1 0 0 1 0 0 0 0 0 0 
0 0 1 0 0 0 0 0 0 1 
0 0 0 1 0 1 0 0 0 0 
1 0 0 0 0 0 0 0 1 0 
0 0 0 0 0 0 1 0 0 1 
0 0 0 0 0 0 0 0 1 1 
0 0 0 0 1 0 0 0 1 0 
0 0 1 0 0 0 0 0 1 0 
1 0 0 0 0 0 0 0 0 1 
0 0 0 0 0 1 0 0 0 1 
0 0 1 0 0 0 0 0 0 1 
0 0 0 0 0 0 1 0 1 0 
0 0 0 0 0 0 1 0 0 1 
0 1 0 1 0 0 0 0 0 0 
0 0 1 1 0 0 0 0 0 0 
0 0 0 0 0 0 0 0 1 1 
1 0 0 0 0 0 0 0 1 0 
0 0 0 0 0 1 0 0 1 0 
0 0 0 0 1 0 0 0 1 0 
1 0 0 0 0 0 0 0 0 1 
0 0 1 0 0 0 0 0 1 0 
0 0 0 0 1 0 0 0 0 1 
0 0 0 0 0 1 0 0 0 1 
0 0 0 0 0 0 1 0 1 0 
0 0 0 1 0 0 0 0 0 1 
0 0 0 0 0 0 1 0 0 1 
1 0 0 1 0 0 0 0 0 0 
0 0 0 0 0 0 0 1 0 1 
0 0 0 0 0 0 0 0 1 1 
1 0 0 0 0 0 0 0 1 0 
0 0 0 0 0 1 0 0 1 0 
0 0 0 1 0 0 0 1 0 0 
0 0 0 1 0 0 0 0 1 0 
0 0 0 0 0 0 1 0 1 0 
0 0 0 1 0 0 0 0 0 1 
0 0 0 0 0 0 1 0 0 1 
0 0 0 0 0 0 0 1 1 0 
0 0 0 0 0 0 0 1 0 1 
0 0 0 0 0 0 0 0 1 1 
1 0 0 0 0 0 0 0 1 0 
0 0 0 1 0 0 0 0 0 1 
0 0 0 0 0 0 1 0 0 1 
0 0 0 0 0 0 0 1 0 1 
0 0 0 0 0 0 0 0 1 1 
0 0 0 1 0 0 0 0 0 1 
1 1 1 1 1 1 1 1 1 1 
;
TIMETABLE BEST: 
0.0 0.0 0.0 0.0 0.0 0.0 0.0 0.0 0.0 0.0 
0 14 0 0 0 0 0 0 0 0 
0 14 17 0 0 0 0 0 0 0 
0 14 17 18 0 0 0 0 0 0 
0 14 17 18 24 0 0 0 0 0 
0 14 17 18 24 24 0 0 0 0 
0 14 17 18 24 24 26 0 0 0 
17 14 17 18 24 24 26 0 0 0 
17 14 17 18 24 24 26 0 0 0 
17 14 17 33 24 24 26 0 0 0 
17 14 17 33 24 24 26 18 0 0 
17 14 17 33 24 24 26 18 0 36 
17 14 17 33 24 24 26 18 0 36 
17 14 17 33 24 24 26 18 0 36 
17 14 17 33 24 24 39 18 0 36 
17 14 17 33 24 24 39 18 26 36 
17 14 17 33 24 24 39 18 26 36 
17 14 17 33 24 24 39 18 26 36 
17 14 17 33 24 24 39 18 26 36 
17 14 17 33 24 24 39 18 26 36 
17 14 17 33 24 24 39 18 26 36 
17 14 17 33 24 24 39 18 26 36 
17 14 17 33 24 24 39 18 26 36 
17 14 17 33 24 24 39 18 26 36 
17 14 17 33 24 24 39 18 26 36 
17 14 17 33 24 24 39 18 26 36 
17 14 17 33 24 24 39 18 26 36 
17 14 17 33 24 24 39 18 26 36 
17 14 17 33 24 24 39 18 26 36 
17 14 17 33 24 24 39 18 26 36 
17 14 17 33 24 24 39 18 26 36 
17 14 17 33 24 24 39 18 26 36 
17 14 17 33 24 24 39 18 26 36 
17 14 17 33 24 24 39 18 26 36 
17 14 17 33 24 24 39 33 26 36 
17 14 17 33 24 24 39 33 26 36 
17 14 17 33 46 24 39 33 26 36 
17 14 17 33 46 24 39 33 26 36 
26 14 17 33 46 24 39 33 26 36 
26 14 17 33 46 24 39 33 26 36 
26 14 17 33 46 24 39 33 26 36 
26 14 17 33 46 24 39 33 26 36 
26 14 17 33 46 24 50 33 26 36 
26 14 17 33 46 24 50 33 39 36 
26 14 17 33 46 24 50 33 52 36 
26 14 17 33 46 24 50 33 52 36 
26 14 17 33 46 24 50 33 52 54 
26 14 17 33 46 24 50 33 52 54 
56 14 17 33 46 24 50 33 52 54 
56 14 17 33 46 24 50 33 52 54 
56 28 17 33 46 43 50 33 52 54 
56 28 17 33 46 43 50 33 52 54 
56 28 26 33 46 43 50 33 52 54 
56 41 26 33 46 43 50 33 52 54 
56 41 26 33 46 43 50 33 52 54 
56 41 26 33 46 43 50 33 52 54 
56 41 26 33 46 43 50 33 52 54 
56 41 26 33 46 43 50 33 52 54 
56 41 26 33 46 43 50 33 52 54 
56 41 26 33 46 43 50 33 52 54 
56 41 44 33 46 43 50 33 52 54 
56 41 44 52 46 43 50 33 52 54 
56 41 44 52 46 43 50 33 52 54 
56 41 44 52 46 43 50 33 52 54 
56 41 44 52 46 43 50 33 52 54 
56 41 44 52 46 43 50 33 52 54 
56 41 44 52 46 43 50 33 52 54 
56 41 44 52 46 43 50 33 52 54 
56 41 44 52 46 43 50 33 52 54 
56 41 44 52 46 43 50 33 52 54 
56 41 44 52 60 43 50 33 52 54 
56 41 44 52 60 43 50 33 52 54 
56 41 44 52 60 43 50 33 52 54 
56 41 44 52 60 43 50 33 52 54 
56 41 44 52 60 43 50 33 52 54 
56 41 44 52 60 43 50 33 52 54 
56 41 44 52 60 43 50 48 52 54 
56 41 44 52 60 43 50 48 52 54 
56 41 44 52 60 43 50 48 52 54 
56 41 44 52 60 43 50 48 52 54 
56 41 44 52 60 43 50 48 52 54 
56 54 44 52 60 43 50 48 52 54 
56 54 44 52 60 43 50 48 52 54 
56 54 44 52 60 43 50 48 52 54 
56 54 44 52 60 43 50 48 52 54 
56 54 44 52 60 43 50 48 52 54 
56 54 44 52 60 43 50 48 52 54 
56 54 44 52 60 43 50 48 52 54 
56 54 44 52 60 43 50 48 52 54 
56 54 44 52 60 43 50 48 52 54 
56 54 44 52 60 43 50 48 52 54 
56 54 44 52 60 43 50 48 52 54 
56 54 44 52 60 43 50 48 52 54 
56 54 44 52 60 43 50 63 52 54 
56 54 44 52 60 43 50 63 52 54 
56 54 44 52 60 43 50 63 52 54 
56 54 44 52 60 43 50 63 52 54 
56 54 44 52 60 43 50 63 52 54 
56 54 44 52 60 43 50 63 52 54 
56 54 44 52 60 43 50 63 65 54 
56 54 44 52 60 43 50 63 65 54 
56 54 44 52 60 43 50 63 65 66 
56 54 44 52 60 43 50 63 65 66 
56 54 44 52 60 43 50 63 65 66 
56 54 44 52 60 43 50 63 65 66 
69 54 44 52 60 43 50 63 65 66 
69 54 62 52 60 43 50 63 65 66 
69 54 62 52 60 43 50 63 65 66 
69 54 62 52 60 62 50 63 65 66 
69 54 62 52 60 62 50 63 65 66 
69 54 62 52 60 62 50 63 65 66 
69 54 62 52 60 62 50 63 65 66 
69 54 62 52 60 62 50 63 65 66 
69 54 62 52 60 62 50 63 65 66 
69 54 62 52 60 62 50 63 65 66 
69 54 62 52 60 62 50 63 65 66 
69 54 62 52 60 62 50 63 65 66 
69 54 62 52 60 62 50 63 65 66 
69 54 62 52 60 62 50 63 65 66 
69 54 62 52 60 62 50 63 65 66 
69 54 62 52 60 62 50 63 65 66 
69 54 62 52 60 62 50 63 65 66 
69 54 62 52 60 62 50 63 65 66 
69 54 62 52 60 62 62 63 65 66 
69 54 62 52 60 62 62 63 65 66 
69 54 62 52 60 62 62 63 65 66 
69 54 62 52 60 62 62 63 65 66 
69 54 62 52 60 62 62 63 65 66 
69 54 62 52 60 62 62 63 65 66 
69 54 62 52 60 62 62 63 65 66 
69 54 62 52 60 62 62 63 65 66 
69 54 62 52 60 62 62 63 65 66 
69 54 62 52 60 62 62 63 65 66 
69 54 62 52 60 62 62 63 65 66 
69 54 62 52 60 62 62 63 65 66 
69 54 62 52 60 62 62 63 65 66 
69 54 62 74 60 62 62 63 65 66 
69 68 62 74 60 62 62 63 65 66 
69 68 62 74 60 62 62 63 65 66 
69 68 62 74 60 62 62 63 65 66 
69 68 62 74 60 62 62 63 65 66 
69 68 62 74 60 62 62 63 65 66 
69 68 62 74 60 62 62 63 65 66 
69 68 62 74 60 62 62 63 65 66 
69 68 62 74 60 62 62 63 65 66 
69 68 62 74 60 62 62 63 65 66 
69 68 62 74 60 62 62 63 65 66 
69 68 62 74 60 62 62 63 65 66 
69 68 62 74 60 62 62 63 65 66 
69 68 62 74 60 62 62 63 65 66 
69 68 62 74 60 62 62 63 65 66 
69 68 62 74 60 73 62 63 65 66 
69 68 62 74 60 73 62 63 65 66 
69 68 62 74 60 73 62 63 65 66 
69 68 62 74 60 73 62 63 65 66 
69 68 62 74 60 73 62 63 65 66 
69 68 62 74 60 73 62 63 65 66 
69 68 62 74 74 73 62 63 65 66 
69 68 62 74 74 73 62 63 65 66 
69 68 62 74 74 73 62 63 65 66 
69 68 62 74 74 73 62 63 65 66 
69 68 62 74 74 73 62 63 65 66 
69 68 62 74 74 73 62 63 65 66 
69 68 62 74 74 73 62 76 65 66 
69 68 62 74 74 73 62 76 76 66 
69 68 62 74 74 73 62 76 76 66 
69 68 62 74 74 73 62 76 76 78 
69 68 62 74 74 73 62 76 76 78 
69 68 62 74 74 73 62 76 76 78 
69 68 62 74 74 73 62 76 76 78 
69 68 62 74 74 73 62 76 76 78 
69 68 62 74 74 73 62 76 76 78 
69 68 62 74 74 73 62 76 76 78 
69 68 62 74 74 73 62 76 76 78 
69 68 62 74 74 73 62 76 76 78 
69 68 62 74 74 73 62 76 76 78 
69 68 62 74 74 73 62 76 76 78 
69 68 62 74 74 73 62 76 76 78 
69 68 62 74 74 73 74 76 76 78 
69 68 80 74 74 73 74 76 76 78 
69 68 80 74 74 73 74 76 76 78 
69 68 80 74 74 73 74 76 76 78 
69 68 80 74 74 73 74 76 76 78 
69 82 80 74 74 73 74 76 76 78 
69 82 80 74 74 73 74 76 76 78 
69 82 80 74 74 73 74 76 76 78 
69 82 80 74 74 73 74 76 76 78 
69 82 80 74 74 73 74 76 76 78 
69 82 80 74 74 73 74 76 76 78 
80 82 80 74 74 73 74 76 76 78 
80 82 80 74 74 73 74 76 76 78 
80 82 80 74 74 73 74 76 76 78 
80 82 80 74 74 73 74 76 76 78 
80 82 80 74 74 73 74 76 76 78 
80 82 80 74 74 73 74 76 76 78 
80 82 80 74 74 73 74 76 76 78 
80 82 80 74 74 73 74 76 76 78 
80 82 80 74 74 73 74 76 76 78 
80 82 80 74 74 84 74 76 76 78 
80 82 80 74 74 84 85 76 76 78 
80 82 80 74 74 84 85 76 76 78 
80 82 80 86 74 84 85 76 76 78 
80 82 80 86 74 84 85 76 76 78 
80 82 80 86 74 84 85 76 76 78 
80 82 80 86 74 84 85 76 87 78 
80 82 80 86 74 84 85 76 87 78 
80 82 80 86 74 84 85 76 87 78 
80 82 80 86 74 84 85 76 87 78 
80 82 80 86 74 84 85 76 87 78 
80 82 80 86 74 84 85 76 87 78 
80 82 80 86 74 84 85 76 87 78 
80 82 80 86 89 84 85 76 87 78 
80 82 80 86 89 84 85 76 87 78 
80 82 80 86 89 84 85 76 87 78 
80 82 80 86 89 84 85 76 87 78 
80 82 80 86 89 84 85 76 87 78 
80 82 80 86 89 84 85 76 87 78 
80 82 80 86 89 84 85 93 87 78 
80 82 80 86 89 84 85 93 87 78 
80 82 80 86 89 84 85 93 87 78 
80 82 95 86 89 84 85 93 87 78 
80 82 95 86 89 96 85 93 87 78 
80 82 95 86 89 96 85 93 87 78 
80 82 95 86 89 96 85 93 87 96 
80 91 95 86 89 96 85 93 87 96 
80 91 95 86 89 96 85 93 87 96 
80 91 95 86 89 96 85 93 87 96 
80 91 95 86 89 96 85 93 87 96 
80 91 95 86 89 96 85 93 87 96 
80 91 95 86 89 96 85 93 87 96 
80 91 95 86 89 96 85 93 87 96 
80 91 95 86 89 96 85 93 87 96 
80 91 95 86 89 96 85 93 87 96 
80 91 95 86 89 96 85 93 87 96 
98 91 95 86 89 96 85 93 87 96 
98 91 95 86 89 96 85 93 87 96 
98 91 95 86 89 96 85 93 87 96 
98 91 95 86 89 96 85 93 87 96 
98 91 95 98 89 96 85 93 87 96 
98 91 95 98 89 96 85 93 87 96 
98 91 95 98 89 96 85 93 87 96 
98 91 95 98 89 96 85 93 87 96 
98 91 95 98 89 96 85 93 87 96 
98 91 95 98 89 96 96 93 87 96 
98 91 95 98 89 96 96 93 87 96 
98 91 95 98 89 96 96 93 87 96 
98 91 95 98 89 96 96 93 87 96 
98 91 95 98 89 96 96 93 87 96 
98 91 95 98 89 96 96 93 87 96 
98 91 95 98 89 96 96 93 87 96 
98 91 95 98 89 96 96 93 87 96 
98 91 95 98 89 96 96 93 87 96 
98 91 95 98 89 96 96 93 100 96 
98 91 95 98 89 96 96 93 100 96 
98 91 95 98 89 96 96 93 100 96 
98 102 95 98 89 96 96 93 100 96 
98 102 95 98 102 96 96 93 100 96 
98 102 95 98 102 96 96 93 100 96 
98 102 95 98 102 96 96 93 100 96 
98 102 95 98 102 96 96 93 100 96 
98 102 95 98 102 96 96 93 100 107 
98 102 95 98 102 96 96 93 100 107 
98 102 110 98 102 96 96 93 100 107 
98 102 110 98 102 110 96 93 100 107 
98 102 110 98 102 110 96 93 100 107 
111 102 110 98 102 110 96 93 100 107 
111 102 110 98 102 110 96 93 100 107 
111 102 110 98 102 110 96 93 100 107 
111 102 110 98 102 110 96 93 100 107 
111 102 110 98 102 110 96 93 100 107 
111 102 110 98 102 110 96 112 100 107 
111 102 110 98 102 110 107 112 100 107 
111 102 110 98 102 110 107 112 100 118 
111 102 110 98 120 110 107 112 100 118 
111 102 110 98 120 110 107 112 100 118 
111 102 110 98 120 110 107 112 100 118 
111 102 110 98 120 110 107 112 100 118 
111 102 110 98 120 110 107 112 100 128 
111 102 110 98 120 110 107 112 100 128 
111 102 110 98 120 110 107 112 100 128 
111 102 110 98 120 110 107 112 133 128 
111 102 110 114 120 110 107 112 133 128 
111 102 110 114 120 110 107 112 133 128 
111 102 110 114 120 110 107 112 133 128 
111 102 125 114 120 110 107 112 133 128 
111 102 125 114 120 110 107 112 133 128 
111 102 125 114 120 110 107 112 133 128 
111 102 125 114 120 110 107 112 133 128 
111 102 125 114 120 110 107 112 133 128 
111 113 125 114 120 110 107 112 133 128 
111 113 125 132 120 110 107 112 133 128 
111 113 125 132 120 110 107 112 133 128 
111 113 125 132 120 110 107 112 133 128 
111 113 125 132 120 110 107 112 133 128 
111 113 125 132 120 110 107 112 133 128 
111 113 125 132 120 110 107 112 133 128 
111 113 125 132 120 110 118 112 133 128 
111 113 125 132 120 110 118 112 133 128 
111 113 125 132 120 110 118 112 133 138 
111 113 125 132 120 110 118 112 133 138 
111 113 125 132 120 110 118 112 133 138 
111 113 125 132 120 110 118 112 133 138 
111 113 125 132 120 110 118 131 133 138 
111 113 125 132 120 110 118 131 133 138 
111 113 125 132 120 110 118 131 133 138 
111 113 125 143 120 110 118 131 133 138 
111 113 125 143 120 110 118 131 133 138 
111 113 125 143 120 110 118 131 133 138 
122 113 125 143 120 110 118 131 133 138 
122 122 125 143 120 110 118 131 133 138 
122 122 125 143 120 124 118 131 133 138 
122 122 125 143 120 124 118 131 133 138 
122 122 125 143 120 124 118 131 133 138 
122 122 125 143 120 124 118 131 133 138 
122 122 125 143 120 124 118 131 133 138 
122 122 125 143 120 124 118 131 133 138 
122 122 125 143 120 124 118 131 133 138 
122 122 125 143 120 124 118 131 133 138 
122 122 125 143 120 124 118 131 133 138 
122 122 125 143 120 124 118 131 133 138 
122 122 125 143 120 124 130 131 133 138 
122 122 125 143 120 124 130 131 133 138 
122 122 125 143 120 124 130 131 133 138 
122 122 125 143 120 124 130 131 133 138 
122 122 125 143 120 124 130 131 133 138 
122 122 125 143 120 124 130 131 146 138 
122 122 125 143 120 124 130 131 146 138 
122 122 125 143 120 124 130 131 146 138 
122 122 125 143 120 124 130 131 146 138 
122 122 125 143 120 124 130 131 146 138 
135 122 125 143 120 124 130 131 146 138 
135 131 125 143 120 124 130 131 146 138 
135 131 125 143 138 124 130 131 146 138 
135 131 125 143 138 124 130 131 146 138 
135 131 125 143 138 124 130 131 146 138 
135 131 140 143 138 124 130 131 146 138 
135 131 140 154 138 124 130 131 146 138 
135 131 140 154 138 124 130 131 146 138 
135 131 140 154 138 124 143 131 146 138 
135 131 140 154 138 124 143 131 146 138 
135 131 140 154 138 124 143 131 146 138 
135 131 140 154 138 124 143 131 146 138 
150 131 140 154 138 124 143 131 146 138 
150 131 140 154 138 150 143 131 146 138 
150 131 140 154 138 150 143 131 146 149 
150 131 140 154 138 150 143 131 146 149 
150 131 140 154 138 150 143 131 146 149 
150 140 140 154 138 150 143 131 146 149 
150 140 140 154 138 150 143 131 146 149 
150 140 140 154 138 150 143 131 146 149 
150 140 140 154 138 150 143 131 146 149 
150 140 140 154 138 150 143 131 146 149 
150 140 140 154 138 150 143 131 159 149 
150 140 140 154 138 150 143 131 159 149 
150 140 140 154 138 150 143 131 159 149 
150 140 140 154 150 150 143 131 159 149 
150 140 140 154 150 150 143 131 159 149 
150 140 140 154 150 150 143 131 159 149 
150 140 140 154 150 150 143 131 159 149 
150 140 140 154 150 150 154 131 159 149 
150 140 140 154 150 150 154 131 159 149 
150 140 140 154 150 150 154 156 159 149 
150 140 140 154 150 150 154 156 159 149 
150 140 140 154 150 150 154 156 159 149 
150 140 140 154 150 150 154 156 159 149 
150 140 140 154 150 150 154 156 159 149 
150 140 140 154 150 150 154 156 159 149 
150 140 140 154 150 150 154 156 159 149 
150 140 140 154 150 150 154 156 159 160 
150 140 140 154 150 150 154 156 159 160 
150 140 140 154 150 150 154 156 159 160 
150 140 140 154 150 150 154 156 159 160 
150 140 140 154 150 150 154 156 159 160 
165 140 140 154 150 150 154 156 159 160 
165 140 140 154 150 150 154 156 159 170 
165 140 140 154 150 150 154 156 159 170 
165 140 140 154 150 150 154 156 159 170 
165 140 140 154 150 150 154 156 159 170 
165 140 140 165 150 150 154 156 159 180 
220.0 164.0 158.0 266.0 212.0 176.0 208.0 230.0 242.0 286.0 
;
EXECUTION TIME HBSS: 14762.5754158 seconds 

-------------------------------------------------------------------
