DATFILE : bwopen0_10r_1000.dat
ENVIRONMENT : bwopen
ALGORITHM : HBSS - TAU 9
RANGE : _100
STARTING_POS : 0
N_ROBOTS : 10
GREEDY SOLUTION : [ 2346.]
COMPUTATIONS D :
2346
2382
2346
2362
2346
2318
2346
2346
2346
2346
2346
2346
2346
2246
2346
2346
2346
2346
2346
2346
2346
2346
2346
2346
2346
2346
2346
2358
2346
2346
2346
2346
2340
2374
2346
2346
2346
2346
2346
2346
2346
2362
2346
2346
2346
2346
2346
2346
2346
2346
2346
2346
2346
2346
2346
2272
2346
2346
2346
2346
2346
2328
2346
2346
2346
2346
2346
2346
2302
2346
2346
2378
2346
2346
2346
2346
2346
2346
2346
2412
2346
2346
2234
2346
2346
2346
2346
2346
2346
2346
2346
2346
2346
2346
2346
2346
2346
2346
2346
2346
2284
2346
2270
2346
2346
2346
2346
2346
2346
2246
2346
2346
2346
2346
2346
2346
2346
2346
2346
2346
2346
2346
2346
2346
2346
2346
2346
2346
2346
2346
2346
2346
2346
2346
2346
2346
2346
2346
2346
2346
2412
2346
2346
2346
2346
2346
2346
2346
2346
2254
2346
2346
2412
2346
2346
2346
2346
2346
2346
2346
2346
2346
2346
2346
2346
2346
2346
2346
2346
2346
2346
2346
2346
2298
2304
2346
2346
2346
2346
2346
2346
2346
2346
2346
2346
2346
2346
2346
2346
2346
2346
2346
2346
2346
2346
2346
2346
2226
2346
2346
;
HBBS sumD : 2226
BEST_CONFIGURATIONS : 
0 0 0 0 0 0 0 0 0 0 
0 4 0 0 0 0 0 0 0 0 
0 4 26 0 0 0 0 0 0 0 
0 4 26 1 0 0 0 0 0 0 
0 4 26 1 5 0 0 0 0 0 
0 4 26 1 5 22 0 0 0 0 
0 4 26 1 5 22 8 0 0 0 
26 4 26 1 5 22 8 0 0 0 
26 4 26 1 5 22 8 0 0 0 
26 4 26 27 5 22 8 0 0 0 
26 4 26 27 5 22 8 1 0 0 
26 4 26 27 5 22 8 1 0 2 
26 4 26 27 5 22 8 1 0 2 
26 4 26 27 5 22 8 1 0 2 
26 4 26 27 5 22 13 1 0 2 
26 4 26 27 5 22 13 1 8 2 
26 4 26 27 5 22 13 1 8 2 
26 4 26 27 5 22 13 1 8 2 
26 4 26 27 5 22 13 1 8 2 
26 4 26 27 5 22 13 1 8 2 
26 4 26 27 5 22 13 1 8 2 
26 4 26 27 5 22 13 1 8 2 
26 4 26 27 5 22 13 1 8 2 
26 4 26 27 5 22 13 1 8 2 
26 4 26 27 5 22 13 1 8 2 
26 4 26 27 5 22 13 1 8 2 
26 4 26 27 5 22 13 1 8 2 
26 4 26 27 5 22 13 1 8 2 
26 4 26 27 5 22 13 1 8 2 
26 4 26 27 5 22 13 1 8 2 
26 4 26 27 5 22 13 1 8 2 
26 4 26 27 5 22 13 1 8 2 
26 4 26 27 5 22 13 1 8 2 
26 4 26 27 5 22 13 1 8 2 
26 4 26 27 5 22 13 1 8 2 
26 4 26 27 5 22 13 1 8 2 
26 4 26 27 5 22 13 1 8 2 
26 4 26 27 9 22 13 1 8 2 
26 4 26 27 9 22 13 1 8 2 
5 4 26 27 9 22 13 1 8 2 
5 4 26 27 9 22 13 1 8 2 
5 4 26 27 9 22 13 1 8 2 
5 4 26 27 9 22 13 1 8 2 
5 4 26 27 9 22 17 1 8 2 
5 4 26 27 9 22 17 1 8 2 
5 4 26 27 9 22 17 1 13 2 
5 4 26 27 9 22 17 1 25 2 
5 4 26 27 9 22 17 1 25 2 
5 4 26 27 9 22 17 6 25 2 
5 4 26 27 9 22 17 6 25 24 
5 4 26 27 9 22 17 6 25 24 
14 4 26 27 9 22 17 6 25 24 
14 4 26 27 9 22 17 6 25 24 
14 8 26 27 9 13 17 6 25 24 
14 8 26 27 9 13 17 6 25 24 
14 8 5 27 9 13 17 6 25 24 
14 13 5 27 9 13 17 6 25 24 
14 13 5 27 9 13 17 6 25 24 
14 13 5 27 9 13 17 6 25 24 
14 13 5 27 9 13 17 6 25 24 
14 13 5 27 9 13 17 6 25 24 
14 13 5 27 9 13 17 6 25 24 
14 13 5 27 9 13 17 6 25 24 
14 13 5 27 9 13 17 6 25 24 
14 13 5 27 9 13 17 6 25 24 
14 13 5 10 9 13 17 6 25 24 
14 13 5 10 9 13 17 6 25 24 
14 13 22 10 9 13 17 6 25 24 
14 13 22 10 9 13 17 6 25 24 
14 13 22 10 9 13 17 6 25 24 
14 13 22 10 9 13 17 6 25 24 
14 13 22 10 9 13 17 6 25 24 
14 13 22 10 9 13 17 6 25 24 
14 13 22 10 9 13 17 6 25 24 
14 13 22 10 9 13 17 6 25 24 
14 13 22 10 9 13 17 6 25 24 
14 13 8 10 9 13 17 6 25 24 
14 13 8 10 9 13 17 6 25 24 
14 13 8 10 9 13 17 6 25 24 
14 13 8 10 9 13 17 6 25 24 
14 13 8 10 9 13 17 6 25 24 
14 13 8 10 9 13 17 6 25 24 
14 13 8 10 9 13 17 6 25 24 
14 13 8 10 9 13 17 6 25 24 
14 13 8 10 9 13 17 6 25 24 
14 13 8 10 9 13 17 6 25 24 
14 13 8 10 9 13 17 6 25 24 
14 13 8 10 9 13 17 6 25 24 
14 13 8 10 9 13 17 6 25 24 
14 13 8 10 9 13 17 6 25 24 
14 13 8 10 9 13 17 6 25 24 
14 13 8 10 9 13 17 6 25 24 
14 13 8 10 9 13 17 6 25 24 
14 13 8 10 9 13 17 6 18 24 
14 13 8 10 9 13 17 6 18 24 
14 13 8 10 9 13 17 21 18 24 
14 13 8 10 15 13 17 21 18 24 
14 25 8 10 15 13 17 21 18 24 
14 25 8 10 15 13 17 21 18 24 
14 25 8 10 15 13 17 21 18 24 
14 25 8 10 15 13 17 21 18 24 
14 25 8 10 15 13 17 21 18 24 
14 25 8 10 15 13 17 21 18 24 
14 25 8 10 15 13 17 21 18 24 
14 25 8 10 15 13 17 21 18 24 
14 25 8 10 15 13 17 21 18 24 
14 25 8 10 15 13 17 21 18 24 
14 25 8 10 15 13 17 21 18 24 
14 25 8 10 15 13 17 21 18 11 
14 25 8 10 15 13 17 21 18 11 
14 25 8 10 15 13 17 21 18 11 
14 25 8 10 15 13 17 21 18 11 
14 25 8 10 15 13 17 21 18 11 
14 25 8 10 15 13 17 21 18 11 
14 25 8 10 15 13 17 21 18 11 
14 25 8 10 15 13 17 21 18 11 
14 25 8 10 15 13 17 3 18 11 
14 25 22 10 15 13 17 3 18 11 
14 25 22 10 15 13 17 3 18 11 
14 25 22 10 15 13 17 3 18 11 
14 25 22 10 15 13 17 3 18 11 
14 25 22 10 15 13 17 3 18 11 
14 25 22 10 15 13 17 3 18 11 
14 25 22 10 15 13 17 3 18 11 
19 25 22 10 15 13 17 3 18 11 
19 25 22 10 15 13 17 3 18 11 
19 25 22 10 15 13 17 3 18 11 
19 25 22 10 15 8 17 3 18 11 
19 25 22 10 15 4 17 3 18 11 
19 25 22 10 15 4 17 3 18 11 
19 25 22 10 15 4 17 3 18 11 
19 25 26 10 15 4 17 3 18 11 
19 25 26 10 15 4 17 3 18 11 
19 25 26 10 15 0 17 3 18 11 
19 25 26 10 15 0 17 3 18 11 
19 25 26 10 15 0 17 3 18 11 
19 25 26 10 15 0 17 3 18 11 
19 25 26 10 15 0 17 3 18 11 
19 25 26 24 15 0 17 3 18 11 
19 25 26 24 15 0 17 3 18 11 
19 25 26 24 15 0 19 3 18 11 
19 25 26 6 15 0 19 3 18 11 
19 25 26 6 15 0 19 3 18 11 
19 25 26 6 15 0 19 3 18 11 
19 14 26 6 15 0 19 3 18 11 
19 14 26 6 15 0 19 3 18 11 
19 14 26 6 15 0 19 3 18 11 
19 14 26 6 15 0 19 3 18 11 
19 14 26 6 15 0 19 3 18 11 
19 14 5 6 15 0 19 3 18 11 
19 14 5 6 15 0 19 3 18 11 
19 14 5 6 15 0 19 3 18 11 
19 14 5 6 15 0 19 3 18 11 
19 14 5 6 15 0 19 3 18 11 
19 9 5 6 15 0 19 3 18 11 
19 9 5 6 15 0 19 3 18 11 
19 9 5 6 15 0 19 3 18 11 
19 9 5 6 15 0 19 3 18 11 
19 9 5 6 15 0 19 3 18 11 
19 9 5 6 15 0 19 3 18 11 
19 9 5 6 15 0 19 3 18 11 
19 9 5 6 15 0 19 3 18 11 
19 9 5 6 15 0 19 21 18 11 
19 9 5 6 15 0 19 21 18 11 
19 9 5 6 15 0 19 21 18 11 
19 9 5 6 15 0 19 21 18 11 
19 9 5 6 15 0 19 21 18 24 
19 9 5 6 15 0 19 21 14 24 
19 9 5 6 15 0 19 21 14 24 
19 9 5 6 15 0 19 21 14 24 
19 9 5 6 10 0 19 21 14 24 
19 9 5 6 10 0 19 21 14 24 
19 9 5 6 10 0 19 21 14 24 
19 9 5 6 10 0 19 21 14 24 
19 9 5 6 10 0 19 21 14 24 
19 9 5 6 10 0 19 21 14 24 
19 9 5 6 10 0 19 21 14 24 
19 9 5 6 10 0 19 21 14 24 
19 9 5 6 10 0 19 21 14 24 
19 9 5 6 10 0 19 21 14 24 
19 9 5 6 10 0 19 21 14 24 
19 9 5 6 10 0 19 21 14 24 
20 9 5 6 10 0 19 21 14 24 
20 9 5 6 10 0 19 21 14 24 
20 9 5 6 24 0 19 21 14 24 
20 9 5 6 24 0 19 21 14 24 
20 9 5 6 24 0 19 21 14 24 
20 9 26 6 24 0 19 21 14 24 
20 9 26 6 24 0 19 21 14 24 
20 9 26 6 24 0 19 21 14 24 
20 27 26 6 24 0 19 21 14 24 
20 27 26 6 24 0 19 21 14 24 
20 27 26 6 24 1 19 21 14 24 
20 27 26 6 24 1 19 7 14 24 
20 27 26 2 24 1 19 7 14 24 
20 27 26 2 24 1 19 7 14 24 
20 27 26 2 24 1 19 7 14 24 
23 27 26 2 24 1 19 7 14 24 
23 27 26 2 24 1 20 7 18 24 
23 27 26 2 24 1 20 7 18 24 
23 27 26 2 24 1 20 7 18 24 
23 27 4 2 24 1 20 7 18 24 
23 27 4 2 24 1 20 7 18 24 
23 27 4 2 24 1 20 7 18 24 
23 27 4 2 24 1 20 7 18 24 
23 27 4 2 24 1 20 7 18 24 
23 27 4 2 24 1 20 7 18 24 
23 27 4 2 24 1 20 7 18 24 
23 27 4 2 24 1 20 7 18 24 
23 27 4 2 24 1 20 7 18 24 
23 27 4 2 24 1 20 7 18 24 
23 27 4 2 24 1 20 7 25 24 
23 27 4 2 24 1 20 7 25 24 
23 27 4 2 24 1 20 7 25 24 
23 27 4 2 24 1 20 7 25 24 
23 27 4 2 11 1 20 7 25 24 
23 27 4 2 11 1 20 7 25 24 
23 27 4 2 11 1 20 7 25 24 
23 27 4 2 11 1 20 7 25 24 
23 27 4 2 11 1 20 7 25 24 
23 27 4 2 11 1 20 7 25 6 
23 27 4 2 11 1 20 7 25 6 
23 27 4 2 11 1 20 7 25 6 
23 27 4 2 11 1 20 7 25 6 
23 27 4 2 11 1 20 7 25 6 
23 27 4 2 11 1 20 7 25 6 
23 27 4 2 11 1 20 7 25 6 
23 27 4 2 11 1 20 7 25 6 
23 27 4 2 11 1 20 7 25 6 
23 27 4 2 11 1 20 7 25 6 
23 27 4 2 11 1 20 7 25 6 
23 27 4 2 11 1 20 7 25 6 
23 27 4 2 11 1 20 7 25 6 
23 27 4 2 11 1 20 7 25 6 
23 27 4 2 11 1 20 7 25 6 
23 27 4 2 11 1 20 7 25 6 
23 27 4 2 11 1 20 7 25 6 
23 27 4 2 11 1 20 7 25 6 
23 27 4 2 11 1 20 7 25 6 
23 27 4 2 11 1 20 7 25 6 
23 27 4 2 11 1 20 7 17 6 
23 27 4 2 11 1 20 7 17 6 
23 27 4 2 11 1 20 7 17 6 
23 27 4 2 11 1 20 7 17 6 
23 27 4 2 11 1 20 7 17 6 
23 27 4 2 11 1 20 7 17 6 
23 27 4 2 11 1 19 7 17 6 
23 27 4 2 11 1 19 7 17 6 
23 27 4 2 11 1 19 7 17 6 
23 27 4 2 11 1 19 7 17 6 
23 27 4 2 11 1 19 7 17 6 
23 27 4 2 11 1 19 7 17 6 
23 27 4 2 11 1 19 7 17 6 
23 27 4 2 11 1 19 7 17 6 
23 27 4 2 11 1 19 21 17 6 
23 27 4 2 11 1 19 21 17 6 
23 27 4 2 11 1 19 21 17 6 
23 27 4 2 11 1 19 21 17 6 
23 27 4 2 11 1 19 21 17 6 
23 27 4 2 11 1 19 21 17 6 
23 27 4 2 11 1 19 21 17 6 
23 27 4 2 11 1 19 21 17 6 
16 27 4 2 11 1 19 21 17 6 
16 9 4 2 11 1 19 21 17 6 
16 9 4 2 11 1 19 21 17 6 
16 9 4 2 11 1 19 21 17 6 
16 9 4 2 11 1 19 21 17 6 
16 9 4 2 11 1 19 21 17 6 
16 9 22 2 11 1 19 21 17 6 
16 9 22 2 11 1 19 21 17 6 
16 9 22 2 11 1 19 21 17 6 
16 9 22 2 11 1 19 21 17 6 
16 9 22 2 11 1 19 21 13 6 
16 9 22 2 11 1 19 21 13 6 
16 9 22 2 11 1 19 21 13 6 
16 9 22 3 11 1 19 21 13 6 
16 9 22 3 11 1 19 21 13 6 
16 9 22 3 11 1 19 21 13 6 
16 9 22 3 11 1 19 21 13 24 
12 9 22 3 11 1 19 21 13 24 
12 10 22 3 11 1 19 21 13 24 
12 10 22 3 11 26 19 21 13 24 
12 10 8 3 11 26 19 21 13 24 
12 10 8 3 11 26 19 21 13 24 
12 10 8 3 11 26 20 21 13 24 
12 10 8 3 11 26 20 21 13 24 
12 10 8 3 11 26 20 21 13 24 
12 10 8 3 11 26 20 21 13 24 
12 10 8 3 11 26 20 21 13 24 
12 10 8 3 11 26 20 21 13 24 
12 10 8 3 11 26 20 21 13 24 
12 10 8 3 11 26 20 7 13 24 
12 10 8 3 11 26 20 7 13 24 
12 10 8 3 11 26 20 7 13 24 
12 10 8 3 11 26 20 7 13 24 
12 10 8 3 11 26 20 7 13 24 
12 10 8 3 11 26 20 7 13 24 
12 10 8 3 11 26 20 7 13 24 
12 10 8 3 11 26 20 7 13 24 
12 10 8 3 11 26 20 7 13 24 
12 10 8 3 11 26 20 7 13 24 
12 10 8 3 11 26 20 7 13 24 
12 10 8 3 11 26 20 7 13 24 
12 10 8 3 21 26 20 7 13 24 
12 10 8 3 21 5 20 7 13 24 
12 10 8 3 21 5 20 7 13 24 
12 10 8 3 21 5 20 7 13 24 
12 10 8 3 21 5 20 7 13 24 
12 10 8 3 21 5 20 7 13 24 
12 10 8 3 21 5 20 7 13 24 
12 10 8 3 21 5 20 7 13 24 
12 10 8 3 21 5 20 7 13 9 
12 10 8 3 21 5 23 7 13 9 
12 10 8 3 21 5 23 7 13 9 
12 10 8 3 21 5 23 7 13 9 
12 10 8 3 21 5 23 7 13 9 
12 10 8 3 21 5 23 7 13 9 
12 10 8 3 21 5 23 7 13 9 
12 10 8 3 21 5 23 7 13 9 
12 10 8 3 21 5 23 7 13 9 
12 10 8 3 21 5 23 7 13 9 
12 10 8 3 21 5 23 7 13 9 
12 10 8 3 21 5 23 7 17 9 
12 10 8 3 21 5 23 7 17 9 
12 10 22 3 21 5 23 7 17 9 
12 10 22 3 21 5 23 7 17 9 
12 10 22 3 21 5 23 7 17 9 
12 10 22 3 21 5 23 7 17 9 
16 10 22 3 21 5 23 7 17 9 
16 10 22 3 21 5 23 7 17 9 
16 15 22 3 21 5 23 7 17 9 
16 15 22 3 21 5 23 7 17 9 
16 15 22 3 21 5 23 7 17 9 
16 15 22 3 21 4 23 7 17 9 
16 15 22 3 21 4 23 7 17 9 
16 15 22 3 21 4 23 7 17 9 
16 15 22 3 21 4 23 7 17 27 
16 15 22 3 21 4 23 7 17 27 
16 15 22 3 21 4 23 7 17 27 
16 15 22 3 21 4 23 7 17 27 
16 15 22 3 21 4 23 7 17 27 
16 15 22 3 2 4 23 7 17 27 
16 15 22 3 2 4 23 7 17 27 
16 15 22 3 2 4 20 7 17 27 
16 15 22 3 2 4 20 12 17 27 
16 15 22 3 2 0 20 12 17 27 
16 15 22 3 2 0 20 12 17 27 
16 15 22 3 2 0 20 12 17 27 
16 15 22 3 2 0 20 12 17 27 
16 15 22 3 2 0 20 12 17 27 
16 15 22 3 2 0 20 12 13 27 
16 15 22 3 2 0 20 12 13 27 
16 15 22 2 2 0 20 12 13 27 
16 15 26 2 2 0 20 12 13 27 
16 15 26 2 2 0 20 12 13 27 
16 15 26 2 2 0 20 12 13 27 
16 10 26 2 2 0 20 12 13 27 
16 10 5 2 2 0 20 12 13 27 
16 10 5 2 2 0 20 12 13 27 
16 10 5 2 2 0 20 12 8 27 
16 10 5 2 2 0 20 12 8 27 
16 10 5 2 2 0 20 12 8 27 
16 10 5 2 2 0 19 12 8 27 
16 10 5 2 2 0 19 12 8 27 
16 24 5 2 2 0 19 12 8 27 
23 24 5 2 2 0 19 12 8 27 
23 24 5 6 2 0 19 12 8 27 
23 24 4 6 2 0 19 12 8 27 
20 24 4 6 2 0 19 12 8 27 
20 24 4 6 2 0 19 7 8 27 
23 24 4 6 2 0 19 7 8 26 
23 24 4 6 2 0 15 7 8 26 
23 24 4 6 1 0 15 7 8 26 
23 24 4 6 1 0 15 12 25 26 
16 24 4 6 1 0 15 12 25 26 
16 24 4 6 1 0 14 12 25 26 
16 24 4 6 1 0 14 12 25 26 
16 24 4 6 1 0 14 12 18 26 
16 24 4 6 1 0 14 12 18 26 
0 0 0 0 0 0 0 0 0 0 
;
ROBOT MOVING BEST:
0 0 0 0 0 0 0 0 0 0 
1 1 0 0 0 0 0 0 0 0 
1 0 1 0 0 0 0 0 0 0 
1 0 0 1 0 0 0 0 0 0 
1 0 0 0 1 0 0 0 0 0 
1 0 0 0 0 1 0 0 0 0 
1 0 0 0 0 0 1 0 0 0 
1 1 0 0 0 0 0 0 0 0 
0 1 0 1 0 0 0 0 0 0 
0 0 0 1 0 0 0 1 0 0 
1 0 0 0 0 0 0 1 0 0 
0 0 0 0 0 0 0 0 1 1 
0 1 0 0 1 0 0 0 0 0 
0 1 0 0 0 1 0 0 0 0 
0 0 0 0 0 0 1 0 1 0 
0 1 0 0 0 0 0 0 1 0 
1 0 0 0 1 0 0 0 0 0 
1 0 0 0 0 1 0 0 0 0 
0 0 0 0 1 0 0 1 0 0 
0 0 0 0 0 1 0 1 0 0 
1 0 0 0 0 0 0 0 1 0 
0 0 0 0 0 0 0 1 1 0 
0 1 0 1 0 0 0 0 0 0 
0 0 0 0 1 1 0 0 0 0 
1 0 0 1 0 0 0 0 0 0 
0 1 0 0 0 0 0 0 0 1 
0 0 0 0 1 0 0 0 1 0 
0 0 0 0 0 1 0 0 1 0 
0 0 0 1 0 0 0 1 0 0 
1 0 0 0 0 0 0 0 0 1 
0 1 0 0 0 0 1 0 0 0 
0 0 0 0 0 0 0 1 0 1 
1 0 0 0 0 0 1 0 0 0 
0 0 0 1 1 0 0 0 0 0 
0 0 0 1 0 1 0 0 0 0 
0 0 0 0 0 0 1 1 0 0 
0 0 0 1 0 0 0 0 1 0 
0 1 0 0 1 0 0 0 0 0 
0 0 0 0 0 1 0 0 0 1 
1 0 0 0 0 0 0 0 0 1 
0 0 0 0 0 0 0 0 1 1 
0 0 1 0 1 0 0 0 0 0 
0 0 0 0 0 1 1 0 0 0 
0 1 0 0 0 0 1 0 0 0 
0 0 0 0 1 0 0 1 0 0 
1 0 0 0 0 0 0 0 1 0 
0 1 0 0 0 0 0 0 1 0 
0 0 1 0 0 0 1 0 0 0 
0 1 0 0 0 0 0 1 0 0 
0 1 0 0 0 0 0 0 0 1 
0 0 1 0 0 0 0 0 1 0 
1 1 0 0 0 0 0 0 0 0 
0 0 0 0 1 1 0 0 0 0 
0 1 0 0 0 1 0 0 0 0 
0 0 1 0 0 0 0 1 0 0 
0 0 1 0 1 0 0 0 0 0 
0 1 0 1 0 0 0 0 0 0 
0 0 1 0 0 0 1 0 0 0 
0 0 1 0 0 0 0 0 1 0 
0 0 0 1 1 0 0 0 0 0 
0 0 1 0 0 0 0 1 0 0 
0 0 1 0 0 0 0 0 0 1 
1 0 1 0 0 0 0 0 0 0 
0 0 0 1 0 0 1 0 0 0 
0 0 0 1 0 0 0 0 1 0 
0 0 1 1 0 0 0 0 0 0 
0 1 0 0 1 0 0 0 0 0 
0 0 1 0 0 0 1 0 0 0 
0 0 1 0 0 0 0 0 1 0 
0 1 0 0 0 0 1 0 0 0 
0 0 1 0 0 0 0 1 0 0 
0 1 0 0 0 0 0 0 1 0 
0 0 1 0 0 0 0 0 0 1 
1 0 1 0 0 0 0 0 0 0 
0 1 0 0 0 0 0 1 0 0 
0 1 0 0 0 0 0 0 0 1 
0 0 1 0 1 0 0 0 0 0 
0 0 0 0 1 0 1 0 0 0 
1 1 0 0 0 0 0 0 0 0 
0 0 0 0 1 0 0 0 1 0 
0 0 1 0 0 0 1 0 0 0 
0 0 0 0 1 0 0 1 0 0 
0 1 0 1 0 0 0 0 0 0 
0 0 0 0 1 0 0 0 0 1 
1 0 0 0 1 0 0 0 0 0 
0 0 1 0 0 0 0 0 1 0 
0 0 0 0 0 0 1 0 1 0 
0 0 1 0 0 0 0 1 0 0 
0 0 0 0 0 0 1 1 0 0 
0 0 1 0 0 0 0 0 0 1 
0 0 0 0 0 0 1 0 0 1 
1 0 1 0 0 0 0 0 0 0 
1 0 0 0 0 0 1 0 0 0 
0 1 0 0 0 0 0 0 1 0 
0 0 0 1 1 0 0 0 0 0 
0 1 0 0 0 0 0 1 0 0 
0 1 0 0 1 0 0 0 0 0 
0 1 0 0 0 0 0 0 0 1 
1 1 0 0 0 0 0 0 0 0 
0 0 1 1 0 0 0 0 0 0 
0 0 0 1 0 0 1 0 0 0 
1 0 0 0 0 0 0 0 0 1 
0 1 0 1 0 0 0 0 0 0 
0 0 1 0 0 0 0 0 1 0 
0 0 0 1 0 0 0 0 0 1 
0 0 0 0 0 0 1 0 1 0 
1 0 0 1 0 0 0 0 0 0 
0 0 1 0 0 0 0 1 0 0 
0 0 0 0 0 1 0 0 0 1 
0 0 0 0 0 0 1 1 0 0 
0 0 1 0 1 0 0 0 0 0 
0 0 0 0 1 0 1 0 0 0 
0 1 0 0 0 0 0 0 1 0 
0 1 0 0 0 0 0 1 0 0 
1 0 0 0 0 0 0 0 1 0 
0 1 0 0 1 0 0 0 0 0 
0 0 0 0 0 1 0 1 0 0 
0 0 1 1 0 0 0 0 0 0 
1 0 0 0 1 0 0 0 0 0 
0 0 0 0 0 0 1 0 0 1 
0 0 0 1 0 0 0 0 1 0 
0 1 0 0 0 0 0 0 0 1 
0 0 1 0 0 0 0 0 1 0 
0 0 0 1 1 0 0 0 0 0 
1 0 0 0 0 1 0 0 0 0 
0 0 0 0 0 0 1 1 0 0 
0 0 1 0 1 0 0 0 0 0 
0 0 0 0 0 1 0 0 0 1 
0 0 0 1 0 1 0 0 0 0 
0 1 0 0 0 0 0 1 0 0 
0 0 0 0 1 0 0 0 1 0 
0 0 1 1 0 0 0 0 0 0 
0 0 0 1 0 0 0 0 0 1 
0 0 0 0 0 1 1 0 0 0 
1 0 0 0 0 0 1 0 0 0 
0 1 0 0 0 1 0 0 0 0 
0 0 1 0 0 0 0 0 1 0 
0 0 0 1 0 0 0 1 0 0 
0 0 0 1 0 0 0 0 1 0 
0 0 0 0 0 0 0 0 1 1 
0 1 0 0 0 0 1 0 0 0 
0 1 0 1 0 0 0 0 0 0 
0 0 1 0 1 0 0 0 0 0 
0 0 0 0 1 0 0 0 0 1 
0 1 1 0 0 0 0 0 0 0 
0 1 0 0 0 0 0 0 0 1 
0 0 0 0 0 0 0 1 1 0 
0 0 0 0 1 0 0 1 0 0 
0 0 1 0 0 0 0 0 0 1 
0 0 1 0 0 0 0 0 1 0 
0 1 0 0 0 0 0 1 0 0 
0 0 1 0 1 0 0 0 0 0 
0 0 0 0 0 1 0 0 1 0 
1 0 0 0 0 0 0 0 1 0 
0 1 0 0 0 0 0 0 1 0 
0 0 0 1 0 0 0 0 1 0 
0 0 0 0 1 1 0 0 0 0 
0 0 0 0 0 0 0 1 0 1 
1 0 0 0 1 0 0 0 0 0 
0 1 0 0 1 0 0 0 0 0 
0 0 0 1 1 0 0 0 0 0 
0 0 1 0 0 0 0 0 0 1 
0 0 0 0 0 0 0 1 1 0 
0 0 0 0 1 0 0 1 0 0 
0 0 0 0 0 1 0 0 0 1 
1 0 0 0 0 0 0 0 0 1 
0 0 0 0 1 0 0 0 0 1 
0 0 0 0 0 1 0 0 1 0 
1 0 0 0 0 0 0 0 1 0 
0 0 0 1 0 0 0 0 1 0 
0 0 0 0 1 1 0 0 0 0 
1 0 0 0 1 0 0 0 0 0 
0 0 0 0 0 0 0 1 1 0 
0 0 0 1 1 0 0 0 0 0 
1 0 1 0 0 0 0 0 0 0 
0 0 0 0 1 0 0 1 0 0 
1 0 0 0 0 1 0 0 0 0 
0 1 0 0 0 1 0 0 0 0 
0 0 0 1 0 1 0 0 0 0 
1 1 0 0 0 0 0 0 0 0 
1 0 0 1 0 0 0 0 0 0 
0 0 1 0 0 0 0 1 0 0 
1 0 0 0 0 0 0 0 1 0 
0 0 0 0 0 1 0 1 0 0 
0 0 0 0 1 1 0 0 0 0 
0 0 0 0 0 0 1 1 0 0 
0 1 0 0 0 0 0 1 0 0 
0 0 1 0 0 0 1 0 0 0 
0 0 0 1 0 0 0 1 0 0 
0 0 0 0 1 0 1 0 0 0 
0 1 0 0 0 0 0 0 1 0 
0 0 0 1 1 0 0 0 0 0 
0 0 0 0 0 1 0 0 1 0 
0 0 0 0 0 0 0 1 1 0 
0 0 0 1 0 0 0 0 1 0 
0 0 1 0 1 0 0 0 0 0 
1 0 0 0 0 0 1 0 0 0 
1 0 0 0 0 0 0 0 1 0 
0 0 0 0 0 0 1 0 1 0 
0 1 0 0 0 0 0 0 1 0 
0 0 1 0 0 0 1 0 0 0 
0 0 1 0 0 0 0 0 1 0 
0 0 0 0 1 0 1 0 0 0 
0 0 0 0 0 1 0 0 1 0 
0 0 0 0 0 0 0 1 1 0 
0 0 0 1 0 0 0 0 1 0 
0 1 0 0 1 0 0 0 0 0 
0 0 0 0 1 1 0 0 0 0 
0 0 0 0 1 0 0 1 0 0 
1 0 0 0 0 0 0 0 1 0 
0 0 0 1 1 0 0 0 0 0 
0 0 0 0 0 0 1 0 1 0 
1 0 0 0 1 0 0 0 0 0 
0 1 0 0 0 0 1 0 0 0 
0 0 1 0 0 0 1 0 0 0 
0 0 0 0 1 0 0 0 0 1 
0 0 0 0 0 1 1 0 0 0 
0 0 0 0 0 0 1 1 0 0 
0 0 0 1 0 0 1 0 0 0 
0 0 0 0 0 1 0 0 1 0 
0 0 0 0 0 0 1 0 0 1 
0 0 0 0 0 0 0 1 1 0 
0 1 0 0 0 0 0 1 0 0 
0 0 1 0 0 0 0 1 0 0 
0 0 0 1 0 0 0 0 1 0 
0 0 0 0 0 1 0 1 0 0 
0 1 0 1 0 0 0 0 0 0 
0 1 0 0 0 0 0 0 0 1 
1 0 0 0 0 0 1 0 0 0 
0 0 0 1 0 0 0 1 0 0 
0 0 0 0 0 1 0 0 0 1 
0 0 0 0 0 0 0 1 0 1 
0 0 0 0 1 0 1 0 0 0 
1 0 0 0 0 0 0 0 1 0 
0 0 0 1 0 0 0 0 0 1 
1 1 0 0 0 0 0 0 0 0 
1 0 1 0 0 0 0 0 0 0 
1 0 0 0 0 1 0 0 0 0 
1 0 0 0 0 0 0 1 0 0 
0 1 0 0 1 0 0 0 0 0 
0 0 0 0 0 0 1 0 1 0 
0 0 1 0 1 0 0 0 0 0 
0 0 0 0 1 1 0 0 0 0 
0 0 0 0 1 0 0 1 0 0 
1 0 0 1 0 0 0 0 0 0 
1 0 0 0 0 0 0 0 0 1 
0 1 0 0 0 0 1 0 0 0 
0 0 1 0 0 0 1 0 0 0 
0 0 0 1 1 0 0 0 0 0 
0 0 0 0 1 0 0 0 0 1 
0 0 0 0 0 1 1 0 0 0 
0 0 0 0 0 0 1 1 0 0 
0 0 0 0 0 1 0 0 1 0 
0 0 0 0 0 0 0 1 1 0 
0 1 0 0 0 0 0 1 0 0 
0 0 0 1 0 0 1 0 0 0 
0 0 1 0 0 0 0 1 0 0 
0 0 0 1 0 0 0 0 1 0 
0 0 0 0 0 1 0 1 0 0 
1 0 0 0 1 0 0 0 0 0 
0 0 0 1 0 0 0 1 0 0 
1 0 0 0 0 0 1 0 0 0 
1 1 0 0 0 0 0 0 0 0 
0 1 0 1 0 0 0 0 0 0 
1 0 1 0 0 0 0 0 0 0 
1 0 0 0 0 1 0 0 0 0 
1 0 0 1 0 0 0 0 0 0 
1 0 0 0 0 0 0 0 0 1 
0 0 1 0 1 0 0 0 0 0 
0 0 0 0 1 0 0 1 0 0 
0 1 0 0 1 0 0 0 0 0 
0 0 1 0 0 0 1 0 0 0 
0 0 0 1 0 0 0 0 1 0 
1 0 0 0 1 0 0 0 0 0 
0 0 1 0 0 0 0 1 0 0 
0 0 0 1 0 1 0 0 0 0 
1 0 0 0 0 0 1 0 0 0 
0 0 0 1 0 0 0 0 0 1 
0 0 0 0 0 0 0 1 0 1 
1 0 0 0 0 1 0 0 0 0 
0 1 0 0 0 1 0 0 0 0 
0 0 0 0 0 1 0 1 0 0 
0 0 1 0 0 0 1 0 0 0 
0 0 0 1 0 0 1 0 0 0 
0 0 0 0 0 0 1 1 0 0 
1 0 0 0 1 0 0 0 0 0 
0 0 0 1 0 0 0 1 0 0 
0 0 0 1 0 0 0 0 0 1 
1 0 0 0 0 0 0 1 0 0 
1 0 0 0 0 0 0 0 0 1 
0 0 0 1 0 1 0 0 0 0 
0 0 0 0 0 1 0 1 0 0 
0 0 0 0 0 0 1 0 1 0 
0 0 0 0 0 0 0 1 1 0 
0 0 1 0 0 0 1 0 0 0 
0 0 0 1 0 0 1 0 0 0 
1 0 0 0 0 1 0 0 0 0 
0 0 1 1 0 0 0 0 0 0 
0 0 1 0 0 0 0 1 0 0 
0 0 0 1 0 0 0 1 0 0 
1 0 0 0 0 0 0 0 1 0 
1 0 0 0 0 0 1 0 0 0 
0 1 0 0 0 0 1 0 0 0 
0 0 0 0 1 0 0 1 0 0 
0 0 0 0 0 1 1 0 0 0 
1 0 1 0 0 0 0 0 0 0 
1 0 0 1 0 0 0 0 0 0 
1 0 0 0 0 0 0 1 0 0 
0 1 0 0 0 0 0 1 0 0 
0 0 0 1 0 1 0 0 0 0 
0 0 0 0 0 1 0 1 0 0 
0 0 0 0 0 0 1 0 0 1 
0 0 0 0 0 0 1 0 1 0 
0 0 0 1 0 0 0 0 0 1 
0 0 0 0 0 0 0 1 0 1 
1 1 0 0 0 0 0 0 0 0 
1 0 0 0 0 1 0 0 0 0 
0 0 1 0 0 0 1 0 0 0 
0 0 0 1 0 0 1 0 0 0 
1 0 0 0 0 0 0 0 0 1 
0 0 0 0 1 0 1 0 0 0 
1 0 0 0 0 0 1 0 0 0 
1 0 0 0 0 0 0 0 1 0 
0 1 0 0 0 0 1 0 0 0 
0 0 1 1 0 0 0 0 0 0 
0 0 1 0 0 0 0 1 0 0 
0 0 0 0 0 1 1 0 0 0 
0 0 0 0 0 0 1 0 0 1 
1 0 0 1 0 0 0 0 0 0 
1 0 0 0 0 0 0 1 0 0 
0 1 0 0 0 0 0 1 0 0 
0 0 0 0 0 0 1 0 1 0 
1 0 0 0 1 0 0 0 0 0 
0 0 0 1 0 1 0 0 0 0 
0 0 1 0 0 0 1 0 0 0 
1 0 0 0 0 0 0 0 0 1 
0 0 0 1 0 0 0 0 0 1 
1 0 0 0 0 0 1 0 0 0 
1 0 0 0 0 0 0 0 1 0 
0 1 0 0 0 0 1 0 0 0 
1 0 1 0 0 0 0 0 0 0 
0 0 0 1 1 0 0 0 0 0 
1 1 0 0 0 0 0 0 0 0 
0 0 1 0 0 0 1 0 0 0 
0 0 1 0 0 0 0 1 0 0 
0 0 0 1 0 1 0 0 0 0 
1 0 0 0 0 0 1 0 0 0 
1 0 0 0 0 0 0 1 0 0 
0 1 0 0 0 0 1 0 0 0 
0 1 0 0 0 0 0 1 0 0 
1 0 0 0 0 0 0 0 1 0 
0 1 0 0 0 0 0 0 0 1 
0 1 0 1 0 0 0 0 0 0 
1 0 1 0 0 0 0 0 0 0 
0 0 0 0 0 0 0 1 0 1 
0 0 0 1 0 0 0 1 0 0 
1 1 0 0 0 0 0 0 0 0 
1 0 1 0 0 0 0 0 0 0 
1 0 0 0 0 1 0 0 0 0 
1 0 0 0 0 0 0 0 1 0 
0 1 0 0 0 0 0 0 0 1 
0 1 0 1 0 0 0 0 0 0 
0 0 0 0 0 0 1 1 0 0 
0 0 0 0 0 1 0 1 0 0 
1 1 0 0 0 0 0 0 0 0 
1 0 0 0 0 1 0 0 0 0 
0 0 0 1 0 0 0 1 0 0 
0 0 1 0 0 0 0 1 0 0 
1 0 0 0 0 1 0 0 0 0 
0 0 0 0 0 1 0 1 0 0 
1 0 0 0 0 0 0 0 0 1 
0 0 1 0 0 0 1 0 0 0 
0 0 0 0 1 0 1 0 0 0 
0 0 0 0 0 0 0 1 1 0 
1 0 0 0 0 0 0 0 1 0 
0 0 0 0 0 0 1 1 0 0 
1 0 0 0 0 0 1 0 0 0 
0 0 0 0 0 0 0 1 1 0 
1 0 0 0 0 0 0 0 1 0 
1 1 1 1 1 0 1 1 1 1 
;
TIMETABLE BEST: 
0.0 0.0 0.0 0.0 0.0 0.0 0.0 0.0 0.0 0.0 
0 14 0 0 0 0 0 0 0 0 
0 14 17 0 0 0 0 0 0 0 
0 14 17 18 0 0 0 0 0 0 
0 14 17 18 24 0 0 0 0 0 
0 14 17 18 24 24 0 0 0 0 
0 14 17 18 24 24 26 0 0 0 
17 14 17 18 24 24 26 0 0 0 
17 14 17 18 24 24 26 0 0 0 
17 14 17 33 24 24 26 0 0 0 
17 14 17 33 24 24 26 18 0 0 
17 14 17 33 24 24 26 18 0 36 
17 14 17 33 24 24 26 18 0 36 
17 14 17 33 24 24 26 18 0 36 
17 14 17 33 24 24 39 18 0 36 
17 14 17 33 24 24 39 18 26 36 
17 14 17 33 24 24 39 18 26 36 
17 14 17 33 24 24 39 18 26 36 
17 14 17 33 24 24 39 18 26 36 
17 14 17 33 24 24 39 18 26 36 
17 14 17 33 24 24 39 18 26 36 
17 14 17 33 24 24 39 18 26 36 
17 14 17 33 24 24 39 18 26 36 
17 14 17 33 24 24 39 18 26 36 
17 14 17 33 24 24 39 18 26 36 
17 14 17 33 24 24 39 18 26 36 
17 14 17 33 24 24 39 18 26 36 
17 14 17 33 24 24 39 18 26 36 
17 14 17 33 24 24 39 18 26 36 
17 14 17 33 24 24 39 18 26 36 
17 14 17 33 24 24 39 18 26 36 
17 14 17 33 24 24 39 18 26 36 
17 14 17 33 24 24 39 18 26 36 
17 14 17 33 24 24 39 18 26 36 
17 14 17 33 24 24 39 18 26 36 
17 14 17 33 24 24 39 18 26 36 
17 14 17 33 24 24 39 18 26 36 
17 14 17 33 46 24 39 18 26 36 
17 14 17 33 46 24 39 18 26 36 
26 14 17 33 46 24 39 18 26 36 
26 14 17 33 46 24 39 18 26 36 
26 14 17 33 46 24 39 18 26 36 
26 14 17 33 46 24 39 18 26 36 
26 14 17 33 46 24 50 18 26 36 
26 14 17 33 46 24 50 18 26 36 
26 14 17 33 46 24 50 18 39 36 
26 14 17 33 46 24 50 18 52 36 
26 14 17 33 46 24 50 18 52 36 
26 14 17 33 46 24 50 54 52 36 
26 14 17 33 46 24 50 54 52 55 
26 14 17 33 46 24 50 54 52 55 
56 14 17 33 46 24 50 54 52 55 
56 14 17 33 46 24 50 54 52 55 
56 28 17 33 46 43 50 54 52 55 
56 28 17 33 46 43 50 54 52 55 
56 28 26 33 46 43 50 54 52 55 
56 41 26 33 46 43 50 54 52 55 
56 41 26 33 46 43 50 54 52 55 
56 41 26 33 46 43 50 54 52 55 
56 41 26 33 46 43 50 54 52 55 
56 41 26 33 46 43 50 54 52 55 
56 41 26 33 46 43 50 54 52 55 
56 41 26 33 46 43 50 54 52 55 
56 41 26 33 46 43 50 54 52 55 
56 41 26 33 46 43 50 54 52 55 
56 41 26 60 46 43 50 54 52 55 
56 41 26 60 46 43 50 54 52 55 
56 41 38 60 46 43 50 54 52 55 
56 41 38 60 46 43 50 54 52 55 
56 41 38 60 46 43 50 54 52 55 
56 41 38 60 46 43 50 54 52 55 
56 41 38 60 46 43 50 54 52 55 
56 41 38 60 46 43 50 54 52 55 
56 41 38 60 46 43 50 54 52 55 
56 41 38 60 46 43 50 54 52 55 
56 41 38 60 46 43 50 54 52 55 
56 41 50 60 46 43 50 54 52 55 
56 41 50 60 46 43 50 54 52 55 
56 41 50 60 46 43 50 54 52 55 
56 41 50 60 46 43 50 54 52 55 
56 41 50 60 46 43 50 54 52 55 
56 41 50 60 46 43 50 54 52 55 
56 41 50 60 46 43 50 54 52 55 
56 41 50 60 46 43 50 54 52 55 
56 41 50 60 46 43 50 54 52 55 
56 41 50 60 46 43 50 54 52 55 
56 41 50 60 46 43 50 54 52 55 
56 41 50 60 46 43 50 54 52 55 
56 41 50 60 46 43 50 54 52 55 
56 41 50 60 46 43 50 54 52 55 
56 41 50 60 46 43 50 54 52 55 
56 41 50 60 46 43 50 54 52 55 
56 41 50 60 46 43 50 54 52 55 
56 41 50 60 46 43 50 54 65 55 
56 41 50 60 46 43 50 54 65 55 
56 41 50 60 46 43 50 66 65 55 
56 41 50 60 67 43 50 66 65 55 
56 54 50 60 67 43 50 66 65 55 
56 54 50 60 67 43 50 66 65 55 
56 54 50 60 67 43 50 66 65 55 
56 54 50 60 67 43 50 66 65 55 
56 54 50 60 67 43 50 66 65 55 
56 54 50 60 67 43 50 66 65 55 
56 54 50 60 67 43 50 66 65 55 
56 54 50 60 67 43 50 66 65 55 
56 54 50 60 67 43 50 66 65 55 
56 54 50 60 67 43 50 66 65 55 
56 54 50 60 67 43 50 66 65 55 
56 54 50 60 67 43 50 66 65 73 
56 54 50 60 67 43 50 66 65 73 
56 54 50 60 67 43 50 66 65 73 
56 54 50 60 67 43 50 66 65 73 
56 54 50 60 67 43 50 66 65 73 
56 54 50 60 67 43 50 66 65 73 
56 54 50 60 67 43 50 66 65 73 
56 54 50 60 67 43 50 66 65 73 
56 54 50 60 67 43 50 78 65 73 
56 54 62 60 67 43 50 78 65 73 
56 54 62 60 67 43 50 78 65 73 
56 54 62 60 67 43 50 78 65 73 
56 54 62 60 67 43 50 78 65 73 
56 54 62 60 67 43 50 78 65 73 
56 54 62 60 67 43 50 78 65 73 
56 54 62 60 67 43 50 78 65 73 
85 54 62 60 67 43 50 78 65 73 
85 54 62 60 67 43 50 78 65 73 
85 54 62 60 67 43 50 78 65 73 
85 54 62 60 67 56 50 78 65 73 
85 54 62 60 67 70 50 78 65 73 
85 54 62 60 67 70 50 78 65 73 
85 54 62 60 67 70 50 78 65 73 
85 54 73 60 67 70 50 78 65 73 
85 54 73 60 67 70 50 78 65 73 
85 54 73 60 67 84 50 78 65 73 
85 54 73 60 67 84 50 78 65 73 
85 54 73 60 67 84 50 78 65 73 
85 54 73 60 67 84 50 78 65 73 
85 54 73 60 67 84 50 78 65 73 
85 54 73 73 67 84 50 78 65 73 
85 54 73 73 67 84 50 78 65 73 
85 54 73 73 67 84 85 78 65 73 
85 54 73 86 67 84 85 78 65 73 
85 54 73 86 67 84 85 78 65 73 
85 54 73 86 67 84 85 78 65 73 
85 70 73 86 67 84 85 78 65 73 
85 70 73 86 67 84 85 78 65 73 
85 70 73 86 67 84 85 78 65 73 
85 70 73 86 67 84 85 78 65 73 
85 70 73 86 67 84 85 78 65 73 
85 70 82 86 67 84 85 78 65 73 
85 70 82 86 67 84 85 78 65 73 
85 70 82 86 67 84 85 78 65 73 
85 70 82 86 67 84 85 78 65 73 
85 70 82 86 67 84 85 78 65 73 
85 86 82 86 67 84 85 78 65 73 
85 86 82 86 67 84 85 78 65 73 
85 86 82 86 67 84 85 78 65 73 
85 86 82 86 67 84 85 78 65 73 
85 86 82 86 67 84 85 78 65 73 
85 86 82 86 67 84 85 78 65 73 
85 86 82 86 67 84 85 78 65 73 
85 86 82 86 67 84 85 78 65 73 
85 86 82 86 67 84 85 90 65 73 
85 86 82 86 67 84 85 90 65 73 
85 86 82 86 67 84 85 90 65 73 
85 86 82 86 67 84 85 90 65 73 
85 86 82 86 67 84 85 90 65 91 
85 86 82 86 67 84 85 90 76 91 
85 86 82 86 67 84 85 90 76 91 
85 86 82 86 67 84 85 90 76 91 
85 86 82 86 78 84 85 90 76 91 
85 86 82 86 78 84 85 90 76 91 
85 86 82 86 78 84 85 90 76 91 
85 86 82 86 78 84 85 90 76 91 
85 86 82 86 78 84 85 90 76 91 
85 86 82 86 78 84 85 90 76 91 
85 86 82 86 78 84 85 90 76 91 
85 86 82 86 78 84 85 90 76 91 
85 86 82 86 78 84 85 90 76 91 
85 86 82 86 78 84 85 90 76 91 
85 86 82 86 78 84 85 90 76 91 
85 86 82 86 78 84 85 90 76 91 
98 86 82 86 78 84 85 90 76 91 
98 86 82 86 78 84 85 90 76 91 
98 86 82 86 91 84 85 90 76 91 
98 86 82 86 91 84 85 90 76 91 
98 86 82 86 91 84 85 90 76 91 
98 86 91 86 91 84 85 90 76 91 
98 86 91 86 91 84 85 90 76 91 
98 86 91 86 91 84 85 90 76 91 
98 101 91 86 91 84 85 90 76 91 
98 101 91 86 91 84 85 90 76 91 
98 101 91 86 91 102 85 90 76 91 
98 101 91 86 91 102 85 102 76 91 
98 101 91 104 91 102 85 102 76 91 
98 101 91 104 91 102 85 102 76 91 
98 101 91 104 91 102 85 102 76 91 
108 101 91 104 91 102 85 102 76 91 
108 101 91 104 91 102 98 102 87 91 
108 101 91 104 91 102 98 102 87 91 
108 101 91 104 91 102 98 102 87 91 
108 101 102 104 91 102 98 102 87 91 
108 101 102 104 91 102 98 102 87 91 
108 101 102 104 91 102 98 102 87 91 
108 101 102 104 91 102 98 102 87 91 
108 101 102 104 91 102 98 102 87 91 
108 101 102 104 91 102 98 102 87 91 
108 101 102 104 91 102 98 102 87 91 
108 101 102 104 91 102 98 102 87 91 
108 101 102 104 91 102 98 102 87 91 
108 101 102 104 91 102 98 102 87 91 
108 101 102 104 91 102 98 102 100 91 
108 101 102 104 91 102 98 102 100 91 
108 101 102 104 91 102 98 102 100 91 
108 101 102 104 91 102 98 102 100 91 
108 101 102 104 109 102 98 102 100 91 
108 101 102 104 109 102 98 102 100 91 
108 101 102 104 109 102 98 102 100 91 
108 101 102 104 109 102 98 102 100 91 
108 101 102 104 109 102 98 102 100 91 
108 101 102 104 109 102 98 102 100 104 
108 101 102 104 109 102 98 102 100 104 
108 101 102 104 109 102 98 102 100 104 
108 101 102 104 109 102 98 102 100 104 
108 101 102 104 109 102 98 102 100 104 
108 101 102 104 109 102 98 102 100 104 
108 101 102 104 109 102 98 102 100 104 
108 101 102 104 109 102 98 102 100 104 
108 101 102 104 109 102 98 102 100 104 
108 101 102 104 109 102 98 102 100 104 
108 101 102 104 109 102 98 102 100 104 
108 101 102 104 109 102 98 102 100 104 
108 101 102 104 109 102 98 102 100 104 
108 101 102 104 109 102 98 102 100 104 
108 101 102 104 109 102 98 102 100 104 
108 101 102 104 109 102 98 102 100 104 
108 101 102 104 109 102 98 102 100 104 
108 101 102 104 109 102 98 102 100 104 
108 101 102 104 109 102 98 102 100 104 
108 101 102 104 109 102 98 102 100 104 
108 101 102 104 109 102 98 102 112 104 
108 101 102 104 109 102 98 102 112 104 
108 101 102 104 109 102 98 102 112 104 
108 101 102 104 109 102 98 102 112 104 
108 101 102 104 109 102 98 102 112 104 
108 101 102 104 109 102 98 102 112 104 
108 101 102 104 109 102 111 102 112 104 
108 101 102 104 109 102 111 102 112 104 
108 101 102 104 109 102 111 102 112 104 
108 101 102 104 109 102 111 102 112 104 
108 101 102 104 109 102 111 102 112 104 
108 101 102 104 109 102 111 102 112 104 
108 101 102 104 109 102 111 102 112 104 
108 101 102 104 109 102 111 102 112 104 
108 101 102 104 109 102 111 114 112 104 
108 101 102 104 109 102 111 114 112 104 
108 101 102 104 109 102 111 114 112 104 
108 101 102 104 109 102 111 114 112 104 
108 101 102 104 109 102 111 114 112 104 
108 101 102 104 109 102 111 114 112 104 
108 101 102 104 109 102 111 114 112 104 
108 101 102 104 109 102 111 114 112 104 
119 101 102 104 109 102 111 114 112 104 
119 116 102 104 109 102 111 114 112 104 
119 116 102 104 109 102 111 114 112 104 
119 116 102 104 109 102 111 114 112 104 
119 116 102 104 109 102 111 114 112 104 
119 116 102 104 109 102 111 114 112 104 
119 116 114 104 109 102 111 114 112 104 
119 116 114 104 109 102 111 114 112 104 
119 116 114 104 109 102 111 114 112 104 
119 116 114 104 109 102 111 114 112 104 
119 116 114 104 109 102 111 114 123 104 
119 116 114 104 109 102 111 114 123 104 
119 116 114 104 109 102 111 114 123 104 
119 116 114 126 109 102 111 114 123 104 
119 116 114 126 109 102 111 114 123 104 
119 116 114 126 109 102 111 114 123 104 
119 116 114 126 109 102 111 114 123 117 
130 116 114 126 109 102 111 114 123 117 
130 130 114 126 109 102 111 114 123 117 
130 130 114 126 109 121 111 114 123 117 
130 130 126 126 109 121 111 114 123 117 
130 130 126 126 109 121 111 114 123 117 
130 130 126 126 109 121 124 114 123 117 
130 130 126 126 109 121 124 114 123 117 
130 130 126 126 109 121 124 114 123 117 
130 130 126 126 109 121 124 114 123 117 
130 130 126 126 109 121 124 114 123 117 
130 130 126 126 109 121 124 114 123 117 
130 130 126 126 109 121 124 114 123 117 
130 130 126 126 109 121 124 126 123 117 
130 130 126 126 109 121 124 126 123 117 
130 130 126 126 109 121 124 126 123 117 
130 130 126 126 109 121 124 126 123 117 
130 130 126 126 109 121 124 126 123 117 
130 130 126 126 109 121 124 126 123 117 
130 130 126 126 109 121 124 126 123 117 
130 130 126 126 109 121 124 126 123 117 
130 130 126 126 109 121 124 126 123 117 
130 130 126 126 109 121 124 126 123 117 
130 130 126 126 109 121 124 126 123 117 
130 130 126 126 109 121 124 126 123 117 
130 130 126 126 128 121 124 126 123 117 
130 130 126 126 128 130 124 126 123 117 
130 130 126 126 128 130 124 126 123 117 
130 130 126 126 128 130 124 126 123 117 
130 130 126 126 128 130 124 126 123 117 
130 130 126 126 128 130 124 126 123 117 
130 130 126 126 128 130 124 126 123 117 
130 130 126 126 128 130 124 126 123 117 
130 130 126 126 128 130 124 126 123 132 
130 130 126 126 128 130 134 126 123 132 
130 130 126 126 128 130 134 126 123 132 
130 130 126 126 128 130 134 126 123 132 
130 130 126 126 128 130 134 126 123 132 
130 130 126 126 128 130 134 126 123 132 
130 130 126 126 128 130 134 126 123 132 
130 130 126 126 128 130 134 126 123 132 
130 130 126 126 128 130 134 126 123 132 
130 130 126 126 128 130 134 126 123 132 
130 130 126 126 128 130 134 126 123 132 
130 130 126 126 128 130 134 126 134 132 
130 130 126 126 128 130 134 126 134 132 
130 130 138 126 128 130 134 126 134 132 
130 130 138 126 128 130 134 126 134 132 
130 130 138 126 128 130 134 126 134 132 
130 130 138 126 128 130 134 126 134 132 
141 130 138 126 128 130 134 126 134 132 
141 130 138 126 128 130 134 126 134 132 
141 141 138 126 128 130 134 126 134 132 
141 141 138 126 128 130 134 126 134 132 
141 141 138 126 128 130 134 126 134 132 
141 141 138 126 128 144 134 126 134 132 
141 141 138 126 128 144 134 126 134 132 
141 141 138 126 128 144 134 126 134 132 
141 141 138 126 128 144 134 126 134 147 
141 141 138 126 128 144 134 126 134 147 
141 141 138 126 128 144 134 126 134 147 
141 141 138 126 128 144 134 126 134 147 
141 141 138 126 128 144 134 126 134 147 
141 141 138 126 154 144 134 126 134 147 
141 141 138 126 154 144 134 126 134 147 
141 141 138 126 154 144 144 126 134 147 
141 141 138 126 154 144 144 144 134 147 
141 141 138 126 154 158 144 144 134 147 
141 141 138 126 154 158 144 144 134 147 
141 141 138 126 154 158 144 144 134 147 
141 141 138 126 154 158 144 144 134 147 
141 141 138 126 154 158 144 144 134 147 
141 141 138 126 154 158 144 144 145 147 
141 141 138 126 154 158 144 144 145 147 
141 141 138 148 154 158 144 144 145 147 
141 141 149 148 154 158 144 144 145 147 
141 141 149 148 154 158 144 144 145 147 
141 141 149 148 154 158 144 144 145 147 
141 152 149 148 154 158 144 144 145 147 
141 152 158 148 154 158 144 144 145 147 
141 152 158 148 154 158 144 144 145 147 
141 152 158 148 154 158 144 144 158 147 
141 152 158 148 154 158 144 144 158 147 
141 152 158 148 154 158 144 144 158 147 
141 152 158 148 154 158 157 144 158 147 
141 152 158 148 154 158 157 144 158 147 
141 165 158 148 154 158 157 144 158 147 
152 165 158 148 154 158 157 144 158 147 
152 165 158 166 154 158 157 144 158 147 
152 165 172 166 154 158 157 144 158 147 
162 165 172 166 154 158 157 144 158 147 
162 165 172 166 154 158 157 162 158 147 
172 165 172 166 154 158 157 162 158 169 
172 165 172 166 154 158 181 162 158 169 
172 165 172 166 174 158 181 162 158 169 
172 165 172 166 174 158 181 180 184 169 
183 165 172 166 174 158 181 180 184 169 
183 165 172 166 174 158 194 180 184 169 
183 165 172 166 174 158 194 180 184 169 
183 165 172 166 174 158 194 180 197 169 
183 165 172 166 174 158 194 180 197 169 
284.0 220.0 186.0 220.0 192.0 158.0 248.0 272.0 260.0 186.0 
;
EXECUTION TIME HBSS: 15659.28158 seconds 

-------------------------------------------------------------------
