DATFILE : bwopen0_6r_1000.dat
ENVIRONMENT : bwopen
ALGORITHM : HBSS - TAU 9
RANGE : 1000
STARTING_POS : 0
N_ROBOTS : 6
GREEDY SOLUTION : 914.0
COMPUTATIONS T :
914.0
963.0
914.0
914.0
914.0
914.0
914.0
914.0
914.0
914.0
914.0
954.0
902.0
914.0
914.0
914.0
914.0
939.0
914.0
914.0
914.0
970.0
914.0
914.0
914.0
970.0
914.0
914.0
930.0
914.0
914.0
914.0
914.0
914.0
914.0
914.0
914.0
914.0
914.0
914.0
914.0
914.0
914.0
914.0
914.0
914.0
959.0
914.0
914.0
914.0
914.0
958.0
937.0
958.0
914.0
914.0
970.0
914.0
933.0
914.0
914.0
914.0
914.0
914.0
914.0
914.0
914.0
914.0
914.0
914.0
914.0
970.0
914.0
914.0
914.0
914.0
914.0
914.0
947.0
914.0
975.0
914.0
985.0
914.0
912.0
932.0
914.0
914.0
914.0
940.0
914.0
914.0
914.0
962.0
914.0
914.0
914.0
914.0
908.0
914.0
1003.0
914.0
914.0
914.0
914.0
914.0
914.0
914.0
914.0
914.0
914.0
956.0
914.0
914.0
914.0
939.0
1020.0
934.0
914.0
947.0
914.0
914.0
914.0
914.0
914.0
892.0
1032.0
914.0
914.0
897.0
933.0
914.0
921.0
958.0
914.0
914.0
987.0
914.0
914.0
914.0
914.0
914.0
914.0
914.0
914.0
914.0
975.0
914.0
914.0
914.0
919.0
914.0
914.0
930.0
912.0
985.0
914.0
914.0
914.0
914.0
914.0
935.0
914.0
993.0
914.0
975.0
914.0
914.0
914.0
914.0
914.0
914.0
914.0
914.0
914.0
914.0
975.0
914.0
989.0
914.0
914.0
912.0
914.0
914.0
914.0
914.0
914.0
914.0
914.0
914.0
914.0
920.0
1032.0
941.0
914.0
914.0
914.0
914.0
914.0
923.0
;
HBBS bestT : 892.0
BEST_CONFIGURATIONS : 
0 0 0 0 0 0 
0 4 0 0 0 0 
0 4 26 0 0 0 
0 4 26 0 0 0 
0 4 26 1 0 0 
0 4 26 1 0 0 
0 4 26 1 0 0 
0 4 26 1 5 0 
0 4 26 1 5 22 
0 4 26 1 5 22 
0 4 26 1 5 22 
0 4 26 1 5 22 
0 4 26 1 5 22 
0 4 26 1 5 22 
0 4 26 1 5 22 
0 4 26 1 5 22 
0 4 26 1 5 8 
0 4 26 1 5 8 
0 4 5 1 5 8 
0 4 5 1 5 8 
0 4 5 1 22 8 
0 4 26 1 22 8 
0 4 26 27 22 8 
0 4 26 27 22 8 
0 4 26 27 22 8 
0 4 26 27 5 8 
0 4 26 27 5 8 
0 4 22 27 5 8 
0 4 22 27 5 13 
0 4 22 27 5 13 
0 4 22 27 5 13 
0 4 22 27 5 13 
0 4 22 27 5 13 
0 4 22 27 26 13 
0 4 8 27 26 13 
0 4 8 9 26 13 
0 4 8 9 26 13 
0 4 8 9 26 13 
0 4 8 9 26 13 
0 4 8 9 26 13 
0 4 8 9 5 13 
0 4 8 9 5 17 
0 4 8 9 5 17 
0 4 8 9 5 17 
0 4 8 9 5 17 
0 4 8 9 5 17 
0 4 8 9 26 17 
0 22 8 9 26 17 
0 22 8 9 26 17 
0 22 13 9 26 17 
1 22 13 9 26 17 
1 22 13 9 26 17 
1 22 13 9 26 17 
1 22 13 9 26 25 
1 4 13 9 26 25 
1 4 13 9 26 25 
1 4 13 9 26 25 
1 4 13 9 0 25 
1 26 13 9 0 25 
1 26 17 9 0 25 
1 26 17 10 0 25 
1 26 17 10 0 25 
1 26 17 10 0 25 
1 26 17 10 0 25 
1 26 17 10 0 25 
1 5 17 10 0 25 
1 5 17 10 0 25 
1 5 13 10 0 25 
1 5 13 10 4 25 
27 5 13 10 4 25 
27 5 13 10 4 25 
27 22 13 10 4 25 
27 22 13 10 4 25 
27 22 17 10 4 25 
27 22 17 10 8 25 
27 22 17 10 8 25 
9 22 17 10 8 25 
9 22 18 10 8 25 
9 4 18 10 8 25 
9 4 18 10 8 25 
9 4 18 10 8 25 
9 4 18 10 8 25 
9 4 14 10 8 25 
9 4 14 15 8 25 
9 4 14 15 8 25 
9 4 14 15 8 25 
9 4 14 15 8 25 
9 4 14 15 8 25 
9 4 14 15 8 25 
9 4 14 15 8 25 
9 4 14 15 8 25 
9 26 14 15 8 25 
9 26 14 15 8 25 
9 26 14 15 22 25 
9 26 14 15 22 17 
9 26 14 15 22 17 
9 26 14 15 22 17 
10 26 14 15 22 17 
10 26 14 15 22 17 
10 5 14 15 22 17 
10 5 14 15 22 17 
10 5 14 15 22 13 
10 5 14 15 22 13 
24 5 14 15 22 13 
24 5 14 15 22 13 
24 5 14 15 22 13 
24 5 14 15 4 13 
24 5 14 15 4 13 
24 26 14 15 4 13 
24 26 18 15 4 13 
24 26 18 10 4 13 
24 26 18 10 4 17 
24 26 18 10 4 17 
24 26 18 10 4 17 
24 26 18 10 22 17 
24 26 18 10 22 17 
24 5 18 10 22 17 
24 5 18 15 22 17 
24 5 18 15 22 13 
24 5 18 15 8 13 
24 5 25 15 8 13 
24 1 25 15 8 13 
24 1 25 14 8 13 
24 1 18 14 8 13 
24 1 18 14 8 13 
24 1 18 14 0 13 
24 1 18 14 0 13 
24 1 18 14 0 13 
24 1 18 14 0 15 
24 1 18 14 0 15 
6 1 18 14 0 15 
6 1 14 14 0 15 
6 1 14 15 0 15 
6 1 14 15 0 15 
6 1 14 15 0 10 
6 1 18 15 0 10 
6 1 18 15 4 10 
6 27 18 15 4 10 
6 27 18 15 4 10 
6 27 18 14 4 10 
6 27 18 14 4 15 
6 27 18 14 26 15 
6 27 25 14 26 15 
6 9 25 14 26 15 
6 9 25 14 5 15 
6 9 25 14 5 19 
6 9 25 14 5 19 
6 9 25 14 5 19 
6 9 25 10 5 19 
6 9 25 10 5 19 
6 9 25 10 26 19 
6 9 25 15 26 19 
21 9 25 15 26 19 
21 9 17 15 26 19 
21 9 17 15 26 19 
21 9 17 15 26 19 
21 9 17 15 26 19 
21 9 17 15 26 19 
21 9 17 15 5 19 
21 9 13 15 5 19 
21 9 13 10 5 19 
21 9 13 10 5 19 
21 24 13 10 5 19 
21 24 13 10 5 19 
21 24 13 10 22 19 
21 24 13 10 22 19 
21 24 8 10 22 19 
21 24 8 10 22 19 
21 24 8 9 22 19 
21 24 8 9 4 19 
21 24 8 9 4 19 
21 6 8 9 4 19 
21 6 8 9 4 19 
21 6 8 27 4 19 
21 6 8 27 4 19 
21 6 8 27 22 19 
21 6 13 27 22 19 
3 6 13 27 22 19 
3 6 13 27 22 19 
3 6 13 27 22 19 
3 6 13 27 22 19 
3 6 13 27 22 19 
3 6 17 27 22 19 
3 6 17 27 26 19 
3 6 17 27 26 19 
3 6 17 27 26 20 
3 6 17 27 26 20 
3 6 17 27 26 20 
3 6 17 27 26 20 
3 6 17 27 5 20 
3 6 17 27 5 20 
3 6 13 27 5 20 
3 21 13 27 5 20 
3 21 13 27 5 20 
3 21 13 1 5 20 
3 21 13 1 5 20 
3 21 13 1 5 20 
3 21 13 1 26 20 
3 21 8 1 26 20 
3 21 8 1 26 20 
3 7 8 1 26 20 
3 7 8 1 4 20 
3 7 8 1 4 20 
3 7 8 1 4 20 
3 7 8 1 4 20 
3 7 8 1 4 20 
3 7 8 1 4 20 
3 7 8 1 4 23 
3 7 8 1 4 23 
3 7 8 1 4 23 
3 7 8 1 4 23 
3 7 8 1 4 23 
3 7 8 1 4 16 
3 7 8 1 26 16 
3 7 8 1 26 16 
3 7 8 1 26 16 
3 7 8 1 26 16 
3 7 8 1 26 16 
3 7 8 1 5 16 
3 7 8 1 5 16 
21 7 8 1 5 16 
21 7 8 1 5 16 
21 7 22 1 5 16 
21 7 22 1 5 16 
21 7 22 27 5 16 
21 7 22 27 5 16 
21 7 22 27 4 16 
6 7 22 27 4 16 
6 7 22 27 4 16 
6 7 22 9 4 16 
6 7 22 9 4 16 
6 7 13 9 4 16 
6 7 13 9 4 16 
24 7 13 9 4 16 
24 7 13 9 4 16 
24 7 13 9 0 16 
24 7 13 9 0 16 
24 7 17 9 0 16 
24 7 17 9 0 16 
24 7 17 10 0 16 
24 7 17 10 0 16 
24 7 25 10 0 16 
24 7 25 10 0 16 
11 7 25 10 0 16 
11 7 25 10 0 16 
11 7 25 10 0 16 
11 7 25 10 0 16 
11 7 25 10 0 16 
11 7 25 15 0 16 
11 7 25 15 0 12 
11 7 25 15 0 12 
11 7 25 15 0 12 
11 7 25 15 0 12 
11 7 25 15 0 12 
11 7 25 15 0 12 
11 7 25 10 0 12 
11 21 25 10 0 12 
11 21 17 10 0 12 
11 21 17 10 0 12 
11 21 17 10 0 12 
11 21 17 10 0 12 
11 21 13 10 0 12 
11 21 13 10 0 12 
11 3 13 10 0 12 
11 3 13 24 0 12 
11 3 13 24 0 12 
11 3 13 24 0 12 
11 3 13 24 0 12 
11 3 13 24 0 12 
11 3 8 24 0 12 
11 3 8 24 0 12 
11 3 8 6 0 12 
11 3 8 6 0 12 
11 3 8 6 4 12 
11 3 8 6 4 12 
11 2 8 6 4 12 
11 2 8 6 4 12 
11 2 8 6 4 12 
11 2 8 6 4 12 
11 2 8 6 4 12 
11 2 8 6 26 12 
11 2 8 6 26 12 
11 2 8 6 26 16 
11 2 22 6 26 16 
11 2 22 6 26 16 
11 2 22 21 26 16 
11 2 22 21 5 16 
11 2 22 21 5 16 
11 2 22 21 5 23 
11 2 22 21 5 23 
11 2 22 21 5 23 
11 2 22 21 5 23 
11 2 22 21 5 23 
11 2 22 21 26 23 
11 2 22 3 26 23 
6 2 22 3 26 23 
6 2 13 3 26 23 
6 2 13 3 26 23 
6 2 13 3 0 23 
6 2 13 3 0 23 
6 2 13 7 0 23 
24 2 13 7 0 23 
24 2 13 7 0 23 
24 2 17 7 0 23 
24 2 17 7 0 23 
24 2 17 7 0 20 
24 2 17 7 0 20 
24 2 17 7 0 20 
24 2 25 7 0 20 
24 2 25 21 0 20 
24 2 25 21 0 20 
24 2 25 21 0 23 
10 2 25 21 0 23 
10 2 25 21 0 23 
10 2 25 3 0 23 
10 2 25 3 0 23 
10 2 25 3 1 23 
10 2 25 3 1 20 
10 2 18 3 1 20 
10 2 18 3 1 20 
10 2 18 3 1 20 
10 2 18 3 27 20 
15 2 18 3 27 20 
15 2 18 3 27 20 
15 2 18 3 27 20 
15 2 14 3 27 20 
15 2 14 3 27 20 
15 2 14 3 27 20 
14 2 14 3 27 23 
14 2 14 3 9 23 
14 2 14 3 9 23 
14 2 14 3 9 23 
14 2 18 3 9 23 
14 2 18 3 9 20 
14 2 18 21 9 20 
14 2 18 21 9 20 
14 27 18 21 9 20 
14 27 18 21 9 23 
14 27 18 7 9 23 
14 27 18 7 9 23 
14 27 18 7 9 16 
14 27 18 7 9 16 
14 27 18 7 24 16 
14 27 18 12 24 16 
14 27 18 12 24 16 
14 27 18 12 24 16 
14 27 18 12 24 16 
14 27 18 12 9 16 
14 27 18 12 9 23 
15 27 18 12 9 23 
15 1 18 12 9 23 
15 1 19 12 9 23 
15 1 19 12 9 23 
15 1 19 12 9 23 
15 1 19 12 27 23 
14 1 19 12 27 23 
14 1 19 12 27 20 
14 1 19 12 27 20 
18 1 19 12 27 20 
18 0 19 12 27 20 
18 0 19 16 27 20 
18 0 19 16 2 20 
18 0 19 16 2 20 
18 0 19 16 2 23 
18 0 20 16 2 23 
15 0 20 16 2 23 
15 22 20 16 2 23 
15 22 20 12 2 23 
14 22 20 12 11 23 
14 22 20 12 11 23 
14 26 20 12 11 23 
14 26 20 12 11 19 
14 5 20 12 11 19 
18 5 20 12 11 19 
18 1 20 12 11 19 
18 1 19 7 11 19 
9 1 19 7 11 19 
9 27 19 7 11 19 
9 27 19 6 11 24 
0 0 0 0 0 0 
;
ROBOT MOVING BEST:
0 0 0 0 0 0 
1 1 0 0 0 0 
1 0 1 0 0 0 
0 1 1 0 0 0 
1 0 0 1 0 0 
0 1 0 1 0 0 
0 0 1 1 0 0 
1 0 0 0 1 0 
1 0 0 0 0 1 
0 1 0 0 1 0 
0 1 0 0 0 1 
0 0 1 0 1 0 
0 0 1 0 0 1 
0 0 0 1 1 0 
0 0 0 1 0 1 
0 0 0 0 1 1 
1 0 0 0 0 1 
0 1 0 0 0 1 
0 0 1 0 0 1 
0 0 0 1 0 1 
0 0 0 0 1 1 
0 0 1 0 0 1 
1 0 0 1 0 0 
0 1 0 1 0 0 
0 0 1 1 0 0 
0 0 0 1 1 0 
0 0 0 1 0 1 
0 0 1 1 0 0 
1 0 0 0 0 1 
0 1 0 0 0 1 
0 0 1 0 0 1 
0 0 0 1 0 1 
0 0 0 0 1 1 
0 0 0 0 1 1 
0 0 1 0 0 1 
1 0 0 1 0 0 
0 1 0 1 0 0 
0 0 1 1 0 0 
0 0 0 1 1 0 
0 0 0 1 0 1 
0 0 0 1 1 0 
1 0 0 0 0 1 
0 1 0 0 0 1 
0 0 1 0 0 1 
0 0 0 1 0 1 
0 0 0 0 1 1 
0 0 0 0 1 1 
0 1 0 1 0 0 
0 1 0 0 0 1 
0 0 1 0 0 1 
1 0 1 0 0 0 
1 0 0 1 0 0 
1 0 0 0 0 1 
1 0 0 0 0 1 
0 1 0 0 0 1 
0 0 1 0 0 1 
0 0 0 1 0 1 
0 0 0 0 1 1 
0 1 0 0 0 1 
0 0 1 0 0 1 
1 0 0 1 0 0 
0 1 0 1 0 0 
0 0 1 1 0 0 
0 0 0 1 1 0 
0 0 0 1 0 1 
0 1 0 1 0 0 
0 1 0 0 0 1 
0 0 1 1 0 0 
0 0 0 1 1 0 
1 0 0 1 0 0 
1 0 0 0 0 1 
0 1 0 1 0 0 
0 1 0 0 0 1 
1 0 1 0 0 0 
0 0 0 1 1 0 
0 0 0 0 1 1 
1 0 0 1 0 0 
1 0 1 0 0 0 
0 1 1 0 0 0 
0 0 1 1 0 0 
0 0 1 0 1 0 
0 0 1 0 0 1 
1 0 1 0 0 0 
1 0 0 1 0 0 
0 1 1 0 0 0 
0 1 0 1 0 0 
0 0 1 1 0 0 
0 0 1 0 1 0 
0 0 1 0 0 1 
0 0 0 1 1 0 
0 0 0 1 0 1 
0 1 1 0 0 0 
0 1 0 1 0 0 
0 0 1 0 1 0 
0 0 1 0 0 1 
0 0 0 1 1 0 
0 0 0 1 0 1 
1 0 1 0 0 0 
1 0 0 1 0 0 
0 1 1 0 0 0 
0 1 0 1 0 0 
0 0 1 0 0 1 
0 0 0 1 0 1 
1 1 0 0 0 0 
1 0 1 0 0 0 
1 0 0 1 0 0 
1 0 0 0 1 0 
1 0 0 0 0 1 
1 1 0 0 0 0 
1 0 1 0 0 0 
1 0 0 1 0 0 
1 0 0 0 0 1 
0 1 1 0 0 0 
0 0 1 0 0 1 
1 0 0 0 1 0 
0 0 1 0 1 0 
0 1 1 0 0 0 
0 0 1 1 0 0 
0 0 1 0 0 1 
1 0 0 0 1 0 
1 0 1 0 0 0 
1 1 0 0 0 0 
0 1 0 1 0 0 
0 1 1 0 0 0 
0 0 1 1 0 0 
1 0 0 0 1 0 
0 0 1 0 1 0 
0 0 0 1 1 0 
0 1 0 0 0 1 
0 0 0 0 1 1 
1 1 0 0 0 0 
1 0 1 0 0 0 
1 0 0 1 0 0 
1 0 0 0 1 0 
1 0 0 0 0 1 
1 0 1 0 0 0 
1 0 0 0 1 0 
1 1 0 0 0 0 
0 1 1 0 0 0 
0 1 0 1 0 0 
0 1 0 0 0 1 
1 0 0 0 1 0 
1 0 1 0 0 0 
1 1 0 0 0 0 
1 0 0 0 1 0 
1 0 0 0 0 1 
0 1 0 0 0 1 
0 0 1 0 0 1 
0 0 0 1 0 1 
0 0 0 0 1 1 
0 0 0 0 1 1 
0 0 0 1 0 1 
1 1 0 0 0 0 
1 0 1 0 0 0 
1 0 0 1 0 0 
1 0 0 0 1 0 
1 0 0 0 0 1 
0 0 1 0 0 1 
1 0 0 0 1 0 
1 0 1 0 0 0 
1 0 0 1 0 0 
0 0 1 0 0 1 
1 1 0 0 0 0 
0 1 0 0 0 1 
1 0 0 0 1 0 
0 0 0 0 1 1 
1 0 1 0 0 0 
0 0 1 0 0 1 
0 1 0 1 0 0 
1 0 0 0 1 0 
0 0 0 0 1 1 
1 1 0 0 0 0 
0 1 1 0 0 0 
1 0 0 1 0 0 
0 0 0 1 0 1 
0 1 0 0 1 0 
0 1 1 0 0 0 
1 1 0 0 0 0 
1 0 1 0 0 0 
1 0 0 1 0 0 
1 0 0 0 1 0 
1 0 0 0 0 1 
1 0 1 0 0 0 
1 0 0 0 1 0 
0 1 1 0 0 0 
1 0 0 0 0 1 
0 1 0 0 0 1 
0 0 1 0 0 1 
0 0 0 1 0 1 
1 0 0 0 1 0 
0 0 0 0 1 1 
0 0 1 0 0 1 
1 1 0 0 0 0 
0 1 0 0 0 1 
1 0 0 1 0 0 
0 1 0 1 0 0 
0 0 0 1 0 1 
0 0 0 0 1 1 
1 0 1 0 0 0 
0 0 1 0 0 1 
1 1 0 0 0 0 
1 0 0 0 1 0 
0 1 1 0 0 0 
0 1 0 1 0 0 
0 1 0 0 1 0 
0 1 0 0 0 1 
0 0 0 0 1 1 
1 0 0 0 0 1 
0 1 0 0 0 1 
0 0 1 0 0 1 
0 0 0 1 0 1 
0 0 0 0 1 1 
1 0 0 0 0 1 
0 1 0 0 1 0 
0 1 0 0 0 1 
0 0 1 0 0 1 
0 0 0 1 0 1 
0 0 0 0 1 1 
0 1 0 0 1 0 
0 0 0 0 1 1 
1 1 0 0 0 0 
1 0 0 0 0 1 
0 1 1 0 0 0 
0 0 1 0 0 1 
0 1 0 1 0 0 
0 0 0 1 0 1 
0 0 0 0 1 1 
1 1 0 0 0 0 
1 0 0 0 0 1 
0 1 0 1 0 0 
0 0 0 1 0 1 
0 1 1 0 0 0 
0 0 1 0 0 1 
1 1 0 0 0 0 
1 0 0 0 0 1 
0 1 0 0 1 0 
0 0 0 0 1 1 
0 1 1 0 0 0 
0 0 1 0 0 1 
0 1 0 1 0 0 
0 0 0 1 0 1 
0 1 1 0 0 0 
0 0 1 0 0 1 
1 1 0 0 0 0 
1 0 1 0 0 0 
1 0 0 1 0 0 
1 0 0 0 1 0 
1 0 0 0 0 1 
1 0 0 1 0 0 
1 0 0 0 0 1 
0 1 0 1 0 0 
0 1 0 0 0 1 
0 0 1 0 0 1 
0 0 0 1 0 1 
0 0 0 0 1 1 
0 0 0 1 0 1 
1 1 0 0 0 0 
1 0 1 0 0 0 
0 1 0 0 1 0 
0 1 0 0 0 1 
0 0 1 0 0 1 
1 0 1 0 0 0 
0 0 1 0 0 1 
1 1 0 0 0 0 
1 0 0 1 0 0 
0 1 0 1 0 0 
0 1 0 0 1 0 
0 1 0 0 0 1 
0 0 0 1 0 1 
1 0 1 0 0 0 
0 0 1 0 0 1 
1 0 0 1 0 0 
0 0 0 1 0 1 
1 0 0 0 1 0 
0 0 0 0 1 1 
1 1 0 0 0 0 
0 1 1 0 0 0 
0 1 0 1 0 0 
0 1 0 0 1 0 
0 1 0 0 0 1 
1 0 0 0 1 0 
0 1 0 0 1 0 
0 1 0 0 0 1 
1 0 1 0 0 0 
0 1 1 0 0 0 
0 1 0 1 0 0 
1 0 0 0 1 0 
0 1 0 0 1 0 
1 0 0 0 0 1 
0 1 0 0 0 1 
0 0 1 0 0 1 
0 0 0 1 0 1 
0 0 0 0 1 1 
0 0 0 0 1 1 
0 1 0 1 0 0 
1 0 0 0 0 1 
0 1 1 0 0 0 
0 0 1 0 0 1 
0 1 0 0 1 0 
0 0 0 0 1 1 
0 1 0 1 0 0 
1 1 0 0 0 0 
1 0 0 0 0 1 
0 1 1 0 0 0 
0 0 1 0 0 1 
1 0 0 0 0 1 
0 1 0 0 0 1 
0 0 0 0 1 1 
0 1 1 0 0 0 
0 0 1 1 0 0 
0 0 1 0 0 1 
0 0 1 0 0 1 
1 1 0 0 0 0 
1 0 0 0 0 1 
1 0 0 1 0 0 
0 0 1 1 0 0 
0 1 0 0 1 0 
1 0 0 0 0 1 
0 1 1 0 0 0 
0 0 1 1 0 0 
0 0 1 0 0 1 
0 1 0 0 1 0 
1 1 0 0 0 0 
1 0 0 1 0 0 
1 0 0 0 0 1 
0 1 1 0 0 0 
0 0 1 1 0 0 
0 0 1 0 0 1 
1 0 0 0 0 1 
0 1 0 0 1 0 
0 0 0 1 1 0 
0 0 0 0 1 1 
0 0 1 0 0 1 
0 0 0 0 1 1 
1 0 0 1 0 0 
0 0 1 1 0 0 
0 1 0 0 1 0 
0 1 0 0 0 1 
1 0 0 1 0 0 
0 0 1 1 0 0 
1 0 0 0 0 1 
0 0 1 0 0 1 
0 1 0 0 1 0 
1 0 0 1 0 0 
0 1 0 1 0 0 
0 0 1 1 0 0 
0 0 0 1 0 1 
0 0 0 1 1 0 
0 0 0 1 0 1 
1 0 0 0 0 1 
0 1 0 1 0 0 
0 1 1 0 0 0 
0 0 1 1 0 0 
0 0 1 0 0 1 
0 1 0 0 1 0 
1 0 1 0 0 0 
0 0 1 0 0 1 
0 0 0 1 0 1 
1 0 1 0 0 0 
0 1 1 0 0 0 
0 0 1 1 0 0 
0 0 1 0 1 0 
0 0 0 1 0 1 
0 0 0 1 0 1 
0 0 1 0 0 1 
1 0 0 1 0 0 
0 1 1 0 0 0 
0 1 0 1 0 0 
1 0 0 0 1 0 
0 0 1 0 1 0 
0 1 0 1 0 0 
0 0 0 0 1 1 
0 1 0 1 0 0 
1 0 0 0 1 0 
0 1 0 0 1 0 
0 0 1 1 0 0 
1 0 0 0 1 0 
0 1 0 0 1 0 
0 0 0 1 0 1 
1 1 1 1 1 1 
;
TIMETABLE BEST: 
0.0 0.0 0.0 0.0 0.0 0.0 
14 14 0 0 0 0 
17 14 17 0 0 0 
17 17 17 0 0 0 
18 17 17 18 0 0 
18 18 17 18 0 0 
18 18 18 18 0 0 
24 18 18 18 24 0 
24 18 18 18 24 24 
24 24 18 18 24 24 
24 24 18 18 24 24 
24 24 24 18 24 24 
24 24 24 18 24 24 
24 24 24 24 24 24 
24 24 24 24 24 24 
24 24 24 24 24 24 
36 24 24 24 24 36 
36 36 24 24 24 36 
36 36 36 24 24 36 
36 36 36 36 24 36 
36 36 36 36 36 36 
36 36 45 36 36 45 
51 36 45 51 36 45 
51 51 45 51 36 45 
51 51 51 51 36 45 
51 51 51 51 51 45 
51 51 51 51 51 51 
51 51 62 62 51 51 
64 51 62 62 51 64 
64 64 62 62 51 64 
64 64 64 62 51 64 
64 64 64 64 51 64 
64 64 64 64 64 64 
64 64 64 64 73 73 
64 64 76 64 73 76 
79 64 76 79 73 76 
79 79 76 79 73 76 
79 79 79 79 73 76 
79 79 79 79 79 76 
79 79 79 79 79 79 
79 79 79 88 88 79 
90 79 79 88 88 90 
90 90 79 88 88 90 
90 90 90 88 88 90 
90 90 90 90 88 90 
90 90 90 90 90 90 
90 90 90 90 99 99 
90 102 90 102 99 99 
90 102 90 102 99 102 
90 102 103 102 99 103 
108 102 108 102 99 103 
108 102 108 108 99 103 
108 102 108 108 99 108 
120 102 108 108 99 120 
120 120 108 108 99 120 
120 120 120 108 99 120 
120 120 120 120 99 120 
120 120 120 120 120 120 
120 131 120 120 120 131 
120 131 131 120 120 131 
134 131 131 134 120 131 
134 134 131 134 120 131 
134 134 134 134 120 131 
134 134 134 134 134 131 
134 134 134 134 134 134 
134 143 134 143 134 134 
134 143 134 143 134 143 
134 143 145 145 134 143 
134 143 145 148 148 143 
149 143 145 149 148 143 
149 143 145 149 148 149 
149 155 145 155 148 149 
149 155 145 155 148 155 
156 155 156 155 148 155 
156 155 156 162 162 155 
156 155 156 162 162 162 
171 155 156 171 162 162 
173 155 173 171 162 162 
173 173 173 171 162 162 
173 173 173 173 162 162 
173 173 173 173 173 162 
173 173 173 173 173 173 
184 173 184 173 173 173 
184 173 184 184 173 173 
184 184 184 184 173 173 
184 184 184 184 173 173 
184 184 184 184 173 173 
184 184 184 184 184 173 
184 184 184 184 184 184 
184 184 184 184 184 184 
184 184 184 184 184 184 
184 195 195 184 184 184 
184 195 195 195 184 184 
184 195 196 195 196 184 
184 195 196 195 196 196 
184 195 196 196 196 196 
184 195 196 196 196 196 
198 195 198 196 196 196 
198 195 198 198 196 196 
198 204 204 198 196 196 
198 204 204 204 196 196 
198 204 207 204 196 207 
198 204 207 207 196 207 
211 211 207 207 196 207 
211 211 211 207 196 207 
211 211 211 211 196 207 
211 211 211 211 211 207 
211 211 211 211 211 211 
220 220 211 211 211 211 
222 220 222 211 211 211 
222 220 222 222 211 211 
222 220 222 222 211 222 
222 222 222 222 211 222 
222 222 222 222 211 222 
223 222 222 222 223 222 
223 222 223 222 223 222 
223 231 231 222 223 222 
223 231 233 233 223 222 
223 231 233 233 223 233 
235 231 233 233 235 233 
246 231 246 233 235 233 
249 249 246 233 235 233 
249 249 246 249 235 233 
249 259 259 249 235 233 
249 259 259 259 235 233 
261 259 259 259 261 233 
261 259 261 259 261 233 
261 259 261 261 261 233 
261 267 261 261 261 267 
261 267 261 261 267 267 
274 274 261 261 267 267 
274 274 274 261 267 267 
274 274 274 274 267 267 
274 274 274 274 274 267 
278 274 274 274 274 278 
285 274 285 274 274 278 
288 274 285 274 288 278 
289 289 285 274 288 278 
289 289 289 274 288 278 
289 289 289 289 288 278 
289 289 289 289 288 289 
299 289 289 289 299 289 
302 289 302 289 299 289 
304 304 302 289 299 289 
308 304 302 289 308 289 
313 304 302 289 308 313 
313 313 302 289 308 313 
313 313 313 289 308 313 
313 313 313 313 308 313 
313 313 313 313 313 313 
313 313 313 313 322 322 
313 313 313 324 322 324 
325 325 313 324 322 324 
325 325 325 324 322 324 
325 325 325 325 322 324 
325 325 325 325 325 324 
325 325 325 325 325 325 
325 325 325 325 325 325 
334 325 325 325 334 325 
336 325 336 325 334 325 
336 325 336 336 334 325 
336 325 336 336 334 336 
340 340 336 336 334 336 
340 340 336 336 334 340 
346 340 336 336 346 340 
346 340 336 336 346 346 
349 340 349 336 346 346 
349 340 349 336 346 349 
349 350 349 350 346 349 
358 350 349 350 358 349 
358 350 349 350 358 358 
363 363 349 350 358 358 
363 363 363 350 358 358 
365 363 363 365 358 358 
365 363 363 365 358 365 
365 370 363 365 370 365 
365 376 376 365 370 365 
377 377 376 365 370 365 
377 377 377 365 370 365 
377 377 377 377 370 365 
377 377 377 377 377 365 
377 377 377 377 377 377 
388 377 388 377 377 377 
388 377 388 377 388 377 
388 388 388 377 388 377 
390 388 388 377 388 390 
390 390 388 377 388 390 
390 390 390 377 388 390 
390 390 390 390 388 390 
397 390 390 390 397 390 
397 390 390 390 397 397 
397 390 401 390 397 401 
402 402 401 390 397 401 
402 402 401 390 397 402 
405 402 401 405 397 402 
405 405 401 405 397 402 
405 405 401 405 397 405 
405 405 401 405 406 406 
414 405 414 405 406 406 
414 405 414 405 406 414 
417 417 414 405 406 414 
417 417 414 405 417 414 
417 417 417 405 417 414 
417 417 417 417 417 414 
417 417 417 417 417 414 
417 417 417 417 417 417 
417 417 417 417 417 417 
427 417 417 417 417 427 
427 427 417 417 417 427 
427 427 427 417 417 427 
427 427 427 427 417 427 
427 427 427 427 427 427 
438 427 427 427 427 438 
438 438 427 427 438 438 
438 438 427 427 438 438 
438 438 438 427 438 438 
438 438 438 438 438 438 
438 438 438 438 438 438 
438 447 438 438 447 438 
438 447 438 438 447 447 
450 450 438 438 447 447 
450 450 438 438 447 450 
450 450 450 438 447 450 
450 450 450 438 447 450 
450 453 450 453 447 450 
450 453 450 453 447 453 
450 453 450 453 461 461 
462 462 450 453 461 461 
462 462 450 453 461 462 
462 468 450 468 461 462 
462 468 450 468 461 468 
462 469 469 468 461 468 
462 469 469 468 461 469 
475 475 469 468 461 469 
475 475 469 468 461 475 
475 475 469 468 475 475 
475 475 469 468 475 475 
475 480 480 468 475 475 
475 480 480 468 475 480 
475 482 480 482 475 480 
475 482 480 482 475 482 
475 492 492 482 475 482 
475 492 492 482 475 492 
493 493 492 482 475 492 
493 493 493 482 475 492 
493 493 493 493 475 492 
493 493 493 493 493 492 
493 493 493 493 493 493 
504 493 493 504 493 493 
504 493 493 504 493 504 
504 504 493 504 493 504 
504 504 493 504 493 504 
504 504 504 504 493 504 
504 504 504 504 493 504 
504 504 504 504 504 504 
504 504 504 515 504 515 
516 516 504 515 504 515 
516 516 516 515 504 515 
516 516 516 515 516 515 
516 516 516 515 516 516 
516 516 516 515 516 516 
527 516 527 515 516 516 
527 516 527 515 516 527 
528 528 527 515 516 527 
528 528 527 528 516 527 
528 528 527 528 516 527 
528 528 527 528 528 527 
528 528 527 528 528 528 
528 528 527 528 528 528 
540 528 540 528 528 528 
540 528 540 528 528 540 
541 528 540 541 528 540 
541 528 540 541 528 541 
542 528 540 541 542 541 
542 528 540 541 542 542 
550 550 540 541 542 542 
550 550 550 541 542 542 
550 550 550 550 542 542 
550 550 550 550 550 542 
550 550 550 550 550 550 
561 550 550 550 561 550 
561 561 550 550 561 550 
561 561 550 550 561 561 
562 561 562 550 561 561 
562 562 562 550 561 561 
562 562 562 562 561 561 
570 562 562 562 570 561 
570 570 562 562 570 561 
572 570 562 562 570 572 
572 572 562 562 570 572 
572 572 572 562 570 572 
572 572 572 572 570 572 
572 572 572 572 572 572 
572 572 572 572 581 581 
572 584 572 584 581 581 
589 584 572 584 581 589 
589 591 591 584 581 589 
589 591 591 584 581 591 
589 598 591 584 598 591 
589 598 591 584 598 598 
589 600 591 600 598 598 
602 602 591 600 598 598 
602 602 591 600 598 602 
602 602 602 600 598 602 
602 602 602 600 598 602 
612 602 602 600 598 612 
612 612 602 600 598 612 
612 612 602 600 612 612 
612 614 614 600 612 612 
612 614 614 614 612 612 
612 614 614 614 612 614 
612 614 624 614 612 624 
625 625 624 614 612 624 
625 625 624 614 612 625 
626 625 624 626 612 625 
626 625 626 626 612 625 
626 630 626 626 630 625 
635 630 626 626 630 635 
635 639 639 626 630 635 
635 639 639 639 630 635 
635 639 639 639 630 639 
635 645 639 639 645 639 
646 646 639 639 645 639 
646 646 639 646 645 639 
646 646 639 646 645 646 
646 650 650 646 645 646 
646 650 650 650 645 646 
646 650 650 650 645 650 
660 650 650 650 645 660 
660 660 650 650 660 660 
660 660 650 660 660 660 
660 660 650 660 660 660 
660 660 661 660 660 661 
660 660 661 660 671 671 
672 660 661 672 671 671 
672 660 672 672 671 671 
672 679 672 672 679 671 
672 681 672 672 679 681 
684 681 672 684 679 681 
684 681 684 684 679 681 
692 681 684 684 679 692 
692 681 692 684 679 692 
692 694 692 684 694 692 
702 694 692 702 694 692 
702 702 692 702 694 692 
702 702 702 702 694 692 
702 702 702 702 694 702 
702 702 702 709 709 702 
702 702 702 713 709 713 
715 702 702 713 709 715 
715 717 702 717 709 715 
715 722 722 717 709 715 
715 722 722 722 709 715 
715 722 722 722 709 722 
715 724 722 722 724 722 
728 724 728 722 724 722 
728 724 732 722 724 732 
728 724 732 732 724 732 
739 724 739 732 724 732 
739 742 742 732 724 732 
739 742 743 743 724 732 
739 742 743 743 743 732 
739 742 743 743 743 743 
739 742 743 753 743 753 
739 742 756 753 743 756 
757 742 756 757 743 756 
757 766 766 757 743 756 
757 768 766 768 743 756 
778 768 766 768 778 756 
778 768 778 768 778 756 
778 779 778 779 778 756 
778 779 778 779 779 779 
778 788 778 788 779 779 
789 788 778 788 789 779 
789 806 778 788 806 779 
789 806 806 806 806 779 
816 806 806 806 816 779 
816 821 806 806 821 779 
816 821 806 826 821 826 
862.0 854.0 889.0 880.0 892.0 881.0 
;
EXECUTION TIME HBSS: 5703.84182596 seconds 

-------------------------------------------------------------------
