DATFILE : bwopen0_3r_1000.dat
ENVIRONMENT : bwopen
ALGORITHM : HBSS - TAU 5
RANGE : 1000
STARTING_POS : 0
N_ROBOTS : 3
GREEDY SOLUTION : [ 4418.]
COMPUTATIONS D :
4352
4368
4534
4332
4498
4502
4350
4382
4518
4462
4206
4346
4318
4414
4454
4608
4276
4642
4576
4540
4548
4478
4172
4514
4400
4332
4480
4500
4426
4356
4388
4360
4282
4188
4286
4320
4302
4138
4544
4602
4470
4266
4154
4450
4564
4482
4208
4328
4530
4430
4328
4534
4476
4394
4586
4340
4362
4080
4404
4320
4470
4330
4522
4644
4302
4390
4436
4262
4336
4520
4476
4444
4274
4292
4460
4588
4200
4444
4460
4190
4642
4462
4382
4590
4210
4228
4038
4296
4374
4424
4304
4458
4286
4458
4496
4392
4320
4604
4392
4406
4358
4630
4334
4606
4440
4432
4448
4284
4464
4302
4286
4578
4176
4244
4308
4430
4324
4296
4412
4332
4354
4356
4416
4244
4204
4624
4584
4552
4130
4358
4356
4648
4434
4196
4348
4162
4462
4280
4494
4300
4474
4568
4378
4594
4308
4316
4526
4234
4734
4662
4364
4462
4514
4534
4580
4474
4518
4246
4434
4362
4462
4260
4214
4480
4398
4412
4078
4360
4644
4512
4378
4198
4504
4596
4388
4526
4544
4358
4394
4576
4518
4524
4322
4396
4060
4352
4332
4276
4566
4632
4528
4410
4542
4374
4532
4424
4274
4512
4458
4328
;
HBBS sumD : 4038
BEST_CONFIGURATIONS : 
0 0 0 
0 4 0 
0 4 26 
0 22 26 
4 22 26 
4 22 26 
22 22 26 
22 22 5 
26 22 5 
26 4 5 
26 0 5 
26 0 1 
5 0 1 
5 0 1 
22 0 1 
22 4 1 
8 4 1 
8 4 27 
8 4 27 
8 4 27 
8 26 27 
22 26 27 
22 26 9 
22 26 9 
22 5 9 
4 5 9 
4 5 10 
4 5 10 
4 26 10 
4 26 15 
4 26 15 
8 26 15 
8 5 15 
8 5 15 
8 5 15 
8 22 15 
8 22 10 
8 22 10 
8 22 10 
8 22 24 
13 22 24 
13 22 24 
13 22 24 
13 26 24 
13 26 24 
17 26 24 
17 26 24 
17 5 24 
25 5 24 
25 5 6 
25 5 6 
25 5 6 
25 26 6 
25 26 6 
17 26 6 
17 4 6 
13 4 6 
13 4 21 
13 4 21 
13 26 21 
13 5 21 
17 5 21 
17 5 3 
17 5 3 
17 26 3 
13 26 3 
13 4 3 
8 4 3 
8 22 3 
8 22 21 
8 22 21 
8 22 6 
8 22 6 
8 22 11 
8 22 11 
13 22 11 
13 26 11 
17 26 11 
17 5 11 
25 5 11 
25 4 11 
18 4 11 
18 0 11 
14 0 11 
14 0 6 
14 0 6 
14 0 21 
14 0 21 
14 0 3 
14 0 3 
14 0 7 
14 0 7 
14 4 7 
14 4 7 
18 4 7 
18 26 7 
18 26 21 
18 26 21 
18 26 3 
18 5 3 
25 5 3 
25 5 21 
17 5 21 
17 5 7 
13 5 7 
13 22 7 
13 22 7 
13 8 7 
13 8 7 
17 8 7 
17 8 7 
25 8 7 
25 8 12 
25 8 12 
25 8 16 
25 22 16 
25 22 16 
25 22 16 
25 4 16 
25 4 16 
25 4 12 
17 4 12 
17 4 12 
17 4 12 
13 4 12 
13 26 12 
13 26 12 
13 5 12 
13 5 16 
13 5 16 
13 5 23 
13 5 23 
13 1 23 
13 1 20 
17 1 20 
17 1 20 
17 1 23 
25 1 23 
25 1 23 
25 1 23 
18 1 23 
18 1 20 
14 1 20 
14 1 19 
15 1 19 
10 1 19 
10 27 19 
10 27 20 
10 27 20 
10 27 23 
15 27 23 
15 9 23 
15 9 23 
15 9 20 
14 9 20 
14 9 19 
18 9 19 
18 10 19 
18 10 19 
18 15 19 
18 15 19 
18 14 19 
18 14 19 
18 18 19 
18 18 20 
18 25 20 
18 25 20 
14 25 20 
14 25 20 
14 25 19 
14 17 19 
14 13 19 
18 13 19 
18 13 19 
17 13 19 
17 8 19 
17 22 19 
17 22 18 
17 22 18 
17 22 25 
13 22 25 
13 22 17 
13 0 17 
17 0 17 
25 0 17 
15 0 17 
15 0 18 
15 0 18 
15 4 18 
15 4 14 
15 4 14 
15 26 14 
10 26 14 
10 5 14 
10 5 15 
24 5 15 
24 5 10 
24 4 10 
6 4 10 
6 0 10 
6 0 15 
21 0 15 
21 0 10 
21 0 24 
21 0 24 
21 1 24 
3 1 24 
3 1 24 
3 1 24 
3 1 6 
3 1 6 
3 27 6 
3 27 21 
21 27 21 
6 27 21 
6 27 21 
24 27 21 
24 27 7 
24 1 7 
24 1 7 
9 1 7 
9 1 12 
9 1 16 
27 1 16 
27 27 16 
27 27 12 
9 27 12 
9 9 12 
9 9 16 
9 10 16 
9 10 16 
9 24 16 
9 24 16 
14 24 16 
14 24 12 
14 24 12 
14 24 12 
18 24 12 
18 6 12 
18 6 12 
18 6 16 
18 6 16 
18 6 16 
18 6 23 
18 6 23 
18 2 23 
14 2 23 
14 2 23 
14 2 23 
14 2 20 
15 2 20 
15 2 20 
15 2 19 
10 2 19 
24 2 19 
24 6 19 
24 21 19 
24 21 19 
24 3 19 
24 3 20 
24 3 20 
24 3 23 
24 3 23 
10 3 23 
10 3 23 
10 3 16 
15 3 16 
15 3 12 
15 7 12 
15 7 12 
15 7 12 
10 7 12 
10 7 16 
9 7 16 
9 7 23 
9 21 23 
9 21 23 
9 3 23 
9 2 23 
15 2 23 
15 2 16 
15 2 16 
10 2 12 
10 2 12 
10 2 7 
11 2 7 
11 2 21 
11 2 3 
6 2 3 
6 24 3 
6 11 3 
6 11 3 
6 11 21 
24 11 21 
24 11 7 
10 11 7 
15 11 7 
15 6 7 
15 21 7 
15 3 7 
15 21 12 
15 21 16 
20 21 16 
20 11 16 
20 11 16 
20 11 12 
20 11 12 
20 11 12 
23 11 12 
23 11 12 
23 16 12 
23 16 16 
20 16 23 
19 16 23 
19 16 23 
19 16 20 
19 12 20 
19 7 20 
19 7 19 
11 7 19 
11 6 20 
10 6 20 
9 6 20 
9 5 20 
22 5 20 
22 26 20 
22 26 23 
22 26 23 
4 26 23 
4 26 16 
4 0 16 
4 0 12 
22 0 12 
22 0 23 
22 0 20 
22 0 19 
22 4 19 
26 4 19 
5 4 19 
5 4 20 
5 8 20 
5 8 23 
5 17 16 
1 17 11 
27 17 11 
27 17 11 
27 13 11 
9 13 11 
9 13 10 
9 13 10 
9 17 10 
9 17 10 
9 25 10 
9 25 10 
9 25 15 
27 25 15 
27 13 15 
27 13 14 
27 13 18 
2 13 18 
2 17 18 
2 17 25 
2 8 25 
2 22 25 
2 22 5 
2 26 5 
2 4 5 
2 4 1 
2 0 1 
2 0 27 
27 0 27 
9 0 27 
9 8 27 
5 8 27 
22 8 14 
22 8 18 
0 8 18 
0 8 18 
0 8 14 
0 0 0 
;
ROBOT MOVING BEST:
0 0 0 
1 1 0 
1 0 1 
1 1 0 
1 0 1 
1 1 0 
1 0 1 
1 0 1 
1 0 1 
0 1 1 
0 1 1 
1 0 1 
1 0 1 
0 1 1 
1 0 1 
0 1 1 
1 0 1 
0 1 1 
1 0 1 
1 1 0 
0 1 1 
1 0 1 
0 1 1 
1 0 1 
0 1 1 
1 0 1 
0 1 1 
1 0 1 
0 1 1 
1 0 1 
0 1 1 
1 1 0 
0 1 1 
1 0 1 
1 1 0 
0 1 1 
1 0 1 
1 1 0 
0 1 1 
1 0 1 
1 1 0 
0 1 1 
1 0 1 
1 1 0 
0 1 1 
1 0 1 
1 1 0 
0 1 1 
1 0 1 
0 1 1 
1 1 0 
1 0 1 
0 1 1 
1 1 0 
1 0 1 
0 1 1 
1 0 1 
0 1 1 
1 0 1 
0 1 1 
0 1 1 
1 0 1 
0 1 1 
1 0 1 
0 1 1 
1 0 1 
0 1 1 
1 0 1 
0 1 1 
1 0 1 
0 1 1 
1 0 1 
0 1 1 
1 0 1 
0 1 1 
1 0 1 
0 1 1 
1 0 1 
0 1 1 
1 0 1 
0 1 1 
1 0 1 
0 1 1 
1 0 1 
0 1 1 
1 0 1 
0 1 1 
1 0 1 
0 1 1 
1 0 1 
0 1 1 
1 1 0 
0 1 1 
1 0 1 
1 0 1 
0 1 1 
1 0 1 
1 1 0 
1 0 1 
1 1 0 
1 0 1 
1 0 1 
1 1 0 
0 1 1 
1 1 0 
0 1 1 
1 0 1 
0 1 1 
1 1 0 
1 0 1 
1 1 0 
1 0 1 
0 1 1 
1 1 0 
0 1 1 
1 1 0 
0 1 1 
1 0 1 
1 1 0 
0 1 1 
1 0 1 
1 1 0 
0 1 1 
1 0 1 
1 1 0 
0 1 1 
1 0 1 
0 1 1 
1 0 1 
0 1 1 
1 0 1 
0 1 1 
1 1 0 
1 0 1 
1 1 0 
1 0 1 
1 0 1 
1 1 0 
0 1 1 
1 0 1 
1 1 0 
0 1 1 
1 1 0 
0 1 1 
1 1 0 
1 1 0 
0 1 1 
0 1 1 
1 1 0 
0 1 1 
1 1 0 
0 1 1 
1 1 0 
0 1 1 
1 1 0 
0 1 1 
1 1 0 
0 1 1 
1 1 0 
0 1 1 
1 1 0 
0 1 1 
1 1 0 
0 1 1 
0 1 1 
1 1 0 
0 1 1 
1 1 0 
1 0 1 
0 1 1 
1 1 0 
1 1 0 
1 1 0 
0 1 1 
1 0 1 
0 1 1 
0 1 1 
1 0 1 
1 1 0 
1 0 1 
1 0 1 
1 0 1 
1 1 0 
1 1 0 
1 1 0 
1 0 1 
0 1 1 
1 1 0 
0 1 1 
0 1 1 
1 0 1 
0 1 1 
1 0 1 
0 1 1 
1 0 1 
1 0 1 
1 0 1 
1 1 0 
1 0 1 
0 1 1 
1 0 1 
1 0 1 
1 0 1 
0 1 1 
1 0 1 
1 1 0 
1 0 1 
0 1 1 
1 1 0 
1 0 1 
0 1 1 
1 1 0 
1 0 1 
1 1 0 
1 1 0 
1 0 1 
1 1 0 
0 1 1 
0 1 1 
1 0 1 
1 1 0 
0 1 1 
0 1 1 
1 1 0 
0 1 1 
0 1 1 
1 1 0 
0 1 1 
0 1 1 
1 1 0 
0 1 1 
1 1 0 
0 1 1 
1 0 1 
0 1 1 
1 1 0 
1 0 1 
1 1 0 
0 1 1 
1 0 1 
0 1 1 
1 1 0 
1 0 1 
0 1 1 
1 0 1 
1 1 0 
1 0 1 
0 1 1 
1 1 0 
0 1 1 
1 1 0 
1 0 1 
0 1 1 
1 1 0 
1 1 0 
0 1 1 
0 1 1 
1 0 1 
0 1 1 
1 0 1 
0 1 1 
1 0 1 
0 1 1 
1 1 0 
1 0 1 
0 1 1 
1 1 0 
0 1 1 
1 1 0 
0 1 1 
1 0 1 
1 1 0 
0 1 1 
1 1 0 
0 1 1 
1 1 0 
0 1 1 
1 1 0 
1 1 0 
1 0 1 
0 1 1 
1 0 1 
1 0 1 
0 1 1 
0 1 1 
1 1 0 
0 1 1 
0 1 1 
1 1 0 
1 1 0 
0 1 1 
1 1 0 
0 1 1 
1 1 0 
0 1 1 
1 1 0 
1 1 0 
0 1 1 
0 1 1 
0 1 1 
0 1 1 
0 1 1 
1 1 0 
0 1 1 
1 0 1 
0 1 1 
1 1 0 
1 0 1 
1 1 0 
1 0 1 
0 1 1 
1 0 1 
1 0 1 
1 0 1 
1 1 0 
1 0 1 
1 1 0 
0 1 1 
0 1 1 
1 0 1 
0 1 1 
1 0 1 
1 1 0 
0 1 1 
1 0 1 
0 1 1 
1 0 1 
0 1 1 
1 0 1 
0 1 1 
0 1 1 
0 1 1 
1 0 1 
0 1 1 
0 1 1 
0 1 1 
0 1 1 
1 0 1 
1 0 1 
0 1 1 
0 1 1 
0 1 1 
0 1 1 
1 0 1 
1 1 0 
1 0 1 
1 1 0 
1 0 1 
0 1 1 
1 1 0 
0 1 1 
1 1 0 
1 1 0 
0 1 1 
0 1 1 
1 1 0 
0 1 1 
1 0 1 
1 0 1 
1 1 0 
1 1 0 
1 0 1 
1 1 0 
1 1 0 
1 0 1 
1 1 0 
1 1 0 
1 0 1 
1 1 0 
1 0 1 
1 1 0 
1 1 0 
1 1 0 
1 0 1 
1 0 1 
1 0 1 
1 1 0 
0 1 1 
0 1 1 
0 1 1 
;
TIMETABLE BEST: 
0.0 0.0 0.0 
0 14 0 
0 14 17 
0 26 17 
14 26 17 
14 26 17 
26 26 17 
26 26 26 
37 26 26 
37 38 26 
37 52 26 
37 52 44 
46 52 44 
46 52 44 
58 52 44 
58 66 44 
70 66 44 
70 66 59 
70 66 59 
70 66 59 
70 77 59 
82 77 59 
82 77 74 
82 77 74 
82 86 74 
94 86 74 
94 86 88 
94 86 88 
94 95 88 
94 95 99 
94 95 99 
108 95 99 
108 104 99 
108 104 99 
108 104 99 
108 116 99 
108 116 110 
108 116 110 
108 116 110 
108 116 123 
121 116 123 
121 116 123 
121 116 123 
121 127 123 
121 127 123 
132 127 123 
132 127 123 
132 136 123 
144 136 123 
144 136 136 
144 136 136 
144 136 136 
144 145 136 
144 145 136 
156 145 136 
156 156 136 
167 156 136 
167 156 148 
167 156 148 
167 167 148 
167 176 148 
178 176 148 
178 176 160 
178 176 160 
178 185 160 
189 185 160 
189 196 160 
202 196 160 
202 208 160 
202 208 172 
202 208 172 
202 208 184 
202 208 184 
202 208 201 
202 208 201 
215 208 201 
215 219 201 
226 219 201 
226 228 201 
238 228 201 
238 242 201 
251 242 201 
251 256 201 
262 256 201 
262 256 218 
262 256 218 
262 256 230 
262 256 230 
262 256 242 
262 256 242 
262 256 258 
262 256 258 
262 270 258 
262 270 258 
273 270 258 
273 281 258 
273 281 270 
273 281 270 
273 281 282 
273 290 282 
286 290 282 
286 290 294 
298 290 294 
298 290 306 
309 290 306 
309 302 306 
309 302 306 
309 314 306 
309 314 306 
320 314 306 
320 314 306 
332 314 306 
332 314 324 
332 314 324 
332 314 335 
332 326 335 
332 326 335 
332 326 335 
332 338 335 
332 338 335 
332 338 346 
344 338 346 
344 338 346 
344 338 346 
355 338 346 
355 349 346 
355 349 346 
355 358 346 
355 358 357 
355 358 357 
355 358 368 
355 358 368 
355 376 368 
355 376 378 
366 376 378 
366 376 378 
366 376 388 
378 376 388 
378 376 388 
378 376 388 
391 376 388 
391 376 398 
402 376 398 
402 376 411 
415 376 411 
426 376 411 
426 391 411 
426 391 424 
426 391 424 
426 391 434 
437 391 434 
437 406 434 
437 406 434 
437 406 444 
450 406 444 
450 406 457 
461 406 457 
461 420 457 
461 420 457 
461 431 457 
461 431 457 
461 444 457 
461 444 457 
461 455 457 
461 455 470 
461 468 470 
461 468 470 
472 468 470 
472 468 470 
472 468 483 
472 480 483 
472 491 483 
483 491 483 
483 491 483 
500 491 483 
500 504 483 
500 516 483 
500 516 503 
500 516 503 
500 516 516 
511 516 516 
511 516 528 
511 540 528 
522 540 528 
534 540 528 
557 540 528 
557 540 545 
557 540 545 
557 554 545 
557 554 556 
557 554 556 
557 565 556 
568 565 556 
568 574 556 
568 574 569 
581 574 569 
581 574 580 
581 588 580 
594 588 580 
594 602 580 
594 602 591 
606 602 591 
606 602 602 
606 602 615 
606 602 615 
606 620 615 
618 620 615 
618 620 615 
618 620 615 
618 620 628 
618 620 628 
618 635 628 
618 635 640 
630 635 640 
642 635 640 
642 635 640 
655 635 640 
655 635 652 
655 650 652 
655 650 652 
670 650 652 
670 650 670 
670 650 681 
685 650 681 
685 665 681 
685 665 692 
700 665 692 
700 680 692 
700 680 703 
700 694 703 
700 694 703 
700 707 703 
700 707 703 
716 707 703 
716 707 714 
716 707 714 
716 707 714 
727 707 714 
727 720 714 
727 720 714 
727 720 725 
727 720 725 
727 720 725 
727 720 736 
727 720 736 
727 738 736 
738 738 736 
738 738 736 
738 738 736 
738 738 746 
751 738 746 
751 738 746 
751 738 759 
762 738 759 
775 738 759 
775 756 759 
775 768 759 
775 768 759 
775 780 759 
775 780 772 
775 780 772 
775 780 782 
775 780 782 
788 780 782 
788 780 782 
788 780 793 
799 780 793 
799 780 804 
799 796 804 
799 796 804 
799 796 804 
810 796 804 
810 796 815 
824 796 815 
824 796 826 
824 808 826 
824 808 826 
824 820 826 
824 842 826 
845 842 826 
845 842 837 
845 842 837 
856 842 848 
856 842 848 
856 842 866 
877 842 866 
877 842 878 
877 842 890 
894 842 890 
894 861 890 
894 879 890 
894 879 890 
894 879 902 
907 879 902 
907 879 914 
920 879 914 
931 879 914 
931 896 914 
931 908 914 
931 920 914 
931 932 932 
931 932 943 
962 932 943 
962 951 943 
962 951 943 
962 951 954 
962 951 954 
962 951 954 
972 951 954 
972 951 954 
972 981 954 
972 981 965 
982 981 976 
995 981 976 
995 981 976 
995 981 986 
995 992 986 
995 1010 986 
995 1010 999 
1025 1010 999 
1025 1030 1012 
1046 1030 1012 
1060 1030 1012 
1060 1078 1012 
1084 1078 1012 
1084 1087 1012 
1084 1087 1022 
1084 1087 1022 
1096 1087 1022 
1096 1087 1033 
1096 1104 1033 
1096 1104 1044 
1108 1104 1044 
1108 1104 1066 
1108 1104 1076 
1108 1104 1089 
1108 1118 1089 
1119 1118 1089 
1128 1118 1089 
1128 1118 1102 
1128 1132 1102 
1128 1132 1112 
1128 1156 1123 
1146 1156 1153 
1161 1156 1153 
1161 1156 1153 
1161 1167 1153 
1176 1167 1153 
1176 1167 1174 
1176 1167 1174 
1176 1178 1174 
1176 1178 1174 
1176 1190 1174 
1176 1190 1174 
1176 1190 1185 
1191 1190 1185 
1191 1203 1185 
1191 1203 1198 
1191 1203 1209 
1210 1203 1209 
1210 1214 1209 
1210 1214 1222 
1210 1238 1222 
1210 1250 1222 
1210 1250 1258 
1210 1261 1258 
1210 1272 1258 
1210 1272 1276 
1210 1286 1276 
1210 1286 1291 
1229 1286 1291 
1244 1286 1291 
1244 1312 1291 
1266 1312 1291 
1278 1312 1322 
1278 1312 1333 
1302 1312 1333 
1302 1312 1333 
1302 1312 1344 
1302.0 1338.0 1398.0 
;
EXECUTION TIME HBSS: 1104.58199286 seconds 

-------------------------------------------------------------------
