DATFILE : bwopen0_4r_1000.dat
ENVIRONMENT : bwopen
ALGORITHM : HBSS - TAU 4
RANGE : 1000
STARTING_POS : 0
N_ROBOTS : 4
GREEDY SOLUTION : [ 3444.]
COMPUTATIONS D :
3950
3512
3564
3760
3472
4002
3672
3800
3668
3784
3560
3622
3596
3626
3530
3552
3960
3652
3776
3672
3468
3806
3486
3476
3590
3700
3822
3660
3658
3700
3554
3464
3764
3706
3472
3516
3580
3870
3396
3708
3580
3720
3738
3680
3598
3618
3618
3672
3780
3746
3552
3572
3510
3744
3418
3754
3740
3564
3638
3612
3818
3308
3844
3894
3484
3610
3844
3482
3822
3746
3408
3754
3594
3528
3544
3796
3900
3756
3610
3812
3602
3200
3750
3624
3774
3778
3838
3740
3422
3822
3542
3716
3914
3768
3916
3800
3758
3558
3584
3844
3710
3786
3614
3434
3626
3466
3768
3698
3524
3716
3522
3462
3468
3846
3622
3684
3672
3974
4074
3620
4038
3538
3854
3720
3462
3740
3696
3870
3928
3732
3516
3494
3474
3948
3710
3602
3772
3766
3700
3494
3618
3628
3768
3922
3810
3420
3824
3552
3374
3590
3508
3772
3570
3762
3904
3452
3400
3662
3666
3464
3666
3644
3684
3610
3596
3664
3670
3550
3918
3702
3590
3750
3704
3684
3546
3530
3696
3854
4096
3598
3642
3750
3758
3758
3912
3624
3748
3768
3546
3470
3634
3664
3914
3626
3526
3566
3588
3764
3684
3584
;
HBBS sumD : 3200
BEST_CONFIGURATIONS : 
0 0 0 0 
0 4 0 0 
0 4 26 0 
0 4 26 1 
0 22 26 1 
0 22 5 1 
0 22 5 27 
0 8 5 27 
4 8 5 27 
4 8 5 27 
4 8 26 27 
4 8 26 27 
26 8 26 27 
26 8 26 27 
5 8 26 27 
5 8 26 27 
5 8 26 27 
5 8 26 27 
22 8 26 27 
22 8 26 27 
22 8 26 1 
22 8 26 1 
22 13 26 1 
22 13 5 1 
22 13 5 1 
22 13 5 1 
22 13 5 1 
22 13 5 1 
22 13 5 1 
22 13 4 1 
4 13 4 1 
4 13 4 1 
4 17 4 1 
4 17 4 1 
8 17 4 1 
8 25 4 1 
8 25 4 2 
8 25 4 2 
8 25 26 2 
8 25 26 2 
8 25 26 2 
8 25 26 2 
8 25 26 2 
8 25 5 2 
22 25 5 2 
22 25 5 2 
22 17 5 2 
22 17 5 2 
22 17 1 2 
22 13 1 2 
22 13 1 6 
26 13 1 6 
26 13 1 6 
26 13 1 6 
5 13 1 6 
5 17 1 6 
5 17 1 21 
5 17 1 21 
5 17 1 21 
5 17 1 3 
5 17 1 3 
5 17 1 3 
5 17 27 3 
26 17 27 3 
26 17 27 3 
26 17 27 3 
26 13 27 3 
26 13 27 3 
26 13 27 21 
26 13 27 21 
26 13 9 21 
26 13 9 21 
26 13 9 21 
4 13 9 21 
4 13 9 21 
4 13 9 21 
4 13 9 7 
4 17 9 7 
4 17 9 7 
4 17 9 7 
0 17 9 7 
0 17 9 7 
0 17 9 7 
0 25 9 7 
0 25 9 7 
0 25 24 7 
0 25 24 7 
0 25 24 7 
0 25 24 7 
0 25 24 7 
0 25 24 21 
0 25 24 21 
0 25 24 21 
0 25 6 21 
0 13 6 21 
0 13 6 21 
0 13 6 3 
4 13 6 3 
4 13 6 3 
4 13 6 3 
4 13 24 3 
8 13 24 3 
8 13 24 3 
8 13 24 3 
8 13 24 3 
8 25 24 3 
8 25 24 3 
22 25 24 3 
22 18 24 3 
22 18 10 3 
22 18 10 21 
22 18 10 21 
22 18 10 21 
22 18 10 21 
22 18 10 21 
22 18 10 7 
22 18 10 7 
22 18 10 7 
22 18 10 7 
26 18 10 7 
26 18 10 7 
26 18 10 7 
26 14 10 7 
26 14 15 7 
26 14 15 7 
26 14 15 7 
5 14 15 7 
5 14 15 7 
5 14 15 21 
5 14 15 21 
5 14 15 21 
5 14 15 21 
5 18 15 21 
5 18 15 3 
5 18 10 3 
5 18 10 3 
5 18 24 3 
4 18 24 3 
4 18 24 3 
4 14 24 3 
4 14 24 3 
4 14 24 3 
4 9 24 3 
26 9 24 3 
26 9 11 3 
26 9 11 21 
26 9 11 21 
5 9 11 21 
5 9 11 6 
5 9 11 6 
5 9 11 6 
5 9 11 6 
5 9 11 24 
22 9 11 24 
22 9 11 24 
22 10 11 24 
22 10 11 24 
22 10 11 24 
22 10 11 24 
22 15 11 24 
4 15 11 24 
4 15 6 24 
4 15 6 24 
4 15 6 24 
4 15 6 10 
4 15 6 10 
4 15 6 10 
4 15 6 10 
4 14 6 10 
8 14 6 10 
8 14 2 10 
8 14 2 10 
8 14 2 15 
8 14 2 15 
8 14 2 15 
8 14 2 15 
8 18 2 15 
8 18 2 15 
22 18 2 15 
22 18 27 15 
22 18 27 14 
22 18 27 14 
22 18 27 14 
22 18 27 14 
22 25 27 14 
26 25 27 14 
26 25 27 14 
26 25 1 14 
26 25 1 18 
26 25 1 18 
26 17 1 18 
0 17 1 18 
0 13 1 18 
0 13 1 15 
0 13 1 15 
0 13 1 10 
0 13 1 10 
0 13 2 10 
0 13 2 10 
0 17 2 10 
0 17 2 11 
22 17 2 11 
22 17 2 11 
22 17 24 11 
22 17 24 11 
8 17 24 11 
8 13 24 11 
8 13 24 11 
8 25 24 11 
8 25 9 11 
8 18 9 11 
8 18 9 21 
8 18 9 7 
8 18 9 7 
8 19 9 7 
13 19 14 7 
13 19 14 7 
17 19 14 7 
17 19 14 7 
17 19 15 7 
17 19 15 7 
25 19 15 7 
25 19 15 7 
25 19 15 21 
25 19 15 21 
18 19 15 21 
18 19 10 21 
18 19 10 3 
14 19 10 3 
14 20 10 3 
14 20 10 3 
14 20 10 3 
14 23 10 3 
14 23 10 3 
14 23 10 3 
14 16 10 3 
14 16 10 3 
14 16 9 3 
14 16 9 3 
14 12 9 3 
14 12 9 2 
15 12 9 2 
15 12 9 2 
10 12 9 2 
10 12 24 2 
10 12 24 2 
10 12 24 2 
10 12 6 2 
10 16 6 2 
10 16 6 27 
10 16 6 27 
10 16 6 27 
10 16 6 27 
10 12 6 27 
24 12 6 27 
24 12 6 27 
24 12 6 27 
24 12 11 27 
24 12 11 1 
24 12 11 1 
24 16 11 1 
24 16 11 1 
9 16 11 1 
9 16 11 1 
9 16 11 1 
9 16 11 1 
9 23 11 1 
27 23 11 1 
27 23 11 1 
27 23 7 1 
27 20 7 1 
27 20 7 2 
27 20 7 2 
27 20 7 2 
27 20 7 2 
27 20 7 2 
27 20 7 2 
27 23 7 2 
27 23 21 2 
27 23 21 2 
27 23 3 2 
9 23 3 27 
9 23 3 27 
9 20 3 27 
9 19 3 27 
9 19 3 27 
24 19 3 27 
24 19 3 1 
21 19 3 1 
21 19 3 0 
21 19 2 0 
21 20 2 0 
21 20 2 0 
21 23 2 0 
21 23 2 0 
21 16 2 0 
21 16 2 0 
7 16 6 0 
12 16 6 0 
12 16 6 4 
12 16 6 4 
12 23 6 4 
12 23 6 4 
12 23 6 26 
12 23 6 26 
12 23 21 26 
12 23 21 5 
12 23 21 5 
12 23 21 5 
12 23 7 5 
12 20 7 5 
16 20 7 5 
16 20 7 5 
16 20 7 26 
16 20 7 26 
16 20 7 26 
16 20 7 26 
23 20 7 26 
23 20 7 4 
23 20 7 4 
23 20 6 4 
23 19 6 4 
23 19 6 4 
23 19 6 22 
23 19 6 22 
20 19 6 22 
20 19 6 22 
20 19 6 22 
20 19 6 26 
20 19 11 26 
20 18 11 26 
20 18 11 26 
23 18 11 26 
16 18 11 26 
16 14 11 26 
16 14 11 22 
12 14 11 22 
12 14 11 22 
12 14 11 22 
12 25 11 22 
7 25 11 22 
7 25 6 22 
7 25 6 13 
7 18 6 13 
7 18 21 13 
7 18 3 13 
12 18 3 13 
12 17 3 13 
12 17 3 17 
16 17 3 17 
16 17 3 25 
16 17 3 25 
12 17 3 25 
12 17 3 18 
12 13 3 15 
12 13 16 15 
12 8 16 15 
12 8 16 15 
12 8 16 15 
12 8 16 15 
12 8 16 15 
12 8 23 15 
12 8 23 15 
12 8 23 19 
16 8 23 19 
16 8 20 19 
16 8 20 19 
23 13 20 19 
23 13 20 19 
23 17 20 19 
23 17 20 19 
23 25 20 19 
23 25 20 19 
23 25 20 15 
23 25 24 15 
23 25 24 10 
20 25 24 10 
19 5 24 10 
14 0 24 10 
0 0 0 0 
;
ROBOT MOVING BEST:
0 0 0 0 
1 1 0 0 
1 0 1 0 
1 0 0 1 
1 1 0 0 
1 0 1 0 
1 0 0 1 
1 1 0 0 
1 0 1 0 
1 0 0 1 
1 0 1 0 
1 1 0 0 
1 0 0 1 
1 1 0 0 
1 0 0 1 
1 0 1 0 
0 1 0 1 
1 1 0 0 
1 0 0 1 
1 0 1 0 
0 0 1 1 
1 1 0 0 
0 1 1 0 
1 0 1 0 
0 0 1 1 
1 0 0 1 
0 1 1 0 
1 1 0 0 
0 1 0 1 
1 0 1 0 
1 0 0 1 
1 1 0 0 
0 1 0 1 
1 1 0 0 
1 0 0 1 
0 1 0 1 
0 0 1 1 
0 1 1 0 
0 0 1 1 
0 1 0 1 
1 0 0 1 
0 1 1 0 
1 1 0 0 
0 0 1 1 
1 0 0 1 
0 1 1 0 
0 1 0 1 
0 1 1 0 
0 0 1 1 
0 1 0 1 
1 0 0 1 
1 0 0 1 
0 0 1 1 
0 1 0 1 
1 0 0 1 
0 1 0 1 
0 0 1 1 
1 0 0 1 
0 1 0 1 
0 0 1 1 
0 1 0 1 
1 0 0 1 
0 1 1 0 
1 1 0 0 
0 0 1 1 
1 0 0 1 
0 1 0 1 
0 1 1 0 
0 0 1 1 
1 0 0 1 
1 0 1 0 
0 1 0 1 
0 1 1 0 
1 0 0 1 
0 0 1 1 
1 0 1 0 
0 1 0 1 
0 1 1 0 
1 0 0 1 
0 0 1 1 
1 0 1 0 
0 1 0 1 
1 1 0 0 
0 1 1 0 
1 0 0 1 
0 0 1 1 
0 1 0 1 
1 0 1 0 
1 1 0 0 
0 1 1 0 
1 0 0 1 
0 0 1 1 
0 1 0 1 
1 0 1 0 
1 1 0 0 
0 0 1 1 
1 0 0 1 
1 0 0 1 
1 0 1 0 
0 0 1 1 
1 0 1 0 
1 1 0 0 
0 1 1 0 
0 0 1 1 
1 0 0 1 
0 1 0 1 
1 0 1 0 
1 0 0 1 
0 1 0 1 
0 0 1 1 
1 0 0 1 
0 0 1 1 
0 1 0 1 
1 0 1 0 
1 1 0 0 
1 0 0 1 
0 1 1 0 
0 0 1 1 
0 1 0 1 
1 0 1 0 
1 1 0 0 
1 0 0 1 
0 1 1 0 
0 0 1 1 
0 1 0 1 
1 0 1 0 
1 0 0 1 
0 1 1 0 
0 0 1 1 
0 1 0 1 
1 0 1 0 
1 1 0 0 
0 1 1 0 
0 0 1 1 
1 0 1 0 
1 1 0 0 
1 0 1 0 
1 1 0 0 
0 1 1 0 
0 1 0 1 
1 1 0 0 
0 1 1 0 
0 1 0 1 
1 0 1 0 
0 0 1 1 
0 0 1 1 
1 0 1 0 
1 1 0 0 
0 1 0 1 
0 1 1 0 
0 0 1 1 
1 0 1 0 
0 1 0 1 
1 1 0 0 
0 0 1 1 
0 1 1 0 
1 0 1 0 
1 0 0 1 
0 1 0 1 
0 1 1 0 
1 0 1 0 
0 0 1 1 
0 1 0 1 
0 1 1 0 
0 0 1 1 
1 1 0 0 
1 0 0 1 
0 1 0 1 
0 1 1 0 
1 0 1 0 
0 0 1 1 
1 0 0 1 
0 0 1 1 
0 1 1 0 
1 0 0 1 
1 1 0 0 
0 1 1 0 
1 1 0 0 
1 0 0 1 
0 0 1 1 
0 1 0 1 
1 0 0 1 
0 1 1 0 
0 0 1 1 
0 1 0 1 
1 0 0 1 
0 1 1 0 
0 0 1 1 
0 1 0 1 
0 0 1 1 
0 1 0 1 
1 0 0 1 
0 1 0 1 
0 0 1 1 
1 0 0 1 
0 0 1 1 
1 0 0 1 
1 0 1 0 
0 1 0 1 
0 1 0 1 
1 0 0 1 
1 1 0 0 
0 0 1 1 
0 1 1 0 
0 1 0 1 
1 1 0 0 
0 1 0 1 
1 0 0 1 
0 1 0 1 
1 0 1 0 
0 1 0 1 
1 0 0 1 
1 0 0 1 
0 1 1 0 
1 1 0 0 
1 0 1 0 
1 1 0 0 
1 0 1 0 
1 1 0 0 
1 0 1 0 
0 1 0 1 
1 1 0 0 
1 0 1 0 
0 1 0 1 
0 1 1 0 
1 1 0 0 
0 1 1 0 
0 1 0 1 
1 1 0 0 
0 1 1 0 
0 1 0 1 
1 1 0 0 
0 1 1 0 
0 1 0 1 
1 1 0 0 
0 1 1 0 
0 1 0 1 
1 0 1 0 
1 1 0 0 
0 1 0 1 
0 0 1 1 
1 0 1 0 
0 1 1 0 
1 0 1 0 
0 0 1 1 
0 1 0 1 
0 1 1 0 
0 0 1 1 
0 1 0 1 
1 0 0 1 
0 0 1 1 
0 1 0 1 
0 1 1 0 
1 1 0 0 
1 0 0 1 
0 1 0 1 
0 1 1 0 
0 0 1 1 
1 0 0 1 
0 1 0 1 
1 1 0 0 
0 0 1 1 
1 0 0 1 
0 1 0 1 
0 1 1 0 
1 1 0 0 
0 1 0 1 
1 0 0 1 
0 1 1 0 
0 0 1 1 
0 1 0 1 
1 0 0 1 
0 0 1 1 
1 0 1 0 
0 1 0 1 
1 1 0 0 
0 1 1 0 
0 1 0 1 
0 0 1 1 
1 1 0 0 
0 0 1 1 
1 0 0 1 
1 1 0 0 
1 1 0 0 
1 1 0 0 
0 1 0 1 
1 1 0 0 
0 1 0 1 
1 0 1 0 
0 1 0 1 
0 1 1 0 
0 1 0 1 
1 1 0 0 
0 1 0 1 
1 1 0 0 
0 1 0 1 
1 1 0 0 
1 0 1 0 
1 0 0 1 
0 1 0 1 
1 0 0 1 
0 1 0 1 
0 1 1 0 
1 0 0 1 
0 1 0 1 
1 0 1 0 
1 0 0 1 
1 1 0 0 
0 1 0 1 
1 0 1 0 
1 1 0 0 
1 0 0 1 
0 1 0 1 
1 0 0 1 
1 0 1 0 
0 1 0 1 
1 1 0 0 
1 0 1 0 
0 1 0 1 
1 1 0 0 
0 1 1 0 
0 1 0 1 
1 1 0 0 
1 0 0 1 
0 1 1 0 
1 1 0 0 
0 1 0 1 
1 0 0 1 
0 1 0 1 
0 1 1 0 
1 1 0 0 
1 0 1 0 
1 1 0 0 
1 1 0 0 
0 1 1 0 
1 0 0 1 
1 0 1 0 
1 0 0 1 
1 1 0 0 
0 1 0 1 
1 0 1 0 
0 1 1 0 
0 1 0 1 
0 1 1 0 
1 0 1 0 
1 0 1 0 
1 0 0 1 
0 1 0 1 
1 0 0 1 
1 0 0 1 
0 1 0 1 
1 0 0 1 
1 0 0 1 
1 0 0 1 
0 1 0 1 
0 1 1 0 
1 1 0 0 
1 0 0 1 
1 0 1 0 
0 1 1 0 
0 0 1 1 
0 1 1 0 
0 0 1 1 
1 0 0 1 
1 0 1 0 
0 1 1 0 
1 0 0 1 
1 1 0 0 
0 1 1 0 
1 1 0 0 
0 1 1 0 
1 1 0 0 
0 1 1 0 
0 0 1 1 
1 0 1 0 
0 1 0 1 
1 0 1 0 
1 1 0 0 
1 1 0 0 
1 0 1 1 
;
TIMETABLE BEST: 
0.0 0.0 0.0 0.0 
0 14 0 0 
0 14 17 0 
0 14 17 18 
0 26 17 18 
0 26 26 18 
0 26 26 33 
0 38 26 33 
14 38 26 33 
14 38 26 33 
14 38 35 33 
14 38 35 33 
25 38 35 33 
25 38 35 33 
34 38 35 33 
34 38 35 33 
34 38 35 33 
34 38 35 33 
46 38 35 33 
46 38 35 33 
46 38 35 48 
46 38 35 48 
46 51 35 48 
46 51 44 48 
46 51 44 48 
46 51 44 48 
46 51 44 48 
46 51 44 48 
46 51 44 48 
46 51 58 48 
58 51 58 48 
58 51 58 48 
58 62 58 48 
58 62 58 48 
72 62 58 48 
72 74 58 48 
72 74 58 68 
72 74 58 68 
72 74 69 68 
72 74 69 68 
72 74 69 68 
72 74 69 68 
72 74 69 68 
72 74 78 68 
84 74 78 68 
84 74 78 68 
84 86 78 68 
84 86 78 68 
84 86 96 68 
84 97 96 68 
84 97 96 86 
95 97 96 86 
95 97 96 86 
95 97 96 86 
104 97 96 86 
104 108 96 86 
104 108 96 98 
104 108 96 98 
104 108 96 98 
104 108 96 110 
104 108 96 110 
104 108 96 110 
104 108 111 110 
113 108 111 110 
113 108 111 110 
113 108 111 110 
113 119 111 110 
113 119 111 110 
113 119 111 122 
113 119 111 122 
113 119 126 122 
113 119 126 122 
113 119 126 122 
124 119 126 122 
124 119 126 122 
124 119 126 122 
124 119 126 134 
124 130 126 134 
124 130 126 134 
124 130 126 134 
138 130 126 134 
138 130 126 134 
138 130 126 134 
138 142 126 134 
138 142 126 134 
138 142 141 134 
138 142 141 134 
138 142 141 134 
138 142 141 134 
138 142 141 134 
138 142 141 146 
138 142 141 146 
138 142 141 146 
138 142 154 146 
138 155 154 146 
138 155 154 146 
138 155 154 158 
152 155 154 158 
152 155 154 158 
152 155 154 158 
152 155 167 158 
166 155 167 158 
166 155 167 158 
166 155 167 158 
166 155 167 158 
166 168 167 158 
166 168 167 158 
178 168 167 158 
178 181 167 158 
178 181 180 158 
178 181 180 170 
178 181 180 170 
178 181 180 170 
178 181 180 170 
178 181 180 170 
178 181 180 182 
178 181 180 182 
178 181 180 182 
178 181 180 182 
189 181 180 182 
189 181 180 182 
189 181 180 182 
189 192 180 182 
189 192 191 182 
189 192 191 182 
189 192 191 182 
198 192 191 182 
198 192 191 182 
198 192 191 194 
198 192 191 194 
198 192 191 194 
198 192 191 194 
198 203 191 194 
198 203 191 206 
198 203 202 206 
198 203 202 206 
198 203 215 206 
212 203 215 206 
212 203 215 206 
212 214 215 206 
212 214 215 206 
212 214 215 206 
212 230 215 206 
223 230 215 206 
223 230 233 206 
223 230 233 218 
223 230 233 218 
232 230 233 218 
232 230 233 230 
232 230 233 230 
232 230 233 230 
232 230 233 230 
232 230 233 243 
244 230 233 243 
244 230 233 243 
244 244 233 243 
244 244 233 243 
244 244 233 243 
244 244 233 243 
244 255 233 243 
256 255 233 243 
256 255 250 243 
256 255 250 243 
256 255 250 243 
256 255 250 256 
256 255 250 256 
256 255 250 256 
256 255 250 256 
256 268 250 256 
270 268 250 256 
270 268 268 256 
270 268 268 256 
270 268 268 267 
270 268 268 267 
270 268 268 267 
270 268 268 267 
270 279 268 267 
270 279 268 267 
282 279 268 267 
282 279 287 267 
282 279 287 280 
282 279 287 280 
282 279 287 280 
282 279 287 280 
282 292 287 280 
293 292 287 280 
293 292 287 280 
293 292 302 280 
293 292 302 291 
293 292 302 291 
293 304 302 291 
310 304 302 291 
310 315 302 291 
310 315 302 309 
310 315 302 309 
310 315 302 320 
310 315 302 320 
310 315 322 320 
310 315 322 320 
310 326 322 320 
310 326 322 341 
334 326 322 341 
334 326 322 341 
334 326 341 341 
334 326 341 341 
346 326 341 341 
346 337 341 341 
346 337 341 341 
346 350 341 341 
346 350 356 341 
346 363 356 341 
346 363 356 360 
346 363 356 372 
346 363 356 372 
346 383 356 372 
359 383 372 372 
359 383 372 372 
370 383 372 372 
370 383 372 372 
370 383 385 372 
370 383 385 372 
382 383 385 372 
382 383 385 372 
382 383 385 384 
382 383 385 384 
395 383 385 384 
395 383 396 384 
395 383 396 396 
406 383 396 396 
406 396 396 396 
406 396 396 396 
406 396 396 396 
406 406 396 396 
406 406 396 396 
406 406 396 396 
406 417 396 396 
406 417 396 396 
406 417 410 396 
406 417 410 396 
406 428 410 396 
406 428 410 418 
419 428 410 418 
419 428 410 418 
430 428 410 418 
430 428 425 418 
430 428 425 418 
430 428 425 418 
430 428 438 418 
430 439 438 418 
430 439 438 437 
430 439 438 437 
430 439 438 437 
430 439 438 437 
430 450 438 437 
443 450 438 437 
443 450 438 437 
443 450 438 437 
443 450 455 437 
443 450 455 452 
443 450 455 452 
443 461 455 452 
443 461 455 452 
458 461 455 452 
458 461 455 452 
458 461 455 452 
458 461 455 452 
458 472 455 452 
473 472 455 452 
473 472 455 452 
473 472 480 452 
473 482 480 452 
473 482 480 472 
473 482 480 472 
473 482 480 472 
473 482 480 472 
473 482 480 472 
473 482 480 472 
473 492 480 472 
473 492 492 472 
473 492 492 472 
473 492 504 472 
488 492 504 491 
488 492 504 491 
488 502 504 491 
488 515 504 491 
488 515 504 491 
503 515 504 491 
503 515 504 506 
528 515 504 506 
528 515 504 524 
528 515 526 524 
528 528 526 524 
528 528 526 524 
528 538 526 524 
528 538 526 524 
528 549 526 524 
528 549 526 524 
540 549 544 524 
558 549 544 524 
558 549 544 538 
558 549 544 538 
558 560 544 538 
558 560 544 538 
558 560 544 549 
558 560 544 549 
558 560 556 549 
558 560 556 558 
558 560 556 558 
558 560 556 558 
558 560 568 558 
558 570 568 558 
569 570 568 558 
569 570 568 558 
569 570 568 567 
569 570 568 567 
569 570 568 567 
569 570 568 567 
580 570 568 567 
580 570 568 578 
580 570 568 578 
580 570 588 578 
580 583 588 578 
580 583 588 578 
580 583 588 590 
580 583 588 590 
590 583 588 590 
590 583 588 590 
590 583 588 590 
590 583 588 601 
590 583 605 601 
590 603 605 601 
590 603 605 601 
600 603 605 601 
611 603 605 601 
611 614 605 601 
611 614 605 612 
622 614 605 612 
622 614 605 612 
622 614 605 612 
622 630 605 612 
640 630 605 612 
640 630 622 612 
640 630 622 631 
640 643 622 631 
640 643 634 631 
640 643 646 631 
658 643 646 631 
658 660 646 631 
658 660 646 642 
669 660 646 642 
669 660 646 654 
669 660 646 654 
680 660 646 654 
680 660 646 667 
680 671 646 685 
680 671 689 685 
680 684 689 685 
680 684 689 685 
680 684 689 685 
680 684 689 685 
680 684 689 685 
680 684 700 685 
680 684 700 685 
680 684 700 709 
691 684 700 709 
691 684 710 709 
691 684 710 709 
702 697 710 709 
702 697 710 709 
702 708 710 709 
702 708 710 709 
702 720 710 709 
702 720 710 709 
702 720 710 733 
702 720 753 733 
702 720 753 744 
712 720 753 744 
725 756 753 744 
754 780 753 744 
808.0 780.0 808.0 804.0 
;
EXECUTION TIME HBSS: 2133.29090905 seconds 

-------------------------------------------------------------------
