DATFILE : bwopen0_8r_1000.dat
ENVIRONMENT : bwopen
ALGORITHM : HBSS - TAU 3
RANGE : 1000
STARTING_POS : 0
N_ROBOTS : 8
GREEDY SOLUTION : [ 2326.]
COMPUTATIONS D :
2414
2444
2526
2290
2578
2570
2412
2624
2452
2548
2606
2332
2300
2544
2480
2454
2410
2828
2436
2428
2554
2570
2328
2430
2716
2326
2580
2574
2416
2550
2466
2638
2410
2380
2444
2324
2512
2552
2512
2466
2556
2812
2508
2402
2502
2528
2438
2550
2384
2454
2546
2464
2300
2616
2646
2358
2330
2802
2422
2410
2588
2556
2560
2462
2442
2402
2446
2352
2332
2460
2622
2472
2558
2412
2486
2426
2588
2440
2312
2728
2436
2506
2348
2314
2488
2624
2246
2592
2660
2454
2488
2288
2370
2404
2486
2458
2462
2462
2342
2552
2604
2746
2394
2406
2564
2366
2634
2618
2514
2390
2690
2688
2438
2584
2570
2646
2698
2350
2226
2400
2788
2508
2408
2544
2496
2602
2408
2560
2530
2420
2410
2668
2636
2430
2448
2528
2584
2416
2586
2666
2566
2410
2218
2436
2508
2268
2402
2302
2392
2500
2572
2604
2484
2508
2540
2564
2626
2428
2502
2638
2284
2368
2704
2540
2628
2542
2428
2644
2576
2334
2458
2388
2548
2416
2756
2612
2344
2420
2418
2386
2418
2316
2526
2354
2600
2436
2806
2426
2368
2464
2366
2534
2498
2422
2726
2528
2536
2394
2526
2502
;
HBBS sumD : 2218
BEST_CONFIGURATIONS : 
0 0 0 0 0 0 0 0 
0 4 0 0 0 0 0 0 
0 4 26 0 0 0 0 0 
0 4 26 1 0 0 0 0 
0 4 26 1 5 0 0 0 
0 4 26 1 5 22 0 0 
0 4 26 1 5 22 8 0 
26 4 26 1 5 22 8 0 
26 4 26 1 5 22 8 0 
26 4 26 27 5 22 8 0 
26 4 26 27 5 22 8 1 
26 4 26 27 5 22 8 1 
26 4 26 27 5 22 8 1 
26 4 26 27 5 22 8 1 
26 4 26 27 5 22 8 1 
26 4 26 27 5 22 8 1 
26 4 26 27 5 22 8 1 
26 4 26 27 5 22 8 1 
26 4 26 27 5 22 8 1 
26 4 26 27 5 22 8 1 
26 4 26 27 5 22 8 1 
26 4 26 27 5 22 8 1 
26 4 26 27 5 22 8 1 
26 4 26 27 5 22 8 1 
26 4 26 27 5 22 8 1 
26 4 26 27 5 22 8 2 
26 4 26 27 5 22 13 2 
26 4 26 27 5 22 13 2 
26 4 26 27 5 22 13 2 
26 4 26 27 5 22 13 2 
26 4 26 27 5 22 13 2 
26 4 26 27 9 22 13 2 
26 8 26 27 9 22 13 2 
26 8 26 27 9 22 13 2 
26 8 26 27 9 22 13 2 
26 8 26 27 9 22 13 2 
5 8 26 27 9 22 13 2 
5 8 26 27 9 22 13 2 
5 8 26 27 9 22 17 2 
5 8 26 27 9 22 17 2 
5 8 1 27 9 22 17 2 
5 8 1 27 9 22 17 2 
5 8 1 27 9 13 17 2 
5 8 1 27 9 13 17 2 
5 8 1 27 9 13 17 2 
5 13 1 27 9 13 17 2 
5 13 1 27 9 13 17 2 
5 13 1 27 9 13 17 2 
5 13 1 27 9 13 17 2 
5 13 1 27 9 13 17 2 
5 13 1 27 9 13 17 2 
5 25 1 27 9 13 17 2 
5 25 1 27 9 13 17 6 
5 25 1 27 9 13 17 6 
5 25 1 27 9 13 17 6 
5 25 1 24 9 13 17 6 
5 25 1 24 10 13 17 6 
5 25 1 24 10 13 17 6 
22 25 1 24 10 13 17 6 
22 25 1 24 10 13 17 6 
22 25 1 24 10 13 17 6 
22 25 1 24 10 13 17 6 
22 25 1 24 10 13 17 6 
22 25 1 24 10 13 17 6 
22 25 0 24 10 13 17 6 
22 25 0 24 10 13 17 6 
22 25 0 24 10 13 17 6 
22 25 0 24 10 13 17 6 
22 25 0 24 10 13 17 6 
22 25 0 24 10 13 17 6 
4 25 0 24 10 13 17 6 
4 25 0 24 10 13 17 6 
4 25 0 24 10 8 17 6 
4 25 0 24 10 8 17 6 
4 25 0 24 10 8 17 6 
4 25 0 24 10 8 17 6 
4 25 0 24 10 8 17 6 
4 25 0 24 10 8 17 6 
4 25 0 24 10 8 17 6 
4 25 0 24 10 8 17 6 
4 25 0 24 10 8 17 6 
4 25 0 24 10 8 17 6 
4 25 0 24 10 8 17 6 
4 25 0 24 10 8 17 6 
4 25 0 24 10 8 17 6 
4 25 0 24 10 8 17 6 
4 25 0 24 10 8 17 6 
4 25 0 24 10 8 17 6 
4 25 0 24 10 8 17 6 
4 25 0 24 10 8 17 6 
26 25 0 24 10 8 17 6 
26 25 0 24 10 8 17 6 
26 25 0 24 10 8 17 6 
26 25 0 24 10 8 17 6 
26 25 0 24 10 8 17 6 
26 25 0 24 10 8 17 6 
26 25 0 24 10 8 17 21 
26 18 0 24 10 8 17 21 
26 18 0 24 10 8 17 21 
26 18 0 9 10 8 17 21 
26 18 0 9 10 8 17 21 
26 18 0 9 10 8 17 21 
26 18 0 9 10 8 13 21 
26 18 0 9 10 8 13 21 
26 18 0 9 10 8 13 21 
26 18 0 9 10 8 13 21 
26 18 0 9 15 8 13 21 
26 18 0 9 15 8 13 21 
26 18 0 9 15 8 13 21 
26 18 0 9 15 8 13 21 
26 18 0 9 15 8 13 21 
26 18 0 9 15 8 13 21 
26 18 0 9 15 8 13 21 
26 18 0 9 15 8 13 21 
26 18 0 9 15 8 13 21 
26 14 0 9 15 8 13 21 
26 14 0 9 15 8 13 21 
26 14 0 9 15 8 13 21 
26 14 0 9 15 8 13 3 
26 14 4 9 15 8 13 3 
26 14 4 9 15 8 13 3 
26 14 4 9 15 8 13 3 
5 14 4 9 15 8 13 3 
5 14 4 9 15 8 13 3 
5 14 4 9 15 8 13 3 
5 14 4 9 15 22 13 3 
5 14 4 9 15 22 13 3 
5 14 4 9 15 22 17 3 
5 14 4 9 15 22 17 3 
5 14 4 9 15 22 17 3 
5 14 4 9 15 22 17 3 
5 14 4 9 15 22 17 3 
5 14 4 9 15 22 17 3 
5 14 4 9 15 22 17 3 
5 14 4 9 15 22 17 3 
5 14 4 9 15 22 17 3 
5 14 4 9 15 22 17 3 
5 14 4 9 15 22 17 3 
5 14 4 9 15 22 17 3 
5 14 4 9 15 22 17 3 
5 14 4 9 15 22 17 3 
5 14 4 9 15 22 25 3 
5 14 4 9 10 22 25 3 
5 18 4 9 10 22 25 3 
5 18 4 9 10 22 25 3 
5 18 4 9 10 22 25 3 
5 18 4 9 10 22 25 3 
5 18 26 9 10 22 25 3 
5 18 26 9 10 22 25 21 
5 18 26 9 10 22 25 21 
5 18 26 11 10 22 25 21 
5 18 26 11 10 22 25 21 
5 18 26 11 10 22 25 21 
1 18 26 11 10 22 25 21 
1 18 26 11 10 4 25 21 
1 18 26 11 10 4 25 21 
1 18 26 11 10 4 25 21 
1 18 26 11 24 4 25 21 
1 18 26 11 24 4 25 21 
1 18 26 11 24 4 25 21 
1 18 26 11 24 4 25 21 
1 18 26 11 24 4 25 21 
1 18 26 11 24 4 25 21 
1 18 26 11 24 4 25 6 
1 18 26 11 24 4 25 6 
1 18 26 11 24 4 25 6 
1 14 26 11 24 4 25 6 
1 14 27 11 24 4 25 6 
1 14 27 11 24 4 25 6 
1 14 27 11 24 4 25 6 
2 14 27 11 24 4 25 6 
2 14 27 11 24 0 25 6 
2 14 27 11 24 0 25 6 
2 14 27 11 24 0 25 6 
2 14 27 11 24 0 17 6 
2 14 27 11 24 0 17 6 
2 14 27 11 24 0 17 6 
2 14 27 11 24 0 17 6 
2 14 27 11 24 0 17 6 
2 14 27 11 24 0 17 6 
2 14 27 11 24 0 17 6 
2 14 27 11 24 0 17 6 
2 14 27 11 24 0 17 6 
2 14 27 11 24 0 17 6 
2 14 27 11 24 0 17 6 
2 14 27 11 24 0 13 6 
2 14 27 11 24 0 13 6 
2 14 27 11 10 0 13 6 
2 14 27 11 10 0 13 6 
2 14 27 11 10 0 13 6 
2 14 27 11 10 0 13 6 
2 18 27 11 10 0 13 6 
2 18 27 11 10 0 13 6 
2 18 27 11 10 0 13 6 
2 18 27 11 10 0 13 6 
2 18 9 11 10 0 13 6 
2 18 9 11 10 0 13 6 
2 18 9 11 10 0 13 21 
2 18 9 11 15 0 13 21 
2 18 9 7 15 0 13 21 
2 18 9 7 15 0 13 21 
2 18 9 7 15 0 13 21 
2 18 9 7 15 0 13 21 
2 19 9 7 15 0 13 21 
2 19 9 7 15 0 13 21 
2 19 9 7 15 26 13 21 
2 19 9 7 15 26 13 21 
2 19 9 7 15 26 13 21 
2 19 9 7 15 26 13 21 
2 19 9 7 15 26 13 21 
2 19 9 7 15 26 13 21 
2 19 9 7 15 26 13 3 
2 19 9 7 15 26 13 3 
2 19 9 7 15 26 13 3 
6 19 9 7 15 26 13 3 
6 19 9 7 15 26 13 3 
6 19 9 7 15 26 17 3 
6 19 9 7 15 26 17 3 
6 19 9 7 15 26 17 3 
6 19 9 7 15 5 17 3 
6 19 9 7 15 5 17 3 
6 19 9 7 15 5 17 3 
6 19 10 7 15 5 17 3 
6 19 10 7 15 5 17 3 
6 19 10 7 15 5 17 3 
6 19 10 7 15 5 17 3 
6 19 10 7 15 5 17 3 
6 19 10 7 15 5 17 3 
6 19 10 7 15 5 17 3 
6 19 10 7 15 5 18 3 
6 19 10 7 15 5 18 3 
6 19 10 7 14 5 18 3 
6 19 10 7 14 5 18 3 
6 19 10 7 14 22 18 3 
6 19 10 7 14 22 18 3 
6 19 10 7 14 22 18 3 
6 19 10 7 14 22 18 3 
6 19 10 7 14 22 18 3 
6 19 10 7 14 22 18 3 
6 19 10 21 14 22 18 3 
6 19 10 21 14 22 18 3 
6 19 10 21 14 22 18 3 
6 19 10 21 14 22 18 3 
6 19 10 21 14 22 18 3 
6 19 10 21 14 22 18 3 
6 19 10 21 14 22 18 3 
24 19 10 21 14 22 18 3 
24 19 10 21 14 22 18 3 
24 19 10 21 14 22 18 3 
24 19 10 21 14 22 18 3 
24 19 10 21 14 22 18 3 
24 20 10 21 14 22 18 3 
24 20 10 21 14 22 18 3 
24 20 10 21 14 22 18 3 
24 20 10 21 14 22 18 3 
24 20 10 21 14 22 18 3 
24 20 10 21 25 22 18 3 
24 20 10 21 25 22 18 3 
24 20 9 21 25 22 18 3 
24 20 9 21 25 22 18 3 
24 20 9 21 25 22 18 7 
24 20 9 21 25 22 18 7 
24 20 9 21 25 22 18 7 
24 20 9 21 25 22 18 7 
24 23 9 21 25 22 18 7 
24 23 9 21 25 4 18 7 
24 23 9 21 25 4 18 7 
24 23 9 21 25 4 18 7 
24 23 9 21 25 4 15 7 
24 23 9 21 25 4 15 7 
24 23 9 21 25 4 15 7 
24 23 27 21 25 4 15 7 
24 23 27 21 25 4 15 7 
24 23 27 21 25 4 15 7 
24 23 27 21 25 4 15 12 
24 23 27 21 25 4 15 12 
24 16 27 21 25 4 15 12 
24 16 27 21 25 4 15 12 
11 16 27 3 25 4 15 12 
11 16 27 3 25 4 15 12 
11 16 27 3 25 4 15 12 
11 16 27 3 25 4 15 12 
11 16 27 3 25 4 15 12 
11 16 27 3 25 4 15 12 
11 16 27 3 25 4 15 12 
11 16 27 3 25 4 15 12 
11 16 27 3 25 4 15 12 
11 16 27 3 25 8 15 12 
11 16 27 3 25 8 15 12 
11 16 27 3 25 8 15 12 
11 16 27 3 25 8 15 12 
11 16 1 3 25 8 15 12 
11 16 1 3 25 8 15 12 
11 16 1 7 25 8 15 12 
11 16 1 7 25 8 15 12 
11 16 1 7 25 8 15 12 
11 16 1 7 17 8 15 12 
11 16 1 7 17 8 15 12 
11 16 1 7 17 8 15 12 
11 16 1 7 17 8 15 12 
11 16 1 7 17 8 10 12 
11 16 1 7 17 8 10 12 
11 16 1 7 17 8 10 12 
11 16 1 7 17 8 10 12 
11 16 1 7 17 22 10 12 
11 23 1 7 17 22 10 12 
11 23 1 7 13 22 10 12 
6 23 1 7 13 22 10 12 
6 23 1 7 13 22 10 12 
6 23 1 7 13 22 10 12 
6 23 1 7 13 22 10 12 
6 23 1 7 13 22 10 12 
6 23 1 7 13 22 9 12 
6 20 1 7 13 22 9 12 
6 20 1 7 13 26 9 12 
6 20 1 7 13 26 9 16 
6 20 1 7 13 26 9 16 
6 20 1 7 13 26 9 16 
6 20 1 7 13 26 9 16 
6 20 27 7 13 26 9 16 
6 20 27 7 13 26 9 16 
6 20 27 7 13 26 9 16 
6 20 27 7 13 26 9 23 
6 20 27 7 13 26 9 23 
6 20 27 7 13 26 9 23 
6 20 27 7 13 26 9 23 
6 20 27 7 13 26 9 23 
6 20 27 7 13 26 9 23 
6 20 27 7 17 26 9 23 
6 20 27 7 17 26 9 23 
6 20 27 3 17 26 9 23 
6 20 27 3 17 26 9 23 
6 20 27 3 17 26 9 23 
6 20 27 3 17 26 9 23 
6 20 27 3 17 26 9 23 
6 20 27 3 17 26 9 23 
6 20 27 3 17 5 9 23 
2 20 27 3 17 5 9 23 
2 20 27 3 17 5 9 23 
2 20 27 3 17 5 9 23 
2 20 27 3 25 5 9 23 
2 20 27 3 25 5 14 23 
2 20 27 3 25 5 14 23 
2 20 27 3 25 5 14 16 
2 20 27 3 25 5 14 16 
2 20 27 3 25 5 14 16 
2 20 27 3 25 5 14 16 
2 19 27 3 25 5 14 16 
2 19 27 3 25 5 14 16 
2 19 27 3 25 5 14 16 
2 19 27 3 25 5 14 16 
2 19 27 3 25 5 14 12 
2 19 27 3 25 5 14 12 
2 19 27 3 25 5 14 12 
2 19 27 3 25 5 14 12 
2 19 1 3 25 5 14 12 
2 19 1 3 25 4 14 12 
2 19 1 3 25 4 14 12 
2 19 1 11 25 4 14 12 
2 19 1 11 25 4 15 12 
2 19 1 11 18 4 15 12 
2 20 1 11 18 4 15 12 
2 20 1 11 18 4 15 12 
2 20 1 11 18 4 15 12 
2 20 1 11 18 4 15 12 
2 20 1 11 18 4 15 16 
2 23 1 11 18 4 15 16 
2 23 1 11 18 4 15 16 
2 23 1 11 18 22 15 16 
2 23 0 11 18 22 15 16 
2 23 0 11 18 22 15 16 
2 23 0 11 18 22 15 16 
2 23 0 11 19 22 15 16 
2 23 0 11 19 8 15 16 
2 23 0 11 19 8 15 12 
2 20 0 11 19 8 15 12 
2 20 0 11 19 8 15 12 
2 20 0 11 19 8 15 12 
2 20 0 11 19 8 15 12 
0 0 0 0 0 0 0 0 
;
ROBOT MOVING BEST:
0 0 0 0 0 0 0 0 
1 1 0 0 0 0 0 0 
1 0 1 0 0 0 0 0 
1 0 0 1 0 0 0 0 
1 0 0 0 1 0 0 0 
1 0 0 0 0 1 0 0 
1 0 0 0 0 0 1 0 
1 1 0 0 0 0 0 0 
0 1 0 1 0 0 0 0 
0 0 0 1 0 0 0 1 
1 0 0 0 0 0 0 1 
0 1 0 0 1 0 0 0 
0 1 0 0 0 1 0 0 
0 1 0 0 0 0 1 0 
1 0 0 0 1 0 0 0 
1 0 0 0 0 1 0 0 
0 0 0 0 1 0 0 1 
0 0 0 0 0 1 0 1 
1 0 0 0 0 0 1 0 
0 0 0 0 0 0 1 1 
0 1 0 1 0 0 0 0 
0 0 0 0 1 1 0 0 
1 0 0 1 0 0 0 0 
0 0 0 0 1 0 1 0 
0 0 0 0 0 1 1 0 
0 1 0 0 0 0 0 1 
0 1 0 0 0 0 1 0 
1 0 0 0 0 0 0 1 
1 0 0 0 0 0 1 0 
0 0 0 1 1 0 0 0 
0 0 0 1 0 1 0 0 
0 1 0 0 1 0 0 0 
0 1 0 1 0 0 0 0 
0 0 0 0 0 1 0 1 
1 0 0 0 1 0 0 0 
0 0 0 0 0 1 1 0 
1 0 0 0 0 0 0 1 
1 0 0 0 0 0 1 0 
0 0 1 0 0 0 1 0 
0 1 0 0 0 0 0 1 
0 0 1 1 0 0 0 0 
0 0 0 0 1 1 0 0 
0 1 0 0 0 1 0 0 
0 0 0 1 0 0 0 1 
1 0 0 0 1 0 0 0 
0 1 0 1 0 0 0 0 
0 0 1 0 0 0 0 1 
1 0 0 0 0 0 1 0 
0 1 1 0 0 0 0 0 
0 1 0 0 0 0 0 1 
0 0 0 1 1 0 0 0 
1 1 0 0 0 0 0 0 
1 0 0 0 0 0 0 1 
0 0 1 0 1 0 0 0 
0 0 0 1 0 0 1 0 
1 0 0 1 0 0 0 0 
1 0 0 0 1 0 0 0 
0 0 1 0 0 0 1 0 
1 0 0 0 0 0 1 0 
1 1 0 0 0 0 0 0 
0 1 1 0 0 0 0 0 
0 0 1 0 0 0 0 1 
0 0 1 1 0 0 0 0 
0 0 0 0 0 1 1 0 
0 0 1 0 0 1 0 0 
1 0 0 0 0 0 0 1 
1 0 0 1 0 0 0 0 
0 1 0 0 0 1 0 0 
1 0 0 0 1 0 0 0 
0 0 0 0 0 1 0 1 
1 0 0 0 0 0 1 0 
0 0 0 1 0 1 0 0 
0 0 0 0 0 1 1 0 
0 1 0 0 0 0 1 0 
0 1 1 0 0 0 0 0 
1 1 0 0 0 0 0 0 
0 0 1 0 0 0 1 0 
1 0 0 0 0 0 0 1 
0 0 0 0 0 0 1 1 
1 0 0 1 0 0 0 0 
0 0 0 1 0 0 1 0 
0 1 0 0 0 1 0 0 
1 0 0 0 1 0 0 0 
0 0 0 0 1 0 1 0 
0 1 0 0 0 0 0 1 
0 0 1 0 0 0 0 1 
0 0 0 0 0 1 0 1 
0 1 0 1 0 0 0 0 
0 0 1 1 0 0 0 0 
0 0 1 0 1 0 0 0 
1 1 0 0 0 0 0 0 
0 1 0 0 1 0 0 0 
0 0 0 0 1 1 0 0 
0 0 0 1 0 0 0 1 
0 0 0 0 1 0 0 1 
0 0 0 1 0 1 0 0 
0 0 0 0 0 0 1 1 
0 1 0 0 0 0 1 0 
0 0 0 1 1 0 0 0 
0 0 0 1 0 0 1 0 
1 0 0 0 1 0 0 0 
0 1 1 0 0 0 0 0 
0 0 0 0 1 0 1 0 
0 0 1 0 0 0 0 1 
0 1 0 0 0 1 0 0 
0 0 0 0 0 1 0 1 
0 0 1 0 1 0 0 0 
0 0 0 0 1 1 0 0 
1 0 0 0 1 0 0 0 
1 1 0 0 0 0 0 0 
0 1 0 0 0 0 1 0 
0 0 1 1 0 0 0 0 
1 0 0 0 0 0 0 1 
0 0 0 0 0 0 1 1 
0 0 0 1 0 1 0 0 
0 1 1 0 0 0 0 0 
0 0 0 0 1 0 1 0 
0 1 0 0 0 1 0 0 
0 0 1 0 0 0 0 1 
0 0 1 0 1 0 0 0 
0 0 0 1 0 0 1 0 
1 1 0 0 0 0 0 0 
1 0 0 0 1 0 0 0 
0 0 0 0 0 1 0 1 
0 1 0 0 0 0 1 0 
0 0 0 0 1 1 0 0 
0 0 0 0 0 0 1 1 
0 0 0 0 1 0 1 0 
0 0 0 1 1 0 0 0 
1 1 0 0 0 0 0 0 
0 1 1 0 0 0 0 0 
0 0 1 0 0 0 0 1 
1 0 0 0 0 0 0 1 
0 1 0 0 0 1 0 0 
0 0 0 0 0 1 0 1 
0 1 0 0 1 0 0 0 
0 1 0 0 0 0 1 0 
0 0 0 0 1 0 0 1 
0 1 0 1 0 0 0 0 
0 0 0 0 0 0 1 1 
0 0 0 1 0 0 0 1 
0 0 0 0 1 0 1 0 
0 0 0 1 1 0 0 0 
0 1 1 0 0 0 0 0 
0 1 0 0 0 1 0 0 
0 0 0 1 0 0 1 0 
1 1 0 0 0 0 0 0 
0 0 1 0 0 0 0 1 
1 0 0 0 0 0 0 1 
0 0 0 0 0 1 0 1 
0 0 0 1 0 1 0 0 
0 1 0 0 1 0 0 0 
1 0 0 1 0 0 0 0 
1 0 0 0 1 0 0 0 
0 0 0 0 0 1 0 1 
0 0 0 0 0 0 1 1 
0 1 0 0 0 0 1 0 
0 0 1 0 1 0 0 0 
1 1 0 0 0 0 0 0 
0 0 1 1 0 0 0 0 
0 0 0 1 0 1 0 0 
1 0 0 0 0 0 0 1 
0 1 0 0 0 0 0 1 
0 0 1 0 0 0 0 1 
0 0 0 1 0 0 1 0 
0 1 0 0 1 0 0 0 
0 1 0 0 0 0 1 0 
0 0 1 0 0 0 1 0 
1 0 0 1 0 0 0 0 
1 1 0 0 0 0 0 0 
1 0 0 0 0 0 1 0 
0 0 0 1 0 1 0 0 
0 0 0 1 1 0 0 0 
0 1 0 0 1 0 0 0 
0 0 0 1 0 0 1 0 
0 0 1 0 1 0 0 0 
0 1 0 1 0 0 0 0 
0 0 1 1 0 0 0 0 
0 1 1 0 0 0 0 0 
1 0 0 0 0 1 0 0 
1 0 0 0 0 0 1 0 
1 0 0 0 1 0 0 0 
0 0 0 1 0 0 0 1 
0 0 1 0 0 0 0 1 
0 1 0 0 0 0 0 1 
0 0 0 1 0 0 1 0 
1 0 0 1 0 0 0 0 
0 0 0 1 1 0 0 0 
1 1 0 0 0 0 0 0 
0 1 0 0 1 0 0 0 
0 0 1 0 1 0 0 0 
0 1 0 1 0 0 0 0 
1 0 0 0 0 0 0 1 
0 1 1 0 0 0 0 0 
0 1 0 0 0 0 0 1 
0 0 1 1 0 0 0 0 
1 0 0 0 1 0 0 0 
0 0 0 1 0 0 0 1 
0 0 0 1 1 0 0 0 
0 0 0 1 0 1 0 0 
1 1 0 0 0 0 0 0 
1 0 1 0 0 0 0 0 
1 0 0 0 0 0 0 1 
0 1 0 0 0 1 0 0 
1 0 0 0 1 0 0 0 
0 0 0 1 0 1 0 0 
0 0 0 1 0 0 1 0 
1 0 0 1 0 0 0 0 
0 0 1 0 0 0 0 1 
0 0 0 0 1 0 0 1 
0 1 0 0 0 0 1 0 
1 0 0 0 0 0 0 1 
1 1 0 0 0 0 0 0 
0 0 1 1 0 0 0 0 
1 0 1 0 0 0 0 0 
0 1 0 0 0 1 0 0 
0 0 0 1 0 0 1 0 
0 0 0 1 1 0 0 0 
1 0 0 0 1 0 0 0 
0 0 0 1 0 1 0 0 
0 1 0 0 0 0 1 0 
0 1 1 0 0 0 0 0 
0 0 1 0 1 0 0 0 
1 0 0 1 0 0 0 0 
0 0 0 1 0 0 0 1 
0 1 0 0 1 0 0 0 
0 1 0 0 0 1 0 0 
1 0 0 0 0 0 0 1 
0 0 1 1 0 0 0 0 
0 0 0 0 1 0 1 0 
0 1 0 1 0 0 0 0 
0 0 0 1 1 0 0 0 
1 1 0 0 0 0 0 0 
0 0 0 1 0 1 0 0 
0 1 0 0 0 0 0 1 
0 0 1 0 0 0 0 1 
0 0 0 1 0 0 1 0 
0 0 0 0 1 0 0 1 
0 1 1 0 0 0 0 0 
1 0 0 1 0 0 0 0 
0 1 0 0 1 0 0 0 
0 1 0 0 0 1 0 0 
0 0 0 0 0 0 1 1 
0 0 0 1 0 0 0 1 
0 1 0 0 0 0 1 0 
0 0 1 1 0 0 0 0 
1 0 0 0 0 0 0 1 
0 0 0 0 1 0 1 0 
0 1 0 1 0 0 0 0 
0 0 0 1 1 0 0 0 
1 1 0 0 0 0 0 0 
0 1 0 0 0 0 0 1 
0 1 1 0 0 0 0 0 
1 0 0 1 0 0 0 0 
0 1 0 0 1 0 0 0 
0 1 0 0 0 1 0 0 
0 0 0 0 1 0 0 1 
0 1 0 0 0 0 1 0 
0 0 1 0 0 0 1 0 
0 1 0 1 0 0 0 0 
0 0 0 1 0 0 0 1 
1 1 0 0 0 0 0 0 
1 0 1 0 0 0 0 0 
1 0 0 0 0 0 0 1 
0 1 0 0 0 1 0 0 
0 0 0 0 0 1 0 1 
0 1 0 0 0 0 1 0 
0 1 0 1 0 0 0 0 
1 0 0 0 0 0 1 0 
0 0 0 0 1 0 0 1 
1 1 0 0 0 0 0 0 
0 0 1 1 0 0 0 0 
0 1 0 0 0 1 0 0 
0 1 0 0 0 0 0 1 
0 0 0 1 0 0 0 1 
1 0 0 0 0 0 0 1 
0 1 0 1 0 0 0 0 
1 1 0 0 0 0 0 0 
1 0 0 1 0 0 0 0 
0 0 1 1 0 0 0 0 
0 1 0 0 0 1 0 0 
0 0 0 0 0 1 0 1 
0 0 0 1 0 0 0 1 
0 0 1 0 0 0 1 0 
0 0 0 0 1 0 0 1 
0 1 0 1 0 0 0 0 
0 1 0 0 1 0 0 0 
1 0 0 0 0 1 0 0 
0 0 0 0 0 0 1 1 
0 1 0 0 0 0 1 0 
1 0 0 0 0 0 0 1 
0 0 1 1 0 0 0 0 
0 0 0 0 0 1 0 1 
1 0 0 1 0 0 0 0 
1 1 0 0 0 0 0 0 
0 0 0 1 0 1 0 0 
0 0 0 0 1 0 0 1 
0 1 0 0 0 1 0 0 
0 1 0 0 1 0 0 0 
0 0 0 1 0 0 0 1 
0 0 0 0 0 0 1 1 
0 1 0 0 0 0 0 1 
0 1 0 1 0 0 0 0 
0 1 0 0 0 0 1 0 
0 0 0 0 0 1 0 1 
1 1 0 0 0 0 0 0 
0 0 0 0 1 0 0 1 
1 0 0 0 0 0 0 1 
0 0 1 0 0 0 0 1 
0 1 0 0 0 0 0 1 
0 0 1 1 0 0 0 0 
0 1 0 0 0 0 1 0 
0 0 0 0 0 0 1 1 
0 1 0 0 0 0 0 1 
0 0 0 0 0 1 0 1 
0 0 0 0 1 0 0 1 
1 0 0 0 0 0 0 1 
0 0 1 0 0 0 0 1 
0 1 0 1 0 0 0 0 
0 0 1 1 0 0 0 0 
0 0 0 0 0 0 1 1 
0 0 0 0 0 1 0 1 
0 0 0 0 1 0 0 1 
0 1 0 0 1 0 0 0 
1 0 0 0 0 0 0 1 
1 1 0 0 0 0 0 0 
0 0 0 0 0 0 1 1 
0 1 0 0 0 0 1 0 
0 0 0 0 1 0 0 1 
0 0 0 0 0 1 0 1 
0 0 0 1 0 0 0 1 
0 1 0 0 0 1 0 0 
0 1 0 0 0 0 0 1 
0 0 1 0 0 0 0 1 
0 1 0 0 1 0 0 0 
0 1 1 0 0 0 0 0 
0 0 0 0 0 1 0 1 
1 0 0 0 0 0 0 1 
0 1 0 0 0 1 0 0 
1 1 0 0 0 0 0 0 
0 0 0 0 1 0 0 1 
0 0 0 0 0 0 1 1 
0 1 0 0 1 0 0 0 
0 1 0 0 0 0 0 1 
0 0 1 0 0 0 0 1 
0 0 0 0 0 1 0 1 
1 0 0 0 0 0 0 1 
0 1 1 0 0 0 0 0 
0 0 0 0 0 0 1 1 
0 1 0 0 1 0 0 0 
0 1 0 0 0 0 0 1 
0 0 1 0 0 0 0 1 
0 0 0 0 0 1 0 1 
1 0 0 0 0 0 0 1 
0 0 0 0 0 0 1 1 
0 1 1 0 0 0 0 0 
0 1 0 0 0 1 0 0 
0 1 0 0 0 0 0 1 
0 1 0 1 0 0 0 0 
0 0 1 0 0 0 1 0 
0 0 0 0 1 0 0 1 
0 1 1 0 0 0 0 0 
0 1 0 0 0 1 0 0 
0 1 0 0 0 0 1 0 
0 1 0 1 0 0 0 0 
0 0 0 0 1 0 0 1 
0 1 1 0 0 0 0 0 
0 1 0 0 0 0 1 0 
0 0 0 0 0 1 0 1 
0 0 1 0 0 0 0 1 
0 1 1 0 0 0 0 0 
0 1 0 0 0 0 0 1 
0 1 0 0 1 0 0 0 
0 1 0 0 0 1 0 0 
0 0 1 0 0 0 0 1 
0 1 1 0 0 0 0 0 
0 0 0 0 1 1 0 0 
0 1 0 0 1 0 0 0 
0 1 0 0 0 1 0 0 
1 1 0 1 1 1 1 1 
;
TIMETABLE BEST: 
0.0 0.0 0.0 0.0 0.0 0.0 0.0 0.0 
0 14 0 0 0 0 0 0 
0 14 17 0 0 0 0 0 
0 14 17 18 0 0 0 0 
0 14 17 18 24 0 0 0 
0 14 17 18 24 24 0 0 
0 14 17 18 24 24 26 0 
17 14 17 18 24 24 26 0 
17 14 17 18 24 24 26 0 
17 14 17 33 24 24 26 0 
17 14 17 33 24 24 26 18 
17 14 17 33 24 24 26 18 
17 14 17 33 24 24 26 18 
17 14 17 33 24 24 26 18 
17 14 17 33 24 24 26 18 
17 14 17 33 24 24 26 18 
17 14 17 33 24 24 26 18 
17 14 17 33 24 24 26 18 
17 14 17 33 24 24 26 18 
17 14 17 33 24 24 26 18 
17 14 17 33 24 24 26 18 
17 14 17 33 24 24 26 18 
17 14 17 33 24 24 26 18 
17 14 17 33 24 24 26 18 
17 14 17 33 24 24 26 18 
17 14 17 33 24 24 26 38 
17 14 17 33 24 24 39 38 
17 14 17 33 24 24 39 38 
17 14 17 33 24 24 39 38 
17 14 17 33 24 24 39 38 
17 14 17 33 24 24 39 38 
17 14 17 33 46 24 39 38 
17 28 17 33 46 24 39 38 
17 28 17 33 46 24 39 38 
17 28 17 33 46 24 39 38 
17 28 17 33 46 24 39 38 
26 28 17 33 46 24 39 38 
26 28 17 33 46 24 39 38 
26 28 17 33 46 24 50 38 
26 28 17 33 46 24 50 38 
26 28 36 33 46 24 50 38 
26 28 36 33 46 24 50 38 
26 28 36 33 46 43 50 38 
26 28 36 33 46 43 50 38 
26 28 36 33 46 43 50 38 
26 41 36 33 46 43 50 38 
26 41 36 33 46 43 50 38 
26 41 36 33 46 43 50 38 
26 41 36 33 46 43 50 38 
26 41 36 33 46 43 50 38 
26 41 36 33 46 43 50 38 
26 54 36 33 46 43 50 38 
26 54 36 33 46 43 50 56 
26 54 36 33 46 43 50 56 
26 54 36 33 46 43 50 56 
26 54 36 59 46 43 50 56 
26 54 36 59 60 43 50 56 
26 54 36 59 60 43 50 56 
38 54 36 59 60 43 50 56 
38 54 36 59 60 43 50 56 
38 54 36 59 60 43 50 56 
38 54 36 59 60 43 50 56 
38 54 36 59 60 43 50 56 
38 54 36 59 60 43 50 56 
38 54 54 59 60 43 50 56 
38 54 54 59 60 43 50 56 
38 54 54 59 60 43 50 56 
38 54 54 59 60 43 50 56 
38 54 54 59 60 43 50 56 
38 54 54 59 60 43 50 56 
50 54 54 59 60 43 50 56 
50 54 54 59 60 43 50 56 
50 54 54 59 60 56 50 56 
50 54 54 59 60 56 50 56 
50 54 54 59 60 56 50 56 
50 54 54 59 60 56 50 56 
50 54 54 59 60 56 50 56 
50 54 54 59 60 56 50 56 
50 54 54 59 60 56 50 56 
50 54 54 59 60 56 50 56 
50 54 54 59 60 56 50 56 
50 54 54 59 60 56 50 56 
50 54 54 59 60 56 50 56 
50 54 54 59 60 56 50 56 
50 54 54 59 60 56 50 56 
50 54 54 59 60 56 50 56 
50 54 54 59 60 56 50 56 
50 54 54 59 60 56 50 56 
50 54 54 59 60 56 50 56 
50 54 54 59 60 56 50 56 
61 54 54 59 60 56 50 56 
61 54 54 59 60 56 50 56 
61 54 54 59 60 56 50 56 
61 54 54 59 60 56 50 56 
61 54 54 59 60 56 50 56 
61 54 54 59 60 56 50 56 
61 54 54 59 60 56 50 68 
61 67 54 59 60 56 50 68 
61 67 54 59 60 56 50 68 
61 67 54 74 60 56 50 68 
61 67 54 74 60 56 50 68 
61 67 54 74 60 56 50 68 
61 67 54 74 60 56 61 68 
61 67 54 74 60 56 61 68 
61 67 54 74 60 56 61 68 
61 67 54 74 60 56 61 68 
61 67 54 74 71 56 61 68 
61 67 54 74 71 56 61 68 
61 67 54 74 71 56 61 68 
61 67 54 74 71 56 61 68 
61 67 54 74 71 56 61 68 
61 67 54 74 71 56 61 68 
61 67 54 74 71 56 61 68 
61 67 54 74 71 56 61 68 
61 67 54 74 71 56 61 68 
61 78 54 74 71 56 61 68 
61 78 54 74 71 56 61 68 
61 78 54 74 71 56 61 68 
61 78 54 74 71 56 61 80 
61 78 68 74 71 56 61 80 
61 78 68 74 71 56 61 80 
61 78 68 74 71 56 61 80 
70 78 68 74 71 56 61 80 
70 78 68 74 71 56 61 80 
70 78 68 74 71 56 61 80 
70 78 68 74 71 68 61 80 
70 78 68 74 71 68 61 80 
70 78 68 74 71 68 72 80 
70 78 68 74 71 68 72 80 
70 78 68 74 71 68 72 80 
70 78 68 74 71 68 72 80 
70 78 68 74 71 68 72 80 
70 78 68 74 71 68 72 80 
70 78 68 74 71 68 72 80 
70 78 68 74 71 68 72 80 
70 78 68 74 71 68 72 80 
70 78 68 74 71 68 72 80 
70 78 68 74 71 68 72 80 
70 78 68 74 71 68 72 80 
70 78 68 74 71 68 72 80 
70 78 68 74 71 68 72 80 
70 78 68 74 71 68 84 80 
70 78 68 74 82 68 84 80 
70 89 68 74 82 68 84 80 
70 89 68 74 82 68 84 80 
70 89 68 74 82 68 84 80 
70 89 68 74 82 68 84 80 
70 89 79 74 82 68 84 80 
70 89 79 74 82 68 84 92 
70 89 79 74 82 68 84 92 
70 89 79 99 82 68 84 92 
70 89 79 99 82 68 84 92 
70 89 79 99 82 68 84 92 
88 89 79 99 82 68 84 92 
88 89 79 99 82 80 84 92 
88 89 79 99 82 80 84 92 
88 89 79 99 82 80 84 92 
88 89 79 99 95 80 84 92 
88 89 79 99 95 80 84 92 
88 89 79 99 95 80 84 92 
88 89 79 99 95 80 84 92 
88 89 79 99 95 80 84 92 
88 89 79 99 95 80 84 92 
88 89 79 99 95 80 84 104 
88 89 79 99 95 80 84 104 
88 89 79 99 95 80 84 104 
88 100 79 99 95 80 84 104 
88 100 101 99 95 80 84 104 
88 100 101 99 95 80 84 104 
88 100 101 99 95 80 84 104 
108 100 101 99 95 80 84 104 
108 100 101 99 95 94 84 104 
108 100 101 99 95 94 84 104 
108 100 101 99 95 94 84 104 
108 100 101 99 95 94 96 104 
108 100 101 99 95 94 96 104 
108 100 101 99 95 94 96 104 
108 100 101 99 95 94 96 104 
108 100 101 99 95 94 96 104 
108 100 101 99 95 94 96 104 
108 100 101 99 95 94 96 104 
108 100 101 99 95 94 96 104 
108 100 101 99 95 94 96 104 
108 100 101 99 95 94 96 104 
108 100 101 99 95 94 96 104 
108 100 101 99 95 94 107 104 
108 100 101 99 95 94 107 104 
108 100 101 99 108 94 107 104 
108 100 101 99 108 94 107 104 
108 100 101 99 108 94 107 104 
108 100 101 99 108 94 107 104 
108 111 101 99 108 94 107 104 
108 111 101 99 108 94 107 104 
108 111 101 99 108 94 107 104 
108 111 101 99 108 94 107 104 
108 111 116 99 108 94 107 104 
108 111 116 99 108 94 107 104 
108 111 116 99 108 94 107 116 
108 111 116 99 119 94 107 116 
108 111 116 124 119 94 107 116 
108 111 116 124 119 94 107 116 
108 111 116 124 119 94 107 116 
108 111 116 124 119 94 107 116 
108 131 116 124 119 94 107 116 
108 131 116 124 119 94 107 116 
108 131 116 124 119 111 107 116 
108 131 116 124 119 111 107 116 
108 131 116 124 119 111 107 116 
108 131 116 124 119 111 107 116 
108 131 116 124 119 111 107 116 
108 131 116 124 119 111 107 116 
108 131 116 124 119 111 107 128 
108 131 116 124 119 111 107 128 
108 131 116 124 119 111 107 128 
126 131 116 124 119 111 107 128 
126 131 116 124 119 111 107 128 
126 131 116 124 119 111 118 128 
126 131 116 124 119 111 118 128 
126 131 116 124 119 111 118 128 
126 131 116 124 119 120 118 128 
126 131 116 124 119 120 118 128 
126 131 116 124 119 120 118 128 
126 131 130 124 119 120 118 128 
126 131 130 124 119 120 118 128 
126 131 130 124 119 120 118 128 
126 131 130 124 119 120 118 128 
126 131 130 124 119 120 118 128 
126 131 130 124 119 120 118 128 
126 131 130 124 119 120 118 128 
126 131 130 124 119 120 135 128 
126 131 130 124 119 120 135 128 
126 131 130 124 132 120 135 128 
126 131 130 124 132 120 135 128 
126 131 130 124 132 132 135 128 
126 131 130 124 132 132 135 128 
126 131 130 124 132 132 135 128 
126 131 130 124 132 132 135 128 
126 131 130 124 132 132 135 128 
126 131 130 124 132 132 135 128 
126 131 130 136 132 132 135 128 
126 131 130 136 132 132 135 128 
126 131 130 136 132 132 135 128 
126 131 130 136 132 132 135 128 
126 131 130 136 132 132 135 128 
126 131 130 136 132 132 135 128 
126 131 130 136 132 132 135 128 
139 131 130 136 132 132 135 128 
139 131 130 136 132 132 135 128 
139 131 130 136 132 132 135 128 
139 131 130 136 132 132 135 128 
139 131 130 136 132 132 135 128 
139 144 130 136 132 132 135 128 
139 144 130 136 132 132 135 128 
139 144 130 136 132 132 135 128 
139 144 130 136 132 132 135 128 
139 144 130 136 132 132 135 128 
139 144 130 136 148 132 135 128 
139 144 130 136 148 132 135 128 
139 144 144 136 148 132 135 128 
139 144 144 136 148 132 135 128 
139 144 144 136 148 132 135 144 
139 144 144 136 148 132 135 144 
139 144 144 136 148 132 135 144 
139 144 144 136 148 132 135 144 
139 154 144 136 148 132 135 144 
139 154 144 136 148 144 135 144 
139 154 144 136 148 144 135 144 
139 154 144 136 148 144 135 144 
139 154 144 136 148 144 153 144 
139 154 144 136 148 144 153 144 
139 154 144 136 148 144 153 144 
139 154 159 136 148 144 153 144 
139 154 159 136 148 144 153 144 
139 154 159 136 148 144 153 144 
139 154 159 136 148 144 153 162 
139 154 159 136 148 144 153 162 
139 165 159 136 148 144 153 162 
139 165 159 136 148 144 153 162 
157 165 159 148 148 144 153 162 
157 165 159 148 148 144 153 162 
157 165 159 148 148 144 153 162 
157 165 159 148 148 144 153 162 
157 165 159 148 148 144 153 162 
157 165 159 148 148 144 153 162 
157 165 159 148 148 144 153 162 
157 165 159 148 148 144 153 162 
157 165 159 148 148 144 153 162 
157 165 159 148 148 158 153 162 
157 165 159 148 148 158 153 162 
157 165 159 148 148 158 153 162 
157 165 159 148 148 158 153 162 
157 165 174 148 148 158 153 162 
157 165 174 148 148 158 153 162 
157 165 174 164 148 158 153 162 
157 165 174 164 148 158 153 162 
157 165 174 164 148 158 153 162 
157 165 174 164 160 158 153 162 
157 165 174 164 160 158 153 162 
157 165 174 164 160 158 153 162 
157 165 174 164 160 158 153 162 
157 165 174 164 160 158 164 162 
157 165 174 164 160 158 164 162 
157 165 174 164 160 158 164 162 
157 165 174 164 160 158 164 162 
157 165 174 164 160 170 164 162 
157 176 174 164 160 170 164 162 
157 176 174 164 171 170 164 162 
174 176 174 164 171 170 164 162 
174 176 174 164 171 170 164 162 
174 176 174 164 171 170 164 162 
174 176 174 164 171 170 164 162 
174 176 174 164 171 170 164 162 
174 176 174 164 171 170 178 162 
174 186 174 164 171 170 178 162 
174 186 174 164 171 181 178 162 
174 186 174 164 171 181 178 173 
174 186 174 164 171 181 178 173 
174 186 174 164 171 181 178 173 
174 186 174 164 171 181 178 173 
174 186 189 164 171 181 178 173 
174 186 189 164 171 181 178 173 
174 186 189 164 171 181 178 173 
174 186 189 164 171 181 178 184 
174 186 189 164 171 181 178 184 
174 186 189 164 171 181 178 184 
174 186 189 164 171 181 178 184 
174 186 189 164 171 181 178 184 
174 186 189 164 171 181 178 184 
174 186 189 164 182 181 178 184 
174 186 189 164 182 181 178 184 
174 186 189 180 182 181 178 184 
174 186 189 180 182 181 178 184 
174 186 189 180 182 181 178 184 
174 186 189 180 182 181 178 184 
174 186 189 180 182 181 178 184 
174 186 189 180 182 181 178 184 
174 186 189 180 182 190 178 184 
192 186 189 180 182 190 178 184 
192 186 189 180 182 190 178 184 
192 186 189 180 182 190 178 184 
192 186 189 180 194 190 178 184 
192 186 189 180 194 190 194 184 
192 186 189 180 194 190 194 184 
192 186 189 180 194 190 194 195 
192 186 189 180 194 190 194 195 
192 186 189 180 194 190 194 195 
192 186 189 180 194 190 194 195 
192 199 189 180 194 190 194 195 
192 199 189 180 194 190 194 195 
192 199 189 180 194 190 194 195 
192 199 189 180 194 190 194 195 
192 199 189 180 194 190 194 206 
192 199 189 180 194 190 194 206 
192 199 189 180 194 190 194 206 
192 199 189 180 194 190 194 206 
192 199 204 180 194 190 194 206 
192 199 204 180 194 204 194 206 
192 199 204 180 194 204 194 206 
192 199 204 211 194 204 194 206 
192 199 204 211 194 204 207 206 
192 199 204 211 207 204 207 206 
192 212 204 211 207 204 207 206 
192 212 204 211 207 204 207 206 
192 212 204 211 207 204 207 206 
192 212 204 211 207 204 207 206 
192 212 204 211 207 204 207 217 
192 222 204 211 207 204 207 217 
192 222 204 211 207 204 207 217 
192 222 204 211 207 216 207 217 
192 222 222 211 207 216 207 217 
192 222 222 211 207 216 207 217 
192 222 222 211 207 216 207 217 
192 222 222 211 227 216 207 217 
192 222 222 211 227 228 207 217 
192 222 222 211 227 228 207 228 
192 232 222 211 227 228 207 228 
192 232 222 211 227 228 207 228 
192 232 222 211 227 228 207 228 
192 232 222 211 227 228 207 228 
228.0 328.0 222.0 282.0 310.0 254.0 274.0 320.0 
;
EXECUTION TIME HBSS: 9257.23678398 seconds 

-------------------------------------------------------------------
