DATFILE : bwopen0_10r_1000.dat
ENVIRONMENT : bwopen
ALGORITHM : HBSS - TAU 3
RANGE : _100
STARTING_POS : 0
N_ROBOTS : 10
GREEDY SOLUTION : 584.0
COMPUTATIONS T :
578.0
556.0
630.0
563.0
552.0
563.0
592.0
560.0
561.0
577.0
623.0
653.0
548.0
575.0
528.0
594.0
556.0
569.0
553.0
570.0
579.0
589.0
623.0
571.0
565.0
613.0
607.0
562.0
546.0
551.0
538.0
604.0
547.0
607.0
551.0
578.0
537.0
618.0
550.0
609.0
543.0
580.0
553.0
536.0
559.0
581.0
532.0
574.0
608.0
554.0
574.0
602.0
568.0
552.0
586.0
566.0
566.0
641.0
584.0
524.0
579.0
590.0
557.0
564.0
552.0
564.0
521.0
598.0
559.0
551.0
565.0
543.0
610.0
518.0
559.0
591.0
592.0
605.0
610.0
575.0
605.0
582.0
542.0
605.0
566.0
521.0
548.0
570.0
568.0
569.0
616.0
580.0
598.0
584.0
545.0
569.0
620.0
590.0
560.0
556.0
573.0
566.0
604.0
529.0
540.0
642.0
590.0
582.0
565.0
564.0
561.0
577.0
614.0
607.0
556.0
596.0
608.0
607.0
550.0
619.0
558.0
591.0
607.0
591.0
581.0
625.0
565.0
597.0
562.0
510.0
585.0
539.0
597.0
583.0
611.0
583.0
639.0
614.0
572.0
617.0
545.0
635.0
556.0
606.0
555.0
547.0
605.0
515.0
573.0
613.0
606.0
594.0
618.0
575.0
524.0
592.0
569.0
593.0
597.0
536.0
601.0
627.0
595.0
550.0
572.0
581.0
592.0
588.0
527.0
589.0
603.0
585.0
550.0
633.0
572.0
534.0
583.0
546.0
598.0
592.0
579.0
571.0
584.0
582.0
585.0
580.0
593.0
566.0
570.0
603.0
575.0
546.0
577.0
650.0
595.0
551.0
557.0
561.0
568.0
575.0
;
HBBS bestT : 510.0
BEST_CONFIGURATIONS : 
0 0 0 0 0 0 0 0 0 0 
0 4 0 0 0 0 0 0 0 0 
0 4 26 0 0 0 0 0 0 0 
0 4 26 0 0 0 0 0 0 0 
0 4 26 1 0 0 0 0 0 0 
0 4 26 1 0 0 0 0 0 0 
0 4 26 1 0 0 0 0 0 0 
0 4 26 1 5 0 0 0 0 0 
0 4 26 1 5 22 0 0 0 0 
0 4 26 1 5 22 0 0 0 0 
0 4 26 1 5 22 0 0 0 0 
0 4 26 1 5 22 0 0 0 0 
0 4 26 1 5 22 0 0 0 0 
0 4 26 1 5 22 0 0 0 0 
0 4 26 1 5 22 0 0 0 0 
0 4 26 1 5 22 0 0 0 0 
0 4 26 1 5 22 8 0 0 0 
0 4 26 1 5 22 8 0 0 0 
0 4 26 1 5 22 8 0 0 0 
0 4 26 1 5 22 8 0 0 0 
0 4 26 1 5 22 8 0 0 0 
0 4 26 1 5 22 8 0 0 0 
0 4 26 1 5 22 8 0 27 0 
0 4 26 1 5 22 8 27 27 0 
0 4 26 1 5 22 8 27 27 0 
0 4 26 1 5 22 8 27 27 0 
0 4 26 1 5 22 8 27 27 0 
0 4 26 1 5 22 8 27 27 0 
0 4 26 1 5 22 8 27 27 0 
0 4 26 1 5 22 8 27 27 2 
0 4 26 1 5 22 8 27 27 2 
0 4 26 1 5 22 8 27 27 2 
0 4 26 1 5 22 8 27 27 2 
0 4 26 1 5 22 8 27 27 2 
0 4 26 1 5 22 8 27 27 2 
0 4 26 1 5 22 8 27 27 2 
0 4 26 1 5 22 8 27 9 2 
0 4 26 1 5 22 8 27 9 2 
0 4 26 1 5 22 8 27 9 2 
0 4 5 1 5 22 8 27 9 2 
0 4 5 1 5 22 8 27 9 2 
0 4 5 1 22 22 8 27 9 2 
0 4 5 1 22 8 8 27 9 2 
0 4 5 1 22 8 8 27 9 2 
0 4 5 1 22 8 8 27 9 2 
0 4 5 1 22 8 13 27 9 2 
0 4 5 1 22 8 13 27 9 2 
0 4 5 1 22 8 13 27 9 2 
0 4 5 1 22 8 13 27 9 2 
0 4 5 1 22 8 13 27 9 2 
0 4 5 1 22 8 13 27 9 2 
0 4 5 1 22 8 13 27 9 2 
0 4 5 1 22 8 13 27 9 2 
0 4 5 1 22 8 13 27 9 2 
0 4 26 1 22 8 13 27 9 2 
0 4 26 1 22 8 13 27 9 2 
0 4 26 1 22 8 13 27 9 6 
0 4 26 1 22 8 13 27 9 6 
0 4 5 1 22 8 13 27 9 6 
0 4 5 1 22 8 13 27 9 6 
0 4 5 1 8 8 13 27 9 6 
0 4 5 1 8 13 13 27 9 6 
0 4 5 1 8 13 13 9 9 6 
0 4 5 1 8 13 17 9 9 6 
0 4 5 1 8 13 17 9 9 6 
0 4 5 1 8 13 17 9 9 6 
0 4 5 1 8 13 17 9 9 6 
0 4 5 1 8 13 17 9 9 6 
0 4 5 1 8 13 17 9 9 6 
0 4 5 1 8 13 17 9 9 6 
0 4 5 1 8 13 17 9 9 6 
0 4 26 1 8 13 17 9 9 6 
0 4 26 1 8 13 17 9 9 6 
0 22 26 1 8 13 17 9 9 6 
0 22 26 1 8 13 17 10 9 6 
0 22 26 1 8 13 17 10 9 6 
0 22 26 1 8 17 17 10 9 6 
0 22 26 1 8 17 17 10 9 6 
0 22 26 1 8 17 17 10 9 6 
0 22 26 1 8 17 17 10 9 6 
0 22 26 1 8 17 17 10 9 6 
0 22 26 1 8 17 17 10 9 6 
0 22 26 1 8 17 17 10 9 6 
0 22 26 1 8 17 13 10 9 6 
0 22 5 1 8 17 13 10 9 6 
0 22 5 1 8 25 13 10 9 6 
0 22 5 1 8 25 13 10 9 21 
0 4 5 1 8 25 13 10 9 21 
0 4 5 1 8 25 13 10 9 21 
0 4 5 1 8 25 13 10 9 21 
0 4 5 1 8 25 13 10 9 21 
0 4 5 1 8 25 13 10 9 21 
0 4 5 1 8 25 13 10 9 21 
0 4 5 1 8 25 13 10 24 21 
0 4 5 1 8 25 13 10 24 21 
0 4 5 1 8 25 13 10 24 21 
0 4 5 1 8 25 13 10 24 21 
0 4 5 1 8 25 13 10 24 21 
0 4 5 1 8 25 13 10 24 21 
0 4 5 1 8 25 13 10 24 21 
0 4 5 1 8 25 13 10 24 21 
0 4 5 1 8 25 13 10 24 21 
0 4 5 1 8 25 13 10 24 21 
0 4 5 1 8 25 13 10 24 21 
0 4 5 1 8 25 13 10 24 21 
0 4 5 1 8 25 13 10 24 21 
0 4 5 1 8 25 13 10 24 21 
0 4 5 1 8 25 13 10 24 21 
0 4 5 1 8 25 13 10 24 21 
0 4 5 1 8 25 13 10 24 21 
0 4 26 1 8 25 13 10 24 21 
0 4 26 1 8 25 13 10 24 21 
0 4 26 1 8 25 13 10 24 21 
0 4 26 1 8 25 13 15 24 21 
0 4 26 1 8 25 13 15 24 21 
0 4 26 1 8 25 13 15 24 21 
0 4 26 1 8 25 13 15 24 21 
0 4 26 1 8 25 13 15 24 21 
0 4 26 1 8 25 17 15 24 21 
0 4 26 1 8 25 17 15 24 21 
0 4 26 1 8 25 17 15 24 21 
0 4 26 1 8 25 17 15 24 21 
0 4 26 1 8 25 17 15 24 21 
0 4 22 1 8 25 17 15 24 21 
0 4 22 1 8 25 17 15 24 21 
0 4 22 1 8 25 17 15 24 21 
0 4 22 1 8 25 17 15 24 21 
0 4 22 1 8 25 13 15 24 21 
0 4 22 1 8 25 13 15 24 21 
0 4 22 1 8 25 13 15 24 21 
0 5 22 1 8 25 13 15 24 21 
0 5 22 27 8 25 13 15 24 21 
0 5 22 27 8 25 13 15 24 21 
0 5 22 27 8 25 13 15 24 21 
0 5 22 27 8 25 13 15 24 21 
0 5 22 27 8 25 17 15 24 21 
0 5 22 27 8 25 17 10 24 21 
22 5 22 27 8 25 17 10 24 3 
22 26 22 27 8 25 17 10 24 3 
22 26 8 27 8 25 17 10 24 3 
22 26 8 27 8 25 17 10 24 3 
22 26 8 27 0 25 17 10 24 3 
22 26 8 27 0 25 17 10 24 3 
22 26 8 27 0 25 17 10 24 3 
22 26 8 27 0 25 17 10 24 3 
22 26 8 27 0 25 17 10 24 3 
22 5 8 27 0 25 17 10 24 3 
22 5 8 27 0 25 13 10 24 3 
22 5 8 27 0 25 13 15 24 3 
5 5 8 27 0 18 13 15 24 3 
5 5 8 27 0 18 13 15 24 3 
5 5 8 27 0 18 13 15 24 3 
5 5 8 27 0 18 13 15 6 3 
5 5 8 27 0 18 13 15 6 3 
5 5 8 27 0 18 13 15 6 3 
5 5 8 27 0 18 13 15 6 3 
5 5 8 27 0 18 13 15 6 3 
5 5 8 27 0 18 13 15 6 3 
5 5 8 27 0 18 13 15 6 3 
5 5 8 27 0 18 13 15 6 3 
5 26 8 27 0 18 13 15 6 3 
5 26 8 27 0 18 13 15 6 21 
22 26 8 27 0 18 13 15 6 21 
22 26 8 27 0 18 17 15 6 21 
22 26 8 27 0 18 17 10 6 21 
22 26 8 27 0 18 17 10 24 21 
22 26 4 27 0 18 17 10 24 21 
22 26 4 1 0 18 17 10 24 21 
4 26 4 1 0 18 17 10 24 3 
4 26 4 1 0 18 17 10 24 3 
4 26 4 1 0 18 25 10 24 3 
4 26 4 1 0 18 25 9 24 3 
4 26 4 1 0 18 25 9 24 3 
4 26 4 1 0 18 25 9 24 3 
4 9 4 1 0 18 25 9 24 3 
4 9 4 1 2 18 25 9 24 3 
4 9 4 1 2 18 25 9 24 3 
4 9 4 1 2 18 25 9 24 3 
4 9 4 1 2 18 25 9 24 3 
4 9 4 1 2 18 25 10 24 3 
5 9 4 1 2 14 25 10 24 3 
5 9 4 1 2 14 25 10 24 3 
5 9 0 1 2 14 25 10 24 3 
5 9 0 1 2 14 25 10 24 3 
5 9 0 1 2 14 25 10 24 3 
5 9 0 1 2 14 25 10 24 3 
5 9 0 1 2 14 25 10 24 3 
5 9 0 1 2 14 25 10 24 3 
5 9 0 1 2 14 25 10 24 3 
26 9 0 1 2 14 25 10 24 3 
26 9 0 1 2 14 25 15 24 3 
26 9 0 1 2 14 25 15 24 3 
26 9 0 1 2 14 25 15 24 21 
26 9 0 1 2 14 17 15 24 21 
26 9 0 1 2 14 17 15 24 21 
26 9 0 1 2 14 17 15 24 21 
26 9 0 1 2 14 17 15 24 21 
26 9 0 1 2 14 17 15 24 21 
26 9 0 1 2 14 17 15 6 21 
26 9 0 1 2 14 17 15 6 21 
26 9 0 1 2 14 17 15 6 21 
26 9 4 1 2 14 17 15 6 21 
26 9 4 27 2 14 17 15 6 21 
22 9 4 27 2 14 17 15 6 21 
22 9 4 27 2 14 13 15 6 21 
22 9 4 27 2 14 13 15 6 7 
22 9 4 27 2 14 13 15 6 7 
22 9 4 27 2 14 13 15 6 7 
22 9 4 27 2 14 13 15 6 7 
22 9 4 27 2 14 13 15 6 7 
22 9 4 27 2 14 13 15 6 7 
22 9 4 27 2 14 13 10 6 7 
22 9 4 27 2 14 13 10 11 7 
22 9 4 27 2 14 13 10 11 7 
22 9 4 27 2 14 13 10 11 7 
22 9 4 27 2 14 13 10 11 7 
22 9 4 27 2 14 13 10 11 7 
22 9 4 27 2 14 13 10 11 7 
22 9 4 27 2 14 13 10 11 7 
22 9 4 27 2 14 13 10 11 7 
22 9 4 27 2 14 13 10 11 7 
22 9 4 27 2 14 13 10 11 7 
26 9 4 27 2 14 13 10 11 7 
26 9 4 27 2 14 13 10 11 7 
26 9 4 27 2 18 13 10 11 7 
26 9 4 27 2 18 13 10 11 7 
26 9 4 27 2 18 17 10 11 7 
26 9 4 27 2 18 17 10 11 7 
26 9 4 27 2 18 17 15 11 7 
26 9 4 27 2 18 17 15 11 7 
26 10 4 27 2 18 17 15 11 7 
26 10 0 27 2 18 17 15 11 7 
26 10 0 27 2 18 17 15 11 7 
26 10 0 1 2 18 17 15 11 7 
26 10 0 1 2 18 17 15 11 7 
26 10 0 1 6 18 17 15 11 7 
26 10 0 1 6 18 17 15 11 7 
5 10 0 1 6 18 17 15 11 7 
5 10 0 1 6 18 17 15 11 7 
5 10 0 1 6 25 17 15 11 7 
5 10 0 1 6 25 25 15 11 7 
5 10 0 1 6 25 25 15 11 7 
5 24 0 1 6 25 25 15 11 7 
5 24 0 1 6 25 25 15 11 7 
5 24 0 1 6 25 25 15 11 7 
5 24 0 1 6 18 25 14 11 7 
5 24 0 1 21 18 25 14 11 7 
5 24 0 1 21 18 25 14 11 7 
5 24 8 1 21 18 25 14 11 7 
8 24 8 1 21 18 25 14 11 7 
8 24 8 1 21 18 25 14 11 7 
8 11 8 1 3 18 25 14 11 7 
8 11 8 1 3 18 25 14 11 7 
8 11 8 1 3 18 19 14 11 7 
8 11 8 1 3 18 19 14 11 7 
8 11 4 1 3 18 19 14 11 7 
8 11 4 0 3 18 19 14 11 7 
8 11 4 0 3 18 19 14 11 7 
8 11 4 0 3 18 19 14 11 7 
8 11 4 0 3 18 19 9 11 7 
8 11 4 0 3 18 19 9 11 7 
8 11 4 0 3 18 19 9 6 7 
8 11 26 0 3 18 19 9 6 7 
8 11 26 0 3 14 19 9 6 7 
8 11 26 0 21 14 19 9 6 7 
22 11 26 0 21 14 19 9 6 7 
22 11 26 0 21 14 19 10 6 7 
22 11 26 0 21 14 19 10 24 7 
22 11 26 0 21 14 19 10 24 12 
22 6 26 0 21 14 19 10 24 12 
22 6 26 0 21 14 19 10 24 12 
22 6 26 1 21 14 19 10 24 12 
22 6 26 1 21 14 19 10 24 12 
22 6 26 1 21 14 19 10 24 12 
22 6 26 1 21 14 19 10 24 12 
22 6 26 1 21 14 19 10 24 12 
22 6 26 1 21 14 19 10 24 12 
22 6 26 1 21 14 19 10 24 12 
22 6 5 1 21 14 19 10 24 12 
22 6 5 1 21 14 19 10 24 12 
22 6 5 1 21 18 19 10 24 12 
22 6 5 1 21 18 19 15 24 12 
22 6 5 1 21 18 19 15 24 12 
4 6 5 1 21 18 19 15 24 12 
4 21 5 1 3 18 19 15 24 12 
4 21 5 27 3 18 19 15 24 12 
4 21 5 27 3 18 19 15 24 12 
4 21 5 27 3 18 19 15 24 12 
4 21 5 27 3 18 19 15 9 12 
4 7 5 27 3 18 19 15 9 12 
4 7 5 27 3 25 19 15 9 12 
4 7 5 27 3 25 19 15 9 12 
8 7 5 27 3 25 19 15 9 12 
8 7 5 27 2 25 19 15 9 12 
8 7 0 27 2 25 19 15 9 12 
8 7 0 2 2 25 19 15 9 12 
8 7 0 2 2 17 19 15 9 12 
8 7 0 2 2 17 19 15 9 12 
13 7 0 2 2 17 19 15 9 12 
13 7 0 2 2 17 19 15 11 12 
13 7 0 2 2 17 19 15 11 12 
13 7 0 2 2 17 19 20 11 12 
13 3 0 2 2 17 19 20 11 12 
13 3 0 2 2 17 19 20 11 12 
13 3 0 2 2 17 19 20 11 12 
13 3 0 2 2 17 19 20 11 12 
13 3 0 2 2 17 19 20 11 12 
13 3 0 2 2 17 19 20 11 12 
13 3 0 2 2 17 19 20 11 12 
13 3 0 2 2 17 19 23 11 12 
13 3 0 2 2 17 19 23 11 12 
13 3 0 2 2 17 19 23 11 12 
13 3 0 2 2 17 19 23 11 12 
13 3 0 2 6 17 19 23 11 12 
13 3 0 2 6 17 19 23 11 12 
13 3 0 2 6 17 19 23 11 12 
13 3 0 2 6 17 19 23 11 12 
13 3 0 2 6 17 19 23 11 12 
13 3 0 2 6 17 19 20 11 12 
13 3 0 2 6 17 19 20 11 16 
13 3 0 2 6 17 19 20 11 16 
13 3 0 2 6 17 19 20 11 16 
13 3 0 2 6 17 19 20 11 16 
13 3 0 2 6 17 19 20 11 16 
13 3 0 2 6 17 19 20 11 16 
13 3 0 2 6 17 19 20 11 16 
13 3 0 2 6 17 19 20 11 16 
13 3 0 2 6 17 19 20 11 16 
13 3 0 2 6 17 19 23 11 16 
13 21 0 2 6 17 19 23 11 16 
13 21 0 2 6 17 19 23 11 16 
13 21 0 2 6 25 19 23 11 16 
13 21 0 2 6 25 19 23 11 16 
8 21 0 2 6 25 20 23 11 16 
8 21 0 2 6 25 20 23 11 16 
8 21 0 2 6 25 20 23 11 16 
8 21 0 2 6 25 20 23 11 16 
8 21 0 2 24 25 20 23 11 16 
8 21 0 2 24 25 20 23 11 16 
8 21 0 2 24 25 20 23 11 16 
8 21 0 2 24 25 20 23 11 16 
8 21 0 2 24 25 20 23 11 16 
8 21 4 2 24 25 20 23 11 16 
8 21 4 2 24 25 20 23 11 16 
8 21 4 2 24 25 20 23 11 16 
8 21 4 27 24 25 20 23 11 16 
8 21 4 27 24 25 20 23 11 16 
8 21 4 27 24 25 20 23 11 16 
8 21 4 27 24 25 20 23 10 16 
8 21 4 27 24 25 20 23 10 16 
8 21 4 27 24 25 20 23 10 16 
22 21 4 27 24 25 20 23 10 16 
22 21 4 27 24 25 20 23 10 16 
22 21 4 27 24 25 20 23 10 16 
22 7 4 27 24 25 20 23 10 16 
22 7 4 27 24 25 20 23 10 16 
22 7 4 27 24 25 20 23 10 16 
22 7 26 27 24 25 20 23 10 16 
22 7 26 27 24 25 20 23 10 16 
22 7 26 27 24 25 20 23 10 16 
22 7 26 27 24 18 20 23 10 16 
22 7 26 27 24 18 20 23 10 16 
22 7 26 27 24 18 20 23 10 16 
22 7 26 27 9 18 20 23 10 16 
22 7 26 27 9 18 20 23 10 16 
22 7 26 27 9 18 20 23 10 16 
22 7 26 27 9 18 20 23 15 16 
22 7 26 27 9 18 20 23 15 16 
22 7 5 27 9 18 20 23 15 16 
22 7 5 27 9 18 20 23 15 16 
22 7 5 27 9 18 20 23 15 16 
22 7 5 27 9 18 20 23 15 16 
22 7 5 1 9 18 20 23 15 16 
22 7 5 1 9 18 20 23 15 16 
22 7 5 1 9 18 20 23 15 16 
22 7 5 1 9 14 20 23 15 16 
22 7 5 1 9 14 20 23 15 16 
22 7 5 1 9 14 20 23 15 16 
22 12 5 1 9 14 20 16 15 16 
0 0 0 0 0 0 0 0 0 0 
;
ROBOT MOVING BEST:
0 0 0 0 0 0 0 0 0 0 
1 1 0 0 0 0 0 0 0 0 
1 0 1 0 0 0 0 0 0 0 
0 1 1 0 0 0 0 0 0 0 
1 0 0 1 0 0 0 0 0 0 
0 1 0 1 0 0 0 0 0 0 
0 0 1 1 0 0 0 0 0 0 
1 0 0 0 1 0 0 0 0 0 
1 0 0 0 0 1 0 0 0 0 
0 1 0 0 1 0 0 0 0 0 
0 1 0 0 0 1 0 0 0 0 
0 0 1 0 1 0 0 0 0 0 
0 0 0 1 1 0 0 0 0 0 
0 0 1 0 0 1 0 0 0 0 
0 0 0 1 0 1 0 0 0 0 
0 0 0 0 1 1 0 0 0 0 
1 0 0 0 0 0 1 0 0 0 
0 1 0 0 0 0 1 0 0 0 
0 0 1 0 0 0 1 0 0 0 
0 0 0 1 0 0 1 0 0 0 
0 0 0 0 1 0 1 0 0 0 
0 0 0 0 0 1 1 0 0 0 
1 0 0 0 0 0 0 0 1 0 
0 1 0 0 0 0 0 1 0 0 
0 0 1 0 0 0 0 1 0 0 
0 0 0 1 0 0 0 1 0 0 
0 0 0 0 0 1 0 1 0 0 
0 0 0 0 1 0 0 1 0 0 
0 0 0 0 0 0 1 1 0 0 
1 0 0 0 0 0 0 0 0 1 
0 1 0 0 0 0 0 0 0 1 
0 0 1 0 0 0 0 0 0 1 
0 0 0 0 1 0 0 0 0 1 
0 0 0 0 0 0 1 0 0 1 
0 0 0 0 0 0 0 1 0 1 
0 0 0 0 0 1 0 0 0 1 
1 0 0 0 0 0 0 0 1 0 
0 0 0 1 0 0 0 0 0 1 
0 1 0 0 0 0 0 0 1 0 
0 0 1 0 0 0 0 0 1 0 
0 0 0 1 0 0 0 0 1 0 
0 0 0 0 1 0 0 0 1 0 
0 0 0 0 0 1 0 0 1 0 
0 0 0 0 0 0 0 1 1 0 
0 0 0 0 0 0 0 0 1 1 
0 1 0 0 0 0 1 0 0 0 
0 0 1 0 0 0 1 0 0 0 
1 0 0 0 0 0 1 0 0 0 
0 0 0 1 0 0 1 0 0 0 
0 0 0 0 1 0 1 0 0 0 
0 0 0 0 0 0 1 0 1 0 
0 0 0 0 0 0 1 1 0 0 
0 0 0 0 0 1 1 0 0 0 
0 0 0 0 0 0 1 0 0 1 
0 0 1 0 0 0 1 0 0 0 
0 0 1 0 0 0 0 0 1 0 
1 0 0 0 0 0 0 0 0 1 
0 1 0 0 0 0 0 0 0 1 
0 0 1 0 0 0 0 0 0 1 
0 0 0 1 0 0 0 0 0 1 
0 0 0 0 1 0 0 0 0 1 
0 0 0 0 0 1 0 0 0 1 
0 0 0 0 0 0 0 1 0 1 
1 0 0 0 0 0 1 0 0 0 
0 0 1 0 0 0 1 0 0 0 
0 1 0 0 0 0 1 0 0 0 
0 0 0 1 0 0 1 0 0 0 
0 0 0 0 1 0 1 0 0 0 
0 0 0 0 0 1 1 0 0 0 
0 0 0 0 0 0 1 0 1 0 
0 0 0 0 0 0 1 0 0 1 
0 0 1 0 0 0 0 0 0 1 
0 0 1 0 0 0 1 0 0 0 
0 1 0 0 0 0 0 0 0 1 
1 0 0 0 0 0 0 1 0 0 
0 1 0 0 0 0 0 1 0 0 
0 1 0 0 0 1 0 0 0 0 
0 0 1 0 0 0 0 1 0 0 
0 0 0 1 0 0 0 1 0 0 
0 0 0 0 1 0 0 1 0 0 
0 0 0 0 0 1 0 1 0 0 
0 0 0 0 0 0 0 1 0 1 
0 0 0 0 0 0 0 1 1 0 
0 0 0 0 0 0 1 1 0 0 
0 0 1 0 0 0 0 1 0 0 
1 0 0 0 0 1 0 0 0 0 
1 0 0 0 0 0 0 0 0 1 
0 1 0 0 0 1 0 0 0 0 
0 1 0 0 0 0 0 1 0 0 
0 1 0 0 0 0 0 0 0 1 
0 0 1 0 0 1 0 0 0 0 
0 0 1 0 0 0 0 0 0 1 
0 0 0 1 0 1 0 0 0 0 
1 0 0 0 0 0 0 0 1 0 
0 0 0 1 0 0 0 0 0 1 
0 0 0 0 1 1 0 0 0 0 
0 0 0 0 1 0 0 0 0 1 
0 0 0 0 0 1 1 0 0 0 
0 0 0 0 0 1 0 0 0 1 
0 0 0 0 0 1 0 1 0 0 
0 0 0 0 0 0 1 0 0 1 
0 0 0 0 0 0 0 1 0 1 
0 1 0 0 0 0 0 0 1 0 
0 0 1 0 0 0 0 0 1 0 
0 0 0 1 0 0 0 0 1 0 
0 0 0 0 1 0 0 0 1 0 
0 0 0 0 0 0 1 0 1 0 
0 0 0 0 0 1 0 0 1 0 
0 0 0 0 0 0 0 1 1 0 
0 0 0 0 0 0 0 0 1 1 
0 0 1 0 0 0 0 0 1 0 
0 0 1 0 0 1 0 0 0 0 
0 0 1 0 0 0 0 0 0 1 
1 0 0 0 0 0 0 1 0 0 
0 1 0 0 0 0 0 1 0 0 
0 0 1 0 0 0 0 1 0 0 
0 0 0 1 0 0 0 1 0 0 
0 0 0 0 1 0 0 1 0 0 
0 0 0 0 0 1 1 0 0 0 
0 0 0 0 0 0 1 0 1 0 
0 0 0 0 0 1 0 1 0 0 
0 0 0 0 0 0 1 1 0 0 
0 0 0 0 0 0 1 0 0 1 
0 0 1 0 0 0 0 1 0 0 
0 0 1 0 0 1 0 0 0 0 
0 0 1 0 0 0 0 0 1 0 
0 0 1 0 0 0 0 0 0 1 
0 0 0 0 0 0 1 1 0 0 
0 0 0 0 0 0 0 1 0 1 
0 0 0 0 0 0 0 1 1 0 
0 1 0 0 0 0 0 1 0 0 
0 0 0 1 0 0 0 1 0 0 
0 0 0 1 0 1 0 0 0 0 
0 0 0 1 0 0 0 0 1 0 
0 0 0 1 0 0 0 0 0 1 
0 0 0 1 0 0 1 0 0 0 
0 0 0 1 0 0 0 1 0 0 
1 0 0 0 0 0 0 0 0 1 
0 1 0 0 0 0 0 0 0 1 
0 0 1 0 0 0 0 0 0 1 
0 0 0 1 0 0 0 0 0 1 
0 0 0 0 1 0 0 0 0 1 
0 0 0 0 0 1 0 0 0 1 
0 0 0 0 0 0 1 0 0 1 
0 0 0 0 0 0 0 0 1 1 
0 0 0 0 0 0 0 1 0 1 
0 1 0 0 0 0 0 0 0 1 
0 0 0 0 0 0 1 0 0 1 
0 0 0 0 0 0 0 1 0 1 
1 0 0 0 0 1 0 0 0 0 
0 0 1 0 0 1 0 0 0 0 
0 0 0 1 0 1 0 0 0 0 
0 0 0 1 0 0 0 0 1 0 
0 0 0 0 1 1 0 0 0 0 
0 0 0 0 0 1 1 0 0 0 
0 0 0 0 0 1 0 1 0 0 
0 0 0 0 0 1 0 0 1 0 
0 0 0 0 0 1 0 0 0 1 
0 0 0 0 0 0 0 1 1 0 
0 0 0 0 0 0 0 0 1 1 
0 1 0 0 0 1 0 0 0 0 
0 0 0 0 0 1 0 0 0 1 
1 0 0 0 0 1 0 0 0 0 
0 0 0 0 0 1 1 0 0 0 
0 0 0 0 0 1 0 1 0 0 
0 0 0 0 0 1 0 0 1 0 
0 0 1 0 0 1 0 0 0 0 
0 0 0 1 0 1 0 0 0 0 
1 0 0 0 0 0 0 0 0 1 
0 0 0 1 0 0 0 0 0 1 
0 0 0 0 0 1 1 0 0 0 
0 0 0 0 0 0 0 1 1 0 
0 0 0 0 0 1 0 1 0 0 
0 0 0 0 0 0 1 1 0 0 
0 1 0 0 0 0 0 0 0 1 
0 0 0 0 1 1 0 0 0 0 
0 0 0 0 1 0 1 0 0 0 
0 0 0 0 1 0 0 0 1 0 
0 0 0 0 1 0 0 0 0 1 
0 0 0 0 1 0 0 1 0 0 
1 0 0 0 0 1 0 0 0 0 
0 1 0 0 0 1 0 0 0 0 
0 0 1 0 0 1 0 0 0 0 
0 0 0 1 0 1 0 0 0 0 
0 0 0 0 1 1 0 0 0 0 
0 0 0 0 0 1 1 0 0 0 
0 0 0 0 0 1 0 1 0 0 
0 0 0 0 0 1 0 0 1 0 
0 0 0 0 0 1 0 0 0 1 
1 0 0 0 0 1 0 0 0 0 
0 1 0 0 0 0 0 1 0 0 
0 0 0 0 1 0 0 1 0 0 
0 1 0 0 0 0 0 0 0 1 
0 0 0 0 1 0 1 0 0 0 
0 0 0 0 1 0 0 0 0 1 
0 0 0 0 0 1 0 1 0 0 
0 0 0 0 0 1 1 0 0 0 
0 0 0 0 0 1 0 0 0 1 
0 0 0 0 1 0 0 0 1 0 
0 0 0 0 0 1 0 0 1 0 
0 0 0 0 0 0 0 0 1 1 
0 0 1 0 0 1 0 0 0 0 
0 0 0 1 0 1 0 0 0 0 
1 0 0 0 0 1 0 0 0 0 
0 0 0 0 0 1 1 0 0 0 
1 0 0 0 0 0 0 0 0 1 
0 1 0 0 0 0 0 0 0 1 
0 0 1 0 0 0 0 0 0 1 
0 0 0 1 0 0 0 0 0 1 
0 0 0 0 1 0 0 0 0 1 
0 0 0 0 0 1 0 0 0 1 
0 0 0 0 0 0 0 1 0 1 
0 0 1 0 0 0 0 0 1 0 
1 0 0 0 0 0 0 0 1 0 
0 0 0 0 0 0 1 0 0 1 
0 0 0 1 0 0 0 0 1 0 
0 1 0 0 0 0 0 0 1 0 
0 0 0 0 1 0 0 0 1 0 
0 0 0 0 0 1 0 0 1 0 
0 0 0 0 0 0 1 0 1 0 
0 0 0 0 0 0 0 1 1 0 
0 0 0 0 0 0 0 0 1 1 
1 0 0 0 0 0 0 0 1 0 
1 0 0 0 0 0 0 0 0 1 
0 0 0 0 0 1 0 0 1 0 
0 0 0 0 0 1 0 0 0 1 
0 0 0 0 0 0 1 0 1 0 
0 0 0 0 0 0 1 0 0 1 
0 0 0 0 0 0 0 1 1 0 
0 0 0 0 0 0 0 1 0 1 
0 1 0 0 0 0 0 1 0 0 
0 0 1 0 0 0 0 0 1 0 
0 0 1 0 0 0 0 0 0 1 
0 0 0 1 0 0 0 0 1 0 
0 0 0 1 0 0 0 0 0 1 
0 0 0 0 1 0 0 0 1 0 
0 0 0 0 1 0 0 0 0 1 
1 0 0 0 0 0 0 0 1 0 
1 0 0 0 0 0 0 0 0 1 
0 0 0 0 1 1 0 0 0 0 
0 0 0 0 0 0 1 0 1 0 
0 0 0 0 0 0 1 0 0 1 
0 1 0 0 1 0 0 0 0 0 
0 1 0 0 0 0 0 0 1 0 
0 1 0 0 0 0 0 0 0 1 
0 0 0 0 0 1 0 1 0 0 
0 0 0 0 1 0 0 0 1 0 
0 0 0 0 1 0 0 0 0 1 
0 0 1 0 0 0 0 1 0 0 
1 0 0 0 0 0 0 0 0 1 
0 0 1 0 0 0 0 0 1 0 
0 1 0 0 1 0 0 0 0 0 
0 0 0 0 1 0 0 0 0 1 
0 1 0 0 0 0 1 0 0 0 
1 0 0 0 0 0 1 0 0 0 
0 0 1 0 0 0 1 0 0 0 
0 0 0 1 0 0 1 0 0 0 
0 0 0 0 0 1 1 0 0 0 
0 0 0 0 1 0 1 0 0 0 
0 0 0 0 0 0 1 1 0 0 
0 0 0 0 0 0 1 0 0 1 
0 0 0 0 0 0 1 0 1 0 
0 0 1 0 0 0 1 0 0 0 
0 0 0 0 0 1 1 0 0 0 
0 0 0 0 1 0 1 0 0 0 
1 0 0 0 0 0 1 0 0 0 
0 0 0 0 0 0 1 1 0 0 
0 0 0 0 0 0 1 0 1 0 
1 0 0 0 0 0 0 0 0 1 
0 1 0 0 0 0 0 0 0 1 
0 0 1 0 0 0 0 0 0 1 
0 0 0 1 0 0 1 0 0 0 
0 0 0 1 0 0 0 0 0 1 
0 0 0 0 1 0 0 0 0 1 
0 0 0 0 0 0 1 0 0 1 
0 0 0 0 0 1 0 0 0 1 
0 0 0 0 0 0 0 1 0 1 
0 0 0 0 0 0 0 0 1 1 
0 0 1 0 0 0 1 0 0 0 
0 0 1 0 0 0 0 0 0 1 
0 0 0 0 0 1 0 0 0 1 
0 0 0 0 0 0 1 1 0 0 
0 0 0 0 0 0 0 1 0 1 
1 0 0 0 0 0 0 0 0 1 
0 1 0 0 1 0 0 0 0 0 
0 0 0 1 0 0 1 0 0 0 
0 0 0 0 1 0 0 0 0 1 
0 0 0 1 0 0 0 0 0 1 
0 0 0 0 0 0 0 0 1 1 
0 1 0 0 0 0 0 0 0 1 
0 0 0 0 0 1 1 0 0 0 
0 0 0 0 0 1 0 0 0 1 
1 0 0 0 0 0 0 0 0 1 
0 0 0 0 1 0 0 0 0 1 
0 0 1 0 0 0 0 0 0 1 
0 0 0 1 0 0 1 0 0 0 
0 0 0 0 0 1 1 0 0 0 
0 0 0 0 0 1 0 0 0 1 
1 0 0 0 0 0 1 0 0 0 
0 0 0 0 0 0 0 0 1 1 
1 0 0 0 0 0 0 0 0 1 
1 0 0 0 0 0 0 1 0 0 
0 1 0 0 0 0 0 1 0 0 
0 0 1 0 0 0 0 1 0 0 
0 0 0 1 0 0 0 1 0 0 
0 0 0 0 0 1 0 1 0 0 
0 0 0 0 0 0 1 1 0 0 
0 0 0 0 0 0 0 1 1 0 
0 0 0 0 0 0 0 1 0 1 
1 0 0 0 0 0 0 1 0 0 
0 1 0 0 0 0 0 1 0 0 
0 0 1 0 0 0 0 1 0 0 
0 0 0 1 0 0 0 1 0 0 
0 0 0 0 1 0 0 1 0 0 
0 0 0 0 0 0 1 1 0 0 
0 0 0 0 0 1 0 1 0 0 
0 0 0 0 0 0 0 1 1 0 
0 0 0 0 0 0 0 1 0 1 
0 0 0 0 1 0 0 1 0 0 
1 0 0 0 0 0 0 0 0 1 
0 1 0 0 0 0 0 0 0 1 
0 0 1 0 0 0 0 0 0 1 
0 0 0 1 0 0 0 0 0 1 
0 0 0 0 1 0 0 0 0 1 
0 0 0 0 0 1 0 0 0 1 
0 0 0 0 0 0 1 0 0 1 
0 0 0 0 0 0 0 1 0 1 
0 0 0 0 0 0 0 0 1 1 
0 0 0 0 0 0 0 1 0 1 
0 1 0 0 0 0 0 1 0 0 
0 1 0 0 0 0 0 0 0 1 
0 0 0 0 0 1 0 1 0 0 
0 0 0 0 0 1 0 0 0 1 
1 0 0 0 0 0 1 0 0 0 
1 0 0 0 0 0 0 1 0 0 
1 0 0 0 0 0 0 0 0 1 
0 1 0 0 0 0 1 0 0 0 
0 0 0 0 1 0 0 1 0 0 
0 0 0 0 1 0 0 0 0 1 
0 0 0 0 1 0 1 0 0 0 
0 0 0 0 0 1 1 0 0 0 
0 0 0 0 0 0 1 1 0 0 
0 0 1 0 0 0 1 0 0 0 
0 0 1 0 0 0 0 1 0 0 
0 0 1 0 0 0 0 0 0 1 
0 0 0 1 0 0 1 0 0 0 
0 0 0 1 0 0 0 1 0 0 
0 0 0 1 0 0 0 0 0 1 
0 0 0 0 0 0 1 0 1 0 
0 0 0 0 0 0 0 1 1 0 
0 0 0 0 0 0 0 0 1 1 
1 0 0 0 0 0 1 0 0 0 
1 0 0 0 0 0 0 1 0 0 
1 0 0 0 0 0 0 0 0 1 
0 1 0 0 0 0 1 0 0 0 
0 1 0 0 0 0 0 1 0 0 
0 1 0 0 0 0 0 0 0 1 
0 0 1 0 0 0 1 0 0 0 
0 0 1 0 0 0 0 1 0 0 
0 0 1 0 0 0 0 0 0 1 
0 0 0 0 0 1 0 1 0 0 
0 0 0 0 0 1 1 0 0 0 
0 0 0 0 0 1 0 0 0 1 
0 0 0 0 1 0 0 1 0 0 
0 0 0 0 1 0 1 0 0 0 
0 0 0 0 1 0 0 0 0 1 
0 0 0 0 0 0 1 0 1 0 
0 0 0 0 0 0 0 1 1 0 
0 0 1 0 0 0 1 0 0 0 
0 0 1 0 0 0 0 1 0 0 
0 0 0 0 0 0 0 0 1 1 
0 0 1 0 0 0 0 0 0 1 
0 0 0 1 0 0 0 0 0 1 
0 0 0 1 0 0 1 0 0 0 
0 0 0 1 0 0 0 1 0 0 
0 0 0 0 0 1 1 0 0 0 
0 0 0 0 0 1 0 1 0 0 
0 0 0 0 0 1 0 0 0 1 
0 1 0 0 0 0 0 1 0 0 
1 1 1 1 1 1 1 1 1 1 
;
TIMETABLE BEST: 
0.0 0.0 0.0 0.0 0.0 0.0 0.0 0.0 0.0 0.0 
14 14 0 0 0 0 0 0 0 0 
17 14 17 0 0 0 0 0 0 0 
17 17 17 0 0 0 0 0 0 0 
18 17 17 18 0 0 0 0 0 0 
18 18 17 18 0 0 0 0 0 0 
18 18 18 18 0 0 0 0 0 0 
24 18 18 18 24 0 0 0 0 0 
24 18 18 18 24 24 0 0 0 0 
24 24 18 18 24 24 0 0 0 0 
24 24 18 18 24 24 0 0 0 0 
24 24 24 18 24 24 0 0 0 0 
24 24 24 24 24 24 0 0 0 0 
24 24 24 24 24 24 0 0 0 0 
24 24 24 24 24 24 0 0 0 0 
24 24 24 24 24 24 0 0 0 0 
26 24 24 24 24 24 26 0 0 0 
26 26 24 24 24 24 26 0 0 0 
26 26 26 24 24 24 26 0 0 0 
26 26 26 26 24 24 26 0 0 0 
26 26 26 26 26 24 26 0 0 0 
26 26 26 26 26 26 26 0 0 0 
33 26 26 26 26 26 26 0 33 0 
33 33 26 26 26 26 26 33 33 0 
33 33 33 26 26 26 26 33 33 0 
33 33 33 33 26 26 26 33 33 0 
33 33 33 33 26 33 26 33 33 0 
33 33 33 33 33 33 26 33 33 0 
33 33 33 33 33 33 33 33 33 0 
36 33 33 33 33 33 33 33 33 36 
36 36 33 33 33 33 33 33 33 36 
36 36 36 33 33 33 33 33 33 36 
36 36 36 33 36 33 33 33 33 36 
36 36 36 33 36 33 36 33 33 36 
36 36 36 33 36 33 36 36 33 36 
36 36 36 33 36 36 36 36 33 36 
48 36 36 33 36 36 36 36 48 36 
48 36 36 36 36 36 36 36 48 36 
48 48 36 36 36 36 36 36 48 36 
48 48 48 36 36 36 36 36 48 36 
48 48 48 48 36 36 36 36 48 36 
48 48 48 48 48 36 36 36 48 36 
48 48 48 48 48 48 36 36 48 36 
48 48 48 48 48 48 36 48 48 36 
48 48 48 48 48 48 36 48 48 48 
48 49 48 48 48 48 49 48 48 48 
48 49 49 48 48 48 49 48 48 48 
49 49 49 48 48 48 49 48 48 48 
49 49 49 49 48 48 49 48 48 48 
49 49 49 49 49 48 49 48 48 48 
49 49 49 49 49 48 49 48 49 48 
49 49 49 49 49 48 49 49 49 48 
49 49 49 49 49 49 49 49 49 48 
49 49 49 49 49 49 49 49 49 49 
49 49 58 49 49 49 58 49 49 49 
49 49 58 49 49 49 58 49 58 49 
67 49 58 49 49 49 58 49 58 67 
67 67 58 49 49 49 58 49 58 67 
67 67 67 49 49 49 58 49 58 67 
67 67 67 67 49 49 58 49 58 67 
67 67 67 67 67 49 58 49 58 67 
67 67 67 67 67 67 58 49 58 67 
67 67 67 67 67 67 58 67 58 67 
69 67 67 67 67 67 69 67 58 67 
69 67 69 67 67 67 69 67 58 67 
69 69 69 67 67 67 69 67 58 67 
69 69 69 69 67 67 69 67 58 67 
69 69 69 69 69 67 69 67 58 67 
69 69 69 69 69 69 69 67 58 67 
69 69 69 69 69 69 69 67 69 67 
69 69 69 69 69 69 69 67 69 69 
69 69 78 69 69 69 69 67 69 78 
69 69 78 69 69 69 78 67 69 78 
69 81 78 69 69 69 78 67 69 81 
81 81 78 69 69 69 78 81 69 81 
81 81 78 69 69 69 78 81 69 81 
81 81 78 69 69 81 78 81 69 81 
81 81 81 69 69 81 78 81 69 81 
81 81 81 81 69 81 78 81 69 81 
81 81 81 81 81 81 78 81 69 81 
81 81 81 81 81 81 78 81 69 81 
81 81 81 81 81 81 78 81 69 81 
81 81 81 81 81 81 78 81 81 81 
81 81 81 81 81 81 89 89 81 81 
81 81 90 81 81 81 89 90 81 81 
93 81 90 81 81 93 89 90 81 81 
93 81 90 81 81 93 89 90 81 93 
93 93 90 81 81 93 89 90 81 93 
93 93 90 81 81 93 89 93 81 93 
93 93 90 81 81 93 89 93 81 93 
93 93 93 81 81 93 89 93 81 93 
93 93 93 81 81 93 89 93 81 93 
93 93 93 93 81 93 89 93 81 93 
96 93 93 93 81 93 89 93 96 93 
96 93 93 93 81 93 89 93 96 93 
96 93 93 93 93 93 89 93 96 93 
96 93 93 93 93 93 89 93 96 93 
96 93 93 93 93 93 93 93 96 93 
96 93 93 93 93 93 93 93 96 93 
96 93 93 93 93 93 93 93 96 93 
96 93 93 93 93 93 93 93 96 93 
96 93 93 93 93 93 93 93 96 93 
96 96 93 93 93 93 93 93 96 93 
96 96 96 93 93 93 93 93 96 93 
96 96 96 96 93 93 93 93 96 93 
96 96 96 96 96 93 93 93 96 93 
96 96 96 96 96 93 96 93 96 93 
96 96 96 96 96 96 96 93 96 93 
96 96 96 96 96 96 96 96 96 93 
96 96 96 96 96 96 96 96 96 96 
96 96 105 96 96 96 96 96 105 96 
96 96 105 96 96 105 96 96 105 96 
96 96 105 96 96 105 96 96 105 105 
107 96 105 96 96 105 96 107 105 105 
107 107 105 96 96 105 96 107 105 105 
107 107 107 96 96 105 96 107 105 105 
107 107 107 107 96 105 96 107 105 105 
107 107 107 107 107 105 96 107 105 105 
107 107 107 107 107 107 107 107 105 105 
107 107 107 107 107 107 107 107 107 105 
107 107 107 107 107 107 107 107 107 105 
107 107 107 107 107 107 107 107 107 105 
107 107 107 107 107 107 107 107 107 107 
107 107 118 107 107 107 107 118 107 107 
107 107 118 107 107 118 107 118 107 107 
107 107 118 107 107 118 107 118 118 107 
107 107 118 107 107 118 107 118 118 118 
107 107 118 107 107 118 118 118 118 118 
107 107 118 107 107 118 118 118 118 118 
107 107 118 107 107 118 118 118 118 118 
107 121 118 107 107 118 118 121 118 118 
107 121 118 122 107 118 118 122 118 118 
107 121 118 122 107 122 118 122 118 118 
107 121 118 122 107 122 118 122 122 118 
107 121 118 122 107 122 118 122 122 122 
107 121 118 129 107 122 129 122 122 122 
107 121 118 133 107 122 129 133 122 122 
134 121 118 133 107 122 129 133 122 134 
134 134 118 133 107 122 129 133 122 134 
134 134 134 133 107 122 129 133 122 134 
134 134 134 134 107 122 129 133 122 134 
134 134 134 134 134 122 129 133 122 134 
134 134 134 134 134 134 129 133 122 134 
134 134 134 134 134 134 134 133 122 134 
134 134 134 134 134 134 134 133 134 134 
134 134 134 134 134 134 134 134 134 134 
134 143 134 134 134 134 134 134 134 143 
134 143 134 134 134 134 145 134 134 145 
134 143 134 134 134 134 145 145 134 145 
147 143 134 134 134 147 145 145 134 145 
147 143 147 134 134 147 145 145 134 145 
147 143 147 147 134 147 145 145 134 145 
147 143 147 147 134 147 145 145 147 145 
147 143 147 147 147 147 145 145 147 145 
147 143 147 147 147 147 147 145 147 145 
147 143 147 147 147 147 147 147 147 145 
147 143 147 147 147 147 147 147 147 145 
147 143 147 147 147 147 147 147 147 147 
147 143 147 147 147 147 147 147 147 147 
147 143 147 147 147 147 147 147 147 147 
147 152 147 147 147 152 147 147 147 147 
147 152 147 147 147 159 147 147 147 159 
159 152 147 147 147 159 147 147 147 159 
159 152 147 147 147 159 159 147 147 159 
159 152 147 147 147 159 159 159 147 159 
159 152 147 147 147 160 159 159 160 159 
159 152 161 147 147 161 159 159 160 159 
159 152 161 162 147 162 159 159 160 159 
171 152 161 162 147 162 159 159 160 171 
171 152 161 171 147 162 159 159 160 171 
171 152 161 171 147 171 171 159 160 171 
171 152 161 171 147 171 171 173 173 171 
171 152 161 171 147 173 171 173 173 171 
171 152 161 171 147 173 173 173 173 171 
171 183 161 171 147 173 173 173 173 183 
171 183 161 171 183 183 173 173 173 183 
171 183 161 171 183 183 183 173 173 183 
171 183 161 171 183 183 183 173 183 183 
171 183 161 171 183 183 183 173 183 183 
171 183 161 171 187 183 183 187 183 183 
194 183 161 171 187 194 183 187 183 183 
194 194 161 171 187 194 183 187 183 183 
194 194 194 171 187 194 183 187 183 183 
194 194 194 194 187 194 183 187 183 183 
194 194 194 194 194 194 183 187 183 183 
194 194 194 194 194 194 194 187 183 183 
194 194 194 194 194 194 194 194 183 183 
194 194 194 194 194 194 194 194 194 183 
194 194 194 194 194 194 194 194 194 194 
203 194 194 194 194 203 194 194 194 194 
203 205 194 194 194 203 194 205 194 194 
203 205 194 194 205 203 194 205 194 194 
203 206 194 194 205 203 194 205 194 206 
203 206 194 194 206 203 206 205 194 206 
203 206 194 194 206 203 206 205 194 206 
203 206 194 194 206 205 206 205 194 206 
203 206 194 194 206 206 206 205 194 206 
203 206 194 194 206 206 206 205 194 206 
203 206 194 194 207 206 206 205 207 206 
203 206 194 194 207 207 206 205 207 206 
203 206 194 194 207 207 206 205 207 207 
203 206 208 194 207 208 206 205 207 207 
203 206 208 209 207 209 206 205 207 207 
214 206 208 209 207 214 206 205 207 207 
214 206 208 209 207 217 217 205 207 207 
219 206 208 209 207 217 217 205 207 219 
219 219 208 209 207 217 217 205 207 219 
219 219 219 209 207 217 217 205 207 219 
219 219 219 219 207 217 217 205 207 219 
219 219 219 219 219 217 217 205 207 219 
219 219 219 219 219 219 217 205 207 219 
219 219 219 219 219 219 217 219 207 219 
219 219 224 219 219 219 217 219 224 219 
224 219 224 219 219 219 217 219 224 219 
224 219 224 219 219 219 219 219 224 219 
224 219 224 224 219 219 219 219 224 219 
224 224 224 224 219 219 219 219 224 219 
224 224 224 224 224 219 219 219 224 219 
224 224 224 224 224 224 219 219 224 219 
224 224 224 224 224 224 224 219 224 219 
224 224 224 224 224 224 224 224 224 219 
224 224 224 224 224 224 224 224 224 224 
235 224 224 224 224 224 224 224 235 224 
235 224 224 224 224 224 224 224 235 235 
235 224 224 224 224 235 224 224 235 235 
235 224 224 224 224 235 224 224 235 235 
235 224 224 224 224 235 235 224 235 235 
235 224 224 224 224 235 235 224 235 235 
235 224 224 224 224 235 235 235 235 235 
235 224 224 224 224 235 235 235 235 235 
235 238 224 224 224 235 235 238 235 235 
235 238 238 224 224 235 235 238 238 235 
235 238 238 224 224 235 235 238 238 238 
235 238 238 239 224 235 235 238 239 238 
235 238 238 239 224 235 235 238 239 239 
235 238 238 239 242 235 235 238 242 239 
235 238 238 239 242 235 235 238 242 242 
244 238 238 239 242 235 235 238 244 242 
244 238 238 239 242 235 235 238 244 244 
244 238 238 239 248 248 235 238 244 244 
244 238 238 239 248 248 247 238 247 244 
244 238 238 239 248 248 247 238 247 247 
244 251 238 239 251 248 247 238 247 247 
244 251 238 239 251 248 247 238 251 247 
244 251 238 239 251 248 247 238 251 251 
244 251 238 239 251 261 247 261 251 251 
244 251 238 239 263 261 247 261 263 251 
244 251 238 239 263 261 247 261 263 263 
244 251 264 239 263 261 247 264 263 263 
268 251 264 239 263 261 247 264 263 268 
268 251 264 239 263 261 247 264 264 268 
268 275 264 239 275 261 247 264 264 268 
268 275 264 239 275 261 247 264 264 275 
268 280 264 239 275 261 280 264 264 275 
280 280 264 239 275 261 280 264 264 275 
280 280 280 239 275 261 280 264 264 275 
280 280 280 280 275 261 280 264 264 275 
280 280 280 280 275 280 280 264 264 275 
280 280 280 280 280 280 280 264 264 275 
280 280 280 280 280 280 280 280 264 275 
280 280 280 280 280 280 280 280 264 280 
280 280 280 280 280 280 281 280 281 280 
280 280 291 280 280 280 291 280 281 280 
280 280 291 280 280 291 291 280 281 280 
280 280 291 280 292 291 292 280 281 280 
292 280 291 280 292 291 292 280 281 280 
292 280 291 280 292 291 294 294 281 280 
292 280 291 280 292 291 294 294 294 280 
298 280 291 280 292 291 294 294 294 298 
298 298 291 280 292 291 294 294 294 298 
298 298 298 280 292 291 294 294 294 298 
298 298 298 298 292 291 298 294 294 298 
298 298 298 298 292 291 298 294 294 298 
298 298 298 298 298 291 298 294 294 298 
298 298 298 298 298 291 298 294 294 298 
298 298 298 298 298 298 298 294 294 298 
298 298 298 298 298 298 298 298 294 298 
298 298 298 298 298 298 298 298 298 298 
298 298 307 298 298 298 307 298 298 298 
298 298 307 298 298 298 307 298 298 307 
298 298 307 298 298 309 307 298 298 309 
298 298 307 298 298 309 309 309 298 309 
298 298 307 298 298 309 309 309 298 309 
310 298 307 298 298 309 309 309 298 310 
310 310 307 298 310 309 309 309 298 310 
310 310 307 313 310 309 313 309 298 310 
310 310 307 313 310 309 313 309 298 310 
310 310 307 313 310 309 313 309 298 313 
310 310 307 313 310 309 313 309 313 313 
310 322 307 313 310 309 313 309 313 322 
310 322 307 313 310 322 322 309 313 322 
310 322 307 313 310 322 322 309 313 322 
324 322 307 313 310 322 322 309 313 324 
324 322 307 313 332 322 322 309 313 332 
324 322 332 313 332 322 322 309 313 332 
324 322 332 332 332 322 332 309 313 332 
324 322 332 332 332 334 334 309 313 332 
324 322 332 332 332 334 334 309 313 334 
337 322 332 332 332 334 337 309 313 334 
337 322 332 332 332 334 337 309 338 338 
338 322 332 332 332 334 337 309 338 338 
340 322 332 332 332 334 337 340 338 338 
340 340 332 332 332 334 337 340 338 338 
340 340 340 332 332 334 337 340 338 338 
340 340 340 340 332 334 337 340 338 338 
340 340 340 340 332 340 337 340 338 338 
340 340 340 340 332 340 340 340 338 338 
340 340 340 340 332 340 340 340 340 338 
340 340 340 340 332 340 340 340 340 340 
350 340 340 340 332 340 340 350 340 340 
350 350 340 340 332 340 340 350 340 340 
350 350 350 340 332 340 340 350 340 340 
350 350 350 350 332 340 340 350 340 340 
350 350 350 350 350 340 340 350 340 340 
350 350 350 350 350 340 350 350 340 340 
350 350 350 350 350 350 350 350 340 340 
350 350 350 350 350 350 350 350 350 340 
350 350 350 350 350 350 350 350 350 350 
350 350 350 350 360 350 350 360 350 350 
361 350 350 350 360 350 350 360 350 361 
361 361 350 350 360 350 350 360 350 361 
361 361 361 350 360 350 350 360 350 361 
361 361 361 361 360 350 350 360 350 361 
361 361 361 361 361 350 350 360 350 361 
361 361 361 361 361 361 350 360 350 361 
361 361 361 361 361 361 361 360 350 361 
361 361 361 361 361 361 361 361 350 361 
361 361 361 361 361 361 361 361 361 361 
361 361 361 361 361 361 361 371 361 371 
361 373 361 361 361 361 361 373 361 371 
361 373 361 361 361 361 361 373 361 373 
361 373 361 361 361 373 361 373 361 373 
361 373 361 361 361 373 361 373 361 373 
374 373 361 361 361 373 374 373 361 373 
374 373 361 361 361 373 374 374 361 373 
374 373 361 361 361 373 374 374 361 374 
374 374 361 361 361 373 374 374 361 374 
374 374 361 361 374 373 374 374 361 374 
374 374 361 361 374 373 374 374 361 374 
374 374 361 361 374 373 374 374 361 374 
374 374 361 361 374 374 374 374 361 374 
374 374 361 361 374 374 374 374 361 374 
374 374 375 361 374 374 375 374 361 374 
374 374 375 361 374 374 375 375 361 374 
374 374 375 361 374 374 375 375 361 375 
374 374 375 380 374 374 380 375 361 375 
374 374 375 380 374 374 380 380 361 375 
374 374 375 380 374 374 380 380 361 380 
374 374 375 380 374 374 382 380 382 380 
374 374 375 380 374 374 382 382 382 380 
374 374 375 380 374 374 382 382 382 382 
386 374 375 380 374 374 386 382 382 382 
386 374 375 380 374 374 386 386 382 382 
386 374 375 380 374 374 386 386 382 386 
386 386 375 380 374 374 386 386 382 386 
386 386 375 380 374 374 386 386 382 386 
386 386 375 380 374 374 386 386 382 386 
386 386 386 380 374 374 386 386 382 386 
386 386 386 380 374 374 386 386 382 386 
386 386 386 380 374 374 386 386 382 386 
386 386 386 380 374 387 386 387 382 386 
386 386 386 380 374 387 387 387 382 386 
386 386 386 380 374 387 387 387 382 387 
386 386 386 380 389 387 387 389 382 387 
386 386 386 380 389 387 389 389 382 387 
386 386 386 380 389 387 389 389 382 389 
386 386 386 380 389 387 393 389 393 389 
386 386 386 380 389 387 393 393 393 389 
386 386 395 380 389 387 395 393 393 389 
386 386 395 380 389 387 395 395 393 389 
386 386 395 380 389 387 395 395 393 393 
386 386 395 380 389 387 395 395 393 395 
386 386 395 395 389 387 395 395 393 395 
386 386 395 395 389 387 395 395 393 395 
386 386 395 395 389 387 395 395 393 395 
386 386 395 395 389 398 398 395 393 395 
386 386 395 395 389 398 398 398 393 395 
386 386 395 395 389 398 398 398 393 398 
386 409 395 395 389 398 398 409 393 398 
410.0 501.0 419.0 413.0 435.0 452.0 494.0 510.0 460.0 499.0 
;
EXECUTION TIME HBSS: 16756.3335512 seconds 

-------------------------------------------------------------------
