DATFILE : bwopen0_3r_250.dat
ENVIRONMENT : bwopen
ALGORITHM : HBSS - TAU 2
RANGE : 250
STARTING_POS : 0
N_ROBOTS : 3
GREEDY SOLUTION : [ 1658.]
COMPUTATIONS D :
2108
1692
2078
2250
2088
2082
2224
2006
1922
2230
1968
2030
2178
2046
1876
1890
2598
2090
1740
1952
2380
2382
2622
2494
1998
2408
1872
1832
2124
2558
1910
1830
1812
2118
2352
2126
2204
2110
2244
1724
2114
2388
2588
2372
1950
2120
2326
2038
2580
2014
1992
2540
2366
1896
2164
2264
2224
2272
1780
2106
1990
1940
2092
2202
1942
1838
2078
1812
1996
2220
2202
1766
2186
2218
1836
2066
2258
2146
2500
2474
1794
1802
1962
2892
2008
1784
1988
2152
2040
2392
2138
2048
2224
1778
1934
1756
2302
1880
1976
2656
2126
1932
1972
1880
1878
2248
1932
2016
1998
2142
1964
2400
1942
1780
2002
2176
2234
2184
2164
2136
2128
2152
1936
2700
2174
2350
2080
2082
2162
2140
1586
1978
2092
2106
2188
2334
2114
2060
2036
1948
1970
2196
1952
2402
2178
2088
1948
2196
2246
2292
2172
2166
2294
1976
1994
1780
2162
1930
2014
2198
1874
2118
2262
2148
1954
2160
2176
1820
2312
2058
1992
2330
1958
2074
2430
2440
2082
2084
2076
2190
1964
2234
2408
2198
1930
2134
1898
2344
2272
1940
2088
2314
2194
2192
2694
2134
2390
2362
2016
2158
;
HBBS sumD : 1586
BEST_CONFIGURATIONS : 
0 0 0 
0 4 0 
0 4 26 
0 22 26 
0 22 5 
4 22 5 
4 22 5 
4 22 1 
26 22 1 
5 22 1 
5 22 1 
5 26 1 
5 26 1 
4 26 1 
4 26 1 
4 26 27 
4 5 27 
4 8 27 
26 8 27 
26 8 9 
5 8 9 
22 8 9 
22 8 9 
22 13 9 
5 13 9 
5 18 9 
1 18 9 
1 14 9 
1 14 27 
1 9 27 
1 9 2 
27 9 2 
27 9 6 
27 9 24 
27 10 24 
9 10 24 
9 10 24 
9 10 24 
9 10 6 
9 10 6 
9 15 6 
24 15 6 
24 15 21 
24 15 21 
10 15 21 
10 14 21 
10 14 11 
10 18 11 
15 18 11 
15 18 11 
15 14 11 
24 14 11 
24 25 15 
24 25 14 
24 25 14 
24 25 18 
14 17 18 
14 17 18 
18 17 18 
18 13 18 
18 13 17 
25 13 17 
25 8 17 
25 8 13 
14 13 13 
14 13 25 
14 22 25 
14 22 19 
17 8 19 
18 8 19 
19 10 19 
19 15 19 
19 15 20 
19 15 20 
20 15 23 
20 15 16 
23 15 16 
23 15 12 
16 15 12 
16 11 12 
16 11 16 
16 11 20 
7 11 20 
21 11 20 
6 11 20 
6 21 12 
6 3 12 
6 21 12 
6 7 12 
21 7 7 
21 7 3 
3 7 3 
6 7 3 
6 21 2 
6 6 2 
6 24 2 
3 2 2 
1 2 0 
0 0 0 
;
ROBOT MOVING BEST:
0 0 0 
1 1 0 
1 0 1 
1 1 0 
1 0 1 
1 0 1 
1 1 0 
1 0 1 
1 1 0 
1 1 0 
0 1 1 
1 1 0 
1 0 1 
1 1 0 
0 1 1 
0 1 1 
0 1 1 
1 1 0 
1 1 0 
1 0 1 
1 1 0 
1 0 1 
1 1 0 
1 1 0 
1 0 1 
0 1 1 
1 0 1 
0 1 1 
1 0 1 
0 1 1 
1 0 1 
1 0 1 
1 0 1 
1 0 1 
1 1 0 
1 0 1 
0 1 1 
1 1 0 
1 0 1 
0 1 1 
1 1 0 
1 0 1 
1 0 1 
1 1 0 
1 1 0 
1 1 0 
1 0 1 
1 1 0 
1 1 0 
1 0 1 
1 1 0 
1 0 1 
0 1 1 
1 0 1 
0 1 1 
0 1 1 
1 1 0 
1 0 1 
1 1 0 
0 1 1 
0 1 1 
1 0 1 
1 1 0 
0 1 1 
1 1 0 
0 1 1 
1 1 0 
1 0 1 
1 1 0 
1 0 1 
1 1 0 
0 1 1 
1 0 1 
0 1 1 
1 0 1 
1 0 1 
1 0 1 
1 0 1 
1 0 1 
0 1 1 
0 1 1 
0 1 1 
1 1 0 
1 1 0 
1 1 0 
0 1 1 
1 1 0 
1 1 0 
0 1 1 
1 0 1 
1 0 1 
1 1 0 
1 1 0 
0 1 1 
0 1 1 
0 1 1 
1 1 0 
1 0 1 
1 1 0 
;
TIMETABLE BEST: 
0.0 0.0 0.0 
0 14 0 
0 14 17 
0 26 17 
0 26 26 
14 26 26 
14 26 26 
14 26 44 
25 26 44 
34 26 44 
34 26 44 
34 37 44 
34 37 44 
48 37 44 
48 37 44 
48 37 59 
48 46 59 
48 70 59 
59 70 59 
59 70 74 
68 70 74 
80 70 74 
80 70 74 
80 83 74 
92 83 74 
92 109 74 
110 109 74 
110 120 74 
110 120 89 
110 136 89 
110 136 108 
125 136 108 
125 136 126 
125 136 139 
125 150 139 
140 150 139 
140 150 139 
140 150 139 
140 150 152 
140 150 152 
140 161 152 
155 161 152 
155 161 164 
155 161 164 
168 161 164 
168 174 164 
168 174 183 
168 185 183 
179 185 183 
179 185 183 
179 196 183 
203 196 183 
203 212 213 
203 212 226 
203 212 226 
203 212 237 
234 224 237 
234 224 237 
245 224 237 
245 235 237 
245 235 254 
258 235 254 
258 248 254 
258 248 265 
274 261 265 
274 261 278 
274 280 278 
274 280 311 
302 292 311 
319 292 311 
339 332 311 
339 343 311 
339 343 324 
339 343 324 
352 343 334 
352 343 345 
362 343 345 
362 343 356 
373 343 356 
373 373 356 
373 373 367 
373 373 388 
400 373 388 
412 373 388 
424 373 388 
424 392 420 
424 404 420 
424 416 420 
424 428 420 
436 428 438 
436 428 454 
448 428 454 
472 428 454 
472 440 476 
472 452 476 
472 465 476 
496 484 476 
536 484 512 
554.0 520.0 512.0 
;
EXECUTION TIME HBSS: 57.4985969067 seconds 

-------------------------------------------------------------------
