DATFILE : bwopen0_5r_250.dat
ENVIRONMENT : bwopen
ALGORITHM : HBSS - TAU 9
RANGE : 250
STARTING_POS : 0
N_ROBOTS : 5
GREEDY SOLUTION : 472.0
COMPUTATIONS T :
472.0
456.0
472.0
472.0
472.0
472.0
472.0
472.0
472.0
472.0
472.0
472.0
472.0
468.0
472.0
472.0
472.0
472.0
472.0
472.0
472.0
472.0
472.0
472.0
472.0
472.0
472.0
472.0
452.0
472.0
472.0
472.0
472.0
472.0
423.0
472.0
472.0
472.0
472.0
472.0
472.0
472.0
480.0
472.0
472.0
472.0
472.0
432.0
472.0
472.0
472.0
472.0
472.0
401.0
472.0
472.0
472.0
472.0
472.0
472.0
472.0
472.0
472.0
472.0
472.0
472.0
472.0
472.0
472.0
472.0
472.0
475.0
479.0
472.0
472.0
472.0
472.0
472.0
472.0
472.0
472.0
472.0
472.0
472.0
481.0
472.0
472.0
472.0
472.0
472.0
472.0
472.0
472.0
472.0
472.0
472.0
472.0
472.0
472.0
456.0
472.0
472.0
472.0
472.0
472.0
472.0
462.0
465.0
472.0
472.0
472.0
457.0
472.0
472.0
472.0
472.0
472.0
472.0
472.0
472.0
472.0
472.0
472.0
472.0
472.0
472.0
472.0
472.0
472.0
472.0
472.0
472.0
472.0
472.0
472.0
472.0
472.0
472.0
423.0
472.0
459.0
472.0
472.0
472.0
472.0
472.0
472.0
472.0
472.0
472.0
472.0
472.0
472.0
472.0
472.0
472.0
472.0
472.0
472.0
472.0
470.0
472.0
472.0
472.0
472.0
472.0
472.0
472.0
472.0
472.0
472.0
472.0
472.0
472.0
472.0
472.0
472.0
472.0
472.0
472.0
472.0
472.0
496.0
472.0
472.0
472.0
472.0
472.0
472.0
472.0
472.0
472.0
472.0
472.0
472.0
456.0
472.0
472.0
472.0
472.0
;
HBBS bestT : 401.0
BEST_CONFIGURATIONS : 
0 0 0 0 0 
0 4 0 0 0 
0 4 26 0 0 
0 4 26 0 0 
0 4 26 1 0 
0 4 26 1 0 
0 4 26 1 0 
0 4 26 1 5 
0 4 26 1 5 
0 4 26 1 5 
0 4 26 1 5 
0 4 22 1 5 
0 4 22 1 5 
0 4 22 1 5 
0 4 22 1 5 
0 4 22 1 26 
4 8 22 1 26 
4 8 22 1 26 
4 8 22 1 26 
4 8 22 27 26 
4 8 22 27 5 
4 8 22 27 5 
8 8 13 27 5 
8 22 13 27 5 
8 22 13 9 5 
8 22 13 9 5 
8 22 17 9 5 
8 22 17 9 26 
8 13 17 9 26 
13 13 17 14 26 
13 13 17 14 26 
13 13 17 14 22 
13 25 17 14 22 
13 25 17 14 22 
13 25 17 14 22 
13 25 17 14 8 
13 25 17 18 8 
13 25 17 18 8 
13 25 17 18 8 
13 18 17 14 8 
14 18 17 15 8 
14 18 17 15 8 
14 18 17 15 9 
14 18 17 15 9 
14 18 25 15 9 
14 18 25 15 9 
14 18 25 10 9 
14 18 25 10 9 
14 18 25 10 9 
14 18 15 10 9 
14 18 15 10 24 
14 18 15 10 24 
14 18 15 10 24 
14 19 15 10 24 
14 19 15 10 24 
14 19 15 10 10 
18 19 15 10 10 
18 19 10 11 10 
18 19 10 11 15 
18 20 10 11 15 
18 20 10 11 15 
18 20 24 11 15 
19 20 24 11 15 
19 20 6 11 15 
19 20 6 11 10 
20 23 6 11 10 
20 23 21 11 10 
20 16 21 11 10 
20 16 21 11 10 
20 16 21 11 24 
23 16 21 11 24 
23 16 7 11 24 
23 16 7 11 6 
16 12 7 11 6 
16 12 7 11 6 
16 12 7 11 6 
16 12 7 11 21 
16 12 7 11 21 
23 12 7 11 21 
23 12 7 11 3 
23 12 7 6 3 
23 12 21 6 3 
23 12 21 6 3 
23 12 6 24 3 
23 3 6 24 2 
23 3 6 24 2 
23 3 6 24 2 
21 3 6 24 2 
21 3 6 9 2 
6 3 6 9 27 
6 2 6 9 27 
6 2 24 9 27 
6 2 24 9 27 
6 2 24 9 27 
6 2 10 9 27 
2 1 10 9 27 
2 1 10 9 27 
2 1 10 9 27 
0 0 0 0 0 
;
ROBOT MOVING BEST:
0 0 0 0 0 
1 1 0 0 0 
1 0 1 0 0 
0 1 1 0 0 
1 0 0 1 0 
0 1 0 1 0 
0 0 1 1 0 
1 0 0 0 1 
0 1 0 0 1 
0 0 1 0 1 
0 0 0 1 1 
1 0 1 0 0 
0 1 1 0 0 
0 0 1 1 0 
0 0 1 0 1 
0 0 1 0 1 
1 1 0 0 0 
0 1 1 0 0 
0 1 0 0 1 
0 0 0 1 1 
0 1 0 0 1 
0 0 0 1 1 
1 0 1 0 0 
0 1 1 0 0 
0 1 0 1 0 
0 0 0 1 1 
1 0 1 0 0 
0 0 0 1 1 
0 1 1 0 0 
1 0 0 1 0 
0 0 1 1 0 
0 0 0 1 1 
1 1 0 0 0 
0 1 1 0 0 
0 1 0 1 0 
0 1 0 0 1 
1 0 0 1 0 
0 1 0 1 0 
0 0 1 1 0 
0 1 0 1 0 
1 0 0 1 0 
0 1 0 1 0 
0 1 0 0 1 
1 0 0 0 1 
0 0 1 1 0 
0 0 0 1 1 
1 0 0 1 0 
0 1 0 1 0 
0 0 0 1 1 
0 0 1 1 0 
1 0 0 0 1 
0 0 1 0 1 
0 0 0 1 1 
1 1 0 0 0 
0 1 1 0 0 
0 1 0 0 1 
1 1 0 0 0 
0 0 1 1 0 
0 0 0 1 1 
0 1 0 1 0 
0 1 0 0 1 
0 0 1 1 0 
1 1 0 0 0 
0 0 1 1 0 
0 0 1 0 1 
1 1 0 0 0 
0 0 1 1 0 
1 1 0 0 0 
0 1 0 1 0 
0 0 1 0 1 
1 1 0 0 0 
0 0 1 1 0 
0 0 1 0 1 
1 1 0 0 0 
0 1 1 0 0 
0 1 0 1 0 
0 1 0 0 1 
0 0 1 0 1 
1 1 0 0 0 
0 0 1 0 1 
0 0 0 1 1 
0 0 1 1 0 
0 0 1 0 1 
0 0 1 1 0 
0 1 0 0 1 
0 0 1 0 1 
0 0 0 1 1 
1 0 0 0 1 
0 0 1 1 0 
1 0 0 0 1 
0 1 0 0 1 
0 0 1 1 0 
0 0 1 0 1 
0 0 0 1 1 
0 0 1 0 1 
1 1 0 0 0 
0 1 0 1 0 
0 1 0 0 1 
1 1 1 1 1 
;
TIMETABLE BEST: 
0.0 0.0 0.0 0.0 0.0 
14 14 0 0 0 
17 14 17 0 0 
17 17 17 0 0 
18 17 17 18 0 
18 18 17 18 0 
18 18 18 18 0 
24 18 18 18 24 
24 24 18 18 24 
24 24 24 18 24 
24 24 24 24 24 
35 24 35 24 24 
35 35 35 24 24 
35 35 35 35 24 
35 35 35 35 35 
35 35 44 35 44 
49 49 44 35 44 
49 49 49 35 44 
49 49 49 35 49 
49 49 49 50 50 
49 59 49 50 59 
49 59 49 59 59 
68 59 68 59 59 
68 71 71 59 59 
68 74 71 74 59 
68 74 71 74 74 
82 74 82 74 74 
82 74 82 83 83 
82 93 93 83 83 
99 93 93 99 83 
99 93 99 99 83 
99 93 99 99 99 
106 106 99 99 99 
106 106 106 99 99 
106 106 106 106 99 
106 111 106 106 111 
117 111 106 117 111 
117 117 106 117 111 
117 117 117 117 111 
117 130 117 130 111 
143 130 117 143 111 
143 143 117 143 111 
143 143 117 143 143 
143 143 117 143 143 
143 143 143 143 143 
143 143 143 143 143 
154 143 143 154 143 
154 154 143 154 143 
154 154 143 154 154 
154 154 166 166 154 
169 154 166 166 169 
169 154 169 166 169 
169 154 169 169 169 
174 174 169 169 169 
174 174 174 169 169 
174 182 174 169 182 
185 185 174 169 182 
185 185 190 190 182 
185 185 190 193 193 
185 198 190 198 193 
185 198 190 198 198 
185 198 203 203 198 
205 205 203 203 198 
205 205 216 216 198 
205 205 216 216 216 
218 218 216 216 216 
218 218 228 228 216 
229 229 228 228 216 
229 229 228 229 216 
229 229 229 229 229 
239 239 229 229 229 
239 239 241 241 229 
239 239 242 241 242 
250 250 242 241 242 
250 250 250 241 242 
250 250 250 250 242 
250 254 250 250 254 
250 254 254 250 254 
261 261 254 250 254 
261 261 266 250 266 
261 261 266 267 267 
261 261 278 278 267 
261 261 278 278 278 
261 261 291 291 278 
261 300 291 291 300 
261 300 300 291 300 
261 300 300 300 300 
309 300 300 300 309 
309 300 315 315 309 
328 300 315 315 328 
328 328 315 315 328 
328 328 328 328 328 
328 328 328 328 328 
328 328 328 328 328 
328 328 341 328 341 
348 348 341 328 341 
348 348 341 348 341 
348 348 341 348 348 
384.0 366.0 401.0 394.0 381.0 
;
EXECUTION TIME HBSS: 202.755102873 seconds 

-------------------------------------------------------------------
