DATFILE : bwopen0_2r_250.dat
ENVIRONMENT : bwopen
ALGORITHM : HBSS - TAU 5
RANGE : 250
STARTING_POS : 0
N_ROBOTS : 2
GREEDY SOLUTION : [ 1710.]
COMPUTATIONS D :
1650
1776
1702
1672
1662
1546
1652
1710
1624
1714
1710
1712
1592
1672
1794
1722
1660
1706
1656
1612
1628
1658
1750
1570
1632
1826
1586
1618
1730
1624
1600
1492
1898
1704
1710
1654
1706
1680
1698
1606
1640
1694
1698
1746
1628
1606
1712
1672
1690
1640
1458
1572
1654
1668
1634
1594
1730
1688
1704
1604
1582
1564
1638
1664
1678
1598
1650
1730
1558
1632
1592
1640
1710
1690
1572
1670
1634
1612
1710
1718
1714
1814
1662
1698
1710
1638
1700
1588
1726
1608
1662
1644
1796
1654
1664
1644
1676
1626
1708
1674
1580
1646
1760
1628
1630
1616
1576
1716
1734
1556
1658
1748
1702
1580
1776
1636
1686
1718
1556
1680
1750
1636
1658
1582
1592
1608
1760
1664
1664
1630
1626
1764
1706
1644
1762
1680
1712
1564
1622
1626
1730
1734
1650
1656
1554
1738
1570
1710
1710
1668
1670
1576
1576
1696
1734
1676
1690
1724
1688
1692
1644
1596
1696
1588
1644
1670
1556
1750
1658
1688
1690
1702
1750
1702
1644
1656
1558
1710
1752
1528
1692
1610
1646
1700
1636
1702
1600
1646
1680
1700
1710
1568
1722
1624
1644
1692
1618
1652
1650
1722
;
HBBS sumD : 1458
BEST_CONFIGURATIONS : 
0 0 
0 4 
0 26 
0 5 
0 22 
4 22 
4 26 
4 5 
26 5 
22 5 
22 26 
8 26 
8 5 
8 22 
8 4 
13 22 
13 8 
25 8 
17 8 
17 13 
25 13 
25 17 
18 17 
18 13 
14 13 
14 17 
14 25 
18 25 
18 14 
18 15 
18 10 
14 10 
14 15 
9 15 
9 10 
9 24 
9 6 
10 6 
24 6 
24 21 
6 21 
6 7 
21 7 
3 7 
3 21 
3 6 
3 2 
21 2 
6 2 
24 2 
24 27 
6 27 
2 27 
2 1 
27 1 
9 1 
9 27 
10 27 
10 24 
15 24 
15 10 
15 11 
10 11 
24 11 
6 11 
21 11 
7 11 
12 11 
16 11 
20 11 
20 15 
19 15 
19 10 
19 14 
19 18 
19 20 
20 23 
20 16 
23 16 
23 12 
16 12 
7 12 
21 12 
24 14 
9 14 
9 18 
15 25 
14 22 
9 22 
9 26 
9 5 
27 5 
27 26 
1 26 
1 5 
1 22 
1 4 
1 0 
0 0 
;
ROBOT MOVING BEST:
0 0 
1 1 
1 1 
1 1 
1 1 
1 1 
1 1 
1 1 
1 1 
1 1 
1 1 
1 1 
1 1 
1 1 
1 1 
1 1 
1 1 
1 1 
1 1 
1 1 
1 1 
1 1 
1 1 
1 1 
1 1 
1 1 
1 1 
1 1 
1 1 
1 1 
1 1 
1 1 
1 1 
1 1 
1 1 
1 1 
1 1 
1 1 
1 1 
1 1 
1 1 
1 1 
1 1 
1 1 
1 1 
1 1 
1 1 
1 1 
1 1 
1 1 
1 1 
1 1 
1 1 
1 1 
1 1 
1 1 
1 1 
1 1 
1 1 
1 1 
1 1 
1 1 
1 1 
1 1 
1 1 
1 1 
1 1 
1 1 
1 1 
1 1 
1 1 
1 1 
1 1 
1 1 
1 1 
1 1 
1 1 
1 1 
1 1 
1 1 
1 1 
1 1 
1 1 
1 1 
1 1 
1 1 
1 1 
1 1 
1 1 
1 1 
1 1 
1 1 
1 1 
1 1 
1 1 
1 1 
1 1 
1 1 
1 0 
;
TIMETABLE BEST: 
0.0 0.0 
0 14 
0 25 
0 34 
0 46 
14 46 
14 57 
14 66 
25 66 
36 66 
36 75 
48 75 
48 84 
48 96 
48 108 
61 120 
61 132 
74 132 
86 132 
86 145 
98 145 
98 156 
111 156 
111 167 
122 167 
122 178 
122 190 
133 190 
133 206 
133 219 
133 230 
144 230 
144 241 
160 241 
160 252 
160 265 
160 278 
174 278 
187 278 
187 290 
200 290 
200 302 
212 302 
224 302 
224 314 
224 326 
224 344 
236 344 
248 344 
261 344 
261 363 
274 363 
292 363 
292 378 
311 378 
326 378 
326 393 
340 393 
340 419 
351 419 
351 432 
351 453 
362 453 
375 453 
388 453 
400 453 
412 453 
430 453 
441 453 
462 453 
462 483 
475 483 
475 494 
475 512 
475 523 
475 556 
488 566 
488 577 
498 577 
498 588 
509 588 
536 588 
548 588 
573 640 
588 640 
588 651 
609 664 
622 696 
638 696 
638 707 
638 716 
653 716 
653 725 
668 725 
668 734 
668 746 
668 758 
668 772 
686.0 772.0 
;
EXECUTION TIME HBSS: 19.9981348515 seconds 

-------------------------------------------------------------------
