DATFILE : bwopen0_4r_250.dat
ENVIRONMENT : bwopen
ALGORITHM : HBSS - TAU 9
RANGE : 250
STARTING_POS : 0
N_ROBOTS : 4
GREEDY SOLUTION : 589.0
COMPUTATIONS T :
612.0
589.0
589.0
589.0
620.0
589.0
589.0
589.0
589.0
585.0
589.0
589.0
589.0
589.0
589.0
671.0
589.0
589.0
589.0
589.0
589.0
589.0
589.0
589.0
589.0
652.0
589.0
595.0
589.0
589.0
589.0
589.0
671.0
589.0
589.0
589.0
671.0
589.0
589.0
589.0
589.0
589.0
589.0
589.0
584.0
589.0
589.0
589.0
603.0
589.0
589.0
589.0
605.0
589.0
589.0
589.0
605.0
589.0
589.0
589.0
589.0
589.0
589.0
589.0
589.0
589.0
589.0
581.0
589.0
589.0
589.0
634.0
589.0
589.0
589.0
589.0
589.0
589.0
589.0
589.0
589.0
589.0
589.0
589.0
589.0
589.0
589.0
589.0
589.0
589.0
589.0
589.0
589.0
589.0
589.0
589.0
589.0
589.0
624.0
567.0
589.0
589.0
589.0
589.0
576.0
589.0
589.0
589.0
589.0
589.0
673.0
589.0
589.0
589.0
589.0
589.0
589.0
589.0
589.0
589.0
589.0
589.0
589.0
589.0
589.0
589.0
589.0
577.0
589.0
589.0
605.0
589.0
589.0
612.0
587.0
589.0
589.0
589.0
589.0
589.0
589.0
589.0
605.0
579.0
589.0
589.0
589.0
589.0
589.0
589.0
577.0
589.0
589.0
577.0
589.0
589.0
589.0
589.0
589.0
589.0
589.0
589.0
553.0
589.0
589.0
589.0
589.0
579.0
603.0
589.0
589.0
576.0
589.0
589.0
589.0
589.0
589.0
589.0
589.0
589.0
632.0
589.0
589.0
589.0
589.0
589.0
589.0
585.0
589.0
589.0
589.0
589.0
589.0
589.0
589.0
589.0
589.0
589.0
589.0
589.0
;
HBBS bestT : 553.0
BEST_CONFIGURATIONS : 
0 0 0 0 
0 4 0 0 
0 4 26 0 
0 4 26 0 
0 4 26 1 
0 4 26 1 
0 4 26 1 
0 4 5 1 
0 4 5 1 
0 4 5 1 
0 26 5 1 
0 26 5 27 
0 26 5 27 
1 26 5 27 
1 22 5 27 
1 22 5 27 
1 22 5 9 
1 22 5 9 
1 22 5 9 
1 22 26 9 
1 22 26 9 
0 22 26 9 
0 22 4 9 
0 22 4 14 
4 22 8 14 
4 22 8 14 
4 22 8 25 
26 22 8 25 
26 5 8 25 
26 5 8 17 
22 5 8 13 
22 5 8 13 
22 14 8 13 
13 18 8 13 
13 18 8 17 
13 18 8 17 
13 18 25 17 
13 18 25 17 
13 18 25 17 
17 14 25 17 
17 14 25 17 
17 14 25 18 
18 15 25 18 
18 15 14 18 
18 15 14 25 
14 10 14 25 
14 10 18 25 
14 10 18 15 
9 10 18 15 
9 10 14 15 
9 10 14 15 
9 10 18 15 
9 24 18 15 
9 24 18 10 
9 24 14 10 
9 24 14 15 
27 24 14 15 
27 24 14 10 
27 24 9 10 
27 6 9 10 
27 6 9 10 
27 6 9 10 
27 6 9 24 
2 6 9 24 
2 6 24 24 
2 21 24 24 
2 21 24 24 
2 21 24 6 
2 3 24 6 
2 3 24 6 
2 21 11 6 
2 21 11 6 
24 21 11 6 
24 7 11 6 
24 7 11 6 
10 7 11 6 
10 7 11 21 
15 7 11 21 
15 7 11 3 
15 21 11 3 
19 21 10 3 
19 21 15 3 
19 12 15 7 
19 12 14 7 
19 12 18 7 
19 12 18 21 
20 16 18 21 
20 16 15 21 
20 16 15 11 
20 16 15 11 
23 16 15 11 
16 12 15 11 
16 12 15 11 
23 12 15 11 
23 12 20 11 
20 12 19 11 
20 2 19 1 
20 2 27 1 
0 0 0 0 
;
ROBOT MOVING BEST:
0 0 0 0 
1 1 0 0 
1 0 1 0 
0 1 1 0 
1 0 0 1 
0 1 0 1 
0 0 1 1 
1 0 1 0 
0 1 1 0 
0 0 1 1 
0 1 1 0 
0 1 0 1 
0 0 1 1 
1 0 0 1 
1 1 0 0 
0 1 1 0 
1 0 0 1 
0 1 0 1 
0 0 1 1 
0 1 1 0 
0 0 1 1 
1 1 0 0 
0 1 1 0 
0 1 0 1 
1 0 1 0 
0 1 1 0 
0 0 1 1 
1 0 1 0 
0 1 1 0 
0 0 1 1 
1 0 0 1 
0 0 1 1 
0 1 0 1 
1 1 0 0 
1 0 0 1 
0 1 0 1 
0 1 1 0 
1 0 1 0 
0 0 1 1 
1 1 0 0 
0 1 1 0 
0 1 0 1 
1 1 0 0 
0 1 1 0 
0 1 0 1 
1 1 0 0 
0 1 1 0 
0 1 0 1 
1 1 0 0 
1 0 1 0 
1 0 0 1 
1 0 1 0 
1 1 0 0 
0 1 0 1 
0 1 1 0 
0 1 0 1 
1 1 0 0 
1 0 0 1 
1 0 1 0 
1 1 0 0 
0 1 1 0 
0 1 0 1 
0 1 0 1 
1 1 0 0 
1 0 1 0 
1 1 0 0 
0 1 1 0 
0 1 0 1 
1 1 0 0 
0 1 0 1 
0 1 1 0 
0 0 1 1 
1 0 1 0 
0 1 1 0 
0 1 0 1 
1 0 1 0 
0 1 0 1 
1 0 1 0 
0 1 0 1 
0 1 0 1 
1 0 1 0 
1 0 1 0 
0 1 0 1 
1 0 1 0 
1 0 1 0 
0 1 0 1 
1 1 0 0 
1 0 1 0 
1 0 0 1 
0 1 0 1 
1 1 0 0 
1 1 0 0 
0 1 0 1 
1 1 0 0 
1 0 1 0 
1 0 1 0 
0 1 0 1 
0 1 1 0 
1 1 1 1 
;
TIMETABLE BEST: 
0.0 0.0 0.0 0.0 
14 14 0 0 
17 14 17 0 
17 17 17 0 
18 17 17 18 
18 18 17 18 
18 18 18 18 
27 18 27 18 
27 27 27 18 
27 27 27 27 
27 38 38 27 
27 42 38 42 
27 42 42 42 
45 42 42 45 
53 53 42 45 
53 53 53 45 
60 53 53 60 
60 60 53 60 
60 60 60 60 
60 69 69 60 
60 69 69 69 
78 78 69 69 
78 80 80 69 
78 85 80 85 
94 85 94 85 
94 94 94 85 
94 94 101 101 
105 94 105 101 
105 106 106 101 
105 106 113 113 
124 106 113 124 
124 106 124 124 
124 136 124 136 
147 147 124 136 
147 147 124 147 
147 147 124 147 
147 150 150 147 
150 150 150 147 
150 150 150 150 
161 161 150 150 
161 161 161 150 
161 167 161 167 
180 180 161 167 
180 180 180 167 
180 180 180 180 
191 191 180 180 
191 191 191 180 
191 203 191 203 
207 207 191 203 
207 207 207 203 
207 207 207 207 
218 207 218 207 
220 220 218 207 
220 220 218 220 
220 229 229 220 
220 231 229 231 
235 235 229 231 
242 235 229 242 
245 235 245 242 
248 248 245 242 
248 248 248 242 
248 248 248 248 
248 261 248 261 
267 267 248 261 
267 267 267 261 
279 279 267 261 
279 279 279 261 
279 279 279 279 
291 291 279 279 
291 291 279 291 
291 303 303 291 
291 303 303 303 
310 303 310 303 
310 315 315 303 
310 315 315 315 
323 315 323 315 
323 327 323 327 
334 327 334 327 
334 339 334 339 
334 351 334 351 
358 351 358 351 
369 351 369 351 
369 381 369 381 
382 381 382 381 
393 381 393 381 
393 393 393 393 
406 406 393 393 
411 406 411 393 
412 406 411 412 
412 412 411 412 
422 422 411 412 
433 433 411 412 
433 433 411 433 
444 444 411 433 
444 444 444 433 
457 444 457 433 
457 500 457 500 
457 507 507 500 
553.0 543.0 540.0 518.0 
;
EXECUTION TIME HBSS: 115.942881107 seconds 

-------------------------------------------------------------------
