DATFILE : bwopen0_4r_250.dat
ENVIRONMENT : bwopen
ALGORITHM : HBSS - TAU 5
RANGE : 250
STARTING_POS : 0
N_ROBOTS : 4
GREEDY SOLUTION : [ 1520.]
COMPUTATIONS D :
1592
1560
1724
1610
1692
1502
1560
1520
1660
1602
1520
1580
1562
1844
1500
1502
1696
1614
1618
1520
1396
1598
1366
1548
1724
1672
1578
1748
1550
1520
1684
1654
1520
1536
1446
1708
1526
1566
1748
1630
1728
1446
1576
1520
1296
1552
1380
1554
1516
1564
1506
1628
1552
1686
1578
1736
1552
1752
1604
1612
1588
1714
1708
1502
1262
1554
1564
1520
1660
1622
1606
1472
1660
1520
1624
1796
1652
1688
1592
1360
1536
1582
1634
1712
1444
1644
1192
1736
1786
1692
1582
1528
1388
1644
1574
1704
1580
1520
1554
1650
1838
1658
1620
1254
1550
1516
1592
1272
1520
1668
1568
1564
1440
1564
1664
1236
1310
1564
1702
1552
1236
1680
1346
1542
1360
1548
1720
1492
1520
1644
1558
1632
1848
1502
1674
1564
1506
1678
1706
1604
1520
1526
1402
1494
1554
1520
1412
1520
1672
1604
1654
1570
1430
1602
1466
1736
1570
1428
1476
1666
1654
1446
1602
1660
1646
1422
1516
1442
1582
1654
1520
1586
1606
1564
1484
1366
1236
1672
1520
1646
1520
1528
1570
1458
1776
1520
1314
1406
1452
1520
1486
1612
1360
1534
1524
1652
1692
1520
1520
1600
;
HBBS sumD : 1192
BEST_CONFIGURATIONS : 
0 0 0 0 
0 4 0 0 
0 4 26 0 
0 4 26 1 
0 22 26 1 
0 22 5 1 
4 22 5 1 
4 22 5 1 
4 22 5 1 
22 22 5 1 
22 22 5 1 
22 22 5 1 
22 22 26 1 
22 22 26 1 
8 22 26 1 
8 9 26 1 
8 9 26 27 
8 9 26 27 
8 9 5 27 
8 9 5 27 
8 9 5 27 
8 9 5 9 
8 9 4 9 
22 9 4 9 
26 9 4 9 
26 9 4 10 
26 9 4 10 
26 9 4 15 
26 5 4 15 
26 5 22 14 
13 5 22 14 
13 5 8 14 
13 5 8 14 
13 9 8 14 
17 9 8 14 
17 9 8 25 
17 9 13 25 
17 9 13 25 
17 9 13 25 
17 9 13 18 
17 9 13 18 
17 14 13 18 
17 14 13 18 
17 14 25 18 
17 14 25 18 
17 14 25 18 
17 15 25 18 
17 15 25 18 
17 15 14 18 
17 10 14 18 
19 10 14 18 
19 10 14 18 
19 10 14 19 
19 10 14 19 
19 10 15 19 
19 10 15 19 
19 24 15 19 
19 24 15 20 
19 24 15 20 
19 11 15 20 
20 11 15 23 
20 11 10 23 
20 11 10 23 
20 11 10 16 
20 11 24 16 
23 11 24 16 
23 11 24 16 
23 11 6 16 
23 11 6 12 
23 11 6 12 
16 11 6 12 
16 11 21 12 
7 11 21 12 
7 21 21 12 
7 7 21 12 
7 7 21 12 
7 7 3 12 
7 21 3 12 
6 21 3 12 
6 21 3 7 
6 21 3 7 
6 21 2 7 
6 21 2 3 
6 21 2 3 
24 21 2 3 
24 6 2 3 
24 6 2 3 
24 6 27 3 
10 6 27 3 
10 24 27 3 
10 24 27 2 
10 24 27 2 
10 24 27 2 
10 24 9 2 
14 24 9 2 
14 6 9 2 
14 1 9 2 
14 1 27 1 
0 0 0 0 
;
ROBOT MOVING BEST:
0 0 0 0 
1 1 0 0 
1 0 1 0 
1 0 0 1 
1 1 0 0 
1 0 1 0 
1 0 0 1 
1 1 0 0 
1 0 1 0 
1 0 0 1 
0 0 1 1 
1 0 1 0 
0 0 1 1 
1 0 1 0 
1 1 0 0 
0 1 0 1 
0 0 1 1 
1 0 1 0 
0 0 1 1 
1 0 1 0 
0 1 0 1 
0 0 1 1 
1 0 1 0 
1 0 0 1 
1 0 0 1 
0 1 0 1 
1 0 1 0 
0 1 0 1 
1 1 0 0 
0 0 1 1 
1 0 1 0 
1 0 1 0 
1 0 0 1 
0 1 0 1 
1 0 1 0 
0 0 1 1 
1 0 1 0 
0 0 1 1 
1 0 0 1 
0 1 0 1 
0 0 1 1 
1 1 0 0 
1 0 0 1 
0 1 1 0 
0 0 1 1 
0 1 0 1 
0 1 1 0 
0 1 0 1 
0 1 1 0 
0 1 0 1 
1 0 0 1 
0 1 1 0 
0 0 1 1 
0 1 0 1 
0 1 1 0 
0 0 1 1 
0 1 1 0 
1 0 0 1 
0 0 1 1 
0 1 1 0 
1 0 0 1 
0 1 1 0 
1 1 0 0 
1 0 0 1 
0 1 1 0 
1 0 0 1 
0 1 0 1 
0 1 1 0 
1 0 0 1 
0 1 0 1 
1 0 0 1 
0 1 1 0 
1 1 0 0 
0 1 0 1 
0 1 0 1 
0 1 1 0 
0 1 1 0 
0 1 1 0 
1 0 1 0 
1 0 0 1 
1 1 0 0 
0 1 1 0 
0 0 1 1 
1 0 1 0 
1 1 0 0 
1 1 0 0 
1 0 1 0 
0 1 1 0 
1 1 0 0 
0 1 1 0 
0 0 1 1 
1 1 0 0 
1 0 1 0 
0 1 1 0 
1 1 0 0 
0 1 1 0 
0 1 0 1 
0 0 1 1 
1 1 1 1 
;
TIMETABLE BEST: 
0.0 0.0 0.0 0.0 
0 14 0 0 
0 14 17 0 
0 14 17 18 
0 26 17 18 
0 26 26 18 
14 26 26 18 
14 26 26 18 
14 26 26 18 
26 26 26 18 
26 26 26 18 
26 26 26 18 
26 26 35 18 
26 26 35 18 
38 26 35 18 
38 50 35 18 
38 50 35 33 
38 50 35 33 
38 50 44 33 
38 50 44 33 
38 50 44 33 
38 50 44 48 
38 50 58 48 
50 50 58 48 
61 50 58 48 
61 50 58 62 
61 50 58 62 
61 50 58 73 
61 72 58 73 
61 72 70 86 
91 72 70 86 
91 72 82 86 
91 72 82 86 
91 94 82 86 
102 94 82 86 
102 94 82 102 
102 94 95 102 
102 94 95 102 
102 94 95 102 
102 94 95 115 
102 94 95 115 
102 110 95 115 
102 110 95 115 
102 110 108 115 
102 110 108 115 
102 110 108 115 
102 123 108 115 
102 123 108 115 
102 123 124 115 
102 134 124 115 
137 134 124 115 
137 134 124 115 
137 134 124 135 
137 134 124 135 
137 134 137 135 
137 134 137 135 
137 147 137 135 
137 147 137 148 
137 147 137 148 
137 165 137 148 
150 165 137 158 
150 165 148 158 
150 165 148 158 
150 165 148 169 
150 165 161 169 
160 165 161 169 
160 165 161 169 
160 165 174 169 
160 165 174 180 
160 165 174 180 
171 165 174 180 
171 165 186 180 
198 165 186 180 
198 184 186 180 
198 196 186 180 
198 196 186 180 
198 196 198 180 
198 208 198 180 
218 208 198 180 
218 208 198 198 
218 208 198 198 
218 208 220 198 
218 208 220 214 
218 208 220 214 
231 208 220 214 
231 220 220 214 
231 220 220 214 
231 220 239 214 
244 220 239 214 
244 233 239 214 
244 233 239 236 
244 233 239 236 
244 233 239 236 
244 233 254 236 
262 233 254 236 
262 246 254 236 
262 282 254 236 
262 282 269 256 
316.0 300.0 302.0 274.0 
;
EXECUTION TIME HBSS: 118.579375982 seconds 

-------------------------------------------------------------------
