DATFILE : bwopen0_9r_250.dat
ENVIRONMENT : bwopen
ALGORITHM : HBSS - TAU 9
RANGE : 250
STARTING_POS : 0
N_ROBOTS : 9
GREEDY SOLUTION : [ 1600.]
COMPUTATIONS D :
1600
1600
1600
1600
1600
1600
1600
1600
1600
1600
1600
1600
1600
1600
1600
1600
1600
1600
1600
1600
1600
1600
1600
1600
1600
1600
1600
1600
1632
1600
1600
1600
1600
1600
1600
1600
1600
1600
1600
1600
1600
1632
1600
1600
1600
1600
1600
1600
1600
1600
1600
1600
1684
1600
1600
1600
1600
1600
1600
1600
1600
1600
1600
1600
1600
1600
1600
1600
1600
1600
1600
1606
1600
1694
1600
1600
1600
1600
1600
1600
1600
1600
1600
1600
1600
1600
1600
1600
1600
1600
1600
1600
1600
1694
1600
1600
1600
1600
1600
1600
1638
1600
1600
1600
1698
1600
1600
1600
1600
1600
1600
1600
1600
1600
1684
1580
1600
1570
1600
1600
1632
1600
1600
1600
1600
1600
1600
1600
1600
1600
1600
1600
1600
1570
1580
1600
1600
1636
1600
1600
1600
1600
1600
1600
1600
1570
1600
1600
1600
1600
1600
1600
1600
1600
1600
1600
1600
1600
1600
1600
1600
1600
1600
1600
1600
1600
1600
1600
1600
1600
1602
1600
1600
1600
1600
1600
1600
1600
1600
1600
1600
1600
1600
1600
1600
1600
1600
1600
1600
1600
1600
1600
1600
1600
1600
1600
1600
1600
1600
1600
;
HBBS sumD : 1570
BEST_CONFIGURATIONS : 
0 0 0 0 0 0 0 0 0 
0 4 0 0 0 0 0 0 0 
0 4 26 0 0 0 0 0 0 
0 4 26 1 0 0 0 0 0 
0 4 26 1 5 0 0 0 0 
0 4 26 1 5 22 0 0 0 
26 4 26 1 5 22 0 0 0 
26 4 26 1 5 22 0 0 0 
26 4 26 1 5 22 0 0 0 
26 4 26 1 5 22 0 0 0 
26 4 26 1 5 22 0 0 0 
26 4 26 1 5 22 8 0 0 
26 4 26 1 5 22 8 0 0 
26 4 26 1 5 22 8 0 0 
26 4 26 1 5 22 8 0 0 
26 4 26 1 5 22 8 0 0 
26 4 26 1 5 22 8 0 0 
26 4 26 1 5 22 8 0 0 
26 4 26 27 5 22 8 0 0 
26 4 26 27 5 22 8 0 0 
26 4 26 27 5 22 8 0 0 
26 4 26 27 5 22 8 1 0 
26 4 26 27 5 22 8 1 2 
26 4 26 27 5 22 8 1 2 
26 4 26 27 9 22 8 1 2 
26 4 26 27 9 22 13 1 2 
26 4 26 27 9 22 13 1 2 
26 8 26 27 9 22 13 1 2 
26 8 26 27 9 22 13 1 2 
26 8 26 27 9 22 13 1 2 
5 8 26 27 9 22 13 9 2 
5 8 26 27 9 22 17 9 2 
5 8 26 27 9 22 17 9 2 
14 8 26 27 9 22 17 9 2 
14 8 26 27 9 25 17 9 2 
14 8 26 27 9 25 17 9 6 
14 13 26 27 9 25 17 9 6 
14 13 26 27 10 25 17 9 6 
14 13 24 27 10 25 17 9 6 
14 13 24 27 10 25 17 9 6 
14 13 24 27 10 25 17 9 6 
14 13 24 27 10 25 17 9 6 
14 13 24 27 10 25 17 9 6 
14 25 24 27 10 25 17 9 6 
14 25 24 24 10 25 17 9 6 
14 25 24 24 10 25 17 9 6 
14 25 24 24 10 25 17 9 6 
14 25 24 24 10 25 17 9 6 
18 25 24 24 10 25 17 9 6 
18 25 24 24 10 25 17 9 6 
18 25 24 24 10 25 17 9 6 
18 25 24 24 10 25 17 9 6 
18 25 24 24 15 25 17 9 6 
18 25 24 24 15 25 17 10 6 
18 25 24 24 15 25 17 10 6 
18 25 24 24 15 25 17 10 6 
18 25 24 24 15 25 17 10 21 
18 25 24 24 15 25 17 10 21 
18 25 24 24 15 25 13 10 21 
18 14 24 24 15 25 13 10 21 
18 14 24 24 15 25 13 10 21 
18 14 24 24 15 25 13 10 21 
18 14 24 24 15 25 13 10 21 
18 14 24 24 15 25 13 10 21 
18 14 24 11 15 25 13 10 21 
18 14 24 11 15 25 13 10 21 
18 14 24 11 15 25 13 10 21 
18 14 6 11 15 25 13 10 21 
18 14 6 11 15 25 13 10 21 
18 14 6 11 15 25 13 10 21 
19 14 6 11 15 25 13 10 21 
19 14 6 11 15 25 13 10 21 
19 14 6 11 15 25 13 10 21 
19 14 6 11 15 25 13 10 3 
19 14 6 11 15 18 13 10 3 
19 14 6 11 15 18 13 10 3 
19 14 6 11 15 18 13 10 3 
19 14 21 11 15 18 13 10 3 
19 14 21 11 15 18 13 20 3 
19 14 21 11 15 18 13 20 7 
19 14 21 11 15 18 13 20 7 
19 14 21 11 15 18 13 20 7 
19 14 21 11 15 18 13 20 7 
19 14 21 6 15 18 13 20 7 
19 14 3 6 15 18 13 20 7 
20 14 3 6 15 18 13 23 7 
20 14 3 2 24 18 13 23 7 
20 14 3 2 24 18 13 23 7 
20 12 3 2 24 18 13 23 7 
20 12 3 2 24 18 13 16 7 
20 12 3 2 24 18 13 16 21 
20 12 3 2 6 18 13 16 21 
23 12 3 2 6 18 13 16 21 
23 12 3 2 6 18 13 16 21 
23 12 3 2 6 18 13 16 21 
23 12 3 2 6 11 13 16 21 
23 12 3 2 6 11 13 16 21 
23 12 3 2 6 11 13 16 21 
0 0 0 0 0 0 0 0 0 
;
ROBOT MOVING BEST:
0 0 0 0 0 0 0 0 0 
1 1 0 0 0 0 0 0 0 
1 0 1 0 0 0 0 0 0 
1 0 0 1 0 0 0 0 0 
1 0 0 0 1 0 0 0 0 
1 0 0 0 0 1 0 0 0 
1 1 0 0 0 0 0 0 0 
0 1 0 1 0 0 0 0 0 
1 0 0 1 0 0 0 0 0 
0 1 0 0 1 0 0 0 0 
0 1 0 0 0 1 0 0 0 
0 1 0 0 0 0 1 0 0 
1 0 0 0 1 0 0 0 0 
1 0 0 0 0 1 0 0 0 
0 0 0 1 1 0 0 0 0 
0 0 0 1 0 1 0 0 0 
1 0 0 0 0 0 1 0 0 
0 0 0 0 1 1 0 0 0 
1 0 0 1 0 0 0 0 0 
0 0 0 0 1 0 1 0 0 
0 0 0 0 0 1 1 0 0 
0 0 0 1 0 0 0 1 0 
0 0 0 0 0 0 0 1 1 
0 0 0 1 1 0 0 0 0 
1 0 0 0 1 0 0 0 0 
0 0 0 0 0 1 1 0 0 
0 0 0 0 1 0 0 1 0 
0 1 0 0 0 0 1 0 0 
0 0 0 1 0 0 0 0 1 
0 0 0 0 1 1 0 0 0 
1 0 0 0 0 0 0 1 0 
0 1 0 0 0 0 1 0 0 
0 0 0 1 1 0 0 0 0 
1 0 0 0 0 1 0 0 0 
0 1 0 0 0 1 0 0 0 
0 0 0 1 0 0 0 0 1 
0 1 0 0 0 0 1 0 0 
0 0 0 1 1 0 0 0 0 
0 0 1 1 0 0 0 0 0 
1 1 0 0 0 0 0 0 0 
0 1 0 0 0 1 0 0 0 
0 0 0 0 0 0 0 1 1 
1 0 0 0 0 0 0 1 0 
0 1 0 0 0 0 1 0 0 
0 0 0 1 0 0 0 1 0 
1 0 0 0 0 0 1 0 0 
0 0 0 0 1 0 0 1 0 
1 1 0 0 0 0 0 0 0 
1 0 0 0 0 0 0 1 0 
0 0 0 1 0 0 0 0 1 
0 0 0 0 1 0 0 0 1 
1 0 0 0 0 0 1 0 0 
0 0 0 0 1 0 0 1 0 
0 0 0 1 0 0 0 1 0 
1 1 0 0 0 0 0 0 0 
0 1 0 0 1 0 0 0 0 
0 0 0 1 0 0 0 0 1 
1 0 0 0 0 0 0 1 0 
1 0 0 0 0 0 1 0 0 
0 1 0 1 0 0 0 0 0 
0 1 0 0 0 0 0 1 0 
0 0 0 1 1 0 0 0 0 
0 0 0 0 1 0 0 1 0 
1 1 0 0 0 0 0 0 0 
0 0 0 1 0 0 0 1 0 
1 0 0 0 1 0 0 0 0 
0 0 1 1 0 0 0 0 0 
0 0 1 0 0 0 0 0 1 
0 1 0 0 1 0 0 0 0 
0 0 0 1 0 0 0 0 1 
1 0 0 0 0 0 0 1 0 
0 0 0 1 1 0 0 0 0 
0 0 1 1 0 0 0 0 0 
0 0 1 0 0 0 0 0 1 
1 0 0 0 0 1 0 0 0 
1 1 0 0 0 0 0 0 0 
1 0 0 0 1 0 0 0 0 
0 0 1 0 0 0 0 0 1 
0 0 0 0 1 0 0 1 0 
0 0 0 1 0 0 0 0 1 
0 0 0 1 0 0 0 1 0 
0 0 1 0 0 0 0 0 1 
1 0 0 0 0 0 0 1 0 
0 0 0 1 0 0 0 0 1 
0 0 1 0 0 0 0 0 1 
1 0 0 0 0 0 0 1 0 
0 0 0 1 1 0 0 0 0 
0 0 1 1 0 0 0 0 0 
0 1 0 0 0 0 0 0 1 
1 0 0 0 0 0 0 1 0 
0 0 0 1 0 0 0 0 1 
0 0 0 1 1 0 0 0 0 
1 0 0 0 0 0 0 1 0 
0 1 0 0 0 0 0 0 1 
1 1 0 0 0 0 0 0 0 
0 0 0 0 0 1 0 1 0 
0 1 0 0 0 1 0 0 0 
0 1 0 0 0 0 0 1 0 
1 1 1 1 1 1 1 1 1 
;
TIMETABLE BEST: 
0.0 0.0 0.0 0.0 0.0 0.0 0.0 0.0 0.0 
0 14 0 0 0 0 0 0 0 
0 14 17 0 0 0 0 0 0 
0 14 17 18 0 0 0 0 0 
0 14 17 18 24 0 0 0 0 
0 14 17 18 24 24 0 0 0 
17 14 17 18 24 24 0 0 0 
17 14 17 18 24 24 0 0 0 
17 14 17 18 24 24 0 0 0 
17 14 17 18 24 24 0 0 0 
17 14 17 18 24 24 0 0 0 
17 14 17 18 24 24 26 0 0 
17 14 17 18 24 24 26 0 0 
17 14 17 18 24 24 26 0 0 
17 14 17 18 24 24 26 0 0 
17 14 17 18 24 24 26 0 0 
17 14 17 18 24 24 26 0 0 
17 14 17 18 24 24 26 0 0 
17 14 17 33 24 24 26 0 0 
17 14 17 33 24 24 26 0 0 
17 14 17 33 24 24 26 0 0 
17 14 17 33 24 24 26 18 0 
17 14 17 33 24 24 26 18 36 
17 14 17 33 24 24 26 18 36 
17 14 17 33 46 24 26 18 36 
17 14 17 33 46 24 39 18 36 
17 14 17 33 46 24 39 18 36 
17 28 17 33 46 24 39 18 36 
17 28 17 33 46 24 39 18 36 
17 28 17 33 46 24 39 18 36 
26 28 17 33 46 24 39 46 36 
26 28 17 33 46 24 50 46 36 
26 28 17 33 46 24 50 46 36 
56 28 17 33 46 24 50 46 36 
56 28 17 33 46 56 50 46 36 
56 28 17 33 46 56 50 46 54 
56 41 17 33 46 56 50 46 54 
56 41 17 33 60 56 50 46 54 
56 41 61 33 60 56 50 46 54 
56 41 61 33 60 56 50 46 54 
56 41 61 33 60 56 50 46 54 
56 41 61 33 60 56 50 46 54 
56 41 61 33 60 56 50 46 54 
56 54 61 33 60 56 50 46 54 
56 54 61 59 60 56 50 46 54 
56 54 61 59 60 56 50 46 54 
56 54 61 59 60 56 50 46 54 
56 54 61 59 60 56 50 46 54 
67 54 61 59 60 56 50 46 54 
67 54 61 59 60 56 50 46 54 
67 54 61 59 60 56 50 46 54 
67 54 61 59 60 56 50 46 54 
67 54 61 59 71 56 50 46 54 
67 54 61 59 71 56 50 60 54 
67 54 61 59 71 56 50 60 54 
67 54 61 59 71 56 50 60 54 
67 54 61 59 71 56 50 60 66 
67 54 61 59 71 56 50 60 66 
67 54 61 59 71 56 61 60 66 
67 70 61 59 71 56 61 60 66 
67 70 61 59 71 56 61 60 66 
67 70 61 59 71 56 61 60 66 
67 70 61 59 71 56 61 60 66 
67 70 61 59 71 56 61 60 66 
67 70 61 77 71 56 61 60 66 
67 70 61 77 71 56 61 60 66 
67 70 61 77 71 56 61 60 66 
67 70 74 77 71 56 61 60 66 
67 70 74 77 71 56 61 60 66 
67 70 74 77 71 56 61 60 66 
87 70 74 77 71 56 61 60 66 
87 70 74 77 71 56 61 60 66 
87 70 74 77 71 56 61 60 66 
87 70 74 77 71 56 61 60 78 
87 70 74 77 71 69 61 60 78 
87 70 74 77 71 69 61 60 78 
87 70 74 77 71 69 61 60 78 
87 70 86 77 71 69 61 60 78 
87 70 86 77 71 69 61 96 78 
87 70 86 77 71 69 61 96 94 
87 70 86 77 71 69 61 96 94 
87 70 86 77 71 69 61 96 94 
87 70 86 77 71 69 61 96 94 
87 70 86 94 71 69 61 96 94 
87 70 98 94 71 69 61 96 94 
100 70 98 94 71 69 61 106 94 
100 70 98 112 95 69 61 106 94 
100 70 98 112 95 69 61 106 94 
100 122 98 112 95 69 61 106 94 
100 122 98 112 95 69 61 117 94 
100 122 98 112 95 69 61 117 106 
100 122 98 112 108 69 61 117 106 
110 122 98 112 108 69 61 117 106 
110 122 98 112 108 69 61 117 106 
110 122 98 112 108 69 61 117 106 
110 122 98 112 108 117 61 117 106 
110 122 98 112 108 117 61 117 106 
110 122 98 112 108 117 61 117 106 
216.0 214.0 156.0 148.0 162.0 188.0 100.0 218.0 168.0 
;
EXECUTION TIME HBSS: 826.990644932 seconds 

-------------------------------------------------------------------
