DATFILE : bwopen0_7r_250.dat
ENVIRONMENT : bwopen
ALGORITHM : HBSS - TAU 2
RANGE : 250
STARTING_POS : 0
N_ROBOTS : 7
GREEDY SOLUTION : 379.0
COMPUTATIONS T :
413.0
413.0
400.0
415.0
395.0
363.0
430.0
397.0
415.0
384.0
400.0
400.0
403.0
370.0
398.0
390.0
328.0
380.0
377.0
373.0
397.0
377.0
324.0
353.0
352.0
383.0
400.0
354.0
341.0
369.0
387.0
411.0
398.0
345.0
377.0
378.0
392.0
397.0
399.0
375.0
410.0
443.0
403.0
365.0
410.0
387.0
378.0
359.0
374.0
384.0
312.0
399.0
375.0
391.0
399.0
398.0
402.0
342.0
353.0
419.0
398.0
334.0
378.0
381.0
370.0
397.0
361.0
370.0
411.0
392.0
383.0
408.0
397.0
348.0
360.0
434.0
389.0
357.0
352.0
339.0
368.0
368.0
396.0
365.0
389.0
394.0
338.0
369.0
375.0
361.0
355.0
383.0
392.0
357.0
424.0
357.0
354.0
369.0
320.0
408.0
428.0
388.0
376.0
395.0
402.0
398.0
374.0
377.0
353.0
366.0
433.0
396.0
373.0
388.0
409.0
417.0
370.0
436.0
394.0
385.0
371.0
371.0
387.0
419.0
334.0
381.0
383.0
404.0
394.0
380.0
340.0
414.0
389.0
402.0
353.0
401.0
362.0
440.0
408.0
379.0
343.0
332.0
416.0
424.0
362.0
390.0
333.0
352.0
374.0
344.0
365.0
395.0
422.0
384.0
399.0
368.0
400.0
349.0
360.0
350.0
406.0
348.0
349.0
418.0
341.0
363.0
378.0
391.0
392.0
368.0
338.0
331.0
396.0
372.0
379.0
389.0
365.0
404.0
421.0
344.0
361.0
367.0
385.0
385.0
377.0
352.0
370.0
442.0
389.0
370.0
412.0
419.0
343.0
382.0
383.0
343.0
381.0
349.0
375.0
340.0
;
HBBS bestT : 312.0
BEST_CONFIGURATIONS : 
0 0 0 0 0 0 0 
0 0 0 4 0 0 0 
0 26 0 4 0 0 0 
0 26 4 4 0 0 0 
0 26 4 4 1 0 0 
0 26 4 4 1 0 0 
0 26 4 4 1 0 0 
0 5 4 4 1 0 22 
0 5 4 4 1 5 22 
0 5 4 4 1 5 22 
0 5 4 4 1 5 22 
0 5 4 26 1 5 22 
0 5 4 26 1 5 22 
0 5 4 26 1 5 22 
0 5 4 26 1 5 22 
0 5 4 26 1 5 22 
4 5 8 26 1 5 22 
4 5 8 26 1 5 8 
4 5 8 26 1 26 8 
4 5 8 22 1 26 8 
4 5 8 22 27 26 8 
4 5 8 22 27 26 8 
4 5 8 8 27 26 13 
22 5 8 8 27 26 13 
22 5 8 8 9 26 13 
22 5 8 8 9 26 13 
22 5 8 8 9 26 13 
22 5 13 8 9 26 17 
22 5 13 8 9 26 17 
22 22 13 8 14 26 17 
22 22 13 8 14 26 17 
22 22 13 8 14 26 25 
8 22 13 8 14 26 25 
8 22 13 13 14 26 25 
8 22 17 13 14 26 25 
8 22 17 13 14 9 25 
8 22 17 13 14 9 25 
8 9 17 13 14 9 18 
8 9 13 13 14 9 18 
8 9 13 17 14 9 18 
8 9 13 17 14 9 18 
25 9 13 17 14 9 18 
25 9 13 17 14 10 18 
25 9 13 17 14 10 18 
25 9 13 17 14 10 18 
25 9 13 17 14 15 18 
25 9 13 17 14 15 18 
25 9 13 17 14 15 18 
25 9 13 17 14 15 18 
25 10 13 17 15 15 18 
25 10 18 19 15 15 18 
14 10 18 19 15 15 18 
14 10 18 19 15 15 18 
14 10 18 19 15 19 18 
14 24 18 19 15 19 18 
14 24 18 19 15 19 18 
14 24 18 19 15 19 9 
14 24 18 20 15 19 9 
14 24 18 20 15 19 9 
14 24 18 20 10 19 9 
14 24 18 23 10 20 9 
14 24 18 23 10 20 27 
14 24 9 23 10 20 27 
14 6 9 23 10 20 9 
14 6 9 23 11 20 9 
10 6 9 23 11 20 9 
10 6 24 23 11 20 9 
10 6 24 23 11 20 9 
10 6 24 23 11 20 9 
10 6 24 16 11 20 9 
10 6 24 16 11 20 9 
10 6 24 16 11 20 9 
10 6 24 16 11 23 9 
15 6 24 16 11 23 9 
15 21 24 16 11 23 9 
15 21 24 16 11 23 9 
15 21 24 12 11 23 9 
15 7 24 12 11 23 9 
10 7 24 12 11 23 27 
10 7 24 12 11 23 27 
10 7 24 12 11 23 27 
10 7 6 12 11 23 27 
10 7 6 12 11 16 27 
10 7 6 12 11 16 27 
10 21 6 12 11 16 27 
10 21 6 12 11 16 27 
9 21 6 12 11 16 1 
9 3 6 12 11 16 1 
9 3 6 12 21 16 1 
27 3 6 12 21 16 1 
27 3 6 7 21 16 1 
27 3 6 7 21 16 1 
27 3 2 7 21 16 1 
27 21 2 7 21 16 1 
27 21 2 7 3 16 1 
27 21 2 7 3 16 1 
27 6 2 7 3 16 1 
27 6 2 7 3 24 1 
0 0 0 0 0 0 0 
;
ROBOT MOVING BEST:
0 0 0 0 0 0 0 
1 0 0 1 0 0 0 
1 1 0 0 0 0 0 
0 1 1 0 0 0 0 
1 0 0 0 1 0 0 
0 1 0 0 1 0 0 
0 0 1 0 1 0 0 
0 1 0 0 0 0 1 
1 0 0 0 0 1 0 
0 0 1 0 0 1 0 
0 0 0 0 1 1 0 
0 0 0 1 0 1 0 
1 0 0 0 0 0 1 
0 0 1 0 0 0 1 
0 0 0 1 0 0 1 
0 0 0 0 1 0 1 
1 0 1 0 0 0 0 
0 1 0 0 0 0 1 
0 0 0 0 0 1 1 
0 0 0 1 0 0 1 
0 0 0 0 1 1 0 
0 1 0 0 1 0 0 
0 0 0 1 0 0 1 
1 0 0 0 0 0 1 
1 0 0 0 1 0 0 
0 1 0 0 1 0 0 
0 0 0 0 1 1 0 
0 0 1 0 0 0 1 
0 0 0 1 0 0 1 
0 1 0 0 1 0 0 
0 0 1 0 1 0 0 
0 0 0 0 1 0 1 
1 0 0 0 0 0 1 
0 0 0 1 0 0 1 
0 0 1 0 1 0 0 
0 0 0 0 1 1 0 
0 0 1 0 0 0 1 
0 1 0 0 0 0 1 
0 0 1 0 0 0 1 
0 0 0 1 0 0 1 
0 0 0 0 1 0 1 
1 0 0 0 0 0 1 
0 1 0 0 0 1 0 
0 0 0 0 1 1 0 
0 0 0 0 0 1 1 
0 1 0 0 0 1 0 
1 0 0 0 0 1 0 
0 0 0 0 1 1 0 
0 0 0 0 0 1 1 
0 1 0 0 1 0 0 
0 0 1 1 0 0 0 
1 0 0 1 0 0 0 
0 1 0 1 0 0 0 
0 0 0 0 1 1 0 
1 1 0 0 0 0 0 
0 1 0 0 1 0 0 
0 1 0 0 0 0 1 
0 0 0 1 1 0 0 
0 0 0 1 0 1 0 
0 1 0 0 1 0 0 
0 0 0 1 0 1 0 
0 1 0 0 0 0 1 
0 0 1 0 0 0 1 
0 1 0 0 0 0 1 
0 0 0 0 1 1 0 
1 1 0 0 0 0 0 
0 1 1 0 0 0 0 
1 0 0 0 1 0 0 
0 0 1 0 1 0 0 
0 0 0 1 1 0 0 
0 1 0 0 1 0 0 
0 0 0 1 0 1 0 
0 0 0 1 0 1 0 
1 0 0 0 1 0 0 
0 1 0 0 1 0 0 
0 1 1 0 0 0 0 
0 0 0 1 0 1 0 
0 1 0 1 0 0 0 
1 0 0 0 0 0 1 
0 1 0 0 1 0 0 
0 0 0 1 1 0 0 
0 1 1 0 0 0 0 
0 0 0 1 0 1 0 
0 0 1 0 0 0 1 
0 1 1 0 0 0 0 
0 1 0 1 0 0 0 
1 0 0 0 0 0 1 
0 1 1 0 0 0 0 
0 1 0 0 1 0 0 
1 0 0 0 0 0 1 
0 1 0 1 0 0 0 
0 0 0 1 1 0 0 
1 0 1 0 0 0 0 
0 1 1 0 0 0 0 
0 0 1 0 1 0 0 
0 0 1 0 0 0 1 
0 1 1 0 0 0 0 
0 0 1 0 0 1 0 
1 1 1 1 1 1 1 
;
TIMETABLE BEST: 
0.0 0.0 0.0 0.0 0.0 0.0 0.0 
14 0 0 14 0 0 0 
17 17 0 14 0 0 0 
17 17 17 14 0 0 0 
18 17 17 14 18 0 0 
18 18 17 14 18 0 0 
18 18 18 14 18 0 0 
18 27 18 14 18 0 27 
24 27 18 14 18 24 27 
24 27 24 14 18 24 27 
24 27 24 14 24 24 27 
24 27 24 25 24 25 27 
27 27 24 25 24 25 27 
27 27 27 25 24 25 27 
27 27 27 27 24 25 27 
27 27 27 27 27 25 27 
41 27 41 27 27 25 27 
41 39 41 27 27 25 39 
41 39 41 27 27 39 39 
41 39 41 39 27 39 39 
41 39 41 39 42 42 39 
41 42 41 39 42 42 39 
41 42 41 52 42 42 52 
53 42 41 52 42 42 53 
57 42 41 52 57 42 53 
57 57 41 52 57 42 53 
57 57 41 52 57 57 53 
57 57 64 52 57 57 64 
57 57 64 64 57 57 64 
57 73 64 64 73 57 64 
57 73 73 64 73 57 64 
57 73 73 64 76 57 76 
76 73 73 64 76 57 76 
76 73 73 77 76 57 77 
76 73 84 77 84 57 77 
76 73 84 77 88 88 77 
76 73 84 77 88 88 84 
76 97 84 77 88 88 97 
76 97 97 77 88 88 97 
76 97 97 97 88 88 97 
76 97 97 97 97 88 97 
102 97 97 97 97 88 102 
102 102 97 97 97 102 102 
102 102 97 97 102 102 102 
102 102 97 97 102 102 102 
102 113 97 97 102 113 102 
113 113 97 97 102 113 102 
113 113 97 97 113 113 102 
113 113 97 97 113 113 113 
113 127 97 97 127 113 113 
113 127 132 132 127 113 113 
132 127 132 132 127 113 113 
132 132 132 132 127 113 113 
132 132 132 132 137 137 113 
145 145 132 132 137 137 113 
145 145 132 132 145 137 113 
145 145 132 132 145 137 145 
145 145 132 145 145 137 145 
145 145 132 145 145 145 145 
145 156 132 145 156 145 145 
145 156 132 158 156 158 145 
145 160 132 158 156 158 160 
145 160 160 158 156 158 160 
145 175 160 158 156 158 175 
145 175 160 158 177 177 175 
175 175 160 158 177 177 175 
175 175 175 158 177 177 175 
177 175 175 158 177 177 175 
177 175 177 158 177 177 175 
177 175 177 177 177 177 175 
177 177 177 177 177 177 175 
177 177 177 177 177 177 175 
177 177 177 187 177 187 175 
188 177 177 187 188 187 175 
188 189 177 187 189 187 175 
188 189 189 187 189 187 175 
188 189 189 198 189 198 175 
188 201 189 201 189 198 175 
199 201 189 201 189 198 199 
199 201 189 201 201 198 199 
199 201 189 201 201 198 199 
199 202 202 201 201 198 199 
199 202 202 209 201 209 199 
199 202 202 209 201 209 202 
199 214 214 209 201 209 202 
199 214 214 214 201 209 202 
217 214 214 214 201 209 217 
217 226 226 214 201 209 217 
217 226 226 214 226 209 217 
232 226 226 214 226 209 232 
232 232 226 232 226 209 232 
232 232 226 232 232 209 232 
244 232 244 232 232 209 232 
244 244 244 232 232 209 232 
244 244 244 232 244 209 232 
244 244 244 232 244 209 244 
244 256 256 232 244 209 244 
244 256 257 232 244 257 244 
277.0 310.0 293.0 306.0 302.0 312.0 262.0 
;
EXECUTION TIME HBSS: 460.618517876 seconds 

-------------------------------------------------------------------
