DATFILE : bwopen0_2r_250.dat
ENVIRONMENT : bwopen
ALGORITHM : HBSS - TAU 7
RANGE : 250
STARTING_POS : 0
N_ROBOTS : 2
GREEDY SOLUTION : [ 1710.]
COMPUTATIONS D :
1634
1722
1772
1746
1638
1710
1710
1686
1710
1566
1710
1664
1730
1612
1710
1710
1710
1710
1614
1710
1710
1628
1662
1680
1628
1710
1710
1626
1598
1710
1710
1680
1712
1784
1710
1720
1764
1710
1730
1712
1678
1710
1710
1724
1710
1594
1784
1710
1608
1704
1710
1558
1736
1654
1710
1710
1824
1646
1710
1704
1718
1714
1712
1718
1722
1614
1560
1710
1710
1710
1710
1644
1578
1710
1640
1710
1710
1664
1710
1710
1690
1710
1630
1710
1722
1668
1612
1566
1722
1710
1656
1710
1596
1710
1710
1710
1710
1710
1710
1576
1710
1718
1710
1710
1710
1608
1710
1710
1710
1710
1710
1710
1630
1704
1710
1734
1736
1716
1710
1710
1710
1710
1718
1710
1710
1710
1702
1710
1566
1710
1710
1710
1710
1702
1748
1710
1612
1606
1564
1710
1668
1678
1736
1710
1710
1576
1710
1638
1710
1550
1586
1710
1710
1682
1710
1666
1606
1596
1710
1710
1710
1710
1716
1710
1710
1710
1566
1710
1710
1636
1618
1730
1720
1650
1664
1710
1710
1726
1712
1698
1674
1720
1634
1566
1710
1718
1748
1550
1570
1710
1576
1644
1710
1664
1666
1710
1710
1710
1710
1550
;
HBBS sumD : 1550
BEST_CONFIGURATIONS : 
0 0 
0 4 
0 26 
0 5 
0 22 
4 22 
4 26 
4 5 
26 5 
22 5 
22 26 
8 26 
8 5 
8 22 
8 4 
13 22 
13 8 
17 8 
25 8 
25 13 
25 17 
13 17 
13 18 
13 14 
17 14 
17 18 
25 18 
25 14 
18 14 
18 15 
18 10 
14 10 
14 15 
9 15 
9 10 
9 24 
9 6 
10 6 
24 6 
24 21 
6 21 
6 3 
21 3 
7 3 
7 21 
7 6 
7 11 
21 11 
6 11 
24 11 
10 11 
15 11 
15 24 
10 24 
14 24 
14 9 
18 9 
15 10 
19 10 
19 15 
20 15 
20 19 
20 23 
20 16 
23 16 
23 12 
16 12 
7 12 
21 12 
11 12 
11 16 
11 20 
14 19 
18 19 
25 15 
22 14 
22 9 
26 9 
5 9 
5 27 
26 27 
26 1 
5 1 
22 1 
4 1 
0 1 
1 27 
1 9 
27 9 
27 10 
27 24 
27 6 
27 2 
1 2 
6 2 
21 2 
3 2 
24 2 
0 0 
;
ROBOT MOVING BEST:
0 0 
1 1 
1 1 
1 1 
1 1 
1 1 
1 1 
1 1 
1 1 
1 1 
1 1 
1 1 
1 1 
1 1 
1 1 
1 1 
1 1 
1 1 
1 1 
1 1 
1 1 
1 1 
1 1 
1 1 
1 1 
1 1 
1 1 
1 1 
1 1 
1 1 
1 1 
1 1 
1 1 
1 1 
1 1 
1 1 
1 1 
1 1 
1 1 
1 1 
1 1 
1 1 
1 1 
1 1 
1 1 
1 1 
1 1 
1 1 
1 1 
1 1 
1 1 
1 1 
1 1 
1 1 
1 1 
1 1 
1 1 
1 1 
1 1 
1 1 
1 1 
1 1 
1 1 
1 1 
1 1 
1 1 
1 1 
1 1 
1 1 
1 1 
1 1 
1 1 
1 1 
1 1 
1 1 
1 1 
1 1 
1 1 
1 1 
1 1 
1 1 
1 1 
1 1 
1 1 
1 1 
1 1 
1 1 
1 1 
1 1 
1 1 
1 1 
1 1 
1 1 
1 1 
1 1 
1 1 
1 1 
1 1 
1 1 
;
TIMETABLE BEST: 
0.0 0.0 
0 14 
0 25 
0 34 
0 46 
14 46 
14 57 
14 66 
25 66 
36 66 
36 75 
48 75 
48 84 
48 96 
48 108 
61 120 
61 132 
72 132 
84 132 
84 145 
84 156 
97 156 
97 173 
97 184 
108 184 
108 195 
120 195 
120 206 
133 206 
133 219 
133 230 
144 230 
144 241 
160 241 
160 252 
160 265 
160 278 
174 278 
187 278 
187 290 
200 290 
200 302 
212 302 
224 302 
224 314 
224 326 
224 343 
236 343 
248 343 
261 343 
274 343 
285 343 
285 361 
296 361 
314 361 
314 376 
325 376 
343 390 
367 390 
367 401 
380 401 
380 425 
380 448 
380 459 
390 459 
390 470 
401 470 
428 470 
440 470 
459 470 
459 481 
459 502 
496 515 
507 515 
520 539 
552 552 
552 568 
563 568 
572 568 
572 583 
581 583 
581 598 
590 598 
602 598 
614 598 
628 598 
646 613 
646 628 
661 628 
661 642 
661 655 
661 668 
661 686 
676 686 
712 686 
724 686 
736 686 
773 686 
828.0 722.0 
;
EXECUTION TIME HBSS: 20.2042291164 seconds 

-------------------------------------------------------------------
