DATFILE : bwopen0_3r_250.dat
ENVIRONMENT : bwopen
ALGORITHM : HBSS - TAU 3
RANGE : 250
STARTING_POS : 0
N_ROBOTS : 3
GREEDY SOLUTION : [ 1658.]
COMPUTATIONS D :
1656
1632
2194
1724
1694
1662
1892
1926
1680
1920
1642
1762
1322
1630
1744
1652
1666
1890
1550
1718
1928
1724
1500
1806
1856
1652
1580
1776
1616
1748
1846
1814
1844
1718
1716
1778
1674
1692
1740
1746
1750
1886
1788
1848
1732
1896
1908
1610
1514
1838
1628
1606
2078
1856
1682
1630
1632
1798
1722
2040
1720
1634
1740
1642
1696
1948
1954
1876
1670
1726
1628
1696
1676
1704
1610
1514
1656
1818
1852
2036
1624
1782
1720
1856
1730
1640
1872
1686
1700
1614
1746
1830
1862
1766
1620
1686
1838
1836
1940
1698
1706
1826
2058
1946
1682
1816
1748
1782
1624
1692
1840
1716
1658
1706
1632
1732
1588
1644
1770
1702
1658
2040
1718
2106
1968
1868
1472
1524
1640
1936
1336
1448
1834
1632
1800
1718
1774
1852
1710
1814
2158
1704
1594
1506
1796
1680
1812
1878
1906
1350
1758
1748
1844
1814
1648
1830
1752
1406
1702
1944
1762
1564
1768
1696
1606
1630
1730
1670
1816
1956
1604
1998
1544
1680
1702
1774
1704
1728
1842
1616
1672
1584
1718
1650
1654
1662
1744
1672
1696
1776
1776
1688
1928
1680
1636
1848
1592
1644
1856
1670
;
HBBS sumD : 1322
BEST_CONFIGURATIONS : 
0 0 0 
0 0 4 
0 1 4 
0 1 26 
4 1 26 
4 1 26 
26 1 26 
5 1 26 
5 1 22 
5 0 22 
5 0 26 
22 0 26 
22 0 26 
22 4 26 
22 4 5 
22 4 5 
8 4 5 
8 4 5 
8 26 5 
8 26 22 
13 26 22 
13 8 22 
17 8 8 
25 8 8 
25 8 13 
17 8 13 
17 14 13 
17 14 25 
17 14 25 
17 14 25 
17 14 18 
17 14 18 
13 14 18 
13 15 18 
25 15 18 
25 10 18 
25 10 15 
25 10 15 
14 10 15 
14 10 15 
14 24 15 
9 24 15 
9 11 15 
9 11 10 
9 11 10 
24 11 10 
24 11 24 
24 11 6 
24 11 6 
24 21 6 
2 21 6 
2 21 6 
2 7 6 
2 7 21 
2 7 3 
2 7 3 
2 21 3 
6 21 3 
6 21 7 
11 21 7 
11 21 12 
11 7 12 
11 7 12 
11 7 12 
11 7 16 
11 12 16 
11 12 20 
11 12 23 
20 16 23 
20 16 23 
20 23 23 
19 20 23 
15 20 23 
15 19 23 
10 19 23 
10 18 19 
10 14 19 
24 14 19 
24 9 18 
24 9 18 
24 9 14 
6 9 14 
6 22 14 
6 22 10 
6 22 27 
9 22 27 
9 26 27 
9 26 27 
9 26 27 
9 5 27 
9 5 27 
9 1 27 
9 1 27 
10 1 27 
24 1 27 
24 1 2 
24 1 2 
2 27 2 
0 0 0 
;
ROBOT MOVING BEST:
0 0 0 
1 0 1 
1 1 0 
1 0 1 
1 1 0 
1 0 1 
1 1 0 
1 1 0 
0 1 1 
1 1 0 
1 0 1 
1 1 0 
1 0 1 
1 1 0 
1 0 1 
0 1 1 
1 1 0 
1 0 1 
1 1 0 
1 0 1 
1 0 1 
1 1 0 
1 0 1 
1 0 1 
1 0 1 
1 0 1 
0 1 1 
1 0 1 
0 1 1 
1 1 0 
1 0 1 
0 1 1 
1 0 1 
0 1 1 
1 0 1 
0 1 1 
1 0 1 
0 1 1 
1 1 0 
1 0 1 
0 1 1 
1 0 1 
0 1 1 
1 0 1 
0 1 1 
1 0 1 
0 1 1 
0 1 1 
1 0 1 
1 1 0 
1 0 1 
0 1 1 
0 1 1 
1 0 1 
1 0 1 
0 1 1 
0 1 1 
1 0 1 
0 1 1 
1 1 0 
0 1 1 
1 1 0 
0 1 1 
1 0 1 
1 0 1 
0 1 1 
1 0 1 
0 1 1 
1 1 0 
0 1 1 
1 1 0 
1 1 0 
1 1 0 
1 1 0 
1 1 0 
0 1 1 
0 1 1 
1 1 0 
0 1 1 
1 1 0 
0 1 1 
1 1 0 
0 1 1 
1 0 1 
1 0 1 
1 1 0 
1 1 0 
1 0 1 
0 1 1 
1 1 0 
0 1 1 
1 1 0 
0 1 1 
1 0 1 
1 0 1 
1 0 1 
0 1 1 
1 1 0 
1 1 1 
;
TIMETABLE BEST: 
0.0 0.0 0.0 
0 0 14 
0 18 14 
0 18 25 
14 18 25 
14 18 25 
25 18 25 
34 18 25 
34 18 36 
34 36 36 
34 36 47 
46 36 47 
46 36 47 
46 50 47 
46 50 56 
46 50 56 
58 50 56 
58 50 56 
58 61 56 
58 61 68 
71 61 68 
71 84 68 
82 84 80 
94 84 80 
94 84 93 
106 84 93 
106 114 93 
106 114 106 
106 114 106 
106 114 106 
106 114 119 
106 114 119 
117 114 119 
117 127 119 
130 127 119 
130 138 119 
130 138 137 
130 138 137 
146 138 137 
146 138 137 
146 151 137 
162 151 137 
162 169 137 
162 169 148 
162 169 148 
177 169 148 
177 169 161 
177 169 174 
177 169 174 
177 188 174 
196 188 174 
196 188 174 
196 200 174 
196 200 186 
196 200 198 
196 200 198 
196 212 198 
214 212 198 
214 212 214 
231 212 214 
231 212 232 
231 224 232 
231 224 232 
231 224 232 
231 224 243 
231 242 243 
231 242 264 
231 242 274 
266 253 274 
266 253 274 
266 264 274 
279 274 274 
303 274 274 
303 287 274 
314 287 274 
314 307 297 
314 318 297 
327 318 297 
327 334 317 
327 334 317 
327 334 328 
340 334 328 
340 358 328 
340 358 346 
340 358 373 
368 358 373 
368 369 373 
368 369 373 
368 369 373 
368 378 373 
368 378 373 
368 396 373 
368 396 373 
382 396 373 
395 396 373 
395 396 392 
395 396 392 
414 411 392 
450.0 444.0 428.0 
;
EXECUTION TIME HBSS: 55.9233868122 seconds 

-------------------------------------------------------------------
