DATFILE : bwopen0_6r_250.dat
ENVIRONMENT : bwopen
ALGORITHM : HBSS - TAU 9
RANGE : 250
STARTING_POS : 0
N_ROBOTS : 6
GREEDY SOLUTION : [ 1398.]
COMPUTATIONS D :
1398
1398
1398
1398
1398
1398
1398
1398
1398
1398
1446
1460
1446
1398
1398
1398
1446
1398
1398
1398
1398
1398
1398
1398
1398
1398
1402
1398
1398
1398
1398
1398
1420
1398
1398
1398
1446
1398
1398
1398
1398
1398
1398
1398
1398
1398
1398
1398
1398
1398
1398
1398
1398
1398
1398
1398
1398
1438
1398
1398
1592
1398
1398
1398
1398
1398
1398
1398
1398
1398
1398
1398
1398
1350
1398
1398
1398
1398
1398
1398
1398
1398
1398
1398
1398
1398
1398
1472
1398
1398
1398
1398
1398
1398
1398
1398
1398
1398
1398
1398
1398
1398
1398
1398
1398
1398
1366
1398
1398
1592
1398
1398
1398
1398
1398
1398
1398
1398
1398
1398
1398
1398
1398
1398
1398
1398
1398
1398
1398
1398
1398
1398
1398
1398
1398
1398
1398
1398
1398
1398
1398
1398
1398
1398
1398
1398
1398
1480
1398
1398
1398
1398
1398
1398
1398
1398
1398
1398
1398
1398
1366
1398
1398
1398
1398
1398
1398
1398
1398
1398
1398
1398
1458
1398
1398
1458
1398
1398
1398
1398
1398
1398
1398
1398
1398
1398
1398
1398
1398
1398
1398
1398
1446
1398
1398
1492
1398
1398
1398
1398
;
HBBS sumD : 1350
BEST_CONFIGURATIONS : 
0 0 0 0 0 0 
0 4 0 0 0 0 
0 4 26 0 0 0 
0 4 26 1 0 0 
0 4 26 1 5 0 
0 4 26 1 5 22 
26 4 26 1 5 22 
26 4 26 1 5 22 
26 4 26 1 5 22 
26 4 26 1 5 22 
26 4 26 1 5 22 
26 4 26 1 5 22 
26 4 26 1 5 22 
26 4 26 1 5 22 
26 4 26 1 5 22 
26 8 26 1 5 22 
26 8 26 1 5 22 
26 8 26 27 5 22 
26 8 26 27 5 22 
26 8 26 27 5 22 
26 8 4 27 5 22 
26 8 4 27 5 22 
26 8 4 27 9 22 
26 13 4 27 9 22 
1 13 4 27 9 22 
1 13 4 27 9 22 
1 13 4 27 9 8 
1 13 4 27 9 8 
1 13 4 27 9 8 
1 13 4 2 9 8 
1 17 4 2 9 8 
1 17 5 2 9 8 
1 25 5 2 9 8 
27 25 5 2 9 8 
27 25 5 2 14 22 
27 25 5 6 14 22 
27 25 5 6 14 22 
27 25 9 6 14 22 
27 25 10 6 14 22 
27 25 10 6 14 13 
27 25 10 6 14 13 
27 25 10 24 14 13 
27 25 10 24 18 13 
9 25 10 24 18 13 
9 25 10 24 18 13 
9 25 10 24 18 17 
9 25 10 24 18 17 
9 25 10 24 18 17 
9 17 10 24 18 17 
9 17 10 24 18 17 
9 17 15 24 18 17 
14 17 15 24 18 17 
14 17 15 24 18 17 
14 17 15 24 18 17 
14 17 15 24 18 17 
14 13 15 24 18 17 
14 13 15 24 18 17 
14 13 15 24 18 17 
14 13 15 24 19 17 
14 13 15 10 19 17 
14 13 15 10 19 25 
14 13 15 10 19 25 
14 13 15 10 19 25 
18 13 15 10 19 25 
18 13 15 10 19 25 
18 13 15 10 20 25 
18 13 15 11 20 25 
18 13 10 11 20 25 
19 13 10 11 20 25 
19 13 10 11 20 25 
19 13 24 11 20 25 
19 10 24 11 20 25 
20 10 24 11 23 25 
20 10 6 11 23 25 
20 10 6 11 16 25 
20 10 6 11 16 9 
20 10 6 11 16 9 
20 10 6 11 16 9 
20 10 21 11 16 9 
20 10 21 11 12 9 
20 10 7 11 12 9 
20 24 7 6 12 9 
23 24 7 6 12 9 
23 24 7 21 12 9 
23 24 7 21 12 9 
16 24 7 21 12 9 
16 24 7 21 12 9 
16 2 7 21 12 24 
16 2 7 21 12 24 
16 2 7 21 12 6 
16 2 7 21 12 6 
16 2 7 21 12 6 
16 2 7 21 12 6 
16 2 7 21 23 6 
16 2 7 3 23 6 
16 2 7 3 23 6 
16 2 7 3 23 6 
16 2 21 3 23 6 
0 0 0 0 0 0 
;
ROBOT MOVING BEST:
0 0 0 0 0 0 
1 1 0 0 0 0 
1 0 1 0 0 0 
1 0 0 1 0 0 
1 0 0 0 1 0 
1 0 0 0 0 1 
1 1 0 0 0 0 
0 1 0 1 0 0 
1 0 0 1 0 0 
0 1 0 0 1 0 
0 1 0 0 0 1 
1 0 0 0 1 0 
1 0 0 0 0 1 
0 0 0 1 1 0 
0 0 0 1 0 1 
1 1 0 0 0 0 
0 0 0 0 1 1 
1 0 0 1 0 0 
0 1 0 0 1 0 
0 1 0 0 0 1 
0 1 1 0 0 0 
0 0 0 1 1 0 
1 0 0 0 1 0 
0 1 0 0 0 1 
1 0 0 1 0 0 
0 0 0 0 1 1 
0 1 0 0 0 1 
0 0 0 1 1 0 
1 0 0 0 1 0 
1 0 0 1 0 0 
0 1 0 0 0 1 
0 0 1 0 1 0 
0 1 0 0 0 1 
1 0 0 1 0 0 
0 0 0 0 1 1 
1 0 0 1 0 0 
0 1 0 0 1 0 
0 0 1 0 1 0 
1 0 1 0 0 0 
0 0 0 0 1 1 
0 1 0 0 0 1 
1 0 0 1 0 0 
0 1 0 0 1 0 
1 0 0 0 1 0 
0 0 0 0 1 1 
0 1 0 0 0 1 
1 0 1 0 0 0 
1 0 0 1 0 0 
0 1 0 0 1 0 
0 0 1 0 1 0 
1 0 1 0 0 0 
1 0 0 0 1 0 
1 1 0 0 0 0 
0 0 1 0 1 0 
1 0 0 1 0 0 
0 1 0 0 0 1 
1 0 1 0 0 0 
0 0 1 1 0 0 
1 0 0 0 1 0 
1 0 0 1 0 0 
0 0 1 0 0 1 
0 0 1 0 1 0 
0 0 1 1 0 0 
1 0 0 0 1 0 
0 0 0 1 1 0 
0 0 1 0 1 0 
0 0 1 1 0 0 
0 0 1 1 0 0 
1 0 0 0 1 0 
0 0 0 1 1 0 
0 0 1 1 0 0 
0 1 1 0 0 0 
1 0 0 0 1 0 
0 0 1 1 0 0 
0 0 0 1 1 0 
0 0 1 0 0 1 
0 1 1 0 0 0 
1 0 0 0 1 0 
0 0 1 1 0 0 
0 0 0 1 1 0 
0 0 1 1 0 0 
0 1 0 1 0 0 
1 0 0 0 1 0 
0 1 0 1 0 0 
0 0 0 1 1 0 
1 0 0 0 1 0 
0 0 1 0 1 0 
0 1 0 0 0 1 
0 0 1 1 0 0 
0 0 0 1 0 1 
0 0 1 0 0 1 
0 1 0 1 0 0 
0 1 0 0 0 1 
1 0 0 0 1 0 
0 0 1 1 0 0 
0 0 0 1 0 1 
0 1 0 1 0 0 
0 0 1 1 0 0 
1 1 1 1 1 1 
;
TIMETABLE BEST: 
0.0 0.0 0.0 0.0 0.0 0.0 
0 14 0 0 0 0 
0 14 17 0 0 0 
0 14 17 18 0 0 
0 14 17 18 24 0 
0 14 17 18 24 24 
17 14 17 18 24 24 
17 14 17 18 24 24 
17 14 17 18 24 24 
17 14 17 18 24 24 
17 14 17 18 24 24 
17 14 17 18 24 24 
17 14 17 18 24 24 
17 14 17 18 24 24 
17 14 17 18 24 24 
17 28 17 18 24 24 
17 28 17 18 24 24 
17 28 17 33 24 24 
17 28 17 33 24 24 
17 28 17 33 24 24 
17 28 28 33 24 24 
17 28 28 33 24 24 
17 28 28 33 46 24 
17 41 28 33 46 24 
36 41 28 33 46 24 
36 41 28 33 46 24 
36 41 28 33 46 36 
36 41 28 33 46 36 
36 41 28 33 46 36 
36 41 28 52 46 36 
36 52 28 52 46 36 
36 52 42 52 46 36 
36 64 42 52 46 36 
51 64 42 52 46 36 
51 64 42 52 62 48 
51 64 42 70 62 48 
51 64 42 70 62 48 
51 64 64 70 62 48 
51 64 78 70 62 48 
51 64 78 70 62 67 
51 64 78 70 62 67 
51 64 78 83 62 67 
51 64 78 83 73 67 
66 64 78 83 73 67 
66 64 78 83 73 67 
66 64 78 83 73 78 
66 64 78 83 73 78 
66 64 78 83 73 78 
66 76 78 83 73 78 
66 76 78 83 73 78 
66 76 89 83 73 78 
82 76 89 83 73 78 
82 76 89 83 73 78 
82 76 89 83 73 78 
82 76 89 83 73 78 
82 87 89 83 73 78 
82 87 89 83 73 78 
82 87 89 83 73 78 
82 87 89 83 93 78 
82 87 89 96 93 78 
82 87 89 96 93 90 
82 87 89 96 93 90 
82 87 89 96 93 90 
93 87 89 96 93 90 
93 87 89 96 93 90 
93 87 89 96 106 90 
93 87 89 117 106 90 
93 87 100 117 106 90 
113 87 100 117 106 90 
113 87 100 117 106 90 
113 87 113 117 106 90 
113 124 113 117 106 90 
126 124 113 117 116 90 
126 124 126 117 116 90 
126 124 126 117 127 90 
126 124 126 117 127 122 
126 124 126 117 127 122 
126 124 126 117 127 122 
126 124 138 117 127 122 
126 124 138 117 138 122 
126 124 150 117 138 122 
126 137 150 134 138 122 
136 137 150 134 138 122 
136 137 150 146 138 122 
136 137 150 146 138 122 
147 137 150 146 138 122 
147 137 150 146 138 122 
147 156 150 146 138 137 
147 156 150 146 138 137 
147 156 150 146 138 150 
147 156 150 146 138 150 
147 156 150 146 138 150 
147 156 150 146 138 150 
147 156 150 146 160 150 
147 156 150 158 160 150 
147 156 150 158 160 150 
147 156 150 158 160 150 
147 156 162 158 160 150 
248.0 192.0 224.0 216.0 266.0 204.0 
;
EXECUTION TIME HBSS: 315.67633009 seconds 

-------------------------------------------------------------------
