DATFILE : bwopen0_7r_250.dat
ENVIRONMENT : bwopen
ALGORITHM : HBSS - TAU 1
RANGE : 250
STARTING_POS : 0
N_ROBOTS : 7
GREEDY SOLUTION : [ 1400.]
COMPUTATIONS D :
4668
4168
4030
4482
4202
3950
4480
4116
4778
3516
3754
4884
3610
5124
4096
4342
4994
4198
4240
4212
3672
4308
4874
3956
4452
4676
4200
4726
4296
4750
4130
4600
4600
4984
4732
4088
4164
4916
3984
4226
4308
4658
4768
4492
5048
4284
4700
4044
4200
4186
3940
3928
4988
3822
4680
4078
4554
4044
4044
4780
4240
4572
4770
4688
4862
4660
4242
5136
4606
5170
5018
4160
4644
4646
3726
4488
3764
4426
3322
4522
4098
4258
4094
3954
4422
4190
4906
4570
4144
4060
4894
4772
3822
4238
4114
4586
4544
5110
4726
4272
3644
4116
4410
3728
4492
4792
4916
4132
4970
4206
4246
4598
4540
4748
4444
3788
4160
3918
4624
4378
4758
4734
4678
4610
4876
4356
4138
4192
4068
3344
4466
4878
5116
4446
4518
4124
3826
4386
4302
3988
4248
4380
4284
4548
4662
4256
4580
4068
3920
4970
3930
4332
4624
4972
3794
4264
4390
4748
4058
4450
5040
4080
4994
4916
4990
4770
4770
4716
3988
4174
4610
4134
4476
4484
4020
4694
4664
4706
4528
4186
4966
4448
5014
4312
3760
4252
4458
4528
4334
4368
5300
4596
4232
4426
4704
5294
4112
4558
4448
4418
;
HBBS sumD : 3322
BEST_CONFIGURATIONS : 
0 0 0 0 0 0 0 
0 4 0 0 0 0 0 
8 4 0 0 13 0 0 
8 26 0 0 13 0 0 
8 22 0 0 13 0 0 
8 22 9 22 13 0 0 
8 22 9 22 13 0 4 
8 22 9 22 13 0 26 
8 22 9 22 13 0 5 
8 22 9 22 13 4 5 
8 10 9 22 13 18 5 
8 10 9 18 13 18 5 
8 10 9 18 13 18 5 
26 10 27 18 13 18 5 
26 6 9 18 13 18 5 
26 6 9 18 13 18 5 
5 6 9 18 8 18 5 
5 6 9 18 15 18 5 
4 6 9 18 15 18 26 
4 6 9 18 15 18 5 
4 6 9 18 15 18 26 
4 6 9 18 15 25 14 
22 6 9 18 15 25 14 
22 6 9 18 15 25 14 
22 6 9 15 15 25 14 
22 6 14 15 15 25 14 
22 6 14 15 15 19 14 
22 24 14 10 15 19 14 
22 24 11 10 15 19 14 
1 24 11 10 15 19 2 
1 24 11 10 15 15 2 
1 24 11 9 15 15 2 
2 24 11 9 15 15 2 
2 24 11 9 14 15 2 
2 9 11 18 14 15 2 
2 10 11 18 14 15 2 
2 10 24 18 14 15 2 
2 10 27 18 14 15 1 
2 10 27 17 14 15 1 
24 10 27 17 14 15 1 
24 10 27 17 9 15 1 
24 10 27 13 14 15 1 
9 10 27 13 14 15 1 
9 10 27 13 14 19 1 
9 10 27 13 27 19 1 
9 10 27 13 9 19 1 
9 10 6 13 9 19 1 
14 18 6 13 9 19 1 
14 18 6 26 9 19 1 
14 18 6 26 9 19 1 
15 18 6 26 9 20 1 
15 5 6 26 9 20 27 
15 5 6 15 9 19 27 
24 5 6 15 9 19 27 
24 5 6 15 9 9 27 
24 5 22 15 9 9 1 
3 5 22 15 6 9 1 
3 6 22 15 6 9 2 
3 6 22 15 6 24 2 
3 6 22 15 21 24 2 
3 6 22 15 21 24 6 
3 6 22 15 11 24 6 
3 6 22 15 11 24 21 
3 6 22 15 11 24 21 
3 11 22 10 11 24 21 
3 11 22 24 11 24 11 
7 11 22 24 11 24 11 
7 11 22 24 11 6 11 
7 11 27 24 11 6 11 
12 11 27 24 11 6 11 
12 11 27 24 11 6 16 
12 11 27 24 3 21 16 
12 11 27 24 3 21 16 
12 11 27 7 3 21 16 
12 11 27 7 3 21 16 
16 11 27 23 3 21 16 
16 11 27 23 3 7 12 
16 11 27 23 12 16 12 
16 8 22 23 12 16 12 
16 8 22 19 12 16 20 
16 22 22 13 12 16 20 
20 22 22 13 23 16 20 
20 22 22 13 23 12 20 
20 22 22 13 23 11 20 
20 22 22 13 23 5 20 
1 22 4 13 23 5 20 
1 22 4 13 16 5 20 
1 22 13 13 16 5 17 
1 18 17 13 16 5 17 
1 18 17 8 16 5 17 
1 18 13 8 16 5 25 
1 18 13 8 16 5 25 
1 25 13 8 8 5 25 
1 25 13 17 25 5 25 
1 25 22 17 26 5 25 
2 27 22 17 26 5 25 
2 27 0 17 26 1 25 
2 27 0 17 26 3 25 
0 0 0 0 0 0 0 
;
ROBOT MOVING BEST:
0 0 0 0 0 0 0 
1 1 0 0 0 0 0 
1 0 0 0 1 0 0 
0 1 0 1 0 0 0 
0 1 1 0 0 0 0 
0 0 1 1 0 0 0 
0 0 0 1 0 0 1 
1 0 0 0 0 0 1 
0 0 0 0 0 1 1 
1 0 0 0 0 1 0 
0 1 0 0 0 1 0 
0 0 0 1 1 0 0 
0 0 1 0 0 0 1 
1 0 1 0 0 0 0 
0 1 1 0 0 0 0 
1 0 0 0 0 0 1 
1 0 0 0 1 0 0 
0 0 0 0 1 1 0 
1 0 0 0 0 0 1 
1 0 0 0 0 0 1 
0 0 1 0 0 0 1 
0 0 0 0 0 1 1 
1 0 0 0 0 0 1 
0 0 0 1 0 1 0 
0 0 0 1 0 1 0 
0 0 1 1 0 0 0 
0 0 1 0 0 1 0 
0 1 0 1 0 0 0 
0 0 1 0 1 0 0 
1 0 0 0 0 0 1 
0 0 0 1 0 1 0 
0 0 0 1 1 0 0 
1 1 0 0 0 0 0 
0 0 0 1 1 0 0 
0 1 0 1 0 0 0 
0 1 0 0 1 0 0 
0 0 1 0 1 0 0 
0 0 1 0 0 0 1 
0 0 0 1 1 0 0 
1 0 0 0 0 1 0 
1 0 0 0 1 0 0 
0 0 0 1 1 0 0 
1 1 0 0 0 0 0 
0 1 0 0 0 1 0 
0 1 0 0 1 0 0 
0 0 0 0 1 0 1 
0 1 1 0 0 0 0 
1 1 0 0 0 0 0 
0 0 0 1 0 0 1 
0 1 0 0 0 1 0 
1 0 0 0 0 1 0 
0 1 0 0 0 0 1 
0 0 0 1 0 1 0 
1 0 0 0 0 0 1 
0 0 0 0 0 1 1 
0 0 1 0 0 0 1 
1 0 0 0 1 0 0 
0 1 0 0 0 0 1 
0 0 0 0 1 1 0 
0 0 0 0 1 0 1 
0 0 0 0 1 0 1 
0 0 0 0 1 0 1 
0 0 0 0 1 0 1 
0 0 0 0 0 1 1 
0 1 0 1 0 0 0 
0 0 0 1 0 0 1 
1 0 0 0 1 0 0 
1 0 0 0 0 1 0 
0 0 1 0 0 1 0 
1 0 0 0 1 0 0 
0 0 0 0 1 0 1 
0 0 0 0 1 1 0 
1 0 0 0 0 1 0 
0 0 0 1 0 1 0 
0 0 0 1 1 0 0 
1 0 0 1 0 0 0 
0 0 0 0 0 1 1 
0 0 0 0 1 1 0 
0 1 1 0 0 0 0 
0 0 0 1 0 0 1 
0 1 0 1 0 0 0 
1 0 0 0 1 0 0 
0 0 0 0 1 1 0 
1 0 0 0 0 1 0 
0 0 1 0 0 1 0 
1 0 1 0 0 0 0 
0 0 0 0 1 0 1 
0 0 1 0 0 0 1 
0 1 1 0 0 0 0 
0 0 1 1 0 0 0 
0 0 1 0 0 0 1 
1 0 0 0 0 1 0 
0 1 0 0 1 0 0 
0 0 0 1 1 0 0 
0 0 1 0 1 0 0 
1 1 0 0 0 0 0 
0 0 1 0 0 1 0 
1 0 0 0 0 1 0 
1 1 0 1 1 1 1 
;
TIMETABLE BEST: 
0.0 0.0 0.0 0.0 0.0 0.0 0.0 
0 14 0 0 0 0 0 
26 14 0 0 39 0 0 
26 25 0 0 39 0 0 
26 36 0 0 39 0 0 
26 36 46 24 39 0 0 
26 36 46 24 39 0 14 
26 36 46 24 39 0 25 
26 36 46 24 39 0 34 
26 36 46 24 39 14 34 
26 74 46 24 39 67 34 
26 74 46 65 39 67 34 
26 74 46 65 39 67 34 
49 74 61 65 39 67 34 
49 100 76 65 39 67 34 
49 100 76 65 39 67 34 
58 100 76 65 52 67 34 
58 100 76 65 95 67 34 
72 100 76 65 95 67 43 
72 100 76 65 95 67 52 
72 100 76 65 95 67 61 
72 100 76 65 95 80 100 
84 100 76 65 95 80 100 
84 100 76 65 95 80 100 
84 100 76 83 95 80 100 
84 100 92 83 95 80 100 
84 100 92 83 95 113 100 
84 113 92 94 95 113 100 
84 113 129 94 95 113 100 
114 113 129 94 95 113 150 
114 113 129 94 95 137 150 
114 113 129 108 95 137 150 
134 113 129 108 95 137 150 
134 113 129 108 108 137 150 
134 128 129 135 108 137 150 
134 142 129 135 108 137 150 
134 142 147 135 108 137 150 
134 142 173 135 108 137 170 
134 142 173 152 108 137 170 
153 142 173 152 108 137 170 
153 142 173 152 124 137 170 
153 142 173 163 140 137 170 
168 142 173 163 140 137 170 
168 142 173 163 140 161 170 
168 142 173 163 171 161 170 
168 142 173 163 186 161 170 
168 142 208 163 186 161 170 
184 171 208 163 186 161 170 
184 171 208 193 186 161 170 
184 171 208 193 186 161 170 
197 171 208 193 186 174 170 
197 210 208 193 186 174 185 
197 210 208 245 186 187 185 
221 210 208 245 186 187 185 
221 210 208 245 186 224 185 
221 210 258 245 186 224 200 
258 210 258 245 214 224 200 
258 258 258 245 214 224 220 
258 258 258 245 214 239 220 
258 258 258 245 226 239 220 
258 258 258 245 226 239 238 
258 258 258 245 245 239 238 
258 258 258 245 245 239 250 
258 258 258 245 245 239 250 
258 275 258 256 245 239 250 
258 275 258 269 245 239 269 
274 275 258 269 245 239 269 
274 275 258 269 245 252 269 
274 275 289 269 245 252 269 
292 275 289 269 245 252 269 
292 275 289 269 245 252 299 
292 275 289 269 276 264 299 
292 275 289 269 276 264 299 
292 275 289 300 276 264 299 
292 275 289 300 276 264 299 
303 275 289 336 276 264 299 
303 275 289 336 276 276 310 
303 275 289 336 310 303 310 
303 332 320 336 310 303 310 
303 332 320 359 310 303 342 
303 344 320 405 310 303 342 
324 344 320 405 332 303 342 
324 344 320 405 332 314 342 
324 344 320 405 332 341 342 
324 344 320 405 332 388 342 
402 344 332 405 332 388 342 
402 344 332 405 343 388 342 
402 344 359 405 343 388 390 
402 385 370 405 343 388 390 
402 385 370 418 343 388 390 
402 385 381 418 343 388 402 
402 385 381 418 343 388 402 
402 398 381 418 426 388 402 
402 398 381 442 452 388 402 
402 398 400 442 495 388 402 
422 445 400 442 495 388 402 
422 445 424 442 495 406 402 
422 445 424 442 495 446 402 
458.0 478.0 424.0 492.0 512.0 504.0 454.0 
;
EXECUTION TIME HBSS: 445.607235909 seconds 

-------------------------------------------------------------------
