DATFILE : bwopen0_7r_250.dat
ENVIRONMENT : bwopen
ALGORITHM : HBSS - TAU 5
RANGE : 250
STARTING_POS : 0
N_ROBOTS : 7
GREEDY SOLUTION : 379.0
COMPUTATIONS T :
352.0
403.0
341.0
384.0
332.0
386.0
356.0
368.0
374.0
343.0
355.0
384.0
389.0
370.0
342.0
353.0
379.0
375.0
340.0
380.0
379.0
325.0
361.0
354.0
384.0
363.0
370.0
376.0
373.0
389.0
347.0
382.0
375.0
328.0
356.0
363.0
368.0
382.0
333.0
341.0
340.0
361.0
335.0
379.0
318.0
389.0
373.0
379.0
343.0
375.0
358.0
353.0
379.0
378.0
379.0
379.0
371.0
379.0
382.0
319.0
358.0
370.0
372.0
356.0
355.0
349.0
385.0
356.0
372.0
351.0
379.0
346.0
375.0
384.0
373.0
373.0
342.0
349.0
361.0
370.0
381.0
380.0
356.0
338.0
381.0
350.0
368.0
343.0
360.0
379.0
356.0
347.0
346.0
330.0
364.0
368.0
360.0
361.0
355.0
339.0
375.0
343.0
365.0
379.0
373.0
372.0
346.0
340.0
339.0
370.0
349.0
364.0
380.0
346.0
386.0
361.0
358.0
379.0
350.0
332.0
379.0
357.0
358.0
365.0
382.0
339.0
379.0
377.0
357.0
371.0
379.0
365.0
379.0
346.0
379.0
379.0
339.0
345.0
323.0
363.0
357.0
364.0
380.0
355.0
389.0
358.0
361.0
389.0
357.0
389.0
376.0
342.0
348.0
370.0
356.0
360.0
360.0
389.0
370.0
357.0
360.0
379.0
358.0
379.0
379.0
374.0
336.0
341.0
379.0
378.0
392.0
379.0
363.0
371.0
329.0
364.0
361.0
364.0
358.0
379.0
336.0
373.0
361.0
346.0
334.0
373.0
379.0
379.0
363.0
379.0
348.0
357.0
379.0
382.0
358.0
366.0
366.0
375.0
379.0
353.0
;
HBBS bestT : 318.0
BEST_CONFIGURATIONS : 
0 0 0 0 0 0 0 
0 4 0 0 0 0 0 
0 4 26 0 0 0 0 
0 4 26 4 0 0 0 
0 4 26 4 1 0 0 
0 4 26 4 1 0 0 
0 4 26 4 1 0 0 
0 4 26 4 1 5 0 
0 4 26 4 1 5 22 
0 4 26 4 1 5 22 
0 4 26 4 1 5 22 
0 4 26 4 1 5 22 
0 4 26 4 1 5 22 
0 4 26 4 1 5 22 
0 4 26 4 1 5 22 
0 4 26 4 1 5 22 
0 4 26 8 1 5 22 
0 4 26 8 1 5 22 
0 4 26 8 1 5 22 
0 4 26 8 1 5 22 
0 4 26 8 27 5 22 
0 4 26 8 27 5 22 
1 4 26 8 27 5 22 
1 22 26 13 27 5 22 
1 22 26 13 27 5 8 
1 22 26 17 27 5 8 
1 22 26 17 9 5 8 
1 5 26 17 9 5 8 
1 5 22 17 9 5 8 
1 5 22 17 9 26 8 
1 5 22 25 9 26 8 
27 5 22 25 9 26 8 
27 5 13 25 9 26 8 
27 5 13 25 10 26 8 
27 9 13 25 10 26 8 
27 9 17 25 10 26 8 
27 9 17 25 10 13 8 
27 9 17 25 15 13 8 
27 9 17 25 15 13 14 
27 9 17 25 15 13 14 
27 9 17 25 15 13 14 
27 9 17 25 15 13 14 
27 9 17 25 15 13 14 
27 9 17 25 15 13 14 
9 9 17 25 15 13 18 
9 9 13 25 15 13 18 
9 9 13 25 15 13 18 
9 9 13 25 10 13 18 
9 9 13 25 10 17 18 
9 24 13 25 10 17 18 
9 24 13 25 10 17 18 
9 24 13 25 10 17 14 
9 24 13 25 10 17 14 
9 24 13 18 10 17 14 
27 24 13 18 10 17 14 
27 24 22 18 10 17 14 
27 24 22 18 15 17 14 
27 24 22 18 15 17 14 
27 24 22 18 10 17 15 
9 6 22 18 10 17 15 
9 6 22 18 10 17 15 
9 6 22 18 10 19 15 
9 6 22 14 10 19 15 
9 6 22 14 10 19 15 
9 6 22 18 10 19 15 
9 6 22 18 24 19 15 
9 6 27 18 24 19 15 
15 6 27 18 24 20 15 
15 6 27 18 24 20 19 
15 21 27 18 6 20 19 
15 21 2 18 6 20 19 
15 21 2 18 6 20 19 
15 21 2 18 6 23 20 
15 3 2 18 6 23 20 
15 3 2 18 6 23 20 
24 3 2 18 6 23 20 
24 3 2 20 6 16 20 
24 3 2 20 6 16 23 
24 21 2 20 6 16 23 
24 21 2 20 6 12 23 
24 21 2 23 6 12 23 
24 21 2 23 6 12 16 
24 21 2 23 11 12 16 
24 21 2 23 11 12 16 
24 21 2 23 11 12 16 
24 21 2 23 11 12 16 
24 21 6 23 11 12 16 
24 21 6 20 11 12 16 
24 7 6 20 11 12 16 
24 7 6 20 11 12 16 
24 7 6 20 11 12 16 
21 7 6 20 11 12 16 
21 7 11 20 10 12 16 
3 7 11 20 10 12 16 
3 7 11 15 10 12 16 
3 7 11 15 10 12 21 
2 7 11 15 27 12 21 
2 7 11 15 1 12 21 
0 0 0 0 0 0 0 
;
ROBOT MOVING BEST:
0 0 0 0 0 0 0 
1 1 0 0 0 0 0 
1 0 1 0 0 0 0 
0 0 1 1 0 0 0 
1 0 0 0 1 0 0 
0 1 0 0 1 0 0 
0 0 1 0 1 0 0 
1 0 0 0 0 1 0 
1 0 0 0 0 0 1 
0 1 0 0 0 1 0 
0 1 0 0 0 0 1 
0 0 1 0 0 1 0 
0 0 1 0 0 0 1 
0 0 0 0 1 1 0 
0 0 0 0 1 0 1 
0 0 0 0 0 1 1 
0 1 0 1 0 0 0 
0 0 0 1 0 0 1 
0 0 1 1 0 0 0 
0 0 0 1 0 1 0 
0 0 1 0 1 0 0 
0 0 0 0 1 1 0 
1 0 0 0 1 0 0 
0 1 0 1 0 0 0 
0 0 0 1 0 0 1 
0 0 0 1 0 0 1 
1 0 0 0 1 0 0 
0 1 0 0 1 0 0 
0 0 1 0 1 0 0 
0 0 0 0 1 1 0 
0 0 0 1 0 0 1 
1 0 0 0 1 0 0 
0 0 1 1 0 0 0 
1 0 0 0 1 0 0 
0 1 0 0 1 0 0 
0 0 1 1 0 0 0 
0 0 1 0 0 1 0 
0 1 0 0 1 0 0 
0 1 0 0 0 0 1 
0 0 1 0 0 0 1 
0 0 0 1 1 0 0 
0 0 0 1 0 0 1 
0 0 0 0 1 0 1 
0 0 0 0 0 1 1 
1 0 0 0 0 0 1 
0 0 1 0 0 0 1 
0 0 0 1 0 0 1 
0 0 0 0 1 0 1 
0 0 0 0 0 1 1 
1 1 0 0 0 0 0 
0 1 0 0 1 0 0 
0 1 0 0 0 0 1 
0 0 0 0 1 0 1 
0 0 0 1 0 0 1 
1 1 0 0 0 0 0 
0 0 1 0 0 0 1 
0 0 0 1 1 0 0 
0 1 0 0 1 0 0 
0 0 0 0 1 0 1 
1 1 0 0 0 0 0 
0 1 0 0 1 0 0 
0 0 0 0 1 1 0 
0 0 0 1 0 1 0 
0 0 0 0 0 1 1 
0 0 0 1 0 1 0 
0 1 0 0 1 0 0 
0 1 1 0 0 0 0 
1 0 0 0 0 1 0 
0 0 0 0 0 1 1 
0 1 0 0 1 0 0 
0 0 1 0 1 0 0 
0 1 1 0 0 0 0 
0 0 0 0 0 1 1 
0 1 0 0 1 0 0 
0 1 1 0 0 0 0 
1 0 1 0 0 0 0 
0 0 0 1 0 1 0 
0 0 0 0 0 1 1 
1 1 0 0 0 0 0 
0 1 0 0 0 1 0 
0 0 0 1 0 1 0 
0 0 0 0 0 1 1 
1 0 0 0 1 0 0 
0 1 0 0 1 0 0 
0 0 0 0 1 1 0 
0 0 0 0 1 0 1 
0 0 1 0 1 0 0 
0 0 0 1 1 0 0 
0 1 1 0 0 0 0 
0 1 0 0 1 0 0 
0 1 0 0 0 1 0 
1 1 0 0 0 0 0 
0 0 1 0 1 0 0 
1 1 0 0 0 0 0 
0 0 1 1 0 0 0 
1 0 0 0 0 0 1 
1 0 0 0 1 0 0 
1 0 0 0 1 0 0 
1 1 1 1 1 1 1 
;
TIMETABLE BEST: 
0.0 0.0 0.0 0.0 0.0 0.0 0.0 
14 14 0 0 0 0 0 
17 14 17 0 0 0 0 
17 14 17 17 0 0 0 
18 14 17 17 18 0 0 
18 18 17 17 18 0 0 
18 18 18 17 18 0 0 
24 18 18 17 18 24 0 
24 18 18 17 18 24 24 
24 24 18 17 18 24 24 
24 24 18 17 18 24 24 
24 24 24 17 18 24 24 
24 24 24 17 18 24 24 
24 24 24 17 24 24 24 
24 24 24 17 24 24 24 
24 24 24 17 24 24 24 
24 31 24 31 24 24 24 
24 31 24 31 24 24 31 
24 31 31 31 24 24 31 
24 31 31 31 24 31 31 
24 31 39 31 39 31 31 
24 31 39 31 39 39 31 
42 31 39 31 42 39 31 
42 44 39 44 42 39 31 
42 44 39 44 42 39 44 
42 44 39 55 42 39 55 
57 44 39 55 57 39 55 
57 57 39 55 57 39 55 
57 57 57 55 57 39 55 
57 57 57 55 57 57 55 
57 57 57 67 57 57 67 
72 57 57 67 72 57 67 
72 57 76 76 72 57 67 
86 57 76 76 86 57 67 
86 86 76 76 86 57 67 
86 86 87 87 86 57 67 
86 86 87 87 86 87 67 
86 97 87 87 97 87 67 
86 97 87 87 97 87 97 
86 97 97 87 97 87 97 
86 97 97 97 97 87 97 
86 97 97 97 97 87 97 
86 97 97 97 97 87 97 
86 97 97 97 97 97 97 
108 97 97 97 97 97 108 
108 97 108 97 97 97 108 
108 97 108 108 97 97 108 
108 97 108 108 108 97 108 
108 97 108 108 108 108 108 
112 112 108 108 108 108 108 
112 112 108 108 112 108 108 
112 119 108 108 112 108 119 
112 119 108 108 119 108 119 
112 119 108 121 119 108 121 
127 127 108 121 119 108 121 
127 127 127 121 119 108 127 
127 127 127 130 130 108 127 
127 130 127 130 130 108 127 
127 130 127 130 141 108 141 
143 143 127 130 141 108 141 
143 143 127 130 143 108 141 
143 143 127 130 143 143 141 
143 143 127 143 143 143 141 
143 143 127 143 143 143 143 
143 143 127 154 143 154 143 
143 156 127 154 156 154 143 
143 158 158 154 156 154 143 
167 158 158 154 156 167 143 
167 158 158 154 156 167 167 
167 170 158 154 170 167 167 
167 170 177 154 177 167 167 
167 177 177 154 177 167 167 
167 177 177 154 177 180 180 
167 189 177 154 189 180 180 
167 189 189 154 189 180 180 
191 189 191 154 189 180 180 
191 189 191 191 189 191 180 
191 189 191 191 189 191 191 
201 201 191 191 189 191 191 
201 202 191 191 189 202 191 
201 202 191 202 189 202 191 
201 202 191 202 189 202 202 
206 202 191 202 206 202 202 
206 206 191 202 206 202 202 
206 206 191 202 206 206 202 
206 206 191 202 206 206 206 
206 206 209 202 209 206 206 
206 206 209 212 212 206 206 
206 218 218 212 212 206 206 
206 218 218 212 218 206 206 
206 218 218 212 218 218 206 
231 231 218 212 218 218 206 
231 231 239 212 239 218 206 
243 243 239 212 239 218 206 
243 243 243 243 239 218 206 
245 243 243 243 239 218 245 
267 243 243 243 267 218 245 
282 243 243 243 282 218 245 
318.0 317.0 314.0 310.0 300.0 310.0 307.0 
;
EXECUTION TIME HBSS: 463.891165018 seconds 

-------------------------------------------------------------------
