DATFILE : bwopen0_3r_250.dat
ENVIRONMENT : bwopen
ALGORITHM : HBSS - TAU 9
RANGE : 250
STARTING_POS : 0
N_ROBOTS : 3
GREEDY SOLUTION : [ 1658.]
COMPUTATIONS D :
1658
1658
1658
1658
1658
1658
1658
1658
1658
1658
1658
1658
1658
1658
1658
1658
1658
1658
1658
1658
1658
1658
1658
1658
1658
1616
1658
1660
1658
1644
1658
1658
1658
1658
1658
1658
1658
1658
1658
1658
1658
1658
1658
1720
1658
1352
1658
1658
1718
1658
1658
1658
1458
1658
1658
1658
1658
1658
1658
1658
1658
1658
1644
1658
1658
1658
1658
1658
1658
1658
1786
1722
1658
1658
1658
1658
1658
1658
1658
1658
1658
1658
1658
1658
1658
1658
1658
1658
1658
1658
1658
1658
1658
1658
1658
1658
1658
1658
1660
1718
1658
1658
1658
1658
1658
1658
1658
1658
1658
1658
1658
1658
1658
1658
1486
1658
1658
1658
1658
1658
1658
1658
1658
1658
1658
1658
1658
1658
1658
1658
1658
1658
1658
1644
1512
1658
1658
1658
1658
1658
1658
1658
1658
1658
1658
1658
1658
1658
1658
1658
1658
1658
1658
1658
1658
1658
1658
1658
1658
1658
1658
1658
1658
1658
1658
1658
1658
1658
1658
1658
1658
1658
1658
1660
1722
1658
1658
1664
1658
1658
1658
1816
1658
1658
1658
1658
1658
1658
1722
1658
1658
1658
1658
1664
1658
1658
1760
1658
1658
1658
;
HBBS sumD : 1352
BEST_CONFIGURATIONS : 
0 0 0 
0 4 0 
0 4 26 
0 22 26 
0 22 5 
4 22 5 
4 22 5 
4 22 26 
26 22 26 
5 22 26 
5 22 26 
5 8 26 
5 8 26 
22 8 26 
22 8 4 
22 13 4 
8 13 4 
8 17 4 
8 25 4 
13 25 4 
13 14 22 
13 14 17 
13 18 17 
25 18 17 
25 18 17 
18 18 17 
14 18 17 
14 18 13 
14 18 13 
14 18 25 
15 18 25 
15 15 25 
15 15 14 
10 15 14 
10 10 14 
10 10 18 
10 24 18 
9 24 18 
9 24 18 
9 24 14 
9 24 14 
9 6 14 
9 6 15 
10 6 15 
24 6 15 
24 24 15 
24 11 15 
24 11 15 
24 11 10 
9 11 10 
27 11 10 
27 11 6 
27 11 21 
27 6 21 
27 6 21 
27 24 21 
27 24 21 
2 24 21 
2 24 21 
2 24 3 
2 6 3 
2 6 3 
2 21 3 
2 7 3 
6 7 7 
21 7 7 
21 7 12 
21 7 12 
11 7 12 
11 7 12 
11 16 12 
11 16 16 
11 16 20 
11 16 20 
11 16 23 
12 23 23 
12 20 23 
12 19 20 
12 15 20 
12 15 19 
10 15 19 
10 14 19 
10 18 19 
9 18 27 
9 18 1 
9 5 1 
27 5 1 
27 5 1 
2 5 1 
2 5 1 
2 5 27 
2 26 27 
1 26 27 
1 26 9 
1 4 9 
1 22 9 
1 22 9 
1 0 9 
0 0 0 
;
ROBOT MOVING BEST:
0 0 0 
1 1 0 
1 0 1 
1 1 0 
1 0 1 
1 1 0 
1 0 1 
1 0 1 
1 1 0 
1 1 0 
1 0 1 
1 1 0 
0 1 1 
1 1 0 
0 1 1 
1 1 0 
1 1 0 
1 1 0 
1 1 0 
1 1 0 
0 1 1 
1 0 1 
1 1 0 
1 0 1 
1 1 0 
1 0 1 
1 0 1 
1 0 1 
1 1 0 
1 0 1 
1 1 0 
0 1 1 
0 1 1 
1 1 0 
0 1 1 
0 1 1 
1 1 0 
1 0 1 
1 1 0 
0 1 1 
1 0 1 
1 1 0 
1 0 1 
1 1 0 
1 1 0 
0 1 1 
0 1 1 
1 1 0 
0 1 1 
1 0 1 
1 0 1 
0 1 1 
0 1 1 
1 1 0 
0 1 1 
1 1 0 
0 1 1 
1 0 1 
1 1 0 
1 0 1 
1 1 0 
0 1 1 
0 1 1 
0 1 1 
1 0 1 
1 0 1 
1 0 1 
0 1 1 
1 1 0 
1 0 1 
0 1 1 
1 0 1 
1 0 1 
0 1 1 
0 1 1 
1 1 0 
0 1 1 
0 1 1 
0 1 1 
0 1 1 
1 0 1 
0 1 1 
0 1 1 
1 0 1 
1 0 1 
1 1 0 
1 0 1 
1 1 0 
1 0 1 
0 1 1 
1 0 1 
0 1 1 
1 1 0 
0 1 1 
1 1 0 
1 1 0 
0 1 1 
1 1 0 
1 0 1 
;
TIMETABLE BEST: 
0.0 0.0 0.0 
0 14 0 
0 14 17 
0 26 17 
0 26 26 
14 26 26 
14 26 26 
14 26 35 
25 26 35 
34 26 35 
34 26 35 
34 38 35 
34 38 35 
46 38 35 
46 38 46 
46 51 46 
58 51 46 
58 62 46 
58 74 46 
71 74 46 
71 90 58 
71 90 88 
71 101 88 
84 101 88 
84 101 88 
97 101 88 
108 101 88 
108 101 99 
108 101 99 
108 101 112 
121 101 112 
121 119 112 
121 119 128 
132 119 128 
132 130 128 
132 130 139 
132 143 139 
146 143 139 
146 143 139 
146 143 150 
146 143 150 
146 156 150 
146 156 163 
160 156 163 
173 156 163 
173 169 163 
173 187 163 
173 187 163 
173 187 174 
188 187 174 
203 187 174 
203 187 200 
203 187 212 
203 204 212 
203 204 212 
203 217 212 
203 217 212 
222 217 212 
222 217 212 
222 217 224 
222 230 224 
222 230 224 
222 242 224 
222 254 224 
240 254 240 
252 254 240 
252 254 258 
252 254 258 
271 254 258 
271 254 258 
271 281 258 
271 281 269 
271 281 290 
271 281 290 
271 281 300 
298 292 300 
298 302 300 
298 315 310 
298 339 310 
298 339 323 
344 339 323 
344 352 323 
344 363 323 
358 363 373 
358 363 388 
358 402 388 
373 402 388 
373 402 388 
392 402 388 
392 402 388 
392 402 403 
392 411 403 
412 411 403 
412 411 418 
412 422 418 
412 434 418 
412 434 418 
412 458 418 
430.0 458.0 464.0 
;
EXECUTION TIME HBSS: 57.7454369068 seconds 

-------------------------------------------------------------------
