DATFILE : bwopen0_3r_250.dat
ENVIRONMENT : bwopen
ALGORITHM : HBSS - TAU 1
RANGE : 250
STARTING_POS : 0
N_ROBOTS : 3
GREEDY SOLUTION : 814.0
COMPUTATIONS T :
2211.0
2103.0
2074.0
1988.0
2071.0
2117.0
1823.0
2087.0
2513.0
2309.0
2193.0
2007.0
2205.0
2217.0
2143.0
1948.0
2188.0
2342.0
2233.0
2075.0
2374.0
2096.0
2224.0
2292.0
2039.0
2132.0
2050.0
1970.0
2097.0
2040.0
2214.0
1918.0
2028.0
2091.0
1985.0
2102.0
2198.0
2224.0
2140.0
2268.0
1788.0
2074.0
2192.0
2065.0
1870.0
2119.0
2126.0
2034.0
2065.0
1978.0
2136.0
1921.0
2016.0
2325.0
2461.0
2138.0
2017.0
2266.0
1876.0
2102.0
2259.0
2457.0
2188.0
2455.0
2307.0
1782.0
2227.0
2032.0
2268.0
2190.0
2120.0
2028.0
2116.0
2255.0
2181.0
2098.0
2249.0
1981.0
2138.0
2194.0
2104.0
2088.0
2232.0
2249.0
1952.0
2144.0
2404.0
2262.0
2000.0
2254.0
2103.0
1876.0
2049.0
2416.0
1986.0
1984.0
2100.0
2221.0
2456.0
2298.0
2073.0
2207.0
1966.0
2324.0
2139.0
2237.0
2108.0
2490.0
2003.0
2162.0
1838.0
2192.0
2498.0
2283.0
2247.0
2296.0
2286.0
2133.0
2139.0
1810.0
2328.0
2053.0
2147.0
2407.0
2179.0
2277.0
2065.0
2070.0
2371.0
2187.0
2108.0
2234.0
2240.0
2043.0
2021.0
2107.0
2146.0
1953.0
2106.0
2027.0
2148.0
2163.0
2266.0
1986.0
2312.0
2200.0
2192.0
1979.0
2155.0
2132.0
2423.0
2228.0
2086.0
2454.0
1868.0
2105.0
2296.0
2010.0
2212.0
1869.0
1918.0
2596.0
2704.0
2229.0
2354.0
2470.0
2154.0
2133.0
2131.0
1887.0
2041.0
2594.0
2599.0
2180.0
2310.0
2224.0
2325.0
2140.0
2236.0
2392.0
2031.0
2079.0
2045.0
2137.0
2153.0
2322.0
2266.0
2102.0
2424.0
2173.0
1958.0
2028.0
2009.0
2485.0
2012.0
1972.0
2447.0
1837.0
2297.0
2499.0
;
HBBS bestT : 1782.0
BEST_CONFIGURATIONS : 
0 0 0 
0 0 1 
27 0 9 
9 0 14 
9 22 14 
7 22 11 
21 22 2 
7 6 2 
7 24 2 
24 27 2 
10 27 24 
10 9 6 
11 9 21 
11 10 21 
11 24 11 
11 24 15 
24 24 15 
24 15 25 
9 15 25 
14 15 18 
14 24 18 
14 24 17 
22 14 17 
13 17 17 
8 25 17 
8 13 8 
8 17 8 
8 17 22 
22 17 0 
26 22 0 
26 22 1 
26 22 1 
4 22 1 
4 22 1 
10 22 6 
10 9 6 
10 9 24 
14 9 15 
14 10 15 
15 10 10 
19 10 10 
19 10 18 
19 15 18 
19 18 17 
20 19 17 
19 19 14 
14 25 14 
9 25 26 
9 8 4 
5 8 4 
5 8 4 
0 26 4 
0 22 13 
0 9 5 
1 9 9 
26 5 9 
26 5 27 
7 12 27 
21 12 3 
6 12 3 
2 6 3 
2 6 3 
2 11 16 
2 11 20 
16 11 23 
12 11 16 
12 11 16 
12 11 23 
12 21 23 
12 6 11 
12 3 7 
13 18 7 
8 18 26 
13 25 26 
4 25 0 
4 5 0 
26 5 4 
1 2 4 
1 2 5 
27 2 1 
22 5 1 
27 5 6 
27 5 6 
27 5 2 
27 24 6 
24 24 21 
6 21 21 
21 21 7 
20 23 7 
20 23 16 
18 19 16 
15 20 16 
25 18 16 
15 19 16 
27 19 10 
9 19 18 
9 25 17 
14 25 13 
0 0 0 
;
ROBOT MOVING BEST:
0 0 0 
0 1 1 
1 0 1 
1 0 1 
1 1 0 
1 0 1 
1 0 1 
1 1 0 
0 1 1 
1 1 0 
1 0 1 
0 1 1 
1 0 1 
1 1 0 
0 1 1 
1 0 1 
1 0 1 
0 1 1 
1 1 0 
1 0 1 
1 1 0 
1 0 1 
1 1 0 
1 1 0 
1 1 0 
0 1 1 
1 1 0 
1 0 1 
1 0 1 
1 1 0 
1 0 1 
0 1 1 
1 1 0 
1 0 1 
1 0 1 
1 1 0 
0 1 1 
1 0 1 
1 1 0 
1 0 1 
1 1 0 
0 1 1 
0 1 1 
0 1 1 
1 1 0 
1 0 1 
1 1 0 
1 0 1 
0 1 1 
1 1 0 
1 0 1 
1 1 0 
0 1 1 
0 1 1 
1 0 1 
1 1 0 
1 0 1 
1 1 0 
1 0 1 
1 0 1 
1 1 0 
1 0 1 
0 1 1 
0 1 1 
1 0 1 
1 0 1 
1 1 0 
1 0 1 
1 1 0 
0 1 1 
0 1 1 
1 1 0 
1 0 1 
1 1 0 
1 0 1 
0 1 1 
1 0 1 
1 1 0 
1 0 1 
1 0 1 
1 1 0 
1 0 1 
1 1 0 
1 0 1 
0 1 1 
1 0 1 
1 1 0 
1 0 1 
1 1 0 
1 0 1 
1 1 0 
1 1 0 
1 1 0 
1 1 0 
1 0 1 
1 0 1 
0 1 1 
1 0 1 
1 1 1 
;
TIMETABLE BEST: 
0.0 0.0 0.0 
0 18 18 
46 18 46 
62 18 62 
62 62 62 
108 62 108 
143 62 143 
155 155 143 
155 168 168 
194 194 168 
207 194 207 
207 220 220 
232 220 232 
234 234 232 
234 251 251 
281 251 281 
299 251 299 
299 322 322 
322 322 322 
338 322 338 
346 346 338 
355 346 355 
387 387 355 
415 415 355 
428 428 355 
428 441 441 
452 452 441 
453 452 453 
477 452 477 
488 488 477 
495 488 495 
495 495 495 
506 506 495 
506 506 506 
556 506 556 
556 556 556 
556 569 569 
593 569 593 
593 593 593 
606 593 606 
630 630 606 
630 635 635 
630 646 646 
630 664 664 
684 684 664 
697 684 697 
726 726 697 
742 726 742 
742 753 753 
764 764 753 
764 764 764 
788 788 764 
788 799 799 
788 830 830 
852 830 852 
871 871 852 
871 871 871 
946 946 871 
958 946 958 
970 946 970 
988 988 970 
988 988 988 
988 1031 1031 
988 1052 1052 
1062 1052 1062 
1073 1052 1073 
1073 1073 1073 
1084 1073 1084 
1092 1092 1084 
1092 1119 1119 
1092 1144 1144 
1223 1223 1144 
1236 1223 1236 
1249 1249 1236 
1276 1249 1276 
1276 1285 1285 
1299 1285 1299 
1323 1323 1299 
1323 1323 1323 
1341 1323 1341 
1372 1372 1341 
1403 1372 1403 
1403 1403 1403 
1421 1403 1421 
1421 1439 1439 
1451 1439 1451 
1464 1464 1451 
1476 1464 1476 
1530 1530 1476 
1530 1530 1530 
1563 1563 1530 
1581 1581 1530 
1614 1614 1530 
1637 1637 1530 
1671 1637 1671 
1700 1637 1700 
1700 1717 1717 
1728 1717 1728 
1782.0 1769.0 1767.0 
;
EXECUTION TIME HBSS: 55.7790350914 seconds 

-------------------------------------------------------------------
