DATFILE : bwopen0_5r_250.dat
ENVIRONMENT : bwopen
ALGORITHM : HBSS - TAU 4
RANGE : 250
STARTING_POS : 0
N_ROBOTS : 5
GREEDY SOLUTION : 472.0
COMPUTATIONS T :
455.0
446.0
512.0
440.0
490.0
484.0
447.0
475.0
476.0
432.0
475.0
485.0
443.0
464.0
462.0
447.0
490.0
432.0
481.0
473.0
455.0
438.0
428.0
521.0
494.0
493.0
436.0
565.0
460.0
469.0
453.0
454.0
472.0
487.0
429.0
437.0
460.0
539.0
410.0
431.0
501.0
448.0
454.0
470.0
509.0
483.0
454.0
434.0
467.0
466.0
536.0
538.0
455.0
519.0
487.0
449.0
470.0
468.0
475.0
491.0
477.0
485.0
420.0
413.0
448.0
460.0
466.0
493.0
443.0
415.0
532.0
474.0
458.0
509.0
480.0
499.0
475.0
454.0
420.0
441.0
451.0
465.0
505.0
465.0
535.0
445.0
435.0
477.0
428.0
448.0
473.0
459.0
499.0
484.0
436.0
472.0
479.0
432.0
477.0
487.0
475.0
418.0
480.0
489.0
432.0
429.0
482.0
498.0
492.0
471.0
452.0
514.0
438.0
439.0
482.0
504.0
451.0
465.0
507.0
480.0
482.0
449.0
473.0
438.0
456.0
537.0
486.0
483.0
478.0
440.0
475.0
479.0
479.0
497.0
473.0
483.0
422.0
466.0
413.0
456.0
496.0
527.0
456.0
456.0
449.0
485.0
449.0
465.0
424.0
438.0
445.0
440.0
504.0
493.0
453.0
470.0
483.0
470.0
478.0
502.0
441.0
463.0
483.0
448.0
428.0
472.0
501.0
490.0
441.0
425.0
476.0
450.0
436.0
471.0
467.0
454.0
470.0
471.0
415.0
445.0
489.0
502.0
436.0
413.0
420.0
411.0
456.0
472.0
465.0
494.0
449.0
553.0
492.0
454.0
497.0
465.0
487.0
477.0
456.0
463.0
;
HBBS bestT : 410.0
BEST_CONFIGURATIONS : 
0 0 0 0 0 
0 4 0 0 0 
0 4 26 0 0 
0 4 26 4 0 
0 4 26 4 1 
0 4 26 4 1 
0 4 26 4 1 
0 4 5 4 1 
0 4 5 4 1 
0 4 5 4 1 
0 4 5 26 1 
0 22 5 26 1 
0 22 5 26 1 
0 22 5 4 1 
0 22 5 4 1 
0 22 26 4 1 
4 22 26 8 1 
4 22 26 8 1 
4 22 26 8 1 
4 22 26 8 27 
4 22 5 8 27 
4 22 5 8 27 
8 13 5 8 27 
8 13 22 8 27 
8 13 22 8 9 
8 17 22 8 9 
8 17 22 13 9 
8 17 26 13 9 
8 25 26 13 9 
8 25 26 13 9 
8 25 5 13 9 
8 25 5 17 9 
13 25 5 17 14 
13 25 5 17 14 
13 25 22 17 14 
13 25 22 17 14 
13 25 22 17 18 
13 25 22 17 18 
13 25 22 17 18 
13 18 9 17 18 
13 18 9 17 14 
13 18 9 17 14 
14 18 9 17 15 
14 18 9 17 15 
14 18 9 25 15 
14 18 9 25 15 
14 18 9 25 10 
14 18 9 25 10 
14 18 9 25 10 
14 18 9 15 10 
14 18 24 15 10 
14 18 24 15 10 
14 19 24 15 10 
14 19 24 15 10 
14 19 24 15 10 
14 19 24 15 10 
14 19 6 15 10 
18 19 6 15 10 
18 19 6 9 10 
18 19 6 9 24 
18 19 6 9 24 
19 20 6 9 24 
19 20 21 9 24 
19 20 21 27 24 
20 23 21 27 24 
20 23 6 27 24 
20 23 6 27 10 
20 16 6 27 10 
20 16 6 27 15 
20 16 11 27 15 
20 16 11 27 15 
20 16 11 27 15 
23 16 11 27 15 
23 16 11 27 10 
23 16 11 24 10 
16 12 11 24 10 
16 12 11 24 10 
16 12 11 6 10 
23 12 11 6 10 
23 12 11 21 10 
23 12 11 21 10 
23 12 11 7 10 
23 12 11 7 10 
23 12 11 7 6 
23 12 11 21 6 
7 12 11 21 6 
7 12 11 3 6 
7 21 11 3 6 
7 21 11 3 2 
7 21 6 3 2 
7 21 6 3 2 
7 21 6 3 2 
7 21 24 3 2 
7 2 24 3 27 
7 2 9 3 27 
2 2 9 1 27 
2 2 9 1 27 
2 2 9 1 27 
0 0 0 0 0 
;
ROBOT MOVING BEST:
0 0 0 0 0 
1 1 0 0 0 
1 0 1 0 0 
0 0 1 1 0 
1 0 0 0 1 
0 1 0 0 1 
0 0 1 0 1 
1 0 1 0 0 
0 1 1 0 0 
0 0 1 0 1 
0 0 1 1 0 
1 1 0 0 0 
0 1 1 0 0 
0 1 0 1 0 
0 1 0 0 1 
0 1 1 0 0 
1 0 0 1 0 
0 1 0 1 0 
0 0 1 1 0 
0 0 1 0 1 
0 0 1 1 0 
0 0 1 0 1 
1 1 0 0 0 
0 1 1 0 0 
0 0 1 0 1 
1 1 0 0 0 
0 1 0 1 0 
0 0 1 0 1 
1 1 0 0 0 
0 1 0 1 0 
0 0 1 0 1 
0 1 0 1 0 
1 0 0 0 1 
0 1 0 0 1 
0 0 1 0 1 
0 0 0 1 1 
1 0 0 0 1 
0 1 0 0 1 
0 0 0 1 1 
0 1 1 0 0 
0 0 1 0 1 
0 1 0 0 1 
1 0 0 0 1 
0 1 0 0 1 
0 0 0 1 1 
0 0 1 0 1 
1 0 0 0 1 
0 1 0 0 1 
0 0 1 0 1 
0 0 0 1 1 
1 0 1 0 0 
0 0 1 1 0 
1 1 0 0 0 
0 0 1 0 1 
0 1 0 1 0 
0 1 0 0 1 
0 0 1 0 1 
1 1 0 0 0 
0 0 1 1 0 
0 0 1 0 1 
0 0 0 1 1 
1 1 0 0 0 
0 0 1 0 1 
0 0 0 1 1 
1 1 0 0 0 
0 0 1 1 0 
0 0 0 1 1 
1 1 0 0 0 
1 0 0 0 1 
1 0 1 0 0 
0 1 1 0 0 
0 0 1 0 1 
1 1 0 0 0 
0 0 1 0 1 
0 0 1 1 0 
1 1 0 0 0 
0 1 1 0 0 
0 0 1 1 0 
1 1 0 0 0 
0 1 0 1 0 
0 0 1 1 0 
0 1 0 1 0 
0 0 1 1 0 
0 0 0 1 1 
0 0 0 1 1 
1 0 0 1 0 
1 0 0 1 0 
0 1 0 1 0 
0 1 0 0 1 
0 0 1 1 0 
0 0 1 0 1 
0 0 0 1 1 
0 0 1 0 1 
0 1 0 0 1 
0 0 1 0 1 
1 0 0 1 0 
0 0 1 1 0 
0 0 0 1 1 
1 1 1 1 1 
;
TIMETABLE BEST: 
0.0 0.0 0.0 0.0 0.0 
14 14 0 0 0 
17 14 17 0 0 
17 14 17 17 0 
18 14 17 17 18 
18 18 17 17 18 
18 18 18 17 18 
27 18 27 17 18 
27 27 27 17 18 
27 27 27 17 27 
27 27 28 28 27 
39 39 28 28 27 
39 39 39 28 27 
39 39 39 39 27 
39 39 39 39 39 
39 48 48 39 39 
53 48 48 53 39 
53 53 48 53 39 
53 53 53 53 39 
53 53 54 53 54 
53 53 63 63 54 
53 53 63 63 63 
72 72 63 63 63 
72 75 75 63 63 
72 75 78 63 78 
86 86 78 63 78 
86 86 78 86 78 
86 86 89 86 89 
98 98 89 86 89 
98 98 89 98 89 
98 98 98 98 98 
98 109 98 109 98 
114 109 98 109 114 
114 114 98 109 114 
114 114 114 109 114 
114 114 114 114 114 
125 114 114 114 125 
125 125 114 114 125 
125 125 114 125 125 
125 138 138 125 125 
125 138 138 125 138 
125 138 138 125 138 
151 138 138 125 151 
151 151 138 125 151 
151 151 138 151 151 
151 151 151 151 151 
162 151 151 151 162 
162 162 151 151 162 
162 162 162 151 162 
162 162 162 174 174 
177 162 177 174 174 
177 162 177 177 174 
182 182 177 177 174 
182 182 177 177 177 
182 182 177 182 177 
182 182 177 182 182 
182 182 190 182 190 
193 193 190 182 190 
193 193 203 203 190 
193 193 203 203 203 
193 193 203 203 203 
213 213 203 203 203 
213 213 215 203 215 
213 213 215 218 218 
226 226 215 218 218 
226 226 227 227 218 
226 226 227 231 231 
237 237 227 231 231 
242 237 227 231 242 
244 237 244 231 242 
244 244 244 231 242 
244 244 244 231 244 
254 254 244 231 244 
254 254 255 231 255 
254 254 257 257 255 
265 265 257 257 255 
265 265 265 257 255 
265 265 270 270 255 
276 276 270 270 255 
276 282 270 282 255 
276 282 282 282 255 
276 294 282 294 255 
276 294 294 294 255 
276 294 294 294 294 
276 294 294 306 306 
312 294 294 312 306 
324 294 294 324 306 
324 324 294 324 306 
324 324 294 324 324 
324 324 324 324 324 
324 324 324 324 324 
324 324 324 324 324 
324 324 337 324 337 
324 356 337 324 356 
324 356 356 324 356 
364 356 356 364 356 
364 356 364 364 356 
364 356 364 364 364 
400.0 392.0 410.0 382.0 397.0 
;
EXECUTION TIME HBSS: 205.740691185 seconds 

-------------------------------------------------------------------
