DATFILE : bwopen0_4r_250.dat
ENVIRONMENT : bwopen
ALGORITHM : HBSS - TAU 6
RANGE : 250
STARTING_POS : 0
N_ROBOTS : 4
GREEDY SOLUTION : [ 1520.]
COMPUTATIONS D :
1520
1700
1544
1360
1526
1700
1644
1560
1624
1520
1374
1460
1622
1520
1520
1706
1564
1500
1698
1520
1584
1692
1520
1352
1480
1520
1520
1520
1526
1520
1536
1604
1364
1486
1564
1520
1738
1520
1520
1572
1520
1942
1572
1520
1520
1762
1406
1520
1448
1570
1672
1674
1730
1516
1618
1520
1520
1596
1520
1520
1536
1520
1552
1628
1520
1596
1616
1570
1654
1520
1674
1526
1520
1520
1766
1674
1468
1428
1632
1360
1520
1472
1520
1596
1526
1520
1700
1236
1624
1614
1520
1570
1558
1520
1512
1660
1520
1646
1498
1620
1408
1520
1620
1826
1730
1628
1614
1222
1576
1592
1692
1520
1520
1520
1558
1688
1582
1520
1620
1814
1526
1340
1652
1520
1520
1708
1498
1604
1410
1520
1520
1660
1552
1446
1520
1502
1520
1520
1558
1520
1582
1634
1660
1572
1528
1520
1430
1520
1664
1570
1520
1656
1520
1660
1660
1590
1520
1536
1586
1520
1482
1416
1450
1570
1236
1410
1616
1438
1572
1616
1632
1698
1628
1520
1520
1446
1734
1520
1570
1550
1520
1520
1360
1236
1520
1692
1558
1756
1520
1556
1618
1562
1520
1426
1368
1628
1660
1564
1564
1660
;
HBBS sumD : 1222
BEST_CONFIGURATIONS : 
0 0 0 0 
0 4 0 0 
0 4 26 0 
0 4 26 1 
0 22 26 1 
0 22 5 1 
4 22 5 1 
4 22 5 1 
4 22 5 1 
22 22 5 1 
22 22 5 1 
22 22 5 1 
22 22 26 1 
22 22 26 1 
8 22 26 1 
8 9 26 1 
8 9 26 27 
8 9 26 27 
8 9 5 27 
8 9 5 27 
8 9 5 27 
8 9 5 9 
8 9 4 9 
22 9 4 9 
26 9 4 9 
26 9 4 10 
26 9 4 10 
26 9 4 15 
26 5 4 15 
26 5 22 14 
13 5 22 14 
13 5 8 14 
13 5 8 14 
13 9 8 14 
17 9 8 14 
17 9 8 25 
17 9 13 25 
17 9 13 25 
17 9 13 25 
17 9 13 18 
17 9 13 18 
17 14 13 18 
17 14 13 18 
17 14 25 18 
17 14 25 18 
17 14 25 18 
17 15 25 18 
17 15 25 18 
17 15 14 18 
17 10 14 18 
19 10 14 18 
19 10 14 18 
19 10 14 19 
19 10 14 19 
19 10 15 19 
19 10 15 19 
19 24 15 19 
19 24 15 20 
19 24 15 20 
19 24 10 20 
20 24 10 23 
20 6 10 23 
20 6 11 23 
20 6 11 16 
23 6 11 16 
23 6 11 16 
23 6 11 16 
23 6 11 12 
23 21 11 12 
23 21 11 12 
16 21 11 12 
16 21 11 12 
16 7 11 12 
16 7 11 12 
16 7 6 12 
16 21 6 12 
7 21 6 12 
7 3 6 12 
7 3 6 12 
7 3 21 12 
7 3 21 24 
7 2 21 24 
7 2 6 24 
7 2 6 24 
3 2 6 24 
3 2 6 9 
3 2 24 9 
3 2 24 9 
11 2 24 9 
11 27 24 9 
11 27 24 14 
11 27 10 14 
11 27 10 14 
11 27 15 14 
6 27 15 14 
2 27 15 14 
2 1 15 14 
2 1 27 14 
0 0 0 0 
;
ROBOT MOVING BEST:
0 0 0 0 
1 1 0 0 
1 0 1 0 
1 0 0 1 
1 1 0 0 
1 0 1 0 
1 0 0 1 
1 1 0 0 
1 0 1 0 
1 0 0 1 
0 0 1 1 
1 0 1 0 
0 0 1 1 
1 0 1 0 
1 1 0 0 
0 1 0 1 
0 0 1 1 
1 0 1 0 
0 0 1 1 
0 1 0 1 
1 0 1 0 
0 0 1 1 
1 0 1 0 
1 1 0 0 
1 0 0 1 
0 1 0 1 
1 0 1 0 
0 1 0 1 
1 1 0 0 
0 0 1 1 
1 0 1 0 
1 0 1 0 
1 0 0 1 
0 1 0 1 
1 0 1 0 
0 0 1 1 
1 0 1 0 
0 0 1 1 
1 0 0 1 
0 1 0 1 
0 0 1 1 
1 1 0 0 
1 0 0 1 
0 1 1 0 
0 0 1 1 
0 1 0 1 
0 1 1 0 
0 1 0 1 
0 1 1 0 
0 1 0 1 
1 0 0 1 
0 1 1 0 
0 0 1 1 
0 1 0 1 
0 1 1 0 
0 0 1 1 
0 1 1 0 
1 0 0 1 
0 0 1 1 
0 1 1 0 
1 0 0 1 
0 1 1 0 
1 0 1 0 
1 0 0 1 
1 0 0 1 
0 1 1 0 
0 0 1 1 
1 0 0 1 
0 1 1 0 
0 0 1 1 
1 0 0 1 
0 1 0 1 
0 1 1 0 
0 1 0 1 
0 1 1 0 
0 1 1 0 
1 1 0 0 
0 1 1 0 
1 1 0 0 
0 1 1 0 
0 0 1 1 
0 1 1 0 
0 0 1 1 
0 1 1 0 
1 1 0 0 
0 0 1 1 
0 1 1 0 
0 0 1 1 
1 0 1 0 
0 1 1 0 
0 0 1 1 
1 0 1 0 
0 1 1 0 
1 0 1 0 
1 1 0 0 
1 1 0 0 
1 1 0 0 
0 1 1 0 
1 1 1 1 
;
TIMETABLE BEST: 
0.0 0.0 0.0 0.0 
0 14 0 0 
0 14 17 0 
0 14 17 18 
0 26 17 18 
0 26 26 18 
14 26 26 18 
14 26 26 18 
14 26 26 18 
26 26 26 18 
26 26 26 18 
26 26 26 18 
26 26 35 18 
26 26 35 18 
38 26 35 18 
38 50 35 18 
38 50 35 33 
38 50 35 33 
38 50 44 33 
38 50 44 33 
38 50 44 33 
38 50 44 48 
38 50 58 48 
50 50 58 48 
61 50 58 48 
61 50 58 62 
61 50 58 62 
61 50 58 73 
61 72 58 73 
61 72 70 86 
91 72 70 86 
91 72 82 86 
91 72 82 86 
91 94 82 86 
102 94 82 86 
102 94 82 102 
102 94 95 102 
102 94 95 102 
102 94 95 102 
102 94 95 115 
102 94 95 115 
102 110 95 115 
102 110 95 115 
102 110 108 115 
102 110 108 115 
102 110 108 115 
102 123 108 115 
102 123 108 115 
102 123 124 115 
102 134 124 115 
137 134 124 115 
137 134 124 115 
137 134 124 135 
137 134 124 135 
137 134 137 135 
137 134 137 135 
137 147 137 135 
137 147 137 148 
137 147 137 148 
137 147 148 148 
150 147 148 158 
150 160 148 158 
150 160 169 158 
150 160 169 169 
160 160 169 169 
160 160 169 169 
160 160 169 169 
160 160 169 180 
160 172 169 180 
160 172 169 180 
171 172 169 180 
171 172 169 180 
171 184 169 180 
171 184 169 180 
171 184 186 180 
171 196 186 180 
198 196 186 180 
198 208 186 180 
198 208 186 180 
198 208 198 180 
198 208 198 225 
198 230 198 225 
198 230 210 225 
198 230 210 225 
214 230 210 225 
214 230 210 240 
214 230 223 240 
214 230 223 240 
245 230 223 240 
245 249 223 240 
245 249 223 256 
245 249 236 256 
245 249 236 256 
245 249 247 256 
262 249 247 256 
280 249 247 256 
280 264 247 256 
280 264 281 256 
316.0 282.0 314.0 310.0 
;
EXECUTION TIME HBSS: 113.827494144 seconds 

-------------------------------------------------------------------
