DATFILE : bwopen0_7r_250.dat
ENVIRONMENT : bwopen
ALGORITHM : HBSS - TAU 4
RANGE : 250
STARTING_POS : 0
N_ROBOTS : 7
GREEDY SOLUTION : 379.0
COMPUTATIONS T :
347.0
381.0
388.0
334.0
379.0
337.0
370.0
354.0
343.0
364.0
332.0
361.0
359.0
328.0
355.0
349.0
330.0
329.0
356.0
357.0
357.0
332.0
329.0
363.0
368.0
379.0
361.0
363.0
361.0
341.0
371.0
336.0
384.0
353.0
352.0
341.0
379.0
347.0
337.0
346.0
343.0
366.0
334.0
315.0
333.0
381.0
338.0
347.0
329.0
361.0
332.0
331.0
361.0
355.0
352.0
335.0
324.0
358.0
341.0
334.0
357.0
346.0
370.0
320.0
356.0
322.0
387.0
354.0
379.0
339.0
346.0
379.0
338.0
339.0
331.0
355.0
342.0
341.0
373.0
346.0
370.0
383.0
372.0
355.0
361.0
334.0
322.0
355.0
378.0
368.0
363.0
309.0
377.0
346.0
378.0
346.0
356.0
347.0
393.0
369.0
340.0
346.0
370.0
380.0
327.0
350.0
366.0
373.0
392.0
347.0
340.0
346.0
379.0
375.0
341.0
357.0
340.0
367.0
368.0
345.0
334.0
379.0
365.0
336.0
358.0
343.0
325.0
370.0
335.0
348.0
342.0
338.0
362.0
332.0
360.0
362.0
373.0
337.0
373.0
366.0
366.0
379.0
310.0
317.0
353.0
389.0
336.0
351.0
359.0
349.0
334.0
351.0
362.0
351.0
336.0
382.0
327.0
365.0
371.0
357.0
344.0
334.0
365.0
341.0
356.0
340.0
359.0
371.0
355.0
389.0
319.0
361.0
363.0
389.0
343.0
351.0
327.0
366.0
346.0
383.0
361.0
371.0
353.0
358.0
358.0
323.0
350.0
364.0
320.0
369.0
342.0
355.0
366.0
379.0
357.0
348.0
375.0
349.0
330.0
355.0
;
HBBS bestT : 309.0
BEST_CONFIGURATIONS : 
0 0 0 0 0 0 0 
0 4 0 0 0 0 0 
0 4 26 0 0 0 0 
0 4 26 0 0 0 0 
0 4 26 1 0 0 0 
0 4 26 1 0 0 0 
0 4 26 1 0 0 0 
0 4 26 1 5 0 0 
0 4 26 1 5 22 0 
0 4 26 1 5 22 0 
0 4 26 1 5 22 0 
0 4 26 1 5 22 0 
0 4 26 1 5 22 0 
0 4 26 1 5 22 0 
0 4 26 1 5 22 0 
0 4 26 1 5 22 0 
0 26 26 1 5 22 27 
0 26 5 1 5 22 27 
0 26 5 1 5 8 27 
0 26 5 1 5 8 27 
0 26 5 1 5 8 27 
0 26 5 1 22 8 27 
4 26 5 1 22 8 27 
22 26 5 1 22 8 9 
22 5 5 1 22 8 9 
22 5 26 1 22 8 9 
22 5 26 1 22 8 9 
22 5 26 1 8 13 9 
22 5 22 1 8 13 9 
22 5 22 27 8 13 9 
8 5 22 27 8 17 9 
8 5 22 27 13 17 9 
8 9 22 27 13 17 10 
8 9 22 27 13 17 10 
8 9 22 27 13 25 10 
8 9 13 27 13 25 10 
8 9 13 27 17 25 10 
8 9 13 27 17 25 15 
8 9 13 27 17 25 15 
13 9 13 27 18 25 15 
13 9 25 27 18 25 15 
13 9 25 27 18 25 15 
13 9 25 27 18 25 10 
13 9 25 24 18 25 10 
13 9 25 24 18 17 10 
13 9 25 24 18 17 10 
13 9 25 24 14 17 10 
13 9 25 24 14 17 10 
13 9 25 24 14 17 10 
13 9 25 24 14 17 10 
13 9 25 24 14 17 10 
13 9 25 24 14 17 10 
13 9 25 24 14 17 15 
13 9 25 24 14 17 15 
13 9 18 24 14 17 15 
13 9 18 24 14 17 15 
13 10 18 24 14 17 15 
22 10 18 24 14 17 15 
22 10 18 6 14 17 15 
22 10 19 6 14 17 15 
22 10 19 6 14 17 15 
22 10 19 6 14 18 15 
22 10 19 6 14 18 15 
22 10 19 11 14 18 15 
22 10 20 11 14 18 15 
22 10 20 11 15 18 15 
22 10 20 11 15 18 15 
22 10 20 11 15 19 15 
27 24 20 11 15 19 15 
27 24 20 11 15 19 15 
27 24 23 11 15 19 20 
27 6 23 11 15 19 20 
27 6 23 11 15 19 20 
27 6 23 11 9 19 20 
27 6 16 11 9 19 20 
27 6 16 11 9 20 20 
27 6 16 11 9 20 23 
27 21 16 11 9 20 23 
27 21 16 11 24 20 23 
2 21 16 11 24 20 23 
2 21 16 11 24 20 23 
2 21 12 11 24 20 23 
2 21 12 11 24 20 23 
2 21 12 11 24 23 23 
2 21 12 11 24 23 16 
2 3 12 11 24 23 16 
2 3 12 11 6 23 16 
2 3 12 11 6 23 16 
2 3 7 11 6 23 16 
2 3 7 6 6 23 16 
2 3 7 6 6 23 12 
2 3 7 6 21 23 12 
2 3 7 6 21 23 12 
2 3 7 6 21 23 12 
2 3 7 6 21 11 12 
24 3 7 6 6 11 12 
24 2 7 27 6 11 12 
2 2 7 27 1 11 12 
0 0 0 0 0 0 0 
;
ROBOT MOVING BEST:
0 0 0 0 0 0 0 
1 1 0 0 0 0 0 
1 0 1 0 0 0 0 
0 1 1 0 0 0 0 
1 0 0 1 0 0 0 
0 1 0 1 0 0 0 
0 0 1 1 0 0 0 
1 0 0 0 1 0 0 
1 0 0 0 0 1 0 
0 1 0 0 1 0 0 
0 1 0 0 0 1 0 
0 0 1 0 1 0 0 
0 0 1 0 0 1 0 
0 0 0 1 1 0 0 
0 0 0 1 0 1 0 
0 0 0 0 1 1 0 
0 1 0 0 0 0 1 
0 0 1 0 0 0 1 
0 1 0 0 0 1 0 
0 0 0 1 0 0 1 
0 0 1 0 0 1 0 
0 0 0 0 1 1 0 
1 0 0 0 0 1 0 
1 0 0 0 0 0 1 
0 1 0 0 0 0 1 
0 0 1 0 0 0 1 
0 0 0 1 0 0 1 
0 0 0 0 1 1 0 
0 0 1 0 0 1 0 
0 0 0 1 0 0 1 
1 0 0 0 0 1 0 
0 0 0 0 1 1 0 
0 1 0 0 0 0 1 
0 0 0 1 0 0 1 
1 0 0 0 0 1 0 
0 0 1 0 0 1 0 
0 0 0 0 1 1 0 
0 0 0 0 0 1 1 
0 1 0 0 0 0 1 
1 0 0 0 1 0 0 
0 0 1 0 1 0 0 
0 1 0 0 1 0 0 
0 0 0 0 1 0 1 
0 0 0 1 0 0 1 
0 0 0 0 1 1 0 
0 1 0 1 0 0 0 
1 0 0 0 1 0 0 
0 1 0 0 1 0 0 
0 0 1 0 1 0 0 
0 0 0 1 1 0 0 
0 0 0 0 1 1 0 
0 0 0 0 1 0 1 
0 0 0 1 0 0 1 
0 0 0 0 1 0 1 
0 0 1 0 1 0 0 
0 0 1 0 0 0 1 
0 1 0 0 0 0 1 
1 0 0 0 1 0 0 
0 1 0 1 0 0 0 
0 1 1 0 0 0 0 
0 0 1 0 1 0 0 
0 0 1 0 0 1 0 
0 0 1 0 0 0 1 
0 1 0 1 0 0 0 
0 0 1 1 0 0 0 
0 0 1 0 1 0 0 
0 0 0 1 1 0 0 
0 0 1 0 0 1 0 
1 1 0 0 0 0 0 
0 1 0 1 0 0 0 
0 0 1 0 0 0 1 
1 1 0 0 0 0 0 
0 1 0 1 0 0 0 
0 1 0 0 1 0 0 
0 0 1 1 0 0 0 
0 0 1 0 0 1 0 
0 0 1 0 0 0 1 
0 1 0 1 0 0 0 
0 1 0 0 1 0 0 
1 1 0 0 0 0 0 
1 0 0 0 1 0 0 
0 1 1 0 0 0 0 
0 0 1 1 0 0 0 
0 0 1 0 0 1 0 
0 0 1 0 0 0 1 
1 1 0 0 0 0 0 
1 0 0 0 1 0 0 
0 1 0 0 1 0 0 
0 1 1 0 0 0 0 
0 0 1 1 0 0 0 
0 0 1 0 0 0 1 
0 1 0 0 1 0 0 
0 0 1 0 1 0 0 
0 0 0 1 1 0 0 
0 0 1 0 0 1 0 
1 0 0 0 1 0 0 
0 1 0 1 0 0 0 
1 0 0 0 1 0 0 
1 1 1 1 1 1 1 
;
TIMETABLE BEST: 
0.0 0.0 0.0 0.0 0.0 0.0 0.0 
14 14 0 0 0 0 0 
17 14 17 0 0 0 0 
17 17 17 0 0 0 0 
18 17 17 18 0 0 0 
18 18 17 18 0 0 0 
18 18 18 18 0 0 0 
24 18 18 18 24 0 0 
24 18 18 18 24 24 0 
24 24 18 18 24 24 0 
24 24 18 18 24 24 0 
24 24 24 18 24 24 0 
24 24 24 18 24 24 0 
24 24 24 24 24 24 0 
24 24 24 24 24 24 0 
24 24 24 24 24 24 0 
24 35 24 24 24 24 35 
24 35 35 24 24 24 35 
24 36 35 24 24 36 35 
24 36 35 35 24 36 35 
24 36 36 35 24 36 35 
24 36 36 35 36 36 35 
38 36 36 35 36 38 35 
50 36 36 35 36 38 50 
50 50 36 35 36 38 50 
50 50 50 35 36 38 50 
50 50 50 50 36 38 50 
50 50 50 50 51 51 50 
50 50 61 50 51 61 50 
50 50 61 65 51 61 65 
72 50 61 65 51 72 65 
72 50 61 65 72 72 65 
72 79 61 65 72 72 79 
72 79 61 79 72 72 79 
84 79 61 79 72 84 79 
84 79 84 79 72 84 79 
84 79 84 79 84 84 79 
84 79 84 79 84 90 90 
84 90 84 79 84 90 90 
101 90 84 79 101 90 90 
101 90 101 79 101 90 90 
101 101 101 79 101 90 90 
101 101 101 79 101 90 101 
101 101 101 105 101 90 105 
101 101 101 105 102 102 105 
101 105 101 105 102 102 105 
113 105 101 105 113 102 105 
113 113 101 105 113 102 105 
113 113 113 105 113 102 105 
113 113 113 113 113 102 105 
113 113 113 113 113 113 105 
113 113 113 113 113 113 113 
113 113 113 124 113 113 124 
113 113 113 124 124 113 124 
113 113 126 124 126 113 124 
113 113 126 124 126 113 126 
113 127 126 124 126 113 127 
132 127 126 124 132 113 127 
132 137 126 137 132 113 127 
132 146 146 137 132 113 127 
132 146 146 137 146 113 127 
132 146 146 137 146 146 127 
132 146 146 137 146 146 146 
132 154 146 154 146 146 146 
132 154 159 159 146 146 146 
132 154 159 159 159 146 146 
132 154 159 159 159 146 146 
132 154 166 159 159 166 146 
167 167 166 159 159 166 146 
167 167 166 167 159 166 146 
167 167 177 167 159 166 177 
180 180 177 167 159 166 177 
180 180 177 180 159 166 177 
180 180 177 180 180 166 177 
180 180 188 188 180 166 177 
180 180 188 188 180 188 177 
180 180 188 188 180 188 188 
180 192 188 192 180 188 188 
180 195 188 192 195 188 188 
199 199 188 192 195 188 188 
199 199 188 192 199 188 188 
199 199 199 192 199 188 188 
199 199 199 199 199 188 188 
199 199 199 199 199 199 188 
199 199 199 199 199 199 199 
211 211 199 199 199 199 199 
212 211 199 199 212 199 199 
212 212 199 199 212 199 199 
212 217 217 199 212 199 199 
212 217 217 217 212 199 199 
212 217 217 217 212 199 217 
212 224 217 217 224 199 217 
212 224 224 217 224 199 217 
212 224 224 224 224 199 217 
212 224 234 224 224 234 217 
236 224 234 224 236 234 217 
236 259 234 259 236 234 217 
272 259 234 259 272 234 217 
308.0 295.0 308.0 292.0 290.0 305.0 309.0 
;
EXECUTION TIME HBSS: 447.611445189 seconds 

-------------------------------------------------------------------
