DATFILE : bwopen0_10r_250.dat
ENVIRONMENT : bwopen
ALGORITHM : HBSS - TAU 2
RANGE : 250
STARTING_POS : 0
N_ROBOTS : 10
GREEDY SOLUTION : [ 1686.]
COMPUTATIONS D :
1982
1936
1852
2042
1918
2016
2000
2014
2026
1994
1956
1878
1950
2030
1898
1926
1922
1960
2080
2046
1988
1956
1952
1950
1870
1986
1846
1986
2006
2000
1864
1962
1816
1994
1816
1916
1962
2082
1900
1984
1956
1938
1988
1898
1710
1798
2144
2006
2132
1924
2050
2018
1894
1942
2006
1828
1922
1878
1920
1970
1818
1960
1832
2002
1956
2048
1868
1964
1922
2102
1870
1980
2024
1912
2016
1838
1784
1920
2014
1932
1884
1816
1890
1980
2010
2020
2016
2004
2022
1890
1928
2048
1992
2128
1870
1978
1826
1966
1832
1976
2024
1964
2004
1918
1924
1986
1868
1892
1900
1880
2064
2074
2046
1964
1918
1908
2070
2090
1916
1970
1986
2032
2008
2026
1918
2012
1912
2012
1816
2126
1836
2118
1918
1818
2048
1992
1978
2020
1926
1890
2050
1866
1940
1856
1776
1914
2010
1822
2004
1866
1956
1928
1966
1932
1850
1866
1896
2028
1838
2176
1898
1998
2046
1910
1978
1880
1872
1992
1884
1880
1910
1846
1868
1922
1938
1998
2082
1932
2032
2096
2014
1912
1876
1904
2042
1962
1970
2004
1960
1874
1956
1974
2074
1930
1874
1882
1980
1880
1868
1942
;
HBBS sumD : 1710
BEST_CONFIGURATIONS : 
0 0 0 0 0 0 0 0 0 0 
0 0 0 0 0 0 0 0 0 4 
0 26 0 0 0 0 0 0 0 4 
0 26 1 0 0 0 0 0 0 4 
0 26 1 5 0 0 0 0 0 4 
0 26 1 5 22 0 0 0 0 4 
4 26 1 5 22 26 0 0 0 4 
4 26 1 5 22 26 0 0 0 4 
4 26 1 5 22 26 0 0 0 4 
4 26 1 5 22 26 0 0 0 4 
4 26 1 5 22 26 0 0 0 4 
4 26 1 5 22 26 0 8 0 4 
4 26 1 5 22 26 5 8 0 4 
4 26 1 5 22 26 5 8 0 4 
4 26 1 5 22 26 5 8 0 4 
4 26 1 5 22 26 5 8 0 4 
4 26 1 5 22 26 5 8 0 4 
4 26 1 5 22 26 5 8 5 4 
4 26 27 5 22 26 5 8 5 4 
4 26 27 5 22 26 5 8 5 4 
4 26 27 5 22 26 5 8 5 4 
4 26 27 5 22 26 5 8 5 4 
4 26 27 9 22 26 5 8 5 4 
4 26 27 9 22 26 5 13 5 4 
4 26 27 9 22 1 5 13 5 4 
8 26 27 9 22 1 5 13 5 4 
8 1 27 9 22 1 5 13 5 4 
8 1 27 9 22 1 5 13 5 4 
8 1 27 9 22 1 5 13 5 4 
8 1 27 9 22 1 14 13 5 4 
8 1 27 9 22 1 14 17 5 4 
8 1 27 9 22 1 14 17 5 4 
8 1 27 9 22 1 14 17 5 25 
13 1 27 9 22 1 14 17 5 25 
13 1 27 9 10 1 14 17 5 25 
13 1 2 9 10 1 14 17 5 25 
13 1 2 9 10 1 14 17 5 25 
13 1 2 9 10 1 14 17 5 25 
13 2 2 9 10 1 14 17 27 25 
13 2 2 9 10 1 14 17 27 25 
13 2 2 24 10 1 14 17 27 25 
25 2 2 24 10 1 14 17 27 25 
25 2 2 24 10 1 14 17 27 25 
25 2 2 24 10 1 14 17 27 25 
25 2 2 24 10 1 14 17 27 25 
25 2 2 24 10 1 14 17 27 25 
25 2 2 24 10 1 14 17 27 25 
25 2 6 24 10 1 14 17 27 25 
18 2 6 24 10 1 14 17 27 25 
18 2 6 24 10 1 18 17 27 25 
18 2 6 24 10 1 18 17 27 25 
18 2 6 24 10 1 18 17 9 25 
18 2 6 24 10 1 18 17 9 25 
18 2 6 24 10 1 18 17 9 25 
18 2 6 24 10 1 18 17 9 25 
18 2 6 24 10 2 18 17 9 25 
18 2 6 24 10 2 18 17 9 25 
18 2 6 24 10 2 18 13 9 25 
18 2 6 24 15 2 18 13 9 25 
18 2 6 24 15 2 18 13 9 25 
18 2 6 24 15 2 18 13 9 25 
18 2 6 24 15 2 18 13 9 25 
18 2 6 24 15 2 18 13 9 25 
18 2 6 24 15 3 18 13 9 25 
18 2 21 24 15 3 18 13 9 25 
18 2 21 24 15 3 18 13 9 25 
18 21 21 24 15 3 18 13 9 25 
18 21 21 24 15 3 18 13 9 14 
18 21 21 24 15 3 18 13 10 14 
18 21 21 6 15 3 18 13 10 14 
18 21 21 6 15 3 18 13 10 14 
18 21 21 6 15 3 19 13 10 14 
18 21 21 6 15 3 19 13 10 14 
18 21 21 6 15 3 19 13 10 14 
18 21 21 6 15 3 19 13 10 14 
18 21 21 6 15 3 19 13 10 14 
18 21 21 6 15 3 19 13 10 14 
18 21 21 11 15 3 19 13 10 14 
18 21 21 11 15 3 19 13 10 14 
18 21 21 11 15 3 20 13 10 14 
18 7 21 11 15 3 20 13 10 14 
18 7 21 11 15 3 20 13 10 14 
18 7 21 11 15 3 20 13 10 14 
18 7 21 11 15 3 20 13 24 14 
19 7 21 11 15 3 20 13 24 14 
19 7 21 11 15 3 20 13 24 14 
19 7 6 11 15 3 20 13 24 14 
19 7 6 11 15 3 20 13 24 14 
20 7 6 11 15 3 20 13 24 14 
20 12 6 11 15 21 20 13 24 14 
20 12 6 11 15 21 23 13 24 14 
20 12 6 11 15 21 23 13 24 14 
20 12 6 11 15 21 16 13 24 14 
20 12 6 11 15 7 16 13 24 14 
20 12 6 11 15 7 16 13 24 14 
23 12 6 11 15 7 16 13 24 14 
23 12 6 11 15 7 16 13 24 14 
23 12 6 11 16 7 16 13 24 14 
0 0 0 0 0 0 0 0 0 0 
;
ROBOT MOVING BEST:
0 0 0 0 0 0 0 0 0 0 
1 0 0 0 0 0 0 0 0 1 
1 1 0 0 0 0 0 0 0 0 
1 0 1 0 0 0 0 0 0 0 
1 0 0 1 0 0 0 0 0 0 
1 0 0 0 1 0 0 0 0 0 
1 0 0 0 0 1 0 0 0 0 
1 0 1 0 0 0 0 0 0 0 
0 1 1 0 0 0 0 0 0 0 
1 0 0 1 0 0 0 0 0 0 
1 0 0 0 1 0 0 0 0 0 
1 0 0 0 0 0 0 1 0 0 
0 1 0 0 0 0 1 0 0 0 
0 1 0 0 1 0 0 0 0 0 
0 0 1 1 0 0 0 0 0 0 
0 0 1 0 1 0 0 0 0 0 
0 1 0 0 0 0 0 1 0 0 
0 0 0 0 1 0 0 0 1 0 
0 1 1 0 0 0 0 0 0 0 
0 0 0 1 0 0 0 1 0 0 
0 0 0 0 1 0 0 1 0 0 
0 0 1 0 0 0 0 0 1 0 
0 1 0 1 0 0 0 0 0 0 
0 0 0 0 1 0 0 1 0 0 
0 0 0 1 0 1 0 0 0 0 
1 0 0 0 0 0 0 1 0 0 
0 1 1 0 0 0 0 0 0 0 
0 0 0 1 1 0 0 0 0 0 
0 0 0 1 0 0 1 0 0 0 
0 0 0 0 1 0 1 0 0 0 
1 0 0 0 0 0 0 1 0 0 
0 0 1 1 0 0 0 0 0 0 
1 0 0 0 0 0 0 0 0 1 
1 0 0 0 0 0 0 1 0 0 
0 0 1 0 1 0 0 0 0 0 
0 1 1 0 0 0 0 0 0 0 
1 0 0 0 0 0 1 0 0 0 
1 0 0 0 0 0 0 0 0 1 
0 1 0 0 0 0 0 0 1 0 
0 0 0 1 0 0 1 0 0 0 
0 0 1 1 0 0 0 0 0 0 
1 0 0 0 0 0 0 1 0 0 
0 0 0 0 0 0 1 1 0 0 
0 0 0 1 0 0 0 0 1 0 
0 0 0 1 0 0 1 0 0 0 
0 0 0 0 1 0 1 0 0 0 
1 0 0 0 0 0 1 0 0 0 
0 0 1 0 0 0 0 0 1 0 
1 0 0 0 0 0 1 0 0 0 
0 0 0 0 0 0 1 1 0 0 
0 0 0 0 0 0 1 0 0 1 
0 0 0 1 0 0 0 0 1 0 
0 0 0 1 1 0 0 0 0 0 
0 0 0 0 1 0 0 0 1 0 
0 0 0 0 0 0 1 0 1 0 
0 0 1 0 0 1 0 0 0 0 
0 0 0 0 1 0 1 0 0 0 
0 0 0 0 0 0 1 1 0 0 
0 0 0 0 1 0 0 0 0 1 
0 0 1 0 0 0 0 0 1 0 
0 0 1 1 0 0 0 0 0 0 
0 0 0 0 1 0 0 0 1 0 
0 0 0 1 1 0 0 0 0 0 
0 1 0 0 0 1 0 0 0 0 
0 1 1 0 0 0 0 0 0 0 
1 0 0 0 1 0 0 0 0 0 
0 1 0 1 0 0 0 0 0 0 
0 0 0 0 1 0 0 0 0 1 
0 0 0 0 1 0 0 0 1 0 
0 0 0 1 0 0 0 0 1 0 
0 0 0 1 0 1 0 0 0 0 
0 0 0 0 0 0 1 0 0 1 
1 0 0 0 0 0 1 0 0 0 
0 1 0 1 0 0 0 0 0 0 
0 1 0 0 0 1 0 0 0 0 
0 0 0 0 0 0 1 0 1 0 
0 0 0 0 1 0 1 0 0 0 
0 0 0 1 1 0 0 0 0 0 
0 0 0 1 0 0 0 0 1 0 
0 0 0 0 1 0 1 0 0 0 
0 1 0 0 0 1 0 0 0 0 
0 0 1 1 0 0 0 0 0 0 
0 1 1 0 0 0 0 0 0 0 
0 0 0 1 0 0 0 0 1 0 
1 0 0 0 0 0 1 0 0 0 
0 1 0 1 0 0 0 0 0 0 
0 0 1 1 0 0 0 0 0 0 
0 1 1 0 0 0 0 0 0 0 
1 0 0 1 0 0 0 0 0 0 
0 1 0 0 0 1 0 0 0 0 
1 0 0 0 0 0 1 0 0 0 
0 1 0 1 0 0 0 0 0 0 
0 0 0 1 0 0 1 0 0 0 
0 1 0 0 0 1 0 0 0 0 
1 0 0 0 0 0 1 0 0 0 
1 1 0 0 0 0 0 0 0 0 
1 0 0 0 0 0 1 0 0 0 
0 1 0 0 1 0 0 0 0 0 
1 1 1 1 1 1 1 1 1 1 
;
TIMETABLE BEST: 
0.0 0.0 0.0 0.0 0.0 0.0 0.0 0.0 0.0 0.0 
0 0 0 0 0 0 0 0 0 14 
0 17 0 0 0 0 0 0 0 14 
0 17 18 0 0 0 0 0 0 14 
0 17 18 24 0 0 0 0 0 14 
0 17 18 24 24 0 0 0 0 14 
14 17 18 24 24 17 0 0 0 14 
14 17 18 24 24 17 0 0 0 14 
14 17 18 24 24 17 0 0 0 14 
14 17 18 24 24 17 0 0 0 14 
14 17 18 24 24 17 0 0 0 14 
14 17 18 24 24 17 0 26 0 14 
14 17 18 24 24 17 24 26 0 14 
14 17 18 24 24 17 24 26 0 14 
14 17 18 24 24 17 24 26 0 14 
14 17 18 24 24 17 24 26 0 14 
14 17 18 24 24 17 24 26 0 14 
14 17 18 24 24 17 24 26 24 14 
14 17 33 24 24 17 24 26 24 14 
14 17 33 24 24 17 24 26 24 14 
14 17 33 24 24 17 24 26 24 14 
14 17 33 24 24 17 24 26 24 14 
14 17 33 46 24 17 24 26 24 14 
14 17 33 46 24 17 24 39 24 14 
14 17 33 46 24 36 24 39 24 14 
28 17 33 46 24 36 24 39 24 14 
28 36 33 46 24 36 24 39 24 14 
28 36 33 46 24 36 24 39 24 14 
28 36 33 46 24 36 24 39 24 14 
28 36 33 46 24 36 54 39 24 14 
28 36 33 46 24 36 54 50 24 14 
28 36 33 46 24 36 54 50 24 14 
28 36 33 46 24 36 54 50 24 54 
41 36 33 46 24 36 54 50 24 54 
41 36 33 46 62 36 54 50 24 54 
41 36 52 46 62 36 54 50 24 54 
41 36 52 46 62 36 54 50 24 54 
41 36 52 46 62 36 54 50 24 54 
41 56 52 46 62 36 54 50 45 54 
41 56 52 46 62 36 54 50 45 54 
41 56 52 61 62 36 54 50 45 54 
54 56 52 61 62 36 54 50 45 54 
54 56 52 61 62 36 54 50 45 54 
54 56 52 61 62 36 54 50 45 54 
54 56 52 61 62 36 54 50 45 54 
54 56 52 61 62 36 54 50 45 54 
54 56 52 61 62 36 54 50 45 54 
54 56 70 61 62 36 54 50 45 54 
67 56 70 61 62 36 54 50 45 54 
67 56 70 61 62 36 65 50 45 54 
67 56 70 61 62 36 65 50 45 54 
67 56 70 61 62 36 65 50 60 54 
67 56 70 61 62 36 65 50 60 54 
67 56 70 61 62 36 65 50 60 54 
67 56 70 61 62 36 65 50 60 54 
67 56 70 61 62 56 65 50 60 54 
67 56 70 61 62 56 65 50 60 54 
67 56 70 61 62 56 65 61 60 54 
67 56 70 61 73 56 65 61 60 54 
67 56 70 61 73 56 65 61 60 54 
67 56 70 61 73 56 65 61 60 54 
67 56 70 61 73 56 65 61 60 54 
67 56 70 61 73 56 65 61 60 54 
67 56 70 61 73 78 65 61 60 54 
67 56 82 61 73 78 65 61 60 54 
67 56 82 61 73 78 65 61 60 54 
67 82 82 61 73 78 65 61 60 54 
67 82 82 61 73 78 65 61 60 70 
67 82 82 61 73 78 65 61 74 70 
67 82 82 74 73 78 65 61 74 70 
67 82 82 74 73 78 65 61 74 70 
67 82 82 74 73 78 85 61 74 70 
67 82 82 74 73 78 85 61 74 70 
67 82 82 74 73 78 85 61 74 70 
67 82 82 74 73 78 85 61 74 70 
67 82 82 74 73 78 85 61 74 70 
67 82 82 74 73 78 85 61 74 70 
67 82 82 91 73 78 85 61 74 70 
67 82 82 91 73 78 85 61 74 70 
67 82 82 91 73 78 98 61 74 70 
67 94 82 91 73 78 98 61 74 70 
67 94 82 91 73 78 98 61 74 70 
67 94 82 91 73 78 98 61 74 70 
67 94 82 91 73 78 98 61 87 70 
87 94 82 91 73 78 98 61 87 70 
87 94 82 91 73 78 98 61 87 70 
87 94 94 91 73 78 98 61 87 70 
87 94 94 91 73 78 98 61 87 70 
100 94 94 91 73 78 98 61 87 70 
100 112 94 91 73 90 98 61 87 70 
100 112 94 91 73 90 108 61 87 70 
100 112 94 91 73 90 108 61 87 70 
100 112 94 91 73 90 119 61 87 70 
100 112 94 91 73 102 119 61 87 70 
100 112 94 91 73 102 119 61 87 70 
110 112 94 91 73 102 119 61 87 70 
110 112 94 91 73 102 119 61 87 70 
110 112 94 91 117 102 119 61 87 70 
216.0 204.0 148.0 162.0 218.0 176.0 220.0 100.0 142.0 124.0 
;
EXECUTION TIME HBSS: 1021.94433212 seconds 

-------------------------------------------------------------------
