DATFILE : bwopen0_4r_250.dat
ENVIRONMENT : bwopen
ALGORITHM : HBSS - TAU 4
RANGE : 250
STARTING_POS : 0
N_ROBOTS : 4
GREEDY SOLUTION : [ 1520.]
COMPUTATIONS D :
1584
1520
1562
1652
1376
1434
1898
1820
1640
1690
1618
1628
1632
1514
1456
1432
1572
1766
1466
1570
1490
1682
1580
1648
1608
1678
1786
1686
1562
1632
1538
1742
1536
1656
1418
1574
1574
1630
1504
1412
1538
1384
1388
1738
1682
1568
1522
1554
1548
1410
1732
1508
1426
1512
1548
1626
1582
1484
1606
1644
1780
1508
1552
1294
1730
1520
1646
1314
1446
1532
1698
1596
1636
1522
1562
1498
1292
1654
1718
1642
1658
1544
1716
1262
1684
1698
1572
1464
1662
1478
1616
1270
1620
1434
1628
1688
1578
1572
1448
1460
1638
1512
1592
1278
1378
1458
1690
1730
1606
1692
1546
1574
1316
1458
1524
1624
1654
1292
1520
1406
1602
1666
1600
1644
1352
1618
1656
1608
1530
1500
1692
1670
1434
1532
1696
1650
1578
1620
1660
1490
1504
1358
1742
1558
1662
1384
1572
1542
1572
1728
1376
1608
1660
1598
1806
1500
1542
1892
1416
1280
1446
1520
1624
1828
1874
1564
1660
1380
1590
1340
1314
1598
1430
1680
1782
1454
1526
1492
1562
1644
1784
1614
1664
1674
1564
1416
1560
1664
1760
1646
1680
1496
1658
1414
1804
1782
1560
1714
1660
1346
;
HBBS sumD : 1262
BEST_CONFIGURATIONS : 
0 0 0 0 
0 4 0 0 
0 4 26 0 
0 4 26 1 
0 22 26 1 
0 22 5 1 
4 22 5 1 
4 22 5 1 
4 22 5 1 
26 22 5 1 
26 22 5 1 
26 22 5 1 
26 22 5 1 
5 22 5 1 
5 22 5 27 
5 26 5 27 
5 26 5 27 
5 26 5 9 
5 26 4 9 
5 26 4 9 
5 26 8 9 
5 26 8 9 
22 26 8 9 
22 26 8 9 
22 4 8 9 
22 4 8 14 
22 4 13 14 
8 4 13 14 
8 4 13 14 
8 4 17 14 
8 4 17 25 
13 4 17 25 
13 4 17 25 
13 4 17 25 
13 4 17 18 
13 14 17 18 
13 14 17 18 
25 14 17 18 
25 14 17 18 
25 14 17 18 
25 15 17 18 
25 15 17 18 
14 15 17 18 
14 15 19 18 
9 15 19 18 
9 10 19 18 
9 10 19 14 
9 10 19 14 
9 10 19 14 
9 10 19 14 
9 10 19 15 
9 10 19 15 
9 10 19 15 
9 10 19 15 
9 10 20 15 
9 24 20 15 
9 24 20 15 
9 24 20 10 
9 6 20 10 
27 6 20 10 
27 6 20 10 
27 6 20 24 
27 6 20 24 
27 6 20 24 
27 11 20 24 
2 11 20 24 
2 11 20 24 
2 11 20 6 
2 11 16 6 
2 11 16 6 
2 11 16 21 
2 11 12 21 
2 11 12 21 
2 11 12 21 
2 11 12 3 
2 11 7 3 
10 11 7 3 
15 11 7 3 
15 6 7 3 
15 6 7 3 
15 6 7 3 
15 21 7 3 
15 21 7 3 
15 21 6 3 
15 21 24 3 
15 7 24 12 
14 7 24 12 
14 16 24 12 
14 23 24 12 
14 23 24 16 
9 23 27 16 
9 20 27 16 
9 20 1 16 
27 20 1 16 
27 20 1 23 
27 20 2 23 
27 19 2 20 
1 19 2 2 
0 0 0 0 
;
ROBOT MOVING BEST:
0 0 0 0 
1 1 0 0 
1 0 1 0 
1 0 0 1 
1 1 0 0 
1 0 1 0 
1 0 1 0 
1 0 0 1 
1 1 0 0 
1 0 0 1 
0 1 0 1 
0 0 1 1 
1 1 0 0 
1 1 0 0 
0 0 1 1 
0 1 1 0 
0 1 0 1 
0 0 1 1 
0 1 1 0 
0 1 0 1 
1 0 1 0 
0 1 1 0 
1 0 0 1 
1 0 1 0 
0 1 1 0 
1 0 0 1 
1 0 1 0 
1 0 1 0 
0 0 1 1 
1 0 1 0 
1 0 0 1 
1 0 1 0 
1 0 0 1 
0 0 1 1 
1 0 0 1 
0 1 1 0 
0 0 1 1 
1 1 0 0 
1 0 0 1 
0 1 0 1 
1 1 0 0 
0 1 0 1 
1 1 0 0 
0 0 1 1 
1 0 0 1 
0 1 0 1 
0 0 1 1 
1 0 0 1 
0 1 0 1 
0 1 1 0 
0 0 1 1 
1 1 0 0 
1 0 0 1 
0 1 0 1 
0 0 1 1 
1 1 0 0 
0 1 0 1 
0 1 0 1 
1 1 0 0 
1 0 0 1 
0 1 0 1 
1 0 0 1 
1 1 0 0 
0 1 0 1 
0 1 1 0 
1 0 0 1 
0 1 0 1 
1 0 0 1 
0 1 1 0 
0 1 0 1 
1 0 0 1 
0 1 1 0 
0 0 1 1 
0 1 0 1 
1 0 0 1 
0 1 1 0 
1 1 0 0 
1 1 0 0 
0 1 1 0 
0 1 0 1 
0 0 1 1 
0 1 1 0 
0 1 0 1 
0 1 1 0 
0 1 1 0 
0 1 0 1 
1 0 1 0 
0 1 0 1 
0 1 0 1 
0 1 0 1 
1 0 1 0 
0 1 0 1 
1 0 1 0 
1 0 1 0 
0 1 0 1 
1 0 1 0 
0 1 0 1 
1 0 0 1 
1 1 1 1 
;
TIMETABLE BEST: 
0.0 0.0 0.0 0.0 
0 14 0 0 
0 14 17 0 
0 14 17 18 
0 26 17 18 
0 26 26 18 
14 26 26 18 
14 26 26 18 
14 26 26 18 
25 26 26 18 
25 26 26 18 
25 26 26 18 
25 26 26 18 
34 26 26 18 
34 26 26 33 
34 37 26 33 
34 37 26 33 
34 37 26 48 
34 37 40 48 
34 37 40 48 
34 37 54 48 
34 37 54 48 
46 37 54 48 
46 37 54 48 
46 48 54 48 
46 48 54 64 
46 48 67 64 
58 48 67 64 
58 48 67 64 
58 48 78 64 
58 48 78 80 
71 48 78 80 
71 48 78 80 
71 48 78 80 
71 48 78 93 
71 92 78 93 
71 92 78 93 
84 92 78 93 
84 92 78 93 
84 92 78 93 
84 105 78 93 
84 105 78 93 
100 105 78 93 
100 105 113 93 
116 105 113 93 
116 116 113 93 
116 116 113 104 
116 116 113 104 
116 116 113 104 
116 116 113 104 
116 116 113 117 
116 116 113 117 
116 116 113 117 
116 116 113 117 
116 116 126 117 
116 129 126 117 
116 129 126 117 
116 129 126 128 
116 142 126 128 
131 142 126 128 
131 142 126 128 
131 142 126 141 
131 142 126 141 
131 142 126 141 
131 159 126 141 
150 159 126 141 
150 159 126 141 
150 159 126 154 
150 159 147 154 
150 159 147 154 
150 159 147 166 
150 159 158 166 
150 159 158 166 
150 159 158 166 
150 159 158 178 
150 159 176 178 
182 159 176 178 
193 159 176 178 
193 176 176 178 
193 176 176 178 
193 176 176 178 
193 188 176 178 
193 188 176 178 
193 188 196 178 
193 188 209 178 
193 200 209 212 
206 200 209 212 
206 227 209 212 
206 238 209 212 
206 238 209 223 
222 238 235 223 
222 248 235 223 
222 248 250 223 
237 248 250 223 
237 248 250 234 
237 248 270 234 
237 261 270 244 
252 261 270 306 
270.0 344.0 306.0 342.0 
;
EXECUTION TIME HBSS: 116.763730049 seconds 

-------------------------------------------------------------------
