DATFILE : bwopen0_4r_250.dat
ENVIRONMENT : bwopen
ALGORITHM : HBSS - TAU 2
RANGE : 250
STARTING_POS : 0
N_ROBOTS : 4
GREEDY SOLUTION : [ 1520.]
COMPUTATIONS D :
1600
1718
2082
1846
2118
2144
2004
1816
1956
1868
1902
2054
1638
2126
2060
1582
1840
1786
1964
1806
2036
1852
1846
1802
1740
1860
2188
2040
1596
1800
2160
1862
1970
1654
1876
2034
1964
2070
2094
1890
1738
1928
1742
1800
1804
2064
2086
1818
1758
2418
1822
1734
2310
1720
1726
2036
2100
2292
1948
2048
1872
1590
1828
2018
2002
1880
1896
2020
2004
1858
1854
1896
1886
1966
1946
1752
1902
2178
1924
1606
1870
2330
2112
1848
2030
1822
1918
2098
2092
2060
2174
1758
1862
1912
2110
1632
2200
1980
1938
2118
1708
2106
1978
1788
1962
1696
2210
2116
1862
1884
2358
1968
2068
2162
1954
1902
1878
1942
2080
1798
1800
1704
1868
1978
2008
2032
2080
1984
1796
1786
2134
1766
1974
2074
1790
2072
1886
1802
1932
1918
1938
1878
1878
1764
2434
1970
1620
1900
2172
1906
1826
2206
2088
1848
1996
1654
1596
2026
1780
1760
1872
1926
1822
1970
2050
2042
1896
2290
2000
1812
1930
1926
2118
1802
2190
1698
1950
1848
1830
2118
1768
1902
1816
1934
1832
2044
2196
1930
2216
1822
2104
1958
1738
2170
1948
1720
2058
1674
1806
2082
;
HBBS sumD : 1582
BEST_CONFIGURATIONS : 
0 0 0 0 
0 4 0 0 
0 4 26 0 
0 4 26 1 
0 22 26 1 
0 22 5 1 
4 22 5 1 
4 22 5 1 
26 22 5 1 
26 22 5 1 
26 22 5 1 
26 22 5 1 
26 22 5 1 
26 22 5 1 
26 22 5 27 
26 22 5 27 
4 22 5 27 
4 26 5 27 
4 26 5 9 
8 26 5 9 
8 26 26 9 
8 26 26 9 
8 26 4 9 
8 22 4 9 
8 22 4 9 
13 22 4 9 
13 22 4 14 
13 8 4 14 
13 8 4 14 
17 8 4 14 
17 8 4 25 
17 13 4 25 
17 13 4 25 
17 13 25 25 
18 13 25 25 
18 13 25 25 
18 17 25 14 
18 17 18 14 
18 17 25 15 
14 25 25 15 
9 15 25 15 
9 15 25 14 
9 15 18 14 
9 15 18 14 
9 15 18 14 
9 15 18 14 
9 10 18 14 
10 10 18 14 
10 10 19 14 
10 10 19 14 
10 24 19 14 
10 24 19 14 
19 24 19 18 
19 24 19 14 
19 24 19 15 
19 15 19 15 
19 15 20 15 
19 15 20 15 
20 15 23 15 
20 10 23 15 
20 10 16 15 
23 10 16 15 
23 6 16 9 
23 6 12 9 
16 6 12 9 
16 6 12 11 
16 6 12 11 
16 6 7 11 
16 6 7 11 
16 3 7 11 
12 3 7 11 
12 3 21 11 
12 3 21 11 
12 3 21 6 
7 3 21 6 
7 3 21 24 
7 3 21 24 
2 3 21 24 
2 3 6 24 
2 3 6 24 
2 3 6 10 
2 3 2 10 
2 6 2 10 
2 11 2 10 
2 11 2 24 
2 11 2 24 
2 11 27 24 
2 11 27 6 
2 11 27 6 
2 11 1 6 
2 11 1 6 
15 11 1 6 
15 9 1 6 
15 9 27 6 
15 9 27 24 
15 9 27 10 
15 1 27 10 
15 11 27 20 
0 0 0 0 
;
ROBOT MOVING BEST:
0 0 0 0 
1 1 0 0 
1 0 1 0 
1 0 0 1 
1 1 0 0 
1 0 1 0 
1 0 0 1 
1 1 0 0 
1 0 0 1 
0 1 0 1 
1 1 0 0 
0 0 1 1 
1 0 1 0 
0 1 1 0 
1 0 0 1 
0 0 1 1 
1 0 1 0 
1 1 0 0 
0 0 1 1 
1 0 1 0 
0 0 1 1 
1 0 1 0 
1 0 1 0 
0 1 0 1 
1 1 0 0 
1 1 0 0 
0 1 0 1 
1 1 0 0 
1 0 0 1 
1 1 0 0 
0 1 0 1 
1 1 0 0 
0 1 0 1 
1 0 1 0 
1 1 0 0 
1 0 0 1 
0 1 0 1 
0 1 1 0 
0 0 1 1 
1 1 0 0 
1 1 0 0 
1 0 0 1 
1 0 1 0 
0 1 0 1 
0 1 1 0 
0 0 1 1 
1 1 0 0 
1 0 1 0 
1 0 1 0 
1 0 0 1 
0 1 0 1 
1 1 0 0 
1 0 0 1 
0 0 1 1 
0 1 0 1 
0 1 1 0 
0 0 1 1 
1 0 1 0 
1 0 1 0 
0 1 0 1 
1 0 1 0 
1 0 1 0 
0 1 0 1 
1 0 1 0 
1 0 1 0 
0 0 1 1 
1 0 0 1 
0 1 1 0 
0 0 1 1 
0 1 1 0 
1 0 1 0 
1 0 1 0 
0 0 1 1 
0 0 1 1 
1 0 1 0 
0 0 1 1 
0 1 1 0 
1 0 1 0 
0 1 1 0 
0 0 1 1 
0 0 1 1 
0 1 1 0 
0 1 1 0 
0 1 0 1 
0 0 1 1 
0 1 0 1 
0 0 1 1 
0 0 1 1 
1 0 1 0 
1 0 1 0 
0 1 0 1 
1 1 0 0 
0 1 1 0 
0 1 1 0 
0 1 0 1 
0 0 1 1 
0 1 1 0 
0 1 0 1 
1 1 1 1 
;
TIMETABLE BEST: 
0.0 0.0 0.0 0.0 
0 14 0 0 
0 14 17 0 
0 14 17 18 
0 26 17 18 
0 26 26 18 
14 26 26 18 
14 26 26 18 
25 26 26 18 
25 26 26 18 
25 26 26 18 
25 26 26 18 
25 26 26 18 
25 26 26 18 
25 26 26 33 
25 26 26 33 
36 26 26 33 
36 37 26 33 
36 37 26 48 
50 37 26 48 
50 37 35 48 
50 37 35 48 
50 37 46 48 
50 48 46 48 
50 48 46 48 
63 48 46 48 
63 48 46 64 
63 60 46 64 
63 60 46 64 
74 60 46 64 
74 60 46 80 
74 73 46 80 
74 73 46 80 
74 73 86 80 
91 73 86 80 
91 73 86 80 
91 84 86 96 
91 84 99 96 
91 84 112 109 
102 96 112 109 
118 119 112 109 
118 119 112 122 
118 119 125 122 
118 119 125 122 
118 119 125 122 
118 119 125 122 
118 130 125 122 
132 130 125 122 
132 130 145 122 
132 130 145 122 
132 143 145 122 
132 143 145 122 
163 143 145 133 
163 143 145 144 
163 143 145 157 
163 167 145 157 
163 167 158 157 
163 167 158 157 
176 167 168 157 
176 178 168 157 
176 178 179 157 
186 178 179 157 
186 204 179 178 
186 204 190 178 
197 204 190 178 
197 204 190 203 
197 204 190 203 
197 204 208 203 
197 204 208 203 
197 228 208 203 
208 228 208 203 
208 228 220 203 
208 228 220 203 
208 228 220 220 
226 228 220 220 
226 228 220 233 
226 228 220 233 
264 228 220 233 
264 228 232 233 
264 228 232 233 
264 228 232 246 
264 228 250 246 
264 252 250 246 
264 269 250 246 
264 269 250 259 
264 269 250 259 
264 269 269 259 
264 269 269 272 
264 269 269 272 
264 269 284 272 
264 269 284 272 
307 269 284 272 
307 294 284 272 
307 294 299 272 
307 294 299 285 
307 294 299 298 
307 322 299 298 
307 375 299 334 
374.0 446.0 332.0 430.0 
;
EXECUTION TIME HBSS: 131.25026989 seconds 

-------------------------------------------------------------------
