DATFILE : bwopen0_6r_250.dat
ENVIRONMENT : bwopen
ALGORITHM : HBSS - TAU 9
RANGE : 250
STARTING_POS : 0
N_ROBOTS : 6
GREEDY SOLUTION : 380.0
COMPUTATIONS T :
380.0
380.0
380.0
380.0
380.0
380.0
380.0
380.0
380.0
380.0
380.0
380.0
380.0
380.0
380.0
397.0
380.0
380.0
380.0
380.0
380.0
380.0
379.0
380.0
380.0
380.0
375.0
380.0
381.0
380.0
380.0
380.0
380.0
380.0
380.0
380.0
380.0
380.0
392.0
380.0
380.0
413.0
380.0
380.0
380.0
380.0
380.0
380.0
380.0
380.0
380.0
380.0
380.0
380.0
340.0
380.0
380.0
413.0
389.0
380.0
380.0
385.0
380.0
380.0
380.0
380.0
380.0
380.0
380.0
380.0
380.0
380.0
380.0
380.0
367.0
379.0
380.0
380.0
380.0
380.0
380.0
380.0
380.0
380.0
389.0
381.0
380.0
380.0
380.0
380.0
380.0
380.0
380.0
380.0
380.0
407.0
380.0
380.0
380.0
380.0
380.0
380.0
411.0
380.0
380.0
380.0
380.0
380.0
384.0
380.0
380.0
380.0
380.0
380.0
380.0
380.0
380.0
380.0
380.0
380.0
380.0
380.0
380.0
380.0
380.0
380.0
380.0
380.0
380.0
380.0
380.0
380.0
380.0
380.0
380.0
380.0
380.0
380.0
380.0
380.0
380.0
380.0
380.0
380.0
380.0
380.0
380.0
380.0
380.0
380.0
380.0
380.0
380.0
380.0
380.0
380.0
380.0
380.0
380.0
380.0
380.0
380.0
380.0
380.0
380.0
380.0
380.0
380.0
380.0
380.0
380.0
380.0
380.0
380.0
380.0
380.0
380.0
380.0
380.0
380.0
380.0
380.0
380.0
380.0
380.0
380.0
398.0
380.0
380.0
380.0
380.0
420.0
380.0
380.0
380.0
380.0
380.0
380.0
380.0
380.0
;
HBBS bestT : 340.0
BEST_CONFIGURATIONS : 
0 0 0 0 0 0 
0 4 0 0 0 0 
0 4 26 0 0 0 
0 4 26 0 0 0 
0 4 26 1 0 0 
0 4 26 1 0 0 
0 4 26 1 0 0 
0 4 26 1 5 0 
0 4 26 1 5 22 
0 4 26 1 5 22 
0 4 26 1 5 22 
0 4 26 1 5 22 
0 4 26 1 5 22 
0 4 26 1 5 22 
0 4 26 1 5 22 
0 4 26 1 5 22 
0 4 26 1 5 8 
0 4 5 1 5 8 
0 4 5 1 22 8 
0 4 5 27 22 8 
26 4 5 27 22 8 
26 4 5 27 22 8 
22 4 5 27 22 13 
22 8 5 27 22 13 
22 8 5 9 22 13 
22 8 5 9 22 13 
22 8 5 9 26 13 
22 8 5 9 26 17 
22 8 5 14 26 17 
22 8 5 14 26 17 
22 8 27 14 1 17 
22 13 27 14 1 17 
22 13 27 14 1 17 
22 13 27 18 1 17 
22 13 27 18 1 17 
22 13 9 18 1 17 
22 13 9 18 1 17 
8 13 9 18 1 25 
8 13 9 18 1 25 
8 13 9 18 1 25 
8 13 10 18 1 25 
8 13 10 18 27 25 
8 17 10 18 27 25 
8 17 10 14 27 25 
8 17 10 14 27 25 
8 17 10 14 9 25 
8 17 10 14 9 25 
8 18 10 14 9 25 
14 18 15 14 9 25 
14 18 15 14 9 25 
14 18 15 14 9 25 
14 18 15 14 9 25 
14 18 10 15 9 25 
14 18 10 15 24 25 
14 18 10 15 24 25 
14 18 10 15 24 25 
14 19 10 15 24 25 
14 19 10 15 24 25 
14 19 10 15 24 25 
14 19 10 15 24 18 
14 19 10 15 6 18 
15 20 10 15 6 18 
15 20 10 15 6 19 
15 20 24 9 6 19 
15 20 24 9 6 19 
15 20 24 9 6 19 
15 23 24 9 6 20 
15 23 24 9 21 20 
9 23 24 27 21 20 
9 23 24 27 21 20 
9 16 24 27 21 20 
9 16 24 27 6 20 
10 16 11 27 6 20 
10 16 11 27 6 20 
10 16 11 27 6 23 
10 16 11 27 6 23 
10 16 11 27 6 20 
10 16 11 2 6 20 
15 16 11 2 6 20 
15 12 11 2 6 20 
15 12 11 2 6 23 
15 12 11 2 21 23 
15 12 11 2 21 23 
15 12 11 2 21 23 
15 12 11 2 21 16 
15 12 11 2 7 16 
15 12 11 2 7 16 
24 12 11 2 7 16 
24 12 11 2 7 16 
6 12 11 2 7 16 
6 7 21 2 7 16 
6 7 21 2 7 16 
6 7 21 3 7 16 
6 7 21 3 7 16 
6 7 21 3 7 16 
2 3 21 3 7 16 
27 3 2 3 7 16 
27 3 2 1 2 16 
0 0 0 0 0 0 
;
ROBOT MOVING BEST:
0 0 0 0 0 0 
1 1 0 0 0 0 
1 0 1 0 0 0 
0 1 1 0 0 0 
1 0 0 1 0 0 
0 1 0 1 0 0 
0 0 1 1 0 0 
1 0 0 0 1 0 
1 0 0 0 0 1 
0 1 0 0 1 0 
0 1 0 0 0 1 
0 0 1 0 1 0 
0 0 1 0 0 1 
0 0 0 1 1 0 
0 0 0 1 0 1 
0 0 0 0 1 1 
0 1 0 0 0 1 
0 0 1 0 0 1 
0 0 0 0 1 1 
0 0 1 1 0 0 
1 0 0 1 0 0 
1 0 0 0 0 1 
1 0 0 0 0 1 
0 1 0 0 0 1 
1 0 0 1 0 0 
0 0 1 1 0 0 
0 0 0 1 1 0 
0 1 0 0 0 1 
1 0 0 1 0 0 
0 0 0 1 0 1 
0 0 1 0 1 0 
0 1 0 1 0 0 
0 1 0 0 0 1 
0 1 0 1 0 0 
0 0 0 1 0 1 
0 0 1 1 0 0 
0 0 1 0 1 0 
1 0 0 0 0 1 
0 1 0 0 0 1 
0 0 0 1 0 1 
0 0 1 1 0 0 
0 0 1 0 1 0 
0 1 0 0 0 1 
0 0 1 1 0 0 
0 0 0 1 0 1 
0 0 1 0 1 0 
0 0 0 1 1 0 
0 1 0 1 0 0 
1 0 1 0 0 0 
0 1 1 0 0 0 
0 0 1 0 1 0 
0 0 1 0 0 1 
0 0 1 1 0 0 
1 0 0 0 1 0 
0 0 1 0 1 0 
0 0 0 1 1 0 
1 1 0 0 0 0 
0 1 1 0 0 0 
0 1 0 1 0 0 
0 1 0 0 0 1 
0 0 1 0 1 0 
1 1 0 0 0 0 
0 1 0 0 0 1 
0 0 1 1 0 0 
0 0 1 0 1 0 
0 0 0 1 1 0 
0 1 0 0 0 1 
0 0 1 0 1 0 
1 0 0 1 0 0 
0 0 1 1 0 0 
0 1 0 0 0 1 
0 0 0 1 1 0 
1 0 1 0 0 0 
0 1 1 0 0 0 
0 1 0 0 0 1 
0 0 1 0 1 0 
0 0 1 0 0 1 
0 0 0 1 1 0 
1 0 1 0 0 0 
0 1 1 0 0 0 
0 1 0 0 0 1 
0 1 0 0 1 0 
0 0 1 0 1 0 
0 0 0 1 1 0 
0 1 0 0 0 1 
0 1 0 0 1 0 
0 0 1 0 1 0 
1 0 1 0 0 0 
1 0 0 1 0 0 
1 0 0 0 1 0 
0 1 1 0 0 0 
1 0 1 0 0 0 
1 0 0 1 0 0 
0 1 0 1 0 0 
0 0 1 1 0 0 
1 1 0 0 0 0 
1 0 1 0 0 0 
0 0 0 1 1 0 
1 1 1 1 1 1 
;
TIMETABLE BEST: 
0.0 0.0 0.0 0.0 0.0 0.0 
14 14 0 0 0 0 
17 14 17 0 0 0 
17 17 17 0 0 0 
18 17 17 18 0 0 
18 18 17 18 0 0 
18 18 18 18 0 0 
24 18 18 18 24 0 
24 18 18 18 24 24 
24 24 18 18 24 24 
24 24 18 18 24 24 
24 24 24 18 24 24 
24 24 24 18 24 24 
24 24 24 24 24 24 
24 24 24 24 24 24 
24 24 24 24 24 24 
24 36 24 24 24 36 
24 36 36 24 24 36 
24 36 36 24 36 36 
24 36 39 39 36 36 
41 36 39 41 36 36 
41 36 39 41 36 41 
54 36 39 41 36 54 
54 54 39 41 36 54 
56 54 39 56 36 54 
56 54 56 56 36 54 
56 54 56 56 56 54 
56 65 56 56 56 65 
72 65 56 72 56 65 
72 65 56 72 56 72 
72 65 77 72 77 72 
72 78 77 78 77 72 
72 78 77 78 77 78 
72 89 77 89 77 78 
72 89 77 89 77 89 
72 89 92 92 77 89 
72 89 92 92 92 89 
101 89 92 92 92 101 
101 101 92 92 92 101 
101 101 92 101 92 101 
101 101 106 106 92 101 
101 101 107 106 107 101 
101 112 107 106 107 112 
101 112 117 117 107 112 
101 112 117 117 107 117 
101 112 122 117 122 117 
101 112 122 122 122 117 
101 129 122 129 122 117 
133 129 133 129 122 117 
133 133 133 129 122 117 
133 133 133 129 133 117 
133 133 133 129 133 133 
133 133 144 144 133 133 
148 133 144 144 148 133 
148 133 148 144 148 133 
148 133 148 148 148 133 
153 153 148 148 148 133 
153 153 153 148 148 133 
153 153 153 153 148 133 
153 153 153 153 148 153 
153 153 161 153 161 153 
166 166 161 153 161 153 
166 173 161 153 161 173 
166 173 174 174 161 173 
166 173 174 174 174 173 
166 173 174 174 174 173 
166 186 174 174 174 186 
166 186 186 174 186 186 
189 186 186 189 186 186 
189 186 189 189 186 186 
189 197 189 189 186 197 
189 197 189 198 198 197 
207 197 207 198 198 197 
207 207 207 198 198 197 
207 207 207 198 198 207 
207 207 207 198 207 207 
207 207 217 198 207 217 
207 207 217 217 217 217 
218 207 218 217 217 217 
218 218 218 217 217 217 
218 227 218 217 217 227 
218 229 218 217 229 227 
218 229 229 217 229 227 
218 229 229 229 229 227 
218 238 229 229 229 238 
218 241 229 229 241 238 
218 241 241 229 241 238 
242 241 242 229 241 238 
242 241 242 242 241 238 
255 241 242 242 255 238 
255 261 261 242 255 238 
261 261 261 242 255 238 
264 261 261 264 255 238 
264 264 261 264 255 238 
264 264 264 264 255 238 
282 282 264 264 255 238 
301 282 301 264 255 238 
301 282 301 304 304 238 
334.0 340.0 337.0 322.0 340.0 339.0 
;
EXECUTION TIME HBSS: 324.603199005 seconds 

-------------------------------------------------------------------
