DATFILE : bwopen0_6r_250.dat
ENVIRONMENT : bwopen
ALGORITHM : HBSS - TAU 2
RANGE : 250
STARTING_POS : 0
N_ROBOTS : 6
GREEDY SOLUTION : 380.0
COMPUTATIONS T :
466.0
431.0
500.0
451.0
438.0
415.0
371.0
407.0
454.0
429.0
432.0
443.0
430.0
455.0
390.0
465.0
440.0
443.0
416.0
473.0
453.0
492.0
471.0
450.0
446.0
436.0
492.0
391.0
472.0
381.0
409.0
439.0
473.0
431.0
448.0
386.0
487.0
408.0
426.0
450.0
446.0
408.0
414.0
454.0
499.0
463.0
431.0
455.0
422.0
423.0
420.0
434.0
454.0
445.0
406.0
415.0
475.0
452.0
464.0
447.0
469.0
454.0
450.0
445.0
477.0
471.0
440.0
454.0
456.0
488.0
491.0
475.0
422.0
440.0
417.0
417.0
457.0
452.0
484.0
444.0
442.0
487.0
428.0
479.0
455.0
491.0
419.0
424.0
419.0
426.0
484.0
475.0
387.0
432.0
432.0
466.0
438.0
438.0
443.0
460.0
428.0
416.0
435.0
382.0
405.0
461.0
447.0
491.0
431.0
400.0
497.0
451.0
411.0
459.0
440.0
445.0
421.0
433.0
425.0
392.0
433.0
413.0
440.0
457.0
398.0
432.0
385.0
439.0
487.0
455.0
423.0
428.0
459.0
362.0
468.0
470.0
456.0
521.0
406.0
470.0
450.0
470.0
434.0
497.0
451.0
440.0
441.0
437.0
478.0
466.0
461.0
438.0
430.0
462.0
465.0
414.0
454.0
452.0
509.0
448.0
439.0
458.0
403.0
431.0
437.0
477.0
468.0
476.0
461.0
389.0
485.0
480.0
426.0
453.0
431.0
531.0
435.0
449.0
443.0
462.0
449.0
437.0
452.0
447.0
460.0
435.0
446.0
436.0
421.0
431.0
479.0
475.0
462.0
428.0
452.0
446.0
496.0
451.0
444.0
440.0
;
HBBS bestT : 362.0
BEST_CONFIGURATIONS : 
0 0 0 0 0 0 
0 0 0 0 4 0 
0 0 0 26 4 0 
0 4 26 26 4 0 
0 4 26 26 4 1 
0 4 26 26 4 1 
0 4 26 26 4 1 
0 4 26 5 4 1 
0 4 26 5 4 1 
0 4 26 5 4 1 
0 4 26 5 22 1 
0 4 26 5 22 1 
0 4 26 5 22 1 
0 4 26 5 22 1 
0 4 26 5 22 1 
0 4 26 5 22 1 
0 4 26 5 8 1 
0 4 22 5 8 1 
0 4 22 5 8 1 
0 4 22 5 8 27 
26 4 22 5 8 27 
26 4 22 5 8 27 
26 8 22 5 13 27 
26 8 5 5 13 9 
22 8 5 5 13 9 
22 8 5 22 13 9 
22 8 5 22 17 9 
22 8 26 22 17 9 
22 8 26 13 17 9 
22 13 26 13 17 14 
9 13 26 13 17 14 
9 13 22 13 17 14 
9 13 22 17 25 14 
9 13 22 17 25 14 
9 13 22 17 25 14 
9 13 22 17 25 18 
9 13 22 13 25 18 
9 13 8 13 25 18 
9 17 8 13 25 18 
9 17 8 13 18 14 
9 25 8 13 18 14 
9 25 8 13 18 14 
10 25 8 13 18 14 
10 25 8 13 18 14 
15 18 8 13 18 14 
15 18 25 13 18 14 
15 18 25 13 15 9 
15 18 25 14 15 9 
10 18 25 14 15 9 
10 18 25 14 15 9 
10 19 25 14 15 9 
10 19 25 18 15 9 
10 19 25 18 15 9 
10 19 14 18 15 9 
10 19 14 18 15 24 
10 19 14 18 15 24 
10 20 14 18 15 24 
24 20 15 18 15 24 
24 20 15 19 15 24 
24 20 15 19 15 11 
6 20 10 19 15 11 
6 20 10 19 10 11 
6 23 10 20 10 11 
6 23 10 20 10 11 
6 23 10 20 15 11 
21 23 10 20 15 11 
21 23 24 20 15 11 
21 16 24 20 15 11 
21 16 24 20 15 11 
21 16 24 20 15 11 
21 12 24 20 15 11 
21 12 24 23 15 11 
21 12 24 23 15 11 
21 12 24 23 9 11 
21 12 24 16 9 11 
7 12 24 16 9 11 
7 12 6 16 9 11 
7 12 6 16 9 11 
7 12 6 16 9 11 
7 16 6 23 9 11 
7 16 6 23 27 11 
3 16 6 23 27 6 
7 16 21 23 27 6 
7 16 21 23 27 6 
7 16 21 23 2 6 
7 16 21 23 2 6 
7 16 3 23 2 6 
7 16 3 23 2 6 
7 16 3 23 2 21 
7 24 3 23 2 21 
7 24 3 23 2 6 
10 24 27 23 2 6 
10 2 27 23 27 6 
10 2 27 9 27 6 
10 2 27 9 27 24 
10 2 27 9 1 24 
10 2 27 9 1 24 
10 2 27 9 1 24 
0 0 0 0 0 0 
;
ROBOT MOVING BEST:
0 0 0 0 0 0 
1 0 0 0 1 0 
1 0 0 1 0 0 
0 1 1 0 0 0 
1 0 0 0 0 1 
0 1 0 0 0 1 
0 0 1 0 0 1 
1 0 0 1 0 0 
0 1 0 1 0 0 
0 0 1 1 0 0 
0 1 0 0 1 0 
0 0 1 0 1 0 
1 0 0 0 1 0 
0 0 0 0 1 1 
0 0 0 1 1 0 
0 0 0 1 0 1 
0 1 0 0 1 0 
0 0 1 0 1 0 
0 0 0 1 1 0 
0 0 0 1 0 1 
1 0 0 0 1 0 
1 0 0 0 0 1 
0 1 0 0 1 0 
0 0 1 0 0 1 
1 0 0 0 0 1 
0 0 0 1 1 0 
0 1 0 0 1 0 
0 0 1 0 0 1 
0 0 0 1 1 0 
0 1 0 0 0 1 
1 0 0 0 0 1 
0 0 1 0 0 1 
0 0 0 1 1 0 
0 1 0 0 1 0 
0 0 0 1 0 1 
1 0 0 0 0 1 
0 0 0 1 0 1 
0 0 1 0 1 0 
0 1 0 0 0 1 
0 0 0 0 1 1 
0 1 0 0 1 0 
0 1 0 0 0 1 
1 0 0 0 1 0 
1 0 0 0 0 1 
1 1 0 0 0 0 
1 0 1 0 0 0 
0 0 0 0 1 1 
1 0 0 1 0 0 
1 0 0 0 1 0 
1 0 0 0 0 1 
1 1 0 0 0 0 
0 1 0 1 0 0 
0 1 0 0 1 0 
0 1 1 0 0 0 
0 0 1 0 0 1 
1 0 0 0 0 1 
0 1 0 0 1 0 
1 0 1 0 0 0 
0 1 0 1 0 0 
0 1 0 0 0 1 
1 0 1 0 0 0 
0 0 0 0 1 1 
0 1 0 1 0 0 
1 0 0 0 0 1 
0 0 0 0 1 1 
1 0 0 0 0 1 
1 0 1 0 0 0 
0 1 0 1 0 0 
0 1 0 0 0 1 
0 0 1 0 0 1 
1 1 0 0 0 0 
0 1 0 1 0 0 
0 1 0 0 0 1 
0 0 1 0 1 0 
0 1 0 1 0 0 
1 1 0 0 0 0 
1 0 1 0 0 0 
1 0 0 0 0 1 
0 0 1 0 1 0 
0 1 0 1 0 0 
0 0 1 0 1 0 
1 0 0 0 0 1 
1 0 1 0 0 0 
0 0 1 0 0 1 
0 0 1 0 1 0 
0 0 0 0 1 1 
1 0 1 0 0 0 
0 0 1 0 1 0 
0 0 1 0 0 1 
0 1 0 0 1 0 
0 1 0 0 0 1 
1 0 1 0 0 0 
0 1 0 0 1 0 
0 0 0 1 1 0 
0 0 0 0 1 1 
0 1 0 0 1 0 
0 0 1 0 1 0 
0 0 0 1 1 0 
1 1 1 1 1 1 
;
TIMETABLE BEST: 
0.0 0.0 0.0 0.0 0.0 0.0 
14 0 0 0 14 0 
17 0 0 17 14 0 
17 17 17 17 14 0 
18 17 17 17 14 18 
18 18 17 17 14 18 
18 18 18 17 14 18 
26 18 18 26 14 18 
26 26 18 26 14 18 
26 26 26 26 14 18 
26 26 26 26 26 18 
26 26 26 26 26 18 
26 26 26 26 26 18 
26 26 26 26 26 26 
26 26 26 26 26 26 
26 26 26 26 26 26 
26 38 26 26 38 26 
26 38 38 26 38 26 
26 38 38 38 38 26 
26 38 38 41 38 41 
43 38 38 41 43 41 
43 38 38 41 43 43 
43 56 38 41 56 43 
43 56 58 41 56 58 
58 56 58 41 56 58 
58 56 58 56 56 58 
58 67 58 56 67 58 
58 67 67 56 67 67 
58 67 67 75 75 67 
58 83 67 75 75 83 
83 83 67 75 75 83 
83 83 83 75 75 83 
83 83 83 87 87 83 
83 87 83 87 87 83 
83 87 83 87 87 87 
98 87 83 87 87 98 
98 87 83 98 87 98 
98 87 95 98 95 98 
98 98 95 98 95 98 
98 98 95 98 109 109 
98 110 95 98 110 109 
98 110 95 98 110 110 
112 110 95 98 112 110 
112 110 95 98 112 112 
123 123 95 98 112 112 
123 123 123 98 112 112 
123 123 123 98 130 130 
123 123 123 123 130 130 
134 123 123 123 134 130 
134 123 123 123 134 134 
143 143 123 123 134 134 
143 143 123 143 134 134 
143 143 123 143 143 134 
143 143 143 143 143 134 
143 143 149 143 143 149 
149 143 149 143 143 149 
149 156 149 143 156 149 
162 156 162 143 156 149 
162 163 162 163 156 149 
162 167 162 163 156 167 
175 167 175 163 156 167 
175 167 175 163 167 167 
175 177 175 177 167 167 
175 177 175 177 167 175 
175 177 175 177 178 178 
187 177 175 177 178 187 
188 177 188 177 178 187 
188 188 188 188 178 187 
188 188 188 188 178 188 
188 188 188 188 178 188 
199 199 188 188 178 188 
199 199 188 199 178 188 
199 199 188 199 178 199 
199 199 199 199 199 199 
199 210 199 210 199 199 
211 211 199 210 199 199 
212 211 212 210 199 199 
212 211 212 210 199 212 
212 211 212 210 212 212 
212 222 212 222 212 212 
212 222 227 222 227 212 
229 222 227 222 227 229 
245 222 245 222 227 229 
245 222 245 222 227 245 
245 222 246 222 246 245 
245 222 246 222 246 246 
258 222 258 222 246 246 
258 222 258 222 258 246 
258 222 258 222 258 258 
258 270 258 222 270 258 
258 270 258 222 270 270 
302 270 302 222 270 270 
302 289 302 222 289 270 
302 289 302 289 289 270 
302 289 302 289 289 289 
302 304 302 289 304 289 
302 304 304 289 304 289 
302 304 304 304 304 289 
362.0 340.0 337.0 350.0 322.0 344.0 
;
EXECUTION TIME HBSS: 309.09507513 seconds 

-------------------------------------------------------------------
