DATFILE : offices1_3r_1000.dat
ENVIRONMENT : office
ALGORITHM : HBSS - TAU 5
RANGE : 1000
STARTING_POS : 42
N_ROBOTS : 3
GREEDY SOLUTION : 4909.0
COMPUTATIONS T :
4865.0
4911.0
5024.0
5031.0
4924.0
5074.0
5072.0
5096.0
4875.0
4858.0
4864.0
4956.0
5050.0
4910.0
4960.0
5085.0
5037.0
4901.0
5035.0
4884.0
4982.0
5044.0
5138.0
5040.0
5041.0
4839.0
4992.0
4950.0
4881.0
5089.0
5039.0
5133.0
4933.0
5024.0
4906.0
4984.0
4860.0
4944.0
5047.0
4906.0
4930.0
4959.0
4817.0
4914.0
5016.0
5011.0
4955.0
5014.0
4981.0
4919.0
4987.0
5044.0
5052.0
4921.0
5013.0
5001.0
5034.0
4960.0
4975.0
5115.0
4904.0
4784.0
5093.0
5018.0
4853.0
4919.0
5068.0
4956.0
4905.0
4929.0
4968.0
5026.0
5033.0
4945.0
5083.0
4927.0
5000.0
5156.0
4902.0
4978.0
4945.0
4912.0
4986.0
5050.0
4982.0
5047.0
4995.0
4914.0
4966.0
4890.0
5044.0
4934.0
4896.0
4958.0
4945.0
5143.0
5011.0
5017.0
4880.0
4849.0
4965.0
5089.0
4928.0
4987.0
5022.0
4792.0
4958.0
5004.0
5059.0
4999.0
4999.0
5009.0
5008.0
4964.0
5008.0
4996.0
5040.0
4884.0
4895.0
4917.0
4942.0
5042.0
4972.0
5001.0
4900.0
4968.0
4948.0
5111.0
4893.0
4972.0
4975.0
4984.0
4962.0
5017.0
5087.0
4951.0
5094.0
4995.0
4979.0
4950.0
5024.0
4924.0
4986.0
4961.0
4898.0
5066.0
4865.0
4996.0
4920.0
5006.0
4951.0
5135.0
4970.0
4852.0
4943.0
4907.0
5112.0
5003.0
4856.0
4818.0
5097.0
5088.0
4967.0
4984.0
4925.0
5134.0
4956.0
5015.0
5004.0
5056.0
4990.0
4918.0
4992.0
5020.0
4838.0
4889.0
5080.0
4934.0
4899.0
4866.0
4929.0
4926.0
4976.0
4966.0
4945.0
5010.0
4946.0
4993.0
4798.0
5005.0
4972.0
5207.0
4975.0
5100.0
4906.0
4857.0
4944.0
4907.0
5031.0
5041.0
;
HBBS bestT : 4784.0
BEST_CONFIGURATIONS : 
42 42 42 
41 42 42 
36 42 42 
36 42 5 
36 42 5 
36 42 24 
36 42 24 
36 42 4 
36 42 4 
41 42 4 
41 42 24 
41 5 24 
41 5 24 
41 5 4 
40 5 4 
40 5 4 
40 5 24 
40 24 4 
39 24 4 
39 24 4 
26 4 4 
26 4 24 
27 4 24 
27 4 24 
32 4 24 
32 4 24 
27 4 5 
27 3 5 
27 3 5 
32 3 5 
32 3 5 
32 3 24 
33 3 24 
33 3 24 
33 3 4 
33 3 4 
34 3 4 
34 3 4 
34 3 24 
34 23 24 
34 23 24 
34 2 24 
34 2 4 
34 2 24 
35 2 24 
35 2 24 
35 23 24 
35 23 4 
35 23 4 
34 26 4 
34 26 3 
35 26 3 
35 26 3 
35 27 3 
35 32 3 
35 32 23 
35 27 23 
34 27 23 
34 27 2 
33 27 2 
33 27 2 
33 32 2 
33 32 2 
33 32 23 
33 26 23 
33 26 23 
33 26 2 
32 26 2 
27 26 2 
31 26 2 
31 26 1 
31 26 1 
31 27 1 
31 27 1 
31 32 1 
31 32 1 
27 32 1 
26 32 0 
26 27 0 
26 32 0 
38 32 0 
38 32 0 
38 27 0 
38 27 25 
38 27 25 
38 26 25 
38 26 25 
38 23 25 
38 23 25 
38 2 25 
38 2 25 
37 2 25 
37 2 25 
43 2 25 
43 2 25 
37 23 25 
37 23 0 
37 23 0 
43 23 0 
43 23 0 
43 2 0 
25 2 0 
0 3 0 
0 3 25 
0 3 43 
1 3 43 
1 3 43 
1 3 37 
1 3 37 
1 3 38 
1 3 38 
23 3 38 
23 3 39 
23 3 39 
2 3 39 
2 3 39 
2 3 23 
2 3 1 
2 4 1 
23 4 1 
23 24 1 
2 5 1 
2 5 23 
2 5 26 
1 5 26 
1 5 39 
1 5 39 
1 5 40 
1 41 40 
1 41 40 
1 36 40 
1 36 40 
1 35 40 
1 35 40 
1 34 40 
1 34 40 
1 33 40 
1 33 39 
1 32 39 
0 32 39 
0 27 39 
0 31 39 
0 31 39 
0 30 39 
0 30 26 
0 30 27 
25 30 27 
25 30 32 
25 30 32 
25 29 32 
25 29 27 
25 29 32 
0 29 32 
0 29 33 
0 29 33 
0 30 33 
25 30 33 
25 31 33 
25 31 33 
25 31 34 
25 30 34 
25 30 35 
25 29 35 
25 29 34 
0 29 34 
0 28 34 
0 28 34 
0 28 35 
0 28 35 
0 17 35 
0 17 36 
0 17 36 
0 17 41 
0 17 41 
25 17 41 
25 17 36 
25 17 41 
25 28 41 
25 28 41 
25 28 36 
43 28 36 
43 28 36 
37 28 36 
37 28 36 
38 28 36 
38 28 36 
26 28 36 
26 28 36 
27 28 36 
27 28 36 
32 28 36 
32 28 36 
33 28 36 
33 28 36 
32 28 41 
32 29 41 
27 29 41 
27 30 41 
31 30 41 
31 30 41 
30 29 41 
30 29 36 
30 29 36 
31 29 36 
31 29 36 
30 28 36 
30 28 35 
29 28 35 
28 17 35 
28 17 32 
28 17 27 
29 17 27 
29 17 26 
29 17 26 
30 17 26 
30 17 23 
30 17 23 
30 17 2 
30 17 2 
31 17 2 
31 17 2 
31 17 23 
31 28 23 
31 28 23 
31 28 2 
29 28 2 
29 28 23 
29 19 23 
29 19 23 
29 19 2 
30 19 2 
31 19 2 
31 19 3 
31 19 3 
27 19 3 
32 19 3 
32 19 24 
32 19 5 
33 19 5 
33 19 5 
34 19 5 
34 19 5 
35 19 5 
35 19 5 
34 17 5 
34 17 5 
35 17 5 
35 17 24 
35 17 4 
33 17 4 
33 17 3 
33 28 3 
30 28 3 
30 29 3 
28 29 24 
28 29 24 
28 29 4 
28 29 4 
28 30 4 
43 30 4 
43 30 4 
37 30 4 
37 30 4 
37 30 24 
37 30 24 
43 30 24 
43 29 24 
37 29 24 
37 29 5 
37 29 5 
43 29 5 
43 30 5 
37 31 5 
37 31 5 
43 31 5 
43 31 24 
37 27 24 
43 27 24 
43 27 41 
43 32 41 
37 32 41 
37 32 41 
37 33 41 
37 33 41 
43 33 41 
43 33 42 
43 33 42 
37 33 42 
37 34 42 
37 34 42 
37 35 42 
37 35 42 
43 35 42 
43 35 41 
43 34 41 
43 34 41 
43 34 36 
38 34 36 
38 34 41 
38 35 41 
38 35 36 
39 34 36 
39 34 36 
39 35 36 
39 35 41 
26 35 41 
26 36 41 
23 36 41 
23 36 41 
2 36 41 
2 36 41 
2 36 42 
2 40 42 
2 40 42 
23 40 42 
23 40 42 
26 40 42 
26 40 42 
27 40 42 
27 40 42 
32 40 42 
32 40 42 
33 40 42 
33 39 40 
26 39 40 
38 39 40 
38 39 40 
37 26 40 
37 26 40 
43 26 40 
43 26 40 
37 38 40 
37 38 39 
43 37 39 
43 37 39 
43 38 39 
25 38 1 
25 39 1 
0 39 1 
0 40 1 
25 40 1 
25 40 3 
25 41 3 
19 41 3 
19 41 4 
19 36 4 
19 36 3 
16 36 3 
16 36 3 
16 41 3 
16 41 23 
16 42 23 
16 42 2 
6 41 2 
6 41 2 
6 41 23 
6 36 23 
6 36 26 
6 35 26 
6 35 27 
6 34 27 
6 34 32 
6 34 32 
6 33 32 
6 33 31 
6 34 31 
22 34 31 
22 34 31 
7 34 31 
7 34 31 
7 34 27 
7 35 27 
7 35 32 
7 36 32 
7 36 33 
7 41 33 
22 41 33 
22 41 27 
22 41 32 
22 36 32 
22 36 33 
22 35 33 
22 35 33 
22 34 33 
10 34 33 
10 34 33 
10 35 33 
10 35 32 
10 35 27 
10 36 27 
10 36 26 
10 41 26 
10 41 38 
10 42 38 
10 42 38 
10 42 37 
10 42 43 
10 5 43 
10 24 43 
10 24 25 
10 24 25 
10 4 25 
10 4 25 
10 4 0 
10 4 0 
11 4 0 
11 4 0 
11 24 0 
11 24 0 
11 5 0 
11 5 0 
21 5 0 
21 5 0 
8 5 0 
8 5 0 
8 24 0 
8 24 25 
8 4 25 
8 4 43 
8 4 37 
8 3 37 
21 3 37 
21 3 37 
21 3 43 
21 23 43 
21 23 25 
21 2 25 
8 2 25 
8 2 1 
8 23 1 
21 23 1 
21 26 1 
8 26 1 
8 27 1 
8 27 38 
8 32 38 
21 32 38 
21 32 27 
21 33 27 
21 33 31 
21 34 31 
21 34 30 
21 35 30 
21 35 29 
8 34 29 
8 34 29 
8 35 29 
8 35 30 
8 35 31 
8 35 31 
8 36 31 
21 36 31 
21 36 28 
8 36 28 
8 41 28 
21 41 28 
21 41 17 
8 41 17 
8 42 17 
8 42 17 
21 42 17 
21 42 28 
11 42 28 
11 42 28 
11 42 29 
11 42 29 
11 42 30 
11 42 30 
11 42 31 
11 42 31 
11 42 27 
11 41 27 
11 41 32 
11 36 32 
11 36 33 
11 35 33 
11 35 34 
11 35 34 
8 33 34 
8 33 18 
8 32 18 
8 27 18 
21 27 18 
21 26 18 
11 26 18 
11 23 18 
11 23 18 
11 23 18 
11 2 18 
11 2 18 
10 2 18 
10 2 18 
10 23 18 
10 1 18 
10 1 18 
11 1 18 
11 1 20 
11 1 20 
11 1 9 
11 1 9 
21 1 9 
21 23 9 
8 23 9 
8 2 9 
8 2 20 
8 2 20 
21 2 20 
21 23 20 
21 26 20 
12 26 20 
12 26 20 
12 27 20 
12 27 20 
12 32 20 
12 32 20 
12 33 20 
12 33 9 
12 33 9 
12 34 9 
12 34 9 
12 35 9 
12 35 9 
12 34 20 
20 35 20 
9 35 20 
9 36 20 
9 36 20 
9 41 20 
9 41 20 
9 42 20 
9 42 12 
20 42 12 
12 41 12 
12 41 21 
12 41 8 
12 36 8 
21 36 8 
21 40 8 
21 40 8 
11 40 8 
11 40 8 
11 40 21 
11 39 21 
11 39 21 
11 39 8 
10 39 8 
10 39 8 
10 40 8 
10 40 21 
10 40 11 
10 24 21 
22 24 21 
22 24 21 
7 24 21 
7 24 21 
7 4 21 
7 4 21 
22 4 21 
22 4 8 
7 4 8 
22 3 8 
7 3 8 
7 3 12 
7 3 12 
22 3 12 
22 23 12 
22 23 12 
7 23 12 
7 23 20 
7 2 20 
7 2 9 
22 2 9 
22 2 9 
22 2 20 
22 3 20 
6 3 20 
6 3 20 
6 3 9 
6 3 9 
6 24 9 
6 24 9 
6 4 9 
6 4 9 
6 4 20 
16 4 20 
16 4 20 
16 24 20 
16 24 20 
16 5 20 
16 5 20 
16 5 9 
16 5 9 
6 5 9 
6 5 12 
6 5 12 
6 5 21 
6 42 21 
6 42 8 
22 42 8 
22 42 11 
7 42 11 
7 42 11 
7 42 10 
7 5 10 
22 5 10 
22 5 10 
6 5 10 
6 40 10 
6 40 11 
6 39 11 
6 39 22 
6 26 22 
6 26 7 
6 26 7 
6 38 7 
6 38 7 
6 38 22 
22 38 7 
22 37 7 
22 37 7 
7 43 7 
7 43 22 
7 25 22 
7 25 22 
22 0 22 
22 0 7 
6 0 7 
6 0 15 
6 0 15 
6 25 15 
6 25 15 
6 43 15 
6 43 15 
6 37 15 
6 37 15 
22 37 15 
22 38 15 
7 38 15 
7 26 15 
7 27 15 
7 32 15 
10 32 15 
10 33 15 
21 33 15 
21 34 15 
8 34 15 
8 35 15 
12 35 15 
12 36 15 
12 41 15 
20 41 15 
9 41 15 
9 42 15 
9 42 13 
9 41 13 
20 41 13 
20 36 13 
12 36 13 
12 35 13 
12 34 13 
21 34 13 
21 33 13 
8 33 13 
8 32 13 
8 27 13 
11 27 13 
11 26 13 
11 38 13 
11 38 13 
11 37 13 
11 37 13 
11 43 13 
11 43 13 
11 25 13 
11 25 13 
11 0 13 
10 0 13 
10 1 13 
22 1 13 
22 1 13 
7 1 13 
7 1 13 
7 23 13 
7 2 13 
6 2 13 
16 2 13 
16 3 13 
16 24 13 
19 24 13 
19 4 13 
17 4 13 
17 5 13 
28 5 13 
28 5 13 
29 5 13 
30 5 13 
30 42 13 
31 42 13 
29 40 13 
29 40 13 
30 40 13 
30 40 15 
30 40 15 
31 40 15 
31 40 15 
30 39 15 
30 39 15 
29 39 15 
29 39 15 
28 39 15 
28 39 15 
17 39 15 
17 39 15 
17 23 15 
19 23 15 
19 2 15 
16 2 15 
16 3 15 
16 3 22 
16 1 22 
16 1 7 
16 0 7 
16 0 6 
16 25 6 
16 0 19 
16 0 19 
16 25 19 
6 25 19 
6 43 19 
22 43 19 
22 37 19 
7 37 19 
7 38 19 
7 26 19 
10 26 19 
10 39 19 
22 39 19 
22 39 17 
7 39 17 
7 39 17 
7 39 28 
7 40 28 
7 40 28 
22 40 28 
22 40 28 
7 40 29 
22 40 29 
7 40 30 
7 38 30 
22 38 30 
22 38 29 
6 38 29 
6 38 30 
6 1 30 
6 1 30 
6 1 29 
16 1 29 
16 1 30 
16 26 30 
16 26 31 
16 27 31 
16 32 31 
16 33 31 
16 33 28 
16 34 28 
16 34 17 
16 35 17 
6 35 17 
6 18 17 
6 18 17 
6 18 28 
6 18 28 
6 18 29 
22 18 29 
22 18 30 
7 18 30 
7 18 31 
10 18 30 
10 18 29 
10 20 29 
10 20 29 
10 20 30 
10 20 31 
10 20 31 
10 9 31 
10 9 27 
10 9 32 
10 20 33 
10 12 33 
10 12 31 
11 12 31 
11 12 30 
11 12 29 
10 12 28 
10 12 28 
10 12 17 
10 12 17 
10 20 17 
11 20 17 
11 9 17 
11 9 28 
20 9 28 
9 9 29 
9 18 29 
9 18 30 
9 18 31 
20 18 31 
9 18 26 
9 18 38 
9 18 38 
9 18 37 
9 18 37 
9 18 43 
9 18 43 
20 18 37 
20 18 43 
12 18 43 
12 18 37 
12 18 43 
12 18 25 
12 18 25 
12 18 0 
12 18 0 
20 18 0 
9 18 0 
9 42 0 
9 42 25 
9 42 25 
20 42 25 
20 5 25 
12 24 25 
12 4 25 
12 4 1 
12 4 2 
12 40 2 
12 40 39 
20 39 39 
20 39 40 
9 39 40 
9 39 40 
20 38 40 
20 38 5 
12 38 5 
12 38 24 
21 38 24 
21 38 4 
10 38 3 
11 3 3 
11 3 42 
15 24 42 
15 24 5 
15 4 5 
14 3 5 
14 3 4 
14 3 24 
14 23 24 
14 23 5 
14 2 5 
14 2 41 
14 1 41 
14 1 36 
14 0 36 
14 0 35 
14 0 34 
14 25 34 
14 25 33 
14 43 33 
14 37 33 
14 37 32 
14 37 27 
14 38 27 
14 38 26 
14 39 26 
14 39 31 
14 40 31 
14 40 30 
14 40 29 
14 42 29 
14 42 28 
14 42 17 
14 40 17 
13 39 17 
13 40 19 
14 40 19 
14 42 19 
14 42 16 
14 40 16 
14 39 16 
14 38 16 
10 38 16 
10 37 16 
11 37 16 
11 43 16 
21 43 16 
8 43 16 
8 19 16 
21 19 16 
11 19 16 
11 19 15 
10 19 14 
10 6 14 
10 22 14 
11 22 14 
11 7 14 
21 7 14 
8 7 14 
8 15 14 
12 15 14 
12 13 14 
20 13 14 
9 13 14 
9 13 15 
18 13 15 
18 13 15 
18 13 14 
12 16 14 
12 16 19 
20 19 19 
20 19 28 
9 19 28 
9 19 17 
18 16 17 
18 16 19 
18 17 37 
18 17 43 
31 17 38 
31 17 38 
28 17 1 
28 17 1 
28 19 1 
33 19 38 
33 15 1 
42 15 1 
42 15 39 
41 18 39 
41 18 39 
36 18 39 
36 18 40 
35 18 40 
34 18 40 
34 18 24 
33 18 24 
33 18 4 
33 18 3 
31 18 4 
31 18 5 
31 18 42 
42 42 42 
;
ROBOT MOVING BEST:
0 0 0 
1 1 0 
1 1 0 
1 0 1 
0 1 1 
1 0 1 
0 1 1 
1 0 1 
0 1 1 
1 0 1 
1 0 1 
0 1 1 
1 1 0 
0 1 1 
1 1 0 
1 0 1 
1 0 1 
0 1 1 
1 1 0 
1 0 1 
1 1 0 
1 0 1 
1 1 0 
1 0 1 
1 1 0 
1 0 1 
1 0 1 
1 1 0 
0 1 1 
1 1 0 
1 0 1 
0 1 1 
1 0 1 
1 1 0 
1 0 1 
0 1 1 
1 1 0 
1 0 1 
1 0 1 
1 1 0 
0 1 1 
1 1 0 
0 1 1 
0 1 1 
1 1 0 
1 0 1 
1 1 0 
1 0 1 
0 1 1 
1 1 0 
0 1 1 
1 1 0 
1 0 1 
1 1 0 
1 1 0 
0 1 1 
0 1 1 
1 1 0 
0 1 1 
1 1 0 
1 0 1 
0 1 1 
1 1 0 
1 0 1 
1 1 0 
0 1 1 
0 1 1 
1 1 0 
1 1 0 
1 1 0 
1 0 1 
0 1 1 
1 1 0 
0 1 1 
1 1 0 
0 1 1 
1 1 0 
1 0 1 
0 1 1 
0 1 1 
1 1 0 
1 0 1 
1 1 0 
1 0 1 
0 1 1 
1 1 0 
0 1 1 
1 1 0 
0 1 1 
1 1 0 
0 1 1 
1 1 0 
1 0 1 
1 1 0 
1 0 1 
1 1 0 
0 1 1 
1 0 1 
1 1 0 
1 0 1 
0 1 1 
1 0 1 
1 1 0 
0 1 1 
0 1 1 
1 1 0 
1 0 1 
1 0 1 
0 1 1 
1 0 1 
0 1 1 
1 1 0 
1 0 1 
0 1 1 
1 1 0 
1 0 1 
1 0 1 
1 0 1 
0 1 1 
1 0 1 
0 1 1 
1 1 0 
0 1 1 
0 1 1 
1 1 0 
1 0 1 
0 1 1 
1 0 1 
1 1 0 
0 1 1 
1 1 0 
0 1 1 
1 1 0 
0 1 1 
1 1 0 
0 1 1 
1 1 0 
0 1 1 
0 1 1 
1 0 1 
0 1 1 
1 1 0 
0 1 1 
1 1 0 
0 1 1 
0 1 1 
1 1 0 
1 0 1 
0 1 1 
1 1 0 
0 1 1 
0 1 1 
1 1 0 
1 0 1 
0 1 1 
0 1 1 
1 0 1 
1 1 0 
0 1 1 
1 0 1 
0 1 1 
1 0 1 
0 1 1 
0 1 1 
1 0 1 
1 1 0 
0 1 1 
1 0 1 
0 1 1 
1 1 0 
1 0 1 
0 1 1 
1 0 1 
0 1 1 
1 1 0 
1 0 1 
1 0 1 
1 1 0 
0 1 1 
0 1 1 
1 1 0 
1 0 1 
1 1 0 
1 0 1 
1 1 0 
1 0 1 
1 1 0 
1 0 1 
1 1 0 
1 0 1 
1 1 0 
1 0 1 
1 1 0 
1 0 1 
1 0 1 
0 1 1 
1 0 1 
0 1 1 
1 1 0 
1 0 1 
1 1 0 
1 0 1 
0 1 1 
1 1 0 
1 0 1 
1 1 0 
1 0 1 
1 1 0 
1 1 0 
0 1 1 
0 1 1 
1 1 0 
1 0 1 
0 1 1 
1 1 0 
1 0 1 
0 1 1 
1 0 1 
0 1 1 
1 1 0 
1 0 1 
1 0 1 
1 1 0 
0 1 1 
0 1 1 
1 0 1 
1 0 1 
1 1 0 
0 1 1 
0 1 1 
1 1 0 
1 1 0 
1 0 1 
0 1 1 
1 1 0 
1 1 0 
0 1 1 
0 1 1 
1 1 0 
1 0 1 
1 1 0 
1 0 1 
1 1 0 
1 0 1 
1 1 0 
0 1 1 
1 1 0 
0 1 1 
0 1 1 
1 1 0 
0 1 1 
0 1 1 
1 0 1 
0 1 1 
1 0 1 
0 1 1 
1 0 1 
0 1 1 
0 1 1 
1 1 0 
1 0 1 
1 1 0 
1 0 1 
1 0 1 
0 1 1 
1 0 1 
1 1 0 
1 1 0 
1 0 1 
0 1 1 
1 0 1 
0 1 1 
1 1 0 
0 1 1 
1 1 0 
0 1 1 
1 1 0 
1 1 0 
1 0 1 
1 1 0 
1 1 0 
1 0 1 
1 1 0 
0 1 1 
1 1 0 
1 0 1 
0 1 1 
1 0 1 
1 1 0 
0 1 1 
1 1 0 
0 1 1 
1 1 0 
0 1 1 
1 1 0 
0 1 1 
0 1 1 
1 1 0 
1 0 1 
1 1 0 
0 1 1 
1 1 0 
1 0 1 
1 1 0 
1 0 1 
1 0 1 
0 1 1 
1 1 0 
1 0 1 
1 1 0 
1 0 1 
1 0 1 
1 1 0 
0 1 1 
1 1 0 
1 0 1 
1 1 0 
1 0 1 
1 1 0 
1 0 1 
1 1 0 
1 0 1 
1 1 0 
0 1 1 
1 1 0 
1 1 0 
1 0 1 
1 1 0 
1 0 1 
1 0 1 
1 1 0 
1 1 0 
1 0 1 
1 1 0 
1 0 1 
1 1 0 
1 0 1 
1 1 0 
1 0 1 
1 1 0 
1 1 0 
0 1 1 
0 1 1 
1 1 0 
1 0 1 
1 1 0 
0 1 1 
1 1 0 
1 0 1 
1 1 0 
1 0 1 
1 1 0 
1 0 1 
1 1 0 
1 0 1 
1 0 1 
1 1 0 
1 0 1 
1 1 0 
1 0 1 
1 1 0 
1 0 1 
0 1 1 
1 1 0 
1 0 1 
0 1 1 
1 1 0 
1 0 1 
1 1 0 
1 0 1 
1 0 1 
1 1 0 
1 0 1 
1 1 0 
1 0 1 
1 1 0 
1 1 0 
1 0 1 
1 0 1 
1 1 0 
1 0 1 
1 1 0 
0 1 1 
0 1 1 
1 1 0 
1 0 1 
1 1 0 
1 0 1 
1 0 1 
1 1 0 
1 0 1 
1 1 0 
1 0 1 
1 1 0 
0 1 1 
1 0 1 
1 0 1 
1 1 0 
1 1 0 
1 0 1 
0 1 1 
1 1 0 
0 1 1 
0 1 1 
1 0 1 
1 1 0 
1 0 1 
1 1 0 
0 1 1 
1 1 0 
0 1 1 
1 1 0 
1 0 1 
1 1 0 
1 0 1 
1 1 0 
1 0 1 
1 1 0 
1 0 1 
1 0 1 
1 1 0 
1 1 0 
1 0 1 
1 0 1 
1 1 0 
1 0 1 
1 1 0 
1 1 0 
1 0 1 
1 1 0 
1 0 1 
1 1 0 
1 1 0 
1 1 0 
1 0 1 
1 1 0 
1 1 0 
1 0 1 
1 1 0 
1 0 1 
1 1 0 
1 0 1 
1 1 0 
1 0 1 
1 1 0 
1 0 1 
1 1 0 
1 0 1 
1 0 1 
0 1 1 
1 1 0 
1 1 0 
1 0 1 
1 0 1 
1 1 0 
1 1 0 
1 0 1 
1 0 1 
1 1 0 
0 1 1 
1 1 0 
0 1 1 
1 1 0 
1 0 1 
1 0 1 
0 1 1 
1 0 1 
0 1 1 
1 0 1 
0 1 1 
1 0 1 
1 1 0 
1 0 1 
1 1 0 
1 0 1 
1 1 0 
1 0 1 
0 1 1 
1 1 0 
1 0 1 
0 1 1 
0 1 1 
1 0 1 
0 1 1 
1 1 0 
1 1 0 
1 0 1 
0 1 1 
1 1 0 
0 1 1 
1 1 0 
1 0 1 
1 1 0 
1 1 0 
0 1 1 
1 1 0 
1 0 1 
0 1 1 
1 0 1 
0 1 1 
1 0 1 
0 1 1 
1 0 1 
0 1 1 
1 0 1 
0 1 1 
1 0 1 
0 1 1 
0 1 1 
1 1 0 
1 0 1 
1 1 0 
0 1 1 
1 1 0 
0 1 1 
1 1 0 
1 0 1 
0 1 1 
1 1 0 
0 1 1 
1 1 0 
0 1 1 
0 1 1 
1 1 0 
1 0 1 
1 1 0 
0 1 1 
1 1 0 
0 1 1 
1 1 0 
0 1 1 
1 1 0 
1 1 0 
1 0 1 
1 0 1 
1 1 0 
1 0 1 
1 1 0 
0 1 1 
1 1 0 
1 0 1 
1 0 1 
1 1 0 
0 1 1 
0 1 1 
1 1 0 
1 0 1 
1 1 0 
1 0 1 
1 0 1 
0 1 1 
1 1 0 
1 0 1 
1 1 0 
1 0 1 
1 1 0 
0 1 1 
1 1 0 
1 0 1 
1 0 1 
1 1 0 
1 1 0 
1 0 1 
0 1 1 
1 0 1 
1 1 0 
0 1 1 
1 1 0 
1 0 1 
1 1 0 
1 0 1 
1 1 0 
1 0 1 
1 0 1 
0 1 1 
1 1 0 
1 0 1 
1 0 1 
0 1 1 
1 1 0 
0 1 1 
1 1 0 
0 1 1 
0 1 1 
1 1 0 
1 0 1 
1 1 0 
0 1 1 
1 1 0 
0 1 1 
1 0 1 
0 1 1 
1 1 0 
1 0 1 
0 1 1 
1 0 1 
1 1 0 
1 0 1 
1 1 0 
1 0 1 
1 1 0 
1 0 1 
1 0 1 
1 1 0 
1 1 0 
1 0 1 
1 0 1 
1 1 0 
1 0 1 
1 1 0 
1 0 1 
0 1 1 
1 0 1 
0 1 1 
1 1 0 
0 1 1 
0 1 1 
1 0 1 
1 1 0 
0 1 1 
1 1 0 
0 1 1 
1 1 0 
0 1 1 
1 1 0 
0 1 1 
1 1 0 
1 0 1 
0 1 1 
1 1 0 
0 1 1 
1 1 0 
0 1 1 
1 1 0 
0 1 1 
1 0 1 
0 1 1 
1 0 1 
0 1 1 
0 1 1 
0 1 1 
1 0 1 
0 1 1 
1 0 1 
0 1 1 
1 0 1 
0 1 1 
1 0 1 
0 1 1 
0 1 1 
1 0 1 
1 0 1 
0 1 1 
1 0 1 
0 1 1 
1 0 1 
0 1 1 
1 0 1 
0 1 1 
0 1 1 
1 0 1 
0 1 1 
1 0 1 
0 1 1 
0 1 1 
1 0 1 
0 1 1 
1 1 0 
0 1 1 
1 1 0 
0 1 1 
1 1 0 
0 1 1 
1 1 0 
0 1 1 
0 1 1 
1 0 1 
0 1 1 
1 1 0 
1 0 1 
1 1 0 
1 0 1 
0 1 1 
0 1 1 
1 0 1 
1 0 1 
0 1 1 
0 1 1 
1 0 1 
0 1 1 
1 0 1 
0 1 1 
1 1 0 
1 0 1 
1 0 1 
1 0 1 
0 1 1 
1 0 1 
1 1 0 
0 1 1 
1 1 0 
1 0 1 
0 1 1 
1 1 0 
1 0 1 
1 1 0 
0 1 1 
1 1 0 
1 0 1 
1 1 0 
1 0 1 
1 1 0 
1 0 1 
0 1 1 
1 0 1 
0 1 1 
1 0 1 
0 1 1 
1 0 1 
1 1 0 
1 0 1 
1 1 0 
1 0 1 
1 1 0 
0 1 1 
1 0 1 
0 1 1 
1 0 1 
0 1 1 
1 0 1 
0 1 1 
1 0 1 
0 1 1 
0 1 1 
1 0 1 
0 1 1 
1 1 0 
1 0 1 
1 1 0 
1 0 1 
1 0 1 
1 1 0 
0 1 1 
1 1 0 
1 0 1 
1 0 1 
1 0 1 
1 0 1 
0 1 1 
1 0 1 
0 1 1 
1 0 1 
1 0 1 
1 1 0 
0 1 1 
0 1 1 
1 0 1 
1 0 1 
1 1 0 
1 0 1 
1 1 0 
1 1 0 
1 1 0 
1 0 1 
1 1 0 
1 0 1 
1 1 0 
1 0 1 
1 1 0 
0 1 1 
1 0 1 
0 1 1 
0 1 1 
1 1 0 
0 1 1 
1 1 0 
0 1 1 
1 0 1 
1 0 1 
1 1 0 
0 1 1 
0 1 1 
1 0 1 
0 1 1 
1 1 0 
0 1 1 
0 1 1 
0 1 1 
1 1 0 
0 1 1 
1 1 0 
0 1 1 
0 1 1 
1 0 1 
0 1 1 
1 0 1 
0 1 1 
0 1 1 
1 0 1 
0 1 1 
0 1 1 
1 0 1 
1 0 1 
1 1 0 
1 0 1 
1 0 1 
1 1 0 
1 0 1 
1 0 1 
0 1 1 
1 0 1 
0 1 1 
1 0 1 
0 1 1 
1 0 1 
1 0 1 
1 1 0 
1 0 1 
1 0 1 
1 0 1 
0 1 1 
1 0 1 
0 1 1 
1 0 1 
1 0 1 
0 1 1 
1 0 1 
0 1 1 
1 0 1 
0 1 1 
1 1 0 
1 1 0 
1 0 1 
1 0 1 
1 1 0 
1 0 1 
1 1 0 
1 0 1 
1 1 0 
1 0 1 
1 1 0 
0 1 1 
1 1 0 
0 1 1 
1 1 0 
0 1 1 
1 0 1 
1 1 0 
0 1 1 
1 1 0 
1 0 1 
1 1 0 
1 1 0 
1 0 1 
1 0 1 
1 1 0 
1 0 1 
1 1 0 
1 0 1 
1 1 0 
1 0 1 
1 1 0 
1 0 1 
1 0 1 
1 1 0 
1 0 1 
1 1 0 
1 1 0 
1 0 1 
1 0 1 
1 1 0 
1 0 1 
1 1 0 
1 0 1 
1 1 0 
1 0 1 
1 0 1 
1 1 0 
1 0 1 
1 0 1 
0 1 1 
1 1 0 
0 1 1 
1 0 1 
0 1 1 
1 0 1 
0 1 1 
0 1 1 
0 1 1 
1 0 1 
0 1 1 
1 0 1 
0 1 1 
1 0 1 
1 0 1 
1 1 0 
1 1 0 
1 1 0 
1 0 1 
1 0 1 
0 1 1 
0 1 1 
1 0 1 
0 1 1 
1 0 1 
1 0 1 
0 1 1 
1 0 1 
0 1 1 
1 0 1 
1 0 1 
0 1 1 
1 1 0 
1 0 1 
1 0 1 
1 1 0 
1 0 1 
1 1 0 
0 1 1 
1 1 0 
0 1 1 
1 1 0 
1 0 1 
0 1 1 
0 1 1 
1 0 1 
0 1 1 
1 0 1 
0 1 1 
0 1 1 
1 0 1 
0 1 1 
1 0 1 
1 0 1 
1 1 0 
0 1 1 
1 1 0 
0 1 1 
1 1 0 
1 1 0 
0 1 1 
1 1 0 
0 1 1 
0 1 1 
1 0 1 
0 1 1 
0 1 1 
1 1 0 
;
TIMETABLE BEST: 
0.0 0.0 0.0 
10.0 10.0 0.0 
19.0 19.0 0.0 
19.0 19.0 19.0 
19.0 19.0 19.0 
27.0 19.0 27.0 
27.0 27.0 27.0 
34.0 27.0 34.0 
34.0 34.0 34.0 
43.0 34.0 43.0 
50.0 34.0 50.0 
50.0 52.0 52.0 
52.0 52.0 52.0 
52.0 59.0 59.0 
63.0 63.0 59.0 
63.0 63.0 63.0 
70.0 63.0 70.0 
70.0 77.0 77.0 
81.0 81.0 77.0 
81.0 81.0 81.0 
89.0 89.0 81.0 
89.0 89.0 89.0 
96.0 96.0 89.0 
96.0 96.0 96.0 
102.0 102.0 96.0 
102.0 102.0 102.0 
110.0 102.0 110.0 
116.0 116.0 110.0 
116.0 116.0 116.0 
122.0 122.0 116.0 
122.0 122.0 122.0 
122.0 130.0 130.0 
131.0 130.0 131.0 
131.0 131.0 131.0 
138.0 131.0 138.0 
138.0 138.0 138.0 
147.0 147.0 138.0 
147.0 147.0 147.0 
154.0 147.0 154.0 
160.0 160.0 154.0 
160.0 160.0 160.0 
167.0 167.0 160.0 
167.0 167.0 167.0 
167.0 174.0 174.0 
175.0 175.0 174.0 
175.0 175.0 175.0 
182.0 182.0 175.0 
182.0 182.0 182.0 
182.0 182.0 182.0 
190.0 190.0 182.0 
190.0 196.0 196.0 
198.0 198.0 196.0 
198.0 198.0 198.0 
205.0 205.0 198.0 
211.0 211.0 198.0 
211.0 211.0 211.0 
211.0 217.0 217.0 
219.0 219.0 217.0 
219.0 224.0 224.0 
228.0 228.0 224.0 
228.0 228.0 228.0 
228.0 234.0 234.0 
234.0 234.0 234.0 
241.0 234.0 241.0 
247.0 247.0 241.0 
247.0 247.0 247.0 
247.0 254.0 254.0 
256.0 256.0 254.0 
262.0 262.0 254.0 
269.0 269.0 254.0 
269.0 269.0 269.0 
269.0 269.0 269.0 
276.0 276.0 269.0 
276.0 276.0 276.0 
282.0 282.0 276.0 
282.0 282.0 282.0 
289.0 289.0 282.0 
296.0 289.0 296.0 
296.0 296.0 296.0 
296.0 302.0 302.0 
304.0 304.0 302.0 
304.0 304.0 304.0 
310.0 310.0 304.0 
314.0 310.0 314.0 
314.0 314.0 314.0 
321.0 321.0 314.0 
321.0 321.0 321.0 
329.0 329.0 321.0 
329.0 329.0 329.0 
336.0 336.0 329.0 
336.0 336.0 336.0 
345.0 345.0 336.0 
345.0 345.0 345.0 
351.0 351.0 345.0 
351.0 351.0 351.0 
358.0 358.0 351.0 
358.0 361.0 361.0 
361.0 361.0 361.0 
367.0 367.0 361.0 
367.0 367.0 367.0 
367.0 374.0 374.0 
378.0 374.0 378.0 
388.0 388.0 378.0 
388.0 388.0 388.0 
388.0 399.0 399.0 
402.0 402.0 399.0 
402.0 402.0 402.0 
408.0 402.0 408.0 
408.0 408.0 408.0 
417.0 408.0 417.0 
417.0 417.0 417.0 
427.0 427.0 417.0 
429.0 427.0 429.0 
429.0 429.0 429.0 
436.0 436.0 429.0 
436.0 436.0 436.0 
446.0 436.0 446.0 
456.0 436.0 456.0 
456.0 456.0 456.0 
463.0 456.0 463.0 
463.0 463.0 463.0 
471.0 471.0 463.0 
471.0 473.0 473.0 
471.0 481.0 481.0 
486.0 486.0 481.0 
489.0 486.0 489.0 
489.0 489.0 489.0 
500.0 489.0 500.0 
505.0 505.0 500.0 
505.0 505.0 505.0 
514.0 514.0 505.0 
514.0 514.0 514.0 
524.0 524.0 514.0 
524.0 524.0 524.0 
532.0 532.0 524.0 
532.0 532.0 532.0 
541.0 541.0 532.0 
541.0 543.0 543.0 
541.0 552.0 552.0 
555.0 552.0 555.0 
555.0 558.0 558.0 
565.0 565.0 558.0 
565.0 565.0 565.0 
573.0 573.0 565.0 
573.0 573.0 573.0 
573.0 580.0 580.0 
583.0 583.0 580.0 
586.0 583.0 586.0 
586.0 586.0 586.0 
594.0 594.0 586.0 
594.0 594.0 594.0 
594.0 600.0 600.0 
604.0 604.0 600.0 
609.0 604.0 609.0 
609.0 609.0 609.0 
609.0 617.0 617.0 
619.0 617.0 619.0 
625.0 625.0 619.0 
625.0 625.0 625.0 
634.0 625.0 634.0 
634.0 634.0 634.0 
642.0 634.0 642.0 
642.0 642.0 642.0 
642.0 650.0 650.0 
652.0 650.0 652.0 
659.0 659.0 652.0 
659.0 659.0 659.0 
667.0 659.0 667.0 
667.0 667.0 667.0 
677.0 677.0 667.0 
677.0 677.0 677.0 
677.0 677.0 677.0 
686.0 677.0 686.0 
686.0 686.0 686.0 
696.0 696.0 686.0 
696.0 696.0 696.0 
705.0 696.0 705.0 
706.0 706.0 705.0 
706.0 706.0 706.0 
706.0 715.0 715.0 
717.0 717.0 715.0 
717.0 717.0 717.0 
723.0 723.0 717.0 
723.0 723.0 723.0 
732.0 732.0 723.0 
732.0 732.0 732.0 
740.0 740.0 732.0 
740.0 740.0 740.0 
747.0 747.0 740.0 
747.0 747.0 747.0 
753.0 753.0 747.0 
753.0 753.0 753.0 
762.0 762.0 753.0 
762.0 762.0 762.0 
771.0 762.0 771.0 
771.0 771.0 771.0 
777.0 771.0 777.0 
777.0 779.0 779.0 
784.0 784.0 779.0 
784.0 784.0 784.0 
792.0 792.0 784.0 
793.0 792.0 793.0 
793.0 793.0 793.0 
801.0 801.0 793.0 
801.0 801.0 801.0 
810.0 810.0 801.0 
811.0 810.0 811.0 
819.0 819.0 811.0 
829.0 829.0 811.0 
829.0 829.0 829.0 
829.0 835.0 835.0 
838.0 838.0 835.0 
842.0 838.0 842.0 
842.0 842.0 842.0 
850.0 850.0 842.0 
850.0 850.0 850.0 
850.0 850.0 850.0 
857.0 850.0 857.0 
857.0 857.0 857.0 
865.0 865.0 857.0 
865.0 865.0 865.0 
872.0 865.0 872.0 
875.0 875.0 872.0 
875.0 875.0 875.0 
875.0 882.0 882.0 
887.0 882.0 887.0 
894.0 882.0 894.0 
896.0 896.0 894.0 
896.0 896.0 896.0 
896.0 903.0 903.0 
904.0 904.0 903.0 
912.0 912.0 903.0 
917.0 912.0 917.0 
917.0 917.0 917.0 
924.0 924.0 917.0 
930.0 930.0 917.0 
930.0 930.0 930.0 
930.0 938.0 938.0 
939.0 939.0 938.0 
939.0 939.0 939.0 
948.0 948.0 939.0 
948.0 948.0 948.0 
956.0 956.0 948.0 
956.0 956.0 956.0 
968.0 968.0 956.0 
968.0 968.0 968.0 
976.0 976.0 968.0 
976.0 976.0 976.0 
976.0 983.0 983.0 
989.0 989.0 983.0 
989.0 997.0 997.0 
989.0 1007.0 1007.0 
1011.0 1007.0 1011.0 
1011.0 1016.0 1016.0 
1029.0 1016.0 1029.0 
1029.0 1029.0 1029.0 
1036.0 1029.0 1036.0 
1036.0 1036.0 1036.0 
1036.0 1044.0 1044.0 
1050.0 1050.0 1044.0 
1050.0 1050.0 1050.0 
1056.0 1056.0 1050.0 
1056.0 1056.0 1056.0 
1063.0 1056.0 1063.0 
1063.0 1063.0 1063.0 
1069.0 1063.0 1069.0 
1071.0 1071.0 1069.0 
1077.0 1077.0 1069.0 
1077.0 1077.0 1077.0 
1077.0 1077.0 1077.0 
1083.0 1077.0 1083.0 
1083.0 1085.0 1085.0 
1093.0 1093.0 1085.0 
1093.0 1093.0 1093.0 
1099.0 1099.0 1093.0 
1099.0 1101.0 1101.0 
1108.0 1108.0 1101.0 
1114.0 1114.0 1101.0 
1117.0 1114.0 1117.0 
1120.0 1120.0 1117.0 
1126.0 1126.0 1117.0 
1126.0 1126.0 1126.0 
1135.0 1135.0 1126.0 
1135.0 1135.0 1135.0 
1141.0 1141.0 1135.0 
1145.0 1141.0 1145.0 
1145.0 1145.0 1145.0 
1151.0 1145.0 1151.0 
1154.0 1154.0 1151.0 
1154.0 1154.0 1154.0 
1162.0 1162.0 1154.0 
1162.0 1162.0 1162.0 
1168.0 1168.0 1162.0 
1168.0 1172.0 1172.0 
1180.0 1180.0 1172.0 
1180.0 1180.0 1180.0 
1180.0 1189.0 1189.0 
1195.0 1195.0 1189.0 
1198.0 1195.0 1198.0 
1203.0 1203.0 1198.0 
1203.0 1207.0 1207.0 
1215.0 1215.0 1207.0 
1215.0 1215.0 1215.0 
1223.0 1223.0 1215.0 
1224.0 1223.0 1224.0 
1232.0 1223.0 1232.0 
1232.0 1233.0 1233.0 
1240.0 1240.0 1233.0 
1240.0 1240.0 1240.0 
1247.0 1247.0 1240.0 
1247.0 1247.0 1247.0 
1257.0 1247.0 1257.0 
1263.0 1263.0 1257.0 
1263.0 1263.0 1263.0 
1270.0 1270.0 1263.0 
1270.0 1270.0 1270.0 
1278.0 1278.0 1270.0 
1278.0 1278.0 1278.0 
1285.0 1285.0 1278.0 
1285.0 1285.0 1285.0 
1291.0 1291.0 1285.0 
1291.0 1291.0 1291.0 
1300.0 1300.0 1291.0 
1300.0 1311.0 1311.0 
1318.0 1318.0 1311.0 
1326.0 1326.0 1311.0 
1326.0 1326.0 1326.0 
1335.0 1335.0 1326.0 
1335.0 1335.0 1335.0 
1341.0 1335.0 1341.0 
1341.0 1341.0 1341.0 
1349.0 1349.0 1341.0 
1352.0 1349.0 1352.0 
1358.0 1358.0 1352.0 
1358.0 1358.0 1358.0 
1367.0 1367.0 1358.0 
1378.0 1367.0 1378.0 
1379.0 1379.0 1378.0 
1389.0 1379.0 1389.0 
1390.0 1390.0 1389.0 
1400.0 1400.0 1389.0 
1400.0 1410.0 1410.0 
1400.0 1421.0 1421.0 
1429.0 1429.0 1421.0 
1435.0 1429.0 1435.0 
1438.0 1438.0 1435.0 
1438.0 1449.0 1449.0 
1452.0 1452.0 1449.0 
1452.0 1452.0 1452.0 
1461.0 1461.0 1452.0 
1465.0 1461.0 1465.0 
1471.0 1471.0 1465.0 
1472.0 1471.0 1472.0 
1486.0 1486.0 1472.0 
1486.0 1486.0 1486.0 
1493.0 1486.0 1493.0 
1495.0 1495.0 1493.0 
1501.0 1495.0 1501.0 
1505.0 1505.0 1501.0 
1508.0 1505.0 1508.0 
1513.0 1513.0 1508.0 
1514.0 1513.0 1514.0 
1514.0 1514.0 1514.0 
1523.0 1523.0 1514.0 
1527.0 1523.0 1527.0 
1527.0 1532.0 1532.0 
1539.0 1539.0 1532.0 
1539.0 1539.0 1539.0 
1545.0 1545.0 1539.0 
1545.0 1545.0 1545.0 
1552.0 1545.0 1552.0 
1553.0 1553.0 1552.0 
1558.0 1553.0 1558.0 
1563.0 1563.0 1558.0 
1567.0 1563.0 1567.0 
1572.0 1572.0 1567.0 
1578.0 1578.0 1567.0 
1578.0 1578.0 1578.0 
1584.0 1578.0 1584.0 
1587.0 1587.0 1584.0 
1593.0 1587.0 1593.0 
1597.0 1597.0 1593.0 
1597.0 1597.0 1597.0 
1597.0 1605.0 1605.0 
1610.0 1610.0 1605.0 
1610.0 1610.0 1610.0 
1618.0 1618.0 1610.0 
1619.0 1618.0 1619.0 
1625.0 1618.0 1625.0 
1628.0 1628.0 1625.0 
1632.0 1628.0 1632.0 
1637.0 1637.0 1632.0 
1640.0 1637.0 1640.0 
1647.0 1647.0 1640.0 
1647.0 1647.0 1647.0 
1656.0 1647.0 1656.0 
1662.0 1647.0 1662.0 
1665.0 1665.0 1662.0 
1673.0 1673.0 1662.0 
1673.0 1673.0 1673.0 
1673.0 1673.0 1673.0 
1680.0 1680.0 1673.0 
1680.0 1680.0 1680.0 
1680.0 1690.0 1690.0 
1690.0 1690.0 1690.0 
1703.0 1703.0 1690.0 
1703.0 1703.0 1703.0 
1710.0 1710.0 1703.0 
1710.0 1710.0 1710.0 
1718.0 1718.0 1710.0 
1718.0 1718.0 1718.0 
1728.0 1728.0 1718.0 
1728.0 1728.0 1728.0 
1735.0 1735.0 1728.0 
1735.0 1735.0 1735.0 
1743.0 1743.0 1735.0 
1745.0 1743.0 1745.0 
1750.0 1750.0 1745.0 
1756.0 1750.0 1756.0 
1762.0 1750.0 1762.0 
1764.0 1764.0 1762.0 
1771.0 1771.0 1762.0 
1771.0 1771.0 1771.0 
1777.0 1771.0 1777.0 
1784.0 1784.0 1777.0 
1788.0 1784.0 1788.0 
1791.0 1791.0 1788.0 
1798.0 1798.0 1788.0 
1804.0 1798.0 1804.0 
1805.0 1805.0 1804.0 
1812.0 1805.0 1812.0 
1813.0 1813.0 1812.0 
1820.0 1820.0 1812.0 
1827.0 1827.0 1812.0 
1830.0 1827.0 1830.0 
1833.0 1833.0 1830.0 
1840.0 1840.0 1830.0 
1845.0 1840.0 1845.0 
1849.0 1849.0 1845.0 
1852.0 1849.0 1852.0 
1858.0 1858.0 1852.0 
1860.0 1858.0 1860.0 
1866.0 1866.0 1860.0 
1868.0 1866.0 1868.0 
1875.0 1875.0 1868.0 
1875.0 1875.0 1875.0 
1883.0 1883.0 1875.0 
1883.0 1883.0 1883.0 
1891.0 1883.0 1891.0 
1891.0 1891.0 1891.0 
1901.0 1901.0 1891.0 
1908.0 1908.0 1891.0 
1908.0 1908.0 1908.0 
1915.0 1908.0 1915.0 
1917.0 1917.0 1915.0 
1924.0 1924.0 1915.0 
1925.0 1924.0 1925.0 
1932.0 1924.0 1932.0 
1934.0 1934.0 1932.0 
1934.0 1934.0 1934.0 
1941.0 1941.0 1934.0 
1941.0 1944.0 1944.0 
1951.0 1951.0 1944.0 
1951.0 1951.0 1951.0 
1960.0 1951.0 1960.0 
1960.0 1960.0 1960.0 
1968.0 1960.0 1968.0 
1968.0 1968.0 1968.0 
1976.0 1968.0 1976.0 
1976.0 1976.0 1976.0 
1983.0 1976.0 1983.0 
1986.0 1986.0 1983.0 
1989.0 1986.0 1989.0 
1995.0 1995.0 1989.0 
1998.0 1995.0 1998.0 
2005.0 2005.0 1998.0 
2007.0 2005.0 2007.0 
2007.0 2007.0 2007.0 
2024.0 2024.0 2007.0 
2033.0 2024.0 2033.0 
2033.0 2033.0 2033.0 
2033.0 2039.0 2039.0 
2040.0 2039.0 2040.0 
2040.0 2046.0 2046.0 
2050.0 2050.0 2046.0 
2058.0 2058.0 2046.0 
2058.0 2058.0 2058.0 
2058.0 2058.0 2058.0 
2065.0 2065.0 2058.0 
2065.0 2065.0 2065.0 
2078.0 2078.0 2065.0 
2078.0 2078.0 2078.0 
2085.0 2085.0 2078.0 
2095.0 2095.0 2078.0 
2095.0 2095.0 2095.0 
2108.0 2108.0 2095.0 
2114.0 2108.0 2114.0 
2114.0 2114.0 2114.0 
2123.0 2114.0 2123.0 
2123.0 2123.0 2123.0 
2133.0 2123.0 2133.0 
2133.0 2133.0 2133.0 
2140.0 2133.0 2140.0 
2140.0 2140.0 2140.0 
2149.0 2140.0 2149.0 
2149.0 2149.0 2149.0 
2156.0 2149.0 2156.0 
2156.0 2156.0 2156.0 
2156.0 2164.0 2164.0 
2169.0 2169.0 2164.0 
2169.0 2169.0 2169.0 
2176.0 2176.0 2169.0 
2176.0 2176.0 2176.0 
2182.0 2182.0 2176.0 
2182.0 2182.0 2182.0 
2191.0 2191.0 2182.0 
2191.0 2191.0 2191.0 
2191.0 2191.0 2191.0 
2200.0 2200.0 2191.0 
2200.0 2200.0 2200.0 
2208.0 2208.0 2200.0 
2208.0 2208.0 2208.0 
2208.0 2217.0 2217.0 
2225.0 2225.0 2217.0 
2234.0 2225.0 2234.0 
2235.0 2235.0 2234.0 
2235.0 2235.0 2235.0 
2244.0 2244.0 2235.0 
2244.0 2244.0 2244.0 
2254.0 2254.0 2244.0 
2254.0 2254.0 2254.0 
2263.0 2263.0 2254.0 
2273.0 2273.0 2254.0 
2273.0 2273.0 2273.0 
2280.0 2273.0 2280.0 
2282.0 2282.0 2280.0 
2295.0 2282.0 2295.0 
2298.0 2298.0 2295.0 
2298.0 2298.0 2298.0 
2308.0 2308.0 2298.0 
2308.0 2308.0 2308.0 
2315.0 2308.0 2315.0 
2319.0 2319.0 2315.0 
2319.0 2319.0 2319.0 
2319.0 2326.0 2326.0 
2332.0 2332.0 2326.0 
2332.0 2332.0 2332.0 
2343.0 2343.0 2332.0 
2343.0 2343.0 2343.0 
2353.0 2343.0 2353.0 
2353.0 2364.0 2364.0 
2366.0 2366.0 2364.0 
2366.0 2366.0 2366.0 
2372.0 2372.0 2366.0 
2372.0 2372.0 2372.0 
2379.0 2379.0 2372.0 
2379.0 2379.0 2379.0 
2385.0 2385.0 2379.0 
2386.0 2385.0 2386.0 
2392.0 2385.0 2392.0 
2399.0 2399.0 2392.0 
2405.0 2405.0 2392.0 
2406.0 2405.0 2406.0 
2406.0 2406.0 2406.0 
2412.0 2406.0 2412.0 
2419.0 2419.0 2412.0 
2419.0 2419.0 2419.0 
2425.0 2425.0 2419.0 
2429.0 2425.0 2429.0 
2432.0 2432.0 2429.0 
2438.0 2432.0 2438.0 
2444.0 2444.0 2438.0 
2444.0 2444.0 2444.0 
2453.0 2444.0 2453.0 
2453.0 2458.0 2458.0 
2465.0 2465.0 2458.0 
2465.0 2465.0 2465.0 
2474.0 2465.0 2474.0 
2474.0 2474.0 2474.0 
2487.0 2487.0 2474.0 
2487.0 2487.0 2487.0 
2494.0 2494.0 2487.0 
2494.0 2494.0 2494.0 
2494.0 2503.0 2503.0 
2508.0 2508.0 2503.0 
2508.0 2508.0 2508.0 
2515.0 2515.0 2508.0 
2515.0 2515.0 2515.0 
2523.0 2523.0 2515.0 
2523.0 2523.0 2523.0 
2532.0 2523.0 2532.0 
2532.0 2532.0 2532.0 
2546.0 2546.0 2532.0 
2549.0 2546.0 2549.0 
2549.0 2549.0 2549.0 
2562.0 2549.0 2562.0 
2567.0 2567.0 2562.0 
2569.0 2567.0 2569.0 
2581.0 2581.0 2569.0 
2586.0 2581.0 2586.0 
2592.0 2592.0 2586.0 
2592.0 2592.0 2592.0 
2605.0 2592.0 2605.0 
2610.0 2610.0 2605.0 
2616.0 2616.0 2605.0 
2616.0 2616.0 2616.0 
2628.0 2616.0 2628.0 
2637.0 2637.0 2628.0 
2641.0 2637.0 2641.0 
2648.0 2648.0 2641.0 
2657.0 2648.0 2657.0 
2657.0 2657.0 2657.0 
2663.0 2657.0 2663.0 
2663.0 2663.0 2663.0 
2671.0 2671.0 2663.0 
2671.0 2671.0 2671.0 
2671.0 2677.0 2677.0 
2683.0 2677.0 2683.0 
2686.0 2686.0 2683.0 
2686.0 2686.0 2686.0 
2692.0 2692.0 2686.0 
2692.0 2692.0 2692.0 
2703.0 2703.0 2692.0 
2703.0 2703.0 2703.0 
2713.0 2713.0 2703.0 
2713.0 2713.0 2713.0 
2725.0 2725.0 2713.0 
2732.0 2725.0 2732.0 
2732.0 2732.0 2732.0 
2742.0 2742.0 2732.0 
2742.0 2742.0 2742.0 
2753.0 2753.0 2742.0 
2753.0 2753.0 2753.0 
2759.0 2759.0 2753.0 
2759.0 2759.0 2759.0 
2771.0 2759.0 2771.0 
2771.0 2771.0 2771.0 
2777.0 2771.0 2777.0 
2777.0 2779.0 2779.0 
2777.0 2786.0 2786.0 
2777.0 2792.0 2792.0 
2794.0 2792.0 2794.0 
2794.0 2801.0 2801.0 
2807.0 2801.0 2807.0 
2807.0 2810.0 2810.0 
2814.0 2810.0 2814.0 
2814.0 2818.0 2818.0 
2828.0 2818.0 2828.0 
2828.0 2828.0 2828.0 
2828.0 2837.0 2837.0 
2838.0 2837.0 2838.0 
2847.0 2837.0 2847.0 
2847.0 2847.0 2847.0 
2861.0 2847.0 2861.0 
2861.0 2861.0 2861.0 
2870.0 2861.0 2870.0 
2870.0 2870.0 2870.0 
2880.0 2870.0 2880.0 
2880.0 2880.0 2880.0 
2880.0 2888.0 2888.0 
2893.0 2888.0 2893.0 
2893.0 2897.0 2897.0 
2900.0 2897.0 2900.0 
2900.0 2906.0 2906.0 
2900.0 2912.0 2912.0 
2917.0 2912.0 2917.0 
2917.0 2919.0 2919.0 
2927.0 2927.0 2919.0 
2927.0 2927.0 2927.0 
2936.0 2936.0 2927.0 
2936.0 2936.0 2936.0 
2942.0 2942.0 2936.0 
2942.0 2942.0 2942.0 
2953.0 2953.0 2942.0 
2953.0 2953.0 2953.0 
2953.0 2963.0 2963.0 
2966.0 2963.0 2966.0 
2966.0 2977.0 2977.0 
2979.0 2979.0 2977.0 
2979.0 2979.0 2979.0 
2985.0 2985.0 2979.0 
2985.0 2985.0 2985.0 
2985.0 2995.0 2995.0 
2985.0 3002.0 3002.0 
3002.0 3002.0 3002.0 
3016.0 3002.0 3016.0 
3016.0 3016.0 3016.0 
3016.0 3029.0 3029.0 
3030.0 3029.0 3030.0 
3030.0 3036.0 3036.0 
3042.0 3036.0 3042.0 
3042.0 3051.0 3051.0 
3052.0 3052.0 3051.0 
3052.0 3052.0 3052.0 
3061.0 3052.0 3061.0 
3069.0 3052.0 3069.0 
3069.0 3070.0 3070.0 
3077.0 3070.0 3077.0 
3089.0 3089.0 3077.0 
3089.0 3089.0 3089.0 
3097.0 3097.0 3089.0 
3103.0 3097.0 3103.0 
3103.0 3103.0 3103.0 
3111.0 3111.0 3103.0 
3111.0 3111.0 3111.0 
3122.0 3122.0 3111.0 
3122.0 3122.0 3122.0 
3130.0 3130.0 3122.0 
3130.0 3130.0 3130.0 
3139.0 3139.0 3130.0 
3139.0 3139.0 3139.0 
3149.0 3149.0 3139.0 
3149.0 3149.0 3149.0 
3149.0 3159.0 3159.0 
3161.0 3159.0 3161.0 
3161.0 3166.0 3166.0 
3175.0 3166.0 3175.0 
3175.0 3180.0 3180.0 
3193.0 3180.0 3193.0 
3201.0 3201.0 3193.0 
3201.0 3201.0 3201.0 
3215.0 3215.0 3201.0 
3215.0 3215.0 3215.0 
3225.0 3225.0 3215.0 
3225.0 3235.0 3235.0 
3235.0 3235.0 3235.0 
3235.0 3245.0 3245.0 
3249.0 3245.0 3249.0 
3249.0 3256.0 3256.0 
3261.0 3256.0 3261.0 
3261.0 3262.0 3262.0 
3267.0 3262.0 3267.0 
3267.0 3271.0 3271.0 
3267.0 3279.0 3279.0 
3284.0 3279.0 3284.0 
3284.0 3287.0 3287.0 
3297.0 3297.0 3287.0 
3299.0 3297.0 3299.0 
3305.0 3305.0 3299.0 
3305.0 3305.0 3305.0 
3315.0 3305.0 3315.0 
3316.0 3316.0 3315.0 
3316.0 3316.0 3316.0 
3322.0 3322.0 3316.0 
3322.0 3322.0 3322.0 
3331.0 3322.0 3331.0 
3337.0 3322.0 3337.0 
3345.0 3322.0 3345.0 
3345.0 3345.0 3345.0 
3351.0 3345.0 3351.0 
3351.0 3359.0 3359.0 
3363.0 3359.0 3363.0 
3371.0 3359.0 3371.0 
3377.0 3377.0 3371.0 
3377.0 3377.0 3377.0 
3377.0 3385.0 3385.0 
3391.0 3385.0 3391.0 
3399.0 3385.0 3399.0 
3401.0 3401.0 3399.0 
3407.0 3401.0 3407.0 
3408.0 3408.0 3407.0 
3414.0 3414.0 3407.0 
3423.0 3423.0 3407.0 
3424.0 3423.0 3424.0 
3432.0 3432.0 3424.0 
3434.0 3432.0 3434.0 
3440.0 3440.0 3434.0 
3454.0 3440.0 3454.0 
3462.0 3462.0 3454.0 
3462.0 3462.0 3462.0 
3472.0 3462.0 3472.0 
3472.0 3472.0 3472.0 
3472.0 3481.0 3481.0 
3484.0 3484.0 3481.0 
3484.0 3489.0 3489.0 
3490.0 3490.0 3489.0 
3490.0 3497.0 3497.0 
3507.0 3497.0 3507.0 
3515.0 3497.0 3515.0 
3516.0 3516.0 3515.0 
3516.0 3516.0 3516.0 
3516.0 3524.0 3524.0 
3532.0 3524.0 3532.0 
3532.0 3532.0 3532.0 
3541.0 3541.0 3532.0 
3541.0 3541.0 3541.0 
3541.0 3547.0 3547.0 
3541.0 3556.0 3556.0 
3566.0 3566.0 3556.0 
3566.0 3574.0 3574.0 
3579.0 3579.0 3574.0 
3579.0 3582.0 3582.0 
3579.0 3590.0 3590.0 
3599.0 3590.0 3599.0 
3599.0 3599.0 3599.0 
3609.0 3599.0 3609.0 
3609.0 3609.0 3609.0 
3609.0 3619.0 3619.0 
3622.0 3619.0 3622.0 
3622.0 3628.0 3628.0 
3622.0 3638.0 3638.0 
3645.0 3638.0 3645.0 
3654.0 3638.0 3654.0 
3660.0 3660.0 3654.0 
3662.0 3660.0 3662.0 
3670.0 3660.0 3670.0 
3679.0 3679.0 3670.0 
3688.0 3679.0 3688.0 
3696.0 3679.0 3696.0 
3696.0 3696.0 3696.0 
3705.0 3696.0 3705.0 
3705.0 3705.0 3705.0 
3711.0 3705.0 3711.0 
3711.0 3711.0 3711.0 
3720.0 3711.0 3720.0 
3726.0 3711.0 3726.0 
3736.0 3736.0 3726.0 
3736.0 3736.0 3736.0 
3742.0 3736.0 3742.0 
3753.0 3736.0 3753.0 
3753.0 3753.0 3753.0 
3763.0 3753.0 3763.0 
3763.0 3763.0 3763.0 
3773.0 3763.0 3773.0 
3782.0 3763.0 3782.0 
3782.0 3790.0 3790.0 
3800.0 3790.0 3800.0 
3800.0 3800.0 3800.0 
3809.0 3800.0 3809.0 
3809.0 3818.0 3818.0 
3826.0 3826.0 3818.0 
3833.0 3833.0 3818.0 
3834.0 3833.0 3834.0 
3849.0 3833.0 3849.0 
3861.0 3861.0 3849.0 
3866.0 3861.0 3866.0 
3876.0 3876.0 3866.0 
3877.0 3876.0 3877.0 
3886.0 3886.0 3877.0 
3886.0 3886.0 3886.0 
3898.0 3898.0 3886.0 
3898.0 3907.0 3907.0 
3908.0 3908.0 3907.0 
3908.0 3915.0 3915.0 
3921.0 3921.0 3915.0 
3921.0 3922.0 3922.0 
3936.0 3922.0 3936.0 
3949.0 3949.0 3936.0 
3949.0 3967.0 3967.0 
3980.0 3980.0 3967.0 
3985.0 3980.0 3985.0 
3987.0 3987.0 3985.0 
4001.0 4001.0 3985.0 
4001.0 4001.0 4001.0 
4008.0 4001.0 4008.0 
4014.0 4014.0 4008.0 
4016.0 4014.0 4016.0 
4021.0 4021.0 4016.0 
4032.0 4021.0 4032.0 
4036.0 4036.0 4032.0 
4041.0 4036.0 4041.0 
4050.0 4050.0 4041.0 
4051.0 4050.0 4051.0 
4059.0 4050.0 4059.0 
4060.0 4060.0 4059.0 
4068.0 4060.0 4068.0 
4071.0 4071.0 4068.0 
4077.0 4077.0 4068.0 
4077.0 4077.0 4077.0 
4083.0 4077.0 4083.0 
4086.0 4086.0 4083.0 
4090.0 4086.0 4090.0 
4098.0 4098.0 4090.0 
4104.0 4098.0 4104.0 
4109.0 4109.0 4104.0 
4112.0 4109.0 4112.0 
4120.0 4109.0 4120.0 
4128.0 4128.0 4120.0 
4129.0 4128.0 4129.0 
4139.0 4128.0 4139.0 
4139.0 4147.0 4147.0 
4158.0 4158.0 4147.0 
4158.0 4169.0 4169.0 
4176.0 4169.0 4176.0 
4176.0 4188.0 4188.0 
4202.0 4188.0 4202.0 
4202.0 4207.0 4207.0 
4202.0 4218.0 4218.0 
4202.0 4230.0 4230.0 
4232.0 4230.0 4232.0 
4232.0 4239.0 4239.0 
4245.0 4239.0 4245.0 
4245.0 4245.0 4245.0 
4255.0 4245.0 4255.0 
4262.0 4245.0 4262.0 
4263.0 4263.0 4262.0 
4270.0 4270.0 4262.0 
4280.0 4280.0 4262.0 
4291.0 4280.0 4291.0 
4305.0 4280.0 4305.0 
4305.0 4305.0 4305.0 
4305.0 4317.0 4317.0 
4318.0 4317.0 4318.0 
4318.0 4323.0 4323.0 
4328.0 4323.0 4328.0 
4335.0 4323.0 4335.0 
4335.0 4342.0 4342.0 
4349.0 4342.0 4349.0 
4349.0 4356.0 4356.0 
4359.0 4356.0 4359.0 
4368.0 4356.0 4368.0 
4368.0 4382.0 4382.0 
4390.0 4390.0 4382.0 
4390.0 4390.0 4390.0 
4404.0 4390.0 4404.0 
4433.0 4433.0 4404.0 
4445.0 4433.0 4445.0 
4455.0 4455.0 4445.0 
4455.0 4459.0 4459.0 
4464.0 4464.0 4459.0 
4464.0 4469.0 4469.0 
4486.0 4486.0 4469.0 
4486.0 4486.0 4486.0 
4486.0 4512.0 4512.0 
4486.0 4518.0 4518.0 
4533.0 4518.0 4533.0 
4533.0 4533.0 4533.0 
4551.0 4533.0 4551.0 
4551.0 4551.0 4551.0 
4551.0 4563.0 4563.0 
4582.0 4563.0 4582.0 
4582.0 4600.0 4600.0 
4620.0 4600.0 4620.0 
4640.0 4600.0 4640.0 
4657.0 4657.0 4640.0 
4657.0 4657.0 4657.0 
4666.0 4666.0 4657.0 
4666.0 4668.0 4668.0 
4676.0 4676.0 4668.0 
4684.0 4684.0 4668.0 
4684.0 4689.0 4689.0 
4693.0 4693.0 4689.0 
4693.0 4696.0 4696.0 
4693.0 4710.0 4710.0 
4724.0 4710.0 4724.0 
4724.0 4739.0 4739.0 
4724.0 4757.0 4757.0 
4776.0 4784.0 4757.0 
;
EXECUTION TIME HBSS: 6120.44084311 seconds 

-------------------------------------------------------------------
