DATFILE : offices1_4r_1000.dat
ENVIRONMENT : office
ALGORITHM : HBSS - TAU 9
RANGE : 1000
STARTING_POS : 42
N_ROBOTS : 4
GREEDY SOLUTION : 3260.0
COMPUTATIONS T :
3405.0
3213.0
3285.0
3262.0
3262.0
3262.0
3262.0
3262.0
3421.0
3326.0
3242.0
3262.0
3240.0
3141.0
3257.0
3333.0
3262.0
3262.0
3262.0
3262.0
3315.0
3230.0
3262.0
3300.0
3300.0
3262.0
3262.0
3262.0
3262.0
3155.0
3262.0
3262.0
3262.0
3262.0
3272.0
3262.0
3319.0
3261.0
3249.0
3262.0
3262.0
3196.0
3292.0
3278.0
3262.0
3273.0
3262.0
3280.0
3459.0
3262.0
3262.0
3215.0
3262.0
3210.0
3262.0
3262.0
3281.0
3265.0
3225.0
3306.0
3248.0
3189.0
3262.0
3259.0
3334.0
3195.0
3129.0
3249.0
3262.0
3262.0
3262.0
3341.0
3260.0
3262.0
3262.0
3270.0
3196.0
3305.0
3280.0
3282.0
3285.0
3354.0
3167.0
3242.0
3157.0
3285.0
3219.0
3280.0
3245.0
3236.0
3324.0
3229.0
3309.0
3258.0
3262.0
3393.0
3262.0
3232.0
3262.0
3262.0
3265.0
3339.0
3288.0
3277.0
3203.0
3262.0
3314.0
3262.0
3262.0
3262.0
3264.0
3199.0
3287.0
3317.0
3262.0
3262.0
3262.0
3319.0
3195.0
3237.0
3281.0
3338.0
3199.0
3327.0
3262.0
3306.0
3265.0
3224.0
3317.0
3208.0
3320.0
3311.0
3326.0
3260.0
3324.0
3159.0
3198.0
3313.0
3262.0
3319.0
3372.0
3240.0
3262.0
3262.0
3305.0
3280.0
3366.0
3284.0
3186.0
3273.0
3281.0
3190.0
3267.0
3262.0
3262.0
3246.0
3263.0
3262.0
3274.0
3262.0
3259.0
3262.0
3264.0
3242.0
3250.0
3298.0
3283.0
3311.0
3262.0
3262.0
3306.0
3285.0
3310.0
3262.0
3239.0
3262.0
3310.0
3302.0
3268.0
3197.0
3262.0
3182.0
3262.0
3222.0
3297.0
3279.0
3250.0
3262.0
3249.0
3358.0
3262.0
3262.0
3262.0
3262.0
3268.0
3197.0
3281.0
3225.0
3201.0
3297.0
;
HBBS bestT : 3129.0
BEST_CONFIGURATIONS : 
42 42 42 42 
41 42 42 42 
41 42 5 24 
41 42 5 24 
41 42 5 24 
41 42 5 24 
41 42 5 24 
41 42 5 4 
41 42 5 4 
41 42 5 4 
41 42 24 4 
36 42 24 4 
36 42 24 4 
36 42 24 4 
36 42 5 4 
36 41 5 4 
36 41 5 3 
36 41 5 3 
36 41 5 3 
36 41 24 3 
35 36 24 3 
35 36 24 3 
35 36 24 3 
35 36 4 3 
35 36 4 3 
35 41 4 3 
34 41 4 3 
34 41 4 3 
34 41 4 3 
34 41 24 3 
34 36 24 3 
34 36 24 23 
34 36 24 23 
34 36 24 23 
34 36 24 2 
34 36 24 2 
34 36 4 2 
34 36 24 2 
35 36 24 2 
35 41 24 2 
35 41 5 2 
35 41 5 2 
35 42 5 2 
35 42 5 2 
35 42 5 23 
35 42 5 23 
35 42 5 23 
34 42 5 23 
34 42 5 23 
34 42 5 26 
34 42 5 26 
34 42 5 26 
34 42 5 27 
34 42 5 27 
34 42 5 27 
34 42 5 32 
34 42 5 32 
34 42 5 32 
35 42 5 27 
35 42 24 27 
35 41 24 27 
35 41 4 27 
36 41 4 27 
36 40 4 27 
36 40 4 27 
36 40 4 27 
36 40 4 32 
36 40 4 32 
36 40 4 32 
36 40 24 32 
36 40 24 32 
41 40 24 32 
41 40 24 32 
41 40 5 32 
36 40 5 33 
36 40 5 33 
36 40 24 33 
41 40 24 33 
41 39 24 33 
41 39 24 33 
41 39 24 33 
41 39 4 33 
41 39 4 33 
36 39 4 33 
36 39 4 32 
35 39 4 32 
35 39 4 32 
35 39 3 32 
35 39 3 32 
34 39 3 32 
34 39 3 27 
34 39 3 27 
34 39 3 31 
34 39 3 31 
34 39 3 31 
35 26 3 31 
35 26 3 30 
35 26 3 30 
35 26 3 30 
35 26 3 30 
35 27 3 30 
34 27 3 30 
34 27 23 30 
34 27 23 30 
33 27 23 30 
33 27 23 30 
33 27 23 30 
33 32 23 30 
33 32 23 30 
33 32 23 30 
33 32 2 30 
33 27 2 30 
33 27 2 30 
33 32 2 30 
33 32 2 29 
33 32 2 29 
33 32 2 29 
33 27 2 29 
33 27 23 29 
32 27 23 29 
27 27 26 29 
27 32 26 29 
27 32 26 29 
31 27 26 29 
31 27 26 29 
31 27 26 29 
31 32 26 29 
31 32 23 29 
31 32 23 30 
31 33 23 30 
31 33 2 30 
31 33 2 28 
31 33 2 28 
31 33 2 28 
27 33 2 28 
27 33 23 28 
27 32 23 28 
26 32 2 28 
26 32 2 28 
26 33 2 28 
26 33 23 28 
26 33 23 17 
26 33 23 17 
26 33 23 17 
27 33 23 17 
27 33 2 17 
27 32 2 17 
31 32 2 17 
31 33 3 17 
31 33 3 17 
30 33 3 17 
29 34 3 17 
29 34 3 17 
29 34 3 17 
29 34 3 17 
29 35 3 17 
29 35 3 17 
29 35 24 17 
29 35 24 17 
29 36 24 17 
29 36 24 17 
29 36 4 17 
29 36 4 17 
29 41 4 17 
29 41 4 17 
30 41 4 17 
30 41 4 17 
30 41 4 28 
30 41 4 28 
30 41 4 28 
30 41 24 28 
30 41 24 28 
30 36 24 28 
30 36 24 28 
30 36 5 28 
30 36 5 28 
30 35 5 28 
31 35 5 28 
31 35 5 28 
31 35 5 29 
30 35 5 29 
30 33 5 29 
29 33 5 28 
29 34 5 28 
31 34 4 28 
31 36 4 28 
31 36 24 28 
31 36 24 19 
31 36 24 19 
31 36 24 19 
27 36 24 19 
27 36 4 19 
27 41 4 19 
32 41 4 19 
32 42 4 19 
32 42 3 19 
32 42 3 19 
33 42 3 19 
33 42 3 19 
34 42 3 19 
34 41 23 19 
34 41 23 19 
35 41 23 19 
35 41 2 19 
35 40 2 19 
35 40 2 19 
35 40 2 19 
35 40 23 19 
34 40 23 19 
34 40 23 17 
34 40 26 17 
36 40 26 17 
36 40 26 28 
36 40 38 28 
36 40 38 28 
36 40 38 28 
41 40 26 28 
41 40 26 29 
41 40 38 29 
41 40 38 30 
41 40 38 30 
41 40 38 31 
41 40 38 31 
41 40 38 31 
41 40 38 27 
42 40 38 27 
42 40 38 27 
42 40 38 32 
42 39 38 32 
42 39 26 32 
42 39 26 31 
42 39 23 31 
42 39 23 30 
42 39 23 30 
42 39 2 30 
42 39 2 29 
42 39 2 29 
42 39 1 29 
42 39 1 28 
42 39 1 28 
42 39 1 28 
42 39 1 28 
42 26 1 28 
42 26 1 29 
41 26 1 29 
41 27 1 29 
41 27 1 30 
36 27 1 30 
36 32 1 30 
36 32 1 31 
35 32 1 31 
35 33 1 31 
35 33 1 31 
34 33 1 31 
34 33 1 31 
34 33 1 38 
34 33 1 38 
34 33 1 38 
35 33 1 38 
35 34 1 38 
35 34 23 38 
35 34 2 38 
33 34 2 37 
33 27 2 37 
33 27 2 37 
33 27 2 43 
33 27 2 43 
33 27 2 43 
33 32 2 37 
33 32 23 37 
34 32 23 37 
34 32 23 43 
34 32 23 43 
34 32 23 43 
35 32 23 37 
35 32 26 37 
35 31 26 37 
35 31 38 37 
36 31 38 37 
36 30 38 37 
41 30 37 37 
41 30 37 43 
41 30 37 43 
41 30 37 43 
41 29 37 43 
41 29 37 43 
36 29 37 43 
36 28 37 43 
36 28 37 43 
35 28 37 43 
35 29 38 43 
35 29 38 43 
35 29 26 43 
35 31 26 43 
18 31 26 43 
18 31 27 43 
18 31 27 43 
18 31 32 43 
18 31 32 37 
18 30 32 37 
18 30 33 37 
18 30 33 38 
18 29 33 38 
18 29 33 26 
18 29 34 26 
18 28 34 26 
18 28 34 23 
18 28 35 23 
18 17 35 23 
18 17 35 2 
18 17 36 2 
18 19 36 2 
18 19 41 2 
18 19 41 3 
18 16 41 3 
18 16 42 3 
18 16 42 3 
18 16 42 3 
18 16 41 3 
18 16 41 24 
18 16 41 24 
18 16 36 24 
18 16 36 4 
18 16 36 4 
18 16 35 4 
18 16 35 5 
18 16 35 5 
18 16 34 5 
18 16 33 5 
20 16 33 5 
20 16 33 5 
20 16 33 4 
20 16 33 24 
20 16 32 24 
20 16 32 24 
20 16 27 24 
20 16 27 5 
20 16 27 5 
20 16 26 5 
20 16 26 5 
20 16 26 24 
20 16 26 4 
9 16 26 4 
9 16 26 4 
9 16 26 4 
9 16 27 4 
9 16 27 24 
9 16 32 24 
9 6 32 24 
9 6 32 24 
9 6 32 4 
9 6 27 4 
9 6 27 24 
20 6 27 24 
20 6 31 24 
20 6 31 24 
20 6 31 5 
20 6 30 5 
20 6 30 5 
20 6 29 5 
20 6 29 5 
20 6 29 41 
20 6 29 41 
20 6 28 41 
20 6 28 41 
20 6 28 36 
20 6 28 36 
20 6 17 36 
20 6 17 36 
20 6 17 35 
20 6 17 35 
20 6 17 34 
20 6 17 34 
20 6 19 34 
20 6 19 34 
20 6 19 33 
9 6 19 33 
9 6 19 33 
9 6 19 34 
9 22 19 34 
9 22 19 34 
9 22 19 34 
9 7 19 34 
9 7 19 34 
9 7 19 34 
9 7 19 35 
9 7 19 35 
9 7 17 35 
9 7 17 35 
9 7 17 36 
9 22 17 36 
9 22 17 36 
9 7 17 36 
20 7 17 36 
20 7 28 36 
20 7 28 41 
9 7 28 41 
9 7 28 41 
9 22 28 41 
9 22 28 41 
20 22 28 41 
20 22 29 41 
20 22 29 42 
20 22 29 42 
20 7 29 42 
20 7 29 42 
9 7 29 42 
9 7 29 42 
9 7 30 42 
9 7 30 42 
9 22 30 42 
9 22 30 5 
9 22 30 5 
9 22 31 5 
9 22 31 5 
9 22 31 24 
9 22 27 24 
9 22 27 4 
9 22 32 4 
12 22 32 4 
12 22 32 4 
12 22 32 4 
12 7 32 4 
12 7 27 4 
12 7 27 4 
12 7 27 4 
12 7 32 4 
12 7 32 24 
12 7 32 24 
12 7 33 24 
12 7 33 5 
12 7 33 5 
12 7 33 5 
12 22 33 5 
21 7 33 5 
21 7 33 5 
21 7 33 5 
21 22 33 5 
21 22 33 24 
21 22 32 24 
21 22 27 24 
21 22 27 4 
21 6 27 4 
21 6 26 4 
21 6 26 4 
8 6 26 4 
8 6 26 4 
8 6 26 3 
8 6 26 3 
8 6 27 3 
8 22 27 3 
8 22 27 3 
8 22 32 3 
8 7 32 3 
8 7 32 3 
8 7 33 3 
21 7 33 3 
21 7 34 3 
21 10 34 3 
21 10 34 3 
21 10 34 3 
8 10 34 3 
8 10 34 3 
8 10 34 23 
8 10 34 23 
8 10 35 23 
8 10 35 23 
8 10 35 2 
8 10 35 2 
8 10 36 2 
8 10 36 2 
21 10 36 2 
21 10 36 2 
21 11 36 2 
21 11 36 2 
21 11 36 2 
8 11 36 2 
8 11 36 23 
8 11 41 23 
8 11 41 23 
8 11 41 26 
21 11 41 26 
21 11 41 27 
8 11 42 27 
8 11 42 27 
8 11 42 32 
21 11 42 32 
21 11 42 33 
10 11 42 33 
10 11 41 33 
10 11 41 32 
10 11 41 27 
10 11 42 27 
10 11 42 26 
10 22 42 26 
10 22 42 26 
10 7 42 26 
10 7 42 26 
10 7 5 26 
10 7 5 38 
10 7 5 38 
10 7 5 38 
10 22 5 38 
10 22 24 38 
10 22 24 38 
10 22 4 38 
10 22 4 38 
10 6 4 38 
10 6 4 38 
10 6 4 37 
10 6 4 37 
10 6 4 37 
10 6 4 43 
10 6 4 43 
10 6 4 43 
10 6 24 37 
10 22 24 37 
11 22 24 37 
11 22 24 37 
11 22 24 37 
11 7 24 37 
11 7 24 43 
11 7 24 43 
11 7 24 43 
11 7 24 37 
11 7 4 37 
11 22 4 43 
21 22 4 43 
21 22 3 43 
8 22 3 43 
8 15 3 43 
8 15 3 43 
8 15 3 43 
8 15 3 37 
8 15 3 37 
8 15 3 37 
21 15 3 37 
21 15 3 37 
21 15 23 37 
21 15 23 37 
21 15 23 38 
21 15 23 38 
21 15 2 38 
8 15 2 38 
8 15 2 26 
8 15 1 26 
8 15 1 26 
8 15 1 27 
21 15 1 27 
21 15 1 32 
11 15 1 32 
11 15 1 32 
11 15 1 33 
11 15 1 34 
11 15 1 34 
11 15 0 34 
11 15 0 34 
11 15 0 34 
11 15 0 35 
11 15 0 35 
11 15 0 35 
21 15 0 35 
21 15 0 35 
21 22 0 35 
21 22 0 35 
8 22 0 35 
8 7 0 35 
8 7 0 36 
12 7 0 36 
12 7 0 36 
12 6 0 36 
12 6 0 36 
12 6 0 41 
12 6 0 41 
12 16 0 41 
12 16 0 41 
12 16 0 42 
12 16 0 42 
20 16 0 42 
20 19 0 42 
20 19 0 5 
20 19 0 5 
9 19 0 5 
9 19 0 24 
9 17 0 24 
9 17 0 4 
12 17 0 4 
12 17 25 4 
12 17 25 4 
12 17 25 4 
12 17 25 24 
12 28 25 24 
12 28 25 24 
12 28 25 5 
12 29 25 5 
12 29 25 5 
12 30 25 5 
12 30 25 5 
12 30 25 41 
12 31 25 41 
12 31 25 41 
12 31 25 36 
12 27 25 36 
20 27 25 36 
20 32 25 36 
20 32 25 35 
9 32 25 35 
9 33 25 35 
9 33 25 34 
9 27 0 34 
9 27 0 33 
9 32 0 33 
18 32 0 33 
18 32 25 33 
18 32 25 26 
18 39 25 26 
18 39 25 26 
18 39 25 38 
18 39 25 38 
18 26 25 38 
18 26 0 38 
18 26 0 38 
20 23 0 38 
20 23 0 38 
20 23 0 38 
20 2 0 38 
20 2 0 38 
20 2 0 37 
20 2 0 37 
20 2 0 43 
20 2 0 43 
20 3 0 43 
20 3 0 43 
20 3 0 25 
20 3 0 25 
9 3 0 25 
9 3 0 43 
9 3 25 43 
9 23 25 43 
9 23 25 37 
9 23 25 37 
9 23 25 37 
9 2 25 37 
9 2 25 37 
9 2 25 38 
9 2 25 39 
9 2 0 39 
9 1 0 39 
9 1 0 39 
20 1 0 39 
20 1 0 39 
20 1 25 39 
12 1 25 39 
12 1 25 23 
12 1 25 23 
12 1 43 23 
12 1 43 23 
12 1 43 2 
12 1 43 2 
12 1 37 2 
12 1 37 2 
12 1 38 2 
12 23 38 2 
12 23 26 2 
12 39 26 2 
12 39 26 3 
12 39 23 3 
12 40 23 3 
12 40 23 3 
12 40 2 3 
20 40 2 3 
20 40 23 4 
9 40 23 4 
9 40 1 4 
9 40 1 4 
9 40 1 24 
21 39 1 24 
21 39 1 5 
21 39 1 5 
8 39 1 5 
8 39 1 5 
8 39 1 24 
8 39 25 24 
8 40 25 24 
8 40 25 24 
8 40 25 4 
8 40 0 4 
21 40 0 4 
21 40 25 4 
21 40 25 42 
11 39 25 42 
11 39 25 42 
11 40 25 42 
11 40 43 42 
11 40 43 42 
11 40 37 42 
11 40 37 42 
10 40 37 42 
10 40 25 42 
10 39 25 42 
10 39 25 40 
10 39 0 40 
10 1 0 40 
10 1 43 5 
22 1 43 5 
22 1 37 5 
7 1 37 5 
7 23 37 5 
7 23 25 5 
7 2 25 5 
7 2 25 40 
22 2 25 40 
22 2 25 40 
22 2 25 40 
22 23 25 40 
22 23 25 39 
22 23 43 39 
7 39 43 39 
7 39 37 39 
6 23 37 39 
6 23 37 1 
6 23 25 1 
6 2 25 1 
6 2 25 39 
6 3 1 39 
6 3 1 40 
6 3 38 40 
16 3 38 40 
16 3 38 39 
16 23 38 39 
16 23 37 39 
16 23 37 40 
16 2 37 40 
16 2 43 40 
16 2 25 40 
16 1 25 40 
16 1 25 18 
19 1 25 18 
19 1 25 18 
19 1 43 18 
19 26 43 18 
19 26 37 18 
19 38 37 18 
19 38 37 12 
19 39 37 12 
19 39 28 12 
19 39 28 21 
19 39 28 21 
19 39 28 8 
19 39 28 8 
19 39 29 8 
19 39 29 8 
19 31 29 8 
19 31 30 8 
19 31 30 8 
19 29 30 21 
19 29 30 21 
17 29 30 21 
17 29 31 21 
17 28 31 21 
17 28 31 8 
17 43 31 8 
17 43 38 8 
17 37 38 8 
17 37 38 11 
17 37 38 11 
28 37 38 11 
29 37 38 11 
29 37 31 11 
29 19 31 11 
30 19 31 11 
29 16 31 11 
29 16 30 11 
29 16 30 11 
29 16 31 11 
28 16 31 11 
28 16 31 21 
28 16 31 8 
17 16 31 8 
17 16 39 8 
17 19 39 8 
17 19 39 10 
17 19 39 10 
28 19 39 10 
28 17 1 10 
29 17 1 10 
29 17 0 10 
29 28 0 10 
30 28 0 10 
30 28 0 10 
31 28 0 10 
31 28 0 10 
31 16 0 10 
33 16 0 10 
33 6 0 11 
33 6 3 11 
31 7 3 11 
31 7 3 22 
31 7 3 6 
28 7 3 6 
28 22 3 6 
17 15 3 6 
17 15 4 6 
17 15 4 6 
17 15 24 6 
28 15 24 6 
28 15 24 22 
28 15 5 22 
28 15 5 7 
29 15 5 7 
30 15 5 7 
30 15 41 7 
31 15 41 7 
31 15 41 10 
31 15 36 10 
26 13 36 10 
26 13 34 10 
26 13 34 7 
26 13 34 22 
27 13 34 22 
27 13 35 22 
32 13 35 22 
32 13 36 22 
32 13 36 6 
33 13 36 6 
33 13 41 6 
33 13 41 16 
33 13 42 16 
31 13 42 16 
31 13 42 19 
30 13 42 19 
30 13 5 19 
29 13 5 19 
29 13 5 17 
29 13 5 17 
28 13 5 17 
28 13 24 17 
28 13 4 17 
28 13 4 43 
28 13 4 37 
28 13 3 37 
25 13 3 37 
25 13 3 38 
0 13 3 38 
0 13 23 38 
0 13 23 39 
0 13 2 39 
1 13 2 39 
1 13 2 40 
25 15 2 40 
25 15 39 40 
25 15 39 40 
0 14 39 40 
0 14 23 40 
0 14 23 39 
0 14 2 39 
0 14 2 26 
25 14 2 26 
25 14 2 27 
43 14 2 27 
43 14 3 27 
43 14 3 32 
37 14 3 32 
37 14 3 33 
37 14 24 33 
38 14 24 33 
38 14 24 34 
38 14 4 34 
38 14 4 35 
1 14 4 35 
1 14 5 35 
1 14 5 36 
1 14 5 41 
1 14 42 41 
1 14 42 40 
31 14 42 40 
30 14 42 40 
29 14 42 40 
29 14 18 40 
29 14 18 40 
28 14 18 40 
17 14 18 40 
17 14 18 42 
17 14 20 42 
17 14 9 42 
19 14 9 42 
16 14 9 42 
16 14 12 42 
16 14 12 18 
16 14 20 18 
6 14 20 18 
6 14 20 18 
6 14 9 18 
22 14 9 18 
22 14 9 18 
7 14 9 18 
7 14 9 18 
7 14 21 18 
7 14 21 18 
7 14 8 18 
7 14 8 18 
10 14 8 18 
10 14 8 18 
10 14 12 18 
10 15 12 18 
10 15 12 18 
10 15 20 18 
10 15 20 18 
10 15 9 18 
10 15 9 18 
10 15 9 20 
10 15 9 12 
11 15 9 12 
11 15 9 12 
11 13 9 12 
11 13 9 12 
11 13 9 12 
11 13 20 12 
11 13 20 12 
11 13 20 12 
21 13 20 12 
21 13 9 12 
21 13 9 12 
8 13 9 12 
8 13 9 12 
8 13 9 12 
8 13 20 12 
8 13 20 21 
8 13 20 21 
8 14 20 11 
11 14 18 11 
11 13 18 11 
11 13 18 10 
15 13 18 10 
15 13 34 12 
14 13 34 12 
14 13 35 12 
14 15 35 12 
15 15 42 12 
15 6 42 12 
7 16 42 12 
7 16 42 6 
22 16 42 6 
15 16 42 6 
15 16 42 19 
15 16 42 19 
11 16 5 19 
42 42 42 42 
;
ROBOT MOVING BEST:
0 0 0 0 
1 1 0 0 
0 0 1 1 
1 0 1 0 
1 0 0 1 
0 1 1 0 
0 1 0 1 
1 0 0 1 
0 1 0 1 
0 0 1 1 
0 0 1 1 
1 1 0 0 
1 0 1 0 
1 0 0 1 
1 0 1 0 
1 1 0 0 
1 0 0 1 
0 1 0 1 
0 0 1 1 
0 0 1 1 
1 1 0 0 
1 0 1 0 
1 0 0 1 
1 0 1 0 
0 0 1 1 
1 1 0 0 
1 1 0 0 
1 0 1 0 
1 0 0 1 
1 0 1 0 
1 1 0 0 
1 0 0 1 
0 1 0 1 
0 0 1 1 
1 0 0 1 
0 1 0 1 
0 0 1 1 
0 0 1 1 
1 0 0 1 
0 1 0 1 
1 0 1 0 
0 0 1 1 
1 1 0 0 
0 1 0 1 
1 0 0 1 
0 1 0 1 
0 0 1 1 
1 1 0 0 
1 0 1 0 
1 0 0 1 
0 1 0 1 
0 0 1 1 
1 0 0 1 
0 1 0 1 
0 0 1 1 
1 0 0 1 
0 1 0 1 
0 0 1 1 
1 0 0 1 
0 0 1 1 
0 1 0 1 
0 0 1 1 
1 0 0 1 
1 1 0 0 
0 1 1 0 
0 1 0 1 
1 0 0 1 
0 1 0 1 
0 0 1 1 
0 1 1 0 
0 0 1 1 
1 1 0 0 
1 0 0 1 
0 1 1 0 
1 0 0 1 
0 1 0 1 
0 0 1 1 
1 0 0 1 
1 1 0 0 
0 1 1 0 
0 1 0 1 
0 1 1 0 
0 0 1 1 
1 1 0 0 
0 1 0 1 
1 1 0 0 
1 0 0 1 
0 1 1 0 
0 0 1 1 
1 1 0 0 
0 1 0 1 
0 0 1 1 
1 0 0 1 
0 1 0 1 
0 0 1 1 
1 1 0 0 
1 0 0 1 
0 1 1 0 
0 1 0 1 
0 0 1 1 
0 1 0 1 
1 0 0 1 
0 1 1 0 
0 0 1 1 
1 1 0 0 
1 0 1 0 
1 0 0 1 
1 1 0 0 
0 1 1 0 
0 1 0 1 
1 0 1 0 
0 1 1 0 
0 0 1 1 
0 1 1 0 
1 0 0 1 
0 1 0 1 
0 0 1 1 
0 1 0 1 
0 0 1 1 
1 1 0 0 
1 0 1 0 
0 1 1 0 
0 0 1 1 
1 1 0 0 
1 0 1 0 
1 0 0 1 
1 1 0 0 
1 0 1 0 
1 0 0 1 
1 1 0 0 
1 0 1 0 
1 0 0 1 
0 1 0 1 
0 0 1 1 
1 0 0 1 
0 0 1 1 
0 1 0 1 
1 0 1 0 
1 0 0 1 
1 1 0 0 
1 0 1 0 
1 0 0 1 
0 1 0 1 
0 0 1 1 
1 0 0 1 
0 0 1 1 
0 1 0 1 
1 0 0 1 
0 1 1 0 
0 0 1 1 
1 0 0 1 
1 1 0 0 
1 0 1 0 
1 0 0 1 
0 1 0 1 
1 1 0 0 
0 1 0 1 
1 0 1 0 
0 0 1 1 
1 1 0 0 
0 1 0 1 
1 0 1 0 
0 0 1 1 
1 1 0 0 
0 1 0 1 
1 1 0 0 
1 0 1 0 
1 0 0 1 
0 1 0 1 
0 0 1 1 
1 0 1 0 
0 0 1 1 
1 1 0 0 
0 1 0 1 
1 0 1 0 
0 0 1 1 
0 1 0 1 
1 1 0 0 
1 0 1 0 
0 0 1 1 
1 0 0 1 
0 1 1 0 
1 0 0 1 
0 1 0 1 
1 0 1 0 
1 1 0 0 
1 0 1 0 
1 0 0 1 
0 1 0 1 
0 0 1 1 
1 0 0 1 
0 0 1 1 
0 1 0 1 
1 0 0 1 
0 1 0 1 
0 1 1 0 
0 0 1 1 
1 1 0 0 
1 0 0 1 
1 0 0 1 
0 1 1 0 
0 0 1 1 
1 0 0 1 
0 0 1 1 
1 1 0 0 
0 1 1 0 
0 1 0 1 
0 1 1 0 
1 1 0 0 
0 1 0 1 
0 1 1 0 
1 0 1 0 
0 1 0 1 
1 0 1 0 
0 1 1 0 
0 0 1 1 
1 0 1 0 
0 1 0 1 
1 0 1 0 
0 1 0 1 
0 0 1 1 
1 0 0 1 
0 1 0 1 
0 0 1 1 
0 0 1 1 
1 1 0 0 
1 0 1 0 
0 0 1 1 
1 1 0 0 
0 1 1 0 
1 0 0 1 
0 1 1 0 
1 0 0 1 
0 1 0 1 
0 1 1 0 
1 0 0 1 
0 1 0 1 
1 0 1 0 
1 0 0 1 
0 1 1 0 
0 1 0 1 
0 0 1 1 
0 1 1 0 
0 0 1 1 
1 0 1 0 
0 1 1 0 
0 0 1 1 
1 0 1 0 
0 1 1 0 
0 0 1 1 
1 0 1 0 
1 1 0 0 
0 1 1 0 
1 1 0 0 
1 0 1 0 
1 0 0 1 
0 1 0 1 
0 0 1 1 
1 0 0 1 
1 1 0 0 
0 0 1 1 
0 0 1 1 
1 0 0 1 
0 1 0 1 
0 0 1 1 
1 0 0 1 
0 1 0 1 
0 0 1 1 
0 1 0 1 
0 0 1 1 
1 0 0 1 
1 0 0 1 
0 1 0 1 
0 0 1 1 
1 0 0 1 
0 0 1 1 
0 1 0 1 
0 0 1 1 
1 0 0 1 
0 1 0 1 
1 0 1 0 
1 0 0 1 
0 1 0 1 
0 0 1 1 
0 1 1 0 
0 1 0 1 
1 0 0 1 
0 1 1 0 
0 1 0 1 
1 0 0 1 
0 1 1 0 
0 0 1 1 
0 0 1 1 
0 1 0 1 
1 1 0 0 
1 0 1 0 
1 0 0 1 
1 0 1 0 
1 0 0 1 
1 1 0 0 
1 0 1 0 
1 0 0 1 
1 1 0 0 
1 0 0 1 
1 0 1 0 
1 1 0 0 
1 0 0 1 
1 0 1 0 
1 1 0 0 
1 0 0 1 
1 0 1 0 
1 1 0 0 
1 0 1 0 
1 0 0 1 
1 1 0 0 
1 0 1 0 
0 1 1 0 
0 1 0 1 
0 1 1 0 
1 0 0 1 
0 1 0 1 
0 1 1 0 
1 0 0 1 
0 1 0 1 
0 1 1 0 
1 0 0 1 
0 1 0 1 
0 1 1 0 
0 1 1 0 
1 1 0 0 
1 0 1 0 
1 0 0 1 
1 0 0 1 
1 0 1 0 
0 1 1 0 
1 0 1 0 
1 0 0 1 
0 1 1 0 
1 0 1 0 
0 1 1 0 
0 0 1 1 
0 0 1 1 
1 1 0 0 
1 0 1 0 
1 0 0 1 
1 0 1 0 
1 0 0 1 
1 0 1 0 
1 1 0 0 
0 1 1 0 
0 1 0 1 
0 1 1 0 
0 1 0 1 
1 1 0 0 
1 0 1 0 
0 1 1 0 
0 1 0 1 
1 0 1 0 
0 1 1 0 
1 0 1 0 
0 1 1 0 
1 0 0 1 
0 1 0 1 
1 0 1 0 
0 1 1 0 
1 0 0 1 
0 1 0 1 
1 0 1 0 
0 1 1 0 
1 0 0 1 
0 1 0 1 
1 0 0 1 
0 1 0 1 
1 0 1 0 
0 1 1 0 
0 1 0 1 
1 0 1 0 
1 0 0 1 
1 0 0 1 
1 1 0 0 
0 1 1 0 
0 1 0 1 
1 1 0 0 
0 1 1 0 
0 1 0 1 
1 0 0 1 
0 1 0 1 
1 0 1 0 
0 1 1 0 
1 0 0 1 
0 1 1 0 
0 1 0 1 
0 1 0 1 
1 1 0 0 
0 1 1 0 
0 1 0 1 
1 0 1 0 
1 0 0 1 
0 1 1 0 
0 1 0 1 
1 1 0 0 
0 1 1 0 
1 0 0 1 
0 1 0 1 
0 1 1 0 
0 1 0 1 
1 0 1 0 
1 0 0 1 
1 0 1 0 
0 1 1 0 
0 1 1 0 
1 0 0 1 
0 1 0 1 
1 0 1 0 
0 1 1 0 
0 1 0 1 
0 1 1 0 
0 1 0 1 
0 1 1 0 
1 1 0 0 
1 0 1 0 
1 0 0 1 
1 1 0 0 
1 0 1 0 
0 1 1 0 
0 1 0 1 
0 1 1 0 
1 0 0 1 
0 1 0 1 
1 0 1 0 
1 0 0 1 
0 1 1 0 
0 1 0 1 
0 1 1 0 
1 1 0 0 
1 0 1 0 
1 0 0 1 
1 1 0 0 
1 0 0 1 
1 0 1 0 
1 0 1 0 
1 0 0 1 
1 1 0 0 
1 0 1 0 
0 1 1 0 
1 1 0 0 
1 0 1 0 
1 0 0 1 
0 1 0 1 
1 0 1 0 
1 1 0 0 
0 1 0 1 
1 0 1 0 
1 1 0 0 
0 1 0 1 
1 0 1 0 
1 0 0 1 
1 0 1 0 
1 1 0 0 
0 1 1 0 
0 1 0 1 
1 1 0 0 
1 0 1 0 
1 0 0 1 
0 1 0 1 
1 0 1 0 
0 1 1 0 
1 0 0 1 
0 1 0 1 
1 0 1 0 
0 1 1 0 
1 0 1 0 
1 0 0 1 
0 1 1 0 
1 1 0 0 
0 1 0 1 
1 1 0 0 
0 1 0 1 
1 0 1 0 
0 1 1 0 
0 1 0 1 
1 0 1 0 
0 1 0 1 
1 0 1 0 
0 1 1 0 
0 1 0 1 
1 0 1 0 
0 1 0 1 
1 1 0 0 
1 0 1 0 
1 0 0 1 
1 0 0 1 
1 0 1 0 
1 0 0 1 
0 1 0 1 
1 1 0 0 
1 1 0 0 
0 1 0 1 
1 0 1 0 
1 0 0 1 
0 1 0 1 
0 0 1 1 
0 1 0 1 
1 0 1 0 
0 0 1 1 
1 0 1 0 
0 0 1 1 
1 1 0 0 
0 1 0 1 
1 0 0 1 
0 1 0 1 
0 0 1 1 
1 0 0 1 
0 1 0 1 
0 0 1 1 
0 0 1 1 
0 1 0 1 
1 1 0 0 
1 0 1 0 
1 0 0 1 
1 1 0 0 
1 0 0 1 
0 1 0 1 
0 0 1 1 
0 1 0 1 
1 0 1 0 
0 1 0 1 
1 0 0 1 
0 0 1 1 
1 0 0 1 
1 1 0 0 
0 1 1 0 
0 1 0 1 
1 0 0 1 
0 1 0 1 
0 0 1 1 
1 1 0 0 
1 0 0 1 
1 0 1 0 
0 1 1 0 
1 0 0 1 
0 1 0 1 
0 1 1 0 
1 0 0 1 
0 1 0 1 
1 0 1 0 
0 1 1 0 
0 1 0 1 
1 0 1 0 
0 1 0 1 
1 1 0 0 
1 0 1 0 
0 1 0 1 
1 0 0 1 
0 1 0 1 
1 0 1 0 
0 1 1 0 
0 0 1 1 
1 0 0 1 
0 1 0 1 
0 0 1 1 
1 0 1 0 
1 0 0 1 
0 1 1 0 
0 1 0 1 
1 0 1 0 
0 1 1 0 
0 0 1 1 
1 0 1 0 
1 0 0 1 
1 1 0 0 
0 1 1 0 
1 0 0 1 
0 0 1 1 
1 1 0 0 
0 1 1 0 
1 0 0 1 
0 0 1 1 
1 0 1 0 
0 1 1 0 
0 1 0 1 
0 0 1 1 
1 0 1 0 
0 0 1 1 
0 1 1 0 
0 0 1 1 
1 1 0 0 
1 0 1 0 
0 1 1 0 
0 0 1 1 
0 0 1 1 
1 1 0 0 
0 1 1 0 
0 0 1 1 
1 1 0 0 
0 1 1 0 
1 1 0 0 
0 1 1 0 
0 0 1 1 
1 1 0 0 
0 1 1 0 
0 0 1 1 
0 1 1 0 
1 0 1 0 
0 1 1 0 
0 0 1 1 
1 0 1 0 
0 1 1 0 
0 0 1 1 
0 1 1 0 
0 0 1 1 
0 1 1 0 
1 0 1 0 
1 0 1 0 
0 0 1 1 
1 1 0 0 
0 1 1 0 
0 1 0 1 
0 0 1 1 
0 1 0 1 
0 1 1 0 
0 0 1 1 
1 1 0 0 
1 0 0 1 
0 1 1 0 
1 1 0 0 
0 1 1 0 
1 0 0 1 
0 0 1 1 
1 0 0 1 
0 0 1 1 
1 1 0 0 
0 1 1 0 
0 1 0 1 
0 0 1 1 
1 1 0 0 
1 0 0 1 
0 0 1 1 
1 1 0 0 
1 0 0 1 
0 1 1 0 
0 0 1 1 
1 1 0 0 
0 1 1 0 
1 0 0 1 
1 0 0 1 
0 0 1 1 
1 1 0 0 
0 1 1 0 
1 1 0 0 
1 0 0 1 
0 1 1 0 
1 1 0 0 
1 0 0 1 
0 1 0 1 
1 0 1 0 
0 1 1 0 
1 0 0 1 
0 1 0 1 
1 0 1 0 
0 1 1 0 
1 0 1 0 
0 1 0 1 
1 0 1 0 
1 1 0 0 
1 0 0 1 
0 0 1 1 
1 1 0 0 
0 1 0 1 
0 0 1 1 
1 1 0 0 
0 0 1 1 
1 1 0 0 
0 1 1 0 
0 0 1 1 
0 0 1 1 
1 1 0 0 
0 1 0 1 
0 0 1 1 
1 1 0 0 
1 0 0 1 
1 0 0 1 
1 0 1 0 
1 1 0 0 
0 1 1 0 
1 0 0 1 
0 1 1 0 
1 1 0 0 
1 0 1 0 
0 0 1 1 
1 1 0 0 
1 0 1 0 
1 1 0 0 
0 1 1 0 
0 0 1 1 
0 1 1 0 
0 0 1 1 
1 1 0 0 
1 0 1 0 
1 1 0 0 
0 1 0 1 
1 0 1 0 
1 1 0 0 
0 0 1 1 
1 1 0 0 
0 0 1 1 
1 1 0 0 
1 1 0 0 
1 0 1 0 
1 1 0 0 
1 0 0 1 
1 1 0 0 
1 0 1 0 
1 0 0 1 
1 1 0 0 
1 0 0 1 
0 0 1 1 
1 1 0 0 
0 1 1 0 
1 1 0 0 
1 0 0 1 
1 0 1 0 
1 1 0 0 
1 0 0 1 
0 1 1 0 
1 0 0 1 
0 1 1 0 
1 0 1 0 
1 0 0 1 
1 1 0 0 
1 0 1 0 
1 0 0 1 
1 1 0 0 
1 0 1 0 
1 0 1 0 
1 1 0 0 
0 1 0 1 
1 1 0 0 
1 0 1 0 
1 0 1 0 
1 1 0 0 
1 0 1 0 
1 1 0 0 
1 0 0 1 
1 1 0 0 
1 0 1 0 
1 0 0 1 
0 0 1 1 
1 0 0 1 
0 0 1 1 
1 0 1 0 
0 0 1 1 
0 1 0 1 
1 0 1 0 
0 0 1 1 
0 1 0 1 
0 0 1 1 
1 0 0 1 
0 0 1 1 
1 1 0 0 
1 0 0 1 
1 1 0 0 
1 0 1 0 
1 1 0 0 
1 0 0 1 
0 0 1 1 
1 0 0 1 
1 0 0 1 
0 0 1 1 
0 1 0 1 
1 0 0 1 
1 1 0 0 
0 1 1 0 
0 1 0 1 
0 1 1 0 
1 1 0 0 
0 1 0 1 
0 1 0 1 
1 1 0 0 
1 0 1 0 
1 1 0 0 
1 0 0 1 
0 1 0 1 
1 0 0 1 
0 1 1 0 
1 0 0 1 
1 0 1 0 
0 1 1 0 
1 0 1 0 
1 0 0 1 
1 0 1 0 
1 0 0 1 
0 1 0 1 
1 0 0 1 
0 1 0 1 
0 0 1 1 
1 1 0 0 
0 1 0 1 
0 1 0 1 
1 0 1 0 
0 1 0 1 
1 1 0 0 
0 1 1 0 
0 1 0 1 
0 1 1 0 
1 1 0 0 
0 1 0 1 
0 1 1 0 
0 1 0 1 
1 1 0 0 
1 1 0 0 
0 1 1 0 
1 1 0 0 
0 1 0 1 
0 1 1 0 
1 1 0 0 
0 1 1 0 
0 1 0 1 
0 1 0 1 
1 1 0 0 
0 1 1 0 
1 1 0 0 
0 1 1 0 
0 1 0 1 
1 1 0 0 
0 1 1 0 
0 1 0 1 
0 1 1 0 
1 1 0 0 
0 1 0 1 
1 1 0 0 
0 1 1 0 
1 1 0 0 
0 1 0 1 
0 0 1 1 
1 1 0 0 
0 1 1 0 
0 1 1 0 
0 1 0 1 
0 1 0 1 
0 1 1 0 
1 1 0 0 
0 1 0 1 
1 1 0 0 
0 1 1 0 
0 1 0 1 
0 1 1 0 
1 1 0 0 
0 1 0 1 
1 1 0 0 
0 1 1 0 
0 1 0 1 
1 1 0 0 
0 1 1 0 
0 1 0 1 
0 1 1 0 
0 1 0 1 
1 1 0 0 
0 1 0 1 
1 1 0 0 
0 1 1 0 
0 1 0 1 
1 1 0 0 
0 1 0 1 
0 1 1 0 
1 1 0 0 
0 1 0 1 
0 1 1 0 
0 1 0 1 
1 1 0 0 
0 1 1 0 
0 1 0 1 
0 1 0 1 
0 1 1 0 
0 1 0 1 
1 1 0 0 
1 1 0 0 
1 1 0 0 
0 1 1 0 
0 0 1 1 
1 1 0 0 
1 1 0 0 
1 0 0 1 
0 1 1 0 
0 1 1 0 
1 1 0 0 
1 1 0 0 
0 1 1 0 
0 0 1 1 
0 0 1 1 
1 1 0 0 
1 0 0 1 
0 0 1 1 
1 1 0 0 
1 0 0 1 
1 1 0 0 
1 0 0 1 
0 1 1 0 
0 0 1 1 
0 1 1 0 
0 0 1 1 
1 1 0 0 
1 0 0 1 
1 0 1 0 
0 1 1 0 
0 1 0 1 
1 0 1 0 
0 1 1 0 
1 0 1 0 
0 1 1 0 
0 0 1 1 
0 0 1 1 
1 0 1 0 
1 0 0 1 
1 1 0 0 
0 1 1 0 
0 1 0 1 
1 0 1 0 
0 1 1 0 
0 0 1 1 
1 1 0 0 
1 0 1 0 
1 0 0 1 
1 1 0 0 
1 0 1 0 
1 0 0 1 
1 0 1 0 
1 0 0 1 
0 0 1 1 
0 1 0 1 
1 0 1 0 
0 1 1 0 
0 1 0 1 
1 1 0 0 
0 0 1 1 
1 1 0 0 
0 0 1 1 
1 1 0 0 
1 0 1 0 
0 1 1 0 
1 1 0 0 
0 1 0 1 
1 1 0 0 
1 1 0 0 
1 0 0 1 
0 1 0 1 
1 0 1 0 
1 1 1 1 
;
TIMETABLE BEST: 
0.0 0.0 0.0 0.0 
10.0 10.0 0.0 0.0 
10.0 10.0 18.0 18.0 
18.0 10.0 18.0 18.0 
18.0 10.0 18.0 18.0 
18.0 18.0 18.0 18.0 
18.0 18.0 18.0 18.0 
25.0 18.0 18.0 25.0 
25.0 25.0 18.0 25.0 
25.0 25.0 25.0 25.0 
25.0 25.0 33.0 33.0 
34.0 34.0 33.0 33.0 
34.0 34.0 34.0 33.0 
34.0 34.0 34.0 34.0 
42.0 34.0 42.0 34.0 
44.0 44.0 42.0 34.0 
48.0 44.0 42.0 48.0 
48.0 48.0 42.0 48.0 
48.0 48.0 48.0 48.0 
48.0 48.0 56.0 56.0 
58.0 58.0 56.0 56.0 
58.0 58.0 58.0 56.0 
58.0 58.0 58.0 58.0 
65.0 58.0 65.0 58.0 
65.0 58.0 65.0 65.0 
67.0 67.0 65.0 65.0 
75.0 75.0 65.0 65.0 
75.0 75.0 75.0 65.0 
75.0 75.0 75.0 75.0 
82.0 75.0 82.0 75.0 
84.0 84.0 82.0 75.0 
88.0 84.0 82.0 88.0 
88.0 88.0 82.0 88.0 
88.0 88.0 88.0 88.0 
95.0 88.0 88.0 95.0 
95.0 95.0 88.0 95.0 
95.0 95.0 95.0 95.0 
95.0 95.0 102.0 102.0 
103.0 95.0 102.0 103.0 
103.0 104.0 102.0 104.0 
110.0 104.0 110.0 104.0 
110.0 104.0 110.0 110.0 
114.0 114.0 110.0 110.0 
114.0 114.0 110.0 114.0 
121.0 114.0 110.0 121.0 
121.0 121.0 110.0 121.0 
121.0 121.0 121.0 121.0 
129.0 129.0 121.0 121.0 
129.0 129.0 129.0 121.0 
129.0 129.0 129.0 129.0 
129.0 129.0 129.0 129.0 
129.0 129.0 129.0 129.0 
136.0 129.0 129.0 136.0 
136.0 136.0 129.0 136.0 
136.0 136.0 136.0 136.0 
142.0 136.0 136.0 142.0 
142.0 142.0 136.0 142.0 
142.0 142.0 142.0 142.0 
150.0 142.0 142.0 150.0 
150.0 142.0 150.0 150.0 
150.0 152.0 150.0 152.0 
150.0 152.0 157.0 157.0 
160.0 152.0 157.0 160.0 
163.0 163.0 157.0 160.0 
163.0 163.0 163.0 160.0 
163.0 163.0 163.0 163.0 
169.0 163.0 163.0 169.0 
169.0 169.0 163.0 169.0 
169.0 169.0 169.0 169.0 
169.0 176.0 176.0 169.0 
169.0 176.0 176.0 176.0 
178.0 178.0 176.0 176.0 
178.0 178.0 176.0 178.0 
178.0 184.0 184.0 178.0 
187.0 184.0 184.0 187.0 
187.0 187.0 184.0 187.0 
187.0 187.0 192.0 192.0 
196.0 187.0 192.0 196.0 
198.0 198.0 192.0 196.0 
198.0 198.0 198.0 196.0 
198.0 198.0 198.0 198.0 
198.0 205.0 205.0 198.0 
198.0 205.0 205.0 205.0 
207.0 207.0 205.0 205.0 
207.0 214.0 205.0 214.0 
217.0 217.0 205.0 214.0 
217.0 217.0 205.0 217.0 
217.0 219.0 219.0 217.0 
217.0 219.0 219.0 219.0 
225.0 225.0 219.0 219.0 
225.0 225.0 219.0 225.0 
225.0 225.0 225.0 225.0 
232.0 225.0 225.0 232.0 
232.0 232.0 225.0 232.0 
232.0 232.0 232.0 232.0 
240.0 240.0 232.0 232.0 
240.0 240.0 232.0 240.0 
240.0 240.0 240.0 240.0 
240.0 240.0 240.0 240.0 
240.0 240.0 240.0 240.0 
240.0 247.0 240.0 247.0 
248.0 247.0 240.0 248.0 
248.0 253.0 253.0 248.0 
248.0 253.0 253.0 253.0 
257.0 257.0 253.0 253.0 
257.0 257.0 257.0 253.0 
257.0 257.0 257.0 257.0 
263.0 263.0 257.0 257.0 
263.0 263.0 263.0 257.0 
263.0 263.0 263.0 263.0 
270.0 263.0 270.0 263.0 
270.0 270.0 270.0 263.0 
270.0 270.0 270.0 270.0 
270.0 276.0 276.0 270.0 
278.0 276.0 276.0 278.0 
278.0 278.0 276.0 278.0 
278.0 278.0 278.0 278.0 
278.0 284.0 278.0 284.0 
278.0 284.0 285.0 285.0 
287.0 287.0 285.0 285.0 
293.0 287.0 293.0 285.0 
293.0 293.0 293.0 285.0 
293.0 293.0 293.0 293.0 
300.0 300.0 293.0 293.0 
300.0 300.0 300.0 293.0 
300.0 300.0 300.0 300.0 
306.0 306.0 300.0 300.0 
308.0 306.0 308.0 300.0 
308.0 306.0 308.0 308.0 
315.0 315.0 308.0 308.0 
315.0 315.0 315.0 308.0 
321.0 315.0 315.0 321.0 
321.0 321.0 315.0 321.0 
321.0 321.0 321.0 321.0 
328.0 321.0 321.0 328.0 
328.0 321.0 328.0 328.0 
328.0 330.0 328.0 330.0 
335.0 330.0 335.0 330.0 
335.0 330.0 335.0 335.0 
339.0 339.0 335.0 335.0 
342.0 339.0 342.0 335.0 
345.0 339.0 342.0 345.0 
345.0 345.0 342.0 345.0 
345.0 345.0 345.0 345.0 
352.0 345.0 345.0 352.0 
352.0 345.0 352.0 352.0 
352.0 354.0 352.0 354.0 
359.0 354.0 352.0 359.0 
359.0 366.0 366.0 359.0 
359.0 366.0 366.0 366.0 
367.0 366.0 366.0 367.0 
375.0 375.0 366.0 367.0 
375.0 375.0 375.0 367.0 
375.0 375.0 375.0 375.0 
375.0 375.0 375.0 375.0 
383.0 383.0 375.0 375.0 
383.0 383.0 375.0 383.0 
388.0 383.0 388.0 383.0 
388.0 383.0 388.0 388.0 
393.0 393.0 388.0 388.0 
393.0 393.0 388.0 393.0 
395.0 393.0 395.0 393.0 
395.0 393.0 395.0 395.0 
402.0 402.0 395.0 395.0 
402.0 402.0 395.0 402.0 
410.0 410.0 395.0 402.0 
410.0 410.0 410.0 402.0 
412.0 410.0 410.0 412.0 
412.0 412.0 410.0 412.0 
412.0 412.0 412.0 412.0 
419.0 412.0 419.0 412.0 
419.0 412.0 419.0 419.0 
421.0 421.0 419.0 419.0 
421.0 421.0 419.0 421.0 
427.0 421.0 427.0 421.0 
427.0 421.0 427.0 427.0 
427.0 431.0 427.0 431.0 
435.0 435.0 427.0 431.0 
435.0 435.0 435.0 431.0 
435.0 435.0 440.0 440.0 
443.0 435.0 440.0 443.0 
443.0 448.0 448.0 443.0 
452.0 448.0 448.0 452.0 
452.0 457.0 448.0 457.0 
464.0 457.0 464.0 457.0 
471.0 471.0 464.0 457.0 
471.0 471.0 471.0 457.0 
471.0 471.0 471.0 471.0 
471.0 471.0 471.0 471.0 
471.0 471.0 471.0 471.0 
478.0 471.0 471.0 478.0 
478.0 471.0 478.0 478.0 
478.0 480.0 478.0 480.0 
484.0 480.0 478.0 484.0 
484.0 490.0 478.0 490.0 
484.0 492.0 492.0 490.0 
484.0 492.0 492.0 492.0 
493.0 493.0 492.0 492.0 
493.0 493.0 492.0 493.0 
502.0 493.0 492.0 502.0 
502.0 505.0 505.0 502.0 
502.0 505.0 505.0 505.0 
510.0 505.0 505.0 510.0 
510.0 505.0 512.0 512.0 
516.0 516.0 512.0 512.0 
516.0 516.0 516.0 512.0 
516.0 516.0 516.0 516.0 
516.0 523.0 523.0 516.0 
524.0 524.0 523.0 516.0 
524.0 528.0 523.0 528.0 
524.0 531.0 531.0 528.0 
538.0 531.0 538.0 528.0 
538.0 538.0 538.0 538.0 
546.0 538.0 546.0 538.0 
546.0 546.0 546.0 538.0 
546.0 546.0 546.0 546.0 
555.0 546.0 555.0 546.0 
555.0 555.0 555.0 555.0 
563.0 555.0 563.0 555.0 
563.0 563.0 563.0 563.0 
563.0 563.0 563.0 563.0 
571.0 563.0 563.0 571.0 
571.0 571.0 563.0 571.0 
571.0 571.0 571.0 571.0 
571.0 571.0 578.0 578.0 
581.0 581.0 578.0 578.0 
581.0 581.0 581.0 578.0 
581.0 581.0 584.0 584.0 
592.0 592.0 584.0 584.0 
592.0 592.0 592.0 584.0 
597.0 592.0 592.0 597.0 
597.0 600.0 600.0 597.0 
605.0 600.0 600.0 605.0 
605.0 605.0 600.0 605.0 
605.0 607.0 607.0 605.0 
613.0 607.0 607.0 613.0 
613.0 613.0 607.0 613.0 
622.0 613.0 622.0 613.0 
622.0 613.0 622.0 622.0 
622.0 622.0 622.0 622.0 
622.0 622.0 622.0 622.0 
622.0 622.0 622.0 622.0 
622.0 630.0 630.0 622.0 
622.0 630.0 631.0 631.0 
632.0 630.0 632.0 631.0 
632.0 637.0 637.0 631.0 
632.0 637.0 639.0 639.0 
641.0 637.0 641.0 639.0 
641.0 643.0 643.0 639.0 
641.0 643.0 647.0 647.0 
651.0 643.0 651.0 647.0 
652.0 652.0 651.0 647.0 
652.0 652.0 652.0 647.0 
660.0 660.0 652.0 647.0 
660.0 660.0 660.0 647.0 
667.0 660.0 660.0 667.0 
667.0 667.0 660.0 667.0 
667.0 667.0 667.0 667.0 
675.0 667.0 667.0 675.0 
676.0 676.0 667.0 675.0 
676.0 676.0 677.0 677.0 
676.0 676.0 684.0 684.0 
693.0 676.0 684.0 693.0 
693.0 693.0 684.0 693.0 
693.0 693.0 693.0 693.0 
699.0 693.0 693.0 699.0 
699.0 699.0 693.0 699.0 
699.0 699.0 699.0 699.0 
699.0 705.0 699.0 705.0 
699.0 705.0 706.0 706.0 
708.0 705.0 706.0 708.0 
714.0 705.0 706.0 714.0 
714.0 714.0 706.0 714.0 
714.0 714.0 714.0 714.0 
722.0 714.0 714.0 722.0 
722.0 714.0 722.0 722.0 
722.0 727.0 722.0 727.0 
722.0 727.0 730.0 730.0 
732.0 727.0 730.0 732.0 
732.0 735.0 730.0 735.0 
741.0 735.0 741.0 735.0 
741.0 735.0 741.0 741.0 
741.0 741.0 741.0 741.0 
741.0 741.0 741.0 741.0 
741.0 749.0 749.0 741.0 
741.0 749.0 749.0 749.0 
750.0 749.0 749.0 750.0 
750.0 758.0 758.0 750.0 
750.0 758.0 758.0 758.0 
760.0 758.0 758.0 760.0 
760.0 767.0 767.0 760.0 
760.0 767.0 767.0 767.0 
760.0 767.0 775.0 775.0 
760.0 779.0 775.0 779.0 
782.0 782.0 775.0 779.0 
782.0 782.0 782.0 779.0 
782.0 782.0 782.0 782.0 
788.0 782.0 788.0 782.0 
788.0 782.0 788.0 788.0 
790.0 790.0 788.0 788.0 
797.0 790.0 797.0 788.0 
797.0 790.0 797.0 797.0 
798.0 798.0 797.0 797.0 
805.0 798.0 797.0 805.0 
806.0 798.0 806.0 805.0 
807.0 807.0 806.0 805.0 
813.0 807.0 806.0 813.0 
814.0 807.0 814.0 813.0 
817.0 817.0 814.0 813.0 
820.0 817.0 814.0 820.0 
824.0 817.0 824.0 820.0 
829.0 829.0 824.0 820.0 
833.0 829.0 833.0 820.0 
834.0 829.0 833.0 834.0 
843.0 843.0 833.0 834.0 
843.0 843.0 843.0 834.0 
843.0 843.0 843.0 834.0 
843.0 843.0 843.0 843.0 
843.0 853.0 853.0 843.0 
856.0 853.0 853.0 856.0 
856.0 856.0 853.0 856.0 
856.0 862.0 862.0 856.0 
863.0 862.0 862.0 863.0 
863.0 863.0 862.0 863.0 
863.0 872.0 872.0 863.0 
878.0 872.0 872.0 878.0 
878.0 878.0 872.0 878.0 
878.0 880.0 880.0 878.0 
878.0 889.0 889.0 878.0 
897.0 897.0 889.0 878.0 
897.0 897.0 897.0 878.0 
897.0 897.0 897.0 897.0 
904.0 897.0 897.0 904.0 
906.0 897.0 906.0 904.0 
906.0 906.0 906.0 904.0 
912.0 906.0 912.0 904.0 
912.0 906.0 912.0 912.0 
912.0 912.0 912.0 912.0 
919.0 912.0 919.0 912.0 
919.0 919.0 919.0 912.0 
919.0 919.0 920.0 920.0 
919.0 919.0 927.0 927.0 
928.0 928.0 927.0 927.0 
928.0 928.0 928.0 927.0 
928.0 928.0 928.0 928.0 
935.0 928.0 935.0 928.0 
935.0 928.0 935.0 935.0 
941.0 928.0 941.0 935.0 
942.0 942.0 941.0 935.0 
942.0 942.0 942.0 935.0 
942.0 942.0 942.0 942.0 
942.0 948.0 948.0 942.0 
942.0 949.0 948.0 949.0 
951.0 951.0 948.0 949.0 
955.0 951.0 955.0 949.0 
955.0 955.0 955.0 949.0 
955.0 957.0 955.0 957.0 
963.0 957.0 963.0 957.0 
963.0 963.0 963.0 957.0 
971.0 963.0 971.0 957.0 
971.0 971.0 971.0 957.0 
973.0 971.0 971.0 973.0 
973.0 973.0 971.0 973.0 
980.0 973.0 980.0 973.0 
980.0 980.0 980.0 973.0 
982.0 980.0 980.0 982.0 
982.0 982.0 980.0 982.0 
990.0 982.0 990.0 982.0 
990.0 990.0 990.0 982.0 
992.0 990.0 990.0 992.0 
992.0 992.0 990.0 992.0 
1000.0 992.0 990.0 1000.0 
1000.0 1000.0 990.0 1000.0 
1002.0 1000.0 1002.0 1000.0 
1002.0 1002.0 1002.0 1000.0 
1002.0 1009.0 1002.0 1009.0 
1011.0 1009.0 1011.0 1009.0 
1011.0 1009.0 1011.0 1011.0 
1020.0 1009.0 1011.0 1020.0 
1021.0 1021.0 1011.0 1020.0 
1021.0 1021.0 1021.0 1020.0 
1021.0 1021.0 1021.0 1021.0 
1027.0 1027.0 1021.0 1021.0 
1027.0 1027.0 1027.0 1021.0 
1027.0 1027.0 1027.0 1027.0 
1035.0 1027.0 1027.0 1035.0 
1035.0 1035.0 1027.0 1035.0 
1039.0 1035.0 1039.0 1035.0 
1039.0 1039.0 1039.0 1035.0 
1045.0 1039.0 1039.0 1045.0 
1045.0 1045.0 1045.0 1045.0 
1045.0 1045.0 1045.0 1045.0 
1045.0 1051.0 1045.0 1051.0 
1054.0 1054.0 1045.0 1051.0 
1054.0 1055.0 1055.0 1051.0 
1054.0 1060.0 1055.0 1060.0 
1063.0 1060.0 1063.0 1060.0 
1063.0 1060.0 1063.0 1063.0 
1063.0 1066.0 1066.0 1063.0 
1063.0 1066.0 1066.0 1066.0 
1072.0 1072.0 1066.0 1066.0 
1072.0 1075.0 1075.0 1066.0 
1076.0 1075.0 1075.0 1076.0 
1076.0 1076.0 1075.0 1076.0 
1076.0 1082.0 1082.0 1076.0 
1076.0 1082.0 1082.0 1082.0 
1085.0 1082.0 1085.0 1082.0 
1085.0 1082.0 1085.0 1085.0 
1093.0 1082.0 1093.0 1085.0 
1093.0 1093.0 1093.0 1085.0 
1093.0 1099.0 1099.0 1085.0 
1103.0 1099.0 1099.0 1103.0 
1103.0 1103.0 1099.0 1103.0 
1107.0 1103.0 1107.0 1103.0 
1107.0 1107.0 1107.0 1103.0 
1107.0 1111.0 1107.0 1111.0 
1107.0 1114.0 1114.0 1111.0 
1107.0 1118.0 1114.0 1118.0 
1107.0 1120.0 1120.0 1118.0 
1124.0 1124.0 1120.0 1118.0 
1124.0 1124.0 1124.0 1118.0 
1124.0 1124.0 1124.0 1124.0 
1130.0 1130.0 1124.0 1124.0 
1130.0 1130.0 1130.0 1124.0 
1130.0 1130.0 1130.0 1124.0 
1130.0 1130.0 1130.0 1130.0 
1130.0 1136.0 1136.0 1130.0 
1137.0 1136.0 1136.0 1137.0 
1137.0 1137.0 1136.0 1137.0 
1145.0 1137.0 1145.0 1137.0 
1145.0 1137.0 1145.0 1145.0 
1145.0 1145.0 1145.0 1145.0 
1145.0 1145.0 1145.0 1145.0 
1145.0 1151.0 1151.0 1145.0 
1158.0 1158.0 1151.0 1145.0 
1158.0 1158.0 1158.0 1145.0 
1158.0 1158.0 1158.0 1158.0 
1164.0 1164.0 1158.0 1158.0 
1166.0 1164.0 1158.0 1166.0 
1167.0 1164.0 1167.0 1166.0 
1173.0 1164.0 1173.0 1166.0 
1173.0 1164.0 1173.0 1173.0 
1176.0 1176.0 1173.0 1173.0 
1180.0 1176.0 1180.0 1173.0 
1180.0 1180.0 1180.0 1173.0 
1187.0 1187.0 1180.0 1173.0 
1187.0 1187.0 1187.0 1173.0 
1187.0 1187.0 1187.0 1187.0 
1187.0 1187.0 1187.0 1187.0 
1194.0 1187.0 1194.0 1187.0 
1199.0 1199.0 1194.0 1187.0 
1199.0 1199.0 1194.0 1199.0 
1200.0 1199.0 1200.0 1199.0 
1205.0 1205.0 1200.0 1199.0 
1205.0 1205.0 1200.0 1205.0 
1209.0 1205.0 1209.0 1205.0 
1216.0 1205.0 1209.0 1216.0 
1218.0 1205.0 1218.0 1216.0 
1222.0 1222.0 1218.0 1216.0 
1222.0 1222.0 1222.0 1216.0 
1222.0 1222.0 1222.0 1222.0 
1229.0 1229.0 1222.0 1222.0 
1229.0 1229.0 1229.0 1222.0 
1235.0 1229.0 1229.0 1235.0 
1235.0 1235.0 1229.0 1235.0 
1237.0 1235.0 1237.0 1235.0 
1237.0 1237.0 1237.0 1235.0 
1242.0 1237.0 1237.0 1242.0 
1242.0 1242.0 1237.0 1242.0 
1247.0 1242.0 1247.0 1242.0 
1247.0 1247.0 1247.0 1242.0 
1254.0 1247.0 1254.0 1242.0 
1254.0 1247.0 1254.0 1254.0 
1254.0 1260.0 1260.0 1254.0 
1260.0 1260.0 1260.0 1254.0 
1260.0 1260.0 1260.0 1260.0 
1267.0 1267.0 1260.0 1260.0 
1267.0 1267.0 1260.0 1267.0 
1269.0 1267.0 1269.0 1267.0 
1269.0 1269.0 1269.0 1267.0 
1269.0 1275.0 1269.0 1275.0 
1276.0 1275.0 1276.0 1275.0 
1276.0 1282.0 1276.0 1282.0 
1286.0 1282.0 1286.0 1282.0 
1286.0 1286.0 1286.0 1282.0 
1286.0 1288.0 1286.0 1288.0 
1293.0 1288.0 1293.0 1288.0 
1293.0 1297.0 1293.0 1297.0 
1306.0 1306.0 1293.0 1297.0 
1306.0 1306.0 1306.0 1297.0 
1306.0 1306.0 1306.0 1306.0 
1312.0 1306.0 1306.0 1312.0 
1316.0 1306.0 1316.0 1312.0 
1319.0 1306.0 1316.0 1319.0 
1319.0 1322.0 1316.0 1322.0 
1322.0 1322.0 1316.0 1322.0 
1328.0 1328.0 1316.0 1322.0 
1328.0 1328.0 1316.0 1328.0 
1334.0 1328.0 1334.0 1328.0 
1336.0 1328.0 1334.0 1336.0 
1336.0 1336.0 1334.0 1336.0 
1336.0 1336.0 1336.0 1336.0 
1336.0 1342.0 1336.0 1342.0 
1344.0 1342.0 1344.0 1342.0 
1344.0 1342.0 1344.0 1344.0 
1351.0 1342.0 1351.0 1344.0 
1351.0 1342.0 1351.0 1351.0 
1354.0 1354.0 1351.0 1351.0 
1354.0 1354.0 1351.0 1354.0 
1363.0 1354.0 1351.0 1363.0 
1363.0 1363.0 1351.0 1363.0 
1363.0 1363.0 1363.0 1363.0 
1369.0 1363.0 1363.0 1369.0 
1369.0 1369.0 1363.0 1369.0 
1369.0 1369.0 1369.0 1369.0 
1369.0 1369.0 1376.0 1376.0 
1369.0 1381.0 1376.0 1381.0 
1382.0 1382.0 1376.0 1381.0 
1382.0 1382.0 1382.0 1381.0 
1382.0 1382.0 1382.0 1382.0 
1388.0 1388.0 1382.0 1382.0 
1388.0 1388.0 1382.0 1388.0 
1388.0 1388.0 1382.0 1388.0 
1388.0 1388.0 1388.0 1388.0 
1388.0 1394.0 1388.0 1394.0 
1395.0 1394.0 1395.0 1394.0 
1395.0 1400.0 1395.0 1400.0 
1405.0 1400.0 1395.0 1405.0 
1405.0 1400.0 1409.0 1409.0 
1412.0 1400.0 1409.0 1412.0 
1413.0 1413.0 1409.0 1412.0 
1413.0 1413.0 1413.0 1412.0 
1413.0 1413.0 1413.0 1413.0 
1419.0 1413.0 1413.0 1419.0 
1419.0 1419.0 1413.0 1419.0 
1419.0 1419.0 1419.0 1419.0 
1426.0 1426.0 1419.0 1419.0 
1426.0 1426.0 1419.0 1426.0 
1432.0 1426.0 1432.0 1426.0 
1432.0 1432.0 1432.0 1426.0 
1435.0 1432.0 1432.0 1435.0 
1435.0 1435.0 1432.0 1435.0 
1435.0 1439.0 1439.0 1435.0 
1442.0 1439.0 1439.0 1442.0 
1442.0 1450.0 1439.0 1450.0 
1454.0 1450.0 1454.0 1450.0 
1454.0 1454.0 1454.0 1450.0 
1454.0 1457.0 1454.0 1457.0 
1461.0 1457.0 1461.0 1457.0 
1461.0 1463.0 1461.0 1463.0 
1471.0 1471.0 1461.0 1463.0 
1471.0 1471.0 1471.0 1463.0 
1471.0 1472.0 1471.0 1472.0 
1481.0 1472.0 1471.0 1481.0 
1481.0 1481.0 1471.0 1481.0 
1485.0 1481.0 1485.0 1481.0 
1485.0 1485.0 1485.0 1481.0 
1485.0 1485.0 1485.0 1485.0 
1493.0 1485.0 1485.0 1493.0 
1493.0 1493.0 1485.0 1493.0 
1493.0 1493.0 1493.0 1493.0 
1503.0 1493.0 1503.0 1493.0 
1503.0 1493.0 1503.0 1503.0 
1503.0 1506.0 1506.0 1503.0 
1503.0 1506.0 1506.0 1506.0 
1510.0 1506.0 1510.0 1506.0 
1510.0 1512.0 1512.0 1506.0 
1510.0 1512.0 1516.0 1516.0 
1524.0 1512.0 1524.0 1516.0 
1524.0 1512.0 1524.0 1524.0 
1526.0 1526.0 1524.0 1524.0 
1526.0 1526.0 1526.0 1524.0 
1533.0 1526.0 1526.0 1533.0 
1533.0 1526.0 1533.0 1533.0 
1540.0 1540.0 1533.0 1533.0 
1540.0 1540.0 1540.0 1533.0 
1543.0 1540.0 1540.0 1543.0 
1543.0 1540.0 1543.0 1543.0 
1553.0 1540.0 1553.0 1543.0 
1553.0 1554.0 1554.0 1543.0 
1553.0 1561.0 1554.0 1561.0 
1553.0 1561.0 1561.0 1561.0 
1562.0 1561.0 1562.0 1561.0 
1562.0 1561.0 1569.0 1569.0 
1562.0 1573.0 1573.0 1569.0 
1562.0 1573.0 1576.0 1576.0 
1579.0 1579.0 1576.0 1576.0 
1586.0 1579.0 1586.0 1576.0 
1586.0 1586.0 1586.0 1576.0 
1586.0 1586.0 1586.0 1586.0 
1586.0 1586.0 1593.0 1593.0 
1596.0 1596.0 1593.0 1593.0 
1596.0 1596.0 1596.0 1593.0 
1596.0 1596.0 1601.0 1601.0 
1605.0 1605.0 1601.0 1601.0 
1605.0 1605.0 1605.0 1601.0 
1613.0 1613.0 1605.0 1601.0 
1613.0 1613.0 1613.0 1601.0 
1613.0 1613.0 1617.0 1617.0 
1621.0 1621.0 1617.0 1617.0 
1621.0 1621.0 1621.0 1617.0 
1621.0 1621.0 1626.0 1626.0 
1621.0 1628.0 1628.0 1626.0 
1631.0 1628.0 1631.0 1626.0 
1631.0 1634.0 1634.0 1626.0 
1631.0 1634.0 1636.0 1636.0 
1640.0 1634.0 1640.0 1636.0 
1640.0 1643.0 1643.0 1636.0 
1640.0 1643.0 1644.0 1644.0 
1640.0 1654.0 1654.0 1644.0 
1640.0 1654.0 1654.0 1654.0 
1640.0 1660.0 1660.0 1654.0 
1662.0 1660.0 1662.0 1654.0 
1672.0 1660.0 1672.0 1654.0 
1672.0 1660.0 1672.0 1672.0 
1679.0 1679.0 1672.0 1672.0 
1679.0 1679.0 1679.0 1672.0 
1679.0 1680.0 1679.0 1680.0 
1679.0 1680.0 1680.0 1680.0 
1679.0 1688.0 1680.0 1688.0 
1679.0 1690.0 1690.0 1688.0 
1679.0 1690.0 1690.0 1690.0 
1698.0 1698.0 1690.0 1690.0 
1698.0 1698.0 1690.0 1698.0 
1698.0 1698.0 1698.0 1698.0 
1705.0 1705.0 1698.0 1698.0 
1705.0 1705.0 1705.0 1698.0 
1707.0 1705.0 1705.0 1707.0 
1707.0 1705.0 1707.0 1707.0 
1713.0 1705.0 1707.0 1713.0 
1713.0 1705.0 1713.0 1713.0 
1719.0 1719.0 1713.0 1713.0 
1719.0 1719.0 1719.0 1713.0 
1719.0 1724.0 1719.0 1724.0 
1719.0 1724.0 1724.0 1724.0 
1728.0 1728.0 1724.0 1724.0 
1735.0 1728.0 1724.0 1735.0 
1735.0 1728.0 1735.0 1735.0 
1741.0 1741.0 1735.0 1735.0 
1741.0 1741.0 1735.0 1741.0 
1741.0 1741.0 1741.0 1741.0 
1741.0 1741.0 1741.0 1741.0 
1748.0 1748.0 1741.0 1741.0 
1748.0 1748.0 1748.0 1741.0 
1750.0 1748.0 1748.0 1750.0 
1762.0 1748.0 1748.0 1762.0 
1762.0 1748.0 1762.0 1762.0 
1763.0 1763.0 1762.0 1762.0 
1763.0 1763.0 1763.0 1762.0 
1772.0 1772.0 1763.0 1762.0 
1772.0 1772.0 1763.0 1772.0 
1772.0 1773.0 1773.0 1772.0 
1782.0 1782.0 1773.0 1772.0 
1782.0 1782.0 1773.0 1782.0 
1782.0 1782.0 1773.0 1782.0 
1784.0 1782.0 1784.0 1782.0 
1784.0 1784.0 1784.0 1782.0 
1789.0 1784.0 1784.0 1789.0 
1789.0 1789.0 1784.0 1789.0 
1790.0 1789.0 1790.0 1789.0 
1790.0 1790.0 1790.0 1789.0 
1799.0 1790.0 1799.0 1789.0 
1799.0 1800.0 1799.0 1800.0 
1807.0 1800.0 1807.0 1800.0 
1810.0 1810.0 1807.0 1800.0 
1814.0 1810.0 1807.0 1814.0 
1814.0 1810.0 1815.0 1815.0 
1821.0 1821.0 1815.0 1815.0 
1821.0 1821.0 1815.0 1821.0 
1821.0 1821.0 1822.0 1822.0 
1831.0 1831.0 1822.0 1822.0 
1831.0 1831.0 1836.0 1836.0 
1840.0 1840.0 1836.0 1836.0 
1840.0 1846.0 1846.0 1836.0 
1840.0 1846.0 1846.0 1846.0 
1840.0 1846.0 1853.0 1853.0 
1860.0 1860.0 1853.0 1853.0 
1860.0 1861.0 1853.0 1861.0 
1860.0 1861.0 1861.0 1861.0 
1867.0 1867.0 1861.0 1861.0 
1867.0 1867.0 1861.0 1867.0 
1875.0 1867.0 1861.0 1875.0 
1877.0 1867.0 1877.0 1875.0 
1878.0 1878.0 1877.0 1875.0 
1878.0 1878.0 1878.0 1875.0 
1882.0 1878.0 1878.0 1882.0 
1882.0 1888.0 1888.0 1882.0 
1889.0 1889.0 1888.0 1882.0 
1898.0 1889.0 1898.0 1882.0 
1898.0 1889.0 1907.0 1907.0 
1908.0 1908.0 1907.0 1907.0 
1908.0 1908.0 1908.0 1907.0 
1919.0 1919.0 1908.0 1907.0 
1919.0 1919.0 1919.0 1907.0 
1919.0 1919.0 1919.0 1919.0 
1919.0 1925.0 1925.0 1919.0 
1919.0 1925.0 1925.0 1925.0 
1932.0 1932.0 1925.0 1925.0 
1942.0 1932.0 1942.0 1925.0 
1943.0 1943.0 1942.0 1925.0 
1943.0 1944.0 1942.0 1944.0 
1952.0 1944.0 1952.0 1944.0 
1964.0 1964.0 1952.0 1944.0 
1964.0 1964.0 1973.0 1973.0 
1977.0 1977.0 1973.0 1973.0 
1977.0 1977.0 1979.0 1979.0 
1983.0 1983.0 1979.0 1979.0 
1993.0 1993.0 1979.0 1979.0 
1996.0 1993.0 1996.0 1979.0 
2000.0 2000.0 1996.0 1979.0 
2000.0 2000.0 1996.0 2000.0 
2006.0 2006.0 1996.0 2000.0 
2006.0 2006.0 2006.0 2000.0 
2006.0 2006.0 2006.0 2006.0 
2013.0 2013.0 2006.0 2006.0 
2017.0 2013.0 2006.0 2017.0 
2017.0 2013.0 2017.0 2017.0 
2023.0 2023.0 2017.0 2017.0 
2023.0 2023.0 2023.0 2017.0 
2037.0 2037.0 2023.0 2017.0 
2037.0 2037.0 2023.0 2037.0 
2040.0 2037.0 2040.0 2037.0 
2044.0 2044.0 2040.0 2037.0 
2057.0 2044.0 2040.0 2057.0 
2057.0 2058.0 2058.0 2057.0 
2068.0 2058.0 2058.0 2068.0 
2068.0 2076.0 2076.0 2068.0 
2082.0 2076.0 2082.0 2068.0 
2082.0 2076.0 2082.0 2082.0 
2089.0 2089.0 2082.0 2082.0 
2091.0 2089.0 2091.0 2082.0 
2093.0 2089.0 2091.0 2093.0 
2096.0 2096.0 2091.0 2093.0 
2097.0 2096.0 2097.0 2093.0 
2108.0 2096.0 2108.0 2093.0 
2111.0 2111.0 2108.0 2093.0 
2111.0 2123.0 2108.0 2123.0 
2125.0 2125.0 2108.0 2123.0 
2125.0 2125.0 2125.0 2123.0 
2136.0 2125.0 2136.0 2123.0 
2141.0 2141.0 2136.0 2123.0 
2142.0 2141.0 2142.0 2123.0 
2149.0 2149.0 2142.0 2123.0 
2152.0 2149.0 2142.0 2152.0 
2161.0 2161.0 2142.0 2152.0 
2162.0 2161.0 2162.0 2152.0 
2165.0 2161.0 2162.0 2165.0 
2165.0 2161.0 2165.0 2165.0 
2172.0 2161.0 2165.0 2172.0 
2172.0 2161.0 2172.0 2172.0 
2181.0 2161.0 2181.0 2172.0 
2181.0 2161.0 2181.0 2181.0 
2181.0 2183.0 2181.0 2183.0 
2189.0 2183.0 2189.0 2183.0 
2189.0 2183.0 2189.0 2189.0 
2189.0 2196.0 2189.0 2196.0 
2189.0 2196.0 2196.0 2196.0 
2201.0 2196.0 2196.0 2201.0 
2201.0 2196.0 2204.0 2204.0 
2205.0 2205.0 2204.0 2204.0 
2211.0 2205.0 2204.0 2211.0 
2219.0 2219.0 2204.0 2211.0 
2224.0 2219.0 2224.0 2211.0 
2225.0 2225.0 2224.0 2211.0 
2228.0 2225.0 2224.0 2228.0 
2228.0 2225.0 2228.0 2228.0 
2238.0 2225.0 2228.0 2238.0 
2247.0 2225.0 2228.0 2247.0 
2247.0 2225.0 2248.0 2248.0 
2247.0 2249.0 2248.0 2249.0 
2255.0 2249.0 2248.0 2255.0 
2263.0 2263.0 2248.0 2255.0 
2263.0 2263.0 2263.0 2255.0 
2263.0 2263.0 2263.0 2263.0 
2263.0 2271.0 2271.0 2263.0 
2272.0 2272.0 2271.0 2263.0 
2272.0 2273.0 2271.0 2273.0 
2272.0 2280.0 2271.0 2280.0 
2282.0 2282.0 2271.0 2280.0 
2293.0 2282.0 2293.0 2280.0 
2296.0 2296.0 2293.0 2280.0 
2300.0 2296.0 2293.0 2300.0 
2300.0 2300.0 2293.0 2300.0 
2310.0 2300.0 2293.0 2310.0 
2310.0 2313.0 2313.0 2310.0 
2319.0 2313.0 2313.0 2319.0 
2327.0 2313.0 2327.0 2319.0 
2327.0 2327.0 2327.0 2319.0 
2335.0 2327.0 2335.0 2319.0 
2335.0 2327.0 2335.0 2335.0 
2343.0 2327.0 2343.0 2335.0 
2343.0 2327.0 2343.0 2343.0 
2343.0 2355.0 2343.0 2355.0 
2361.0 2355.0 2343.0 2361.0 
2361.0 2374.0 2343.0 2374.0 
2361.0 2374.0 2374.0 2374.0 
2388.0 2388.0 2374.0 2374.0 
2388.0 2390.0 2374.0 2390.0 
2388.0 2402.0 2374.0 2402.0 
2405.0 2402.0 2405.0 2402.0 
2405.0 2408.0 2405.0 2408.0 
2421.0 2421.0 2405.0 2408.0 
2421.0 2421.0 2421.0 2408.0 
2421.0 2421.0 2421.0 2421.0 
2421.0 2428.0 2428.0 2421.0 
2431.0 2431.0 2428.0 2421.0 
2431.0 2433.0 2428.0 2433.0 
2431.0 2436.0 2436.0 2433.0 
2431.0 2439.0 2436.0 2439.0 
2440.0 2440.0 2436.0 2439.0 
2448.0 2448.0 2436.0 2439.0 
2448.0 2452.0 2452.0 2439.0 
2456.0 2456.0 2452.0 2439.0 
2456.0 2456.0 2452.0 2456.0 
2456.0 2461.0 2461.0 2456.0 
2475.0 2475.0 2461.0 2456.0 
2475.0 2475.0 2475.0 2456.0 
2475.0 2475.0 2475.0 2475.0 
2475.0 2481.0 2475.0 2481.0 
2482.0 2482.0 2475.0 2481.0 
2482.0 2483.0 2483.0 2481.0 
2488.0 2488.0 2483.0 2481.0 
2488.0 2493.0 2493.0 2481.0 
2488.0 2493.0 2493.0 2493.0 
2497.0 2497.0 2493.0 2493.0 
2497.0 2502.0 2502.0 2493.0 
2497.0 2507.0 2502.0 2507.0 
2497.0 2512.0 2512.0 2507.0 
2515.0 2515.0 2512.0 2507.0 
2515.0 2521.0 2512.0 2521.0 
2523.0 2523.0 2512.0 2521.0 
2523.0 2530.0 2530.0 2521.0 
2531.0 2531.0 2530.0 2521.0 
2531.0 2533.0 2530.0 2533.0 
2531.0 2533.0 2533.0 2533.0 
2540.0 2540.0 2533.0 2533.0 
2540.0 2541.0 2541.0 2533.0 
2540.0 2548.0 2548.0 2533.0 
2540.0 2553.0 2548.0 2553.0 
2540.0 2559.0 2548.0 2559.0 
2540.0 2562.0 2562.0 2559.0 
2565.0 2565.0 2562.0 2559.0 
2565.0 2568.0 2562.0 2568.0 
2575.0 2575.0 2562.0 2568.0 
2575.0 2575.0 2575.0 2568.0 
2575.0 2580.0 2575.0 2580.0 
2575.0 2582.0 2582.0 2580.0 
2589.0 2589.0 2582.0 2580.0 
2589.0 2591.0 2582.0 2591.0 
2605.0 2605.0 2582.0 2591.0 
2605.0 2605.0 2605.0 2591.0 
2605.0 2605.0 2605.0 2605.0 
2619.0 2619.0 2605.0 2605.0 
2619.0 2619.0 2619.0 2605.0 
2619.0 2619.0 2619.0 2619.0 
2619.0 2626.0 2626.0 2619.0 
2619.0 2627.0 2626.0 2627.0 
2629.0 2629.0 2626.0 2627.0 
2629.0 2634.0 2626.0 2634.0 
2640.0 2640.0 2626.0 2634.0 
2640.0 2640.0 2640.0 2634.0 
2640.0 2640.0 2640.0 2640.0 
2646.0 2646.0 2640.0 2640.0 
2646.0 2649.0 2640.0 2649.0 
2646.0 2653.0 2653.0 2649.0 
2655.0 2655.0 2653.0 2649.0 
2655.0 2658.0 2653.0 2658.0 
2655.0 2660.0 2660.0 2658.0 
2655.0 2666.0 2660.0 2666.0 
2673.0 2673.0 2660.0 2666.0 
2673.0 2675.0 2675.0 2666.0 
2673.0 2676.0 2675.0 2676.0 
2673.0 2685.0 2675.0 2685.0 
2673.0 2693.0 2693.0 2685.0 
2673.0 2696.0 2693.0 2696.0 
2701.0 2701.0 2693.0 2696.0 
2709.0 2709.0 2693.0 2696.0 
2717.0 2717.0 2693.0 2696.0 
2717.0 2720.0 2720.0 2696.0 
2717.0 2720.0 2720.0 2720.0 
2726.0 2726.0 2720.0 2720.0 
2736.0 2736.0 2720.0 2720.0 
2739.0 2736.0 2720.0 2739.0 
2739.0 2739.0 2739.0 2739.0 
2739.0 2748.0 2748.0 2739.0 
2751.0 2751.0 2748.0 2739.0 
2765.0 2765.0 2748.0 2739.0 
2765.0 2765.0 2765.0 2739.0 
2765.0 2765.0 2766.0 2766.0 
2765.0 2765.0 2776.0 2776.0 
2779.0 2779.0 2776.0 2776.0 
2779.0 2779.0 2776.0 2779.0 
2779.0 2779.0 2785.0 2785.0 
2791.0 2791.0 2785.0 2785.0 
2791.0 2791.0 2785.0 2791.0 
2797.0 2797.0 2785.0 2791.0 
2797.0 2797.0 2785.0 2797.0 
2797.0 2805.0 2805.0 2797.0 
2797.0 2805.0 2805.0 2805.0 
2797.0 2812.0 2812.0 2805.0 
2797.0 2812.0 2812.0 2812.0 
2814.0 2814.0 2812.0 2812.0 
2814.0 2814.0 2812.0 2814.0 
2826.0 2814.0 2826.0 2814.0 
2826.0 2828.0 2828.0 2814.0 
2826.0 2828.0 2828.0 2828.0 
2838.0 2828.0 2838.0 2828.0 
2838.0 2838.0 2838.0 2828.0 
2847.0 2838.0 2847.0 2828.0 
2847.0 2847.0 2847.0 2828.0 
2847.0 2847.0 2847.0 2847.0 
2847.0 2847.0 2857.0 2857.0 
2860.0 2847.0 2860.0 2857.0 
2860.0 2847.0 2860.0 2860.0 
2861.0 2861.0 2860.0 2860.0 
2861.0 2861.0 2861.0 2860.0 
2861.0 2861.0 2861.0 2861.0 
2870.0 2861.0 2870.0 2861.0 
2870.0 2870.0 2870.0 2861.0 
2870.0 2870.0 2870.0 2870.0 
2880.0 2880.0 2870.0 2870.0 
2880.0 2880.0 2880.0 2870.0 
2880.0 2880.0 2880.0 2880.0 
2887.0 2887.0 2880.0 2880.0 
2887.0 2887.0 2887.0 2880.0 
2887.0 2887.0 2887.0 2887.0 
2896.0 2887.0 2896.0 2887.0 
2900.0 2887.0 2896.0 2900.0 
2900.0 2887.0 2900.0 2900.0 
2900.0 2910.0 2900.0 2910.0 
2919.0 2910.0 2919.0 2910.0 
2919.0 2928.0 2928.0 2910.0 
2919.0 2928.0 2928.0 2928.0 
2946.0 2946.0 2928.0 2928.0 
2946.0 2946.0 2954.0 2954.0 
2960.0 2960.0 2954.0 2954.0 
2960.0 2960.0 2962.0 2962.0 
2974.0 2974.0 2962.0 2962.0 
2991.0 2974.0 2991.0 2962.0 
2991.0 2999.0 2999.0 2962.0 
3013.0 3013.0 2999.0 2962.0 
3013.0 3013.0 2999.0 3013.0 
3019.0 3019.0 2999.0 3013.0 
3032.0 3032.0 2999.0 3013.0 
3033.0 3032.0 2999.0 3033.0 
3033.0 3033.0 2999.0 3033.0 
3060.0 3033.0 3060.0 3033.0 
3129.0 3122.0 3078.0 3108.0 
;
EXECUTION TIME HBSS: 11025.779567 seconds 

-------------------------------------------------------------------
