DATFILE : offices1_3r_1000.dat
ENVIRONMENT : office
ALGORITHM : KUMAR3
RANGE : 1000
STARTING_POS : 42
N_ROBOTS : 3
KUMAR3 T / cardinality : 4941.0
CONFIGURATIONS :
42 42 42 
5 24 41 
5 4 36 
24 4 35 
3 4 33 
3 24 32 
3 5 27 
23 5 26 
2 5 38 
2 24 26 
2 4 27 
23 4 31 
23 24 27 
26 4 32 
38 24 33 
37 4 34 
43 24 34 
37 5 35 
37 24 36 
38 4 41 
39 4 40 
23 3 39 
1 3 26 
1 23 32 
1 2 33 
23 2 34 
39 2 35 
40 2 36 
40 23 41 
40 1 42 
39 1 41 
38 1 36 
38 23 35 
38 26 34 
26 27 35 
27 31 34 
31 30 35 
30 29 34 
29 28 33 
30 28 32 
31 29 32 
27 30 33 
26 31 33 
38 27 32 
37 32 33 
43 32 35 
43 27 36 
37 26 41 
37 23 42 
43 2 42 
25 2 41 
25 23 36 
0 1 35 
25 1 34 
0 23 33 
0 2 32 
0 3 31 
25 3 30 
43 3 29 
37 3 28 
38 3 17 
39 24 17 
39 5 28 
40 5 17 
40 24 28 
40 3 19 
41 3 16 
42 24 16 
42 3 6 
42 4 7 
42 5 22 
42 41 10 
41 36 11 
42 35 11 
41 34 21 
41 35 8 
36 34 8 
36 35 21 
35 33 10 
34 32 10 
34 33 11 
36 32 22 
41 27 7 
41 31 22 
36 30 7 
35 29 7 
34 28 7 
35 28 22 
34 17 22 
33 17 7 
32 19 7 
27 19 22 
26 17 6 
23 28 6 
2 29 6 
2 30 22 
2 31 7 
23 29 22 
1 30 6 
0 27 6 
25 31 6 
0 26 7 
0 38 22 
25 37 7 
25 43 22 
43 37 6 
43 38 7 
37 39 22 
38 39 6 
26 40 22 
32 40 6 
33 41 6 
27 40 16 
26 39 16 
31 38 16 
30 37 16 
28 43 16 
17 25 16 
19 0 16 
17 1 19 
28 0 17 
28 25 19 
30 43 17 
29 37 17 
29 38 19 
30 26 19 
31 39 19 
31 40 43 
27 39 25 
30 39 0 
29 26 25 
28 27 1 
37 31 1 
43 33 39 
25 33 40 
0 34 40 
0 36 42 
0 18 5 
25 18 24 
43 18 4 
19 20 4 
19 9 24 
17 9 4 
29 9 5 
30 20 5 
29 20 24 
28 12 4 
29 21 4 
30 8 4 
30 21 24 
31 8 5 
32 21 5 
33 12 5 
32 12 41 
27 12 42 
26 20 42 
38 9 42 
43 9 41 
37 9 40 
38 20 40 
26 9 36 
39 20 36 
40 12 35 
39 12 34 
39 8 32 
23 11 30 
1 11 29 
0 10 29 
23 10 17 
2 10 28 
2 11 17 
2 21 19 
23 8 19 
1 8 16 
23 21 16 
2 12 16 
1 12 22 
1 20 7 
23 9 7 
3 9 22 
3 20 10 
3 12 11 
24 12 10 
3 8 21 
24 8 11 
4 11 10 
5 10 7 
24 22 7 
4 6 22 
24 6 15 
3 7 13 
2 15 13 
3 14 15 
4 14 13 
40 7 14 
39 7 15 
26 10 13 
27 11 13 
31 21 13 
29 8 13 
28 8 15 
17 21 15 
19 11 15 
16 10 14 
6 11 14 
22 21 14 
22 10 15 
16 11 22 
6 21 7 
16 20 6 
19 12 6 
6 8 10 
7 12 8 
22 20 8 
10 9 21 
11 9 20 
21 20 12 
8 18 9 
11 18 21 
6 34 9 
16 32 9 
6 35 18 
22 33 18 
10 27 18 
10 31 36 
10 30 40 
11 28 26 
21 28 38 
12 30 38 
20 27 37 
12 26 43 
20 23 43 
21 1 43 
8 0 25 
11 0 37 
11 25 38 
8 37 38 
20 28 31 
12 17 31 
20 17 32 
8 17 27 
10 19 37 
15 29 27 
14 29 39 
13 17 41 
13 28 36 
13 19 34 
13 16 33 
15 16 34 
14 19 33 
14 17 35 
14 28 41 
14 30 42 
15 30 41 
15 31 42 
13 32 42 
14 34 5 
15 33 36 
14 26 18 
15 23 18 
13 1 18 
13 0 20 
13 25 9 
15 0 9 
15 25 20 
14 0 12 
14 1 9 
14 2 20 
13 23 12 
15 37 12 
14 43 8 
7 16 18 
12 29 18 
8 33 42 
21 39 42 
15 1 4 
11 43 5 
16 29 36 
14 31 24 
14 32 25 
20 18 34 
18 42 28 
18 41 19 
18 36 17 
18 2 37 
35 34 3 
13 5 6 
13 24 22 
15 5 16 
14 36 6 
15 35 16 
13 35 19 
15 32 43 
14 27 37 
15 26 38 
13 38 37 
13 39 43 
14 23 38 
13 40 30 
15 40 29 
10 38 43 
10 39 25 
21 26 0 
21 27 25 
21 33 37 
12 35 25 
20 41 0 
8 40 2 
12 36 3 
9 35 2 
9 33 39 
9 31 27 
9 28 30 
18 30 31 
18 32 38 
18 39 40 
20 33 35 
11 31 32 
11 39 40 
10 1 5 
16 0 4 
19 25 5 
43 0 24 
19 25 42 
19 43 36 
17 29 42 
2 3 18 
1 24 18 
25 4 9 
26 2 8 
40 0 21 
41 29 6 
42 34 6 
1 9 12 
0 11 7 
42 42 42 
;

MOVING ROBOT :
0 0 0 
1 1 1 
0 1 1 
1 0 1 
1 0 1 
0 1 1 
0 1 1 
1 0 1 
1 0 1 
0 1 1 
0 1 1 
1 0 1 
0 1 1 
1 1 1 
1 1 1 
1 1 1 
1 1 0 
1 1 1 
0 1 1 
1 1 1 
1 0 1 
1 1 1 
1 0 1 
0 1 1 
0 1 1 
1 0 1 
1 0 1 
1 0 1 
0 1 1 
0 1 1 
1 0 1 
1 0 1 
0 1 1 
0 1 1 
1 1 1 
1 1 1 
1 1 1 
1 1 1 
1 1 1 
1 0 1 
1 1 0 
1 1 1 
1 1 0 
1 1 1 
1 1 1 
1 0 1 
0 1 1 
1 1 1 
0 1 1 
1 1 0 
1 0 1 
0 1 1 
1 1 1 
1 0 1 
1 1 1 
0 1 1 
0 1 1 
1 0 1 
1 0 1 
1 0 1 
1 0 1 
1 1 0 
0 1 1 
1 0 1 
0 1 1 
0 1 1 
1 0 1 
1 1 0 
0 1 1 
0 1 1 
0 1 1 
0 1 1 
1 1 1 
1 1 0 
1 1 1 
0 1 1 
1 1 0 
0 1 1 
1 1 1 
1 1 0 
0 1 1 
1 1 1 
1 1 1 
0 1 1 
1 1 1 
1 1 0 
1 1 0 
1 0 1 
1 1 0 
1 0 1 
1 1 0 
1 0 1 
1 1 1 
1 1 0 
1 1 0 
0 1 1 
0 1 1 
1 1 1 
1 1 1 
1 1 0 
1 1 0 
1 1 1 
0 1 1 
1 1 1 
0 1 1 
1 1 1 
0 1 1 
1 1 1 
1 0 1 
1 1 1 
1 0 1 
1 1 0 
1 1 1 
1 1 0 
1 1 0 
1 1 0 
1 1 0 
1 1 0 
1 1 0 
1 1 1 
1 1 1 
0 1 1 
1 1 1 
1 1 0 
0 1 1 
1 1 0 
1 1 0 
0 1 1 
1 1 1 
1 0 1 
1 1 1 
1 1 1 
1 1 0 
1 1 1 
1 0 1 
1 1 0 
0 1 1 
0 1 1 
1 0 1 
1 0 1 
1 1 0 
0 1 1 
1 0 1 
1 0 1 
1 1 0 
1 0 1 
1 1 1 
1 1 0 
1 1 0 
0 1 1 
1 1 1 
1 1 0 
1 1 0 
1 0 1 
1 0 1 
1 1 0 
1 1 0 
1 0 1 
1 0 1 
1 1 0 
1 1 1 
1 1 0 
1 1 1 
1 0 1 
0 1 1 
1 1 1 
1 0 1 
1 1 0 
1 0 1 
1 0 1 
0 1 1 
0 1 1 
1 1 0 
1 0 1 
1 1 0 
1 1 0 
1 0 1 
0 1 1 
1 1 0 
1 0 1 
0 1 1 
0 1 1 
1 0 1 
1 1 1 
1 0 1 
1 1 1 
1 1 1 
1 1 0 
1 1 1 
1 0 1 
1 1 1 
1 1 0 
1 1 1 
1 0 1 
1 1 1 
1 0 1 
1 1 1 
1 1 0 
1 1 0 
1 1 0 
1 0 1 
1 1 0 
1 1 0 
1 1 1 
1 1 0 
1 1 0 
0 1 1 
1 1 1 
1 1 1 
1 1 1 
1 1 0 
1 1 1 
1 1 1 
1 1 0 
1 1 1 
1 0 1 
1 1 1 
1 1 1 
1 0 1 
1 1 1 
1 1 0 
1 1 1 
1 1 0 
1 1 0 
0 1 1 
0 1 1 
1 1 1 
1 0 1 
1 1 0 
1 1 1 
1 1 1 
1 1 0 
1 1 0 
1 1 1 
1 0 1 
0 1 1 
1 1 0 
1 1 1 
1 1 0 
1 0 1 
1 0 1 
1 1 1 
1 1 1 
1 0 1 
1 1 1 
0 1 1 
0 1 1 
0 1 1 
1 0 1 
1 1 1 
0 1 1 
0 1 1 
0 1 1 
1 0 1 
0 1 1 
1 1 0 
1 1 1 
1 1 1 
1 1 1 
1 1 0 
1 1 0 
0 1 1 
0 1 1 
1 1 0 
0 1 1 
1 1 1 
0 1 1 
0 1 1 
1 1 1 
1 1 0 
1 1 1 
1 1 1 
1 1 0 
1 1 1 
1 1 0 
1 1 1 
1 1 1 
1 1 1 
1 1 1 
0 1 1 
1 1 1 
1 1 1 
0 1 1 
0 1 1 
0 1 1 
1 1 1 
1 1 1 
0 1 1 
1 1 1 
1 1 1 
1 1 1 
1 0 1 
1 1 1 
1 1 1 
1 1 1 
1 1 1 
0 1 1 
1 1 1 
1 1 1 
1 0 1 
1 1 1 
0 1 1 
1 1 1 
0 1 1 
0 1 1 
1 1 1 
1 1 1 
1 1 1 
1 1 1 
1 1 1 
0 1 1 
0 1 1 
0 1 1 
1 1 1 
0 1 1 
0 1 1 
1 1 1 
1 1 1 
0 1 1 
1 1 1 
1 1 1 
1 1 1 
1 1 1 
1 1 1 
0 1 1 
1 1 1 
1 1 1 
1 1 0 
1 1 1 
1 1 1 
1 1 1 
1 1 1 
1 1 0 
1 1 1 
1 1 1 
1 1 1 
;
MEASURING ROBOT :
0 0 0 
1 1 1 
1 1 1 
1 1 1 
1 1 1 
1 1 1 
1 1 1 
1 1 1 
1 1 1 
1 1 1 
1 1 1 
1 1 1 
1 1 1 
1 1 1 
1 1 1 
1 1 1 
1 1 1 
1 1 1 
1 1 1 
1 1 1 
1 1 1 
1 1 1 
1 1 1 
1 1 1 
1 1 1 
1 1 1 
1 1 1 
1 1 1 
1 1 1 
1 1 1 
1 1 1 
1 1 1 
1 1 1 
1 1 1 
1 1 1 
1 1 1 
1 1 1 
1 1 1 
1 1 1 
1 1 1 
1 1 1 
1 1 1 
1 1 1 
1 1 1 
1 1 1 
1 1 1 
1 1 1 
1 1 1 
1 1 1 
1 1 1 
1 1 1 
1 1 1 
1 1 1 
1 1 1 
1 1 1 
1 1 1 
1 1 1 
1 1 1 
1 1 1 
1 1 1 
1 1 1 
1 1 1 
1 1 1 
1 1 1 
1 1 1 
1 1 1 
1 1 1 
1 1 1 
1 1 1 
1 1 1 
1 1 1 
1 1 1 
1 1 1 
1 1 1 
1 1 1 
1 1 1 
1 1 1 
1 1 1 
1 1 1 
1 1 1 
1 1 1 
1 1 1 
1 1 1 
1 1 1 
1 1 1 
1 1 1 
1 1 1 
1 1 1 
1 1 1 
1 1 1 
1 1 1 
1 1 1 
1 1 1 
1 1 1 
1 1 1 
1 1 1 
1 1 1 
1 1 1 
1 1 1 
1 1 1 
1 1 1 
1 1 1 
1 1 1 
1 1 1 
1 1 1 
1 1 1 
1 1 1 
1 1 1 
1 1 1 
1 1 1 
1 1 1 
1 1 1 
1 1 1 
1 1 1 
1 1 1 
1 1 1 
1 1 1 
1 1 1 
1 1 1 
1 1 1 
1 1 1 
1 1 1 
1 1 1 
1 1 1 
1 1 1 
1 1 1 
1 1 1 
1 1 1 
1 1 1 
1 1 1 
1 1 1 
1 1 1 
1 1 1 
1 1 1 
1 1 1 
1 1 1 
1 1 1 
1 1 1 
1 1 1 
1 1 1 
1 1 1 
1 1 1 
1 1 1 
1 1 1 
1 1 1 
1 1 1 
1 1 1 
1 1 1 
1 1 1 
1 1 1 
1 1 1 
1 1 1 
1 1 1 
1 1 1 
1 1 1 
1 1 1 
1 1 1 
1 1 1 
1 1 1 
1 1 1 
1 1 1 
1 1 1 
1 1 1 
1 1 1 
1 1 1 
1 1 1 
1 1 1 
1 1 1 
1 1 1 
1 1 1 
1 1 1 
1 1 1 
1 1 1 
1 1 1 
1 1 1 
1 1 1 
1 1 1 
1 1 1 
1 1 1 
1 1 1 
1 1 1 
1 1 1 
1 1 1 
1 1 1 
1 1 1 
1 1 1 
1 1 1 
1 1 1 
1 1 1 
1 1 1 
1 1 1 
1 1 1 
1 1 1 
1 1 1 
1 1 1 
1 1 1 
1 1 1 
1 1 1 
1 1 1 
1 1 1 
1 1 1 
1 1 1 
1 1 1 
1 1 1 
1 1 1 
1 1 1 
1 1 1 
1 1 1 
1 1 1 
1 1 1 
1 1 1 
1 1 1 
1 1 1 
1 1 1 
1 1 1 
1 1 1 
1 1 1 
1 1 1 
1 1 1 
1 1 1 
1 1 1 
1 1 1 
1 1 1 
1 1 1 
1 1 1 
1 1 1 
1 1 1 
1 1 1 
1 1 1 
1 1 1 
1 1 1 
1 1 1 
1 1 1 
1 1 1 
1 1 1 
1 1 1 
1 1 1 
1 1 1 
1 1 1 
1 1 1 
1 1 1 
1 1 1 
1 1 1 
1 1 1 
1 1 1 
1 1 1 
1 1 1 
1 1 1 
1 1 1 
1 1 1 
1 1 1 
1 1 1 
1 1 1 
1 1 1 
1 1 1 
1 1 1 
1 1 1 
1 1 1 
1 1 1 
1 1 1 
1 1 1 
1 1 1 
1 1 1 
1 1 1 
1 1 1 
1 1 1 
1 1 1 
1 1 1 
1 1 1 
1 1 1 
1 1 1 
1 1 1 
1 1 1 
1 1 1 
1 1 1 
1 1 1 
1 1 1 
1 1 1 
1 1 1 
1 1 1 
1 1 1 
1 1 1 
1 1 1 
1 1 1 
1 1 1 
1 1 1 
1 1 1 
1 1 1 
1 1 1 
1 1 1 
1 1 1 
1 1 1 
1 1 1 
1 1 1 
1 1 1 
1 1 1 
1 1 1 
1 1 1 
1 1 1 
1 1 1 
1 1 1 
1 1 1 
1 1 1 
1 1 1 
1 1 1 
1 1 1 
1 1 1 
1 1 1 
1 1 1 
1 1 1 
1 1 1 
1 1 1 
1 1 1 
1 1 1 
1 1 1 
1 1 1 
1 1 1 
1 1 1 
1 1 1 
1 1 1 
1 1 1 
1 1 1 
1 1 1 
1 1 1 
1 1 1 
1 1 1 
1 1 1 
1 1 0 
1 1 0 
1 0 1 
1 0 1 
1 1 0 
1 1 0 
0 1 1 
0 1 1 
0 0 0 
;
TIMETABLE : 
0 0 0 
18.0 18.0 18.0 
27.0 27.0 27.0 
37.0 37.0 37.0 
50.0 50.0 50.0 
59.0 59.0 59.0 
67.0 67.0 67.0 
80.0 80.0 80.0 
88.0 88.0 88.0 
96.0 96.0 96.0 
103.0 103.0 103.0 
110.0 110.0 110.0 
117.0 117.0 117.0 
125.0 125.0 125.0 
134.0 134.0 134.0 
143.0 143.0 143.0 
150.0 150.0 150.0 
158.0 158.0 158.0 
168.0 168.0 168.0 
177.0 177.0 177.0 
189.0 189.0 189.0 
203.0 203.0 203.0 
213.0 213.0 213.0 
226.0 226.0 226.0 
235.0 235.0 235.0 
245.0 245.0 245.0 
255.0 255.0 255.0 
266.0 266.0 266.0 
275.0 275.0 275.0 
285.0 285.0 285.0 
296.0 296.0 296.0 
308.0 308.0 308.0 
318.0 318.0 318.0 
326.0 326.0 326.0 
334.0 334.0 334.0 
342.0 342.0 342.0 
350.0 350.0 350.0 
358.0 358.0 358.0 
367.0 367.0 367.0 
376.0 376.0 376.0 
385.0 385.0 385.0 
394.0 394.0 394.0 
402.0 402.0 402.0 
411.0 411.0 411.0 
420.0 420.0 420.0 
433.0 433.0 433.0 
443.0 443.0 443.0 
452.0 452.0 452.0 
462.0 462.0 462.0 
469.0 469.0 469.0 
480.0 480.0 480.0 
489.0 489.0 489.0 
499.0 499.0 499.0 
509.0 509.0 509.0 
519.0 519.0 519.0 
528.0 528.0 528.0 
542.0 542.0 542.0 
552.0 552.0 552.0 
563.0 563.0 563.0 
572.0 572.0 572.0 
582.0 582.0 582.0 
595.0 595.0 595.0 
605.0 605.0 605.0 
616.0 616.0 616.0 
626.0 626.0 626.0 
640.0 640.0 640.0 
654.0 654.0 654.0 
667.0 667.0 667.0 
681.0 681.0 681.0 
695.0 695.0 695.0 
710.0 710.0 710.0 
726.0 726.0 726.0 
739.0 739.0 739.0 
749.0 749.0 749.0 
759.0 759.0 759.0 
767.0 767.0 767.0 
776.0 776.0 776.0 
784.0 784.0 784.0 
797.0 797.0 797.0 
806.0 806.0 806.0 
819.0 819.0 819.0 
835.0 835.0 835.0 
844.0 844.0 844.0 
851.0 851.0 851.0 
860.0 860.0 860.0 
870.0 870.0 870.0 
879.0 879.0 879.0 
887.0 887.0 887.0 
897.0 897.0 897.0 
906.0 906.0 906.0 
918.0 918.0 918.0 
924.0 924.0 924.0 
936.0 936.0 936.0 
946.0 946.0 946.0 
955.0 955.0 955.0 
967.0 967.0 967.0 
975.0 975.0 975.0 
987.0 987.0 987.0 
999.0 999.0 999.0 
1013.0 1013.0 1013.0 
1023.0 1023.0 1023.0 
1037.0 1037.0 1037.0 
1045.0 1045.0 1045.0 
1055.0 1055.0 1055.0 
1061.0 1061.0 1061.0 
1073.0 1073.0 1073.0 
1087.0 1087.0 1087.0 
1099.0 1099.0 1099.0 
1111.0 1111.0 1111.0 
1123.0 1123.0 1123.0 
1136.0 1136.0 1136.0 
1147.0 1147.0 1147.0 
1161.0 1161.0 1161.0 
1172.0 1172.0 1172.0 
1186.0 1186.0 1186.0 
1195.0 1195.0 1195.0 
1208.0 1208.0 1208.0 
1219.0 1219.0 1219.0 
1231.0 1231.0 1231.0 
1245.0 1245.0 1245.0 
1259.0 1259.0 1259.0 
1271.0 1271.0 1271.0 
1284.0 1284.0 1284.0 
1292.0 1292.0 1292.0 
1304.0 1304.0 1304.0 
1312.0 1312.0 1312.0 
1320.0 1320.0 1320.0 
1338.0 1338.0 1338.0 
1349.0 1349.0 1349.0 
1360.0 1360.0 1360.0 
1370.0 1370.0 1370.0 
1386.0 1386.0 1386.0 
1406.0 1406.0 1406.0 
1426.0 1426.0 1426.0 
1437.0 1437.0 1437.0 
1447.0 1447.0 1447.0 
1466.0 1466.0 1466.0 
1484.0 1484.0 1484.0 
1494.0 1494.0 1494.0 
1505.0 1505.0 1505.0 
1524.0 1524.0 1524.0 
1533.0 1533.0 1533.0 
1545.0 1545.0 1545.0 
1560.0 1560.0 1560.0 
1569.0 1569.0 1569.0 
1577.0 1577.0 1577.0 
1587.0 1587.0 1587.0 
1600.0 1600.0 1600.0 
1608.0 1608.0 1608.0 
1615.0 1615.0 1615.0 
1623.0 1623.0 1623.0 
1636.0 1636.0 1636.0 
1649.0 1649.0 1649.0 
1665.0 1665.0 1665.0 
1675.0 1675.0 1675.0 
1685.0 1685.0 1685.0 
1694.0 1694.0 1694.0 
1709.0 1709.0 1709.0 
1720.0 1720.0 1720.0 
1729.0 1729.0 1729.0 
1745.0 1745.0 1745.0 
1754.0 1754.0 1754.0 
1765.0 1765.0 1765.0 
1776.0 1776.0 1776.0 
1790.0 1790.0 1790.0 
1807.0 1807.0 1807.0 
1817.0 1817.0 1817.0 
1831.0 1831.0 1831.0 
1847.0 1847.0 1847.0 
1857.0 1857.0 1857.0 
1870.0 1870.0 1870.0 
1882.0 1882.0 1882.0 
1889.0 1889.0 1889.0 
1903.0 1903.0 1903.0 
1913.0 1913.0 1913.0 
1926.0 1926.0 1926.0 
1942.0 1942.0 1942.0 
1952.0 1952.0 1952.0 
1962.0 1962.0 1962.0 
1975.0 1975.0 1975.0 
1988.0 1988.0 1988.0 
2001.0 2001.0 2001.0 
2014.0 2014.0 2014.0 
2028.0 2028.0 2028.0 
2041.0 2041.0 2041.0 
2058.0 2058.0 2058.0 
2075.0 2075.0 2075.0 
2088.0 2088.0 2088.0 
2100.0 2100.0 2100.0 
2113.0 2113.0 2113.0 
2127.0 2127.0 2127.0 
2146.0 2146.0 2146.0 
2160.0 2160.0 2160.0 
2174.0 2174.0 2174.0 
2202.0 2202.0 2202.0 
2216.0 2216.0 2216.0 
2233.0 2233.0 2233.0 
2246.0 2246.0 2246.0 
2256.0 2256.0 2256.0 
2268.0 2268.0 2268.0 
2282.0 2282.0 2282.0 
2292.0 2292.0 2292.0 
2304.0 2304.0 2304.0 
2318.0 2318.0 2318.0 
2332.0 2332.0 2332.0 
2344.0 2344.0 2344.0 
2358.0 2358.0 2358.0 
2374.0 2374.0 2374.0 
2388.0 2388.0 2388.0 
2402.0 2402.0 2402.0 
2416.0 2416.0 2416.0 
2439.0 2439.0 2439.0 
2459.0 2459.0 2459.0 
2469.0 2469.0 2469.0 
2482.0 2482.0 2482.0 
2495.0 2495.0 2495.0 
2505.0 2505.0 2505.0 
2524.0 2524.0 2524.0 
2544.0 2544.0 2544.0 
2570.0 2570.0 2570.0 
2584.0 2584.0 2584.0 
2606.0 2606.0 2606.0 
2619.0 2619.0 2619.0 
2632.0 2632.0 2632.0 
2650.0 2650.0 2650.0 
2666.0 2666.0 2666.0 
2685.0 2685.0 2685.0 
2695.0 2695.0 2695.0 
2708.0 2708.0 2708.0 
2719.0 2719.0 2719.0 
2729.0 2729.0 2729.0 
2739.0 2739.0 2739.0 
2752.0 2752.0 2752.0 
2766.0 2766.0 2766.0 
2783.0 2783.0 2783.0 
2793.0 2793.0 2793.0 
2810.0 2810.0 2810.0 
2830.0 2830.0 2830.0 
2840.0 2840.0 2840.0 
2853.0 2853.0 2853.0 
2867.0 2867.0 2867.0 
2891.0 2891.0 2891.0 
2915.0 2915.0 2915.0 
2930.0 2930.0 2930.0 
2952.0 2952.0 2952.0 
2962.0 2962.0 2962.0 
2976.0 2976.0 2976.0 
2990.0 2990.0 2990.0 
3004.0 3004.0 3004.0 
3018.0 3018.0 3018.0 
3031.0 3031.0 3031.0 
3050.0 3050.0 3050.0 
3063.0 3063.0 3063.0 
3077.0 3077.0 3077.0 
3087.0 3087.0 3087.0 
3101.0 3101.0 3101.0 
3119.0 3119.0 3119.0 
3140.0 3140.0 3140.0 
3158.0 3158.0 3158.0 
3172.0 3172.0 3172.0 
3186.0 3186.0 3186.0 
3205.0 3205.0 3205.0 
3215.0 3215.0 3215.0 
3229.0 3229.0 3229.0 
3239.0 3239.0 3239.0 
3253.0 3253.0 3253.0 
3270.0 3270.0 3270.0 
3285.0 3285.0 3285.0 
3303.0 3303.0 3303.0 
3324.0 3324.0 3324.0 
3338.0 3338.0 3338.0 
3371.0 3371.0 3371.0 
3404.0 3404.0 3404.0 
3431.0 3431.0 3431.0 
3455.0 3455.0 3455.0 
3482.0 3482.0 3482.0 
3509.0 3509.0 3509.0 
3541.0 3541.0 3541.0 
3576.0 3576.0 3576.0 
3610.0 3610.0 3610.0 
3657.0 3657.0 3657.0 
3693.0 3693.0 3693.0 
3707.0 3707.0 3707.0 
3719.0 3719.0 3719.0 
3759.0 3759.0 3759.0 
3795.0 3795.0 3795.0 
3886.0 3886.0 3886.0 
3898.0 3898.0 3898.0 
3914.0 3914.0 3914.0 
3935.0 3935.0 3935.0 
3949.0 3949.0 3949.0 
3963.0 3963.0 3963.0 
3981.0 3981.0 3981.0 
3995.0 3995.0 3995.0 
4009.0 4009.0 4009.0 
4023.0 4023.0 4023.0 
4035.0 4035.0 4035.0 
4053.0 4053.0 4053.0 
4077.0 4077.0 4077.0 
4091.0 4091.0 4091.0 
4115.0 4115.0 4115.0 
4127.0 4127.0 4127.0 
4140.0 4140.0 4140.0 
4150.0 4150.0 4150.0 
4167.0 4167.0 4167.0 
4184.0 4184.0 4184.0 
4203.0 4203.0 4203.0 
4224.0 4224.0 4224.0 
4240.0 4240.0 4240.0 
4257.0 4257.0 4257.0 
4274.0 4274.0 4274.0 
4292.0 4292.0 4292.0 
4309.0 4309.0 4309.0 
4331.0 4331.0 4331.0 
4351.0 4351.0 4351.0 
4374.0 4374.0 4374.0 
4400.0 4400.0 4400.0 
4423.0 4423.0 4423.0 
4453.0 4453.0 4453.0 
4474.0 4474.0 4474.0 
4503.0 4503.0 4503.0 
4518.0 4518.0 4518.0 
4536.0 4536.0 4536.0 
4554.0 4554.0 4554.0 
4573.0 4573.0 4573.0 
4592.0 4592.0 4592.0 
4640.0 4640.0 4640.0 
4655.0 4655.0 4640.0 
4671.0 4671.0 4662.0 
4695.0 4691.0 4695.0 
4714.0 4712.0 4714.0 
4752.0 4752.0 4740.0 
4783.0 4783.0 4740.0 
4827.0 4829.0 4829.0 
4841.0 4862.0 4862.0 
4891.0 4931.0 4941.0 
;
EXECUTION TIME KUMAR3: 1143.80442095 seconds

-------------------------------------------------------------------
DATFILE : offices1_3r_1000.dat
ENVIRONMENT : office
ALGORITHM : KUMAR3
RANGE : 1000
STARTING_POS : 42
N_ROBOTS : 3
KUMAR3 T / heuristic : 4941.0
CONFIGURATIONS :
42 42 42 
5 24 41 
5 4 36 
24 4 35 
3 4 33 
3 24 32 
3 5 27 
23 5 26 
2 5 38 
2 24 26 
2 4 27 
23 4 31 
23 24 27 
26 4 32 
38 24 33 
37 4 34 
43 24 34 
37 5 35 
37 24 36 
38 4 41 
39 4 40 
23 3 39 
1 3 26 
1 23 32 
1 2 33 
23 2 34 
39 2 35 
40 2 36 
40 23 41 
40 1 42 
39 1 41 
38 1 36 
38 23 35 
38 26 34 
26 27 35 
27 31 34 
31 30 35 
30 29 34 
29 28 33 
30 28 32 
31 29 32 
27 30 33 
26 31 33 
38 27 32 
37 32 33 
43 32 35 
43 27 36 
37 26 41 
37 23 42 
43 2 42 
25 2 41 
25 23 36 
0 1 35 
25 1 34 
0 23 33 
0 2 32 
0 3 31 
25 3 30 
43 3 29 
37 3 28 
38 3 17 
39 24 17 
39 5 28 
40 5 17 
40 24 28 
40 3 19 
41 3 16 
42 24 16 
42 3 6 
42 4 7 
42 5 22 
42 41 10 
41 36 11 
42 35 11 
41 34 21 
41 35 8 
36 34 8 
36 35 21 
35 33 10 
34 32 10 
34 33 11 
36 32 22 
41 27 7 
41 31 22 
36 30 7 
35 29 7 
34 28 7 
35 28 22 
34 17 22 
33 17 7 
32 19 7 
27 19 22 
26 17 6 
23 28 6 
2 29 6 
2 30 22 
2 31 7 
23 29 22 
1 30 6 
0 27 6 
25 31 6 
0 26 7 
0 38 22 
25 37 7 
25 43 22 
43 37 6 
43 38 7 
37 39 22 
38 39 6 
26 40 22 
32 40 6 
33 41 6 
27 40 16 
26 39 16 
31 38 16 
30 37 16 
28 43 16 
17 25 16 
19 0 16 
17 1 19 
28 0 17 
28 25 19 
30 43 17 
29 37 17 
29 38 19 
30 26 19 
31 39 19 
31 40 43 
27 39 25 
30 39 0 
29 26 25 
28 27 1 
37 31 1 
43 33 39 
25 33 40 
0 34 40 
0 36 42 
0 18 5 
25 18 24 
43 18 4 
19 20 4 
19 9 24 
17 9 4 
29 9 5 
30 20 5 
29 20 24 
28 12 4 
29 21 4 
30 8 4 
30 21 24 
31 8 5 
32 21 5 
33 12 5 
32 12 41 
27 12 42 
26 20 42 
38 9 42 
43 9 41 
37 9 40 
38 20 40 
26 9 36 
39 20 36 
40 12 35 
39 12 34 
39 8 32 
23 11 30 
1 11 29 
0 10 29 
23 10 17 
2 10 28 
2 11 17 
2 21 19 
23 8 19 
1 8 16 
23 21 16 
2 12 16 
1 12 22 
1 20 7 
23 9 7 
3 9 22 
3 20 10 
3 12 11 
24 12 10 
3 8 21 
24 8 11 
4 11 10 
5 10 7 
24 22 7 
4 6 22 
24 6 15 
3 7 13 
2 15 13 
3 14 15 
4 14 13 
40 7 14 
39 7 15 
26 10 13 
27 11 13 
31 21 13 
29 8 13 
28 8 15 
17 21 15 
19 11 15 
16 10 14 
6 11 14 
22 21 14 
22 10 15 
16 11 22 
6 21 7 
16 20 6 
19 12 6 
6 8 10 
7 12 8 
22 20 8 
10 9 21 
11 9 20 
21 20 12 
8 18 9 
11 18 21 
6 34 9 
16 32 9 
6 35 18 
22 33 18 
10 27 18 
10 31 36 
10 30 40 
11 28 26 
21 28 38 
12 30 38 
20 27 37 
12 26 43 
20 23 43 
21 1 43 
8 0 25 
11 0 37 
11 25 38 
8 37 38 
20 28 31 
12 17 31 
20 17 32 
8 17 27 
10 19 37 
15 29 27 
14 29 39 
13 17 41 
13 28 36 
13 19 34 
13 16 33 
15 16 34 
14 19 33 
14 17 35 
14 28 41 
14 30 42 
15 30 41 
15 31 42 
13 32 42 
14 34 5 
15 33 36 
14 26 18 
15 23 18 
13 1 18 
13 0 20 
13 25 9 
15 0 9 
15 25 20 
14 0 12 
14 1 9 
14 2 20 
13 23 12 
15 37 12 
14 43 8 
7 16 18 
12 29 18 
8 33 42 
21 39 42 
15 1 4 
11 43 5 
16 29 36 
14 31 24 
14 32 25 
20 18 34 
18 42 28 
18 41 19 
18 36 17 
18 2 37 
35 34 3 
13 5 6 
13 24 22 
15 5 16 
14 36 6 
15 35 16 
13 35 19 
15 32 43 
14 27 37 
15 26 38 
13 38 37 
13 39 43 
14 23 38 
13 40 30 
15 40 29 
10 38 43 
10 39 25 
21 26 0 
21 27 25 
21 33 37 
12 35 25 
20 41 0 
8 40 2 
12 36 3 
9 35 2 
9 33 39 
9 31 27 
9 28 30 
18 30 31 
18 32 38 
18 39 40 
20 33 35 
11 31 32 
11 39 40 
10 1 5 
16 0 4 
19 25 5 
43 0 24 
19 25 42 
19 43 36 
17 29 42 
2 3 18 
1 24 18 
25 4 9 
26 2 8 
40 0 21 
41 29 6 
42 34 6 
1 9 12 
0 11 7 
42 42 42 
;

MOVING ROBOT :
0 0 0 
1 1 1 
0 1 1 
1 0 1 
1 0 1 
0 1 1 
0 1 1 
1 0 1 
1 0 1 
0 1 1 
0 1 1 
1 0 1 
0 1 1 
1 1 1 
1 1 1 
1 1 1 
1 1 0 
1 1 1 
0 1 1 
1 1 1 
1 0 1 
1 1 1 
1 0 1 
0 1 1 
0 1 1 
1 0 1 
1 0 1 
1 0 1 
0 1 1 
0 1 1 
1 0 1 
1 0 1 
0 1 1 
0 1 1 
1 1 1 
1 1 1 
1 1 1 
1 1 1 
1 1 1 
1 0 1 
1 1 0 
1 1 1 
1 1 0 
1 1 1 
1 1 1 
1 0 1 
0 1 1 
1 1 1 
0 1 1 
1 1 0 
1 0 1 
0 1 1 
1 1 1 
1 0 1 
1 1 1 
0 1 1 
0 1 1 
1 0 1 
1 0 1 
1 0 1 
1 0 1 
1 1 0 
0 1 1 
1 0 1 
0 1 1 
0 1 1 
1 0 1 
1 1 0 
0 1 1 
0 1 1 
0 1 1 
0 1 1 
1 1 1 
1 1 0 
1 1 1 
0 1 1 
1 1 0 
0 1 1 
1 1 1 
1 1 0 
0 1 1 
1 1 1 
1 1 1 
0 1 1 
1 1 1 
1 1 0 
1 1 0 
1 0 1 
1 1 0 
1 0 1 
1 1 0 
1 0 1 
1 1 1 
1 1 0 
1 1 0 
0 1 1 
0 1 1 
1 1 1 
1 1 1 
1 1 0 
1 1 0 
1 1 1 
0 1 1 
1 1 1 
0 1 1 
1 1 1 
0 1 1 
1 1 1 
1 0 1 
1 1 1 
1 0 1 
1 1 0 
1 1 1 
1 1 0 
1 1 0 
1 1 0 
1 1 0 
1 1 0 
1 1 0 
1 1 1 
1 1 1 
0 1 1 
1 1 1 
1 1 0 
0 1 1 
1 1 0 
1 1 0 
0 1 1 
1 1 1 
1 0 1 
1 1 1 
1 1 1 
1 1 0 
1 1 1 
1 0 1 
1 1 0 
0 1 1 
0 1 1 
1 0 1 
1 0 1 
1 1 0 
0 1 1 
1 0 1 
1 0 1 
1 1 0 
1 0 1 
1 1 1 
1 1 0 
1 1 0 
0 1 1 
1 1 1 
1 1 0 
1 1 0 
1 0 1 
1 0 1 
1 1 0 
1 1 0 
1 0 1 
1 0 1 
1 1 0 
1 1 1 
1 1 0 
1 1 1 
1 0 1 
0 1 1 
1 1 1 
1 0 1 
1 1 0 
1 0 1 
1 0 1 
0 1 1 
0 1 1 
1 1 0 
1 0 1 
1 1 0 
1 1 0 
1 0 1 
0 1 1 
1 1 0 
1 0 1 
0 1 1 
0 1 1 
1 0 1 
1 1 1 
1 0 1 
1 1 1 
1 1 1 
1 1 0 
1 1 1 
1 0 1 
1 1 1 
1 1 0 
1 1 1 
1 0 1 
1 1 1 
1 0 1 
1 1 1 
1 1 0 
1 1 0 
1 1 0 
1 0 1 
1 1 0 
1 1 0 
1 1 1 
1 1 0 
1 1 0 
0 1 1 
1 1 1 
1 1 1 
1 1 1 
1 1 0 
1 1 1 
1 1 1 
1 1 0 
1 1 1 
1 0 1 
1 1 1 
1 1 1 
1 0 1 
1 1 1 
1 1 0 
1 1 1 
1 1 0 
1 1 0 
0 1 1 
0 1 1 
1 1 1 
1 0 1 
1 1 0 
1 1 1 
1 1 1 
1 1 0 
1 1 0 
1 1 1 
1 0 1 
0 1 1 
1 1 0 
1 1 1 
1 1 0 
1 0 1 
1 0 1 
1 1 1 
1 1 1 
1 0 1 
1 1 1 
0 1 1 
0 1 1 
0 1 1 
1 0 1 
1 1 1 
0 1 1 
0 1 1 
0 1 1 
1 0 1 
0 1 1 
1 1 0 
1 1 1 
1 1 1 
1 1 1 
1 1 0 
1 1 0 
0 1 1 
0 1 1 
1 1 0 
0 1 1 
1 1 1 
0 1 1 
0 1 1 
1 1 1 
1 1 0 
1 1 1 
1 1 1 
1 1 0 
1 1 1 
1 1 0 
1 1 1 
1 1 1 
1 1 1 
1 1 1 
0 1 1 
1 1 1 
1 1 1 
0 1 1 
0 1 1 
0 1 1 
1 1 1 
1 1 1 
0 1 1 
1 1 1 
1 1 1 
1 1 1 
1 0 1 
1 1 1 
1 1 1 
1 1 1 
1 1 1 
0 1 1 
1 1 1 
1 1 1 
1 0 1 
1 1 1 
0 1 1 
1 1 1 
0 1 1 
0 1 1 
1 1 1 
1 1 1 
1 1 1 
1 1 1 
1 1 1 
0 1 1 
0 1 1 
0 1 1 
1 1 1 
0 1 1 
0 1 1 
1 1 1 
1 1 1 
0 1 1 
1 1 1 
1 1 1 
1 1 1 
1 1 1 
1 1 1 
0 1 1 
1 1 1 
1 1 1 
1 1 0 
1 1 1 
1 1 1 
1 1 1 
1 1 1 
1 1 0 
1 1 1 
1 1 1 
1 1 1 
;
MEASURING ROBOT :
0 0 0 
1 1 1 
1 1 1 
1 1 1 
1 1 1 
1 1 1 
1 1 1 
1 1 1 
1 1 1 
1 1 1 
1 1 1 
1 1 1 
1 1 1 
1 1 1 
1 1 1 
1 1 1 
1 1 1 
1 1 1 
1 1 1 
1 1 1 
1 1 1 
1 1 1 
1 1 1 
1 1 1 
1 1 1 
1 1 1 
1 1 1 
1 1 1 
1 1 1 
1 1 1 
1 1 1 
1 1 1 
1 1 1 
1 1 1 
1 1 1 
1 1 1 
1 1 1 
1 1 1 
1 1 1 
1 1 1 
1 1 1 
1 1 1 
1 1 1 
1 1 1 
1 1 1 
1 1 1 
1 1 1 
1 1 1 
1 1 1 
1 1 1 
1 1 1 
1 1 1 
1 1 1 
1 1 1 
1 1 1 
1 1 1 
1 1 1 
1 1 1 
1 1 1 
1 1 1 
1 1 1 
1 1 1 
1 1 1 
1 1 1 
1 1 1 
1 1 1 
1 1 1 
1 1 1 
1 1 1 
1 1 1 
1 1 1 
1 1 1 
1 1 1 
1 1 1 
1 1 1 
1 1 1 
1 1 1 
1 1 1 
1 1 1 
1 1 1 
1 1 1 
1 1 1 
1 1 1 
1 1 1 
1 1 1 
1 1 1 
1 1 1 
1 1 1 
1 1 1 
1 1 1 
1 1 1 
1 1 1 
1 1 1 
1 1 1 
1 1 1 
1 1 1 
1 1 1 
1 1 1 
1 1 1 
1 1 1 
1 1 1 
1 1 1 
1 1 1 
1 1 1 
1 1 1 
1 1 1 
1 1 1 
1 1 1 
1 1 1 
1 1 1 
1 1 1 
1 1 1 
1 1 1 
1 1 1 
1 1 1 
1 1 1 
1 1 1 
1 1 1 
1 1 1 
1 1 1 
1 1 1 
1 1 1 
1 1 1 
1 1 1 
1 1 1 
1 1 1 
1 1 1 
1 1 1 
1 1 1 
1 1 1 
1 1 1 
1 1 1 
1 1 1 
1 1 1 
1 1 1 
1 1 1 
1 1 1 
1 1 1 
1 1 1 
1 1 1 
1 1 1 
1 1 1 
1 1 1 
1 1 1 
1 1 1 
1 1 1 
1 1 1 
1 1 1 
1 1 1 
1 1 1 
1 1 1 
1 1 1 
1 1 1 
1 1 1 
1 1 1 
1 1 1 
1 1 1 
1 1 1 
1 1 1 
1 1 1 
1 1 1 
1 1 1 
1 1 1 
1 1 1 
1 1 1 
1 1 1 
1 1 1 
1 1 1 
1 1 1 
1 1 1 
1 1 1 
1 1 1 
1 1 1 
1 1 1 
1 1 1 
1 1 1 
1 1 1 
1 1 1 
1 1 1 
1 1 1 
1 1 1 
1 1 1 
1 1 1 
1 1 1 
1 1 1 
1 1 1 
1 1 1 
1 1 1 
1 1 1 
1 1 1 
1 1 1 
1 1 1 
1 1 1 
1 1 1 
1 1 1 
1 1 1 
1 1 1 
1 1 1 
1 1 1 
1 1 1 
1 1 1 
1 1 1 
1 1 1 
1 1 1 
1 1 1 
1 1 1 
1 1 1 
1 1 1 
1 1 1 
1 1 1 
1 1 1 
1 1 1 
1 1 1 
1 1 1 
1 1 1 
1 1 1 
1 1 1 
1 1 1 
1 1 1 
1 1 1 
1 1 1 
1 1 1 
1 1 1 
1 1 1 
1 1 1 
1 1 1 
1 1 1 
1 1 1 
1 1 1 
1 1 1 
1 1 1 
1 1 1 
1 1 1 
1 1 1 
1 1 1 
1 1 1 
1 1 1 
1 1 1 
1 1 1 
1 1 1 
1 1 1 
1 1 1 
1 1 1 
1 1 1 
1 1 1 
1 1 1 
1 1 1 
1 1 1 
1 1 1 
1 1 1 
1 1 1 
1 1 1 
1 1 1 
1 1 1 
1 1 1 
1 1 1 
1 1 1 
1 1 1 
1 1 1 
1 1 1 
1 1 1 
1 1 1 
1 1 1 
1 1 1 
1 1 1 
1 1 1 
1 1 1 
1 1 1 
1 1 1 
1 1 1 
1 1 1 
1 1 1 
1 1 1 
1 1 1 
1 1 1 
1 1 1 
1 1 1 
1 1 1 
1 1 1 
1 1 1 
1 1 1 
1 1 1 
1 1 1 
1 1 1 
1 1 1 
1 1 1 
1 1 1 
1 1 1 
1 1 1 
1 1 1 
1 1 1 
1 1 1 
1 1 1 
1 1 1 
1 1 1 
1 1 1 
1 1 1 
1 1 1 
1 1 1 
1 1 1 
1 1 1 
1 1 1 
1 1 1 
1 1 1 
1 1 1 
1 1 1 
1 1 1 
1 1 1 
1 1 1 
1 1 1 
1 1 1 
1 1 1 
1 1 1 
1 1 1 
1 1 1 
1 1 1 
1 1 1 
1 1 1 
1 1 1 
1 1 1 
1 1 1 
1 1 1 
1 1 1 
1 1 1 
1 1 1 
1 1 1 
1 1 1 
1 1 0 
1 1 0 
1 0 1 
1 0 1 
1 1 0 
1 1 0 
0 1 1 
0 1 1 
0 0 0 
;
TIMETABLE : 
0 0 0 
18.0 18.0 18.0 
27.0 27.0 27.0 
37.0 37.0 37.0 
50.0 50.0 50.0 
59.0 59.0 59.0 
67.0 67.0 67.0 
80.0 80.0 80.0 
88.0 88.0 88.0 
96.0 96.0 96.0 
103.0 103.0 103.0 
110.0 110.0 110.0 
117.0 117.0 117.0 
125.0 125.0 125.0 
134.0 134.0 134.0 
143.0 143.0 143.0 
150.0 150.0 150.0 
158.0 158.0 158.0 
168.0 168.0 168.0 
177.0 177.0 177.0 
189.0 189.0 189.0 
203.0 203.0 203.0 
213.0 213.0 213.0 
226.0 226.0 226.0 
235.0 235.0 235.0 
245.0 245.0 245.0 
255.0 255.0 255.0 
266.0 266.0 266.0 
275.0 275.0 275.0 
285.0 285.0 285.0 
296.0 296.0 296.0 
308.0 308.0 308.0 
318.0 318.0 318.0 
326.0 326.0 326.0 
334.0 334.0 334.0 
342.0 342.0 342.0 
350.0 350.0 350.0 
358.0 358.0 358.0 
367.0 367.0 367.0 
376.0 376.0 376.0 
385.0 385.0 385.0 
394.0 394.0 394.0 
402.0 402.0 402.0 
411.0 411.0 411.0 
420.0 420.0 420.0 
433.0 433.0 433.0 
443.0 443.0 443.0 
452.0 452.0 452.0 
462.0 462.0 462.0 
469.0 469.0 469.0 
480.0 480.0 480.0 
489.0 489.0 489.0 
499.0 499.0 499.0 
509.0 509.0 509.0 
519.0 519.0 519.0 
528.0 528.0 528.0 
542.0 542.0 542.0 
552.0 552.0 552.0 
563.0 563.0 563.0 
572.0 572.0 572.0 
582.0 582.0 582.0 
595.0 595.0 595.0 
605.0 605.0 605.0 
616.0 616.0 616.0 
626.0 626.0 626.0 
640.0 640.0 640.0 
654.0 654.0 654.0 
667.0 667.0 667.0 
681.0 681.0 681.0 
695.0 695.0 695.0 
710.0 710.0 710.0 
726.0 726.0 726.0 
739.0 739.0 739.0 
749.0 749.0 749.0 
759.0 759.0 759.0 
767.0 767.0 767.0 
776.0 776.0 776.0 
784.0 784.0 784.0 
797.0 797.0 797.0 
806.0 806.0 806.0 
819.0 819.0 819.0 
835.0 835.0 835.0 
844.0 844.0 844.0 
851.0 851.0 851.0 
860.0 860.0 860.0 
870.0 870.0 870.0 
879.0 879.0 879.0 
887.0 887.0 887.0 
897.0 897.0 897.0 
906.0 906.0 906.0 
918.0 918.0 918.0 
924.0 924.0 924.0 
936.0 936.0 936.0 
946.0 946.0 946.0 
955.0 955.0 955.0 
967.0 967.0 967.0 
975.0 975.0 975.0 
987.0 987.0 987.0 
999.0 999.0 999.0 
1013.0 1013.0 1013.0 
1023.0 1023.0 1023.0 
1037.0 1037.0 1037.0 
1045.0 1045.0 1045.0 
1055.0 1055.0 1055.0 
1061.0 1061.0 1061.0 
1073.0 1073.0 1073.0 
1087.0 1087.0 1087.0 
1099.0 1099.0 1099.0 
1111.0 1111.0 1111.0 
1123.0 1123.0 1123.0 
1136.0 1136.0 1136.0 
1147.0 1147.0 1147.0 
1161.0 1161.0 1161.0 
1172.0 1172.0 1172.0 
1186.0 1186.0 1186.0 
1195.0 1195.0 1195.0 
1208.0 1208.0 1208.0 
1219.0 1219.0 1219.0 
1231.0 1231.0 1231.0 
1245.0 1245.0 1245.0 
1259.0 1259.0 1259.0 
1271.0 1271.0 1271.0 
1284.0 1284.0 1284.0 
1292.0 1292.0 1292.0 
1304.0 1304.0 1304.0 
1312.0 1312.0 1312.0 
1320.0 1320.0 1320.0 
1338.0 1338.0 1338.0 
1349.0 1349.0 1349.0 
1360.0 1360.0 1360.0 
1370.0 1370.0 1370.0 
1386.0 1386.0 1386.0 
1406.0 1406.0 1406.0 
1426.0 1426.0 1426.0 
1437.0 1437.0 1437.0 
1447.0 1447.0 1447.0 
1466.0 1466.0 1466.0 
1484.0 1484.0 1484.0 
1494.0 1494.0 1494.0 
1505.0 1505.0 1505.0 
1524.0 1524.0 1524.0 
1533.0 1533.0 1533.0 
1545.0 1545.0 1545.0 
1560.0 1560.0 1560.0 
1569.0 1569.0 1569.0 
1577.0 1577.0 1577.0 
1587.0 1587.0 1587.0 
1600.0 1600.0 1600.0 
1608.0 1608.0 1608.0 
1615.0 1615.0 1615.0 
1623.0 1623.0 1623.0 
1636.0 1636.0 1636.0 
1649.0 1649.0 1649.0 
1665.0 1665.0 1665.0 
1675.0 1675.0 1675.0 
1685.0 1685.0 1685.0 
1694.0 1694.0 1694.0 
1709.0 1709.0 1709.0 
1720.0 1720.0 1720.0 
1729.0 1729.0 1729.0 
1745.0 1745.0 1745.0 
1754.0 1754.0 1754.0 
1765.0 1765.0 1765.0 
1776.0 1776.0 1776.0 
1790.0 1790.0 1790.0 
1807.0 1807.0 1807.0 
1817.0 1817.0 1817.0 
1831.0 1831.0 1831.0 
1847.0 1847.0 1847.0 
1857.0 1857.0 1857.0 
1870.0 1870.0 1870.0 
1882.0 1882.0 1882.0 
1889.0 1889.0 1889.0 
1903.0 1903.0 1903.0 
1913.0 1913.0 1913.0 
1926.0 1926.0 1926.0 
1942.0 1942.0 1942.0 
1952.0 1952.0 1952.0 
1962.0 1962.0 1962.0 
1975.0 1975.0 1975.0 
1988.0 1988.0 1988.0 
2001.0 2001.0 2001.0 
2014.0 2014.0 2014.0 
2028.0 2028.0 2028.0 
2041.0 2041.0 2041.0 
2058.0 2058.0 2058.0 
2075.0 2075.0 2075.0 
2088.0 2088.0 2088.0 
2100.0 2100.0 2100.0 
2113.0 2113.0 2113.0 
2127.0 2127.0 2127.0 
2146.0 2146.0 2146.0 
2160.0 2160.0 2160.0 
2174.0 2174.0 2174.0 
2202.0 2202.0 2202.0 
2216.0 2216.0 2216.0 
2233.0 2233.0 2233.0 
2246.0 2246.0 2246.0 
2256.0 2256.0 2256.0 
2268.0 2268.0 2268.0 
2282.0 2282.0 2282.0 
2292.0 2292.0 2292.0 
2304.0 2304.0 2304.0 
2318.0 2318.0 2318.0 
2332.0 2332.0 2332.0 
2344.0 2344.0 2344.0 
2358.0 2358.0 2358.0 
2374.0 2374.0 2374.0 
2388.0 2388.0 2388.0 
2402.0 2402.0 2402.0 
2416.0 2416.0 2416.0 
2439.0 2439.0 2439.0 
2459.0 2459.0 2459.0 
2469.0 2469.0 2469.0 
2482.0 2482.0 2482.0 
2495.0 2495.0 2495.0 
2505.0 2505.0 2505.0 
2524.0 2524.0 2524.0 
2544.0 2544.0 2544.0 
2570.0 2570.0 2570.0 
2584.0 2584.0 2584.0 
2606.0 2606.0 2606.0 
2619.0 2619.0 2619.0 
2632.0 2632.0 2632.0 
2650.0 2650.0 2650.0 
2666.0 2666.0 2666.0 
2685.0 2685.0 2685.0 
2695.0 2695.0 2695.0 
2708.0 2708.0 2708.0 
2719.0 2719.0 2719.0 
2729.0 2729.0 2729.0 
2739.0 2739.0 2739.0 
2752.0 2752.0 2752.0 
2766.0 2766.0 2766.0 
2783.0 2783.0 2783.0 
2793.0 2793.0 2793.0 
2810.0 2810.0 2810.0 
2830.0 2830.0 2830.0 
2840.0 2840.0 2840.0 
2853.0 2853.0 2853.0 
2867.0 2867.0 2867.0 
2891.0 2891.0 2891.0 
2915.0 2915.0 2915.0 
2930.0 2930.0 2930.0 
2952.0 2952.0 2952.0 
2962.0 2962.0 2962.0 
2976.0 2976.0 2976.0 
2990.0 2990.0 2990.0 
3004.0 3004.0 3004.0 
3018.0 3018.0 3018.0 
3031.0 3031.0 3031.0 
3050.0 3050.0 3050.0 
3063.0 3063.0 3063.0 
3077.0 3077.0 3077.0 
3087.0 3087.0 3087.0 
3101.0 3101.0 3101.0 
3119.0 3119.0 3119.0 
3140.0 3140.0 3140.0 
3158.0 3158.0 3158.0 
3172.0 3172.0 3172.0 
3186.0 3186.0 3186.0 
3205.0 3205.0 3205.0 
3215.0 3215.0 3215.0 
3229.0 3229.0 3229.0 
3239.0 3239.0 3239.0 
3253.0 3253.0 3253.0 
3270.0 3270.0 3270.0 
3285.0 3285.0 3285.0 
3303.0 3303.0 3303.0 
3324.0 3324.0 3324.0 
3338.0 3338.0 3338.0 
3371.0 3371.0 3371.0 
3404.0 3404.0 3404.0 
3431.0 3431.0 3431.0 
3455.0 3455.0 3455.0 
3482.0 3482.0 3482.0 
3509.0 3509.0 3509.0 
3541.0 3541.0 3541.0 
3576.0 3576.0 3576.0 
3610.0 3610.0 3610.0 
3657.0 3657.0 3657.0 
3693.0 3693.0 3693.0 
3707.0 3707.0 3707.0 
3719.0 3719.0 3719.0 
3759.0 3759.0 3759.0 
3795.0 3795.0 3795.0 
3886.0 3886.0 3886.0 
3898.0 3898.0 3898.0 
3914.0 3914.0 3914.0 
3935.0 3935.0 3935.0 
3949.0 3949.0 3949.0 
3963.0 3963.0 3963.0 
3981.0 3981.0 3981.0 
3995.0 3995.0 3995.0 
4009.0 4009.0 4009.0 
4023.0 4023.0 4023.0 
4035.0 4035.0 4035.0 
4053.0 4053.0 4053.0 
4077.0 4077.0 4077.0 
4091.0 4091.0 4091.0 
4115.0 4115.0 4115.0 
4127.0 4127.0 4127.0 
4140.0 4140.0 4140.0 
4150.0 4150.0 4150.0 
4167.0 4167.0 4167.0 
4184.0 4184.0 4184.0 
4203.0 4203.0 4203.0 
4224.0 4224.0 4224.0 
4240.0 4240.0 4240.0 
4257.0 4257.0 4257.0 
4274.0 4274.0 4274.0 
4292.0 4292.0 4292.0 
4309.0 4309.0 4309.0 
4331.0 4331.0 4331.0 
4351.0 4351.0 4351.0 
4374.0 4374.0 4374.0 
4400.0 4400.0 4400.0 
4423.0 4423.0 4423.0 
4453.0 4453.0 4453.0 
4474.0 4474.0 4474.0 
4503.0 4503.0 4503.0 
4518.0 4518.0 4518.0 
4536.0 4536.0 4536.0 
4554.0 4554.0 4554.0 
4573.0 4573.0 4573.0 
4592.0 4592.0 4592.0 
4640.0 4640.0 4640.0 
4655.0 4655.0 4640.0 
4671.0 4671.0 4662.0 
4695.0 4691.0 4695.0 
4714.0 4712.0 4714.0 
4752.0 4752.0 4740.0 
4783.0 4783.0 4740.0 
4827.0 4829.0 4829.0 
4841.0 4862.0 4862.0 
4891.0 4931.0 4941.0 
;
EXECUTION TIME KUMAR3: 1132.97162485 seconds

-------------------------------------------------------------------
DATFILE : offices1_3r_1000.dat
ENVIRONMENT : office
ALGORITHM : KUMAR3
RANGE : 1000
STARTING_POS : 42
N_ROBOTS : 3
KUMAR3 T / objective : 5743.0
CONFIGURATIONS :
42 42 42 
5 24 41 
5 4 41 
24 4 41 
4 24 36 
4 5 36 
3 5 36 
3 24 36 
3 24 41 
3 4 41 
3 4 42 
3 24 42 
23 24 42 
2 4 42 
2 24 42 
2 24 41 
2 5 41 
2 5 36 
23 5 36 
26 5 36 
27 5 36 
32 5 36 
27 24 36 
27 24 41 
27 4 41 
27 4 42 
32 4 42 
32 24 42 
32 24 41 
33 4 36 
33 24 36 
33 24 41 
33 5 41 
33 5 42 
34 5 42 
35 5 42 
34 24 42 
34 24 41 
34 4 41 
34 4 36 
35 4 36 
35 24 36 
35 24 41 
36 4 41 
35 3 36 
34 3 36 
34 3 35 
33 3 34 
33 3 35 
33 23 36 
33 2 36 
33 23 41 
32 23 41 
27 23 41 
27 23 40 
32 23 40 
32 2 40 
27 2 40 
27 2 39 
32 2 39 
32 23 39 
27 2 26 
32 2 26 
32 23 26 
32 2 27 
27 2 31 
32 2 31 
32 23 31 
27 2 30 
32 2 30 
32 23 30 
27 2 29 
32 2 29 
32 23 29 
33 2 29 
33 2 30 
33 3 30 
32 3 30 
32 3 29 
27 3 29 
26 3 28 
27 3 28 
32 3 28 
32 23 28 
27 2 28 
31 2 28 
30 2 28 
30 1 28 
29 1 28 
30 1 29 
30 0 29 
31 0 29 
27 0 29 
27 0 28 
32 0 28 
27 0 17 
32 0 17 
32 25 17 
27 25 17 
27 25 28 
26 25 28 
26 25 29 
23 25 29 
23 25 30 
2 25 30 
2 25 31 
2 0 27 
2 0 26 
23 0 26 
23 0 38 
2 0 38 
2 25 38 
2 25 37 
2 25 43 
23 25 37 
23 0 37 
26 0 37 
26 0 43 
27 0 37 
27 0 43 
27 1 43 
27 1 37 
32 1 37 
32 1 43 
32 23 43 
33 23 43 
33 26 43 
33 26 37 
33 27 37 
33 27 38 
33 32 38 
34 27 26 
34 32 26 
34 32 23 
34 27 2 
34 31 2 
35 27 2 
35 32 2 
35 32 23 
35 27 26 
35 31 26 
34 30 23 
34 29 2 
35 29 2 
35 29 1 
35 30 1 
34 29 1 
33 28 1 
34 28 1 
34 28 0 
34 17 0 
34 17 25 
34 19 25 
35 19 25 
34 19 0 
35 19 0 
35 17 0 
34 17 1 
33 17 1 
33 17 23 
33 17 2 
26 17 2 
26 17 3 
23 17 3 
2 17 3 
2 19 3 
23 19 3 
23 19 24 
26 19 24 
26 19 4 
27 19 4 
32 19 4 
32 19 5 
33 19 5 
32 19 41 
27 19 36 
31 19 36 
30 19 36 
29 19 36 
28 19 36 
28 19 41 
28 17 41 
28 17 36 
29 17 36 
30 17 36 
30 17 41 
29 17 41 
28 17 42 
29 17 42 
29 19 42 
30 19 42 
31 17 42 
31 17 41 
31 30 36 
27 28 35 
38 28 34 
38 28 35 
38 29 35 
26 30 34 
23 31 33 
1 31 32 
1 27 26 
1 26 23 
1 38 23 
1 38 2 
1 23 2 
0 1 2 
0 1 3 
25 1 3 
43 1 3 
37 0 3 
38 0 3 
37 43 3 
26 43 24 
26 37 24 
26 37 4 
26 43 4 
23 43 4 
2 25 4 
2 25 24 
1 25 24 
1 0 24 
1 0 4 
0 25 3 
0 1 5 
25 1 5 
25 38 5 
43 38 5 
37 38 5 
37 38 24 
37 38 4 
28 38 4 
28 37 4 
28 37 24 
28 43 24 
28 43 5 
29 25 5 
30 0 5 
31 0 5 
30 0 24 
30 43 24 
30 43 4 
30 37 4 
29 37 4 
29 43 4 
29 43 24 
31 25 4 
31 25 24 
31 43 24 
31 37 4 
30 38 4 
31 26 3 
27 39 3 
26 39 3 
27 39 24 
26 39 4 
38 26 4 
38 39 4 
38 39 41 
38 26 41 
37 26 41 
43 26 41 
43 39 41 
37 39 41 
37 39 36 
43 39 36 
43 40 36 
37 40 36 
37 40 41 
38 40 41 
38 40 36 
26 40 36 
26 40 35 
39 40 35 
26 40 34 
39 40 34 
26 39 33 
23 40 33 
1 40 33 
1 39 27 
1 39 31 
1 39 30 
0 39 30 
0 39 29 
25 39 29 
25 39 28 
0 39 17 
0 40 17 
0 40 28 
25 40 28 
25 40 29 
0 40 30 
0 40 31 
38 40 31 
26 42 27 
38 42 26 
38 42 39 
37 42 39 
43 42 23 
37 42 1 
37 41 1 
25 41 1 
25 36 1 
0 36 1 
0 41 1 
0 42 1 
43 42 25 
37 18 2 
43 18 2 
43 18 23 
37 18 26 
38 18 26 
38 18 27 
38 18 32 
39 18 32 
39 18 33 
40 18 33 
40 18 34 
40 18 35 
41 18 35 
36 18 34 
18 20 27 
18 20 32 
18 9 27 
18 9 32 
18 9 33 
36 9 33 
36 9 34 
41 9 34 
41 9 35 
42 9 35 
42 9 36 
42 20 36 
42 9 41 
42 20 41 
5 9 36 
24 9 36 
4 9 34 
4 20 33 
24 20 33 
24 20 34 
5 20 34 
5 20 35 
5 12 34 
5 12 35 
24 12 35 
4 12 35 
4 12 36 
4 12 41 
3 12 41 
3 12 42 
23 12 42 
2 12 41 
2 12 40 
3 12 40 
3 20 40 
3 9 40 
3 9 39 
23 9 39 
23 9 26 
2 9 26 
2 9 38 
1 9 26 
1 20 23 
1 20 2 
0 20 2 
0 20 26 
25 20 26 
25 20 38 
43 20 38 
43 20 37 
25 9 37 
25 9 43 
0 9 43 
0 9 28 
0 9 29 
0 9 30 
31 9 30 
27 20 28 
31 20 28 
31 20 29 
30 20 29 
29 12 28 
30 12 28 
30 12 17 
31 12 17 
31 12 19 
27 12 19 
32 12 19 
27 12 16 
32 12 16 
32 20 16 
33 20 16 
33 9 16 
34 9 16 
35 9 16 
35 21 16 
35 8 16 
34 8 16 
34 8 6 
34 21 6 
35 8 6 
36 8 6 
36 21 6 
36 21 22 
36 21 7 
36 8 7 
41 8 7 
41 8 22 
41 21 7 
42 8 7 
42 8 22 
42 21 22 
41 11 7 
41 11 22 
36 11 22 
36 11 6 
41 11 6 
42 11 6 
41 10 6 
36 10 6 
36 10 22 
36 10 7 
35 10 7 
35 10 22 
35 11 7 
34 11 7 
34 11 22 
34 10 7 
33 10 7 
33 10 22 
33 11 7 
32 11 7 
27 11 7 
27 11 22 
27 21 22 
32 21 7 
32 21 22 
32 8 22 
27 8 7 
26 8 7 
26 8 22 
26 21 22 
23 8 7 
23 8 22 
23 21 22 
2 8 7 
2 8 22 
2 21 22 
2 11 7 
23 11 7 
23 11 6 
2 11 6 
2 10 6 
23 10 6 
23 10 16 
2 10 16 
2 11 16 
3 11 16 
3 21 16 
3 21 6 
3 8 6 
3 8 22 
3 12 22 
3 12 7 
3 20 7 
24 20 7 
24 9 7 
4 9 7 
4 9 22 
24 9 22 
24 20 22 
5 20 7 
5 9 22 
5 9 6 
24 9 6 
24 20 6 
4 20 6 
4 12 6 
4 21 6 
4 21 16 
4 8 16 
24 8 16 
24 21 16 
4 8 19 
4 21 19 
5 8 19 
5 8 17 
5 21 17 
24 8 17 
4 8 17 
4 20 17 
3 9 17 
3 9 19 
1 9 19 
1 20 19 
1 12 19 
1 12 16 
1 21 16 
1 21 6 
1 8 6 
1 8 22 
1 8 7 
1 11 7 
1 10 6 
1 22 6 
0 20 6 
25 20 6 
43 20 6 
37 20 6 
38 9 6 
26 9 6 
27 9 6 
32 8 6 
33 8 6 
33 21 6 
27 10 6 
27 10 19 
32 10 19 
27 10 17 
26 10 17 
26 10 28 
38 10 28 
38 10 29 
37 10 29 
37 10 30 
43 10 30 
43 10 31 
25 10 31 
0 10 26 
0 10 39 
0 10 40 
3 10 40 
3 10 42 
24 10 42 
4 10 41 
4 10 40 
4 11 40 
24 11 40 
5 11 40 
5 21 40 
4 8 40 
4 8 39 
5 8 39 
5 21 39 
4 11 26 
4 11 38 
3 11 37 
3 11 43 
2 21 37 
2 21 43 
1 8 37 
1 8 43 
0 8 43 
0 8 25 
0 21 25 
0 11 25 
0 22 1 
0 7 1 
25 7 0 
25 22 0 
43 7 0 
37 7 0 
37 7 38 
37 22 38 
43 22 38 
37 7 39 
37 22 39 
25 7 40 
25 22 40 
0 6 39 
0 6 40 
0 16 39 
0 16 26 
25 16 26 
25 16 38 
43 16 38 
43 16 37 
28 16 37 
29 16 25 
30 16 0 
31 16 0 
29 6 0 
30 6 0 
30 6 31 
28 6 27 
17 6 26 
17 6 38 
17 6 37 
17 22 37 
17 7 37 
17 7 43 
28 7 37 
28 22 37 
29 7 25 
29 22 25 
30 7 0 
30 22 0 
31 7 0 
31 22 0 
27 15 0 
32 15 0 
32 15 25 
33 15 25 
34 15 25 
34 15 43 
34 15 37 
35 15 37 
35 15 43 
34 13 37 
34 13 43 
35 13 43 
34 13 25 
33 13 25 
33 13 0 
32 13 0 
32 13 1 
27 13 1 
26 13 1 
26 13 23 
38 13 23 
38 13 2 
39 13 2 
39 13 3 
40 13 3 
40 13 24 
41 13 24 
41 13 4 
36 13 4 
36 13 5 
18 13 5 
18 13 24 
18 15 24 
18 15 4 
18 22 4 
18 22 3 
18 7 3 
18 6 2 
18 6 1 
18 16 1 
18 16 0 
18 19 0 
18 19 25 
18 17 25 
18 28 0 
18 29 0 
18 30 0 
18 31 0 
20 27 39 
12 26 23 
12 38 2 
12 37 2 
12 43 1 
12 25 1 
12 25 0 
8 28 0 
8 28 38 
21 28 38 
8 29 26 
21 29 23 
8 30 2 
21 30 2 
8 31 1 
21 31 1 
11 30 0 
11 29 0 
11 28 0 
11 28 39 
11 17 39 
11 19 2 
22 16 1 
7 16 1 
7 6 0 
7 22 0 
7 15 0 
7 15 1 
22 15 1 
22 15 23 
7 15 2 
6 15 2 
6 15 3 
16 15 3 
16 15 5 
6 13 5 
6 13 42 
22 13 42 
7 13 41 
6 15 36 
6 15 41 
16 15 41 
16 13 36 
19 13 34 
17 13 33 
28 13 27 
28 13 31 
29 13 31 
29 13 30 
17 15 27 
17 15 26 
28 15 26 
28 15 38 
29 15 38 
29 15 39 
30 15 39 
31 15 23 
26 14 1 
27 14 1 
27 14 23 
32 14 23 
32 14 2 
33 14 2 
34 14 2 
34 14 3 
35 14 3 
35 14 24 
36 14 24 
36 14 4 
41 14 4 
41 14 5 
42 14 5 
42 15 4 
40 14 2 
39 14 2 
40 14 38 
40 14 37 
39 14 43 
23 14 25 
1 14 0 
31 14 0 
30 14 0 
30 14 28 
29 14 28 
29 14 17 
17 14 19 
17 14 16 
19 14 16 
19 15 16 
19 15 6 
19 22 6 
19 7 6 
16 6 7 
6 7 14 
6 22 14 
6 10 14 
15 5 14 
13 5 14 
13 5 15 
13 24 10 
13 24 11 
13 24 21 
13 24 8 
15 3 8 
15 3 21 
15 2 11 
15 1 10 
14 0 11 
14 0 21 
14 0 8 
14 0 12 
14 39 12 
14 23 20 
14 2 9 
15 1 9 
15 1 20 
15 0 12 
13 0 12 
13 0 20 
13 0 9 
15 40 9 
14 39 18 
7 42 18 
10 41 18 
10 5 18 
10 5 20 
10 4 9 
11 3 9 
11 3 20 
21 2 9 
8 2 9 
21 0 20 
8 0 20 
8 0 12 
21 0 12 
11 0 12 
11 31 12 
10 27 12 
10 33 12 
10 27 21 
10 26 8 
11 2 8 
11 2 21 
21 1 8 
20 0 12 
9 0 12 
9 0 20 
12 0 18 
21 0 18 
8 0 18 
11 0 18 
6 16 42 
6 16 40 
19 17 40 
19 17 39 
19 28 38 
19 28 37 
19 28 43 
11 10 0 
42 6 40 
42 42 42 
;

MOVING ROBOT :
0 0 0 
1 1 1 
0 1 0 
1 0 0 
1 1 1 
0 1 0 
1 0 0 
0 1 0 
0 0 1 
0 1 0 
0 0 1 
0 1 0 
1 0 0 
1 1 0 
0 1 0 
0 0 1 
0 1 0 
0 0 1 
1 0 0 
1 0 0 
1 0 0 
1 0 0 
1 1 0 
0 0 1 
0 1 0 
0 0 1 
1 0 0 
0 1 0 
0 0 1 
1 1 1 
0 1 0 
0 0 1 
0 1 0 
0 0 1 
1 0 0 
1 0 0 
1 1 0 
0 0 1 
0 1 0 
0 0 1 
1 0 0 
0 1 0 
0 0 1 
1 1 0 
1 1 1 
1 0 0 
0 0 1 
1 0 1 
0 0 1 
0 1 1 
0 1 0 
0 1 1 
1 0 0 
1 0 0 
0 0 1 
1 0 0 
0 1 0 
1 0 0 
0 0 1 
1 0 0 
0 1 0 
1 1 1 
1 0 0 
0 1 0 
0 1 1 
1 0 1 
1 0 0 
0 1 0 
1 1 1 
1 0 0 
0 1 0 
1 1 1 
1 0 0 
0 1 0 
1 1 0 
0 0 1 
0 1 0 
1 0 0 
0 0 1 
1 0 0 
1 0 1 
1 0 0 
1 0 0 
0 1 0 
1 1 0 
1 0 0 
1 0 0 
0 1 0 
1 0 0 
1 0 1 
0 1 0 
1 0 0 
1 0 0 
0 0 1 
1 0 0 
1 0 1 
1 0 0 
0 1 0 
1 0 0 
0 0 1 
1 0 0 
0 0 1 
1 0 0 
0 0 1 
1 0 0 
0 0 1 
0 1 1 
0 0 1 
1 0 0 
0 0 1 
1 0 0 
0 1 0 
0 0 1 
0 0 1 
1 0 1 
0 1 0 
1 0 0 
0 0 1 
1 0 1 
0 0 1 
0 1 0 
0 0 1 
1 0 0 
0 0 1 
0 1 0 
1 0 0 
0 1 0 
0 0 1 
0 1 0 
0 0 1 
0 1 0 
1 1 1 
0 1 0 
0 0 1 
0 1 1 
0 1 0 
1 1 0 
0 1 0 
0 0 1 
0 1 1 
0 1 0 
1 1 1 
0 1 1 
1 0 0 
0 0 1 
0 1 0 
1 1 0 
1 1 0 
1 0 0 
0 0 1 
0 1 0 
0 0 1 
0 1 0 
1 0 0 
1 0 1 
1 0 0 
0 1 0 
1 0 1 
1 0 0 
0 0 1 
0 0 1 
1 0 0 
0 0 1 
1 0 0 
1 0 0 
0 1 0 
1 0 0 
0 0 1 
1 0 0 
0 0 1 
1 0 0 
1 0 0 
0 0 1 
1 0 0 
1 0 1 
1 0 1 
1 0 0 
1 0 0 
1 0 0 
1 0 0 
0 0 1 
0 1 0 
0 0 1 
1 0 0 
1 0 0 
0 0 1 
1 0 0 
1 0 1 
1 0 0 
0 1 0 
1 0 0 
1 1 0 
0 0 1 
0 1 1 
1 1 1 
1 0 1 
0 0 1 
0 1 0 
1 1 1 
1 1 1 
1 0 1 
0 1 1 
0 1 1 
0 1 0 
0 0 1 
0 1 0 
1 1 0 
0 0 1 
1 0 0 
1 0 0 
1 1 0 
1 0 0 
1 1 0 
1 0 1 
0 1 0 
0 0 1 
0 1 0 
1 0 0 
1 1 0 
0 0 1 
1 0 0 
0 1 0 
0 0 1 
1 1 1 
0 1 1 
1 0 0 
0 1 0 
1 0 0 
1 0 0 
0 0 1 
0 0 1 
1 0 0 
0 1 0 
0 0 1 
0 1 0 
0 0 1 
1 1 0 
1 1 0 
1 0 0 
1 0 1 
0 1 0 
0 0 1 
0 1 0 
1 0 0 
0 1 0 
0 0 1 
1 1 1 
0 0 1 
0 1 0 
0 1 1 
1 1 0 
1 1 1 
1 1 0 
1 0 0 
1 0 1 
1 0 1 
1 1 0 
0 1 0 
0 0 1 
0 1 0 
1 0 0 
1 0 0 
0 1 0 
1 0 0 
0 0 1 
1 0 0 
0 1 0 
1 0 0 
0 0 1 
1 0 0 
0 0 1 
1 0 0 
0 0 1 
1 0 0 
1 0 1 
1 0 0 
1 1 1 
1 1 0 
1 0 0 
0 1 1 
0 0 1 
0 0 1 
1 0 0 
0 0 1 
1 0 0 
0 0 1 
1 0 1 
0 1 0 
0 0 1 
1 0 0 
0 0 1 
1 0 1 
0 0 1 
1 0 0 
1 1 1 
1 0 1 
0 0 1 
1 0 0 
1 0 1 
1 0 1 
0 1 0 
1 0 0 
0 1 0 
1 0 0 
0 1 0 
0 1 0 
1 0 1 
1 1 1 
1 0 0 
0 0 1 
1 0 1 
1 0 0 
0 0 1 
0 0 1 
1 0 0 
0 0 1 
1 0 0 
0 0 1 
0 0 1 
1 0 0 
1 0 1 
1 1 1 
0 0 1 
0 1 1 
0 0 1 
0 0 1 
1 0 0 
0 0 1 
1 0 0 
0 0 1 
1 0 0 
0 0 1 
0 1 0 
0 1 1 
0 1 0 
1 1 1 
1 0 0 
1 0 1 
0 1 1 
1 0 0 
0 0 1 
1 0 0 
0 0 1 
0 1 1 
0 0 1 
1 0 0 
1 0 0 
0 0 1 
0 0 1 
1 0 0 
0 0 1 
1 0 0 
1 0 1 
0 0 1 
1 0 0 
0 1 0 
0 1 0 
0 0 1 
1 0 0 
0 0 1 
1 0 0 
0 0 1 
1 0 1 
0 1 1 
0 0 1 
1 0 0 
0 0 1 
1 0 0 
0 0 1 
1 0 0 
0 0 1 
1 1 0 
0 0 1 
1 0 0 
0 0 1 
0 0 1 
0 0 1 
1 0 0 
1 1 1 
1 0 0 
0 0 1 
1 0 0 
1 1 1 
1 0 0 
0 0 1 
1 0 0 
0 0 1 
1 0 0 
1 0 0 
1 0 1 
1 0 0 
0 1 0 
1 0 0 
0 1 0 
1 0 0 
1 0 0 
0 1 0 
0 1 0 
1 0 0 
0 0 1 
0 1 0 
1 1 0 
1 0 0 
0 1 0 
0 0 1 
0 0 1 
0 1 0 
1 0 0 
0 0 1 
0 1 1 
1 1 0 
0 0 1 
0 1 0 
1 1 1 
0 0 1 
1 0 0 
0 0 1 
1 0 0 
1 0 0 
1 1 0 
1 0 0 
0 0 1 
0 0 1 
1 0 0 
0 0 1 
0 1 1 
1 0 0 
0 0 1 
0 1 1 
1 0 0 
0 0 1 
0 1 1 
1 0 0 
1 0 0 
0 0 1 
0 1 0 
1 0 1 
0 0 1 
0 1 0 
1 0 1 
1 0 0 
0 0 1 
0 1 0 
1 1 1 
0 0 1 
0 1 0 
1 1 1 
0 0 1 
0 1 0 
0 1 1 
1 0 0 
0 0 1 
1 0 0 
0 1 0 
1 0 0 
0 0 1 
1 0 0 
0 1 0 
1 0 0 
0 1 0 
0 0 1 
0 1 0 
0 0 1 
0 1 0 
0 0 1 
0 1 0 
1 0 0 
0 1 0 
1 0 0 
0 0 1 
1 0 0 
0 1 0 
1 0 1 
0 1 1 
0 0 1 
1 0 0 
0 1 0 
1 0 0 
0 1 0 
0 1 0 
0 0 1 
0 1 0 
1 0 0 
0 1 0 
1 1 1 
0 1 0 
1 1 0 
0 0 1 
0 1 0 
1 1 0 
1 0 0 
0 1 0 
1 1 0 
0 0 1 
1 0 0 
0 1 0 
0 1 0 
0 0 1 
0 1 0 
0 0 1 
0 1 0 
0 0 1 
0 0 1 
0 1 0 
0 1 1 
0 1 0 
1 1 0 
1 0 0 
1 0 0 
1 0 0 
1 1 0 
1 0 0 
1 0 0 
1 1 0 
1 0 0 
0 1 0 
1 1 0 
0 0 1 
1 0 0 
1 0 1 
1 0 0 
0 0 1 
1 0 0 
0 0 1 
1 0 0 
0 0 1 
1 0 0 
0 0 1 
1 0 0 
1 0 1 
0 0 1 
0 0 1 
1 0 0 
0 0 1 
1 0 0 
1 0 1 
0 0 1 
0 1 0 
1 0 0 
1 0 0 
0 1 0 
1 1 0 
0 0 1 
1 0 0 
0 1 0 
1 1 1 
0 0 1 
1 0 1 
0 0 1 
1 1 1 
0 0 1 
1 1 1 
0 0 1 
1 0 0 
0 0 1 
0 1 0 
0 1 0 
0 1 1 
0 1 0 
1 0 1 
0 1 0 
1 1 0 
1 0 0 
0 0 1 
0 1 0 
1 0 0 
1 1 1 
0 1 0 
1 1 1 
0 1 0 
1 1 1 
0 0 1 
0 1 1 
0 0 1 
1 0 0 
0 0 1 
1 0 0 
0 0 1 
1 0 0 
1 0 1 
1 0 1 
1 0 0 
1 1 0 
1 0 0 
0 0 1 
1 0 1 
1 0 1 
0 0 1 
0 0 1 
0 1 0 
0 1 0 
0 0 1 
1 0 1 
0 1 0 
1 1 1 
0 1 0 
1 1 1 
0 1 0 
1 1 0 
0 1 0 
1 1 0 
1 0 0 
0 0 1 
1 0 0 
1 0 0 
0 0 1 
0 0 1 
1 0 0 
0 0 1 
1 1 1 
0 0 1 
1 0 0 
1 0 1 
1 0 0 
0 0 1 
1 0 0 
0 0 1 
1 0 0 
1 0 0 
0 0 1 
1 0 0 
0 0 1 
1 0 0 
0 0 1 
1 0 0 
0 0 1 
1 0 0 
0 0 1 
1 0 0 
0 0 1 
1 0 0 
0 0 1 
0 1 0 
0 0 1 
0 1 0 
0 0 1 
0 1 0 
0 1 1 
0 0 1 
0 1 0 
0 0 1 
0 1 0 
0 0 1 
0 1 0 
0 1 1 
0 1 0 
0 1 0 
0 1 0 
1 1 1 
1 1 1 
0 1 1 
0 1 0 
0 1 1 
0 1 0 
0 0 1 
1 1 0 
0 0 1 
1 0 0 
1 1 1 
1 0 1 
1 1 1 
1 0 0 
1 1 1 
1 0 0 
1 1 1 
0 1 0 
0 1 0 
0 0 1 
0 1 0 
0 1 1 
1 1 1 
1 0 0 
0 1 1 
0 1 0 
0 1 0 
0 0 1 
1 0 0 
0 0 1 
1 0 1 
1 0 0 
0 0 1 
1 0 0 
0 0 1 
1 1 0 
0 0 1 
1 0 0 
1 0 1 
1 1 1 
0 0 1 
1 0 0 
0 1 1 
1 0 1 
1 0 1 
1 0 1 
0 0 1 
1 0 0 
0 0 1 
1 1 1 
0 0 1 
1 0 0 
0 0 1 
1 0 0 
0 0 1 
1 0 0 
1 0 1 
1 1 1 
1 0 0 
0 0 1 
1 0 0 
0 0 1 
1 0 0 
1 0 0 
0 0 1 
1 0 0 
0 0 1 
1 0 0 
0 0 1 
1 0 0 
0 0 1 
1 0 0 
0 1 1 
1 1 1 
1 0 0 
1 0 1 
0 0 1 
1 0 1 
1 0 1 
1 0 1 
1 0 0 
1 0 0 
0 0 1 
1 0 0 
0 0 1 
1 0 1 
0 0 1 
1 0 0 
0 1 0 
0 0 1 
0 1 0 
0 1 0 
1 1 1 
1 1 1 
0 1 0 
0 1 0 
1 1 0 
1 0 0 
0 0 1 
0 1 1 
0 0 1 
0 0 1 
0 0 1 
1 1 0 
0 0 1 
0 1 1 
0 1 1 
1 1 1 
0 0 1 
0 0 1 
0 0 1 
0 1 0 
0 1 1 
0 1 1 
1 1 0 
0 0 1 
0 1 1 
1 0 0 
0 0 1 
0 0 1 
1 1 0 
1 1 1 
1 1 0 
1 1 0 
0 1 0 
0 0 1 
0 1 1 
1 1 0 
0 0 1 
1 1 1 
1 0 0 
1 1 1 
1 0 0 
0 0 1 
1 0 0 
1 0 0 
0 1 0 
1 1 0 
0 1 0 
0 1 1 
0 1 1 
1 1 0 
0 0 1 
1 1 1 
1 1 1 
1 0 0 
0 0 1 
1 0 1 
1 0 0 
1 0 0 
1 0 0 
1 1 1 
0 0 1 
1 1 0 
0 0 1 
0 1 1 
0 0 1 
0 0 1 
1 1 1 
1 1 1 
0 1 1 
;
MEASURING ROBOT :
0 0 0 
1 1 1 
1 1 1 
1 1 0 
1 1 1 
0 1 1 
1 1 1 
1 1 0 
1 0 1 
1 1 0 
1 1 1 
0 1 1 
1 1 1 
1 1 1 
1 1 0 
1 0 1 
1 1 0 
1 0 1 
1 1 1 
1 1 1 
1 1 1 
1 1 1 
1 1 0 
1 0 1 
1 1 0 
1 0 1 
1 1 1 
1 1 0 
1 0 1 
1 1 1 
1 1 0 
1 0 1 
1 1 0 
1 1 1 
1 1 1 
1 1 1 
1 1 0 
1 0 1 
1 1 0 
1 0 1 
1 1 1 
1 1 0 
1 0 1 
1 0 1 
1 1 0 
1 1 0 
1 0 1 
1 1 1 
1 0 1 
1 1 0 
1 1 0 
0 1 1 
1 1 0 
1 1 0 
1 1 1 
1 0 1 
1 1 1 
1 1 0 
1 1 1 
1 0 1 
0 1 1 
1 1 1 
1 0 1 
0 1 1 
1 0 1 
1 1 1 
1 0 1 
0 1 1 
1 1 1 
1 0 1 
0 1 1 
1 1 1 
1 0 1 
0 1 1 
1 0 1 
1 0 1 
0 1 1 
1 1 0 
0 1 1 
1 1 0 
1 1 1 
1 0 1 
1 0 1 
0 1 1 
0 1 1 
1 0 1 
1 0 1 
1 1 1 
1 1 1 
1 0 1 
1 1 1 
1 1 1 
1 1 0 
0 1 1 
1 1 0 
1 1 1 
1 0 1 
1 1 1 
1 1 0 
0 1 1 
1 1 0 
1 1 1 
1 1 0 
0 1 1 
1 1 0 
0 1 1 
1 1 0 
0 1 1 
1 1 0 
1 1 1 
1 0 1 
0 1 1 
1 1 1 
1 1 1 
1 0 1 
0 1 1 
1 0 1 
1 1 1 
1 0 1 
1 0 1 
1 1 1 
0 1 1 
1 1 1 
1 0 1 
0 1 1 
1 0 1 
1 1 0 
1 0 1 
1 1 0 
1 1 1 
1 1 1 
1 1 1 
1 1 0 
1 0 1 
1 0 1 
1 1 0 
1 1 1 
1 1 0 
1 0 1 
1 0 1 
1 1 1 
1 1 0 
1 1 0 
1 1 0 
1 0 1 
1 1 0 
1 0 1 
1 1 1 
1 1 0 
1 0 1 
1 1 0 
1 0 1 
1 1 1 
1 1 1 
0 1 1 
1 0 1 
1 1 0 
0 1 1 
1 1 0 
0 1 1 
0 1 1 
1 1 0 
0 1 1 
1 0 1 
1 0 1 
1 1 1 
1 1 0 
0 1 1 
1 1 1 
1 1 1 
1 1 0 
1 1 0 
0 1 1 
1 1 0 
0 1 1 
0 1 1 
1 1 1 
1 1 1 
1 1 1 
1 1 1 
1 0 1 
1 1 1 
0 1 1 
1 1 0 
1 1 0 
1 0 1 
1 0 1 
1 1 1 
1 0 1 
0 1 1 
1 0 1 
1 1 1 
1 0 1 
1 1 0 
0 1 1 
1 1 1 
1 0 1 
1 1 0 
1 1 0 
0 1 1 
1 1 0 
1 0 1 
1 0 1 
1 1 0 
1 0 1 
0 1 1 
1 1 0 
1 1 1 
1 1 1 
1 0 1 
1 0 1 
1 0 1 
1 1 0 
0 1 1 
0 1 1 
0 1 1 
0 1 1 
1 0 1 
0 1 1 
0 1 1 
1 0 1 
0 1 1 
1 1 1 
1 1 0 
1 1 1 
1 0 1 
0 1 1 
1 1 1 
1 1 1 
0 1 1 
0 1 1 
1 0 1 
1 1 0 
1 0 1 
1 1 0 
1 0 1 
1 0 1 
1 0 1 
1 0 1 
1 0 1 
1 1 0 
1 0 1 
1 1 0 
1 1 1 
1 1 0 
1 0 1 
1 0 1 
1 0 1 
1 1 0 
1 1 0 
1 1 0 
1 0 1 
0 1 1 
1 1 0 
0 1 1 
0 1 1 
1 1 0 
1 1 0 
1 1 1 
0 1 1 
1 0 1 
1 0 1 
1 1 0 
1 1 0 
1 1 1 
1 0 1 
1 1 1 
1 1 0 
0 1 1 
1 1 0 
1 0 1 
1 1 0 
0 1 1 
1 1 1 
0 1 1 
1 0 1 
0 1 1 
0 1 1 
1 1 0 
1 1 0 
0 1 1 
0 1 1 
1 1 0 
0 1 1 
1 1 0 
0 1 1 
0 1 1 
1 1 1 
0 1 1 
1 1 0 
0 1 1 
0 1 1 
0 1 1 
1 0 1 
1 1 0 
1 1 0 
0 1 1 
1 1 0 
1 1 0 
0 1 1 
0 1 1 
1 1 0 
1 1 1 
1 1 0 
1 1 0 
1 1 0 
0 1 1 
1 1 1 
1 1 0 
0 1 1 
0 1 1 
1 1 0 
0 1 1 
0 1 1 
1 1 0 
0 1 1 
1 1 0 
0 1 1 
0 1 1 
1 1 0 
1 1 0 
1 1 1 
0 1 1 
1 1 1 
0 1 1 
0 1 1 
1 1 0 
0 1 1 
1 1 0 
0 1 1 
1 1 0 
1 0 1 
1 1 1 
1 0 1 
0 1 1 
1 1 0 
1 1 0 
1 1 0 
1 1 1 
1 1 0 
0 1 1 
1 1 0 
0 1 1 
1 1 1 
0 1 1 
1 1 0 
1 1 0 
0 1 1 
0 1 1 
1 1 0 
0 1 1 
1 1 0 
1 1 0 
0 1 1 
1 0 1 
1 1 1 
1 1 1 
0 1 1 
1 1 0 
0 1 1 
1 1 0 
0 1 1 
1 1 0 
1 1 1 
0 1 1 
1 1 0 
0 1 1 
1 1 0 
0 1 1 
1 1 0 
0 1 1 
1 1 1 
0 1 1 
1 1 0 
0 1 1 
0 1 1 
0 1 1 
1 1 0 
0 1 1 
1 1 0 
0 1 1 
1 1 0 
1 1 1 
1 1 0 
0 1 1 
1 1 0 
0 1 1 
1 1 0 
1 1 0 
1 1 1 
1 0 1 
0 1 1 
1 0 1 
0 1 1 
1 0 1 
1 0 1 
1 1 1 
1 1 1 
1 1 0 
1 1 1 
1 1 1 
1 0 1 
1 1 1 
1 1 0 
1 1 1 
1 1 1 
0 1 1 
1 1 1 
1 1 1 
1 1 0 
1 1 1 
1 0 1 
1 1 0 
1 1 1 
0 1 1 
1 1 0 
0 1 1 
1 0 1 
1 1 1 
1 1 1 
1 1 0 
0 1 1 
0 1 1 
1 1 1 
1 0 1 
1 1 0 
1 1 1 
1 0 1 
1 1 0 
1 1 1 
1 0 1 
1 1 0 
1 1 1 
1 1 1 
1 0 1 
1 1 0 
1 1 0 
1 0 1 
1 1 0 
1 1 0 
1 1 1 
1 0 1 
1 1 0 
1 1 1 
1 0 1 
1 1 0 
1 1 1 
1 0 1 
1 1 0 
1 1 0 
1 1 0 
1 0 1 
1 0 1 
1 1 0 
1 1 0 
1 1 1 
1 0 1 
0 1 1 
1 1 1 
1 1 0 
1 0 1 
1 1 0 
1 0 1 
0 1 1 
1 1 1 
0 1 1 
1 0 1 
0 1 1 
1 0 1 
1 1 1 
1 0 1 
0 1 1 
1 0 1 
1 0 1 
1 1 1 
1 0 1 
0 1 1 
1 0 1 
0 1 1 
1 1 0 
1 0 1 
1 1 0 
1 1 1 
1 1 0 
0 1 1 
0 1 1 
1 1 0 
1 1 1 
1 1 1 
1 0 1 
1 0 1 
0 1 1 
0 1 1 
0 1 1 
1 0 1 
0 1 1 
1 1 0 
1 0 1 
1 1 0 
1 0 1 
1 1 0 
1 0 1 
1 0 1 
1 1 0 
1 1 0 
0 1 1 
1 0 1 
1 0 1 
1 0 1 
1 0 1 
1 0 1 
1 0 1 
1 0 1 
1 0 1 
1 1 1 
1 1 0 
1 1 0 
0 1 1 
1 1 0 
0 1 1 
1 1 0 
0 1 1 
1 1 0 
0 1 1 
1 1 0 
0 1 1 
1 1 0 
0 1 1 
1 1 0 
1 1 0 
0 1 1 
0 1 1 
1 1 0 
0 1 1 
1 1 0 
1 1 0 
1 0 1 
1 1 1 
1 1 1 
1 1 1 
0 1 1 
0 1 1 
0 1 1 
1 0 1 
0 1 1 
0 1 1 
0 1 1 
0 1 1 
0 1 1 
0 1 1 
0 1 1 
0 1 1 
0 1 1 
1 1 0 
0 1 1 
1 1 1 
1 1 1 
1 1 0 
1 1 0 
1 1 0 
1 1 0 
1 1 0 
1 1 0 
0 1 1 
1 1 1 
1 1 0 
0 1 1 
0 1 1 
0 1 1 
0 1 1 
0 1 1 
0 1 1 
1 1 1 
0 1 1 
1 1 0 
0 1 1 
1 1 0 
0 1 1 
1 1 0 
1 1 0 
1 1 0 
1 1 0 
1 1 0 
1 1 0 
0 1 1 
1 1 0 
1 1 0 
1 0 1 
1 0 1 
1 1 0 
1 1 0 
1 0 1 
1 1 0 
1 1 0 
1 1 0 
1 1 0 
1 1 0 
1 1 0 
1 1 0 
1 1 0 
1 1 1 
1 1 0 
0 1 1 
1 1 1 
1 1 0 
1 1 1 
1 1 1 
1 1 1 
1 0 1 
1 1 1 
0 1 1 
1 1 0 
0 1 1 
1 1 0 
1 1 1 
1 1 0 
0 1 1 
1 1 0 
1 1 0 
0 1 1 
1 1 0 
0 1 1 
1 1 0 
0 1 1 
1 1 0 
0 1 1 
1 1 0 
0 1 1 
1 1 0 
0 1 1 
1 1 1 
1 0 1 
1 1 1 
1 1 1 
1 1 0 
1 0 1 
1 1 0 
1 1 0 
1 0 1 
1 1 0 
1 0 1 
1 1 0 
1 0 1 
1 1 0 
1 1 0 
1 1 0 
1 1 0 
1 1 0 
1 0 1 
1 1 0 
1 1 0 
1 1 0 
1 1 0 
1 1 0 
1 0 1 
1 1 0 
1 0 1 
1 1 1 
1 1 0 
1 1 0 
1 1 0 
1 1 0 
1 1 0 
1 1 0 
1 1 0 
1 1 0 
1 1 0 
1 0 1 
1 1 0 
1 1 0 
1 1 0 
1 1 0 
1 1 0 
1 1 0 
1 1 0 
0 1 1 
1 1 0 
0 1 1 
0 1 1 
1 1 0 
0 1 1 
1 1 0 
1 1 1 
1 1 0 
0 1 1 
1 1 0 
1 1 0 
0 1 1 
0 1 1 
1 0 1 
1 1 1 
1 1 0 
1 1 0 
1 1 0 
0 1 1 
1 1 0 
0 1 1 
1 1 0 
0 1 1 
1 1 0 
0 1 1 
1 1 0 
0 1 1 
1 1 0 
1 1 0 
1 1 1 
1 1 0 
0 1 1 
1 1 0 
0 1 1 
1 1 0 
1 1 0 
0 1 1 
1 1 0 
0 1 1 
1 1 0 
0 1 1 
1 1 0 
0 1 1 
1 1 0 
1 1 0 
1 1 0 
1 1 0 
0 1 1 
0 1 1 
0 1 1 
0 1 1 
0 1 1 
1 1 0 
1 1 0 
0 1 1 
1 1 0 
0 1 1 
1 1 1 
1 1 1 
1 0 1 
1 1 0 
1 0 1 
1 1 0 
1 1 0 
1 1 0 
1 1 1 
0 1 1 
0 1 1 
1 0 1 
1 0 1 
1 0 1 
1 0 1 
1 0 1 
1 0 1 
1 0 1 
1 0 1 
1 0 1 
1 0 1 
1 0 1 
1 0 1 
1 0 1 
1 0 1 
1 0 1 
0 1 1 
1 0 1 
1 0 1 
1 0 1 
1 0 1 
1 0 1 
1 0 1 
1 0 1 
1 0 1 
1 1 0 
1 0 1 
0 1 1 
1 0 1 
1 1 0 
1 0 1 
1 0 1 
1 0 1 
1 0 1 
1 0 1 
1 0 1 
1 0 1 
1 0 1 
1 0 1 
1 0 1 
1 0 1 
1 1 0 
1 0 1 
0 1 1 
1 0 1 
1 0 1 
1 0 1 
1 0 1 
1 0 1 
1 0 1 
1 0 1 
1 0 1 
1 0 1 
1 0 1 
1 0 1 
1 0 1 
0 1 1 
0 1 1 
1 0 1 
1 0 1 
1 0 1 
1 0 1 
1 0 1 
1 1 0 
1 0 1 
0 0 0 
;
TIMETABLE : 
0 0 0 
18.0 18.0 18.0 
25.0 25.0 25.0 
33.0 33.0 25.0 
40.0 40.0 40.0 
40.0 48.0 48.0 
54.0 54.0 54.0 
62.0 62.0 54.0 
63.0 62.0 63.0 
69.0 69.0 63.0 
73.0 73.0 73.0 
73.0 80.0 80.0 
86.0 86.0 86.0 
93.0 93.0 93.0 
100.0 100.0 93.0 
103.0 100.0 103.0 
108.0 108.0 103.0 
112.0 108.0 112.0 
119.0 119.0 119.0 
127.0 127.0 127.0 
134.0 134.0 134.0 
140.0 140.0 140.0 
148.0 148.0 140.0 
149.0 148.0 149.0 
155.0 155.0 149.0 
159.0 155.0 159.0 
165.0 165.0 165.0 
172.0 172.0 165.0 
175.0 172.0 175.0 
184.0 184.0 184.0 
191.0 191.0 184.0 
193.0 191.0 193.0 
199.0 199.0 193.0 
203.0 203.0 203.0 
212.0 212.0 212.0 
220.0 220.0 220.0 
228.0 228.0 220.0 
230.0 228.0 230.0 
235.0 235.0 230.0 
239.0 235.0 239.0 
247.0 247.0 247.0 
254.0 254.0 247.0 
256.0 254.0 256.0 
266.0 261.0 266.0 
276.0 276.0 275.0 
284.0 284.0 275.0 
285.0 284.0 285.0 
294.0 294.0 294.0 
302.0 294.0 302.0 
307.0 307.0 312.0 
314.0 314.0 312.0 
314.0 321.0 321.0 
323.0 323.0 321.0 
329.0 329.0 321.0 
332.0 332.0 332.0 
338.0 332.0 338.0 
339.0 339.0 339.0 
345.0 345.0 339.0 
350.0 350.0 350.0 
356.0 350.0 356.0 
356.0 357.0 357.0 
365.0 365.0 365.0 
371.0 365.0 371.0 
371.0 372.0 372.0 
379.0 379.0 379.0 
386.0 386.0 386.0 
392.0 386.0 392.0 
392.0 393.0 393.0 
401.0 401.0 401.0 
407.0 401.0 407.0 
407.0 408.0 408.0 
416.0 416.0 416.0 
422.0 416.0 422.0 
422.0 423.0 423.0 
431.0 430.0 431.0 
439.0 430.0 439.0 
439.0 444.0 444.0 
448.0 448.0 444.0 
448.0 452.0 452.0 
454.0 454.0 452.0 
461.0 461.0 461.0 
468.0 461.0 468.0 
474.0 461.0 474.0 
474.0 474.0 474.0 
480.0 481.0 481.0 
487.0 481.0 487.0 
495.0 481.0 495.0 
496.0 496.0 496.0 
504.0 504.0 504.0 
513.0 504.0 513.0 
518.0 518.0 518.0 
526.0 526.0 526.0 
533.0 533.0 526.0 
533.0 535.0 535.0 
539.0 539.0 535.0 
545.0 545.0 545.0 
551.0 545.0 551.0 
555.0 555.0 555.0 
561.0 561.0 555.0 
561.0 565.0 565.0 
568.0 568.0 565.0 
574.0 574.0 574.0 
582.0 582.0 574.0 
582.0 582.0 582.0 
589.0 589.0 582.0 
589.0 590.0 590.0 
600.0 600.0 597.0 
600.0 604.0 604.0 
607.0 607.0 604.0 
612.0 612.0 612.0 
619.0 612.0 619.0 
619.0 622.0 622.0 
631.0 631.0 631.0 
637.0 637.0 637.0 
644.0 637.0 644.0 
644.0 647.0 647.0 
652.0 647.0 652.0 
658.0 658.0 658.0 
665.0 658.0 665.0 
671.0 658.0 671.0 
672.0 672.0 672.0 
672.0 678.0 678.0 
678.0 678.0 678.0 
684.0 678.0 684.0 
684.0 688.0 688.0 
693.0 688.0 693.0 
696.0 696.0 693.0 
699.0 696.0 699.0 
703.0 703.0 699.0 
708.0 708.0 708.0 
714.0 714.0 714.0 
723.0 723.0 723.0 
729.0 729.0 723.0 
731.0 729.0 731.0 
738.0 735.0 738.0 
742.0 742.0 738.0 
750.0 750.0 750.0 
756.0 756.0 750.0 
757.0 756.0 757.0 
765.0 762.0 765.0 
769.0 769.0 769.0 
777.0 777.0 777.0 
785.0 785.0 784.0 
793.0 793.0 784.0 
799.0 793.0 799.0 
801.0 801.0 799.0 
809.0 809.0 809.0 
818.0 818.0 818.0 
827.0 827.0 818.0 
832.0 827.0 832.0 
837.0 837.0 832.0 
842.0 837.0 842.0 
849.0 849.0 849.0 
857.0 857.0 857.0 
865.0 867.0 867.0 
873.0 867.0 873.0 
879.0 879.0 873.0 
887.0 887.0 887.0 
896.0 896.0 887.0 
896.0 897.0 897.0 
896.0 904.0 904.0 
914.0 914.0 904.0 
914.0 918.0 918.0 
922.0 918.0 922.0 
929.0 918.0 929.0 
930.0 930.0 930.0 
937.0 937.0 930.0 
937.0 943.0 943.0 
945.0 945.0 945.0 
952.0 952.0 952.0 
959.0 959.0 952.0 
965.0 965.0 952.0 
965.0 967.0 967.0 
974.0 974.0 967.0 
983.0 983.0 983.0 
989.0 992.0 992.0 
996.0 996.0 996.0 
1004.0 1004.0 1004.0 
1012.0 1012.0 1012.0 
1021.0 1021.0 1021.0 
1030.0 1021.0 1030.0 
1033.0 1033.0 1033.0 
1033.0 1042.0 1042.0 
1042.0 1042.0 1042.0 
1050.0 1050.0 1042.0 
1051.0 1050.0 1051.0 
1059.0 1050.0 1059.0 
1069.0 1069.0 1069.0 
1078.0 1069.0 1078.0 
1078.0 1081.0 1081.0 
1086.0 1081.0 1086.0 
1094.0 1094.0 1094.0 
1104.0 1094.0 1104.0 
1113.0 1113.0 1113.0 
1120.0 1126.0 1126.0 
1135.0 1135.0 1135.0 
1143.0 1135.0 1143.0 
1144.0 1144.0 1143.0 
1152.0 1152.0 1151.0 
1160.0 1160.0 1160.0 
1170.0 1170.0 1169.0 
1182.0 1177.0 1182.0 
1190.0 1184.0 1190.0 
1192.0 1192.0 1190.0 
1197.0 1192.0 1197.0 
1197.0 1204.0 1204.0 
1214.0 1214.0 1204.0 
1218.0 1218.0 1218.0 
1228.0 1228.0 1228.0 
1239.0 1228.0 1239.0 
1245.0 1242.0 1245.0 
1254.0 1242.0 1254.0 
1263.0 1263.0 1254.0 
1280.0 1267.0 1267.0 
1280.0 1273.0 1273.0 
1280.0 1280.0 1280.0 
1280.0 1286.0 1286.0 
1288.0 1286.0 1288.0 
1295.0 1297.0 1297.0 
1295.0 1304.0 1304.0 
1310.0 1304.0 1310.0 
1310.0 1314.0 1314.0 
1321.0 1321.0 1321.0 
1335.0 1335.0 1335.0 
1356.0 1356.0 1356.0 
1366.0 1356.0 1366.0 
1366.0 1374.0 1374.0 
1377.0 1377.0 1377.0 
1383.0 1383.0 1383.0 
1383.0 1391.0 1391.0 
1383.0 1398.0 1398.0 
1403.0 1398.0 1403.0 
1407.0 1407.0 1403.0 
1410.0 1407.0 1410.0 
1413.0 1413.0 1410.0 
1418.0 1413.0 1418.0 
1427.0 1424.0 1427.0 
1435.0 1434.0 1435.0 
1443.0 1434.0 1443.0 
1451.0 1434.0 1451.0 
1455.0 1455.0 1451.0 
1458.0 1455.0 1458.0 
1461.0 1461.0 1458.0 
1469.0 1469.0 1469.0 
1475.0 1475.0 1469.0 
1476.0 1475.0 1476.0 
1488.0 1486.0 1488.0 
1495.0 1486.0 1495.0 
1497.0 1497.0 1495.0 
1503.0 1503.0 1502.0 
1512.0 1512.0 1502.0 
1520.0 1520.0 1520.0 
1527.0 1528.0 1528.0 
1534.0 1534.0 1528.0 
1541.0 1541.0 1541.0 
1548.0 1548.0 1548.0 
1556.0 1556.0 1548.0 
1564.0 1564.0 1548.0 
1571.0 1571.0 1571.0 
1571.0 1579.0 1579.0 
1580.0 1579.0 1580.0 
1586.0 1579.0 1586.0 
1587.0 1587.0 1586.0 
1593.0 1593.0 1586.0 
1595.0 1595.0 1595.0 
1601.0 1595.0 1601.0 
1606.0 1606.0 1606.0 
1612.0 1612.0 1606.0 
1612.0 1615.0 1615.0 
1621.0 1621.0 1615.0 
1624.0 1621.0 1624.0 
1632.0 1632.0 1624.0 
1632.0 1634.0 1634.0 
1640.0 1640.0 1640.0 
1648.0 1648.0 1648.0 
1656.0 1648.0 1656.0 
1664.0 1665.0 1665.0 
1672.0 1676.0 1676.0 
1682.0 1682.0 1676.0 
1693.0 1693.0 1687.0 
1693.0 1694.0 1694.0 
1693.0 1702.0 1702.0 
1707.0 1707.0 1702.0 
1707.0 1710.0 1710.0 
1717.0 1717.0 1710.0 
1717.0 1719.0 1719.0 
1727.0 1729.0 1729.0 
1740.0 1740.0 1740.0 
1740.0 1750.0 1750.0 
1750.0 1750.0 1750.0 
1750.0 1759.0 1759.0 
1760.0 1767.0 1767.0 
1760.0 1775.0 1775.0 
1784.0 1775.0 1784.0 
1794.0 1794.0 1791.0 
1802.0 1802.0 1798.0 
1802.0 1806.0 1806.0 
1811.0 1811.0 1806.0 
1817.0 1817.0 1816.0 
1823.0 1826.0 1826.0 
1823.0 1836.0 1836.0 
1840.0 1840.0 1836.0 
1849.0 1849.0 1849.0 
1859.0 1859.0 1849.0 
1868.0 1868.0 1849.0 
1878.0 1878.0 1849.0 
1899.0 1878.0 1878.0 
1905.0 1905.0 1905.0 
1911.0 1911.0 1905.0 
1911.0 1912.0 1912.0 
1917.0 1920.0 1920.0 
1926.0 1926.0 1920.0 
1926.0 1927.0 1927.0 
1926.0 1933.0 1933.0 
1938.0 1938.0 1933.0 
1938.0 1942.0 1942.0 
1949.0 1949.0 1942.0 
1949.0 1951.0 1951.0 
1949.0 1959.0 1959.0 
1960.0 1960.0 1959.0 
1969.0 1969.0 1967.0 
1988.0 1988.0 1988.0 
1988.0 1994.0 1994.0 
2003.0 2003.0 2003.0 
2003.0 2009.0 2009.0 
2003.0 2018.0 2018.0 
2021.0 2021.0 2018.0 
2021.0 2027.0 2027.0 
2030.0 2030.0 2027.0 
2030.0 2035.0 2035.0 
2040.0 2040.0 2035.0 
2045.0 2040.0 2045.0 
2049.0 2049.0 2049.0 
2058.0 2058.0 2058.0 
2058.0 2067.0 2067.0 
2076.0 2076.0 2076.0 
2084.0 2084.0 2076.0 
2091.0 2091.0 2090.0 
2100.0 2100.0 2100.0 
2107.0 2107.0 2100.0 
2107.0 2109.0 2109.0 
2115.0 2115.0 2109.0 
2115.0 2117.0 2117.0 
2127.0 2127.0 2127.0 
2127.0 2135.0 2135.0 
2135.0 2135.0 2135.0 
2142.0 2142.0 2135.0 
2142.0 2145.0 2145.0 
2142.0 2154.0 2154.0 
2156.0 2156.0 2154.0 
2156.0 2164.0 2164.0 
2169.0 2169.0 2164.0 
2176.0 2176.0 2174.0 
2176.0 2185.0 2185.0 
2190.0 2185.0 2190.0 
2195.0 2195.0 2195.0 
2204.0 2204.0 2204.0 
2204.0 2215.0 2215.0 
2217.0 2217.0 2215.0 
2217.0 2223.0 2223.0 
2224.0 2224.0 2223.0 
2224.0 2231.0 2231.0 
2239.0 2239.0 2239.0 
2248.0 2248.0 2248.0 
2248.0 2255.0 2255.0 
2262.0 2262.0 2255.0 
2262.0 2270.0 2270.0 
2272.0 2272.0 2270.0 
2272.0 2278.0 2278.0 
2283.0 2283.0 2278.0 
2283.0 2287.0 2287.0 
2296.0 2296.0 2296.0 
2296.0 2302.0 2302.0 
2306.0 2306.0 2302.0 
2306.0 2316.0 2316.0 
2306.0 2325.0 2325.0 
2306.0 2333.0 2333.0 
2340.0 2340.0 2333.0 
2347.0 2349.0 2349.0 
2354.0 2354.0 2349.0 
2354.0 2358.0 2358.0 
2362.0 2362.0 2358.0 
2372.0 2372.0 2372.0 
2380.0 2380.0 2372.0 
2380.0 2382.0 2382.0 
2388.0 2388.0 2382.0 
2388.0 2394.0 2394.0 
2395.0 2395.0 2394.0 
2401.0 2401.0 2394.0 
2408.0 2408.0 2408.0 
2414.0 2408.0 2414.0 
2414.0 2418.0 2418.0 
2423.0 2418.0 2423.0 
2423.0 2427.0 2427.0 
2432.0 2427.0 2432.0 
2440.0 2427.0 2440.0 
2447.0 2447.0 2447.0 
2454.0 2454.0 2454.0 
2462.0 2462.0 2454.0 
2468.0 2468.0 2468.0 
2475.0 2475.0 2475.0 
2483.0 2482.0 2483.0 
2493.0 2493.0 2493.0 
2500.0 2500.0 2493.0 
2505.0 2505.0 2505.0 
2511.0 2511.0 2511.0 
2511.0 2518.0 2518.0 
2520.0 2520.0 2520.0 
2526.0 2526.0 2526.0 
2533.0 2533.0 2532.0 
2543.0 2543.0 2543.0 
2549.0 2543.0 2549.0 
2550.0 2550.0 2549.0 
2560.0 2560.0 2560.0 
2560.0 2566.0 2566.0 
2569.0 2569.0 2566.0 
2569.0 2578.0 2578.0 
2578.0 2578.0 2578.0 
2588.0 2588.0 2588.0 
2601.0 2601.0 2601.0 
2610.0 2610.0 2601.0 
2610.0 2613.0 2613.0 
2610.0 2619.0 2619.0 
2620.0 2620.0 2620.0 
2626.0 2620.0 2626.0 
2633.0 2633.0 2632.0 
2641.0 2641.0 2641.0 
2647.0 2641.0 2647.0 
2654.0 2654.0 2653.0 
2663.0 2663.0 2663.0 
2669.0 2663.0 2669.0 
2676.0 2676.0 2675.0 
2685.0 2685.0 2685.0 
2691.0 2691.0 2691.0 
2697.0 2691.0 2697.0 
2701.0 2701.0 2697.0 
2707.0 2707.0 2703.0 
2709.0 2707.0 2709.0 
2714.0 2714.0 2709.0 
2720.0 2720.0 2715.0 
2727.0 2727.0 2727.0 
2733.0 2727.0 2733.0 
2734.0 2734.0 2733.0 
2742.0 2742.0 2742.0 
2748.0 2742.0 2748.0 
2749.0 2749.0 2748.0 
2756.0 2756.0 2756.0 
2762.0 2756.0 2762.0 
2763.0 2763.0 2762.0 
2773.0 2773.0 2768.0 
2780.0 2780.0 2768.0 
2782.0 2780.0 2782.0 
2789.0 2780.0 2789.0 
2793.0 2793.0 2789.0 
2800.0 2800.0 2789.0 
2803.0 2803.0 2803.0 
2810.0 2803.0 2810.0 
2810.0 2816.0 2816.0 
2824.0 2824.0 2824.0 
2834.0 2834.0 2824.0 
2838.0 2834.0 2838.0 
2841.0 2841.0 2838.0 
2850.0 2841.0 2850.0 
2850.0 2855.0 2855.0 
2861.0 2861.0 2861.0 
2861.0 2871.0 2871.0 
2874.0 2871.0 2874.0 
2874.0 2880.0 2880.0 
2881.0 2880.0 2881.0 
2887.0 2887.0 2887.0 
2894.0 2887.0 2894.0 
2894.0 2896.0 2896.0 
2902.0 2896.0 2902.0 
2908.0 2905.0 2908.0 
2920.0 2920.0 2920.0 
2928.0 2920.0 2928.0 
2928.0 2929.0 2929.0 
2935.0 2929.0 2935.0 
2935.0 2939.0 2939.0 
2952.0 2952.0 2939.0 
2953.0 2952.0 2953.0 
2959.0 2959.0 2953.0 
2966.0 2966.0 2966.0 
2973.0 2973.0 2966.0 
2980.0 2980.0 2980.0 
2980.0 2987.0 2987.0 
2995.0 2995.0 2987.0 
2999.0 2999.0 2999.0 
3006.0 3006.0 3006.0 
3014.0 3013.0 3014.0 
3021.0 3013.0 3021.0 
3021.0 3027.0 3027.0 
3035.0 3036.0 3036.0 
3035.0 3048.0 3048.0 
3056.0 3048.0 3056.0 
3056.0 3057.0 3057.0 
3067.0 3067.0 3057.0 
3071.0 3067.0 3071.0 
3080.0 3080.0 3071.0 
3085.0 3080.0 3085.0 
3087.0 3087.0 3085.0 
3097.0 3087.0 3097.0 
3103.0 3087.0 3103.0 
3104.0 3104.0 3103.0 
3117.0 3117.0 3117.0 
3117.0 3130.0 3130.0 
3131.0 3157.0 3131.0 
3141.0 3157.0 3141.0 
3152.0 3157.0 3152.0 
3158.0 3157.0 3158.0 
3167.0 3166.0 3167.0 
3175.0 3166.0 3175.0 
3182.0 3166.0 3182.0 
3188.0 3187.0 3188.0 
3197.0 3197.0 3197.0 
3204.0 3204.0 3197.0 
3217.0 3217.0 3197.0 
3217.0 3217.0 3217.0 
3223.0 3223.0 3217.0 
3229.0 3229.0 3229.0 
3236.0 3236.0 3229.0 
3236.0 3239.0 3239.0 
3244.0 3244.0 3239.0 
3244.0 3248.0 3248.0 
3253.0 3253.0 3248.0 
3253.0 3256.0 3256.0 
3259.0 3259.0 3256.0 
3259.0 3264.0 3264.0 
3270.0 3270.0 3264.0 
3280.0 3280.0 3278.0 
3280.0 3286.0 3286.0 
3280.0 3297.0 3297.0 
3307.0 3307.0 3297.0 
3307.0 3316.0 3316.0 
3320.0 3320.0 3316.0 
3327.0 3327.0 3326.0 
3337.0 3327.0 3337.0 
3340.0 3340.0 3340.0 
3347.0 3347.0 3347.0 
3355.0 3355.0 3355.0 
3355.0 3365.0 3365.0 
3370.0 3372.0 3372.0 
3370.0 3383.0 3383.0 
3385.0 3383.0 3385.0 
3385.0 3390.0 3390.0 
3400.0 3400.0 3400.0 
3400.0 3408.0 3408.0 
3414.0 3417.0 3417.0 
3414.0 3423.0 3423.0 
3428.0 3433.0 3433.0 
3428.0 3439.0 3439.0 
3443.0 3446.0 3446.0 
3443.0 3452.0 3452.0 
3457.0 3457.0 3452.0 
3457.0 3463.0 3463.0 
3470.0 3470.0 3470.0 
3480.0 3480.0 3480.0 
3496.0 3496.0 3496.0 
3502.0 3502.0 3496.0 
3512.0 3512.0 3510.0 
3518.0 3518.0 3510.0 
3529.0 3529.0 3510.0 
3535.0 3535.0 3510.0 
3535.0 3535.0 3535.0 
3541.0 3541.0 3541.0 
3547.0 3547.0 3541.0 
3553.0 3553.0 3553.0 
3553.0 3559.0 3559.0 
3570.0 3570.0 3570.0 
3570.0 3576.0 3576.0 
3580.0 3588.0 3588.0 
3580.0 3599.0 3599.0 
3613.0 3613.0 3613.0 
3613.0 3621.0 3621.0 
3623.0 3623.0 3621.0 
3623.0 3629.0 3629.0 
3634.0 3634.0 3629.0 
3634.0 3638.0 3638.0 
3648.0 3648.0 3638.0 
3657.0 3657.0 3655.0 
3665.0 3665.0 3665.0 
3673.0 3673.0 3665.0 
3687.0 3687.0 3665.0 
3695.0 3695.0 3665.0 
3695.0 3699.0 3699.0 
3708.0 3708.0 3706.0 
3718.0 3718.0 3713.0 
3721.0 3718.0 3721.0 
3730.0 3718.0 3730.0 
3730.0 3730.0 3730.0 
3736.0 3736.0 3730.0 
3736.0 3736.0 3736.0 
3746.0 3746.0 3742.0 
3752.0 3752.0 3742.0 
3761.0 3761.0 3759.0 
3767.0 3767.0 3759.0 
3775.0 3775.0 3769.0 
3781.0 3781.0 3769.0 
3789.0 3789.0 3769.0 
3795.0 3795.0 3769.0 
3808.0 3808.0 3808.0 
3814.0 3814.0 3808.0 
3814.0 3818.0 3818.0 
3823.0 3823.0 3823.0 
3832.0 3832.0 3823.0 
3834.0 3834.0 3834.0 
3840.0 3840.0 3840.0 
3848.0 3848.0 3848.0 
3854.0 3848.0 3854.0 
3862.0 3862.0 3862.0 
3862.0 3868.0 3868.0 
3870.0 3870.0 3868.0 
3878.0 3879.0 3879.0 
3887.0 3887.0 3879.0 
3889.0 3889.0 3889.0 
3898.0 3898.0 3889.0 
3898.0 3903.0 3903.0 
3904.0 3904.0 3903.0 
3911.0 3911.0 3903.0 
3911.0 3913.0 3913.0 
3919.0 3919.0 3913.0 
3919.0 3920.0 3920.0 
3931.0 3931.0 3920.0 
3931.0 3934.0 3934.0 
3942.0 3942.0 3934.0 
3942.0 3947.0 3947.0 
3953.0 3953.0 3947.0 
3953.0 3954.0 3954.0 
3962.0 3962.0 3954.0 
3962.0 3969.0 3969.0 
3980.0 3980.0 3980.0 
3988.0 3980.0 3988.0 
3994.0 3994.0 3994.0 
4001.0 4001.0 4001.0 
4014.0 4014.0 4001.0 
4015.0 4014.0 4015.0 
4020.0 4020.0 4015.0 
4034.0 4034.0 4029.0 
4044.0 4034.0 4044.0 
4048.0 4048.0 4044.0 
4058.0 4048.0 4058.0 
4062.0 4062.0 4058.0 
4068.0 4062.0 4068.0 
4074.0 4074.0 4068.0 
4084.0 4084.0 4078.0 
4093.0 4093.0 4078.0 
4101.0 4101.0 4078.0 
4109.0 4109.0 4078.0 
4128.0 4116.0 4128.0 
4138.0 4138.0 4138.0 
4146.0 4146.0 4145.0 
4155.0 4155.0 4145.0 
4161.0 4161.0 4160.0 
4172.0 4172.0 4160.0 
4174.0 4172.0 4174.0 
4197.0 4197.0 4174.0 
4198.0 4197.0 4198.0 
4205.0 4205.0 4205.0 
4214.0 4214.0 4213.0 
4221.0 4221.0 4221.0 
4229.0 4229.0 4228.0 
4236.0 4236.0 4228.0 
4244.0 4244.0 4243.0 
4251.0 4251.0 4243.0 
4261.0 4261.0 4257.0 
4269.0 4269.0 4257.0 
4278.0 4278.0 4257.0 
4283.0 4278.0 4283.0 
4288.0 4288.0 4283.0 
4300.0 4300.0 4300.0 
4316.0 4316.0 4315.0 
4322.0 4322.0 4315.0 
4336.0 4336.0 4329.0 
4348.0 4348.0 4329.0 
4361.0 4361.0 4329.0 
4361.0 4361.0 4361.0 
4367.0 4367.0 4361.0 
4367.0 4371.0 4371.0 
4373.0 4378.0 4378.0 
4387.0 4387.0 4378.0 
4387.0 4392.0 4392.0 
4401.0 4401.0 4392.0 
4413.0 4413.0 4413.0 
4427.0 4427.0 4413.0 
4427.0 4431.0 4431.0 
4439.0 4439.0 4431.0 
4445.0 4445.0 4441.0 
4459.0 4459.0 4459.0 
4459.0 4468.0 4468.0 
4473.0 4468.0 4473.0 
4482.0 4482.0 4482.0 
4496.0 4496.0 4496.0 
4508.0 4508.0 4505.0 
4518.0 4518.0 4516.0 
4518.0 4523.0 4523.0 
4527.0 4527.0 4523.0 
4527.0 4531.0 4531.0 
4545.0 4545.0 4542.0 
4545.0 4549.0 4549.0 
4555.0 4555.0 4549.0 
4555.0 4557.0 4557.0 
4564.0 4564.0 4557.0 
4564.0 4569.0 4569.0 
4572.0 4572.0 4569.0 
4580.0 4580.0 4579.0 
4594.0 4594.0 4594.0 
4601.0 4601.0 4594.0 
4601.0 4604.0 4604.0 
4607.0 4607.0 4604.0 
4607.0 4611.0 4611.0 
4616.0 4616.0 4611.0 
4625.0 4625.0 4611.0 
4625.0 4625.0 4625.0 
4633.0 4633.0 4625.0 
4633.0 4638.0 4638.0 
4643.0 4643.0 4638.0 
4643.0 4645.0 4645.0 
4652.0 4652.0 4645.0 
4652.0 4660.0 4660.0 
4662.0 4662.0 4660.0 
4676.0 4676.0 4675.0 
4695.0 4695.0 4695.0 
4706.0 4706.0 4695.0 
4717.0 4714.0 4714.0 
4717.0 4723.0 4723.0 
4728.0 4729.0 4729.0 
4738.0 4740.0 4740.0 
4748.0 4750.0 4750.0 
4776.0 4776.0 4750.0 
4784.0 4784.0 4750.0 
4784.0 4785.0 4785.0 
4792.0 4792.0 4785.0 
4792.0 4795.0 4795.0 
4807.0 4807.0 4807.0 
4821.0 4821.0 4821.0 
4833.0 4821.0 4833.0 
4835.0 4835.0 4833.0 
4847.0 4835.0 4847.0 
4848.0 4848.0 4847.0 
4854.0 4854.0 4847.0 
4868.0 4868.0 4861.0 
4886.0 4886.0 4886.0 
4886.0 4892.0 4892.0 
4886.0 4905.0 4905.0 
4911.0 4983.0 4911.0 
4925.0 4983.0 4925.0 
4939.0 4983.0 4939.0 
4963.0 4991.0 4963.0 
4976.0 4991.0 4976.0 
4986.0 4991.0 4986.0 
4993.0 4991.0 4993.0 
5007.0 5004.0 5007.0 
5014.0 5004.0 5014.0 
5024.0 5018.0 5024.0 
5037.0 5033.0 5037.0 
5051.0 5047.0 5051.0 
5061.0 5047.0 5061.0 
5068.0 5047.0 5068.0 
5082.0 5047.0 5082.0 
5082.0 5082.0 5082.0 
5092.0 5092.0 5092.0 
5101.0 5099.0 5101.0 
5115.0 5114.0 5115.0 
5124.0 5114.0 5124.0 
5134.0 5128.0 5134.0 
5148.0 5128.0 5148.0 
5158.0 5128.0 5158.0 
5167.0 5128.0 5167.0 
5181.0 5181.0 5167.0 
5195.0 5192.0 5195.0 
5220.0 5222.0 5222.0 
5237.0 5232.0 5237.0 
5248.0 5248.0 5237.0 
5256.0 5248.0 5256.0 
5265.0 5263.0 5265.0 
5278.0 5277.0 5278.0 
5287.0 5277.0 5287.0 
5297.0 5291.0 5297.0 
5304.0 5291.0 5304.0 
5313.0 5312.0 5313.0 
5320.0 5312.0 5320.0 
5330.0 5312.0 5330.0 
5337.0 5312.0 5337.0 
5347.0 5312.0 5347.0 
5347.0 5347.0 5347.0 
5360.0 5354.0 5360.0 
5360.0 5365.0 5365.0 
5378.0 5376.0 5378.0 
5385.0 5383.0 5385.0 
5398.0 5398.0 5398.0 
5405.0 5398.0 5405.0 
5415.0 5413.0 5415.0 
5429.0 5427.0 5429.0 
5438.0 5427.0 5438.0 
5448.0 5427.0 5448.0 
5467.0 5427.0 5467.0 
5480.0 5427.0 5480.0 
5487.0 5427.0 5487.0 
5504.0 5427.0 5504.0 
5530.0 5531.0 5531.0 
5530.0 5550.0 5550.0 
5550.0 5576.0 5550.0 
5561.0 5576.0 5561.0 
5573.0 5586.0 5573.0 
5582.0 5586.0 5582.0 
5588.0 5586.0 5588.0 
5635.0 5635.0 5609.0 
5704.0 5658.0 5704.0 
5704.0 5743.0 5723.0 
;
EXECUTION TIME KUMAR3: 2748.3189621 seconds

-------------------------------------------------------------------
MAP: offices1_
DATE: 2017-10-25_12-47-56
