DATFILE : offices1_2r_1000.dat
ENVIRONMENT : office
ALGORITHM : HBSS - TAU 3
RANGE : 1000
STARTING_POS : 42
N_ROBOTS : 2
GREEDY SOLUTION : 9369.0
COMPUTATIONS T :
10061.0
10010.0
10059.0
10220.0
10072.0
10168.0
10092.0
10159.0
9965.0
10068.0
10153.0
10026.0
9839.0
9925.0
9915.0
10104.0
9991.0
10033.0
9984.0
9960.0
10065.0
10044.0
10074.0
10126.0
10059.0
10228.0
9995.0
9962.0
10099.0
10118.0
9914.0
9963.0
10124.0
10088.0
10123.0
9897.0
10157.0
10174.0
10103.0
10062.0
9921.0
10017.0
9933.0
10032.0
9888.0
10110.0
9961.0
10158.0
9930.0
9972.0
9931.0
10088.0
10041.0
9921.0
10039.0
10076.0
10183.0
9873.0
10124.0
10020.0
10062.0
9996.0
9918.0
9950.0
10131.0
10075.0
10093.0
10055.0
10073.0
10071.0
9823.0
10007.0
10059.0
10001.0
10106.0
10038.0
9960.0
10137.0
10185.0
10069.0
10044.0
10101.0
10035.0
10245.0
10012.0
9996.0
9911.0
10212.0
10124.0
9938.0
9931.0
10041.0
10246.0
9990.0
10132.0
9880.0
9964.0
10056.0
10109.0
9959.0
10037.0
10145.0
10187.0
9987.0
9957.0
10077.0
10217.0
10031.0
10168.0
10010.0
10062.0
10085.0
9996.0
10102.0
10015.0
10175.0
9775.0
9960.0
10074.0
10027.0
10057.0
10081.0
9954.0
10111.0
10116.0
10000.0
9989.0
10098.0
10234.0
9973.0
9983.0
9988.0
10053.0
10253.0
10036.0
9932.0
9924.0
10004.0
9903.0
9881.0
9961.0
9952.0
10010.0
9994.0
10161.0
10115.0
10215.0
9997.0
10060.0
10053.0
10240.0
10191.0
10251.0
10131.0
10041.0
10103.0
10160.0
10128.0
9949.0
9881.0
9939.0
10053.0
10133.0
10078.0
10195.0
10212.0
10087.0
10014.0
10029.0
10125.0
10042.0
9970.0
9940.0
9928.0
9867.0
10130.0
10130.0
10018.0
10060.0
9927.0
10035.0
10245.0
10098.0
9933.0
9945.0
10022.0
9920.0
10102.0
9992.0
9992.0
10079.0
9986.0
10156.0
9956.0
10333.0
9953.0
10054.0
10091.0
9854.0
10061.0
;
HBBS bestT : 9775.0
BEST_CONFIGURATIONS : 
42 42 
41 42 
36 42 
35 41 
34 41 
33 36 
32 36 
27 36 
26 36 
23 36 
2 36 
2 41 
23 41 
26 41 
27 41 
32 41 
27 42 
32 42 
33 42 
34 42 
27 5 
32 5 
32 24 
27 24 
26 4 
27 4 
32 4 
33 4 
33 24 
33 5 
34 5 
35 5 
34 24 
34 4 
35 4 
35 24 
36 4 
36 24 
36 5 
41 5 
41 24 
41 4 
42 4 
42 24 
42 5 
5 4 
5 24 
24 4 
3 4 
3 24 
3 5 
23 5 
2 5 
2 24 
23 4 
2 4 
23 24 
26 5 
26 24 
38 4 
38 24 
38 5 
39 24 
39 4 
40 4 
40 24 
40 5 
39 5 
38 41 
37 36 
43 36 
37 41 
43 41 
37 42 
43 42 
25 41 
0 36 
0 41 
0 42 
25 42 
1 41 
1 36 
1 35 
1 34 
1 33 
1 32 
1 27 
1 26 
1 23 
1 2 
23 2 
26 2 
27 2 
32 2 
27 23 
32 23 
32 26 
27 26 
31 26 
31 27 
31 32 
30 27 
30 32 
29 27 
30 31 
29 30 
29 31 
28 27 
28 32 
28 33 
29 32 
29 33 
28 34 
28 35 
17 35 
17 34 
17 33 
17 32 
17 27 
28 26 
28 38 
29 26 
29 23 
29 2 
30 2 
30 23 
31 2 
31 23 
30 26 
29 38 
30 38 
29 37 
29 43 
30 43 
31 37 
31 43 
27 43 
27 37 
32 37 
32 43 
33 37 
33 43 
34 37 
34 43 
35 37 
35 43 
34 25 
35 25 
36 25 
35 0 
33 0 
32 0 
27 0 
26 25 
27 25 
32 25 
33 25 
34 0 
34 23 
34 2 
35 2 
35 23 
34 26 
35 26 
35 27 
35 31 
34 27 
34 32 
34 33 
33 32 
33 27 
33 26 
33 23 
33 2 
27 3 
32 3 
33 3 
34 3 
35 3 
18 1 
18 2 
18 23 
18 26 
18 27 
18 32 
18 33 
18 34 
18 35 
18 36 
18 41 
18 42 
18 5 
18 24 
18 3 
18 4 
41 3 
36 3 
40 3 
39 3 
26 3 
23 3 
2 3 
1 3 
0 3 
25 3 
43 3 
37 3 
38 3 
26 23 
39 2 
39 23 
39 26 
39 27 
39 32 
39 33 
39 34 
40 34 
40 35 
40 36 
40 41 
40 42 
39 41 
26 42 
23 42 
2 42 
3 42 
2 40 
23 40 
26 40 
27 40 
32 40 
33 40 
33 41 
34 36 
35 36 
34 35 
33 35 
32 35 
31 34 
30 34 
29 34 
29 35 
30 35 
29 36 
30 36 
31 36 
31 41 
30 41 
29 41 
28 36 
28 41 
17 36 
17 41 
17 42 
28 42 
29 42 
30 42 
31 42 
28 5 
28 24 
28 4 
29 4 
29 24 
30 4 
30 24 
31 4 
31 24 
30 5 
29 5 
31 5 
38 42 
39 42 
38 40 
37 40 
43 40 
25 39 
0 23 
0 2 
25 2 
25 23 
0 26 
0 38 
0 37 
0 43 
25 37 
25 43 
0 25 
1 0 
1 25 
1 43 
1 37 
1 38 
23 37 
2 37 
2 43 
23 43 
26 37 
38 37 
38 43 
26 43 
39 37 
39 38 
26 38 
23 38 
2 38 
1 39 
1 40 
0 39 
0 40 
25 40 
43 39 
28 23 
28 2 
17 2 
17 23 
17 26 
17 38 
17 37 
17 43 
28 43 
28 37 
30 37 
31 38 
27 38 
32 38 
33 38 
34 38 
35 38 
36 38 
40 39 
24 1 
4 1 
4 0 
4 25 
24 0 
5 0 
5 25 
24 25 
4 43 
24 37 
24 43 
4 37 
5 43 
5 37 
3 28 
3 29 
3 30 
3 31 
1 28 
1 17 
23 19 
2 19 
2 16 
23 16 
1 16 
0 6 
25 6 
43 6 
37 6 
38 6 
26 6 
27 6 
32 6 
32 22 
27 7 
32 7 
27 22 
31 7 
31 22 
30 7 
30 22 
29 7 
29 22 
28 7 
28 22 
17 7 
17 22 
17 6 
28 6 
30 6 
29 6 
30 16 
31 16 
27 16 
32 16 
33 16 
34 16 
35 16 
36 16 
41 19 
36 19 
35 19 
34 19 
33 19 
32 19 
27 19 
31 19 
30 19 
29 19 
28 17 
29 17 
30 17 
31 17 
30 28 
28 19 
17 16 
28 16 
19 6 
16 6 
16 7 
16 22 
16 10 
16 11 
16 21 
16 8 
6 8 
6 21 
6 11 
22 11 
7 11 
7 21 
22 21 
7 8 
22 8 
10 8 
10 21 
10 11 
22 10 
7 10 
7 22 
22 6 
7 6 
10 6 
21 19 
8 19 
8 17 
21 17 
8 28 
8 29 
21 29 
21 30 
8 30 
8 31 
8 27 
8 32 
21 27 
21 32 
21 33 
8 33 
8 34 
21 34 
21 35 
8 35 
12 35 
12 34 
12 33 
20 32 
20 27 
20 26 
20 39 
9 26 
9 27 
9 32 
9 33 
9 34 
9 35 
20 34 
20 35 
9 36 
9 41 
20 36 
20 41 
9 42 
20 42 
12 41 
12 36 
21 36 
8 36 
8 41 
8 42 
21 41 
11 36 
11 41 
11 42 
10 42 
10 41 
10 36 
10 35 
10 34 
10 33 
11 27 
11 32 
11 33 
11 34 
11 35 
22 34 
7 34 
22 35 
7 35 
7 36 
22 36 
7 41 
22 41 
22 42 
7 42 
6 41 
6 36 
6 35 
16 41 
16 42 
6 42 
6 5 
6 24 
6 4 
22 4 
7 4 
7 24 
22 24 
7 5 
22 5 
10 5 
10 24 
10 4 
11 4 
11 24 
11 5 
21 5 
8 24 
21 4 
21 24 
8 5 
12 5 
20 24 
20 4 
9 4 
9 24 
9 5 
20 5 
12 24 
12 4 
8 3 
21 23 
8 2 
20 2 
20 23 
9 23 
9 2 
9 3 
12 2 
12 23 
12 26 
12 27 
12 31 
12 30 
12 29 
12 28 
20 28 
9 28 
9 29 
9 30 
9 31 
20 30 
20 29 
20 31 
12 32 
20 33 
8 26 
8 23 
21 2 
11 2 
11 23 
11 1 
21 1 
8 1 
8 0 
21 0 
11 0 
11 25 
21 25 
8 43 
12 19 
12 17 
20 17 
9 17 
20 19 
9 19 
9 6 
20 6 
12 6 
12 22 
12 7 
20 7 
20 22 
9 7 
9 22 
9 10 
20 10 
12 10 
12 11 
20 11 
9 21 
20 8 
20 21 
9 8 
9 12 
9 20 
20 12 
8 12 
11 21 
11 8 
21 12 
11 9 
8 21 
7 15 
22 15 
6 15 
6 13 
7 13 
22 13 
15 13 
14 13 
14 15 
14 22 
14 7 
14 6 
14 16 
14 19 
15 16 
13 16 
13 19 
13 17 
13 28 
13 29 
13 31 
13 27 
13 26 
13 23 
13 2 
15 2 
15 23 
15 26 
15 27 
15 32 
15 31 
15 30 
13 30 
15 28 
15 17 
15 19 
14 17 
14 28 
14 29 
14 30 
14 31 
14 27 
14 32 
13 32 
13 33 
13 34 
13 35 
13 36 
13 41 
13 42 
15 42 
15 41 
15 36 
14 34 
14 33 
14 35 
15 33 
15 34 
15 35 
22 33 
7 33 
6 33 
6 34 
10 26 
10 27 
10 32 
10 31 
10 30 
10 28 
11 29 
11 30 
11 31 
10 29 
11 28 
11 17 
21 28 
10 17 
10 19 
11 19 
22 19 
16 19 
16 43 
16 37 
16 38 
16 26 
6 31 
7 26 
7 23 
7 2 
22 2 
22 23 
22 26 
7 38 
22 38 
7 37 
7 43 
22 43 
22 37 
10 38 
10 37 
10 43 
10 25 
10 0 
22 0 
7 0 
7 25 
22 25 
15 0 
13 1 
13 0 
13 25 
13 43 
13 37 
13 38 
13 39 
13 40 
15 39 
15 40 
22 39 
7 40 
22 40 
7 39 
6 23 
6 2 
6 3 
22 3 
7 3 
10 2 
11 3 
21 3 
10 3 
10 23 
10 39 
10 40 
11 39 
11 26 
11 38 
11 37 
11 43 
21 37 
8 37 
21 43 
8 25 
20 0 
9 0 
9 25 
20 25 
12 0 
12 25 
12 43 
12 37 
12 38 
20 37 
20 43 
9 37 
9 43 
9 38 
20 38 
9 39 
9 40 
12 39 
12 40 
20 40 
21 39 
8 39 
21 26 
8 38 
12 1 
20 1 
9 1 
21 38 
10 1 
22 1 
7 1 
6 1 
16 0 
16 25 
19 1 
17 0 
28 0 
29 0 
30 0 
31 0 
30 25 
29 25 
28 25 
17 25 
19 0 
19 25 
19 43 
19 37 
19 38 
19 26 
17 39 
28 39 
29 39 
30 39 
31 39 
30 40 
29 40 
28 40 
17 40 
19 39 
19 40 
16 39 
6 39 
19 3 
17 3 
17 24 
17 4 
19 4 
19 24 
17 5 
19 5 
16 5 
16 24 
16 4 
16 3 
15 1 
14 0 
14 25 
14 43 
14 37 
14 38 
14 23 
14 2 
14 3 
14 24 
14 4 
15 3 
13 3 
13 4 
13 24 
13 5 
15 5 
15 24 
14 5 
15 4 
14 41 
14 36 
14 40 
14 39 
14 1 
15 38 
15 37 
15 43 
15 25 
14 26 
15 29 
7 19 
16 29 
19 17 
28 29 
28 31 
30 33 
31 33 
1 31 
1 30 
1 29 
25 31 
25 38 
43 37 
27 32 
39 35 
39 36 
38 18 
37 18 
43 18 
28 18 
29 18 
30 18 
31 18 
39 18 
40 18 
41 36 
42 35 
3 20 
3 12 
4 8 
42 21 
42 12 
40 8 
40 21 
40 11 
40 6 
40 16 
42 19 
18 6 
20 16 
9 16 
12 16 
18 7 
18 22 
18 10 
18 11 
18 21 
18 8 
18 12 
18 20 
18 9 
31 21 
17 18 
19 18 
16 18 
15 9 
15 20 
15 12 
15 21 
15 8 
13 8 
13 21 
13 11 
13 10 
15 10 
15 11 
14 10 
14 11 
14 21 
14 8 
14 12 
14 20 
14 9 
13 9 
13 12 
13 20 
13 18 
15 18 
14 18 
14 42 
18 0 
18 25 
42 1 
40 31 
5 1 
42 42 
;
ROBOT MOVING BEST:
0 0 
1 1 
1 1 
1 1 
1 1 
1 1 
1 1 
1 1 
1 1 
1 1 
1 1 
1 1 
1 1 
1 1 
1 1 
1 1 
1 1 
1 1 
1 1 
1 1 
1 1 
1 1 
1 1 
1 1 
1 1 
1 1 
1 1 
1 1 
1 1 
1 1 
1 1 
1 1 
1 1 
1 1 
1 1 
1 1 
1 1 
1 1 
1 1 
1 1 
1 1 
1 1 
1 1 
1 1 
1 1 
1 1 
1 1 
1 1 
1 1 
1 1 
1 1 
1 1 
1 1 
1 1 
1 1 
1 1 
1 1 
1 1 
1 1 
1 1 
1 1 
1 1 
1 1 
1 1 
1 1 
1 1 
1 1 
1 1 
1 1 
1 1 
1 1 
1 1 
1 1 
1 1 
1 1 
1 1 
1 1 
1 1 
1 1 
1 1 
1 1 
1 1 
1 1 
1 1 
1 1 
1 1 
1 1 
1 1 
1 1 
1 1 
1 1 
1 1 
1 1 
1 1 
1 1 
1 1 
1 1 
1 1 
1 1 
1 1 
1 1 
1 1 
1 1 
1 1 
1 1 
1 1 
1 1 
1 1 
1 1 
1 1 
1 1 
1 1 
1 1 
1 1 
1 1 
1 1 
1 1 
1 1 
1 1 
1 1 
1 1 
1 1 
1 1 
1 1 
1 1 
1 1 
1 1 
1 1 
1 1 
1 1 
1 1 
1 1 
1 1 
1 1 
1 1 
1 1 
1 1 
1 1 
1 1 
1 1 
1 1 
1 1 
1 1 
1 1 
1 1 
1 1 
1 1 
1 1 
1 1 
1 1 
1 1 
1 1 
1 1 
1 1 
1 1 
1 1 
1 1 
1 1 
1 1 
1 1 
1 1 
1 1 
1 1 
1 1 
1 1 
1 1 
1 1 
1 1 
1 1 
1 1 
1 1 
1 1 
1 1 
1 1 
1 1 
1 1 
1 1 
1 1 
1 1 
1 1 
1 1 
1 1 
1 1 
1 1 
1 1 
1 1 
1 1 
1 1 
1 1 
1 1 
1 1 
1 1 
1 1 
1 1 
1 1 
1 1 
1 1 
1 1 
1 1 
1 1 
1 1 
1 1 
1 1 
1 1 
1 1 
1 1 
1 1 
1 1 
1 1 
1 1 
1 1 
1 1 
1 1 
1 1 
1 1 
1 1 
1 1 
1 1 
1 1 
1 1 
1 1 
1 1 
1 1 
1 1 
1 1 
1 1 
1 1 
1 1 
1 1 
1 1 
1 1 
1 1 
1 1 
1 1 
1 1 
1 1 
1 1 
1 1 
1 1 
1 1 
1 1 
1 1 
1 1 
1 1 
1 1 
1 1 
1 1 
1 1 
1 1 
1 1 
1 1 
1 1 
1 1 
1 1 
1 1 
1 1 
1 1 
1 1 
1 1 
1 1 
1 1 
1 1 
1 1 
1 1 
1 1 
1 1 
1 1 
1 1 
1 1 
1 1 
1 1 
1 1 
1 1 
1 1 
1 1 
1 1 
1 1 
1 1 
1 1 
1 1 
1 1 
1 1 
1 1 
1 1 
1 1 
1 1 
1 1 
1 1 
1 1 
1 1 
1 1 
1 1 
1 1 
1 1 
1 1 
1 1 
1 1 
1 1 
1 1 
1 1 
1 1 
1 1 
1 1 
1 1 
1 1 
1 1 
1 1 
1 1 
1 1 
1 1 
1 1 
1 1 
1 1 
1 1 
1 1 
1 1 
1 1 
1 1 
1 1 
1 1 
1 1 
1 1 
1 1 
1 1 
1 1 
1 1 
1 1 
1 1 
1 1 
1 1 
1 1 
1 1 
1 1 
1 1 
1 1 
1 1 
1 1 
1 1 
1 1 
1 1 
1 1 
1 1 
1 1 
1 1 
1 1 
1 1 
1 1 
1 1 
1 1 
1 1 
1 1 
1 1 
1 1 
1 1 
1 1 
1 1 
1 1 
1 1 
1 1 
1 1 
1 1 
1 1 
1 1 
1 1 
1 1 
1 1 
1 1 
1 1 
1 1 
1 1 
1 1 
1 1 
1 1 
1 1 
1 1 
1 1 
1 1 
1 1 
1 1 
1 1 
1 1 
1 1 
1 1 
1 1 
1 1 
1 1 
1 1 
1 1 
1 1 
1 1 
1 1 
1 1 
1 1 
1 1 
1 1 
1 1 
1 1 
1 1 
1 1 
1 1 
1 1 
1 1 
1 1 
1 1 
1 1 
1 1 
1 1 
1 1 
1 1 
1 1 
1 1 
1 1 
1 1 
1 1 
1 1 
1 1 
1 1 
1 1 
1 1 
1 1 
1 1 
1 1 
1 1 
1 1 
1 1 
1 1 
1 1 
1 1 
1 1 
1 1 
1 1 
1 1 
1 1 
1 1 
1 1 
1 1 
1 1 
1 1 
1 1 
1 1 
1 1 
1 1 
1 1 
1 1 
1 1 
1 1 
1 1 
1 1 
1 1 
1 1 
1 1 
1 1 
1 1 
1 1 
1 1 
1 1 
1 1 
1 1 
1 1 
1 1 
1 1 
1 1 
1 1 
1 1 
1 1 
1 1 
1 1 
1 1 
1 1 
1 1 
1 1 
1 1 
1 1 
1 1 
1 1 
1 1 
1 1 
1 1 
1 1 
1 1 
1 1 
1 1 
1 1 
1 1 
1 1 
1 1 
1 1 
1 1 
1 1 
1 1 
1 1 
1 1 
1 1 
1 1 
1 1 
1 1 
1 1 
1 1 
1 1 
1 1 
1 1 
1 1 
1 1 
1 1 
1 1 
1 1 
1 1 
1 1 
1 1 
1 1 
1 1 
1 1 
1 1 
1 1 
1 1 
1 1 
1 1 
1 1 
1 1 
1 1 
1 1 
1 1 
1 1 
1 1 
1 1 
1 1 
1 1 
1 1 
1 1 
1 1 
1 1 
1 1 
1 1 
1 1 
1 1 
1 1 
1 1 
1 1 
1 1 
1 1 
1 1 
1 1 
1 1 
1 1 
1 1 
1 1 
1 1 
1 1 
1 1 
1 1 
1 1 
1 1 
1 1 
1 1 
1 1 
1 1 
1 1 
1 1 
1 1 
1 1 
1 1 
1 1 
1 1 
1 1 
1 1 
1 1 
1 1 
1 1 
1 1 
1 1 
1 1 
1 1 
1 1 
1 1 
1 1 
1 1 
1 1 
1 1 
1 1 
1 1 
1 1 
1 1 
1 1 
1 1 
1 1 
1 1 
1 1 
1 1 
1 1 
1 1 
1 1 
1 1 
1 1 
1 1 
1 1 
1 1 
1 1 
1 1 
1 1 
1 1 
1 1 
1 1 
1 1 
1 1 
1 1 
1 1 
1 1 
1 1 
1 1 
1 1 
1 1 
1 1 
1 1 
1 1 
1 1 
1 1 
1 1 
1 1 
1 1 
1 1 
1 1 
1 1 
1 1 
1 1 
1 1 
1 1 
1 1 
1 1 
1 1 
1 1 
1 1 
1 1 
1 1 
1 1 
1 1 
1 1 
1 1 
1 1 
1 1 
1 1 
1 1 
1 1 
1 1 
1 1 
1 1 
1 1 
1 1 
1 1 
1 1 
1 1 
1 1 
1 1 
1 1 
1 1 
1 1 
1 1 
1 1 
1 1 
1 1 
1 1 
1 1 
1 1 
1 1 
1 1 
1 1 
1 1 
1 1 
1 1 
1 1 
1 1 
1 1 
1 1 
1 1 
1 1 
1 1 
1 1 
1 1 
1 1 
1 1 
1 1 
1 1 
1 1 
1 1 
1 1 
1 1 
1 1 
1 1 
1 1 
1 1 
1 1 
1 1 
1 1 
1 1 
1 1 
1 1 
1 1 
1 1 
1 1 
1 1 
1 1 
1 1 
1 1 
1 1 
1 1 
1 1 
1 1 
1 1 
1 1 
1 1 
1 1 
1 1 
1 1 
1 1 
1 1 
1 1 
1 1 
1 1 
1 1 
1 1 
1 1 
1 1 
1 1 
1 1 
1 1 
1 1 
1 1 
1 1 
1 1 
1 1 
1 1 
1 1 
1 1 
1 1 
1 1 
1 1 
1 1 
1 1 
1 1 
1 1 
1 1 
1 1 
1 1 
1 1 
1 1 
1 1 
1 1 
1 1 
1 1 
1 1 
1 1 
1 1 
1 1 
1 1 
1 1 
1 1 
1 1 
1 1 
1 1 
1 1 
1 1 
1 1 
1 1 
1 1 
1 1 
1 1 
1 1 
1 1 
1 1 
1 1 
1 1 
1 1 
1 1 
1 1 
1 1 
1 1 
1 1 
1 1 
1 1 
1 1 
1 1 
1 1 
1 1 
1 1 
1 1 
1 1 
1 1 
1 1 
1 1 
1 1 
1 1 
1 1 
1 1 
1 1 
1 1 
1 1 
1 1 
1 1 
1 1 
1 1 
1 1 
1 1 
1 1 
1 1 
1 1 
1 1 
1 1 
1 1 
1 1 
1 1 
1 1 
1 1 
1 1 
1 1 
1 1 
1 1 
1 1 
1 1 
1 1 
1 1 
1 1 
1 1 
1 1 
1 1 
1 1 
1 1 
1 1 
1 1 
1 1 
1 1 
1 1 
1 1 
1 1 
1 1 
1 1 
1 1 
1 1 
1 1 
1 1 
1 1 
1 1 
1 1 
1 1 
1 1 
1 1 
1 1 
1 1 
1 1 
1 1 
1 1 
1 1 
1 1 
1 1 
1 1 
1 1 
1 1 
1 1 
1 1 
1 1 
1 1 
1 1 
1 1 
1 1 
1 1 
1 1 
1 1 
1 1 
1 1 
1 1 
1 1 
1 1 
1 1 
1 1 
1 1 
1 1 
1 1 
1 1 
1 1 
1 1 
1 1 
1 1 
1 1 
1 1 
1 1 
1 1 
1 1 
1 1 
1 1 
1 1 
1 1 
1 1 
1 1 
1 1 
1 1 
1 1 
1 1 
1 1 
1 1 
1 1 
1 1 
1 1 
1 1 
1 1 
1 1 
1 1 
1 1 
1 1 
1 1 
1 1 
1 1 
1 1 
1 1 
1 1 
1 1 
1 1 
1 1 
1 1 
1 1 
1 1 
1 1 
1 1 
1 1 
1 1 
1 1 
1 1 
1 1 
1 1 
1 1 
1 1 
1 1 
1 1 
1 1 
1 1 
1 1 
1 1 
1 1 
1 1 
1 1 
1 1 
1 1 
1 1 
1 1 
1 1 
1 1 
1 1 
1 1 
1 1 
1 1 
1 1 
;
TIMETABLE BEST: 
0.0 0.0 
10.0 10.0 
19.0 19.0 
29.0 29.0 
37.0 37.0 
46.0 46.0 
55.0 55.0 
61.0 61.0 
68.0 68.0 
76.0 76.0 
83.0 83.0 
92.0 92.0 
99.0 99.0 
107.0 107.0 
114.0 114.0 
120.0 120.0 
130.0 130.0 
136.0 136.0 
145.0 145.0 
154.0 154.0 
172.0 172.0 
178.0 178.0 
186.0 186.0 
192.0 192.0 
199.0 199.0 
206.0 206.0 
212.0 212.0 
221.0 221.0 
228.0 228.0 
236.0 236.0 
245.0 245.0 
253.0 253.0 
261.0 261.0 
268.0 268.0 
276.0 276.0 
283.0 283.0 
293.0 293.0 
300.0 300.0 
308.0 308.0 
317.0 317.0 
325.0 325.0 
332.0 332.0 
342.0 342.0 
349.0 349.0 
357.0 357.0 
375.0 375.0 
382.0 382.0 
390.0 390.0 
403.0 403.0 
410.0 410.0 
418.0 418.0 
431.0 431.0 
438.0 438.0 
446.0 446.0 
453.0 453.0 
460.0 460.0 
467.0 467.0 
475.0 475.0 
483.0 483.0 
491.0 491.0 
498.0 498.0 
506.0 506.0 
518.0 518.0 
525.0 525.0 
536.0 536.0 
543.0 543.0 
551.0 551.0 
562.0 562.0 
578.0 578.0 
587.0 587.0 
593.0 593.0 
602.0 602.0 
608.0 608.0 
618.0 618.0 
624.0 624.0 
635.0 635.0 
645.0 645.0 
654.0 654.0 
664.0 664.0 
674.0 674.0 
690.0 690.0 
699.0 699.0 
709.0 709.0 
717.0 717.0 
726.0 726.0 
735.0 735.0 
741.0 741.0 
748.0 748.0 
756.0 756.0 
763.0 763.0 
773.0 773.0 
781.0 781.0 
788.0 788.0 
794.0 794.0 
801.0 801.0 
807.0 807.0 
815.0 815.0 
821.0 821.0 
828.0 828.0 
835.0 835.0 
841.0 841.0 
849.0 849.0 
855.0 855.0 
863.0 863.0 
871.0 871.0 
879.0 879.0 
887.0 887.0 
896.0 896.0 
902.0 902.0 
911.0 911.0 
920.0 920.0 
929.0 929.0 
938.0 938.0 
946.0 946.0 
956.0 956.0 
964.0 964.0 
973.0 973.0 
982.0 982.0 
988.0 988.0 
998.0 998.0 
1006.0 1006.0 
1015.0 1015.0 
1023.0 1023.0 
1030.0 1030.0 
1038.0 1038.0 
1045.0 1045.0 
1053.0 1053.0 
1060.0 1060.0 
1068.0 1068.0 
1076.0 1076.0 
1084.0 1084.0 
1093.0 1093.0 
1099.0 1099.0 
1107.0 1107.0 
1115.0 1115.0 
1121.0 1121.0 
1128.0 1128.0 
1134.0 1134.0 
1140.0 1140.0 
1146.0 1146.0 
1155.0 1155.0 
1161.0 1161.0 
1170.0 1170.0 
1176.0 1176.0 
1184.0 1184.0 
1190.0 1190.0 
1201.0 1201.0 
1209.0 1209.0 
1219.0 1219.0 
1229.0 1229.0 
1242.0 1242.0 
1251.0 1251.0 
1257.0 1257.0 
1267.0 1267.0 
1274.0 1274.0 
1280.0 1280.0 
1289.0 1289.0 
1299.0 1299.0 
1315.0 1315.0 
1322.0 1322.0 
1330.0 1330.0 
1337.0 1337.0 
1345.0 1345.0 
1353.0 1353.0 
1360.0 1360.0 
1367.0 1367.0 
1375.0 1375.0 
1381.0 1381.0 
1390.0 1390.0 
1399.0 1399.0 
1405.0 1405.0 
1412.0 1412.0 
1420.0 1420.0 
1427.0 1427.0 
1441.0 1441.0 
1447.0 1447.0 
1456.0 1456.0 
1465.0 1465.0 
1473.0 1473.0 
1495.0 1495.0 
1510.0 1510.0 
1517.0 1517.0 
1525.0 1525.0 
1532.0 1532.0 
1538.0 1538.0 
1547.0 1547.0 
1556.0 1556.0 
1564.0 1564.0 
1574.0 1574.0 
1583.0 1583.0 
1593.0 1593.0 
1611.0 1611.0 
1619.0 1619.0 
1632.0 1632.0 
1646.0 1646.0 
1665.0 1665.0 
1674.0 1674.0 
1690.0 1690.0 
1701.0 1701.0 
1709.0 1709.0 
1717.0 1717.0 
1724.0 1724.0 
1739.0 1739.0 
1753.0 1753.0 
1763.0 1763.0 
1774.0 1774.0 
1780.0 1780.0 
1789.0 1789.0 
1802.0 1802.0 
1810.0 1810.0 
1817.0 1817.0 
1825.0 1825.0 
1832.0 1832.0 
1838.0 1838.0 
1847.0 1847.0 
1856.0 1856.0 
1867.0 1867.0 
1875.0 1875.0 
1885.0 1885.0 
1894.0 1894.0 
1904.0 1904.0 
1915.0 1915.0 
1925.0 1925.0 
1933.0 1933.0 
1940.0 1940.0 
1954.0 1954.0 
1973.0 1973.0 
1980.0 1980.0 
1988.0 1988.0 
1995.0 1995.0 
2001.0 2001.0 
2010.0 2010.0 
2021.0 2021.0 
2030.0 2030.0 
2038.0 2038.0 
2048.0 2048.0 
2057.0 2057.0 
2066.0 2066.0 
2079.0 2079.0 
2087.0 2087.0 
2095.0 2095.0 
2103.0 2103.0 
2111.0 2111.0 
2121.0 2121.0 
2129.0 2129.0 
2137.0 2137.0 
2146.0 2146.0 
2154.0 2154.0 
2162.0 2162.0 
2171.0 2171.0 
2180.0 2180.0 
2190.0 2190.0 
2199.0 2199.0 
2209.0 2209.0 
2219.0 2219.0 
2228.0 2228.0 
2236.0 2236.0 
2244.0 2244.0 
2262.0 2262.0 
2270.0 2270.0 
2277.0 2277.0 
2286.0 2286.0 
2293.0 2293.0 
2301.0 2301.0 
2308.0 2308.0 
2316.0 2316.0 
2323.0 2323.0 
2331.0 2331.0 
2339.0 2339.0 
2351.0 2351.0 
2371.0 2371.0 
2383.0 2383.0 
2402.0 2402.0 
2411.0 2411.0 
2417.0 2417.0 
2428.0 2428.0 
2438.0 2438.0 
2445.0 2445.0 
2455.0 2455.0 
2462.0 2462.0 
2472.0 2472.0 
2480.0 2480.0 
2489.0 2489.0 
2495.0 2495.0 
2505.0 2505.0 
2511.0 2511.0 
2522.0 2522.0 
2536.0 2536.0 
2546.0 2546.0 
2557.0 2557.0 
2563.0 2563.0 
2572.0 2572.0 
2582.0 2582.0 
2589.0 2589.0 
2595.0 2595.0 
2602.0 2602.0 
2610.0 2610.0 
2618.0 2618.0 
2624.0 2624.0 
2632.0 2632.0 
2640.0 2640.0 
2649.0 2649.0 
2657.0 2657.0 
2665.0 2665.0 
2672.0 2672.0 
2687.0 2687.0 
2698.0 2698.0 
2712.0 2712.0 
2723.0 2723.0 
2733.0 2733.0 
2744.0 2744.0 
2758.0 2758.0 
2765.0 2765.0 
2775.0 2775.0 
2782.0 2782.0 
2790.0 2790.0 
2798.0 2798.0 
2807.0 2807.0 
2813.0 2813.0 
2823.0 2823.0 
2829.0 2829.0 
2842.0 2842.0 
2851.0 2851.0 
2858.0 2858.0 
2864.0 2864.0 
2873.0 2873.0 
2882.0 2882.0 
2890.0 2890.0 
2900.0 2900.0 
2916.0 2916.0 
2937.0 2937.0 
2944.0 2944.0 
2958.0 2958.0 
2968.0 2968.0 
2978.0 2978.0 
2986.0 2986.0 
2996.0 2996.0 
3004.0 3004.0 
3015.0 3015.0 
3022.0 3022.0 
3028.0 3028.0 
3035.0 3035.0 
3050.0 3050.0 
3056.0 3056.0 
3077.0 3077.0 
3086.0 3086.0 
3094.0 3094.0 
3102.0 3102.0 
3123.0 3123.0 
3133.0 3133.0 
3145.0 3145.0 
3152.0 3152.0 
3166.0 3166.0 
3173.0 3173.0 
3183.0 3183.0 
3197.0 3197.0 
3207.0 3207.0 
3218.0 3218.0 
3224.0 3224.0 
3233.0 3233.0 
3241.0 3241.0 
3248.0 3248.0 
3254.0 3254.0 
3266.0 3266.0 
3272.0 3272.0 
3278.0 3278.0 
3284.0 3284.0 
3291.0 3291.0 
3297.0 3297.0 
3305.0 3305.0 
3311.0 3311.0 
3319.0 3319.0 
3325.0 3325.0 
3334.0 3334.0 
3340.0 3340.0 
3350.0 3350.0 
3356.0 3356.0 
3368.0 3368.0 
3378.0 3378.0 
3391.0 3391.0 
3399.0 3399.0 
3413.0 3413.0 
3421.0 3421.0 
3428.0 3428.0 
3434.0 3434.0 
3443.0 3443.0 
3452.0 3452.0 
3460.0 3460.0 
3470.0 3470.0 
3484.0 3484.0 
3493.0 3493.0 
3503.0 3503.0 
3511.0 3511.0 
3520.0 3520.0 
3529.0 3529.0 
3535.0 3535.0 
3542.0 3542.0 
3550.0 3550.0 
3558.0 3558.0 
3570.0 3570.0 
3579.0 3579.0 
3587.0 3587.0 
3595.0 3595.0 
3605.0 3605.0 
3619.0 3619.0 
3633.0 3633.0 
3643.0 3643.0 
3657.0 3657.0 
3671.0 3671.0 
3685.0 3685.0 
3691.0 3691.0 
3704.0 3704.0 
3717.0 3717.0 
3727.0 3727.0 
3734.0 3734.0 
3748.0 3748.0 
3755.0 3755.0 
3765.0 3765.0 
3777.0 3777.0 
3783.0 3783.0 
3793.0 3793.0 
3799.0 3799.0 
3806.0 3806.0 
3812.0 3812.0 
3825.0 3825.0 
3832.0 3832.0 
3842.0 3842.0 
3855.0 3855.0 
3861.0 3861.0 
3874.0 3874.0 
3886.0 3886.0 
3892.0 3892.0 
3909.0 3909.0 
3929.0 3929.0 
3936.0 3936.0 
3948.0 3948.0 
3955.0 3955.0 
3965.0 3965.0 
3974.0 3974.0 
3981.0 3981.0 
3989.0 3989.0 
3996.0 3996.0 
4004.0 4004.0 
4011.0 4011.0 
4017.0 4017.0 
4024.0 4024.0 
4030.0 4030.0 
4039.0 4039.0 
4046.0 4046.0 
4055.0 4055.0 
4062.0 4062.0 
4070.0 4070.0 
4077.0 4077.0 
4091.0 4091.0 
4099.0 4099.0 
4108.0 4108.0 
4118.0 4118.0 
4124.0 4124.0 
4131.0 4131.0 
4139.0 4139.0 
4148.0 4148.0 
4155.0 4155.0 
4161.0 4161.0 
4170.0 4170.0 
4179.0 4179.0 
4187.0 4187.0 
4196.0 4196.0 
4204.0 4204.0 
4214.0 4214.0 
4223.0 4223.0 
4232.0 4232.0 
4241.0 4241.0 
4251.0 4251.0 
4260.0 4260.0 
4270.0 4270.0 
4279.0 4279.0 
4292.0 4292.0 
4299.0 4299.0 
4308.0 4308.0 
4318.0 4318.0 
4328.0 4328.0 
4338.0 4338.0 
4347.0 4347.0 
4357.0 4357.0 
4370.0 4370.0 
4380.0 4380.0 
4389.0 4389.0 
4399.0 4399.0 
4407.0 4407.0 
4416.0 4416.0 
4429.0 4429.0 
4435.0 4435.0 
4444.0 4444.0 
4453.0 4453.0 
4461.0 4461.0 
4477.0 4477.0 
4483.0 4483.0 
4491.0 4491.0 
4497.0 4497.0 
4507.0 4507.0 
4513.0 4513.0 
4522.0 4522.0 
4528.0 4528.0 
4538.0 4538.0 
4544.0 4544.0 
4558.0 4558.0 
4567.0 4567.0 
4577.0 4577.0 
4596.0 4596.0 
4606.0 4606.0 
4620.0 4620.0 
4638.0 4638.0 
4646.0 4646.0 
4653.0 4653.0 
4665.0 4665.0 
4671.0 4671.0 
4678.0 4678.0 
4684.0 4684.0 
4692.0 4692.0 
4698.0 4698.0 
4711.0 4711.0 
4719.0 4719.0 
4726.0 4726.0 
4739.0 4739.0 
4746.0 4746.0 
4754.0 4754.0 
4764.0 4764.0 
4772.0 4772.0 
4779.0 4779.0 
4786.0 4786.0 
4794.0 4794.0 
4808.0 4808.0 
4818.0 4818.0 
4825.0 4825.0 
4834.0 4834.0 
4841.0 4841.0 
4849.0 4849.0 
4858.0 4858.0 
4868.0 4868.0 
4875.0 4875.0 
4889.0 4889.0 
4902.0 4902.0 
4909.0 4909.0 
4923.0 4923.0 
4930.0 4930.0 
4939.0 4939.0 
4946.0 4946.0 
4960.0 4960.0 
4977.0 4977.0 
4984.0 4984.0 
4992.0 4992.0 
4999.0 4999.0 
5006.0 5006.0 
5014.0 5014.0 
5022.0 5022.0 
5031.0 5031.0 
5041.0 5041.0 
5050.0 5050.0 
5059.0 5059.0 
5067.0 5067.0 
5075.0 5075.0 
5084.0 5084.0 
5092.0 5092.0 
5104.0 5104.0 
5117.0 5117.0 
5127.0 5127.0 
5145.0 5145.0 
5153.0 5153.0 
5160.0 5160.0 
5170.0 5170.0 
5177.0 5177.0 
5187.0 5187.0 
5197.0 5197.0 
5204.0 5204.0 
5218.0 5218.0 
5225.0 5225.0 
5235.0 5235.0 
5245.0 5245.0 
5255.0 5255.0 
5266.0 5266.0 
5284.0 5284.0 
5296.0 5296.0 
5306.0 5306.0 
5315.0 5315.0 
5327.0 5327.0 
5336.0 5336.0 
5356.0 5356.0 
5365.0 5365.0 
5375.0 5375.0 
5387.0 5387.0 
5393.0 5393.0 
5403.0 5403.0 
5409.0 5409.0 
5418.0 5418.0 
5424.0 5424.0 
5437.0 5437.0 
5446.0 5446.0 
5456.0 5456.0 
5469.0 5469.0 
5479.0 5479.0 
5489.0 5489.0 
5498.0 5498.0 
5505.0 5505.0 
5514.0 5514.0 
5528.0 5528.0 
5538.0 5538.0 
5548.0 5548.0 
5562.0 5562.0 
5579.0 5579.0 
5586.0 5586.0 
5600.0 5600.0 
5617.0 5617.0 
5637.0 5637.0 
5664.0 5664.0 
5670.0 5670.0 
5682.0 5682.0 
5696.0 5696.0 
5710.0 5710.0 
5716.0 5716.0 
5729.0 5729.0 
5743.0 5743.0 
5757.0 5757.0 
5770.0 5770.0 
5776.0 5776.0 
5790.0 5790.0 
5804.0 5804.0 
5818.0 5818.0 
5832.0 5832.0 
5846.0 5846.0 
5860.0 5860.0 
5872.0 5872.0 
5882.0 5882.0 
5891.0 5891.0 
5903.0 5903.0 
5910.0 5910.0 
5917.0 5917.0 
5925.0 5925.0 
5932.0 5932.0 
5946.0 5946.0 
5953.0 5953.0 
5961.0 5961.0 
5968.0 5968.0 
5974.0 5974.0 
5987.0 5987.0 
5995.0 5995.0 
6009.0 6009.0 
6023.0 6023.0 
6033.0 6033.0 
6045.0 6045.0 
6059.0 6059.0 
6069.0 6069.0 
6078.0 6078.0 
6086.0 6086.0 
6094.0 6094.0 
6101.0 6101.0 
6107.0 6107.0 
6125.0 6125.0 
6134.0 6134.0 
6143.0 6143.0 
6151.0 6151.0 
6161.0 6161.0 
6170.0 6170.0 
6180.0 6180.0 
6194.0 6194.0 
6204.0 6204.0 
6213.0 6213.0 
6227.0 6227.0 
6236.0 6236.0 
6249.0 6249.0 
6263.0 6263.0 
6272.0 6272.0 
6280.0 6280.0 
6293.0 6293.0 
6299.0 6299.0 
6313.0 6313.0 
6322.0 6322.0 
6345.0 6345.0 
6352.0 6352.0 
6358.0 6358.0 
6371.0 6371.0 
6379.0 6379.0 
6392.0 6392.0 
6405.0 6405.0 
6413.0 6413.0 
6421.0 6421.0 
6434.0 6434.0 
6447.0 6447.0 
6457.0 6457.0 
6467.0 6467.0 
6480.0 6480.0 
6492.0 6492.0 
6505.0 6505.0 
6521.0 6521.0 
6537.0 6537.0 
6555.0 6555.0 
6561.0 6561.0 
6570.0 6570.0 
6578.0 6578.0 
6592.0 6592.0 
6606.0 6606.0 
6614.0 6614.0 
6621.0 6621.0 
6627.0 6627.0 
6634.0 6634.0 
6642.0 6642.0 
6650.0 6650.0 
6656.0 6656.0 
6665.0 6665.0 
6671.0 6671.0 
6677.0 6677.0 
6683.0 6683.0 
6696.0 6696.0 
6705.0 6705.0 
6711.0 6711.0 
6722.0 6722.0 
6732.0 6732.0 
6745.0 6745.0 
6751.0 6751.0 
6761.0 6761.0 
6767.0 6767.0 
6780.0 6780.0 
6794.0 6794.0 
6808.0 6808.0 
6818.0 6818.0 
6829.0 6829.0 
6835.0 6835.0 
6844.0 6844.0 
6856.0 6856.0 
6867.0 6867.0 
6881.0 6881.0 
6892.0 6892.0 
6905.0 6905.0 
6916.0 6916.0 
6922.0 6922.0 
6933.0 6933.0 
6947.0 6947.0 
6954.0 6954.0 
6968.0 6968.0 
6980.0 6980.0 
6986.0 6986.0 
7003.0 7003.0 
7017.0 7017.0 
7027.0 7027.0 
7040.0 7040.0 
7053.0 7053.0 
7063.0 7063.0 
7074.0 7074.0 
7087.0 7087.0 
7095.0 7095.0 
7103.0 7103.0 
7112.0 7112.0 
7118.0 7118.0 
7128.0 7128.0 
7135.0 7135.0 
7142.0 7142.0 
7153.0 7153.0 
7167.0 7167.0 
7176.0 7176.0 
7186.0 7186.0 
7195.0 7195.0 
7205.0 7205.0 
7215.0 7215.0 
7226.0 7226.0 
7232.0 7232.0 
7241.0 7241.0 
7251.0 7251.0 
7257.0 7257.0 
7266.0 7266.0 
7272.0 7272.0 
7287.0 7287.0 
7296.0 7296.0 
7308.0 7308.0 
7319.0 7319.0 
7336.0 7336.0 
7347.0 7347.0 
7357.0 7357.0 
7370.0 7370.0 
7377.0 7377.0 
7385.0 7385.0 
7393.0 7393.0 
7411.0 7411.0 
7421.0 7421.0 
7430.0 7430.0 
7450.0 7450.0 
7468.0 7468.0 
7481.0 7481.0 
7487.0 7487.0 
7501.0 7501.0 
7515.0 7515.0 
7525.0 7525.0 
7541.0 7541.0 
7555.0 7555.0 
7565.0 7565.0 
7574.0 7574.0 
7582.0 7582.0 
7590.0 7590.0 
7600.0 7600.0 
7608.0 7608.0 
7617.0 7617.0 
7627.0 7627.0 
7639.0 7639.0 
7649.0 7649.0 
7660.0 7660.0 
7666.0 7666.0 
7675.0 7675.0 
7683.0 7683.0 
7695.0 7695.0 
7705.0 7705.0 
7714.0 7714.0 
7722.0 7722.0 
7730.0 7730.0 
7741.0 7741.0 
7749.0 7749.0 
7758.0 7758.0 
7768.0 7768.0 
7780.0 7780.0 
7791.0 7791.0 
7805.0 7805.0 
7819.0 7819.0 
7842.0 7842.0 
7854.0 7854.0 
7867.0 7867.0 
7874.0 7874.0 
7886.0 7886.0 
7893.0 7893.0 
7905.0 7905.0 
7917.0 7917.0 
7931.0 7931.0 
7939.0 7939.0 
7946.0 7946.0 
7960.0 7960.0 
7989.0 7989.0 
8003.0 8003.0 
8013.0 8013.0 
8024.0 8024.0 
8030.0 8030.0 
8039.0 8039.0 
8051.0 8051.0 
8058.0 8058.0 
8072.0 8072.0 
8085.0 8085.0 
8092.0 8092.0 
8106.0 8106.0 
8120.0 8120.0 
8134.0 8134.0 
8141.0 8141.0 
8149.0 8149.0 
8163.0 8163.0 
8171.0 8171.0 
8185.0 8185.0 
8200.0 8200.0 
8223.0 8223.0 
8232.0 8232.0 
8248.0 8248.0 
8259.0 8259.0 
8279.0 8279.0 
8297.0 8297.0 
8306.0 8306.0 
8312.0 8312.0 
8323.0 8323.0 
8347.0 8347.0 
8369.0 8369.0 
8388.0 8388.0 
8408.0 8408.0 
8423.0 8423.0 
8438.0 8438.0 
8450.0 8450.0 
8468.0 8468.0 
8476.0 8476.0 
8504.0 8504.0 
8512.0 8512.0 
8520.0 8520.0 
8536.0 8536.0 
8556.0 8556.0 
8567.0 8567.0 
8597.0 8597.0 
8615.0 8615.0 
8625.0 8625.0 
8643.0 8643.0 
8652.0 8652.0 
8658.0 8658.0 
8672.0 8672.0 
8681.0 8681.0 
8689.0 8689.0 
8697.0 8697.0 
8719.0 8719.0 
8730.0 8730.0 
8748.0 8748.0 
8758.0 8758.0 
8797.0 8797.0 
8807.0 8807.0 
8821.0 8821.0 
8846.0 8846.0 
8859.0 8859.0 
8878.0 8878.0 
8885.0 8885.0 
8895.0 8895.0 
8921.0 8921.0 
8935.0 8935.0 
8954.0 8954.0 
8981.0 8981.0 
9000.0 9000.0 
9009.0 9009.0 
9026.0 9026.0 
9055.0 9055.0 
9061.0 9061.0 
9074.0 9074.0 
9087.0 9087.0 
9097.0 9097.0 
9104.0 9104.0 
9118.0 9118.0 
9128.0 9128.0 
9137.0 9137.0 
9182.0 9182.0 
9214.0 9214.0 
9226.0 9226.0 
9240.0 9240.0 
9269.0 9269.0 
9278.0 9278.0 
9288.0 9288.0 
9301.0 9301.0 
9308.0 9308.0 
9322.0 9322.0 
9329.0 9329.0 
9339.0 9339.0 
9352.0 9352.0 
9366.0 9366.0 
9379.0 9379.0 
9393.0 9393.0 
9406.0 9406.0 
9416.0 9416.0 
9423.0 9423.0 
9437.0 9437.0 
9447.0 9447.0 
9456.0 9456.0 
9474.0 9474.0 
9491.0 9491.0 
9501.0 9501.0 
9520.0 9520.0 
9534.0 9534.0 
9548.0 9548.0 
9575.0 9575.0 
9638.0 9638.0 
9648.0 9648.0 
9675.0 9675.0 
9703.0 9703.0 
9731.0 9731.0 
9749.0 9775.0 
;
EXECUTION TIME HBSS: 2540.24214411 seconds 

-------------------------------------------------------------------
