DATFILE : offices1_3r_1000.dat
ENVIRONMENT : office
ALGORITHM : KUMAR3
RANGE : 1000
STARTING_POS : 42
N_ROBOTS : 3
KUMAR3 sumD / cardinality : 8956.0
CONFIGURATIONS :
42 42 42 
5 41 42 
24 36 42 
4 35 42 
24 35 41 
4 34 41 
4 33 36 
24 33 34 
5 33 35 
5 32 34 
5 27 36 
41 32 36 
40 32 35 
40 27 34 
40 26 33 
39 27 33 
39 26 32 
23 26 27 
23 38 32 
2 38 27 
2 37 32 
2 43 33 
23 37 33 
23 43 34 
26 37 34 
26 43 35 
27 37 35 
31 38 35 
30 38 34 
29 38 33 
29 39 34 
30 39 35 
29 23 35 
28 2 35 
28 23 36 
29 2 36 
30 2 41 
31 23 41 
31 2 42 
30 23 42 
29 26 42 
28 27 42 
17 32 42 
17 27 41 
17 26 36 
28 26 41 
28 38 40 
29 37 40 
30 43 40 
29 43 41 
31 43 36 
30 37 36 
31 37 18 
27 43 18 
32 25 18 
33 0 18 
34 1 18 
35 1 36 
34 0 36 
34 25 35 
33 25 41 
33 1 42 
32 1 24 
27 1 4 
32 0 4 
27 0 24 
26 0 5 
26 25 24 
23 25 4 
2 25 3 
23 0 3 
26 1 3 
39 1 23 
40 1 2 
39 0 2 
38 0 1 
37 25 1 
43 25 0 
37 28 0 
43 28 1 
19 29 1 
17 30 1 
17 29 0 
17 28 25 
17 19 43 
17 16 37 
19 16 38 
19 6 26 
19 22 27 
19 7 32 
16 7 27 
16 22 32 
16 6 33 
22 6 34 
7 6 35 
7 22 36 
7 10 41 
22 10 42 
7 11 42 
22 11 41 
6 11 36 
6 21 41 
6 8 42 
16 21 42 
16 8 41 
19 8 36 
19 21 35 
19 11 34 
17 11 35 
17 21 34 
17 8 33 
28 21 33 
28 8 32 
29 8 27 
29 21 32 
30 21 27 
30 8 26 
31 21 26 
31 8 39 
31 12 40 
28 12 39 
17 20 39 
17 9 23 
19 9 2 
19 20 23 
16 20 2 
16 12 23 
6 12 2 
6 20 3 
22 9 3 
7 9 24 
22 20 24 
7 20 4 
22 12 4 
10 12 24 
10 20 5 
11 9 5 
21 9 4 
21 8 24 
11 8 4 
11 21 3 
10 8 3 
10 21 23 
10 11 2 
22 21 2 
7 8 2 
22 8 23 
7 21 1 
15 8 1 
15 21 0 
15 11 25 
13 21 25 
13 8 0 
14 8 25 
14 21 43 
14 11 37 
14 10 38 
14 22 26 
14 7 23 
15 7 26 
15 22 38 
13 7 38 
13 22 37 
13 6 43 
15 6 37 
15 16 43 
13 16 28 
14 16 29 
14 6 30 
14 19 31 
15 19 30 
15 17 31 
15 28 29 
22 28 30 
7 28 31 
22 29 31 
7 29 30 
10 31 30 
11 31 27 
11 30 32 
10 27 32 
6 31 32 
16 31 34 
16 30 18 
6 29 18 
22 17 18 
10 28 18 
10 29 9 
11 29 20 
11 43 12 
21 37 12 
8 38 12 
21 38 20 
8 37 20 
8 43 9 
12 25 9 
12 0 20 
9 1 20 
9 26 18 
9 38 36 
9 37 41 
20 43 42 
12 19 42 
12 17 5 
12 29 3 
11 28 24 
10 17 4 
6 17 24 
6 28 4 
19 28 3 
19 37 24 
43 37 4 
43 38 24 
37 38 5 
43 39 5 
25 40 5 
23 40 24 
39 40 4 
39 41 3 
40 36 3 
42 34 3 
18 35 3 
18 36 39 
18 41 40 
9 42 40 
18 42 38 
18 5 23 
18 24 2 
5 4 2 
5 24 3 
38 4 3 
31 4 24 
31 1 5 
31 33 3 
43 32 3 
25 38 39 
0 19 40 
25 16 36 
0 16 35 
25 6 27 
37 7 39 
38 11 26 
19 10 39 
16 10 26 
16 11 39 
6 10 40 
15 10 36 
13 10 35 
13 11 33 
13 12 32 
13 20 27 
13 9 31 
15 9 27 
15 20 32 
15 12 33 
14 12 34 
14 20 35 
14 9 33 
6 9 39 
28 9 34 
30 20 33 
30 9 0 
31 20 25 
41 12 1 
41 14 0 
42 14 39 
24 15 39 
4 13 26 
24 13 30 
5 13 29 
5 14 28 
3 14 17 
2 13 17 
41 13 19 
42 13 15 
36 13 14 
40 15 14 
40 7 17 
2 15 23 
4 15 18 
12 7 18 
12 22 35 
20 7 34 
8 10 34 
8 15 35 
8 15 5 
21 22 5 
21 22 40 
21 22 39 
11 22 1 
11 22 0 
10 7 0 
10 7 25 
10 7 43 
10 6 1 
11 6 23 
11 16 40 
7 16 5 
7 16 3 
14 16 24 
14 16 4 
14 16 1 
22 19 25 
22 19 33 
10 37 33 
7 32 33 
14 32 27 
14 2 26 
13 23 39 
13 1 40 
15 38 41 
15 37 3 
13 27 3 
13 34 2 
13 18 19 
14 18 11 
8 18 21 
12 36 21 
20 40 8 
20 26 12 
18 28 20 
35 32 9 
41 36 20 
5 30 12 
5 19 6 
38 17 6 
0 31 6 
25 30 29 
4 30 29 
42 25 37 
42 0 37 
24 0 29 
3 0 30 
4 0 19 
4 43 22 
34 43 15 
27 43 12 
27 16 9 
42 42 42 
;

MOVING ROBOT :
0 0 0 
1 1 0 
1 1 0 
1 1 0 
1 0 1 
1 1 0 
0 1 1 
1 0 1 
1 0 1 
0 1 1 
0 1 1 
1 1 0 
1 0 1 
0 1 1 
0 1 1 
1 1 0 
0 1 1 
1 0 1 
0 1 1 
1 0 1 
0 1 1 
0 1 1 
1 1 0 
0 1 1 
1 1 0 
0 1 1 
1 1 0 
1 1 0 
1 0 1 
1 0 1 
0 1 1 
1 0 1 
1 1 0 
1 1 0 
0 1 1 
1 1 0 
1 0 1 
1 1 0 
0 1 1 
1 1 0 
1 1 0 
1 1 0 
1 1 0 
0 1 1 
0 1 1 
1 0 1 
0 1 1 
1 1 0 
1 1 0 
1 0 1 
1 0 1 
1 1 0 
1 0 1 
1 1 0 
1 1 0 
1 1 0 
1 1 0 
1 0 1 
1 1 0 
0 1 1 
1 0 1 
0 1 1 
1 0 1 
1 0 1 
1 1 0 
1 0 1 
1 0 1 
0 1 1 
1 0 1 
1 0 1 
1 1 0 
1 1 0 
1 0 1 
1 0 1 
1 1 0 
1 0 1 
1 1 0 
1 0 1 
1 1 0 
1 0 1 
1 1 0 
1 1 0 
0 1 1 
0 1 1 
0 1 1 
0 1 1 
1 0 1 
0 1 1 
0 1 1 
0 1 1 
1 0 1 
0 1 1 
0 1 1 
1 0 1 
1 0 1 
0 1 1 
0 1 1 
1 0 1 
1 1 0 
1 0 1 
1 0 1 
0 1 1 
0 1 1 
1 1 0 
0 1 1 
1 0 1 
0 1 1 
0 1 1 
1 0 1 
0 1 1 
0 1 1 
1 1 0 
0 1 1 
1 0 1 
0 1 1 
1 0 1 
0 1 1 
1 1 0 
0 1 1 
0 1 1 
1 0 1 
1 1 0 
0 1 1 
1 0 1 
0 1 1 
1 0 1 
0 1 1 
1 0 1 
0 1 1 
1 1 0 
1 0 1 
1 1 0 
1 0 1 
1 1 0 
1 0 1 
0 1 1 
1 1 0 
1 0 1 
0 1 1 
1 0 1 
0 1 1 
1 1 0 
0 1 1 
0 1 1 
1 1 0 
1 1 0 
1 0 1 
1 1 1 
1 1 0 
0 1 1 
0 1 1 
1 1 0 
0 1 1 
1 0 1 
0 1 1 
0 1 1 
0 1 1 
0 1 1 
0 1 1 
1 0 1 
0 1 1 
1 1 0 
0 1 1 
0 1 1 
1 0 1 
0 1 1 
1 0 1 
1 0 1 
0 1 1 
0 1 1 
1 0 1 
0 1 1 
0 1 1 
1 0 1 
1 0 1 
1 1 0 
1 0 1 
1 1 0 
1 0 1 
0 1 1 
1 1 0 
1 1 0 
1 0 1 
0 1 1 
1 1 0 
1 1 0 
1 1 0 
0 1 1 
1 0 1 
0 1 1 
1 1 0 
1 1 0 
1 0 1 
1 1 0 
0 1 1 
1 1 0 
0 1 1 
1 1 0 
0 1 1 
0 1 1 
0 1 1 
1 1 1 
1 1 0 
0 1 1 
0 1 1 
1 1 1 
1 1 1 
1 0 1 
0 1 1 
1 0 1 
0 1 1 
1 0 1 
0 1 1 
1 0 1 
1 1 0 
1 1 0 
1 0 1 
1 0 1 
0 1 1 
1 1 0 
1 1 0 
1 1 0 
0 1 1 
0 1 1 
1 1 0 
1 0 1 
0 1 1 
0 1 1 
1 1 0 
0 1 1 
1 1 0 
1 0 1 
0 1 1 
0 1 1 
1 1 0 
1 1 1 
1 1 1 
1 1 1 
1 0 1 
1 1 1 
1 1 1 
1 1 1 
1 1 1 
1 0 1 
0 1 1 
1 1 1 
1 0 1 
1 0 1 
0 1 1 
0 1 1 
0 1 1 
0 1 1 
1 0 1 
0 1 1 
0 1 1 
1 0 1 
0 1 1 
0 1 1 
1 0 1 
1 0 1 
1 1 1 
0 1 1 
1 1 1 
1 1 1 
0 1 1 
1 0 1 
1 1 0 
1 1 1 
1 0 1 
1 0 1 
0 1 1 
1 0 1 
1 1 0 
1 0 1 
1 0 1 
1 0 1 
1 1 0 
0 1 1 
1 1 1 
1 0 1 
1 1 0 
0 1 1 
1 1 1 
1 1 0 
0 1 1 
0 0 1 
1 1 0 
0 0 1 
0 0 1 
1 0 1 
0 0 1 
1 1 0 
0 0 1 
0 0 1 
0 1 1 
1 0 1 
0 1 1 
1 0 1 
0 0 1 
1 0 1 
0 0 1 
0 0 1 
1 1 1 
0 0 1 
1 1 0 
1 1 0 
1 0 1 
0 1 1 
1 1 1 
0 1 1 
1 1 1 
0 1 1 
1 1 0 
0 1 1 
0 1 1 
1 0 1 
1 0 1 
1 1 0 
1 1 1 
0 1 1 
1 1 1 
1 1 1 
1 1 1 
1 1 1 
0 1 1 
1 1 0 
1 1 0 
1 1 1 
1 0 0 
1 1 1 
0 1 0 
1 0 1 
1 0 1 
1 0 1 
0 1 1 
1 0 1 
1 0 1 
0 1 1 
1 1 1 
;
MEASURING ROBOT :
0 0 0 
1 1 1 
1 1 1 
1 1 1 
1 1 1 
1 1 1 
1 1 1 
1 1 1 
1 1 1 
1 1 1 
1 1 1 
1 1 1 
1 1 1 
1 1 1 
1 1 1 
1 1 1 
1 1 1 
1 1 1 
1 1 1 
1 1 1 
1 1 1 
1 1 1 
1 1 1 
1 1 1 
1 1 1 
1 1 1 
1 1 1 
1 1 1 
1 1 1 
1 1 1 
1 1 1 
1 1 1 
1 1 1 
1 1 1 
1 1 1 
1 1 1 
1 1 1 
1 1 1 
1 1 1 
1 1 1 
1 1 1 
1 1 1 
1 1 1 
1 1 1 
1 1 1 
1 1 1 
1 1 1 
1 1 1 
1 1 1 
1 1 1 
1 1 1 
1 1 1 
1 1 1 
1 1 1 
1 1 1 
1 1 1 
1 1 1 
1 1 1 
1 1 1 
1 1 1 
1 1 1 
1 1 1 
1 1 1 
1 1 1 
1 1 1 
1 1 1 
1 1 1 
1 1 1 
1 1 1 
1 1 1 
1 1 1 
1 1 1 
1 1 1 
1 1 1 
1 1 1 
1 1 1 
1 1 1 
1 1 1 
1 1 1 
1 1 1 
1 1 1 
1 1 1 
1 1 1 
1 1 1 
1 1 1 
1 1 1 
1 1 1 
1 1 1 
1 1 1 
1 1 1 
1 1 1 
1 1 1 
1 1 1 
1 1 1 
1 1 1 
1 1 1 
1 1 1 
1 1 1 
1 1 1 
1 1 1 
1 1 1 
1 1 1 
1 1 1 
1 1 1 
1 1 1 
1 1 1 
1 1 1 
1 1 1 
1 1 1 
1 1 1 
1 1 1 
1 1 1 
1 1 1 
1 1 1 
1 1 1 
1 1 1 
1 1 1 
1 1 1 
1 1 1 
1 1 1 
1 1 1 
1 1 1 
1 1 1 
1 1 1 
1 1 1 
1 1 1 
1 1 1 
1 1 1 
1 1 1 
1 1 1 
1 1 1 
1 1 1 
1 1 1 
1 1 1 
1 1 1 
1 1 1 
1 1 1 
1 1 1 
1 1 1 
1 1 1 
1 1 1 
1 1 1 
1 1 1 
1 1 1 
1 1 1 
1 1 1 
1 1 1 
1 1 1 
1 1 1 
1 1 1 
1 1 1 
1 1 1 
1 1 1 
1 1 1 
1 1 1 
1 1 1 
1 1 1 
1 1 1 
1 1 1 
1 1 1 
1 1 1 
1 1 1 
1 1 1 
1 1 1 
1 1 1 
1 1 1 
1 1 1 
1 1 1 
1 1 1 
1 1 1 
1 1 1 
1 1 1 
1 1 1 
1 1 1 
1 1 1 
1 1 1 
1 1 1 
1 1 1 
1 1 1 
1 1 1 
1 1 1 
1 1 1 
1 1 1 
1 1 1 
1 1 1 
1 1 1 
1 1 1 
1 1 1 
1 1 1 
1 1 1 
1 1 1 
1 1 1 
1 1 1 
1 1 1 
1 1 1 
1 1 1 
1 1 1 
1 1 1 
1 1 1 
1 1 1 
1 1 1 
1 1 1 
1 1 1 
1 1 1 
1 1 1 
1 1 1 
1 1 1 
1 1 1 
1 1 1 
1 1 1 
1 1 1 
1 1 1 
1 1 1 
1 1 1 
1 1 1 
1 1 1 
1 1 1 
1 1 1 
1 1 1 
1 1 1 
1 1 1 
1 1 1 
1 1 1 
1 1 1 
1 1 1 
1 1 1 
1 1 1 
1 1 1 
1 1 1 
1 1 1 
1 1 1 
1 1 1 
1 1 1 
1 1 1 
1 1 1 
1 1 1 
1 1 1 
1 1 1 
1 1 1 
1 1 1 
1 1 1 
1 1 1 
1 1 1 
1 1 1 
1 1 1 
1 1 1 
1 1 1 
1 1 1 
1 1 1 
1 1 1 
1 1 1 
1 1 1 
1 1 1 
1 1 1 
1 1 1 
1 1 1 
1 1 1 
1 1 1 
1 1 1 
1 1 1 
1 1 1 
1 1 1 
1 1 1 
1 1 1 
1 1 1 
1 1 1 
1 1 1 
1 1 1 
1 1 1 
1 1 1 
1 1 1 
1 1 1 
1 1 1 
1 1 1 
1 1 1 
1 1 1 
1 1 1 
1 1 1 
1 1 1 
1 1 1 
1 1 1 
1 1 1 
1 1 1 
1 1 1 
1 1 1 
1 1 1 
1 1 1 
1 1 1 
1 1 1 
1 1 1 
1 1 1 
1 1 1 
1 1 1 
1 1 1 
1 1 1 
1 1 1 
1 1 1 
1 1 1 
1 1 1 
1 1 1 
1 1 1 
1 1 1 
1 1 1 
1 1 1 
1 1 1 
1 1 1 
1 1 1 
1 1 1 
1 1 1 
1 1 1 
1 1 1 
1 1 1 
1 1 1 
1 1 1 
1 1 1 
1 1 1 
1 1 1 
1 1 1 
1 1 1 
1 1 1 
1 1 1 
1 1 1 
1 1 1 
1 1 1 
1 1 1 
1 1 1 
1 1 1 
1 1 1 
1 1 1 
1 1 1 
1 1 0 
1 0 1 
1 0 1 
1 0 1 
0 1 1 
1 0 1 
1 0 1 
0 1 1 
0 0 0 
;
TIMETABLE : 
0 0 0 
18.0 10.0 0 
26.0 19.0 0 
33.0 29.0 0 
40.0 29.0 10.0 
47.0 37.0 10.0 
47.0 46.0 19.0 
54.0 46.0 33.0 
62.0 46.0 41.0 
62.0 55.0 49.0 
62.0 61.0 63.0 
78.0 67.0 63.0 
89.0 67.0 73.0 
89.0 73.0 81.0 
89.0 80.0 90.0 
100.0 87.0 90.0 
100.0 94.0 99.0 
110.0 94.0 105.0 
110.0 102.0 111.0 
117.0 102.0 117.0 
117.0 111.0 123.0 
117.0 117.0 132.0 
124.0 123.0 132.0 
124.0 129.0 141.0 
132.0 135.0 141.0 
132.0 141.0 149.0 
139.0 147.0 149.0 
146.0 156.0 149.0 
154.0 156.0 157.0 
162.0 156.0 166.0 
162.0 168.0 175.0 
170.0 168.0 183.0 
178.0 178.0 183.0 
187.0 185.0 183.0 
187.0 192.0 193.0 
196.0 199.0 193.0 
204.0 199.0 202.0 
212.0 206.0 202.0 
212.0 213.0 212.0 
220.0 220.0 212.0 
228.0 228.0 212.0 
237.0 235.0 212.0 
247.0 241.0 212.0 
247.0 247.0 222.0 
247.0 254.0 231.0 
257.0 254.0 240.0 
257.0 262.0 251.0 
266.0 271.0 251.0 
274.0 277.0 251.0 
282.0 277.0 262.0 
294.0 277.0 271.0 
302.0 283.0 271.0 
310.0 283.0 289.0 
317.0 289.0 289.0 
323.0 300.0 289.0 
332.0 310.0 289.0 
341.0 324.0 289.0 
349.0 324.0 307.0 
357.0 338.0 307.0 
357.0 348.0 317.0 
366.0 348.0 336.0 
366.0 364.0 346.0 
375.0 364.0 364.0 
381.0 364.0 371.0 
387.0 378.0 371.0 
393.0 378.0 378.0 
400.0 378.0 386.0 
400.0 388.0 394.0 
408.0 388.0 401.0 
415.0 388.0 415.0 
422.0 398.0 415.0 
430.0 412.0 415.0 
438.0 412.0 428.0 
449.0 412.0 435.0 
460.0 426.0 435.0 
472.0 426.0 450.0 
481.0 436.0 450.0 
487.0 436.0 464.0 
493.0 461.0 464.0 
499.0 461.0 478.0 
517.0 470.0 478.0 
529.0 478.0 478.0 
529.0 486.0 492.0 
529.0 495.0 502.0 
529.0 509.0 513.0 
529.0 523.0 519.0 
541.0 523.0 528.0 
541.0 537.0 536.0 
541.0 549.0 543.0 
541.0 555.0 549.0 
555.0 555.0 555.0 
555.0 561.0 561.0 
555.0 573.0 570.0 
571.0 573.0 579.0 
577.0 573.0 587.0 
577.0 585.0 597.0 
577.0 598.0 606.0 
583.0 598.0 616.0 
589.0 611.0 616.0 
595.0 611.0 626.0 
607.0 611.0 635.0 
607.0 621.0 644.0 
607.0 628.0 654.0 
621.0 635.0 654.0 
621.0 642.0 664.0 
635.0 642.0 673.0 
635.0 649.0 683.0 
635.0 659.0 691.0 
647.0 659.0 699.0 
647.0 669.0 707.0 
647.0 676.0 716.0 
657.0 683.0 716.0 
657.0 690.0 725.0 
666.0 690.0 731.0 
666.0 697.0 737.0 
674.0 697.0 743.0 
674.0 704.0 750.0 
682.0 711.0 750.0 
682.0 718.0 758.0 
682.0 732.0 769.0 
699.0 732.0 780.0 
709.0 742.0 780.0 
709.0 751.0 790.0 
721.0 751.0 797.0 
721.0 760.0 804.0 
735.0 760.0 811.0 
735.0 770.0 818.0 
749.0 770.0 825.0 
749.0 780.0 839.0 
761.0 789.0 839.0 
767.0 789.0 852.0 
773.0 798.0 852.0 
779.0 798.0 859.0 
785.0 808.0 859.0 
798.0 808.0 866.0 
798.0 818.0 874.0 
811.0 827.0 874.0 
821.0 827.0 889.0 
821.0 848.0 896.0 
831.0 848.0 903.0 
831.0 855.0 917.0 
844.0 862.0 917.0 
844.0 869.0 930.0 
844.0 879.0 937.0 
857.0 889.0 937.0 
863.0 896.0 937.0 
869.0 896.0 944.0 
875.0 903.0 954.0 
894.0 910.0 954.0 
894.0 917.0 968.0 
894.0 927.0 978.0 
908.0 937.0 978.0 
908.0 944.0 988.0 
926.0 944.0 998.0 
926.0 951.0 1009.0 
926.0 961.0 1015.0 
926.0 974.0 1024.0 
926.0 987.0 1032.0 
926.0 993.0 1040.0 
940.0 993.0 1048.0 
940.0 999.0 1056.0 
954.0 1005.0 1056.0 
954.0 1011.0 1065.0 
954.0 1023.0 1071.0 
968.0 1023.0 1077.0 
968.0 1037.0 1083.0 
982.0 1037.0 1097.0 
1000.0 1037.0 1106.0 
1000.0 1051.0 1114.0 
1000.0 1071.0 1122.0 
1014.0 1071.0 1130.0 
1014.0 1083.0 1138.0 
1014.0 1093.0 1150.0 
1027.0 1093.0 1158.0 
1033.0 1093.0 1166.0 
1039.0 1102.0 1166.0 
1045.0 1102.0 1174.0 
1062.0 1114.0 1174.0 
1075.0 1114.0 1185.0 
1075.0 1122.0 1191.0 
1088.0 1133.0 1191.0 
1111.0 1140.0 1191.0 
1125.0 1140.0 1205.0 
1125.0 1148.0 1231.0 
1139.0 1156.0 1231.0 
1151.0 1171.0 1231.0 
1164.0 1181.0 1231.0 
1164.0 1190.0 1253.0 
1177.0 1190.0 1262.0 
1177.0 1209.0 1272.0 
1187.0 1215.0 1272.0 
1194.0 1224.0 1272.0 
1201.0 1224.0 1282.0 
1208.0 1233.0 1282.0 
1208.0 1239.0 1291.0 
1222.0 1250.0 1291.0 
1222.0 1260.0 1300.0 
1239.0 1274.0 1300.0 
1239.0 1290.0 1319.0 
1239.0 1298.0 1337.0 
1239.0 1307.0 1346.0 
1248.0 1313.0 1356.0 
1258.0 1331.0 1356.0 
1258.0 1343.0 1374.0 
1258.0 1358.0 1395.0 
1281.0 1367.0 1408.0 
1294.0 1377.0 1415.0 
1317.0 1377.0 1422.0 
1317.0 1387.0 1429.0 
1337.0 1387.0 1443.0 
1337.0 1407.0 1456.0 
1355.0 1407.0 1463.0 
1355.0 1416.0 1470.0 
1361.0 1416.0 1478.0 
1367.0 1428.0 1478.0 
1378.0 1439.0 1478.0 
1396.0 1439.0 1486.0 
1406.0 1439.0 1493.0 
1406.0 1450.0 1507.0 
1417.0 1459.0 1507.0 
1436.0 1473.0 1507.0 
1463.0 1481.0 1507.0 
1463.0 1491.0 1530.0 
1463.0 1500.0 1541.0 
1485.0 1510.0 1541.0 
1507.0 1510.0 1564.0 
1507.0 1528.0 1576.0 
1507.0 1536.0 1583.0 
1542.0 1543.0 1583.0 
1542.0 1550.0 1597.0 
1580.0 1557.0 1597.0 
1600.0 1557.0 1610.0 
1600.0 1584.0 1618.0 
1600.0 1618.0 1639.0 
1627.0 1627.0 1639.0 
1638.0 1648.0 1662.0 
1648.0 1681.0 1673.0 
1658.0 1695.0 1689.0 
1668.0 1695.0 1699.0 
1678.0 1709.0 1719.0 
1695.0 1723.0 1734.0 
1704.0 1743.0 1742.0 
1737.0 1756.0 1750.0 
1751.0 1756.0 1758.0 
1751.0 1769.0 1766.0 
1765.0 1782.0 1777.0 
1790.0 1782.0 1793.0 
1804.0 1782.0 1803.0 
1804.0 1795.0 1816.0 
1804.0 1818.0 1825.0 
1804.0 1828.0 1831.0 
1804.0 1837.0 1838.0 
1818.0 1837.0 1845.0 
1818.0 1846.0 1851.0 
1818.0 1856.0 1860.0 
1832.0 1856.0 1869.0 
1832.0 1866.0 1877.0 
1832.0 1875.0 1890.0 
1863.0 1875.0 1914.0 
1897.0 1875.0 1943.0 
1910.0 1884.0 1952.0 
1910.0 1893.0 1992.0 
1918.0 1902.0 2002.0 
1960.0 1912.0 2018.0 
1960.0 1958.0 2032.0 
1970.0 1958.0 2058.0 
1988.0 1972.0 2058.0 
1995.0 1986.0 2066.0 
2002.0 1986.0 2084.0 
2010.0 1986.0 2092.0 
2010.0 2004.0 2101.0 
2031.0 2004.0 2111.0 
2045.0 2022.0 2111.0 
2080.0 2022.0 2123.0 
2090.0 2022.0 2158.0 
2109.0 2022.0 2172.0 
2125.0 2036.0 2172.0 
2125.0 2055.0 2225.0 
2153.0 2074.0 2266.0 
2173.0 2074.0 2317.0 
2242.0 2093.0 2317.0 
2242.0 2099.0 2339.0 
2252.0 2105.0 2347.0 
2266.0 2122.0 2347.0 
2266.0 2146.0 2355.0 
2266.0 2146.0 2386.0 
2273.0 2159.0 2386.0 
2273.0 2159.0 2407.0 
2273.0 2159.0 2418.0 
2283.0 2159.0 2438.0 
2283.0 2159.0 2452.0 
2296.0 2165.0 2452.0 
2296.0 2165.0 2462.0 
2296.0 2165.0 2473.0 
2296.0 2179.0 2500.0 
2309.0 2179.0 2510.0 
2309.0 2193.0 2531.0 
2329.0 2193.0 2552.0 
2329.0 2193.0 2573.0 
2354.0 2193.0 2586.0 
2354.0 2193.0 2593.0 
2354.0 2193.0 2620.0 
2373.0 2207.0 2636.0 
2373.0 2207.0 2678.0 
2386.0 2231.0 2678.0 
2403.0 2261.0 2678.0 
2428.0 2261.0 2689.0 
2428.0 2287.0 2696.0 
2446.0 2294.0 2704.0 
2446.0 2304.0 2715.0 
2460.0 2322.0 2726.0 
2460.0 2331.0 2755.0 
2474.0 2355.0 2755.0 
2474.0 2371.0 2769.0 
2474.0 2397.0 2821.0 
2492.0 2397.0 2859.0 
2532.0 2397.0 2869.0 
2546.0 2415.0 2869.0 
2556.0 2431.0 2876.0 
2556.0 2450.0 2890.0 
2575.0 2477.0 2900.0 
2597.0 2503.0 2909.0 
2616.0 2527.0 2918.0 
2632.0 2564.0 2928.0 
2632.0 2587.0 2967.0 
2670.0 2599.0 2967.0 
2694.0 2622.0 2967.0 
2704.0 2630.0 3006.0 
2739.0 2630.0 3006.0 
2764.0 2664.0 3031.0 
2764.0 2674.0 3031.0 
2782.0 2674.0 3056.0 
2795.0 2674.0 3064.0 
2809.0 2674.0 3087.0 
2809.0 2695.0 3109.0 
2851.0 2695.0 3122.0 
2867.0 2695.0 3162.0 
2867.0 2727.0 3179.0 
2912.0 2816.0 3228.0 
;
EXECUTION TIME KUMAR3: 1148.17800212 seconds

-------------------------------------------------------------------
DATFILE : offices1_3r_1000.dat
ENVIRONMENT : office
ALGORITHM : KUMAR3
RANGE : 1000
STARTING_POS : 42
N_ROBOTS : 3
KUMAR3 sumD / heuristic : 8956.0
CONFIGURATIONS :
42 42 42 
5 41 42 
24 36 42 
4 35 42 
24 35 41 
4 34 41 
4 33 36 
24 33 34 
5 33 35 
5 32 34 
5 27 36 
41 32 36 
40 32 35 
40 27 34 
40 26 33 
39 27 33 
39 26 32 
23 26 27 
23 38 32 
2 38 27 
2 37 32 
2 43 33 
23 37 33 
23 43 34 
26 37 34 
26 43 35 
27 37 35 
31 38 35 
30 38 34 
29 38 33 
29 39 34 
30 39 35 
29 23 35 
28 2 35 
28 23 36 
29 2 36 
30 2 41 
31 23 41 
31 2 42 
30 23 42 
29 26 42 
28 27 42 
17 32 42 
17 27 41 
17 26 36 
28 26 41 
28 38 40 
29 37 40 
30 43 40 
29 43 41 
31 43 36 
30 37 36 
31 37 18 
27 43 18 
32 25 18 
33 0 18 
34 1 18 
35 1 36 
34 0 36 
34 25 35 
33 25 41 
33 1 42 
32 1 24 
27 1 4 
32 0 4 
27 0 24 
26 0 5 
26 25 24 
23 25 4 
2 25 3 
23 0 3 
26 1 3 
39 1 23 
40 1 2 
39 0 2 
38 0 1 
37 25 1 
43 25 0 
37 28 0 
43 28 1 
19 29 1 
17 30 1 
17 29 0 
17 28 25 
17 19 43 
17 16 37 
19 16 38 
19 6 26 
19 22 27 
19 7 32 
16 7 27 
16 22 32 
16 6 33 
22 6 34 
7 6 35 
7 22 36 
7 10 41 
22 10 42 
7 11 42 
22 11 41 
6 11 36 
6 21 41 
6 8 42 
16 21 42 
16 8 41 
19 8 36 
19 21 35 
19 11 34 
17 11 35 
17 21 34 
17 8 33 
28 21 33 
28 8 32 
29 8 27 
29 21 32 
30 21 27 
30 8 26 
31 21 26 
31 8 39 
31 12 40 
28 12 39 
17 20 39 
17 9 23 
19 9 2 
19 20 23 
16 20 2 
16 12 23 
6 12 2 
6 20 3 
22 9 3 
7 9 24 
22 20 24 
7 20 4 
22 12 4 
10 12 24 
10 20 5 
11 9 5 
21 9 4 
21 8 24 
11 8 4 
11 21 3 
10 8 3 
10 21 23 
10 11 2 
22 21 2 
7 8 2 
22 8 23 
7 21 1 
15 8 1 
15 21 0 
15 11 25 
13 21 25 
13 8 0 
14 8 25 
14 21 43 
14 11 37 
14 10 38 
14 22 26 
14 7 23 
15 7 26 
15 22 38 
13 7 38 
13 22 37 
13 6 43 
15 6 37 
15 16 43 
13 16 28 
14 16 29 
14 6 30 
14 19 31 
15 19 30 
15 17 31 
15 28 29 
22 28 30 
7 28 31 
22 29 31 
7 29 30 
10 31 30 
11 31 27 
11 30 32 
10 27 32 
6 31 32 
16 31 34 
16 30 18 
6 29 18 
22 17 18 
10 28 18 
10 29 9 
11 29 20 
11 43 12 
21 37 12 
8 38 12 
21 38 20 
8 37 20 
8 43 9 
12 25 9 
12 0 20 
9 1 20 
9 26 18 
9 38 36 
9 37 41 
20 43 42 
12 19 42 
12 17 5 
12 29 3 
11 28 24 
10 17 4 
6 17 24 
6 28 4 
19 28 3 
19 37 24 
43 37 4 
43 38 24 
37 38 5 
43 39 5 
25 40 5 
23 40 24 
39 40 4 
39 41 3 
40 36 3 
42 34 3 
18 35 3 
18 36 39 
18 41 40 
9 42 40 
18 42 38 
18 5 23 
18 24 2 
5 4 2 
5 24 3 
38 4 3 
31 4 24 
31 1 5 
31 33 3 
43 32 3 
25 38 39 
0 19 40 
25 16 36 
0 16 35 
25 6 27 
37 7 39 
38 11 26 
19 10 39 
16 10 26 
16 11 39 
6 10 40 
15 10 36 
13 10 35 
13 11 33 
13 12 32 
13 20 27 
13 9 31 
15 9 27 
15 20 32 
15 12 33 
14 12 34 
14 20 35 
14 9 33 
6 9 39 
28 9 34 
30 20 33 
30 9 0 
31 20 25 
41 12 1 
41 14 0 
42 14 39 
24 15 39 
4 13 26 
24 13 30 
5 13 29 
5 14 28 
3 14 17 
2 13 17 
41 13 19 
42 13 15 
36 13 14 
40 15 14 
40 7 17 
2 15 23 
4 15 18 
12 7 18 
12 22 35 
20 7 34 
8 10 34 
8 15 35 
8 15 5 
21 22 5 
21 22 40 
21 22 39 
11 22 1 
11 22 0 
10 7 0 
10 7 25 
10 7 43 
10 6 1 
11 6 23 
11 16 40 
7 16 5 
7 16 3 
14 16 24 
14 16 4 
14 16 1 
22 19 25 
22 19 33 
10 37 33 
7 32 33 
14 32 27 
14 2 26 
13 23 39 
13 1 40 
15 38 41 
15 37 3 
13 27 3 
13 34 2 
13 18 19 
14 18 11 
8 18 21 
12 36 21 
20 40 8 
20 26 12 
18 28 20 
35 32 9 
41 36 20 
5 30 12 
5 19 6 
38 17 6 
0 31 6 
25 30 29 
4 30 29 
42 25 37 
42 0 37 
24 0 29 
3 0 30 
4 0 19 
4 43 22 
34 43 15 
27 43 12 
27 16 9 
42 42 42 
;

MOVING ROBOT :
0 0 0 
1 1 0 
1 1 0 
1 1 0 
1 0 1 
1 1 0 
0 1 1 
1 0 1 
1 0 1 
0 1 1 
0 1 1 
1 1 0 
1 0 1 
0 1 1 
0 1 1 
1 1 0 
0 1 1 
1 0 1 
0 1 1 
1 0 1 
0 1 1 
0 1 1 
1 1 0 
0 1 1 
1 1 0 
0 1 1 
1 1 0 
1 1 0 
1 0 1 
1 0 1 
0 1 1 
1 0 1 
1 1 0 
1 1 0 
0 1 1 
1 1 0 
1 0 1 
1 1 0 
0 1 1 
1 1 0 
1 1 0 
1 1 0 
1 1 0 
0 1 1 
0 1 1 
1 0 1 
0 1 1 
1 1 0 
1 1 0 
1 0 1 
1 0 1 
1 1 0 
1 0 1 
1 1 0 
1 1 0 
1 1 0 
1 1 0 
1 0 1 
1 1 0 
0 1 1 
1 0 1 
0 1 1 
1 0 1 
1 0 1 
1 1 0 
1 0 1 
1 0 1 
0 1 1 
1 0 1 
1 0 1 
1 1 0 
1 1 0 
1 0 1 
1 0 1 
1 1 0 
1 0 1 
1 1 0 
1 0 1 
1 1 0 
1 0 1 
1 1 0 
1 1 0 
0 1 1 
0 1 1 
0 1 1 
0 1 1 
1 0 1 
0 1 1 
0 1 1 
0 1 1 
1 0 1 
0 1 1 
0 1 1 
1 0 1 
1 0 1 
0 1 1 
0 1 1 
1 0 1 
1 1 0 
1 0 1 
1 0 1 
0 1 1 
0 1 1 
1 1 0 
0 1 1 
1 0 1 
0 1 1 
0 1 1 
1 0 1 
0 1 1 
0 1 1 
1 1 0 
0 1 1 
1 0 1 
0 1 1 
1 0 1 
0 1 1 
1 1 0 
0 1 1 
0 1 1 
1 0 1 
1 1 0 
0 1 1 
1 0 1 
0 1 1 
1 0 1 
0 1 1 
1 0 1 
0 1 1 
1 1 0 
1 0 1 
1 1 0 
1 0 1 
1 1 0 
1 0 1 
0 1 1 
1 1 0 
1 0 1 
0 1 1 
1 0 1 
0 1 1 
1 1 0 
0 1 1 
0 1 1 
1 1 0 
1 1 0 
1 0 1 
1 1 1 
1 1 0 
0 1 1 
0 1 1 
1 1 0 
0 1 1 
1 0 1 
0 1 1 
0 1 1 
0 1 1 
0 1 1 
0 1 1 
1 0 1 
0 1 1 
1 1 0 
0 1 1 
0 1 1 
1 0 1 
0 1 1 
1 0 1 
1 0 1 
0 1 1 
0 1 1 
1 0 1 
0 1 1 
0 1 1 
1 0 1 
1 0 1 
1 1 0 
1 0 1 
1 1 0 
1 0 1 
0 1 1 
1 1 0 
1 1 0 
1 0 1 
0 1 1 
1 1 0 
1 1 0 
1 1 0 
0 1 1 
1 0 1 
0 1 1 
1 1 0 
1 1 0 
1 0 1 
1 1 0 
0 1 1 
1 1 0 
0 1 1 
1 1 0 
0 1 1 
0 1 1 
0 1 1 
1 1 1 
1 1 0 
0 1 1 
0 1 1 
1 1 1 
1 1 1 
1 0 1 
0 1 1 
1 0 1 
0 1 1 
1 0 1 
0 1 1 
1 0 1 
1 1 0 
1 1 0 
1 0 1 
1 0 1 
0 1 1 
1 1 0 
1 1 0 
1 1 0 
0 1 1 
0 1 1 
1 1 0 
1 0 1 
0 1 1 
0 1 1 
1 1 0 
0 1 1 
1 1 0 
1 0 1 
0 1 1 
0 1 1 
1 1 0 
1 1 1 
1 1 1 
1 1 1 
1 0 1 
1 1 1 
1 1 1 
1 1 1 
1 1 1 
1 0 1 
0 1 1 
1 1 1 
1 0 1 
1 0 1 
0 1 1 
0 1 1 
0 1 1 
0 1 1 
1 0 1 
0 1 1 
0 1 1 
1 0 1 
0 1 1 
0 1 1 
1 0 1 
1 0 1 
1 1 1 
0 1 1 
1 1 1 
1 1 1 
0 1 1 
1 0 1 
1 1 0 
1 1 1 
1 0 1 
1 0 1 
0 1 1 
1 0 1 
1 1 0 
1 0 1 
1 0 1 
1 0 1 
1 1 0 
0 1 1 
1 1 1 
1 0 1 
1 1 0 
0 1 1 
1 1 1 
1 1 0 
0 1 1 
0 0 1 
1 1 0 
0 0 1 
0 0 1 
1 0 1 
0 0 1 
1 1 0 
0 0 1 
0 0 1 
0 1 1 
1 0 1 
0 1 1 
1 0 1 
0 0 1 
1 0 1 
0 0 1 
0 0 1 
1 1 1 
0 0 1 
1 1 0 
1 1 0 
1 0 1 
0 1 1 
1 1 1 
0 1 1 
1 1 1 
0 1 1 
1 1 0 
0 1 1 
0 1 1 
1 0 1 
1 0 1 
1 1 0 
1 1 1 
0 1 1 
1 1 1 
1 1 1 
1 1 1 
1 1 1 
0 1 1 
1 1 0 
1 1 0 
1 1 1 
1 0 0 
1 1 1 
0 1 0 
1 0 1 
1 0 1 
1 0 1 
0 1 1 
1 0 1 
1 0 1 
0 1 1 
1 1 1 
;
MEASURING ROBOT :
0 0 0 
1 1 1 
1 1 1 
1 1 1 
1 1 1 
1 1 1 
1 1 1 
1 1 1 
1 1 1 
1 1 1 
1 1 1 
1 1 1 
1 1 1 
1 1 1 
1 1 1 
1 1 1 
1 1 1 
1 1 1 
1 1 1 
1 1 1 
1 1 1 
1 1 1 
1 1 1 
1 1 1 
1 1 1 
1 1 1 
1 1 1 
1 1 1 
1 1 1 
1 1 1 
1 1 1 
1 1 1 
1 1 1 
1 1 1 
1 1 1 
1 1 1 
1 1 1 
1 1 1 
1 1 1 
1 1 1 
1 1 1 
1 1 1 
1 1 1 
1 1 1 
1 1 1 
1 1 1 
1 1 1 
1 1 1 
1 1 1 
1 1 1 
1 1 1 
1 1 1 
1 1 1 
1 1 1 
1 1 1 
1 1 1 
1 1 1 
1 1 1 
1 1 1 
1 1 1 
1 1 1 
1 1 1 
1 1 1 
1 1 1 
1 1 1 
1 1 1 
1 1 1 
1 1 1 
1 1 1 
1 1 1 
1 1 1 
1 1 1 
1 1 1 
1 1 1 
1 1 1 
1 1 1 
1 1 1 
1 1 1 
1 1 1 
1 1 1 
1 1 1 
1 1 1 
1 1 1 
1 1 1 
1 1 1 
1 1 1 
1 1 1 
1 1 1 
1 1 1 
1 1 1 
1 1 1 
1 1 1 
1 1 1 
1 1 1 
1 1 1 
1 1 1 
1 1 1 
1 1 1 
1 1 1 
1 1 1 
1 1 1 
1 1 1 
1 1 1 
1 1 1 
1 1 1 
1 1 1 
1 1 1 
1 1 1 
1 1 1 
1 1 1 
1 1 1 
1 1 1 
1 1 1 
1 1 1 
1 1 1 
1 1 1 
1 1 1 
1 1 1 
1 1 1 
1 1 1 
1 1 1 
1 1 1 
1 1 1 
1 1 1 
1 1 1 
1 1 1 
1 1 1 
1 1 1 
1 1 1 
1 1 1 
1 1 1 
1 1 1 
1 1 1 
1 1 1 
1 1 1 
1 1 1 
1 1 1 
1 1 1 
1 1 1 
1 1 1 
1 1 1 
1 1 1 
1 1 1 
1 1 1 
1 1 1 
1 1 1 
1 1 1 
1 1 1 
1 1 1 
1 1 1 
1 1 1 
1 1 1 
1 1 1 
1 1 1 
1 1 1 
1 1 1 
1 1 1 
1 1 1 
1 1 1 
1 1 1 
1 1 1 
1 1 1 
1 1 1 
1 1 1 
1 1 1 
1 1 1 
1 1 1 
1 1 1 
1 1 1 
1 1 1 
1 1 1 
1 1 1 
1 1 1 
1 1 1 
1 1 1 
1 1 1 
1 1 1 
1 1 1 
1 1 1 
1 1 1 
1 1 1 
1 1 1 
1 1 1 
1 1 1 
1 1 1 
1 1 1 
1 1 1 
1 1 1 
1 1 1 
1 1 1 
1 1 1 
1 1 1 
1 1 1 
1 1 1 
1 1 1 
1 1 1 
1 1 1 
1 1 1 
1 1 1 
1 1 1 
1 1 1 
1 1 1 
1 1 1 
1 1 1 
1 1 1 
1 1 1 
1 1 1 
1 1 1 
1 1 1 
1 1 1 
1 1 1 
1 1 1 
1 1 1 
1 1 1 
1 1 1 
1 1 1 
1 1 1 
1 1 1 
1 1 1 
1 1 1 
1 1 1 
1 1 1 
1 1 1 
1 1 1 
1 1 1 
1 1 1 
1 1 1 
1 1 1 
1 1 1 
1 1 1 
1 1 1 
1 1 1 
1 1 1 
1 1 1 
1 1 1 
1 1 1 
1 1 1 
1 1 1 
1 1 1 
1 1 1 
1 1 1 
1 1 1 
1 1 1 
1 1 1 
1 1 1 
1 1 1 
1 1 1 
1 1 1 
1 1 1 
1 1 1 
1 1 1 
1 1 1 
1 1 1 
1 1 1 
1 1 1 
1 1 1 
1 1 1 
1 1 1 
1 1 1 
1 1 1 
1 1 1 
1 1 1 
1 1 1 
1 1 1 
1 1 1 
1 1 1 
1 1 1 
1 1 1 
1 1 1 
1 1 1 
1 1 1 
1 1 1 
1 1 1 
1 1 1 
1 1 1 
1 1 1 
1 1 1 
1 1 1 
1 1 1 
1 1 1 
1 1 1 
1 1 1 
1 1 1 
1 1 1 
1 1 1 
1 1 1 
1 1 1 
1 1 1 
1 1 1 
1 1 1 
1 1 1 
1 1 1 
1 1 1 
1 1 1 
1 1 1 
1 1 1 
1 1 1 
1 1 1 
1 1 1 
1 1 1 
1 1 1 
1 1 1 
1 1 1 
1 1 1 
1 1 1 
1 1 1 
1 1 1 
1 1 1 
1 1 1 
1 1 1 
1 1 1 
1 1 1 
1 1 1 
1 1 1 
1 1 1 
1 1 1 
1 1 1 
1 1 1 
1 1 1 
1 1 1 
1 1 1 
1 1 1 
1 1 1 
1 1 1 
1 1 1 
1 1 1 
1 1 1 
1 1 1 
1 1 1 
1 1 1 
1 1 0 
1 0 1 
1 0 1 
1 0 1 
0 1 1 
1 0 1 
1 0 1 
0 1 1 
0 0 0 
;
TIMETABLE : 
0 0 0 
18.0 10.0 0 
26.0 19.0 0 
33.0 29.0 0 
40.0 29.0 10.0 
47.0 37.0 10.0 
47.0 46.0 19.0 
54.0 46.0 33.0 
62.0 46.0 41.0 
62.0 55.0 49.0 
62.0 61.0 63.0 
78.0 67.0 63.0 
89.0 67.0 73.0 
89.0 73.0 81.0 
89.0 80.0 90.0 
100.0 87.0 90.0 
100.0 94.0 99.0 
110.0 94.0 105.0 
110.0 102.0 111.0 
117.0 102.0 117.0 
117.0 111.0 123.0 
117.0 117.0 132.0 
124.0 123.0 132.0 
124.0 129.0 141.0 
132.0 135.0 141.0 
132.0 141.0 149.0 
139.0 147.0 149.0 
146.0 156.0 149.0 
154.0 156.0 157.0 
162.0 156.0 166.0 
162.0 168.0 175.0 
170.0 168.0 183.0 
178.0 178.0 183.0 
187.0 185.0 183.0 
187.0 192.0 193.0 
196.0 199.0 193.0 
204.0 199.0 202.0 
212.0 206.0 202.0 
212.0 213.0 212.0 
220.0 220.0 212.0 
228.0 228.0 212.0 
237.0 235.0 212.0 
247.0 241.0 212.0 
247.0 247.0 222.0 
247.0 254.0 231.0 
257.0 254.0 240.0 
257.0 262.0 251.0 
266.0 271.0 251.0 
274.0 277.0 251.0 
282.0 277.0 262.0 
294.0 277.0 271.0 
302.0 283.0 271.0 
310.0 283.0 289.0 
317.0 289.0 289.0 
323.0 300.0 289.0 
332.0 310.0 289.0 
341.0 324.0 289.0 
349.0 324.0 307.0 
357.0 338.0 307.0 
357.0 348.0 317.0 
366.0 348.0 336.0 
366.0 364.0 346.0 
375.0 364.0 364.0 
381.0 364.0 371.0 
387.0 378.0 371.0 
393.0 378.0 378.0 
400.0 378.0 386.0 
400.0 388.0 394.0 
408.0 388.0 401.0 
415.0 388.0 415.0 
422.0 398.0 415.0 
430.0 412.0 415.0 
438.0 412.0 428.0 
449.0 412.0 435.0 
460.0 426.0 435.0 
472.0 426.0 450.0 
481.0 436.0 450.0 
487.0 436.0 464.0 
493.0 461.0 464.0 
499.0 461.0 478.0 
517.0 470.0 478.0 
529.0 478.0 478.0 
529.0 486.0 492.0 
529.0 495.0 502.0 
529.0 509.0 513.0 
529.0 523.0 519.0 
541.0 523.0 528.0 
541.0 537.0 536.0 
541.0 549.0 543.0 
541.0 555.0 549.0 
555.0 555.0 555.0 
555.0 561.0 561.0 
555.0 573.0 570.0 
571.0 573.0 579.0 
577.0 573.0 587.0 
577.0 585.0 597.0 
577.0 598.0 606.0 
583.0 598.0 616.0 
589.0 611.0 616.0 
595.0 611.0 626.0 
607.0 611.0 635.0 
607.0 621.0 644.0 
607.0 628.0 654.0 
621.0 635.0 654.0 
621.0 642.0 664.0 
635.0 642.0 673.0 
635.0 649.0 683.0 
635.0 659.0 691.0 
647.0 659.0 699.0 
647.0 669.0 707.0 
647.0 676.0 716.0 
657.0 683.0 716.0 
657.0 690.0 725.0 
666.0 690.0 731.0 
666.0 697.0 737.0 
674.0 697.0 743.0 
674.0 704.0 750.0 
682.0 711.0 750.0 
682.0 718.0 758.0 
682.0 732.0 769.0 
699.0 732.0 780.0 
709.0 742.0 780.0 
709.0 751.0 790.0 
721.0 751.0 797.0 
721.0 760.0 804.0 
735.0 760.0 811.0 
735.0 770.0 818.0 
749.0 770.0 825.0 
749.0 780.0 839.0 
761.0 789.0 839.0 
767.0 789.0 852.0 
773.0 798.0 852.0 
779.0 798.0 859.0 
785.0 808.0 859.0 
798.0 808.0 866.0 
798.0 818.0 874.0 
811.0 827.0 874.0 
821.0 827.0 889.0 
821.0 848.0 896.0 
831.0 848.0 903.0 
831.0 855.0 917.0 
844.0 862.0 917.0 
844.0 869.0 930.0 
844.0 879.0 937.0 
857.0 889.0 937.0 
863.0 896.0 937.0 
869.0 896.0 944.0 
875.0 903.0 954.0 
894.0 910.0 954.0 
894.0 917.0 968.0 
894.0 927.0 978.0 
908.0 937.0 978.0 
908.0 944.0 988.0 
926.0 944.0 998.0 
926.0 951.0 1009.0 
926.0 961.0 1015.0 
926.0 974.0 1024.0 
926.0 987.0 1032.0 
926.0 993.0 1040.0 
940.0 993.0 1048.0 
940.0 999.0 1056.0 
954.0 1005.0 1056.0 
954.0 1011.0 1065.0 
954.0 1023.0 1071.0 
968.0 1023.0 1077.0 
968.0 1037.0 1083.0 
982.0 1037.0 1097.0 
1000.0 1037.0 1106.0 
1000.0 1051.0 1114.0 
1000.0 1071.0 1122.0 
1014.0 1071.0 1130.0 
1014.0 1083.0 1138.0 
1014.0 1093.0 1150.0 
1027.0 1093.0 1158.0 
1033.0 1093.0 1166.0 
1039.0 1102.0 1166.0 
1045.0 1102.0 1174.0 
1062.0 1114.0 1174.0 
1075.0 1114.0 1185.0 
1075.0 1122.0 1191.0 
1088.0 1133.0 1191.0 
1111.0 1140.0 1191.0 
1125.0 1140.0 1205.0 
1125.0 1148.0 1231.0 
1139.0 1156.0 1231.0 
1151.0 1171.0 1231.0 
1164.0 1181.0 1231.0 
1164.0 1190.0 1253.0 
1177.0 1190.0 1262.0 
1177.0 1209.0 1272.0 
1187.0 1215.0 1272.0 
1194.0 1224.0 1272.0 
1201.0 1224.0 1282.0 
1208.0 1233.0 1282.0 
1208.0 1239.0 1291.0 
1222.0 1250.0 1291.0 
1222.0 1260.0 1300.0 
1239.0 1274.0 1300.0 
1239.0 1290.0 1319.0 
1239.0 1298.0 1337.0 
1239.0 1307.0 1346.0 
1248.0 1313.0 1356.0 
1258.0 1331.0 1356.0 
1258.0 1343.0 1374.0 
1258.0 1358.0 1395.0 
1281.0 1367.0 1408.0 
1294.0 1377.0 1415.0 
1317.0 1377.0 1422.0 
1317.0 1387.0 1429.0 
1337.0 1387.0 1443.0 
1337.0 1407.0 1456.0 
1355.0 1407.0 1463.0 
1355.0 1416.0 1470.0 
1361.0 1416.0 1478.0 
1367.0 1428.0 1478.0 
1378.0 1439.0 1478.0 
1396.0 1439.0 1486.0 
1406.0 1439.0 1493.0 
1406.0 1450.0 1507.0 
1417.0 1459.0 1507.0 
1436.0 1473.0 1507.0 
1463.0 1481.0 1507.0 
1463.0 1491.0 1530.0 
1463.0 1500.0 1541.0 
1485.0 1510.0 1541.0 
1507.0 1510.0 1564.0 
1507.0 1528.0 1576.0 
1507.0 1536.0 1583.0 
1542.0 1543.0 1583.0 
1542.0 1550.0 1597.0 
1580.0 1557.0 1597.0 
1600.0 1557.0 1610.0 
1600.0 1584.0 1618.0 
1600.0 1618.0 1639.0 
1627.0 1627.0 1639.0 
1638.0 1648.0 1662.0 
1648.0 1681.0 1673.0 
1658.0 1695.0 1689.0 
1668.0 1695.0 1699.0 
1678.0 1709.0 1719.0 
1695.0 1723.0 1734.0 
1704.0 1743.0 1742.0 
1737.0 1756.0 1750.0 
1751.0 1756.0 1758.0 
1751.0 1769.0 1766.0 
1765.0 1782.0 1777.0 
1790.0 1782.0 1793.0 
1804.0 1782.0 1803.0 
1804.0 1795.0 1816.0 
1804.0 1818.0 1825.0 
1804.0 1828.0 1831.0 
1804.0 1837.0 1838.0 
1818.0 1837.0 1845.0 
1818.0 1846.0 1851.0 
1818.0 1856.0 1860.0 
1832.0 1856.0 1869.0 
1832.0 1866.0 1877.0 
1832.0 1875.0 1890.0 
1863.0 1875.0 1914.0 
1897.0 1875.0 1943.0 
1910.0 1884.0 1952.0 
1910.0 1893.0 1992.0 
1918.0 1902.0 2002.0 
1960.0 1912.0 2018.0 
1960.0 1958.0 2032.0 
1970.0 1958.0 2058.0 
1988.0 1972.0 2058.0 
1995.0 1986.0 2066.0 
2002.0 1986.0 2084.0 
2010.0 1986.0 2092.0 
2010.0 2004.0 2101.0 
2031.0 2004.0 2111.0 
2045.0 2022.0 2111.0 
2080.0 2022.0 2123.0 
2090.0 2022.0 2158.0 
2109.0 2022.0 2172.0 
2125.0 2036.0 2172.0 
2125.0 2055.0 2225.0 
2153.0 2074.0 2266.0 
2173.0 2074.0 2317.0 
2242.0 2093.0 2317.0 
2242.0 2099.0 2339.0 
2252.0 2105.0 2347.0 
2266.0 2122.0 2347.0 
2266.0 2146.0 2355.0 
2266.0 2146.0 2386.0 
2273.0 2159.0 2386.0 
2273.0 2159.0 2407.0 
2273.0 2159.0 2418.0 
2283.0 2159.0 2438.0 
2283.0 2159.0 2452.0 
2296.0 2165.0 2452.0 
2296.0 2165.0 2462.0 
2296.0 2165.0 2473.0 
2296.0 2179.0 2500.0 
2309.0 2179.0 2510.0 
2309.0 2193.0 2531.0 
2329.0 2193.0 2552.0 
2329.0 2193.0 2573.0 
2354.0 2193.0 2586.0 
2354.0 2193.0 2593.0 
2354.0 2193.0 2620.0 
2373.0 2207.0 2636.0 
2373.0 2207.0 2678.0 
2386.0 2231.0 2678.0 
2403.0 2261.0 2678.0 
2428.0 2261.0 2689.0 
2428.0 2287.0 2696.0 
2446.0 2294.0 2704.0 
2446.0 2304.0 2715.0 
2460.0 2322.0 2726.0 
2460.0 2331.0 2755.0 
2474.0 2355.0 2755.0 
2474.0 2371.0 2769.0 
2474.0 2397.0 2821.0 
2492.0 2397.0 2859.0 
2532.0 2397.0 2869.0 
2546.0 2415.0 2869.0 
2556.0 2431.0 2876.0 
2556.0 2450.0 2890.0 
2575.0 2477.0 2900.0 
2597.0 2503.0 2909.0 
2616.0 2527.0 2918.0 
2632.0 2564.0 2928.0 
2632.0 2587.0 2967.0 
2670.0 2599.0 2967.0 
2694.0 2622.0 2967.0 
2704.0 2630.0 3006.0 
2739.0 2630.0 3006.0 
2764.0 2664.0 3031.0 
2764.0 2674.0 3031.0 
2782.0 2674.0 3056.0 
2795.0 2674.0 3064.0 
2809.0 2674.0 3087.0 
2809.0 2695.0 3109.0 
2851.0 2695.0 3122.0 
2867.0 2695.0 3162.0 
2867.0 2727.0 3179.0 
2912.0 2816.0 3228.0 
;
EXECUTION TIME KUMAR3: 1144.46584702 seconds

-------------------------------------------------------------------
DATFILE : offices1_3r_1000.dat
ENVIRONMENT : office
ALGORITHM : KUMAR3
RANGE : 1000
STARTING_POS : 42
N_ROBOTS : 3
KUMAR3 sumD / objective : 8872.0
CONFIGURATIONS :
42 42 42 
5 41 42 
24 41 42 
4 41 42 
4 36 42 
24 36 42 
5 36 42 
5 35 42 
5 34 42 
24 34 42 
4 34 42 
4 35 42 
24 35 42 
24 35 41 
24 34 41 
24 33 41 
4 33 41 
4 32 41 
4 27 41 
4 26 41 
24 26 41 
24 27 41 
24 32 41 
5 32 41 
5 27 41 
5 26 41 
5 23 41 
5 2 41 
24 2 41 
4 2 41 
4 23 41 
24 23 41 
24 23 36 
24 2 36 
24 2 35 
24 23 35 
24 23 34 
24 2 34 
24 2 33 
24 23 33 
5 23 33 
5 26 33 
5 27 33 
5 32 33 
5 32 34 
5 27 34 
5 26 34 
5 26 35 
5 27 35 
5 32 35 
5 33 35 
5 33 34 
5 35 34 
5 36 34 
5 36 35 
5 36 33 
5 36 32 
5 36 27 
5 36 26 
5 36 38 
24 36 38 
4 36 38 
4 36 37 
4 36 43 
24 36 43 
24 36 37 
5 36 37 
5 36 43 
5 41 43 
5 41 37 
5 41 38 
5 42 38 
5 42 26 
5 42 27 
5 42 32 
5 42 33 
5 42 31 
5 42 30 
5 42 29 
24 42 29 
4 42 29 
4 42 30 
24 42 30 
24 42 31 
4 42 31 
4 41 31 
4 41 30 
4 41 29 
4 41 28 
24 41 28 
5 41 28 
5 36 28 
5 36 29 
5 36 30 
5 36 31 
5 35 31 
5 34 31 
5 34 30 
5 35 30 
5 35 29 
5 34 29 
5 34 28 
5 35 28 
5 35 17 
5 34 17 
24 34 17 
4 34 17 
4 33 17 
4 32 17 
4 27 17 
4 26 17 
4 23 17 
4 2 17 
4 2 28 
4 23 28 
4 26 28 
4 27 28 
4 32 28 
4 32 29 
4 27 29 
4 26 29 
4 26 30 
4 27 30 
4 32 30 
4 32 31 
4 27 31 
4 26 31 
4 26 27 
4 26 32 
4 27 32 
3 27 32 
3 26 32 
3 23 32 
3 23 27 
3 23 26 
3 2 26 
3 2 27 
3 2 32 
3 2 33 
3 2 34 
3 2 35 
3 2 36 
3 2 41 
3 2 42 
3 23 42 
3 1 42 
3 1 41 
3 1 36 
3 1 35 
3 1 34 
3 1 33 
3 1 32 
3 1 27 
3 1 26 
3 1 23 
3 1 2 
3 23 2 
3 39 2 
3 39 23 
3 39 26 
3 39 27 
3 39 32 
3 39 33 
3 39 34 
3 39 35 
3 39 36 
3 39 41 
3 39 42 
3 40 42 
3 40 41 
3 40 36 
3 40 35 
3 40 34 
3 40 33 
3 40 32 
3 40 27 
3 40 26 
3 40 23 
3 40 2 
24 40 2 
4 40 2 
4 39 2 
24 39 2 
5 39 2 
5 40 2 
5 40 3 
24 40 3 
4 40 3 
4 40 24 
4 40 5 
24 40 5 
1 40 5 
1 40 24 
1 40 4 
1 39 4 
1 38 4 
1 37 4 
1 43 4 
23 43 4 
23 37 4 
2 37 4 
2 43 4 
2 25 4 
23 25 4 
23 25 24 
26 25 24 
27 25 24 
32 25 24 
32 25 5 
33 25 5 
34 25 5 
35 25 5 
35 0 5 
34 0 5 
34 0 24 
34 0 4 
33 0 4 
32 0 4 
27 0 4 
26 0 4 
23 0 4 
2 0 4 
3 0 4 
3 25 4 
3 43 4 
3 37 4 
3 38 4 
23 38 4 
2 38 4 
26 38 4 
27 38 4 
32 38 4 
32 37 4 
27 37 4 
27 43 4 
32 43 4 
33 43 4 
33 37 4 
33 38 4 
34 38 4 
35 38 4 
35 37 4 
35 43 4 
34 43 4 
34 37 4 
26 37 4 
26 43 4 
38 43 4 
38 37 4 
39 37 4 
39 43 4 
39 25 4 
39 0 4 
40 0 4 
40 25 4 
41 25 4 
36 25 4 
36 0 4 
41 0 4 
42 0 4 
42 25 4 
42 43 4 
42 37 4 
40 37 4 
40 43 4 
40 28 4 
40 29 4 
40 30 4 
40 31 4 
39 31 4 
39 30 4 
39 29 4 
39 28 4 
39 17 4 
40 17 4 
41 17 4 
36 17 4 
36 19 4 
36 19 24 
36 19 5 
41 19 5 
42 19 5 
42 17 5 
42 28 5 
42 28 3 
42 29 3 
42 30 3 
42 31 3 
42 31 23 
42 31 2 
42 30 2 
42 30 23 
42 29 23 
42 29 2 
42 29 1 
42 30 1 
42 31 1 
42 31 0 
42 30 0 
42 29 0 
42 28 0 
42 28 25 
42 29 25 
42 30 25 
42 31 25 
42 31 43 
42 31 37 
42 30 37 
42 30 43 
42 29 43 
42 29 37 
42 29 38 
42 30 38 
42 31 38 
42 28 38 
42 28 37 
42 28 43 
42 17 43 
42 17 37 
42 17 38 
42 19 38 
42 19 26 
42 19 27 
42 19 32 
42 19 33 
42 19 34 
42 19 35 
42 16 35 
42 16 34 
42 16 33 
42 16 32 
42 16 27 
42 16 26 
42 16 23 
42 16 2 
41 16 2 
36 16 2 
36 16 3 
36 16 24 
36 16 4 
36 6 4 
36 6 24 
36 6 5 
41 6 5 
42 6 5 
42 22 5 
42 7 5 
42 7 24 
42 22 24 
42 22 4 
42 7 4 
41 7 4 
41 22 4 
36 22 4 
36 7 4 
35 7 4 
35 22 4 
34 22 4 
34 7 4 
33 7 4 
33 22 4 
32 22 4 
27 22 4 
27 7 4 
32 7 4 
26 7 4 
26 22 4 
23 22 4 
23 7 4 
2 7 4 
2 22 4 
2 6 4 
23 6 4 
26 6 4 
27 6 4 
32 6 4 
33 6 4 
34 6 4 
35 6 4 
35 6 3 
35 22 3 
35 7 3 
35 10 3 
34 10 3 
33 10 3 
32 10 3 
27 10 3 
26 10 3 
23 10 3 
2 10 3 
2 10 24 
2 10 4 
2 11 4 
2 11 24 
23 11 24 
23 11 5 
26 11 5 
27 11 5 
32 11 5 
33 11 5 
34 11 5 
35 11 5 
36 11 5 
41 11 5 
42 11 5 
42 21 5 
42 8 5 
42 8 24 
42 8 4 
42 21 4 
42 21 24 
41 21 24 
41 8 24 
36 8 24 
36 21 24 
35 21 24 
35 8 24 
34 8 24 
34 21 24 
33 21 24 
33 8 24 
32 8 24 
27 8 24 
26 8 24 
26 21 24 
27 21 24 
32 21 24 
32 21 3 
32 8 3 
31 8 3 
31 21 3 
30 21 3 
30 8 3 
29 8 3 
29 21 3 
28 21 3 
28 8 3 
17 8 3 
17 21 3 
17 11 3 
28 11 3 
29 11 3 
30 11 3 
31 11 3 
31 10 3 
30 10 3 
29 10 3 
28 10 3 
17 10 3 
19 10 3 
19 10 23 
19 10 2 
19 11 2 
19 21 2 
19 21 23 
19 8 23 
19 8 2 
16 8 2 
16 21 2 
16 11 2 
16 10 2 
16 22 2 
16 7 2 
6 7 2 
6 22 2 
6 10 2 
22 10 2 
7 10 2 
7 11 2 
22 11 2 
22 21 2 
7 21 2 
7 8 2 
22 8 2 
6 8 2 
6 21 2 
6 11 2 
6 11 1 
6 21 1 
6 8 1 
22 8 1 
7 8 1 
7 8 0 
22 8 0 
22 21 0 
22 21 25 
7 21 25 
7 8 25 
7 8 43 
7 8 37 
22 8 37 
22 8 43 
22 21 43 
22 21 37 
22 21 38 
7 21 38 
7 8 38 
7 8 39 
22 8 39 
22 21 39 
22 11 39 
22 11 40 
7 11 40 
7 21 40 
7 8 40 
6 8 40 
6 8 39 
6 8 38 
6 8 37 
6 8 43 
6 8 25 
6 8 0 
16 8 0 
16 8 25 
16 8 43 
16 8 37 
16 8 38 
16 8 39 
16 8 40 
19 8 40 
19 8 39 
19 12 39 
19 12 26 
19 12 27 
19 12 32 
19 12 33 
19 12 34 
19 12 35 
19 12 36 
19 12 41 
19 12 42 
19 20 42 
19 9 42 
19 9 41 
19 9 36 
19 20 36 
19 20 41 
19 20 40 
19 9 40 
19 9 39 
19 9 26 
19 9 27 
19 9 32 
19 9 33 
19 9 34 
19 9 35 
19 20 35 
19 20 34 
19 20 33 
19 20 32 
19 20 27 
19 20 26 
19 20 23 
19 20 2 
19 9 2 
19 9 23 
19 9 1 
19 20 1 
19 12 1 
19 12 23 
19 12 2 
17 12 2 
28 12 2 
29 12 2 
30 12 2 
31 12 2 
31 20 2 
30 20 2 
29 20 2 
29 9 2 
30 9 2 
31 9 2 
31 9 3 
31 20 3 
31 12 3 
31 12 24 
31 12 4 
31 20 4 
31 20 24 
31 20 5 
31 9 5 
31 9 24 
31 9 4 
28 9 4 
28 20 4 
17 20 4 
17 9 4 
43 9 4 
37 9 4 
38 9 4 
38 20 4 
37 20 4 
43 20 4 
43 12 4 
37 12 4 
38 12 4 
38 12 5 
38 12 40 
38 12 39 
38 20 39 
38 18 39 
26 18 39 
27 18 39 
32 18 39 
33 18 39 
34 18 39 
35 18 39 
36 18 39 
41 18 39 
42 18 39 
42 18 23 
42 18 2 
42 18 3 
42 18 24 
42 18 4 
42 18 5 
40 18 5 
41 36 5 
40 39 5 
0 38 5 
0 37 5 
0 43 5 
25 43 5 
25 37 5 
25 38 5 
25 1 5 
0 1 5 
0 25 5 
0 19 5 
25 19 5 
43 19 5 
37 19 5 
37 16 5 
28 16 5 
29 16 5 
30 16 5 
31 16 5 
31 6 5 
30 6 5 
29 6 5 
28 6 5 
17 6 5 
19 6 5 
19 22 5 
19 7 5 
17 7 5 
17 22 5 
28 22 5 
28 7 5 
29 7 5 
29 22 5 
30 22 5 
30 7 5 
31 7 5 
31 22 5 
31 10 5 
31 10 41 
31 10 36 
31 10 40 
31 10 39 
31 10 38 
31 10 37 
31 10 43 
31 10 25 
31 10 0 
31 11 0 
31 11 25 
31 11 43 
31 11 37 
31 11 38 
31 11 30 
31 11 29 
30 11 29 
30 11 28 
29 11 28 
29 11 17 
30 11 17 
31 11 17 
31 11 28 
31 11 19 
30 11 19 
29 11 19 
28 11 19 
17 11 19 
17 11 16 
19 11 16 
6 11 16 
6 12 16 
6 20 16 
6 9 16 
22 9 16 
7 9 16 
7 20 16 
22 20 16 
22 12 16 
7 12 16 
7 12 22 
7 12 10 
7 20 10 
7 9 10 
7 9 11 
7 20 11 
7 12 11 
7 12 21 
7 12 8 
7 20 8 
7 20 21 
7 9 21 
7 9 8 
7 9 12 
7 20 12 
7 20 9 
7 18 9 
22 18 9 
22 18 20 
22 18 12 
6 18 12 
6 18 21 
6 18 8 
16 18 8 
19 18 8 
17 18 8 
28 18 8 
29 18 8 
30 18 8 
31 18 8 
31 18 11 
31 18 10 
31 18 15 
27 18 15 
32 18 15 
33 18 15 
34 18 15 
35 18 15 
36 18 15 
41 18 15 
42 18 15 
42 18 13 
41 18 13 
36 18 13 
35 18 13 
34 18 13 
33 18 13 
32 18 13 
27 18 13 
26 18 13 
23 18 13 
2 18 13 
3 18 13 
24 18 13 
4 18 13 
4 18 15 
24 18 15 
5 18 15 
5 18 13 
5 18 14 
24 18 14 
4 18 14 
3 18 14 
23 18 14 
2 18 14 
2 18 15 
23 18 15 
26 18 15 
38 18 15 
37 18 15 
43 18 15 
25 18 15 
0 18 15 
0 18 13 
25 18 13 
43 18 13 
37 18 13 
38 18 13 
39 18 13 
40 18 13 
40 18 15 
39 18 15 
39 18 14 
26 18 14 
27 18 14 
32 18 14 
33 18 14 
34 18 14 
35 18 14 
36 18 14 
41 18 14 
42 18 14 
42 20 14 
42 9 14 
42 9 15 
42 20 15 
42 12 15 
42 21 15 
42 8 15 
42 8 13 
42 21 13 
42 11 13 
42 10 13 
42 22 13 
42 7 13 
42 6 13 
42 6 15 
42 22 15 
42 7 15 
42 7 14 
42 22 14 
42 6 14 
42 16 14 
42 19 14 
42 17 14 
42 28 14 
42 29 14 
42 30 14 
42 31 14 
42 31 13 
42 30 13 
42 29 13 
42 28 13 
42 17 13 
42 19 13 
42 16 13 
42 16 15 
42 19 15 
42 17 15 
42 28 15 
42 29 15 
42 30 15 
3 30 15 
1 30 15 
1 28 15 
1 17 15 
1 17 13 
0 17 13 
25 17 13 
25 17 14 
0 17 14 
1 17 14 
38 17 14 
37 17 14 
43 17 14 
28 17 14 
28 33 14 
29 33 14 
30 33 14 
31 33 14 
40 33 14 
12 33 14 
21 33 14 
8 33 14 
11 33 14 
10 33 14 
10 33 15 
11 33 15 
11 33 10 
21 33 10 
8 33 10 
8 33 11 
21 33 11 
8 33 21 
8 1 10 
12 0 10 
12 25 10 
20 25 10 
9 25 10 
9 0 10 
20 0 10 
18 1 10 
18 1 16 
18 37 43 
20 37 13 
9 37 13 
12 37 13 
15 37 13 
14 37 13 
14 37 15 
42 42 42 
;

MOVING ROBOT :
0 0 0 
1 1 0 
1 0 0 
1 0 0 
0 1 0 
1 0 0 
1 0 0 
0 1 0 
0 1 0 
1 0 0 
1 0 0 
0 1 0 
1 0 0 
0 0 1 
0 1 0 
0 1 0 
1 0 0 
0 1 0 
0 1 0 
0 1 0 
1 0 0 
0 1 0 
0 1 0 
1 0 0 
0 1 0 
0 1 0 
0 1 0 
0 1 0 
1 0 0 
1 0 0 
0 1 0 
1 0 0 
0 0 1 
0 1 0 
0 0 1 
0 1 0 
0 0 1 
0 1 0 
0 0 1 
0 1 0 
1 0 0 
0 1 0 
0 1 0 
0 1 0 
0 0 1 
0 1 0 
0 1 0 
0 0 1 
0 1 0 
0 1 0 
0 1 0 
0 0 1 
0 1 0 
0 1 0 
0 0 1 
0 0 1 
0 0 1 
0 0 1 
0 0 1 
0 0 1 
1 0 0 
1 0 0 
0 0 1 
0 0 1 
1 0 0 
0 0 1 
1 0 0 
0 0 1 
0 1 0 
0 0 1 
0 0 1 
0 1 0 
0 0 1 
0 0 1 
0 0 1 
0 0 1 
0 0 1 
0 0 1 
0 0 1 
1 0 0 
1 0 0 
0 0 1 
1 0 0 
0 0 1 
1 0 0 
0 1 0 
0 0 1 
0 0 1 
0 0 1 
1 0 0 
1 0 0 
0 1 0 
0 0 1 
0 0 1 
0 0 1 
0 1 0 
0 1 0 
0 0 1 
0 1 0 
0 0 1 
0 1 0 
0 0 1 
0 1 0 
0 0 1 
0 1 0 
1 0 0 
1 0 0 
0 1 0 
0 1 0 
0 1 0 
0 1 0 
0 1 0 
0 1 0 
0 0 1 
0 1 0 
0 1 0 
0 1 0 
0 1 0 
0 0 1 
0 1 0 
0 1 0 
0 0 1 
0 1 0 
0 1 0 
0 0 1 
0 1 0 
0 1 0 
0 0 1 
0 0 1 
0 1 0 
1 0 0 
0 1 0 
0 1 0 
0 0 1 
0 0 1 
0 1 0 
0 0 1 
0 0 1 
0 0 1 
0 0 1 
0 0 1 
0 0 1 
0 0 1 
0 0 1 
0 1 0 
0 1 0 
0 0 1 
0 0 1 
0 0 1 
0 0 1 
0 0 1 
0 0 1 
0 0 1 
0 0 1 
0 0 1 
0 0 1 
0 1 0 
0 1 0 
0 0 1 
0 0 1 
0 0 1 
0 0 1 
0 0 1 
0 0 1 
0 0 1 
0 0 1 
0 0 1 
0 0 1 
0 1 0 
0 0 1 
0 0 1 
0 0 1 
0 0 1 
0 0 1 
0 0 1 
0 0 1 
0 0 1 
0 0 1 
0 0 1 
1 0 0 
1 0 0 
0 1 0 
1 0 0 
1 0 0 
0 1 0 
0 0 1 
1 0 0 
1 0 0 
0 0 1 
0 0 1 
1 0 0 
1 0 0 
0 0 1 
0 0 1 
0 1 0 
0 1 0 
0 1 0 
0 1 0 
1 0 0 
0 1 0 
1 0 0 
0 1 0 
0 1 0 
1 0 0 
0 0 1 
1 0 0 
1 0 0 
1 0 0 
0 0 1 
1 0 0 
1 0 0 
1 0 0 
0 1 0 
1 0 0 
0 0 1 
0 0 1 
1 0 0 
1 0 0 
1 0 0 
1 0 0 
1 0 0 
1 0 0 
1 0 0 
0 1 0 
0 1 0 
0 1 0 
0 1 0 
1 0 0 
1 0 0 
1 0 0 
1 0 0 
1 0 0 
0 1 0 
1 0 0 
0 1 0 
1 0 0 
1 0 0 
0 1 0 
0 1 0 
1 0 0 
1 0 0 
0 1 0 
0 1 0 
1 0 0 
0 1 0 
1 0 0 
0 1 0 
1 0 0 
0 1 0 
1 0 0 
0 1 0 
0 1 0 
0 1 0 
1 0 0 
0 1 0 
1 0 0 
1 0 0 
0 1 0 
1 0 0 
1 0 0 
0 1 0 
0 1 0 
0 1 0 
1 0 0 
0 1 0 
0 1 0 
0 1 0 
0 1 0 
0 1 0 
1 0 0 
0 1 0 
0 1 0 
0 1 0 
0 1 0 
1 0 0 
1 0 0 
1 0 0 
0 1 0 
0 0 1 
0 0 1 
1 0 0 
1 0 0 
0 1 0 
0 1 0 
0 0 1 
0 1 0 
0 1 0 
0 1 0 
0 0 1 
0 0 1 
0 1 0 
0 0 1 
0 1 0 
0 0 1 
0 0 1 
0 1 0 
0 1 0 
0 0 1 
0 1 0 
0 1 0 
0 1 0 
0 0 1 
0 1 0 
0 1 0 
0 1 0 
0 0 1 
0 0 1 
0 1 0 
0 0 1 
0 1 0 
0 0 1 
0 0 1 
0 1 0 
0 1 0 
0 1 0 
0 0 1 
0 0 1 
0 1 0 
0 0 1 
0 0 1 
0 1 0 
0 0 1 
0 0 1 
0 0 1 
0 0 1 
0 0 1 
0 0 1 
0 1 0 
0 0 1 
0 0 1 
0 0 1 
0 0 1 
0 0 1 
0 0 1 
0 0 1 
1 0 0 
1 0 0 
0 0 1 
0 0 1 
0 0 1 
0 1 0 
0 0 1 
0 0 1 
1 0 0 
1 0 0 
0 1 0 
0 1 0 
0 0 1 
0 1 0 
0 0 1 
0 1 0 
1 0 0 
0 1 0 
1 0 0 
0 1 0 
1 0 0 
0 1 0 
1 0 0 
0 1 0 
1 0 0 
0 1 0 
1 0 0 
1 0 0 
0 1 0 
1 0 0 
1 0 0 
0 1 0 
1 0 0 
0 1 0 
1 0 0 
0 1 0 
0 1 0 
1 0 0 
1 0 0 
1 0 0 
1 0 0 
1 0 0 
1 0 0 
1 0 0 
0 0 1 
0 1 0 
0 1 0 
0 1 0 
1 0 0 
1 0 0 
1 0 0 
1 0 0 
1 0 0 
1 0 0 
1 0 0 
0 0 1 
0 0 1 
0 1 0 
0 0 1 
1 0 0 
0 0 1 
1 0 0 
1 0 0 
1 0 0 
1 0 0 
1 0 0 
1 0 0 
1 0 0 
1 0 0 
1 0 0 
0 1 0 
0 1 0 
0 0 1 
0 0 1 
0 1 0 
0 0 1 
1 0 0 
0 1 0 
1 0 0 
0 1 0 
1 0 0 
0 1 0 
1 0 0 
0 1 0 
1 0 0 
0 1 0 
1 0 0 
1 0 0 
1 0 0 
0 1 0 
1 0 0 
1 0 0 
0 0 1 
0 1 0 
1 0 0 
0 1 0 
1 0 0 
0 1 0 
1 0 0 
0 1 0 
1 0 0 
0 1 0 
1 0 0 
0 1 0 
0 1 0 
1 0 0 
1 0 0 
1 0 0 
1 0 0 
0 1 0 
1 0 0 
1 0 0 
1 0 0 
1 0 0 
1 0 0 
0 0 1 
0 0 1 
0 1 0 
0 1 0 
0 0 1 
0 1 0 
0 0 1 
1 0 0 
0 1 0 
0 1 0 
0 1 0 
0 1 0 
0 1 0 
1 0 0 
0 1 0 
0 1 0 
1 0 0 
1 0 0 
0 1 0 
1 0 0 
0 1 0 
1 0 0 
0 1 0 
1 0 0 
1 0 0 
0 1 0 
0 1 0 
0 0 1 
0 1 0 
0 1 0 
1 0 0 
1 0 0 
0 0 1 
1 0 0 
0 1 0 
0 0 1 
1 0 0 
0 1 0 
0 0 1 
0 0 1 
1 0 0 
0 0 1 
0 1 0 
0 0 1 
0 0 1 
1 0 0 
0 1 0 
0 0 1 
1 0 0 
0 1 0 
0 1 0 
0 0 1 
1 0 0 
0 1 0 
0 1 0 
1 0 0 
0 0 1 
0 0 1 
0 0 1 
0 0 1 
0 0 1 
0 0 1 
1 0 0 
0 0 1 
0 0 1 
0 0 1 
0 0 1 
0 0 1 
0 0 1 
1 0 0 
0 0 1 
0 1 0 
0 0 1 
0 0 1 
0 0 1 
0 0 1 
0 0 1 
0 0 1 
0 0 1 
0 0 1 
0 0 1 
0 1 0 
0 1 0 
0 0 1 
0 0 1 
0 1 0 
0 0 1 
0 0 1 
0 1 0 
0 0 1 
0 0 1 
0 0 1 
0 0 1 
0 0 1 
0 0 1 
0 0 1 
0 1 0 
0 0 1 
0 0 1 
0 0 1 
0 0 1 
0 0 1 
0 0 1 
0 0 1 
0 1 0 
0 0 1 
0 0 1 
0 1 0 
0 1 0 
0 0 1 
0 0 1 
1 0 0 
1 0 0 
1 0 0 
1 0 0 
1 0 0 
0 1 0 
1 0 0 
1 0 0 
0 1 0 
1 0 0 
1 0 0 
0 0 1 
0 1 0 
0 1 0 
0 0 1 
0 0 1 
0 1 0 
0 0 1 
0 0 1 
0 1 0 
0 0 1 
0 0 1 
1 0 0 
0 1 0 
1 0 0 
0 1 0 
1 0 0 
1 0 0 
1 0 0 
0 1 0 
1 0 0 
1 0 0 
0 1 0 
1 0 0 
1 0 0 
0 0 1 
0 0 1 
0 0 1 
0 1 0 
0 1 0 
1 0 0 
1 0 0 
1 0 0 
1 0 0 
1 0 0 
1 0 0 
1 0 0 
1 0 0 
1 0 0 
0 0 1 
0 0 1 
0 0 1 
0 0 1 
0 0 1 
0 0 1 
1 0 0 
1 1 0 
1 1 0 
1 1 0 
0 1 0 
0 1 0 
1 0 0 
0 1 0 
0 1 0 
0 1 0 
1 0 0 
0 1 0 
0 1 0 
1 0 0 
1 0 0 
1 0 0 
0 1 0 
1 0 0 
1 0 0 
1 0 0 
1 0 0 
0 1 0 
1 0 0 
1 0 0 
1 0 0 
1 0 0 
1 0 0 
0 1 0 
0 1 0 
1 0 0 
0 1 0 
1 0 0 
0 1 0 
1 0 0 
0 1 0 
1 0 0 
0 1 0 
1 0 0 
0 1 0 
0 1 0 
0 0 1 
0 0 1 
0 0 1 
0 0 1 
0 0 1 
0 0 1 
0 0 1 
0 0 1 
0 0 1 
0 1 0 
0 0 1 
0 0 1 
0 0 1 
0 0 1 
0 0 1 
0 0 1 
1 0 0 
0 0 1 
1 0 0 
0 0 1 
1 0 0 
1 0 0 
0 0 1 
0 0 1 
1 0 0 
1 0 0 
1 0 0 
1 0 0 
0 0 1 
1 0 0 
1 0 0 
0 1 0 
0 1 0 
0 1 0 
1 0 0 
1 0 0 
0 1 0 
1 0 0 
0 1 0 
1 0 0 
0 0 1 
0 0 1 
0 1 0 
0 1 0 
0 0 1 
0 1 0 
0 1 0 
0 0 1 
0 0 1 
0 1 0 
0 0 1 
0 1 0 
0 0 1 
0 0 1 
0 1 0 
0 0 1 
0 1 0 
1 0 0 
0 0 1 
0 0 1 
1 0 0 
0 0 1 
0 0 1 
1 0 0 
1 0 0 
1 0 0 
1 0 0 
1 0 0 
1 0 0 
1 0 0 
0 0 1 
0 0 1 
0 0 1 
1 0 0 
1 0 0 
1 0 0 
1 0 0 
1 0 0 
1 0 0 
1 0 0 
1 0 0 
0 0 1 
1 0 0 
1 0 0 
1 0 0 
1 0 0 
1 0 0 
1 0 0 
1 0 0 
1 0 0 
1 0 0 
1 0 0 
1 0 0 
1 0 0 
1 0 0 
0 0 1 
1 0 0 
1 0 0 
0 0 1 
0 0 1 
1 0 0 
1 0 0 
1 0 0 
1 0 0 
1 0 0 
0 0 1 
1 0 0 
1 0 0 
1 0 0 
1 0 0 
1 0 0 
1 0 0 
1 0 0 
0 0 1 
1 0 0 
1 0 0 
1 0 0 
1 0 0 
1 0 0 
1 0 0 
0 0 1 
1 0 0 
0 0 1 
1 0 0 
1 0 0 
1 0 0 
1 0 0 
1 0 0 
1 0 0 
1 0 0 
1 0 0 
1 0 0 
0 1 0 
0 1 0 
0 0 1 
0 1 0 
0 1 0 
0 1 0 
0 1 0 
0 0 1 
0 1 0 
0 1 0 
0 1 0 
0 1 0 
0 1 0 
0 1 0 
0 0 1 
0 1 0 
0 1 0 
0 0 1 
0 1 0 
0 1 0 
0 1 0 
0 1 0 
0 1 0 
0 1 0 
0 1 0 
0 1 0 
0 1 0 
0 0 1 
0 1 0 
0 1 0 
0 1 0 
0 1 0 
0 1 0 
0 1 0 
0 0 1 
0 1 0 
0 1 0 
0 1 0 
0 1 0 
0 1 0 
1 0 0 
1 0 0 
0 1 0 
0 1 0 
0 0 1 
1 0 0 
1 0 0 
0 0 1 
1 0 0 
1 0 0 
1 0 0 
1 0 0 
1 0 0 
1 0 0 
0 1 0 
1 0 0 
1 0 0 
1 0 0 
1 0 0 
1 0 0 
1 0 0 
1 0 0 
1 0 0 
1 0 0 
0 0 1 
1 0 0 
0 0 1 
1 0 0 
1 0 0 
0 0 1 
1 0 0 
1 0 1 
0 1 1 
1 1 0 
0 1 0 
1 0 0 
1 0 0 
0 1 0 
1 0 0 
1 1 0 
0 0 1 
0 1 1 
1 0 1 
1 0 0 
1 0 0 
1 0 0 
1 0 0 
0 0 1 
1 1 1 
;
MEASURING ROBOT :
0 0 0 
1 1 1 
1 1 1 
1 1 1 
1 1 1 
1 1 0 
1 1 0 
1 1 1 
1 1 1 
1 1 0 
1 1 0 
1 1 0 
1 1 0 
0 1 1 
0 1 1 
1 1 1 
1 1 0 
1 1 1 
1 1 1 
1 1 1 
1 1 0 
1 1 0 
1 1 0 
1 1 0 
1 1 0 
1 1 0 
1 1 1 
1 1 1 
1 1 0 
1 1 0 
1 1 0 
1 1 0 
0 1 1 
0 1 1 
0 1 1 
0 1 1 
0 1 1 
0 1 1 
0 1 1 
0 1 1 
1 0 1 
0 1 1 
0 1 1 
0 1 1 
0 1 1 
0 1 1 
0 1 1 
0 1 1 
0 1 1 
0 1 1 
0 1 1 
0 1 1 
0 1 1 
0 1 1 
0 1 1 
0 1 1 
0 1 1 
0 1 1 
0 1 1 
1 1 1 
1 0 1 
1 0 1 
1 1 1 
1 1 1 
1 0 1 
1 0 1 
1 0 1 
1 0 1 
0 1 1 
0 1 1 
0 1 1 
0 1 1 
0 1 1 
0 1 1 
0 1 1 
0 1 1 
1 1 1 
1 1 1 
1 1 1 
1 0 1 
1 0 1 
1 0 1 
1 0 1 
1 0 1 
1 0 1 
0 1 1 
0 1 1 
0 1 1 
1 1 1 
1 0 1 
1 0 1 
0 1 1 
0 1 1 
0 1 1 
0 1 1 
0 1 1 
0 1 1 
0 1 1 
0 1 1 
0 1 1 
0 1 1 
0 1 1 
0 1 1 
1 1 1 
0 1 1 
1 0 1 
1 0 1 
0 1 1 
0 1 1 
0 1 1 
0 1 1 
0 1 1 
0 1 1 
0 1 1 
0 1 1 
0 1 1 
0 1 1 
0 1 1 
0 1 1 
0 1 1 
0 1 1 
0 1 1 
0 1 1 
0 1 1 
0 1 1 
0 1 1 
0 1 1 
0 1 1 
0 1 1 
0 1 1 
1 1 1 
1 1 0 
1 1 1 
0 1 1 
0 1 1 
1 1 1 
0 1 1 
0 1 1 
1 0 1 
1 0 1 
1 0 1 
1 0 1 
1 0 1 
1 1 1 
0 1 1 
1 1 1 
0 1 1 
0 1 1 
0 1 1 
0 1 1 
0 1 1 
0 1 1 
0 1 1 
0 1 1 
0 1 1 
0 1 1 
0 1 1 
1 1 1 
0 1 1 
0 1 1 
0 1 1 
0 1 1 
0 1 1 
0 1 1 
0 1 1 
0 1 1 
0 1 1 
0 1 1 
1 1 1 
0 1 1 
0 1 1 
0 1 1 
0 1 1 
0 1 1 
0 1 1 
0 1 1 
0 1 1 
0 1 1 
0 1 1 
1 1 0 
1 1 0 
1 1 0 
1 1 0 
1 1 0 
1 1 0 
1 0 1 
1 0 1 
1 0 1 
1 0 1 
1 0 1 
1 0 1 
1 1 1 
1 0 1 
1 0 1 
1 1 0 
1 1 0 
1 1 0 
1 1 0 
1 1 0 
1 1 0 
1 1 0 
1 1 0 
1 1 1 
1 1 0 
0 1 1 
1 1 0 
1 1 0 
1 1 0 
0 1 1 
1 1 0 
1 1 0 
1 1 0 
1 1 1 
1 1 0 
0 1 1 
0 1 1 
1 1 0 
1 1 0 
1 1 0 
1 1 0 
1 1 0 
1 1 0 
1 1 0 
1 1 0 
1 1 0 
1 1 0 
1 1 0 
1 1 0 
1 1 0 
1 1 0 
1 1 0 
1 1 0 
1 1 0 
1 1 0 
1 1 0 
1 1 0 
1 1 0 
1 1 0 
1 1 0 
1 1 0 
1 1 0 
1 1 0 
1 1 0 
1 1 0 
1 1 0 
1 1 0 
1 1 0 
1 1 0 
1 1 0 
1 1 0 
1 1 0 
1 1 0 
1 1 0 
1 1 0 
1 1 0 
1 1 0 
1 1 0 
1 1 0 
1 1 0 
1 1 0 
1 1 0 
1 1 0 
1 1 0 
1 1 0 
1 1 0 
1 1 0 
1 1 0 
1 1 0 
1 1 0 
1 1 0 
1 1 0 
1 1 0 
1 1 0 
1 1 0 
1 1 0 
1 1 0 
1 1 0 
1 1 1 
0 1 1 
0 1 1 
1 1 0 
1 1 0 
1 1 0 
1 1 0 
0 1 1 
0 1 1 
0 1 1 
0 1 1 
0 1 1 
0 1 1 
0 1 1 
0 1 1 
0 1 1 
0 1 1 
0 1 1 
0 1 1 
0 1 1 
0 1 1 
0 1 1 
0 1 1 
0 1 1 
0 1 1 
0 1 1 
0 1 1 
0 1 1 
0 1 1 
0 1 1 
0 1 1 
0 1 1 
0 1 1 
0 1 1 
0 1 1 
0 1 1 
0 1 1 
0 1 1 
0 1 1 
0 1 1 
0 1 1 
0 1 1 
0 1 1 
0 1 1 
0 1 1 
0 1 1 
0 1 1 
0 1 1 
0 1 1 
0 1 1 
1 1 1 
0 1 1 
0 1 1 
0 1 1 
0 1 1 
0 1 1 
0 1 1 
0 1 1 
1 1 0 
1 1 0 
0 1 1 
0 1 1 
0 1 1 
1 1 1 
0 1 1 
0 1 1 
1 1 0 
1 1 0 
1 1 1 
1 1 1 
0 1 1 
0 1 1 
0 1 1 
0 1 1 
1 1 0 
1 1 0 
1 1 0 
1 1 0 
1 1 0 
1 1 0 
1 1 0 
1 1 0 
1 1 0 
1 1 0 
1 1 0 
1 1 0 
1 1 0 
1 1 0 
1 1 0 
1 1 0 
1 1 0 
1 1 0 
1 1 0 
1 1 0 
1 1 0 
1 1 0 
1 1 0 
1 1 0 
1 1 0 
1 1 0 
1 1 0 
1 1 0 
0 1 1 
0 1 1 
0 1 1 
1 1 1 
1 1 0 
1 1 0 
1 1 0 
1 1 0 
1 1 0 
1 1 0 
1 1 0 
0 1 1 
0 1 1 
1 1 1 
0 1 1 
1 1 0 
0 1 1 
1 1 0 
1 1 0 
1 1 0 
1 1 0 
1 1 0 
1 1 0 
1 1 0 
1 1 0 
1 1 0 
1 1 1 
1 1 1 
0 1 1 
0 1 1 
0 1 1 
0 1 1 
1 1 0 
1 1 0 
1 1 0 
1 1 0 
1 1 0 
1 1 0 
1 1 0 
1 1 0 
1 1 0 
1 1 0 
1 1 0 
1 1 0 
1 1 0 
1 1 0 
1 1 0 
1 1 0 
0 1 1 
0 1 1 
1 1 0 
1 1 0 
1 1 0 
1 1 0 
1 1 0 
1 1 0 
1 1 0 
1 1 0 
1 1 1 
1 1 0 
1 1 1 
1 1 0 
1 1 0 
1 1 0 
1 1 0 
1 1 0 
1 1 0 
1 1 0 
1 1 0 
1 1 0 
1 1 1 
1 0 1 
1 0 1 
1 1 0 
1 1 1 
0 1 1 
1 1 1 
0 1 1 
1 1 0 
1 1 0 
1 1 0 
1 1 0 
1 1 0 
1 1 0 
1 1 0 
1 1 0 
1 1 0 
1 1 0 
1 1 0 
1 1 0 
1 1 0 
1 1 0 
1 1 0 
1 1 0 
1 1 0 
1 1 0 
1 1 0 
1 1 0 
1 1 1 
0 1 1 
0 1 1 
1 0 1 
1 0 1 
1 1 1 
1 0 1 
0 1 1 
1 1 1 
1 0 1 
0 1 1 
1 1 1 
1 1 1 
1 0 1 
1 0 1 
0 1 1 
0 1 1 
1 1 1 
1 0 1 
0 1 1 
1 1 1 
1 0 1 
0 1 1 
0 1 1 
1 1 1 
1 0 1 
0 1 1 
0 1 1 
1 0 1 
1 0 1 
1 0 1 
1 0 1 
1 0 1 
1 0 1 
1 0 1 
1 0 1 
1 0 1 
1 0 1 
1 0 1 
1 0 1 
1 0 1 
1 0 1 
1 0 1 
1 0 1 
1 1 1 
0 1 1 
0 1 1 
0 1 1 
0 1 1 
0 1 1 
0 1 1 
0 1 1 
0 1 1 
0 1 1 
1 1 1 
1 1 1 
0 1 1 
0 1 1 
0 1 1 
0 1 1 
0 1 1 
0 1 1 
0 1 1 
0 1 1 
0 1 1 
0 1 1 
0 1 1 
0 1 1 
0 1 1 
0 1 1 
0 1 1 
0 1 1 
0 1 1 
0 1 1 
0 1 1 
0 1 1 
0 1 1 
0 1 1 
0 1 1 
1 1 1 
0 1 1 
0 1 1 
0 1 1 
0 1 1 
1 1 0 
1 1 0 
1 1 0 
1 1 0 
1 1 0 
1 1 0 
1 1 0 
1 1 0 
1 1 0 
1 1 0 
1 1 0 
0 1 1 
0 1 1 
0 1 1 
0 1 1 
0 1 1 
0 1 1 
0 1 1 
0 1 1 
0 1 1 
0 1 1 
0 1 1 
1 1 0 
1 1 0 
1 1 0 
1 1 0 
1 1 0 
1 1 0 
1 1 0 
1 1 0 
1 1 0 
1 1 0 
1 1 0 
1 1 0 
1 1 0 
0 1 1 
1 1 1 
1 0 1 
0 1 1 
1 1 1 
1 1 0 
1 1 0 
1 1 0 
1 1 0 
1 1 0 
1 1 0 
1 1 0 
1 1 0 
1 1 0 
0 1 1 
0 1 1 
0 1 1 
0 1 1 
0 1 1 
0 1 1 
1 1 0 
1 1 0 
1 1 0 
1 1 0 
1 1 0 
1 1 0 
1 1 0 
1 1 0 
1 1 0 
1 1 0 
1 1 0 
1 1 0 
1 1 0 
1 1 0 
1 1 0 
1 1 0 
0 1 1 
1 1 0 
1 1 0 
1 1 0 
1 1 0 
1 1 0 
1 1 0 
1 1 0 
1 1 0 
1 1 0 
1 1 0 
1 1 0 
1 1 0 
1 1 0 
1 1 0 
1 1 0 
1 1 0 
1 1 0 
1 1 0 
1 1 0 
1 1 0 
1 1 0 
1 1 0 
0 1 1 
0 1 1 
0 1 1 
0 1 1 
0 1 1 
0 1 1 
0 1 1 
0 1 1 
0 1 1 
0 1 1 
0 1 1 
0 1 1 
0 1 1 
0 1 1 
0 1 1 
1 0 1 
1 0 1 
1 0 1 
1 0 1 
1 0 1 
1 0 1 
1 0 1 
1 0 1 
1 0 1 
1 0 1 
1 0 1 
1 0 1 
1 0 1 
1 0 1 
1 0 1 
1 0 1 
1 0 1 
1 1 1 
1 1 1 
1 1 1 
1 1 0 
1 1 0 
1 1 0 
1 1 0 
1 1 0 
1 1 0 
1 0 1 
0 1 1 
0 1 1 
0 1 1 
0 1 1 
0 1 1 
0 1 1 
0 1 1 
0 1 1 
0 1 1 
0 1 1 
0 1 1 
0 1 1 
0 1 1 
0 1 1 
0 1 1 
1 1 1 
1 1 0 
0 1 1 
0 1 1 
1 1 0 
0 1 1 
0 1 1 
1 1 0 
1 1 0 
1 1 0 
1 1 0 
1 1 0 
1 1 0 
1 1 0 
0 1 1 
0 1 1 
1 1 1 
1 0 1 
1 0 1 
1 0 1 
1 0 1 
1 0 1 
1 0 1 
1 0 1 
1 0 1 
1 1 1 
1 0 1 
1 0 1 
1 0 1 
1 0 1 
1 0 1 
1 0 1 
1 0 1 
1 0 1 
1 0 1 
1 0 1 
1 0 1 
1 0 1 
1 0 1 
1 0 1 
1 0 1 
1 0 1 
1 0 1 
1 1 1 
1 0 1 
1 0 1 
1 0 1 
1 0 1 
1 0 1 
1 0 1 
1 0 1 
1 0 1 
1 0 1 
1 1 1 
1 1 1 
1 1 1 
1 1 1 
1 0 1 
1 0 1 
1 0 1 
1 0 1 
1 0 1 
1 0 1 
1 0 1 
1 0 1 
1 0 1 
1 0 1 
1 0 1 
1 0 1 
1 0 1 
1 0 1 
1 0 1 
1 0 1 
1 0 1 
1 0 1 
1 0 1 
0 1 1 
0 1 1 
0 1 1 
0 1 1 
0 1 1 
0 1 1 
0 1 1 
0 1 1 
0 1 1 
0 1 1 
1 1 1 
0 1 1 
0 1 1 
0 1 1 
0 1 1 
0 1 1 
0 1 1 
0 1 1 
0 1 1 
0 1 1 
0 1 1 
0 1 1 
0 1 1 
0 1 1 
0 1 1 
0 1 1 
0 1 1 
0 1 1 
0 1 1 
0 1 1 
0 1 1 
0 1 1 
0 1 1 
0 1 1 
0 1 1 
0 1 1 
0 1 1 
0 1 1 
0 1 1 
0 1 1 
1 0 1 
1 0 1 
1 1 0 
1 1 0 
1 0 1 
1 1 0 
1 1 0 
1 0 1 
1 0 1 
1 0 1 
1 0 1 
1 0 1 
1 0 1 
1 1 0 
1 1 0 
1 1 0 
1 1 0 
1 1 0 
1 0 1 
1 0 1 
1 0 1 
1 0 1 
1 0 1 
1 0 1 
1 0 1 
1 0 1 
1 0 1 
1 0 1 
1 0 1 
1 0 1 
1 0 1 
1 0 1 
0 1 1 
1 1 0 
1 1 0 
1 1 0 
1 1 0 
1 1 0 
1 1 0 
1 1 0 
0 1 1 
0 1 1 
1 0 1 
1 0 1 
1 0 1 
1 0 1 
1 0 1 
1 0 1 
0 0 0 
;
TIMETABLE : 
0 0 0 
18.0 10.0 0 
26.0 10.0 0 
33.0 10.0 0 
33.0 19.0 0 
40.0 19.0 0 
48.0 19.0 0 
48.0 29.0 0 
48.0 37.0 0 
56.0 37.0 0 
63.0 37.0 0 
63.0 45.0 0 
70.0 45.0 0 
70.0 45.0 10.0 
70.0 53.0 10.0 
70.0 62.0 10.0 
77.0 62.0 10.0 
77.0 71.0 10.0 
77.0 77.0 10.0 
77.0 84.0 10.0 
84.0 84.0 10.0 
84.0 91.0 10.0 
84.0 97.0 10.0 
92.0 97.0 10.0 
92.0 103.0 10.0 
92.0 110.0 10.0 
92.0 118.0 10.0 
92.0 125.0 10.0 
100.0 125.0 10.0 
107.0 125.0 10.0 
107.0 132.0 10.0 
114.0 132.0 10.0 
114.0 132.0 19.0 
114.0 139.0 19.0 
114.0 139.0 29.0 
114.0 146.0 29.0 
114.0 146.0 37.0 
114.0 153.0 37.0 
114.0 153.0 46.0 
114.0 160.0 46.0 
122.0 160.0 46.0 
122.0 168.0 46.0 
122.0 175.0 46.0 
122.0 181.0 46.0 
122.0 181.0 55.0 
122.0 187.0 55.0 
122.0 194.0 55.0 
122.0 194.0 63.0 
122.0 201.0 63.0 
122.0 207.0 63.0 
122.0 216.0 63.0 
122.0 216.0 71.0 
122.0 229.0 71.0 
122.0 239.0 71.0 
122.0 239.0 79.0 
122.0 239.0 92.0 
122.0 239.0 101.0 
122.0 239.0 107.0 
122.0 239.0 114.0 
122.0 239.0 122.0 
130.0 239.0 122.0 
137.0 239.0 122.0 
137.0 239.0 131.0 
137.0 239.0 137.0 
144.0 239.0 137.0 
144.0 239.0 143.0 
152.0 239.0 143.0 
152.0 239.0 149.0 
152.0 248.0 149.0 
152.0 248.0 155.0 
152.0 248.0 164.0 
152.0 258.0 164.0 
152.0 258.0 172.0 
152.0 258.0 179.0 
152.0 258.0 185.0 
152.0 258.0 194.0 
152.0 258.0 212.0 
152.0 258.0 220.0 
152.0 258.0 228.0 
160.0 258.0 228.0 
167.0 258.0 228.0 
167.0 258.0 236.0 
174.0 258.0 236.0 
174.0 258.0 244.0 
181.0 258.0 244.0 
181.0 268.0 244.0 
181.0 268.0 252.0 
181.0 268.0 260.0 
181.0 268.0 269.0 
188.0 268.0 269.0 
196.0 268.0 269.0 
196.0 277.0 269.0 
196.0 277.0 278.0 
196.0 277.0 286.0 
196.0 277.0 294.0 
196.0 287.0 294.0 
196.0 295.0 294.0 
196.0 295.0 302.0 
196.0 303.0 302.0 
196.0 303.0 310.0 
196.0 311.0 310.0 
196.0 311.0 319.0 
196.0 319.0 319.0 
196.0 319.0 329.0 
196.0 327.0 329.0 
204.0 327.0 329.0 
211.0 327.0 329.0 
211.0 336.0 329.0 
211.0 345.0 329.0 
211.0 351.0 329.0 
211.0 358.0 329.0 
211.0 366.0 329.0 
211.0 373.0 329.0 
211.0 373.0 339.0 
211.0 380.0 339.0 
211.0 388.0 339.0 
211.0 395.0 339.0 
211.0 401.0 339.0 
211.0 401.0 348.0 
211.0 407.0 348.0 
211.0 414.0 348.0 
211.0 414.0 356.0 
211.0 421.0 356.0 
211.0 427.0 356.0 
211.0 427.0 364.0 
211.0 433.0 364.0 
211.0 440.0 364.0 
211.0 440.0 371.0 
211.0 440.0 377.0 
211.0 447.0 377.0 
225.0 447.0 377.0 
225.0 454.0 377.0 
225.0 462.0 377.0 
225.0 462.0 383.0 
225.0 462.0 390.0 
225.0 469.0 390.0 
225.0 469.0 397.0 
225.0 469.0 403.0 
225.0 469.0 412.0 
225.0 469.0 421.0 
225.0 469.0 429.0 
225.0 469.0 439.0 
225.0 469.0 448.0 
225.0 469.0 458.0 
225.0 476.0 458.0 
225.0 486.0 458.0 
225.0 486.0 468.0 
225.0 486.0 477.0 
225.0 486.0 487.0 
225.0 486.0 495.0 
225.0 486.0 504.0 
225.0 486.0 513.0 
225.0 486.0 519.0 
225.0 486.0 526.0 
225.0 486.0 534.0 
225.0 486.0 541.0 
225.0 496.0 541.0 
225.0 506.0 541.0 
225.0 506.0 548.0 
225.0 506.0 556.0 
225.0 506.0 563.0 
225.0 506.0 569.0 
225.0 506.0 578.0 
225.0 506.0 587.0 
225.0 506.0 595.0 
225.0 506.0 605.0 
225.0 506.0 614.0 
225.0 506.0 624.0 
225.0 517.0 624.0 
225.0 517.0 634.0 
225.0 517.0 643.0 
225.0 517.0 653.0 
225.0 517.0 661.0 
225.0 517.0 670.0 
225.0 517.0 679.0 
225.0 517.0 685.0 
225.0 517.0 692.0 
225.0 517.0 700.0 
225.0 517.0 707.0 
238.0 517.0 707.0 
245.0 517.0 707.0 
245.0 528.0 707.0 
252.0 528.0 707.0 
260.0 528.0 707.0 
260.0 539.0 707.0 
260.0 539.0 721.0 
268.0 539.0 721.0 
275.0 539.0 721.0 
275.0 539.0 734.0 
275.0 539.0 742.0 
282.0 539.0 742.0 
308.0 539.0 742.0 
308.0 539.0 750.0 
308.0 539.0 757.0 
308.0 550.0 757.0 
308.0 562.0 757.0 
308.0 571.0 757.0 
308.0 577.0 757.0 
318.0 577.0 757.0 
318.0 583.0 757.0 
325.0 583.0 757.0 
325.0 589.0 757.0 
325.0 600.0 757.0 
332.0 600.0 757.0 
332.0 600.0 764.0 
340.0 600.0 764.0 
347.0 600.0 764.0 
353.0 600.0 764.0 
353.0 600.0 772.0 
362.0 600.0 772.0 
371.0 600.0 772.0 
379.0 600.0 772.0 
379.0 610.0 772.0 
387.0 610.0 772.0 
387.0 610.0 780.0 
387.0 610.0 787.0 
396.0 610.0 787.0 
405.0 610.0 787.0 
411.0 610.0 787.0 
418.0 610.0 787.0 
426.0 610.0 787.0 
433.0 610.0 787.0 
447.0 610.0 787.0 
447.0 620.0 787.0 
447.0 631.0 787.0 
447.0 637.0 787.0 
447.0 646.0 787.0 
460.0 646.0 787.0 
467.0 646.0 787.0 
482.0 646.0 787.0 
489.0 646.0 787.0 
495.0 646.0 787.0 
495.0 655.0 787.0 
501.0 655.0 787.0 
501.0 661.0 787.0 
507.0 661.0 787.0 
516.0 661.0 787.0 
516.0 667.0 787.0 
516.0 676.0 787.0 
525.0 676.0 787.0 
533.0 676.0 787.0 
533.0 685.0 787.0 
533.0 691.0 787.0 
541.0 691.0 787.0 
541.0 697.0 787.0 
564.0 697.0 787.0 
564.0 703.0 787.0 
572.0 703.0 787.0 
572.0 709.0 787.0 
584.0 709.0 787.0 
584.0 715.0 787.0 
584.0 726.0 787.0 
584.0 736.0 787.0 
595.0 736.0 787.0 
595.0 746.0 787.0 
606.0 746.0 787.0 
615.0 746.0 787.0 
615.0 756.0 787.0 
624.0 756.0 787.0 
634.0 756.0 787.0 
634.0 766.0 787.0 
634.0 777.0 787.0 
634.0 783.0 787.0 
653.0 783.0 787.0 
653.0 789.0 787.0 
653.0 803.0 787.0 
653.0 812.0 787.0 
653.0 820.0 787.0 
653.0 828.0 787.0 
664.0 828.0 787.0 
664.0 836.0 787.0 
664.0 844.0 787.0 
664.0 853.0 787.0 
664.0 863.0 787.0 
675.0 863.0 787.0 
686.0 863.0 787.0 
695.0 863.0 787.0 
695.0 875.0 787.0 
695.0 875.0 794.0 
695.0 875.0 802.0 
704.0 875.0 802.0 
714.0 875.0 802.0 
714.0 887.0 802.0 
714.0 897.0 802.0 
714.0 897.0 823.0 
714.0 906.0 823.0 
714.0 914.0 823.0 
714.0 922.0 823.0 
714.0 922.0 836.0 
714.0 922.0 843.0 
714.0 930.0 843.0 
714.0 930.0 850.0 
714.0 938.0 850.0 
714.0 938.0 857.0 
714.0 938.0 872.0 
714.0 946.0 872.0 
714.0 954.0 872.0 
714.0 954.0 886.0 
714.0 962.0 886.0 
714.0 970.0 886.0 
714.0 979.0 886.0 
714.0 979.0 896.0 
714.0 988.0 896.0 
714.0 996.0 896.0 
714.0 1004.0 896.0 
714.0 1004.0 907.0 
714.0 1004.0 913.0 
714.0 1012.0 913.0 
714.0 1012.0 919.0 
714.0 1020.0 919.0 
714.0 1020.0 925.0 
714.0 1020.0 934.0 
714.0 1028.0 934.0 
714.0 1036.0 934.0 
714.0 1053.0 934.0 
714.0 1053.0 943.0 
714.0 1053.0 949.0 
714.0 1063.0 949.0 
714.0 1063.0 955.0 
714.0 1063.0 964.0 
714.0 1075.0 964.0 
714.0 1075.0 972.0 
714.0 1075.0 979.0 
714.0 1075.0 985.0 
714.0 1075.0 994.0 
714.0 1075.0 1003.0 
714.0 1075.0 1011.0 
714.0 1089.0 1011.0 
714.0 1089.0 1019.0 
714.0 1089.0 1028.0 
714.0 1089.0 1037.0 
714.0 1089.0 1043.0 
714.0 1089.0 1050.0 
714.0 1089.0 1058.0 
714.0 1089.0 1065.0 
724.0 1089.0 1065.0 
733.0 1089.0 1065.0 
733.0 1089.0 1079.0 
733.0 1089.0 1092.0 
733.0 1089.0 1099.0 
733.0 1103.0 1099.0 
733.0 1103.0 1106.0 
733.0 1103.0 1114.0 
742.0 1103.0 1114.0 
752.0 1103.0 1114.0 
752.0 1115.0 1114.0 
752.0 1121.0 1114.0 
752.0 1121.0 1122.0 
752.0 1127.0 1122.0 
752.0 1127.0 1129.0 
752.0 1133.0 1129.0 
762.0 1133.0 1129.0 
762.0 1139.0 1129.0 
771.0 1139.0 1129.0 
771.0 1145.0 1129.0 
781.0 1145.0 1129.0 
781.0 1151.0 1129.0 
789.0 1151.0 1129.0 
789.0 1157.0 1129.0 
798.0 1157.0 1129.0 
798.0 1163.0 1129.0 
807.0 1163.0 1129.0 
813.0 1163.0 1129.0 
813.0 1169.0 1129.0 
819.0 1169.0 1129.0 
832.0 1169.0 1129.0 
832.0 1175.0 1129.0 
840.0 1175.0 1129.0 
840.0 1181.0 1129.0 
847.0 1181.0 1129.0 
847.0 1187.0 1129.0 
847.0 1199.0 1129.0 
854.0 1199.0 1129.0 
862.0 1199.0 1129.0 
869.0 1199.0 1129.0 
875.0 1199.0 1129.0 
884.0 1199.0 1129.0 
893.0 1199.0 1129.0 
901.0 1199.0 1129.0 
901.0 1199.0 1143.0 
901.0 1211.0 1143.0 
901.0 1217.0 1143.0 
901.0 1234.0 1143.0 
909.0 1234.0 1143.0 
918.0 1234.0 1143.0 
927.0 1234.0 1143.0 
933.0 1234.0 1143.0 
940.0 1234.0 1143.0 
948.0 1234.0 1143.0 
955.0 1234.0 1143.0 
955.0 1234.0 1156.0 
955.0 1234.0 1163.0 
955.0 1247.0 1163.0 
955.0 1247.0 1170.0 
962.0 1247.0 1170.0 
962.0 1247.0 1178.0 
970.0 1247.0 1178.0 
977.0 1247.0 1178.0 
983.0 1247.0 1178.0 
992.0 1247.0 1178.0 
1001.0 1247.0 1178.0 
1009.0 1247.0 1178.0 
1019.0 1247.0 1178.0 
1028.0 1247.0 1178.0 
1038.0 1247.0 1178.0 
1038.0 1257.0 1178.0 
1038.0 1264.0 1178.0 
1038.0 1264.0 1186.0 
1038.0 1264.0 1193.0 
1038.0 1271.0 1193.0 
1038.0 1271.0 1200.0 
1048.0 1271.0 1200.0 
1048.0 1278.0 1200.0 
1057.0 1278.0 1200.0 
1057.0 1285.0 1200.0 
1067.0 1285.0 1200.0 
1067.0 1292.0 1200.0 
1075.0 1292.0 1200.0 
1075.0 1299.0 1200.0 
1084.0 1299.0 1200.0 
1084.0 1306.0 1200.0 
1093.0 1306.0 1200.0 
1099.0 1306.0 1200.0 
1106.0 1306.0 1200.0 
1106.0 1313.0 1200.0 
1113.0 1313.0 1200.0 
1119.0 1313.0 1200.0 
1119.0 1313.0 1213.0 
1119.0 1320.0 1213.0 
1132.0 1320.0 1213.0 
1132.0 1327.0 1213.0 
1140.0 1327.0 1213.0 
1140.0 1334.0 1213.0 
1148.0 1334.0 1213.0 
1148.0 1341.0 1213.0 
1157.0 1341.0 1213.0 
1157.0 1348.0 1213.0 
1167.0 1348.0 1213.0 
1167.0 1355.0 1213.0 
1167.0 1365.0 1213.0 
1177.0 1365.0 1213.0 
1186.0 1365.0 1213.0 
1194.0 1365.0 1213.0 
1202.0 1365.0 1213.0 
1202.0 1378.0 1213.0 
1210.0 1378.0 1213.0 
1218.0 1378.0 1213.0 
1227.0 1378.0 1213.0 
1237.0 1378.0 1213.0 
1249.0 1378.0 1213.0 
1249.0 1378.0 1226.0 
1249.0 1378.0 1233.0 
1249.0 1391.0 1233.0 
1249.0 1401.0 1233.0 
1249.0 1401.0 1240.0 
1249.0 1408.0 1240.0 
1249.0 1408.0 1247.0 
1263.0 1408.0 1247.0 
1263.0 1415.0 1247.0 
1263.0 1425.0 1247.0 
1263.0 1438.0 1247.0 
1263.0 1451.0 1247.0 
1263.0 1457.0 1247.0 
1277.0 1457.0 1247.0 
1277.0 1463.0 1247.0 
1277.0 1476.0 1247.0 
1289.0 1476.0 1247.0 
1295.0 1476.0 1247.0 
1295.0 1489.0 1247.0 
1301.0 1489.0 1247.0 
1301.0 1499.0 1247.0 
1307.0 1499.0 1247.0 
1307.0 1506.0 1247.0 
1313.0 1506.0 1247.0 
1325.0 1506.0 1247.0 
1325.0 1513.0 1247.0 
1325.0 1523.0 1247.0 
1325.0 1523.0 1262.0 
1325.0 1533.0 1262.0 
1325.0 1540.0 1262.0 
1337.0 1540.0 1262.0 
1343.0 1540.0 1262.0 
1343.0 1540.0 1276.0 
1349.0 1540.0 1276.0 
1349.0 1547.0 1276.0 
1349.0 1547.0 1286.0 
1355.0 1547.0 1286.0 
1355.0 1554.0 1286.0 
1355.0 1554.0 1297.0 
1355.0 1554.0 1303.0 
1361.0 1554.0 1303.0 
1361.0 1554.0 1309.0 
1361.0 1561.0 1309.0 
1361.0 1561.0 1315.0 
1361.0 1561.0 1324.0 
1367.0 1561.0 1324.0 
1367.0 1568.0 1324.0 
1367.0 1568.0 1336.0 
1373.0 1568.0 1336.0 
1373.0 1575.0 1336.0 
1373.0 1585.0 1336.0 
1373.0 1585.0 1347.0 
1379.0 1585.0 1347.0 
1379.0 1595.0 1347.0 
1379.0 1602.0 1347.0 
1393.0 1602.0 1347.0 
1393.0 1602.0 1358.0 
1393.0 1602.0 1370.0 
1393.0 1602.0 1379.0 
1393.0 1602.0 1385.0 
1393.0 1602.0 1396.0 
1393.0 1602.0 1406.0 
1407.0 1602.0 1406.0 
1407.0 1602.0 1416.0 
1407.0 1602.0 1427.0 
1407.0 1602.0 1433.0 
1407.0 1602.0 1442.0 
1407.0 1602.0 1454.0 
1407.0 1602.0 1465.0 
1421.0 1602.0 1465.0 
1421.0 1602.0 1476.0 
1421.0 1616.0 1476.0 
1421.0 1616.0 1484.0 
1421.0 1616.0 1491.0 
1421.0 1616.0 1497.0 
1421.0 1616.0 1506.0 
1421.0 1616.0 1515.0 
1421.0 1616.0 1523.0 
1421.0 1616.0 1533.0 
1421.0 1616.0 1542.0 
1421.0 1616.0 1552.0 
1421.0 1626.0 1552.0 
1421.0 1635.0 1552.0 
1421.0 1635.0 1562.0 
1421.0 1635.0 1571.0 
1421.0 1644.0 1571.0 
1421.0 1644.0 1580.0 
1421.0 1644.0 1591.0 
1421.0 1653.0 1591.0 
1421.0 1653.0 1602.0 
1421.0 1653.0 1610.0 
1421.0 1653.0 1617.0 
1421.0 1653.0 1623.0 
1421.0 1653.0 1632.0 
1421.0 1653.0 1641.0 
1421.0 1653.0 1649.0 
1421.0 1662.0 1649.0 
1421.0 1662.0 1657.0 
1421.0 1662.0 1666.0 
1421.0 1662.0 1675.0 
1421.0 1662.0 1681.0 
1421.0 1662.0 1688.0 
1421.0 1662.0 1696.0 
1421.0 1662.0 1703.0 
1421.0 1671.0 1703.0 
1421.0 1671.0 1710.0 
1421.0 1671.0 1720.0 
1421.0 1680.0 1720.0 
1421.0 1690.0 1720.0 
1421.0 1690.0 1730.0 
1421.0 1690.0 1737.0 
1433.0 1690.0 1737.0 
1443.0 1690.0 1737.0 
1452.0 1690.0 1737.0 
1460.0 1690.0 1737.0 
1468.0 1690.0 1737.0 
1468.0 1700.0 1737.0 
1476.0 1700.0 1737.0 
1484.0 1700.0 1737.0 
1484.0 1709.0 1737.0 
1492.0 1709.0 1737.0 
1500.0 1709.0 1737.0 
1500.0 1709.0 1751.0 
1500.0 1718.0 1751.0 
1500.0 1728.0 1751.0 
1500.0 1728.0 1764.0 
1500.0 1728.0 1771.0 
1500.0 1738.0 1771.0 
1500.0 1738.0 1778.0 
1500.0 1738.0 1786.0 
1500.0 1747.0 1786.0 
1500.0 1747.0 1794.0 
1500.0 1747.0 1801.0 
1517.0 1747.0 1801.0 
1517.0 1756.0 1801.0 
1527.0 1756.0 1801.0 
1527.0 1765.0 1801.0 
1547.0 1765.0 1801.0 
1553.0 1765.0 1801.0 
1562.0 1765.0 1801.0 
1562.0 1774.0 1801.0 
1571.0 1774.0 1801.0 
1577.0 1774.0 1801.0 
1577.0 1784.0 1801.0 
1583.0 1784.0 1801.0 
1592.0 1784.0 1801.0 
1592.0 1784.0 1816.0 
1592.0 1784.0 1837.0 
1592.0 1784.0 1848.0 
1592.0 1794.0 1848.0 
1592.0 1813.0 1848.0 
1600.0 1813.0 1848.0 
1607.0 1813.0 1848.0 
1613.0 1813.0 1848.0 
1622.0 1813.0 1848.0 
1631.0 1813.0 1848.0 
1639.0 1813.0 1848.0 
1649.0 1813.0 1848.0 
1658.0 1813.0 1848.0 
1668.0 1813.0 1848.0 
1668.0 1813.0 1858.0 
1668.0 1813.0 1865.0 
1668.0 1813.0 1879.0 
1668.0 1813.0 1892.0 
1668.0 1813.0 1899.0 
1668.0 1813.0 1914.0 
1687.0 1813.0 1914.0 
1698.0 1831.0 1914.0 
1709.0 1858.0 1914.0 
1746.0 1870.0 1914.0 
1746.0 1879.0 1914.0 
1746.0 1885.0 1914.0 
1756.0 1885.0 1914.0 
1756.0 1891.0 1914.0 
1756.0 1900.0 1914.0 
1756.0 1918.0 1914.0 
1766.0 1918.0 1914.0 
1766.0 1934.0 1914.0 
1766.0 1963.0 1914.0 
1776.0 1963.0 1914.0 
1787.0 1963.0 1914.0 
1793.0 1963.0 1914.0 
1793.0 1977.0 1914.0 
1813.0 1977.0 1914.0 
1822.0 1977.0 1914.0 
1830.0 1977.0 1914.0 
1838.0 1977.0 1914.0 
1838.0 1991.0 1914.0 
1846.0 1991.0 1914.0 
1854.0 1991.0 1914.0 
1863.0 1991.0 1914.0 
1873.0 1991.0 1914.0 
1885.0 1991.0 1914.0 
1885.0 2003.0 1914.0 
1885.0 2009.0 1914.0 
1897.0 2009.0 1914.0 
1897.0 2015.0 1914.0 
1907.0 2015.0 1914.0 
1907.0 2021.0 1914.0 
1916.0 2021.0 1914.0 
1916.0 2027.0 1914.0 
1924.0 2027.0 1914.0 
1924.0 2033.0 1914.0 
1932.0 2033.0 1914.0 
1932.0 2039.0 1914.0 
1932.0 2052.0 1914.0 
1932.0 2052.0 1930.0 
1932.0 2052.0 1939.0 
1932.0 2052.0 1955.0 
1932.0 2052.0 1966.0 
1932.0 2052.0 1978.0 
1932.0 2052.0 1987.0 
1932.0 2052.0 1993.0 
1932.0 2052.0 2004.0 
1932.0 2052.0 2014.0 
1932.0 2065.0 2014.0 
1932.0 2065.0 2024.0 
1932.0 2065.0 2035.0 
1932.0 2065.0 2041.0 
1932.0 2065.0 2050.0 
1932.0 2065.0 2074.0 
1932.0 2065.0 2082.0 
1940.0 2065.0 2082.0 
1940.0 2065.0 2091.0 
1948.0 2065.0 2091.0 
1948.0 2065.0 2101.0 
1956.0 2065.0 2101.0 
1964.0 2065.0 2101.0 
1964.0 2065.0 2111.0 
1964.0 2065.0 2125.0 
1972.0 2065.0 2125.0 
1980.0 2065.0 2125.0 
1989.0 2065.0 2125.0 
1999.0 2065.0 2125.0 
1999.0 2065.0 2139.0 
2011.0 2065.0 2139.0 
2031.0 2065.0 2139.0 
2031.0 2088.0 2139.0 
2031.0 2098.0 2139.0 
2031.0 2107.0 2139.0 
2043.0 2107.0 2139.0 
2049.0 2107.0 2139.0 
2049.0 2116.0 2139.0 
2055.0 2116.0 2139.0 
2055.0 2126.0 2139.0 
2061.0 2126.0 2139.0 
2061.0 2126.0 2155.0 
2061.0 2126.0 2168.0 
2061.0 2136.0 2168.0 
2061.0 2145.0 2168.0 
2061.0 2145.0 2181.0 
2061.0 2154.0 2181.0 
2061.0 2164.0 2181.0 
2061.0 2164.0 2191.0 
2061.0 2164.0 2198.0 
2061.0 2174.0 2198.0 
2061.0 2174.0 2205.0 
2061.0 2183.0 2205.0 
2061.0 2183.0 2212.0 
2061.0 2183.0 2226.0 
2061.0 2192.0 2226.0 
2061.0 2192.0 2243.0 
2061.0 2211.0 2243.0 
2067.0 2211.0 2243.0 
2067.0 2211.0 2252.0 
2067.0 2211.0 2262.0 
2079.0 2211.0 2262.0 
2079.0 2211.0 2275.0 
2079.0 2211.0 2282.0 
2093.0 2211.0 2282.0 
2107.0 2211.0 2282.0 
2119.0 2211.0 2282.0 
2129.0 2211.0 2282.0 
2138.0 2211.0 2282.0 
2146.0 2211.0 2282.0 
2154.0 2211.0 2282.0 
2154.0 2211.0 2299.0 
2154.0 2211.0 2312.0 
2154.0 2211.0 2336.0 
2161.0 2211.0 2336.0 
2167.0 2211.0 2336.0 
2176.0 2211.0 2336.0 
2185.0 2211.0 2336.0 
2193.0 2211.0 2336.0 
2203.0 2211.0 2336.0 
2212.0 2211.0 2336.0 
2222.0 2211.0 2336.0 
2222.0 2211.0 2350.0 
2232.0 2211.0 2350.0 
2241.0 2211.0 2350.0 
2251.0 2211.0 2350.0 
2259.0 2211.0 2350.0 
2268.0 2211.0 2350.0 
2277.0 2211.0 2350.0 
2283.0 2211.0 2350.0 
2290.0 2211.0 2350.0 
2298.0 2211.0 2350.0 
2305.0 2211.0 2350.0 
2319.0 2211.0 2350.0 
2332.0 2211.0 2350.0 
2339.0 2211.0 2350.0 
2339.0 2211.0 2364.0 
2346.0 2211.0 2364.0 
2354.0 2211.0 2364.0 
2354.0 2211.0 2378.0 
2354.0 2211.0 2396.0 
2362.0 2211.0 2396.0 
2369.0 2211.0 2396.0 
2383.0 2211.0 2396.0 
2396.0 2211.0 2396.0 
2403.0 2211.0 2396.0 
2403.0 2211.0 2410.0 
2410.0 2211.0 2410.0 
2418.0 2211.0 2410.0 
2426.0 2211.0 2410.0 
2435.0 2211.0 2410.0 
2441.0 2211.0 2410.0 
2452.0 2211.0 2410.0 
2462.0 2211.0 2410.0 
2462.0 2211.0 2424.0 
2472.0 2211.0 2424.0 
2483.0 2211.0 2424.0 
2489.0 2211.0 2424.0 
2498.0 2211.0 2424.0 
2510.0 2211.0 2424.0 
2521.0 2211.0 2424.0 
2521.0 2211.0 2438.0 
2532.0 2211.0 2438.0 
2532.0 2211.0 2452.0 
2540.0 2211.0 2452.0 
2547.0 2211.0 2452.0 
2553.0 2211.0 2452.0 
2562.0 2211.0 2452.0 
2571.0 2211.0 2452.0 
2579.0 2211.0 2452.0 
2589.0 2211.0 2452.0 
2598.0 2211.0 2452.0 
2608.0 2211.0 2452.0 
2608.0 2230.0 2452.0 
2608.0 2239.0 2452.0 
2608.0 2239.0 2466.0 
2608.0 2248.0 2466.0 
2608.0 2258.0 2466.0 
2608.0 2271.0 2466.0 
2608.0 2278.0 2466.0 
2608.0 2278.0 2480.0 
2608.0 2285.0 2480.0 
2608.0 2295.0 2480.0 
2608.0 2308.0 2480.0 
2608.0 2321.0 2480.0 
2608.0 2327.0 2480.0 
2608.0 2341.0 2480.0 
2608.0 2341.0 2494.0 
2608.0 2353.0 2494.0 
2608.0 2359.0 2494.0 
2608.0 2359.0 2508.0 
2608.0 2365.0 2508.0 
2608.0 2377.0 2508.0 
2608.0 2391.0 2508.0 
2608.0 2405.0 2508.0 
2608.0 2417.0 2508.0 
2608.0 2427.0 2508.0 
2608.0 2436.0 2508.0 
2608.0 2444.0 2508.0 
2608.0 2452.0 2508.0 
2608.0 2452.0 2526.0 
2608.0 2460.0 2526.0 
2608.0 2468.0 2526.0 
2608.0 2477.0 2526.0 
2608.0 2487.0 2526.0 
2608.0 2499.0 2526.0 
2608.0 2513.0 2526.0 
2608.0 2513.0 2540.0 
2608.0 2527.0 2540.0 
2608.0 2539.0 2540.0 
2608.0 2549.0 2540.0 
2608.0 2558.0 2540.0 
2608.0 2566.0 2540.0 
2639.0 2566.0 2540.0 
2660.0 2566.0 2540.0 
2660.0 2579.0 2540.0 
2660.0 2589.0 2540.0 
2660.0 2589.0 2554.0 
2674.0 2589.0 2554.0 
2684.0 2589.0 2554.0 
2684.0 2589.0 2572.0 
2694.0 2589.0 2572.0 
2708.0 2589.0 2572.0 
2726.0 2589.0 2572.0 
2735.0 2589.0 2572.0 
2741.0 2589.0 2572.0 
2755.0 2589.0 2572.0 
2755.0 2626.0 2572.0 
2764.0 2626.0 2572.0 
2772.0 2626.0 2572.0 
2780.0 2626.0 2572.0 
2813.0 2626.0 2572.0 
2870.0 2626.0 2572.0 
2883.0 2626.0 2572.0 
2890.0 2626.0 2572.0 
2907.0 2626.0 2572.0 
2920.0 2626.0 2572.0 
2920.0 2626.0 2586.0 
2933.0 2626.0 2586.0 
2933.0 2626.0 2610.0 
2943.0 2626.0 2610.0 
2950.0 2626.0 2610.0 
2950.0 2626.0 2623.0 
2957.0 2626.0 2623.0 
2964.0 2626.0 2633.0 
2964.0 2660.0 2646.0 
2978.0 2674.0 2646.0 
2978.0 2684.0 2646.0 
2988.0 2684.0 2646.0 
2997.0 2684.0 2646.0 
2997.0 2694.0 2646.0 
3006.0 2694.0 2646.0 
3025.0 2708.0 2646.0 
3025.0 2708.0 2675.0 
3025.0 2735.0 2707.0 
3044.0 2735.0 2774.0 
3053.0 2735.0 2774.0 
3070.0 2735.0 2774.0 
3110.0 2735.0 2774.0 
3124.0 2735.0 2774.0 
3124.0 2735.0 2788.0 
3214.0 2786.0 2872.0 
;
EXECUTION TIME KUMAR3: 3009.85075784 seconds

-------------------------------------------------------------------
MAP: offices1_
DATE: 2017-10-25_12-47-46
