DATFILE : offices1_5r_1000.dat
ENVIRONMENT : office
ALGORITHM : HBSS - TAU 3
RANGE : 1000
STARTING_POS : 42
N_ROBOTS : 5
GREEDY SOLUTION : 2276.0
COMPUTATIONS T :
2527.0
2404.0
2451.0
2470.0
2403.0
2463.0
2469.0
2411.0
2411.0
2449.0
2418.0
2425.0
2474.0
2382.0
2490.0
2385.0
2436.0
2462.0
2527.0
2351.0
2612.0
2395.0
2476.0
2464.0
2527.0
2391.0
2455.0
2371.0
2359.0
2424.0
2402.0
2381.0
2392.0
2518.0
2445.0
2346.0
2481.0
2359.0
2435.0
2516.0
2532.0
2415.0
2394.0
2514.0
2391.0
2393.0
2597.0
2407.0
2490.0
2547.0
2412.0
2392.0
2471.0
2463.0
2573.0
2466.0
2451.0
2428.0
2405.0
2435.0
2482.0
2303.0
2373.0
2362.0
2401.0
2372.0
2403.0
2536.0
2370.0
2323.0
2544.0
2506.0
2540.0
2417.0
2351.0
2424.0
2406.0
2482.0
2454.0
2449.0
2347.0
2587.0
2476.0
2424.0
2468.0
2387.0
2360.0
2469.0
2443.0
2484.0
2519.0
2411.0
2451.0
2432.0
2361.0
2546.0
2377.0
2413.0
2482.0
2463.0
2500.0
2460.0
2419.0
2407.0
2440.0
2358.0
2517.0
2385.0
2416.0
2492.0
2504.0
2533.0
2355.0
2522.0
2561.0
2374.0
2494.0
2362.0
2409.0
2454.0
2483.0
2499.0
2499.0
2459.0
2488.0
2530.0
2522.0
2320.0
2451.0
2366.0
2576.0
2427.0
2516.0
2381.0
2313.0
2520.0
2365.0
2460.0
2450.0
2412.0
2408.0
2546.0
2479.0
2323.0
2380.0
2453.0
2437.0
2365.0
2419.0
2457.0
2512.0
2480.0
2387.0
2450.0
2410.0
2442.0
2478.0
2464.0
2486.0
2362.0
2480.0
2393.0
2488.0
2367.0
2411.0
2397.0
2398.0
2404.0
2530.0
2496.0
2425.0
2416.0
2429.0
2560.0
2439.0
2322.0
2447.0
2373.0
2492.0
2356.0
2366.0
2425.0
2509.0
2337.0
2479.0
2447.0
2566.0
2411.0
2367.0
2496.0
2287.0
2506.0
2484.0
2487.0
2433.0
2299.0
2431.0
2395.0
2330.0
2517.0
;
HBBS bestT : 2287.0
BEST_CONFIGURATIONS : 
42 42 42 42 42 
41 42 42 42 42 
41 42 5 24 42 
41 42 5 24 42 
41 42 5 24 42 
41 42 5 24 42 
41 42 5 24 42 
41 42 5 24 36 
41 42 5 24 36 
41 42 5 24 36 
41 42 5 24 36 
41 42 5 4 36 
41 42 5 4 36 
41 42 5 4 36 
41 42 5 4 35 
41 42 5 4 35 
41 42 5 4 35 
41 42 5 4 35 
41 42 5 24 35 
36 42 5 24 35 
36 42 5 4 35 
36 42 24 4 35 
36 42 24 4 34 
36 41 24 4 34 
36 41 24 4 34 
36 41 24 4 34 
36 41 5 4 34 
35 41 5 4 34 
35 42 5 4 34 
35 42 5 3 34 
35 42 5 3 34 
35 42 5 3 34 
35 42 5 3 33 
35 42 5 3 33 
35 42 5 3 33 
34 42 5 23 33 
34 42 5 23 33 
34 42 5 23 33 
34 42 5 23 33 
34 42 5 23 33 
34 42 5 2 33 
34 42 5 2 33 
34 42 5 2 33 
34 42 5 2 33 
35 42 5 2 33 
35 42 24 2 33 
35 42 24 2 32 
35 42 24 2 32 
35 42 24 2 32 
35 42 24 2 32 
35 42 24 2 27 
35 42 24 2 27 
35 42 24 2 27 
35 42 24 2 27 
35 42 24 23 27 
35 42 24 23 26 
35 42 24 23 26 
35 42 4 23 26 
35 42 4 23 26 
35 42 4 23 27 
35 42 4 2 27 
34 42 4 2 27 
34 42 4 2 32 
34 41 4 2 32 
34 41 4 2 32 
34 41 4 2 32 
34 41 4 23 32 
34 41 4 23 27 
34 41 4 23 27 
34 41 24 23 27 
33 41 24 23 27 
33 41 24 23 27 
33 41 24 23 27 
33 41 24 26 27 
33 41 24 26 32 
33 41 24 26 32 
33 41 24 26 32 
33 41 24 26 32 
33 41 24 26 27 
33 41 4 26 27 
33 36 4 26 27 
33 36 4 26 27 
33 36 4 26 27 
33 36 4 26 32 
33 36 4 38 32 
33 36 4 38 32 
33 36 4 38 32 
33 36 4 38 32 
34 36 4 38 31 
34 36 4 37 31 
34 36 4 37 31 
34 36 4 37 31 
34 36 4 37 31 
34 36 4 37 31 
34 36 4 37 31 
34 36 4 43 31 
34 36 4 43 31 
34 36 4 43 31 
34 36 4 43 31 
34 36 24 37 31 
34 36 24 37 31 
35 36 24 37 31 
35 36 24 37 31 
35 41 24 37 31 
35 41 5 37 31 
35 41 5 37 31 
35 41 5 37 31 
35 42 5 37 31 
35 42 5 37 31 
33 42 5 37 31 
33 42 5 37 31 
33 42 5 43 31 
33 42 5 43 31 
33 42 5 43 31 
33 42 5 43 27 
33 42 5 43 27 
33 42 5 43 32 
33 42 5 37 32 
27 42 5 37 32 
27 42 5 37 32 
32 42 5 43 32 
32 41 5 43 32 
32 41 24 43 32 
27 41 24 43 31 
27 40 24 43 31 
27 40 24 25 31 
27 40 4 25 31 
27 40 4 25 31 
27 40 4 25 31 
27 40 4 25 31 
27 40 4 25 31 
32 40 4 25 31 
32 40 4 25 31 
32 40 24 25 31 
32 40 24 25 31 
32 40 24 25 31 
27 40 24 25 30 
27 40 24 25 30 
27 40 4 25 30 
27 40 4 25 30 
32 40 4 25 30 
32 40 24 25 30 
32 40 24 0 30 
32 40 24 0 30 
32 40 24 0 30 
32 40 24 0 30 
27 40 24 0 29 
27 40 4 0 29 
27 40 4 0 29 
27 40 4 0 29 
27 40 4 0 29 
27 40 4 0 29 
32 40 4 0 29 
32 40 24 0 29 
32 40 24 25 29 
32 39 24 25 29 
32 39 24 25 29 
32 39 4 25 29 
27 39 4 25 29 
27 39 4 25 29 
27 39 4 25 29 
26 39 4 25 29 
26 39 4 25 29 
26 39 4 25 29 
26 39 3 25 29 
26 39 3 25 29 
26 39 3 25 29 
26 39 3 25 29 
27 39 3 25 29 
27 26 3 25 30 
27 26 3 25 30 
27 26 3 0 30 
27 26 3 0 30 
32 26 3 0 30 
32 26 3 0 31 
32 26 3 0 31 
32 26 3 0 31 
33 26 3 0 31 
33 39 3 0 31 
33 39 3 0 30 
33 39 3 0 30 
33 39 3 0 30 
33 39 3 0 30 
33 39 3 0 29 
33 39 3 25 29 
33 23 3 25 29 
33 23 3 25 29 
33 23 3 25 29 
33 2 3 25 29 
33 2 3 25 30 
33 2 3 25 30 
34 2 3 25 30 
34 2 3 25 30 
34 2 3 25 30 
34 23 3 25 30 
35 23 3 25 30 
35 23 3 25 30 
35 2 23 25 30 
34 2 23 25 29 
34 2 23 25 29 
34 2 23 0 29 
34 2 23 0 29 
34 2 23 0 29 
34 2 23 0 28 
34 2 23 0 28 
34 2 23 0 28 
34 2 23 0 28 
34 2 26 0 28 
34 2 26 0 28 
34 2 26 0 28 
34 2 26 25 28 
34 23 26 25 28 
35 23 26 25 28 
35 23 26 0 28 
35 23 27 0 28 
35 1 27 0 28 
35 1 27 0 28 
35 1 27 0 28 
35 1 27 0 28 
35 1 32 0 28 
35 1 32 0 28 
34 1 32 0 28 
34 1 32 25 28 
34 1 33 25 28 
34 1 33 25 28 
35 1 33 43 28 
35 1 33 43 28 
35 1 33 43 28 
35 1 33 37 28 
35 1 33 37 29 
35 1 33 37 29 
35 1 33 37 29 
35 1 26 37 29 
35 1 26 43 29 
35 1 26 43 29 
36 1 26 43 29 
36 1 26 43 29 
36 1 26 37 29 
36 1 26 37 30 
36 1 26 37 30 
36 1 26 37 30 
36 1 23 37 30 
36 1 23 37 30 
36 1 23 37 30 
36 1 23 37 31 
36 1 23 43 31 
36 1 23 43 31 
36 1 2 43 31 
41 1 2 43 31 
41 1 2 37 31 
41 1 2 37 31 
41 1 2 43 31 
41 1 2 43 30 
41 1 2 43 30 
41 0 2 43 30 
41 0 2 37 30 
41 0 2 37 29 
41 0 3 37 29 
41 0 3 43 29 
41 0 3 43 29 
41 0 3 43 28 
41 0 3 37 28 
41 0 3 37 28 
41 0 3 37 28 
41 25 3 37 28 
41 25 3 37 28 
41 25 3 37 17 
41 25 3 43 17 
41 25 23 43 17 
41 25 23 43 17 
41 25 23 43 17 
36 25 23 43 17 
36 25 23 43 17 
36 25 23 37 17 
36 25 2 37 17 
36 25 2 37 17 
36 25 2 38 17 
36 25 2 38 17 
36 25 2 38 17 
41 25 2 38 17 
41 25 23 38 17 
36 0 23 38 17 
36 0 23 38 28 
36 0 23 38 28 
36 0 26 38 28 
36 0 26 38 28 
35 0 26 38 28 
35 1 38 38 28 
35 1 38 38 29 
34 1 38 38 29 
34 1 38 38 30 
34 1 38 39 30 
34 1 38 39 30 
34 1 38 39 30 
34 1 38 39 31 
34 1 38 40 31 
34 1 38 40 31 
34 1 38 40 27 
34 1 38 40 27 
34 1 38 40 26 
35 1 38 40 26 
35 1 37 40 26 
35 23 37 40 26 
35 23 37 40 39 
35 23 37 40 39 
35 23 37 40 39 
35 23 37 40 39 
35 23 43 40 39 
35 23 43 40 39 
35 2 43 40 39 
35 2 43 40 39 
36 2 43 40 39 
36 2 43 40 39 
41 2 43 40 39 
41 2 28 40 39 
41 2 28 40 39 
41 2 28 40 39 
41 3 28 40 39 
36 3 28 40 39 
36 3 17 40 39 
36 3 17 40 39 
34 3 17 40 39 
34 3 17 40 1 
34 3 17 42 1 
34 3 17 42 1 
35 3 17 42 1 
35 3 17 42 1 
35 24 17 42 1 
35 24 17 42 1 
35 4 17 42 1 
35 4 17 42 1 
32 4 17 42 1 
32 4 17 5 1 
32 4 17 5 1 
32 4 28 5 1 
32 4 28 5 23 
32 4 28 24 23 
32 4 28 5 23 
32 4 28 5 26 
31 4 28 5 26 
31 4 28 5 39 
31 3 28 24 39 
27 3 17 24 39 
27 3 17 4 39 
27 3 17 4 39 
26 3 17 4 39 
26 3 17 4 38 
26 3 17 24 38 
23 3 19 24 38 
23 3 19 24 38 
23 3 19 4 38 
23 3 19 4 38 
2 3 19 4 38 
2 3 19 24 38 
2 3 19 24 26 
2 3 19 5 26 
2 3 19 5 27 
2 3 19 5 32 
2 1 19 5 32 
39 1 19 5 32 
39 1 19 5 32 
39 1 19 5 33 
40 1 19 5 33 
40 1 19 5 33 
40 0 19 5 33 
40 0 19 5 34 
40 0 19 5 34 
40 25 19 5 34 
40 25 19 5 34 
41 25 19 5 34 
41 25 19 5 36 
42 0 19 5 36 
42 0 19 5 36 
42 0 19 5 35 
42 25 19 5 35 
42 0 17 5 35 
42 0 17 5 33 
42 0 17 40 33 
42 0 17 39 33 
42 0 28 39 33 
42 0 29 39 33 
42 0 29 39 31 
42 0 29 40 31 
42 38 29 40 31 
42 38 30 40 31 
42 38 30 40 31 
42 38 28 40 29 
42 38 28 5 29 
42 38 28 5 29 
5 38 28 5 30 
5 38 17 5 30 
5 38 17 5 29 
5 31 17 5 29 
5 31 17 5 28 
5 30 17 5 28 
2 30 17 18 28 
2 30 17 18 28 
2 30 17 18 28 
2 30 17 18 28 
23 30 17 18 28 
23 29 17 18 28 
23 29 19 18 28 
23 29 19 18 28 
23 29 19 18 28 
26 29 19 18 28 
26 30 19 18 28 
26 30 19 18 29 
38 30 19 18 29 
38 31 19 18 29 
38 31 19 18 29 
37 31 19 18 29 
37 31 19 18 29 
37 27 19 18 29 
37 27 19 18 17 
43 27 19 18 17 
43 27 19 18 17 
43 32 19 18 17 
25 32 19 18 17 
25 33 19 18 17 
25 33 16 18 17 
25 33 16 18 17 
25 33 16 18 29 
25 33 16 18 29 
25 32 16 18 29 
25 32 16 18 28 
0 32 16 18 28 
0 32 16 18 28 
0 32 16 18 17 
0 27 16 18 17 
1 27 16 18 17 
1 27 16 18 17 
1 26 16 18 17 
1 26 16 18 19 
1 23 16 18 19 
2 23 16 18 19 
2 2 16 20 19 
2 2 16 20 19 
2 2 16 20 19 
23 2 16 20 19 
26 2 16 20 19 
26 2 16 20 17 
26 2 6 20 17 
26 2 6 20 17 
26 2 6 20 17 
26 2 6 20 17 
27 2 6 20 17 
27 2 6 20 17 
27 23 6 20 17 
27 23 6 20 28 
27 23 6 20 28 
32 23 6 20 28 
32 23 6 20 28 
32 39 6 20 28 
32 39 6 20 28 
32 39 6 20 29 
32 39 6 20 29 
33 39 6 20 29 
33 39 6 20 29 
33 39 6 20 30 
33 39 6 20 30 
33 40 6 20 30 
33 40 6 20 30 
35 40 6 20 30 
35 40 6 20 30 
35 40 6 20 31 
35 40 6 20 31 
35 41 6 20 31 
35 41 6 20 31 
34 41 6 20 31 
34 41 6 20 31 
34 36 6 20 31 
34 36 6 9 31 
33 36 6 9 31 
33 36 6 9 31 
33 36 6 9 26 
33 36 6 9 27 
32 36 6 9 27 
32 41 6 9 27 
32 41 22 9 27 
32 41 22 9 27 
32 41 22 9 27 
27 41 7 9 27 
27 41 7 9 27 
27 41 7 9 31 
27 41 7 9 31 
27 41 7 9 31 
32 41 7 9 31 
32 41 7 9 30 
32 41 7 9 30 
32 36 7 9 30 
33 36 7 9 30 
33 36 7 9 29 
33 36 7 9 29 
33 36 22 9 29 
33 35 22 9 29 
33 35 22 9 29 
33 35 22 9 29 
33 35 7 9 29 
34 35 7 9 29 
34 35 7 20 29 
34 35 7 20 28 
34 35 22 20 28 
34 36 22 20 28 
34 36 22 20 28 
34 36 22 20 28 
34 36 22 20 17 
34 36 22 9 17 
34 36 7 9 17 
34 36 7 9 17 
34 40 7 9 17 
34 40 7 9 17 
34 40 7 9 28 
34 40 22 9 28 
34 40 22 9 28 
27 40 22 9 28 
26 40 7 9 28 
26 39 7 9 28 
26 39 7 9 28 
26 39 7 9 19 
23 39 7 9 19 
23 39 7 9 19 
23 39 7 9 19 
23 38 7 9 19 
23 38 7 9 19 
2 38 7 9 19 
2 38 7 9 19 
2 38 22 9 19 
2 26 22 9 19 
2 26 22 9 19 
23 26 22 9 19 
23 38 22 9 19 
23 38 22 20 19 
1 38 7 20 19 
1 38 7 20 16 
1 38 7 12 16 
1 38 7 12 16 
1 38 7 12 16 
1 38 7 12 16 
1 38 22 12 16 
1 38 22 12 16 
1 38 22 12 16 
1 38 22 12 16 
1 26 22 12 16 
1 27 22 12 16 
23 27 22 12 16 
23 27 6 12 16 
23 27 6 12 16 
23 32 6 12 16 
2 32 6 12 16 
2 33 6 12 16 
2 33 7 12 6 
3 33 7 12 6 
3 33 7 12 6 
3 33 7 12 6 
3 34 7 12 6 
3 34 22 12 6 
3 34 22 12 6 
3 35 22 12 6 
3 35 7 12 22 
24 35 7 12 22 
24 35 7 12 22 
24 35 7 12 22 
24 36 7 12 22 
4 36 22 12 22 
4 36 22 12 22 
4 36 22 12 7 
24 18 22 12 7 
24 18 6 12 7 
24 18 6 20 7 
24 18 6 20 7 
24 18 6 20 7 
24 18 6 20 7 
24 18 6 20 22 
4 18 6 20 22 
4 18 6 20 22 
4 18 6 20 22 
4 18 6 9 22 
4 18 6 9 22 
4 18 6 9 10 
4 18 6 9 10 
4 18 16 9 10 
4 18 16 9 10 
4 18 16 9 10 
24 18 16 9 10 
5 18 16 9 10 
5 18 16 20 10 
5 18 16 20 10 
5 18 16 20 10 
5 18 16 20 10 
5 18 16 20 10 
24 18 16 20 10 
24 18 16 9 10 
24 18 6 9 10 
5 18 6 9 10 
5 18 6 9 10 
5 20 6 9 10 
5 20 6 9 11 
5 20 6 9 11 
5 20 6 9 11 
5 20 6 9 11 
24 20 6 9 11 
24 12 6 9 11 
24 12 7 9 11 
24 12 7 9 11 
4 12 7 9 11 
4 12 7 20 11 
4 12 22 20 11 
3 20 22 20 11 
3 20 22 9 11 
3 20 22 9 11 
3 20 10 9 11 
3 20 10 9 11 
3 12 10 9 11 
3 12 10 9 21 
3 12 10 9 21 
3 12 10 9 21 
3 12 10 9 21 
3 12 10 9 8 
3 12 10 9 8 
3 12 10 9 8 
3 12 10 9 8 
3 12 10 20 8 
23 21 10 20 8 
23 21 10 20 8 
23 21 10 20 8 
23 21 10 20 8 
23 21 10 20 8 
2 21 10 20 8 
2 21 10 20 8 
2 21 10 20 8 
2 11 10 20 8 
2 11 10 8 8 
2 11 21 8 8 
23 11 21 8 8 
23 11 21 8 22 
23 11 21 8 22 
26 11 21 8 22 
26 11 21 8 22 
26 11 21 8 22 
26 11 21 8 7 
26 11 21 8 7 
27 11 21 8 7 
27 11 21 8 7 
27 11 21 8 7 
32 11 21 8 7 
32 11 21 8 7 
32 11 21 8 7 
32 11 21 8 6 
32 11 21 8 6 
33 11 21 8 6 
33 11 21 8 6 
33 11 21 8 6 
34 11 21 8 6 
34 11 8 8 6 
34 11 8 8 16 
34 11 8 21 16 
34 11 8 21 16 
34 11 8 21 16 
34 11 8 21 16 
35 11 8 21 16 
35 11 8 21 16 
35 11 8 21 16 
35 11 8 21 19 
35 11 8 21 19 
35 11 8 21 19 
36 11 8 21 19 
36 11 8 21 19 
36 11 8 21 19 
36 11 8 21 17 
36 11 8 21 17 
41 11 8 21 17 
41 11 8 21 17 
41 11 8 21 17 
41 11 8 21 17 
41 11 8 21 28 
41 11 8 21 28 
41 11 8 21 28 
42 11 8 21 28 
42 11 8 21 28 
42 11 8 21 28 
42 11 8 21 29 
42 11 8 21 29 
42 11 8 21 29 
42 11 21 21 30 
42 11 21 21 30 
5 11 21 21 30 
5 11 21 8 30 
5 11 21 8 31 
24 21 21 8 31 
24 21 21 8 31 
24 21 21 8 31 
4 21 21 8 31 
4 21 21 8 30 
4 8 21 8 30 
4 8 11 8 31 
4 8 11 12 31 
5 12 11 12 31 
5 12 11 12 30 
5 12 10 12 30 
41 12 10 12 30 
41 12 10 12 30 
41 12 10 12 29 
41 12 10 12 29 
36 12 10 12 29 
36 12 10 10 28 
36 12 10 10 28 
35 12 10 10 28 
35 12 10 10 17 
35 12 10 10 17 
35 12 10 22 17 
34 12 10 22 17 
34 12 10 7 17 
34 12 10 7 19 
34 12 10 7 19 
32 12 10 7 19 
32 12 10 6 19 
27 12 10 6 19 
26 12 10 6 19 
26 8 10 6 43 
26 8 10 16 43 
26 8 10 16 43 
38 8 10 16 43 
38 8 10 16 43 
38 8 10 16 37 
38 8 10 16 37 
38 8 10 16 37 
38 8 10 16 37 
38 8 10 16 43 
38 8 11 16 43 
38 21 11 16 43 
38 21 11 16 43 
38 21 11 16 37 
38 21 11 16 37 
38 21 11 6 37 
38 21 11 6 37 
38 21 11 6 43 
38 21 11 6 43 
37 21 11 6 43 
37 12 11 6 43 
37 12 11 6 43 
37 12 11 22 43 
37 12 11 22 43 
37 20 11 22 43 
37 20 11 22 43 
37 20 11 7 43 
37 20 11 7 43 
37 9 11 7 43 
37 9 11 7 43 
37 9 15 7 43 
37 9 15 7 43 
37 9 15 7 43 
37 9 15 7 43 
37 9 15 22 43 
38 9 15 22 43 
38 20 15 22 43 
38 20 15 22 25 
38 20 15 22 25 
38 20 15 22 25 
26 20 15 22 25 
26 20 15 7 25 
26 9 15 7 25 
27 9 15 7 25 
32 9 15 7 25 
32 9 15 7 0 
32 9 15 7 0 
32 9 15 7 0 
32 9 15 22 0 
33 9 15 22 0 
33 20 15 22 0 
34 20 15 22 0 
34 12 15 15 0 
34 12 15 15 0 
35 12 15 15 0 
35 21 15 15 0 
35 21 15 15 0 
35 21 15 13 0 
35 21 15 13 0 
35 21 15 13 0 
35 21 15 13 0 
35 8 15 13 0 
35 8 15 13 0 
35 8 15 13 0 
34 8 15 13 0 
33 8 15 13 0 
33 8 15 13 25 
33 8 15 13 25 
33 8 22 13 25 
33 21 22 13 25 
32 21 22 13 25 
32 21 7 13 25 
27 21 7 13 25 
27 11 7 13 25 
27 11 7 13 0 
31 11 22 13 0 
31 11 22 13 0 
31 10 22 13 0 
31 10 15 13 0 
31 10 15 13 0 
31 10 15 13 0 
31 10 15 13 0 
31 10 15 13 25 
30 10 15 13 25 
30 10 15 13 25 
30 22 15 13 25 
30 22 15 13 43 
30 22 14 13 43 
30 22 14 13 43 
30 22 14 13 43 
30 22 14 13 37 
30 22 14 13 37 
30 7 14 13 37 
30 7 14 13 43 
29 7 14 13 43 
29 7 14 15 43 
29 7 14 15 43 
29 7 14 15 25 
29 6 14 15 25 
29 6 14 15 25 
29 6 14 15 25 
28 6 14 15 25 
28 6 14 15 25 
28 6 14 15 0 
28 6 14 15 0 
17 6 14 15 0 
17 6 14 13 0 
17 6 14 13 0 
17 6 14 13 1 
17 6 14 13 1 
17 6 14 13 1 
28 6 14 13 1 
28 6 14 13 23 
28 6 14 13 23 
29 6 14 13 23 
29 16 14 13 23 
29 16 14 13 23 
29 16 14 13 2 
29 16 14 13 2 
30 16 14 13 2 
31 16 14 13 2 
31 16 14 13 2 
31 16 14 15 2 
31 16 14 15 39 
27 16 14 15 39 
27 16 14 15 39 
27 16 14 15 39 
32 16 14 15 39 
32 16 14 15 26 
32 19 14 15 26 
32 19 14 13 26 
33 19 14 13 26 
33 19 14 13 26 
33 19 14 13 38 
33 19 14 15 38 
34 19 14 15 38 
35 19 14 15 38 
35 19 14 15 23 
35 17 14 15 23 
35 17 14 15 2 
36 17 14 15 2 
36 17 14 15 2 
41 17 14 15 2 
41 17 14 15 2 
41 17 14 15 3 
41 17 14 15 3 
42 17 14 15 3 
42 17 14 15 24 
42 17 14 15 24 
42 16 14 15 24 
42 16 14 15 24 
42 16 14 15 4 
42 16 14 15 4 
41 16 14 15 4 
42 16 14 22 4 
42 16 14 22 3 
42 16 13 22 3 
42 16 13 22 3 
42 16 13 7 3 
42 6 13 7 3 
42 6 13 7 24 
42 6 13 10 24 
42 6 13 10 4 
41 6 13 10 4 
41 15 13 11 4 
40 15 13 11 4 
40 15 13 11 5 
40 15 13 11 5 
40 15 13 11 5 
40 15 13 11 5 
40 15 13 21 5 
40 22 13 21 5 
40 22 13 8 5 
40 22 14 8 5 
40 22 14 8 5 
40 22 14 8 5 
40 22 14 21 5 
40 7 14 21 5 
40 7 14 11 5 
39 22 14 11 5 
39 22 14 11 5 
39 10 14 11 5 
39 10 14 11 5 
39 10 14 11 40 
39 10 14 21 40 
39 10 14 20 40 
39 10 14 20 42 
39 8 14 20 42 
39 8 14 9 42 
39 8 14 9 42 
39 12 14 9 42 
39 12 14 9 42 
39 12 14 9 42 
40 12 14 9 42 
40 12 14 18 42 
40 12 14 18 42 
40 12 13 18 42 
40 12 13 18 41 
40 12 13 18 41 
40 12 13 18 36 
40 12 13 18 36 
39 12 13 18 36 
39 12 13 18 36 
39 20 13 18 36 
39 20 13 18 35 
39 9 13 18 35 
38 9 13 18 35 
38 9 13 18 34 
38 9 15 18 34 
1 21 15 18 34 
1 21 15 18 34 
1 21 15 18 34 
1 8 15 18 34 
1 8 15 18 34 
1 8 14 18 34 
1 20 14 18 34 
1 20 14 18 3 
1 9 14 18 3 
25 12 14 18 3 
25 12 11 18 3 
25 12 11 18 3 
25 12 11 18 1 
25 12 10 18 1 
25 12 10 18 0 
25 33 10 18 0 
16 33 10 36 0 
16 35 10 36 0 
16 35 10 36 40 
16 35 10 18 42 
42 42 42 42 42 
;
ROBOT MOVING BEST:
0 0 0 0 0 
1 1 0 0 0 
0 0 1 1 0 
1 0 1 0 0 
1 0 0 1 0 
0 1 1 0 0 
0 1 0 1 0 
0 0 1 0 1 
1 0 0 0 1 
0 1 0 0 1 
0 0 0 1 1 
0 1 0 1 0 
1 0 0 1 0 
0 0 1 1 0 
1 0 0 0 1 
0 1 0 0 1 
0 0 1 0 1 
0 0 0 1 1 
0 0 0 1 1 
1 0 0 0 1 
1 0 0 1 0 
0 0 1 1 0 
1 0 0 0 1 
0 1 0 0 1 
0 0 1 0 1 
0 0 0 1 1 
0 0 1 0 1 
1 0 0 0 1 
0 1 0 0 1 
1 0 0 1 0 
0 1 0 1 0 
0 0 1 1 0 
0 1 0 0 1 
1 0 0 0 1 
0 0 1 0 1 
1 0 0 1 0 
1 0 0 0 1 
0 1 0 1 0 
0 0 1 1 0 
0 0 0 1 1 
1 0 0 1 0 
0 1 0 1 0 
0 0 1 1 0 
0 0 0 1 1 
1 0 0 1 0 
0 0 1 1 0 
1 0 0 0 1 
0 1 0 0 1 
0 0 1 0 1 
0 0 0 1 1 
1 0 0 0 1 
0 1 0 0 1 
0 0 0 1 1 
0 0 1 0 1 
1 0 0 1 0 
1 0 0 0 1 
0 1 0 0 1 
0 0 1 1 0 
0 0 1 0 1 
0 0 1 0 1 
0 0 1 1 0 
1 0 0 0 1 
1 0 0 0 1 
0 1 0 1 0 
0 0 1 0 1 
0 1 0 0 1 
0 1 0 1 0 
0 0 0 1 1 
0 1 0 0 1 
0 0 1 1 0 
1 1 0 0 0 
1 0 1 0 0 
1 0 0 0 1 
1 0 0 1 0 
1 0 0 0 1 
0 1 0 1 0 
0 0 1 1 0 
0 0 0 1 1 
0 0 0 1 1 
1 0 1 0 0 
1 1 0 0 0 
0 1 0 1 0 
0 1 0 0 1 
0 1 0 0 1 
1 0 0 1 0 
0 1 0 1 0 
0 0 1 1 0 
0 0 0 1 1 
1 0 0 0 1 
0 1 0 1 0 
0 0 1 1 0 
1 0 0 1 0 
0 1 0 0 1 
0 0 1 0 1 
0 0 0 1 1 
1 0 0 1 0 
0 1 0 1 0 
0 0 1 1 0 
0 0 0 1 1 
0 0 1 1 0 
0 0 1 0 1 
1 0 0 0 1 
1 0 0 1 0 
0 1 0 1 0 
0 0 1 1 0 
0 1 0 0 1 
0 0 1 0 1 
0 1 0 1 0 
0 1 0 0 1 
1 0 0 1 0 
1 0 0 0 1 
1 0 0 1 0 
0 1 0 1 0 
0 0 1 1 0 
0 0 1 0 1 
0 0 0 1 1 
0 0 1 0 1 
0 0 0 1 1 
1 0 0 1 0 
1 0 0 0 1 
1 0 0 1 0 
0 1 0 1 0 
0 0 1 1 0 
1 0 0 0 1 
1 1 0 0 0 
1 0 0 1 0 
0 1 1 0 0 
0 1 0 0 1 
0 1 0 1 0 
0 0 1 1 0 
0 0 0 1 1 
1 1 0 0 0 
1 0 0 0 1 
0 0 1 1 0 
1 0 0 1 0 
0 1 1 0 0 
1 0 0 0 1 
0 1 0 0 1 
0 0 1 0 1 
0 0 0 1 1 
1 0 0 0 1 
0 0 1 0 1 
1 0 0 1 0 
0 1 0 1 0 
0 0 1 1 0 
0 0 0 1 1 
1 0 0 0 1 
0 0 1 1 0 
1 0 0 1 0 
0 1 0 0 1 
0 0 1 0 1 
0 0 0 1 1 
1 0 0 0 1 
0 0 1 0 1 
0 0 0 1 1 
1 1 0 0 0 
0 1 1 0 0 
0 1 1 0 0 
1 1 0 0 0 
0 1 0 1 0 
0 1 0 0 1 
1 1 0 0 0 
1 0 0 1 0 
1 0 0 0 1 
1 0 1 0 0 
0 0 1 1 0 
0 1 1 0 0 
0 0 1 0 1 
1 0 1 0 0 
0 1 0 0 1 
0 0 1 0 1 
0 1 0 1 0 
0 0 1 1 0 
1 0 1 0 0 
0 1 0 0 1 
0 0 1 0 1 
0 0 0 1 1 
1 0 1 0 0 
1 1 0 0 0 
1 0 0 0 1 
1 0 0 1 0 
0 1 0 0 1 
0 1 0 1 0 
1 0 0 0 1 
1 0 0 1 0 
0 1 1 0 0 
0 1 0 1 0 
0 1 0 0 1 
0 1 1 0 0 
0 1 0 0 1 
0 1 0 1 0 
1 0 1 0 0 
1 0 0 1 0 
1 0 0 0 1 
0 1 0 0 1 
1 0 0 1 0 
1 0 0 0 1 
0 1 1 0 0 
1 0 0 0 1 
0 1 0 0 1 
1 0 0 1 0 
0 1 0 1 0 
0 0 1 1 0 
1 0 0 0 1 
0 1 0 0 1 
0 0 0 1 1 
0 0 1 0 1 
1 0 1 0 0 
0 1 1 0 0 
0 0 1 0 1 
0 0 0 1 1 
0 1 1 0 0 
1 0 0 0 1 
1 0 0 1 0 
0 0 1 0 1 
1 1 0 0 0 
0 1 1 0 0 
0 1 0 1 0 
0 1 0 0 1 
0 0 1 0 1 
0 1 1 0 0 
1 1 0 0 0 
0 1 0 1 0 
0 1 1 0 0 
0 0 1 0 1 
1 0 0 1 0 
0 1 0 1 0 
0 0 0 1 1 
0 1 0 1 0 
1 0 0 0 1 
0 1 0 0 1 
0 0 0 1 1 
0 1 1 0 0 
0 0 1 1 0 
0 0 0 1 1 
1 1 0 0 0 
1 0 0 0 1 
0 0 1 1 0 
1 0 0 0 1 
0 1 0 0 1 
0 0 0 1 1 
1 0 1 0 0 
0 1 1 0 0 
0 0 1 1 0 
0 1 0 0 1 
0 0 1 1 0 
0 0 1 0 1 
0 1 1 0 0 
1 1 0 0 0 
0 0 1 1 0 
0 0 1 0 1 
0 0 1 1 0 
1 0 0 0 1 
0 0 0 1 1 
1 1 0 0 0 
0 1 0 1 0 
1 0 0 0 1 
1 0 1 0 0 
0 1 0 1 0 
0 0 1 1 0 
1 0 0 0 1 
0 0 1 1 0 
0 0 1 0 1 
0 0 0 1 1 
1 1 0 0 0 
0 1 0 1 0 
1 0 0 0 1 
0 1 0 1 0 
0 0 1 0 1 
0 1 0 0 1 
0 0 0 1 1 
1 1 0 0 0 
1 0 0 0 1 
0 0 0 1 1 
1 0 1 0 0 
0 0 1 0 1 
0 1 0 1 0 
0 0 1 1 0 
0 0 0 1 1 
1 0 0 1 0 
0 0 1 1 0 
1 1 0 0 0 
1 0 0 0 1 
0 1 0 1 0 
0 0 1 1 0 
0 0 0 1 1 
1 0 0 1 0 
0 1 1 0 0 
0 0 0 1 1 
1 0 0 1 0 
0 0 1 0 1 
1 0 0 1 0 
0 1 0 1 0 
0 0 1 1 0 
0 0 1 0 1 
1 0 0 1 0 
0 1 0 1 0 
0 0 1 0 1 
0 0 1 1 0 
0 0 0 1 1 
1 0 0 1 0 
0 0 1 1 0 
0 1 0 1 0 
0 0 1 0 1 
1 0 0 0 1 
0 1 0 0 1 
0 0 0 1 1 
0 0 1 1 0 
0 0 1 0 1 
0 1 0 0 1 
0 1 0 1 0 
1 0 0 1 0 
1 0 0 0 1 
1 0 0 1 0 
0 0 1 1 0 
1 0 0 0 1 
0 0 1 0 1 
0 1 0 1 0 
1 1 0 0 0 
0 1 1 0 0 
0 0 1 1 0 
1 0 1 0 0 
0 1 0 0 1 
0 0 1 1 0 
0 0 0 1 1 
1 0 1 0 0 
0 0 1 0 1 
0 1 1 0 0 
0 1 0 0 1 
0 1 1 0 0 
0 1 0 0 1 
1 0 1 0 0 
0 0 0 1 1 
0 0 1 1 0 
0 1 1 0 0 
1 0 0 0 1 
0 0 1 1 0 
0 0 1 1 0 
0 0 0 1 1 
1 0 1 0 0 
1 0 0 0 1 
0 1 0 1 0 
1 0 1 0 0 
0 1 0 1 0 
0 0 1 0 1 
1 0 1 0 0 
0 1 0 0 1 
0 0 0 1 1 
1 0 1 0 0 
0 1 1 0 0 
0 0 1 1 0 
0 0 1 0 1 
1 0 1 0 0 
0 0 1 1 0 
0 0 1 0 1 
0 0 1 1 0 
0 0 1 0 1 
0 0 1 0 1 
0 1 1 0 0 
1 0 1 0 0 
1 0 0 1 0 
0 0 1 0 1 
1 0 1 0 0 
1 0 0 1 0 
0 1 1 0 0 
0 0 1 0 1 
0 1 0 1 0 
0 1 1 0 0 
0 1 0 1 0 
1 0 1 0 0 
0 0 1 0 1 
1 1 0 0 0 
1 0 1 0 0 
0 0 1 0 1 
1 1 0 0 0 
0 1 1 0 0 
0 0 1 0 1 
0 0 0 1 1 
1 0 0 1 0 
1 0 1 0 0 
1 0 1 0 0 
0 0 1 0 1 
1 0 0 1 0 
1 1 0 0 0 
1 0 1 0 0 
0 0 1 0 1 
0 0 1 0 1 
0 1 0 1 0 
0 0 0 1 1 
1 0 0 0 1 
0 0 1 0 1 
0 0 1 0 1 
0 1 1 0 0 
0 0 1 0 1 
0 1 0 0 1 
1 0 0 1 0 
0 0 1 1 0 
0 1 0 1 0 
0 0 0 1 1 
1 0 0 1 0 
0 1 0 1 0 
0 1 1 0 0 
0 0 1 1 0 
0 0 1 0 1 
1 0 0 1 0 
0 1 1 0 0 
0 1 0 0 1 
1 0 0 1 0 
0 1 1 0 0 
0 1 0 1 0 
1 0 1 0 0 
1 0 0 1 0 
0 1 0 1 0 
0 0 1 0 1 
1 0 1 0 0 
1 0 0 1 0 
0 1 0 1 0 
1 0 0 1 0 
0 1 0 1 0 
1 0 1 0 0 
0 1 1 0 0 
0 0 1 0 1 
0 0 1 1 0 
0 1 1 0 0 
0 0 1 0 1 
1 0 0 1 0 
1 0 1 0 0 
0 0 1 0 1 
0 1 1 0 0 
1 0 1 0 0 
1 0 0 1 0 
0 1 1 0 0 
0 0 1 0 1 
0 1 1 0 0 
1 0 1 0 0 
0 1 0 1 0 
0 0 1 1 0 
0 0 0 1 1 
1 0 0 1 0 
1 0 0 1 0 
0 0 0 1 1 
0 1 1 0 0 
1 0 1 0 0 
0 0 1 1 0 
0 0 1 0 1 
1 0 1 0 0 
1 0 0 1 0 
0 1 1 0 0 
0 0 1 0 1 
0 0 0 1 1 
1 0 0 1 0 
1 0 1 0 0 
0 1 0 1 0 
0 1 1 0 0 
0 0 1 0 1 
0 0 0 1 1 
1 0 1 0 0 
1 0 0 1 0 
0 0 1 0 1 
0 0 0 1 1 
0 1 1 0 0 
0 1 0 1 0 
1 0 1 0 0 
1 0 0 1 0 
0 0 1 0 1 
0 0 0 1 1 
0 1 1 0 0 
0 1 0 1 0 
1 0 1 0 0 
1 0 0 1 0 
0 1 1 0 0 
0 1 0 1 0 
1 0 0 1 0 
0 0 1 1 0 
0 0 0 1 1 
0 0 0 1 1 
1 0 0 1 0 
0 1 0 1 0 
1 0 1 0 0 
0 1 1 0 0 
0 0 1 1 0 
1 0 1 0 0 
0 1 1 0 0 
0 0 0 1 1 
0 0 1 1 0 
0 0 1 0 1 
1 0 1 0 0 
0 0 1 0 1 
0 0 0 1 1 
0 1 1 0 0 
1 0 1 0 0 
0 0 1 0 1 
0 0 0 1 1 
1 0 1 0 0 
0 1 0 1 0 
0 1 1 0 0 
0 0 1 0 1 
0 1 1 0 0 
1 0 1 0 0 
0 0 1 1 0 
0 0 1 0 1 
1 0 1 0 0 
0 1 1 0 0 
0 1 0 1 0 
0 0 1 1 0 
0 0 1 0 1 
1 0 0 1 0 
0 0 1 0 1 
0 0 0 1 1 
0 1 1 0 0 
0 1 0 1 0 
0 0 0 1 1 
0 1 1 0 0 
0 0 1 0 1 
1 0 1 0 0 
1 0 1 0 0 
0 1 1 0 0 
0 1 0 1 0 
0 0 1 0 1 
1 0 0 1 0 
1 0 1 0 0 
0 0 0 1 1 
0 1 1 0 0 
0 1 0 1 0 
1 0 1 0 0 
1 0 0 1 0 
1 0 1 0 0 
0 1 1 0 0 
0 0 1 0 1 
1 0 1 0 0 
0 1 1 0 0 
0 1 0 1 0 
1 0 1 0 0 
0 1 0 0 1 
1 0 0 1 0 
0 0 1 0 1 
0 1 0 1 0 
0 0 1 1 0 
1 0 1 0 0 
0 0 0 1 1 
0 0 1 1 0 
0 0 1 0 1 
0 1 0 1 0 
0 1 0 1 0 
1 0 0 1 0 
0 0 1 1 0 
0 0 1 0 1 
0 1 0 1 0 
1 0 0 1 0 
0 1 0 1 0 
0 0 1 0 1 
1 0 1 0 0 
1 0 0 1 0 
1 0 0 0 1 
0 1 0 1 0 
1 0 1 0 0 
0 0 1 0 1 
0 1 0 1 0 
0 0 1 0 1 
1 0 1 0 0 
1 0 0 1 0 
1 0 0 0 1 
0 1 0 1 0 
1 0 1 0 0 
1 0 0 1 0 
1 0 0 0 1 
1 1 0 0 0 
1 0 1 0 0 
1 0 0 1 0 
0 1 1 0 0 
0 1 0 1 0 
0 1 0 0 1 
0 1 0 0 1 
1 1 0 0 0 
1 0 1 0 0 
1 0 0 1 0 
1 0 0 1 0 
0 1 0 1 0 
1 0 0 0 1 
0 1 0 0 1 
1 0 1 0 0 
0 0 0 1 1 
0 0 1 1 0 
1 0 1 0 0 
1 0 1 0 0 
0 0 0 1 1 
1 1 0 0 0 
1 0 0 1 0 
1 0 0 0 1 
0 0 1 0 1 
1 0 0 0 1 
1 0 0 1 0 
0 0 1 0 1 
1 0 1 0 0 
1 0 0 1 0 
0 1 0 1 0 
1 0 0 0 1 
0 1 0 0 1 
0 0 1 0 1 
0 0 0 1 1 
1 0 0 0 1 
0 1 0 1 0 
0 0 1 0 1 
0 1 0 0 1 
1 0 0 0 1 
0 1 0 1 0 
0 0 1 0 1 
1 1 0 0 0 
1 0 0 1 0 
1 0 0 0 1 
1 0 1 0 0 
0 0 1 0 1 
0 1 1 0 0 
1 0 0 0 1 
0 1 0 0 1 
0 0 1 0 1 
0 0 0 1 1 
0 1 0 0 1 
1 0 0 0 1 
0 0 1 0 1 
0 0 0 1 1 
0 0 0 1 1 
1 1 0 0 0 
1 0 1 0 0 
1 0 0 0 1 
0 1 0 1 0 
0 1 0 0 1 
1 0 0 0 1 
1 1 0 0 0 
1 0 1 0 0 
1 1 0 0 0 
0 1 0 1 0 
0 1 1 0 0 
1 1 0 0 0 
0 0 0 1 1 
0 0 1 0 1 
1 1 0 0 0 
1 0 1 0 0 
1 0 0 1 0 
0 0 1 0 1 
0 0 0 1 1 
1 1 0 0 0 
1 0 1 0 0 
1 0 0 1 0 
1 1 0 0 0 
1 0 1 0 0 
1 0 0 1 0 
0 0 1 0 1 
0 0 0 1 1 
1 1 0 0 0 
1 0 1 0 0 
1 0 0 1 0 
1 1 0 0 0 
1 0 1 0 0 
1 0 0 0 1 
1 0 0 1 0 
0 1 0 0 1 
0 0 1 0 1 
0 0 0 1 1 
1 1 0 0 0 
1 0 1 0 0 
1 0 0 1 0 
0 1 0 0 1 
0 0 1 0 1 
0 0 0 1 1 
1 0 1 0 0 
1 1 0 0 0 
1 0 0 1 0 
0 0 1 0 1 
0 1 0 0 1 
1 1 0 0 0 
0 0 0 1 1 
1 0 1 0 0 
1 0 0 1 0 
0 1 0 0 1 
0 0 1 0 1 
0 0 0 1 1 
1 0 1 0 0 
1 1 0 0 0 
1 0 0 1 0 
0 1 0 0 1 
0 0 1 0 1 
0 0 0 1 1 
0 0 1 0 1 
0 1 0 0 1 
1 0 1 0 0 
1 0 0 1 0 
0 0 1 0 1 
1 1 0 0 0 
0 0 0 1 1 
1 0 0 1 0 
1 0 1 0 0 
0 0 0 1 1 
1 1 0 0 0 
0 0 1 0 1 
0 0 0 1 1 
1 1 0 0 0 
0 1 0 0 1 
0 0 1 0 1 
1 1 0 0 0 
1 0 1 0 0 
0 1 0 0 1 
0 0 1 0 1 
1 0 1 0 0 
0 0 0 1 1 
0 1 0 0 1 
1 0 1 0 0 
0 1 0 0 1 
0 0 1 0 1 
0 0 1 1 0 
1 0 1 0 0 
0 0 1 1 0 
0 1 0 0 1 
0 0 1 0 1 
1 0 1 0 0 
0 0 0 1 1 
1 0 1 0 0 
1 0 1 0 0 
0 1 0 0 1 
0 0 0 1 1 
0 0 1 0 1 
1 1 0 0 0 
1 0 1 0 0 
1 0 0 0 1 
0 1 0 0 1 
0 0 1 0 1 
0 0 0 1 1 
1 0 0 0 1 
1 0 1 0 0 
0 1 0 0 1 
1 1 0 0 0 
0 1 0 0 1 
0 0 1 0 1 
1 0 0 1 0 
0 0 0 1 1 
0 0 1 0 1 
0 0 0 1 1 
1 0 0 0 1 
1 1 0 0 0 
0 1 0 0 1 
1 0 0 1 0 
0 0 0 1 1 
1 1 0 0 0 
0 1 0 0 1 
1 0 0 1 0 
0 0 0 1 1 
1 1 0 0 0 
0 1 0 0 1 
0 0 1 0 1 
0 1 1 0 0 
1 0 1 0 0 
0 0 1 1 0 
0 0 1 1 0 
1 0 1 0 0 
0 1 1 0 0 
0 1 0 0 1 
0 0 1 0 1 
0 0 0 1 1 
1 0 1 0 0 
0 0 0 1 1 
0 1 0 0 1 
1 0 1 0 0 
1 0 1 0 0 
0 1 0 0 1 
0 0 1 0 1 
0 0 0 1 1 
0 0 0 1 1 
1 0 1 0 0 
0 1 0 0 1 
1 0 1 0 0 
0 1 0 1 0 
0 1 0 0 1 
1 0 1 0 0 
0 1 1 0 0 
0 1 0 0 1 
1 0 0 1 0 
0 1 0 1 0 
0 0 1 1 0 
0 0 0 1 1 
0 1 1 0 0 
0 1 0 1 0 
0 1 0 0 1 
1 0 0 1 0 
1 0 0 1 0 
0 1 0 0 1 
0 0 0 1 1 
0 0 1 1 0 
0 1 0 0 1 
1 0 0 1 0 
0 0 1 1 0 
1 0 0 1 0 
0 1 0 1 0 
0 1 0 0 1 
1 0 1 0 0 
1 0 0 1 0 
1 1 0 0 0 
1 0 1 0 0 
0 1 0 1 0 
0 1 0 0 1 
0 1 1 0 0 
0 1 0 0 1 
1 0 1 0 0 
1 0 0 1 0 
1 1 0 0 0 
0 0 0 1 1 
1 0 1 0 0 
0 1 1 0 0 
0 0 1 1 0 
0 0 1 0 1 
0 0 0 1 1 
0 1 1 0 0 
0 0 1 0 1 
1 0 1 0 0 
1 0 0 1 0 
0 0 1 1 0 
0 0 1 0 1 
0 1 1 0 0 
0 1 0 1 0 
0 1 0 0 1 
1 0 1 0 0 
1 0 0 1 0 
0 1 0 0 1 
0 0 1 0 1 
1 0 1 0 0 
0 1 0 1 0 
1 0 0 1 0 
0 0 1 0 1 
0 1 0 0 1 
0 0 0 1 1 
1 0 0 1 0 
0 0 1 0 1 
0 0 0 1 1 
1 0 0 1 0 
0 1 0 1 0 
0 1 1 0 0 
0 0 0 1 1 
0 0 1 0 1 
1 1 0 0 0 
1 0 1 0 0 
1 1 0 0 0 
0 1 0 1 0 
0 0 1 0 1 
1 0 1 0 0 
0 1 0 0 1 
0 0 0 1 1 
1 0 1 0 0 
0 0 1 0 1 
0 1 1 0 0 
0 1 0 1 0 
1 0 1 0 0 
0 0 0 1 1 
0 0 1 0 1 
0 1 0 1 0 
1 0 1 0 0 
1 0 1 0 0 
0 0 0 1 1 
0 1 0 1 0 
0 0 0 1 1 
1 0 1 0 0 
1 0 0 1 0 
1 0 1 0 0 
1 0 0 1 0 
0 0 1 0 1 
0 0 0 1 1 
1 0 1 0 0 
0 0 0 1 1 
1 0 0 1 0 
1 1 0 0 0 
0 0 1 0 1 
0 0 1 0 1 
0 0 0 1 1 
1 1 0 0 0 
1 0 0 1 0 
0 1 0 0 1 
1 0 1 0 0 
0 0 1 0 1 
1 0 0 1 0 
1 1 0 0 0 
0 0 1 0 1 
1 0 0 1 0 
0 0 1 0 1 
1 0 1 0 0 
0 1 0 1 0 
1 1 0 0 0 
0 0 1 0 1 
1 0 1 0 0 
0 1 0 0 1 
1 0 0 1 0 
1 0 0 1 0 
0 1 0 0 1 
1 0 0 1 0 
0 0 1 1 0 
1 0 1 0 0 
0 0 1 0 1 
0 0 1 1 0 
0 1 0 0 1 
0 0 1 1 0 
1 1 0 0 0 
1 0 0 1 0 
1 1 0 0 0 
0 1 1 0 0 
0 1 0 0 1 
1 0 0 1 0 
0 0 1 1 0 
0 0 0 1 1 
1 1 0 0 0 
0 0 1 1 0 
0 0 0 1 1 
1 1 0 0 0 
0 1 1 0 0 
0 1 0 0 1 
1 1 0 0 0 
1 0 0 1 0 
0 1 0 1 0 
0 1 1 0 0 
0 0 0 1 1 
0 0 1 1 0 
0 0 1 0 1 
0 0 0 1 1 
1 0 1 0 0 
1 0 0 1 0 
0 1 1 0 0 
0 0 0 1 1 
0 1 1 0 0 
1 0 1 0 0 
0 0 0 1 1 
0 0 1 1 0 
1 1 0 0 0 
1 0 1 0 0 
0 1 0 1 0 
1 1 0 0 0 
0 1 0 1 0 
0 0 1 1 0 
1 1 0 0 0 
0 0 0 1 1 
1 1 0 0 0 
1 1 0 0 0 
1 0 1 0 0 
0 0 1 1 0 
0 0 1 0 1 
0 0 1 0 1 
1 0 0 0 1 
0 1 1 0 0 
1 0 0 1 0 
1 1 0 0 0 
1 0 0 0 1 
0 0 0 1 1 
1 1 1 1 0 
;
TIMETABLE BEST: 
0.0 0.0 0.0 0.0 0.0 
10.0 10.0 0.0 0.0 0.0 
10.0 10.0 18.0 18.0 0.0 
18.0 10.0 18.0 18.0 0.0 
18.0 10.0 18.0 18.0 0.0 
18.0 18.0 18.0 18.0 0.0 
18.0 18.0 18.0 18.0 0.0 
18.0 18.0 19.0 18.0 19.0 
19.0 18.0 19.0 18.0 19.0 
19.0 19.0 19.0 18.0 19.0 
19.0 19.0 19.0 19.0 19.0 
19.0 26.0 19.0 26.0 19.0 
26.0 26.0 19.0 26.0 19.0 
26.0 26.0 26.0 26.0 19.0 
29.0 26.0 26.0 26.0 29.0 
29.0 29.0 26.0 26.0 29.0 
29.0 29.0 29.0 26.0 29.0 
29.0 29.0 29.0 29.0 29.0 
29.0 29.0 29.0 36.0 36.0 
38.0 29.0 29.0 36.0 38.0 
43.0 29.0 29.0 43.0 38.0 
43.0 29.0 43.0 43.0 38.0 
46.0 29.0 43.0 43.0 46.0 
46.0 46.0 43.0 43.0 46.0 
46.0 46.0 46.0 43.0 46.0 
46.0 46.0 46.0 46.0 46.0 
46.0 46.0 54.0 46.0 54.0 
56.0 46.0 54.0 46.0 56.0 
56.0 56.0 54.0 46.0 56.0 
60.0 56.0 54.0 60.0 56.0 
60.0 60.0 54.0 60.0 56.0 
60.0 60.0 60.0 60.0 56.0 
60.0 65.0 60.0 60.0 65.0 
65.0 65.0 60.0 60.0 65.0 
65.0 65.0 65.0 60.0 65.0 
73.0 65.0 65.0 73.0 65.0 
73.0 65.0 65.0 73.0 73.0 
73.0 73.0 65.0 73.0 73.0 
73.0 73.0 73.0 73.0 73.0 
73.0 73.0 73.0 73.0 73.0 
80.0 73.0 73.0 80.0 73.0 
80.0 80.0 73.0 80.0 73.0 
80.0 80.0 80.0 80.0 73.0 
80.0 80.0 80.0 80.0 80.0 
88.0 80.0 80.0 88.0 80.0 
88.0 80.0 88.0 88.0 80.0 
89.0 80.0 88.0 88.0 89.0 
89.0 89.0 88.0 88.0 89.0 
89.0 89.0 89.0 88.0 89.0 
89.0 89.0 89.0 89.0 89.0 
95.0 89.0 89.0 89.0 95.0 
95.0 95.0 89.0 89.0 95.0 
95.0 95.0 89.0 95.0 95.0 
95.0 95.0 95.0 95.0 95.0 
102.0 95.0 95.0 102.0 95.0 
102.0 95.0 95.0 102.0 102.0 
102.0 102.0 95.0 102.0 102.0 
102.0 102.0 102.0 102.0 102.0 
102.0 102.0 102.0 102.0 102.0 
102.0 102.0 109.0 102.0 109.0 
102.0 102.0 109.0 109.0 109.0 
110.0 102.0 109.0 109.0 110.0 
116.0 102.0 109.0 109.0 116.0 
116.0 112.0 109.0 112.0 116.0 
116.0 112.0 116.0 112.0 116.0 
116.0 116.0 116.0 112.0 116.0 
116.0 119.0 116.0 119.0 116.0 
116.0 119.0 116.0 122.0 122.0 
116.0 122.0 116.0 122.0 122.0 
116.0 122.0 123.0 123.0 122.0 
125.0 125.0 123.0 123.0 122.0 
125.0 125.0 125.0 123.0 122.0 
125.0 125.0 125.0 123.0 125.0 
131.0 125.0 125.0 131.0 125.0 
131.0 125.0 125.0 131.0 131.0 
131.0 131.0 125.0 131.0 131.0 
131.0 131.0 131.0 131.0 131.0 
131.0 131.0 131.0 131.0 131.0 
131.0 131.0 131.0 137.0 137.0 
138.0 131.0 138.0 137.0 137.0 
140.0 140.0 138.0 137.0 137.0 
140.0 140.0 138.0 140.0 137.0 
140.0 140.0 138.0 140.0 140.0 
140.0 146.0 138.0 140.0 146.0 
148.0 146.0 138.0 148.0 146.0 
148.0 148.0 138.0 148.0 146.0 
148.0 148.0 148.0 148.0 146.0 
148.0 148.0 148.0 148.0 148.0 
161.0 148.0 148.0 148.0 161.0 
161.0 157.0 148.0 157.0 161.0 
161.0 157.0 157.0 157.0 161.0 
161.0 157.0 157.0 161.0 161.0 
161.0 161.0 157.0 161.0 161.0 
161.0 161.0 161.0 161.0 161.0 
161.0 161.0 161.0 161.0 161.0 
167.0 161.0 161.0 167.0 161.0 
167.0 167.0 161.0 167.0 161.0 
167.0 167.0 167.0 167.0 161.0 
167.0 167.0 167.0 167.0 167.0 
167.0 167.0 174.0 174.0 167.0 
167.0 167.0 174.0 174.0 174.0 
175.0 167.0 174.0 174.0 175.0 
175.0 167.0 174.0 175.0 175.0 
175.0 176.0 174.0 176.0 175.0 
175.0 176.0 182.0 182.0 175.0 
175.0 176.0 182.0 182.0 176.0 
175.0 176.0 182.0 182.0 182.0 
175.0 186.0 182.0 186.0 182.0 
175.0 186.0 182.0 186.0 186.0 
188.0 186.0 182.0 188.0 186.0 
188.0 186.0 182.0 188.0 188.0 
194.0 186.0 182.0 194.0 188.0 
194.0 194.0 182.0 194.0 188.0 
194.0 194.0 194.0 194.0 188.0 
194.0 194.0 195.0 194.0 195.0 
194.0 194.0 195.0 195.0 195.0 
194.0 194.0 201.0 195.0 201.0 
194.0 194.0 201.0 201.0 201.0 
205.0 194.0 201.0 205.0 201.0 
205.0 194.0 201.0 205.0 205.0 
211.0 194.0 201.0 211.0 205.0 
211.0 211.0 201.0 211.0 205.0 
211.0 211.0 211.0 211.0 205.0 
218.0 211.0 211.0 211.0 218.0 
222.0 222.0 211.0 211.0 218.0 
222.0 222.0 211.0 222.0 218.0 
222.0 222.0 222.0 222.0 218.0 
222.0 222.0 222.0 222.0 222.0 
222.0 222.0 222.0 222.0 222.0 
222.0 222.0 222.0 222.0 222.0 
222.0 222.0 222.0 222.0 222.0 
228.0 228.0 222.0 222.0 222.0 
228.0 228.0 222.0 222.0 228.0 
228.0 228.0 229.0 229.0 228.0 
229.0 228.0 229.0 229.0 228.0 
229.0 229.0 229.0 229.0 228.0 
236.0 229.0 229.0 229.0 236.0 
236.0 236.0 229.0 229.0 236.0 
236.0 236.0 236.0 229.0 236.0 
236.0 236.0 236.0 236.0 236.0 
242.0 236.0 236.0 236.0 242.0 
242.0 236.0 243.0 236.0 243.0 
246.0 236.0 243.0 246.0 243.0 
246.0 246.0 243.0 246.0 243.0 
246.0 246.0 246.0 246.0 243.0 
246.0 246.0 246.0 246.0 246.0 
254.0 246.0 246.0 246.0 254.0 
254.0 246.0 253.0 253.0 254.0 
254.0 246.0 253.0 254.0 254.0 
254.0 254.0 253.0 254.0 254.0 
254.0 254.0 254.0 254.0 254.0 
254.0 254.0 254.0 254.0 254.0 
260.0 254.0 254.0 254.0 260.0 
260.0 254.0 261.0 254.0 261.0 
260.0 254.0 261.0 264.0 264.0 
265.0 265.0 261.0 264.0 264.0 
265.0 265.0 265.0 264.0 264.0 
265.0 272.0 272.0 264.0 264.0 
272.0 272.0 272.0 264.0 264.0 
272.0 272.0 272.0 272.0 264.0 
272.0 272.0 272.0 272.0 272.0 
279.0 279.0 272.0 272.0 272.0 
279.0 279.0 272.0 279.0 272.0 
279.0 279.0 272.0 279.0 279.0 
286.0 279.0 286.0 279.0 279.0 
286.0 279.0 286.0 286.0 279.0 
286.0 286.0 286.0 286.0 279.0 
286.0 286.0 286.0 286.0 286.0 
293.0 286.0 293.0 286.0 286.0 
293.0 294.0 293.0 286.0 294.0 
293.0 294.0 294.0 286.0 294.0 
293.0 296.0 294.0 296.0 294.0 
293.0 296.0 296.0 296.0 294.0 
299.0 296.0 299.0 296.0 294.0 
299.0 302.0 299.0 296.0 302.0 
299.0 302.0 302.0 296.0 302.0 
299.0 302.0 302.0 302.0 302.0 
308.0 302.0 308.0 302.0 302.0 
310.0 310.0 308.0 302.0 302.0 
310.0 310.0 308.0 302.0 310.0 
310.0 310.0 308.0 310.0 310.0 
310.0 310.0 308.0 310.0 310.0 
310.0 310.0 308.0 310.0 310.0 
318.0 310.0 308.0 310.0 318.0 
320.0 310.0 308.0 320.0 318.0 
320.0 320.0 320.0 320.0 318.0 
320.0 320.0 320.0 320.0 318.0 
320.0 320.0 320.0 320.0 320.0 
320.0 327.0 327.0 320.0 320.0 
320.0 328.0 327.0 320.0 328.0 
320.0 328.0 327.0 328.0 328.0 
329.0 328.0 329.0 328.0 328.0 
329.0 328.0 329.0 329.0 328.0 
329.0 328.0 329.0 329.0 329.0 
329.0 335.0 329.0 329.0 335.0 
337.0 335.0 329.0 337.0 335.0 
337.0 335.0 329.0 337.0 337.0 
337.0 342.0 342.0 337.0 337.0 
345.0 342.0 342.0 337.0 345.0 
345.0 345.0 342.0 337.0 345.0 
347.0 345.0 342.0 347.0 345.0 
347.0 347.0 342.0 347.0 345.0 
347.0 347.0 347.0 347.0 345.0 
354.0 347.0 347.0 347.0 354.0 
354.0 354.0 347.0 347.0 354.0 
354.0 354.0 347.0 354.0 354.0 
354.0 354.0 354.0 354.0 354.0 
362.0 354.0 362.0 354.0 354.0 
362.0 362.0 362.0 354.0 354.0 
362.0 362.0 362.0 354.0 362.0 
362.0 362.0 362.0 364.0 364.0 
362.0 369.0 369.0 364.0 364.0 
370.0 369.0 369.0 364.0 370.0 
374.0 369.0 369.0 374.0 370.0 
374.0 369.0 376.0 374.0 376.0 
379.0 379.0 376.0 374.0 376.0 
379.0 379.0 379.0 374.0 376.0 
379.0 379.0 379.0 379.0 376.0 
379.0 379.0 379.0 379.0 379.0 
379.0 379.0 385.0 379.0 385.0 
379.0 385.0 385.0 379.0 385.0 
387.0 387.0 385.0 379.0 385.0 
387.0 389.0 385.0 389.0 385.0 
387.0 394.0 394.0 389.0 385.0 
387.0 394.0 394.0 389.0 394.0 
400.0 394.0 394.0 400.0 394.0 
400.0 400.0 394.0 400.0 394.0 
400.0 400.0 394.0 400.0 400.0 
400.0 406.0 394.0 406.0 400.0 
409.0 406.0 394.0 406.0 409.0 
409.0 409.0 394.0 406.0 409.0 
409.0 409.0 394.0 409.0 409.0 
409.0 412.0 412.0 409.0 409.0 
409.0 412.0 415.0 415.0 409.0 
409.0 412.0 415.0 415.0 415.0 
419.0 419.0 415.0 415.0 415.0 
419.0 419.0 415.0 415.0 419.0 
419.0 419.0 421.0 421.0 419.0 
427.0 419.0 421.0 421.0 427.0 
427.0 427.0 421.0 421.0 427.0 
427.0 427.0 421.0 427.0 427.0 
429.0 427.0 429.0 427.0 427.0 
429.0 429.0 429.0 427.0 427.0 
429.0 429.0 429.0 429.0 427.0 
429.0 435.0 429.0 429.0 435.0 
429.0 435.0 435.0 435.0 435.0 
429.0 435.0 435.0 435.0 435.0 
429.0 442.0 442.0 435.0 435.0 
442.0 442.0 442.0 435.0 435.0 
442.0 442.0 442.0 442.0 435.0 
442.0 442.0 442.0 442.0 442.0 
442.0 442.0 448.0 448.0 442.0 
450.0 442.0 448.0 448.0 450.0 
450.0 442.0 448.0 450.0 450.0 
456.0 456.0 448.0 450.0 450.0 
456.0 456.0 448.0 456.0 450.0 
458.0 456.0 448.0 456.0 458.0 
462.0 456.0 462.0 456.0 458.0 
462.0 462.0 462.0 462.0 458.0 
462.0 462.0 462.0 462.0 458.0 
467.0 462.0 462.0 462.0 467.0 
467.0 462.0 468.0 468.0 467.0 
467.0 462.0 468.0 468.0 468.0 
467.0 462.0 468.0 468.0 468.0 
472.0 472.0 468.0 468.0 468.0 
472.0 472.0 468.0 472.0 468.0 
478.0 472.0 468.0 472.0 478.0 
478.0 478.0 468.0 478.0 478.0 
478.0 478.0 481.0 478.0 481.0 
478.0 481.0 481.0 478.0 481.0 
478.0 481.0 481.0 481.0 481.0 
487.0 487.0 481.0 481.0 481.0 
487.0 487.0 481.0 481.0 487.0 
487.0 487.0 481.0 487.0 487.0 
488.0 487.0 488.0 487.0 487.0 
488.0 487.0 488.0 487.0 488.0 
488.0 496.0 488.0 496.0 488.0 
488.0 496.0 496.0 496.0 488.0 
488.0 496.0 496.0 496.0 496.0 
497.0 496.0 496.0 497.0 496.0 
497.0 496.0 503.0 503.0 496.0 
506.0 506.0 503.0 503.0 496.0 
506.0 506.0 503.0 503.0 506.0 
506.0 506.0 503.0 506.0 506.0 
506.0 506.0 511.0 511.0 506.0 
506.0 506.0 511.0 511.0 511.0 
516.0 506.0 511.0 516.0 511.0 
516.0 520.0 520.0 516.0 511.0 
516.0 520.0 520.0 520.0 520.0 
524.0 520.0 520.0 524.0 520.0 
524.0 520.0 528.0 524.0 528.0 
536.0 520.0 528.0 536.0 528.0 
536.0 536.0 528.0 536.0 528.0 
536.0 536.0 536.0 536.0 528.0 
536.0 536.0 536.0 536.0 536.0 
547.0 536.0 536.0 547.0 536.0 
547.0 547.0 536.0 547.0 536.0 
547.0 547.0 543.0 547.0 543.0 
547.0 547.0 547.0 547.0 543.0 
547.0 547.0 547.0 550.0 550.0 
555.0 547.0 547.0 555.0 550.0 
555.0 547.0 556.0 556.0 550.0 
555.0 557.0 556.0 557.0 550.0 
555.0 557.0 558.0 557.0 558.0 
558.0 557.0 558.0 557.0 558.0 
558.0 558.0 558.0 557.0 558.0 
558.0 558.0 558.0 558.0 558.0 
558.0 558.0 564.0 564.0 558.0 
558.0 558.0 564.0 564.0 564.0 
558.0 565.0 564.0 564.0 565.0 
558.0 565.0 564.0 565.0 565.0 
568.0 565.0 564.0 568.0 565.0 
568.0 565.0 564.0 568.0 568.0 
577.0 565.0 564.0 577.0 568.0 
577.0 565.0 578.0 578.0 568.0 
577.0 565.0 578.0 578.0 577.0 
577.0 565.0 578.0 578.0 578.0 
577.0 579.0 578.0 579.0 578.0 
586.0 586.0 578.0 579.0 578.0 
586.0 588.0 588.0 579.0 578.0 
586.0 588.0 588.0 588.0 578.0 
600.0 588.0 600.0 588.0 578.0 
600.0 598.0 600.0 588.0 598.0 
600.0 598.0 607.0 607.0 598.0 
600.0 598.0 607.0 607.0 607.0 
608.0 598.0 608.0 607.0 607.0 
608.0 598.0 608.0 607.0 608.0 
608.0 611.0 611.0 607.0 608.0 
608.0 611.0 611.0 607.0 611.0 
608.0 618.0 618.0 607.0 611.0 
608.0 618.0 618.0 607.0 618.0 
626.0 618.0 626.0 607.0 618.0 
626.0 618.0 626.0 625.0 625.0 
626.0 618.0 626.0 626.0 625.0 
626.0 636.0 636.0 626.0 625.0 
635.0 636.0 636.0 626.0 635.0 
635.0 636.0 636.0 636.0 635.0 
635.0 636.0 644.0 644.0 635.0 
635.0 636.0 644.0 644.0 644.0 
648.0 636.0 648.0 644.0 644.0 
652.0 636.0 648.0 644.0 652.0 
652.0 652.0 648.0 652.0 652.0 
659.0 652.0 659.0 652.0 652.0 
659.0 659.0 659.0 659.0 652.0 
659.0 659.0 659.0 659.0 659.0 
666.0 659.0 666.0 659.0 659.0 
666.0 671.0 666.0 659.0 671.0 
666.0 671.0 666.0 671.0 671.0 
678.0 671.0 678.0 671.0 671.0 
678.0 678.0 678.0 671.0 671.0 
678.0 678.0 678.0 678.0 671.0 
678.0 678.0 678.0 678.0 678.0 
685.0 678.0 685.0 678.0 678.0 
685.0 678.0 685.0 685.0 678.0 
685.0 678.0 686.0 685.0 686.0 
685.0 678.0 693.0 693.0 686.0 
685.0 678.0 693.0 693.0 693.0 
685.0 678.0 699.0 693.0 699.0 
685.0 699.0 699.0 693.0 699.0 
702.0 699.0 702.0 693.0 699.0 
702.0 699.0 702.0 702.0 699.0 
702.0 699.0 708.0 702.0 708.0 
713.0 699.0 713.0 702.0 708.0 
713.0 699.0 713.0 713.0 708.0 
713.0 713.0 713.0 713.0 708.0 
713.0 713.0 717.0 713.0 717.0 
713.0 713.0 717.0 713.0 717.0 
713.0 723.0 723.0 713.0 717.0 
713.0 723.0 723.0 723.0 717.0 
724.0 723.0 724.0 723.0 717.0 
724.0 723.0 731.0 723.0 731.0 
734.0 734.0 731.0 723.0 731.0 
734.0 734.0 734.0 723.0 731.0 
734.0 734.0 741.0 723.0 741.0 
744.0 744.0 741.0 723.0 741.0 
744.0 754.0 754.0 723.0 741.0 
744.0 754.0 754.0 723.0 754.0 
744.0 754.0 754.0 754.0 754.0 
765.0 754.0 754.0 765.0 754.0 
765.0 754.0 765.0 765.0 754.0 
774.0 754.0 774.0 765.0 754.0 
774.0 754.0 774.0 765.0 774.0 
776.0 754.0 774.0 776.0 774.0 
778.0 778.0 774.0 776.0 774.0 
782.0 778.0 782.0 776.0 774.0 
782.0 778.0 782.0 776.0 782.0 
782.0 778.0 795.0 776.0 795.0 
782.0 797.0 795.0 797.0 795.0 
782.0 797.0 795.0 797.0 797.0 
805.0 797.0 795.0 797.0 805.0 
805.0 797.0 805.0 797.0 805.0 
805.0 797.0 813.0 797.0 813.0 
805.0 817.0 817.0 797.0 813.0 
805.0 817.0 822.0 797.0 822.0 
805.0 825.0 822.0 797.0 825.0 
832.0 825.0 822.0 832.0 825.0 
832.0 825.0 832.0 832.0 825.0 
832.0 832.0 832.0 832.0 825.0 
832.0 832.0 832.0 832.0 832.0 
839.0 832.0 832.0 839.0 832.0 
839.0 840.0 832.0 840.0 832.0 
839.0 844.0 844.0 840.0 832.0 
839.0 844.0 844.0 844.0 832.0 
839.0 844.0 844.0 844.0 844.0 
847.0 844.0 844.0 847.0 844.0 
847.0 852.0 852.0 847.0 844.0 
847.0 853.0 852.0 847.0 853.0 
855.0 853.0 852.0 855.0 853.0 
855.0 861.0 861.0 855.0 853.0 
855.0 861.0 861.0 861.0 853.0 
864.0 861.0 864.0 861.0 853.0 
864.0 861.0 864.0 864.0 853.0 
864.0 868.0 864.0 868.0 853.0 
864.0 868.0 868.0 868.0 868.0 
870.0 868.0 870.0 868.0 868.0 
870.0 868.0 870.0 870.0 868.0 
870.0 874.0 870.0 874.0 868.0 
881.0 874.0 870.0 881.0 868.0 
881.0 883.0 870.0 883.0 868.0 
884.0 883.0 884.0 883.0 868.0 
884.0 884.0 884.0 883.0 868.0 
884.0 884.0 884.0 883.0 884.0 
884.0 884.0 884.0 884.0 884.0 
884.0 893.0 893.0 884.0 884.0 
884.0 893.0 893.0 884.0 893.0 
894.0 893.0 893.0 894.0 893.0 
894.0 893.0 894.0 894.0 893.0 
894.0 893.0 903.0 894.0 903.0 
894.0 903.0 903.0 894.0 903.0 
908.0 903.0 908.0 894.0 903.0 
908.0 903.0 908.0 908.0 903.0 
908.0 910.0 910.0 908.0 903.0 
908.0 910.0 915.0 908.0 915.0 
908.0 918.0 918.0 908.0 915.0 
923.0 918.0 923.0 908.0 915.0 
923.0 927.0 923.0 927.0 915.0 
923.0 927.0 927.0 927.0 915.0 
923.0 927.0 927.0 927.0 927.0 
930.0 927.0 927.0 930.0 927.0 
938.0 927.0 927.0 938.0 927.0 
938.0 927.0 927.0 939.0 939.0 
938.0 941.0 941.0 939.0 939.0 
941.0 941.0 941.0 939.0 939.0 
941.0 941.0 941.0 941.0 939.0 
941.0 941.0 941.0 941.0 941.0 
948.0 941.0 948.0 941.0 941.0 
948.0 941.0 948.0 948.0 941.0 
948.0 948.0 948.0 948.0 941.0 
948.0 948.0 951.0 948.0 951.0 
948.0 948.0 951.0 951.0 951.0 
954.0 948.0 951.0 954.0 951.0 
954.0 948.0 954.0 954.0 951.0 
954.0 958.0 954.0 958.0 951.0 
954.0 958.0 958.0 958.0 951.0 
954.0 958.0 960.0 958.0 960.0 
954.0 958.0 960.0 960.0 960.0 
963.0 958.0 963.0 960.0 960.0 
963.0 958.0 963.0 963.0 960.0 
963.0 958.0 968.0 963.0 968.0 
963.0 958.0 968.0 968.0 968.0 
963.0 969.0 969.0 968.0 968.0 
963.0 969.0 969.0 969.0 968.0 
976.0 969.0 976.0 969.0 968.0 
976.0 969.0 976.0 976.0 968.0 
976.0 969.0 976.0 976.0 976.0 
976.0 969.0 976.0 976.0 976.0 
976.0 980.0 980.0 976.0 976.0 
976.0 980.0 980.0 980.0 976.0 
984.0 980.0 984.0 980.0 976.0 
984.0 980.0 984.0 984.0 976.0 
984.0 989.0 989.0 984.0 976.0 
984.0 993.0 989.0 993.0 976.0 
993.0 993.0 989.0 993.0 976.0 
993.0 993.0 993.0 993.0 976.0 
993.0 993.0 993.0 993.0 993.0 
993.0 993.0 993.0 1000.0 1000.0 
1002.0 993.0 993.0 1002.0 1000.0 
1002.0 1002.0 993.0 1002.0 1000.0 
1005.0 1002.0 1005.0 1002.0 1000.0 
1005.0 1005.0 1005.0 1002.0 1000.0 
1005.0 1005.0 1005.0 1005.0 1000.0 
1011.0 1005.0 1011.0 1005.0 1000.0 
1011.0 1011.0 1011.0 1005.0 1000.0 
1011.0 1011.0 1011.0 1007.0 1007.0 
1011.0 1011.0 1011.0 1011.0 1007.0 
1011.0 1011.0 1011.0 1011.0 1011.0 
1017.0 1011.0 1017.0 1011.0 1011.0 
1017.0 1011.0 1019.0 1011.0 1019.0 
1017.0 1011.0 1019.0 1019.0 1019.0 
1017.0 1020.0 1020.0 1019.0 1019.0 
1026.0 1020.0 1026.0 1019.0 1019.0 
1026.0 1020.0 1027.0 1019.0 1027.0 
1026.0 1020.0 1027.0 1027.0 1027.0 
1033.0 1020.0 1033.0 1027.0 1027.0 
1033.0 1030.0 1033.0 1030.0 1027.0 
1033.0 1033.0 1033.0 1030.0 1027.0 
1033.0 1033.0 1033.0 1030.0 1033.0 
1033.0 1039.0 1039.0 1030.0 1033.0 
1042.0 1039.0 1042.0 1030.0 1033.0 
1042.0 1039.0 1042.0 1042.0 1033.0 
1042.0 1039.0 1042.0 1042.0 1042.0 
1048.0 1039.0 1048.0 1042.0 1042.0 
1048.0 1049.0 1049.0 1042.0 1042.0 
1048.0 1049.0 1049.0 1049.0 1042.0 
1048.0 1049.0 1049.0 1049.0 1042.0 
1048.0 1049.0 1052.0 1049.0 1052.0 
1058.0 1049.0 1052.0 1058.0 1052.0 
1058.0 1049.0 1058.0 1058.0 1058.0 
1058.0 1049.0 1058.0 1058.0 1058.0 
1058.0 1065.0 1065.0 1058.0 1058.0 
1058.0 1065.0 1065.0 1065.0 1058.0 
1058.0 1065.0 1065.0 1068.0 1068.0 
1058.0 1071.0 1071.0 1068.0 1068.0 
1058.0 1071.0 1071.0 1068.0 1071.0 
1074.0 1071.0 1074.0 1068.0 1071.0 
1081.0 1071.0 1081.0 1068.0 1071.0 
1081.0 1082.0 1082.0 1068.0 1071.0 
1081.0 1082.0 1082.0 1082.0 1071.0 
1081.0 1082.0 1085.0 1082.0 1085.0 
1089.0 1082.0 1085.0 1089.0 1085.0 
1089.0 1082.0 1089.0 1089.0 1085.0 
1089.0 1082.0 1089.0 1089.0 1089.0 
1089.0 1094.0 1094.0 1089.0 1089.0 
1089.0 1094.0 1094.0 1094.0 1089.0 
1096.0 1094.0 1096.0 1094.0 1089.0 
1096.0 1094.0 1096.0 1096.0 1089.0 
1102.0 1094.0 1102.0 1096.0 1089.0 
1102.0 1102.0 1102.0 1096.0 1089.0 
1102.0 1102.0 1102.0 1096.0 1102.0 
1109.0 1102.0 1109.0 1096.0 1102.0 
1109.0 1110.0 1110.0 1096.0 1102.0 
1109.0 1110.0 1110.0 1110.0 1102.0 
1119.0 1110.0 1119.0 1110.0 1102.0 
1119.0 1116.0 1119.0 1110.0 1116.0 
1120.0 1116.0 1119.0 1120.0 1116.0 
1120.0 1116.0 1119.0 1120.0 1119.0 
1120.0 1120.0 1119.0 1120.0 1119.0 
1120.0 1120.0 1120.0 1120.0 1119.0 
1126.0 1120.0 1126.0 1120.0 1119.0 
1126.0 1120.0 1126.0 1120.0 1120.0 
1126.0 1120.0 1126.0 1126.0 1120.0 
1126.0 1120.0 1126.0 1126.0 1126.0 
1126.0 1128.0 1126.0 1128.0 1126.0 
1126.0 1135.0 1126.0 1135.0 1126.0 
1136.0 1135.0 1126.0 1136.0 1126.0 
1136.0 1135.0 1138.0 1138.0 1126.0 
1136.0 1135.0 1138.0 1138.0 1138.0 
1136.0 1141.0 1138.0 1141.0 1138.0 
1143.0 1141.0 1138.0 1143.0 1138.0 
1143.0 1150.0 1138.0 1150.0 1138.0 
1143.0 1150.0 1152.0 1150.0 1152.0 
1157.0 1150.0 1157.0 1150.0 1152.0 
1157.0 1150.0 1157.0 1157.0 1152.0 
1157.0 1150.0 1157.0 1157.0 1157.0 
1157.0 1159.0 1157.0 1159.0 1157.0 
1163.0 1159.0 1163.0 1159.0 1157.0 
1163.0 1159.0 1163.0 1159.0 1163.0 
1163.0 1167.0 1163.0 1167.0 1163.0 
1163.0 1167.0 1175.0 1167.0 1175.0 
1176.0 1167.0 1176.0 1167.0 1175.0 
1176.0 1167.0 1176.0 1176.0 1175.0 
1176.0 1167.0 1176.0 1176.0 1176.0 
1176.0 1177.0 1176.0 1177.0 1176.0 
1183.0 1177.0 1183.0 1177.0 1176.0 
1183.0 1177.0 1183.0 1183.0 1176.0 
1183.0 1177.0 1183.0 1183.0 1183.0 
1195.0 1195.0 1183.0 1183.0 1183.0 
1195.0 1195.0 1195.0 1183.0 1183.0 
1195.0 1195.0 1195.0 1195.0 1183.0 
1195.0 1195.0 1195.0 1195.0 1183.0 
1195.0 1195.0 1195.0 1195.0 1183.0 
1195.0 1195.0 1195.0 1195.0 1195.0 
1195.0 1201.0 1195.0 1195.0 1201.0 
1202.0 1202.0 1195.0 1195.0 1201.0 
1202.0 1202.0 1202.0 1195.0 1201.0 
1202.0 1202.0 1202.0 1202.0 1201.0 
1211.0 1202.0 1202.0 1211.0 1201.0 
1211.0 1211.0 1202.0 1211.0 1201.0 
1214.0 1211.0 1202.0 1211.0 1214.0 
1214.0 1214.0 1202.0 1211.0 1214.0 
1216.0 1214.0 1216.0 1211.0 1214.0 
1216.0 1214.0 1216.0 1214.0 1214.0 
1216.0 1214.0 1216.0 1216.0 1214.0 
1223.0 1214.0 1223.0 1216.0 1214.0 
1231.0 1214.0 1231.0 1216.0 1214.0 
1231.0 1214.0 1231.0 1225.0 1225.0 
1231.0 1231.0 1231.0 1225.0 1225.0 
1231.0 1231.0 1231.0 1231.0 1225.0 
1231.0 1231.0 1231.0 1231.0 1231.0 
1231.0 1231.0 1231.0 1231.0 1231.0 
1239.0 1231.0 1231.0 1231.0 1239.0 
1240.0 1231.0 1231.0 1240.0 1239.0 
1240.0 1231.0 1245.0 1240.0 1245.0 
1248.0 1231.0 1248.0 1240.0 1245.0 
1248.0 1231.0 1248.0 1248.0 1245.0 
1248.0 1250.0 1248.0 1250.0 1245.0 
1258.0 1250.0 1248.0 1250.0 1258.0 
1258.0 1258.0 1248.0 1250.0 1258.0 
1258.0 1258.0 1258.0 1250.0 1258.0 
1258.0 1258.0 1258.0 1258.0 1258.0 
1266.0 1258.0 1258.0 1258.0 1266.0 
1266.0 1268.0 1258.0 1268.0 1266.0 
1266.0 1268.0 1272.0 1268.0 1272.0 
1266.0 1272.0 1272.0 1268.0 1272.0 
1273.0 1272.0 1272.0 1268.0 1273.0 
1273.0 1277.0 1272.0 1277.0 1273.0 
1273.0 1277.0 1278.0 1277.0 1278.0 
1287.0 1287.0 1278.0 1277.0 1278.0 
1287.0 1287.0 1278.0 1287.0 1278.0 
1287.0 1287.0 1278.0 1287.0 1287.0 
1291.0 1287.0 1291.0 1287.0 1287.0 
1291.0 1287.0 1291.0 1287.0 1291.0 
1291.0 1297.0 1297.0 1287.0 1291.0 
1301.0 1297.0 1297.0 1287.0 1301.0 
1301.0 1301.0 1297.0 1287.0 1301.0 
1301.0 1301.0 1301.0 1287.0 1301.0 
1301.0 1301.0 1301.0 1301.0 1301.0 
1301.0 1308.0 1301.0 1301.0 1308.0 
1308.0 1308.0 1301.0 1301.0 1308.0 
1308.0 1308.0 1308.0 1301.0 1308.0 
1308.0 1308.0 1308.0 1308.0 1308.0 
1308.0 1308.0 1308.0 1317.0 1317.0 
1321.0 1321.0 1308.0 1317.0 1317.0 
1321.0 1321.0 1321.0 1317.0 1317.0 
1321.0 1321.0 1321.0 1317.0 1321.0 
1321.0 1321.0 1321.0 1321.0 1321.0 
1321.0 1321.0 1321.0 1321.0 1321.0 
1328.0 1321.0 1321.0 1321.0 1328.0 
1328.0 1328.0 1321.0 1321.0 1328.0 
1328.0 1328.0 1328.0 1321.0 1328.0 
1338.0 1338.0 1328.0 1321.0 1328.0 
1338.0 1338.0 1328.0 1338.0 1328.0 
1338.0 1341.0 1341.0 1338.0 1328.0 
1345.0 1345.0 1341.0 1338.0 1328.0 
1345.0 1345.0 1341.0 1351.0 1351.0 
1345.0 1345.0 1351.0 1351.0 1351.0 
1353.0 1353.0 1351.0 1351.0 1351.0 
1353.0 1353.0 1353.0 1351.0 1351.0 
1353.0 1353.0 1353.0 1353.0 1351.0 
1353.0 1353.0 1357.0 1353.0 1357.0 
1353.0 1353.0 1357.0 1357.0 1357.0 
1360.0 1360.0 1357.0 1357.0 1357.0 
1360.0 1360.0 1360.0 1357.0 1357.0 
1360.0 1360.0 1360.0 1360.0 1357.0 
1366.0 1366.0 1360.0 1360.0 1357.0 
1366.0 1366.0 1366.0 1360.0 1357.0 
1366.0 1366.0 1366.0 1366.0 1357.0 
1366.0 1366.0 1371.0 1366.0 1371.0 
1366.0 1366.0 1371.0 1371.0 1371.0 
1375.0 1375.0 1371.0 1371.0 1371.0 
1375.0 1375.0 1375.0 1371.0 1371.0 
1375.0 1375.0 1375.0 1375.0 1371.0 
1384.0 1384.0 1375.0 1375.0 1371.0 
1384.0 1384.0 1384.0 1375.0 1371.0 
1385.0 1384.0 1384.0 1375.0 1385.0 
1385.0 1384.0 1384.0 1385.0 1385.0 
1385.0 1385.0 1384.0 1385.0 1385.0 
1385.0 1385.0 1385.0 1385.0 1385.0 
1385.0 1385.0 1385.0 1385.0 1385.0 
1393.0 1393.0 1385.0 1385.0 1385.0 
1393.0 1393.0 1393.0 1385.0 1385.0 
1393.0 1393.0 1393.0 1393.0 1385.0 
1393.0 1399.0 1393.0 1393.0 1399.0 
1393.0 1399.0 1399.0 1393.0 1399.0 
1393.0 1399.0 1399.0 1399.0 1399.0 
1403.0 1399.0 1403.0 1399.0 1399.0 
1403.0 1403.0 1403.0 1399.0 1399.0 
1403.0 1403.0 1403.0 1403.0 1399.0 
1403.0 1403.0 1411.0 1403.0 1411.0 
1403.0 1411.0 1411.0 1403.0 1411.0 
1412.0 1412.0 1411.0 1403.0 1411.0 
1412.0 1412.0 1411.0 1411.0 1411.0 
1412.0 1412.0 1412.0 1411.0 1411.0 
1412.0 1412.0 1412.0 1412.0 1411.0 
1412.0 1421.0 1412.0 1412.0 1421.0 
1412.0 1421.0 1421.0 1412.0 1421.0 
1412.0 1421.0 1421.0 1421.0 1421.0 
1422.0 1421.0 1422.0 1421.0 1421.0 
1422.0 1422.0 1422.0 1421.0 1421.0 
1422.0 1422.0 1422.0 1422.0 1421.0 
1422.0 1430.0 1422.0 1422.0 1430.0 
1422.0 1430.0 1430.0 1422.0 1430.0 
1422.0 1430.0 1430.0 1430.0 1430.0 
1422.0 1430.0 1438.0 1430.0 1438.0 
1422.0 1438.0 1438.0 1430.0 1438.0 
1440.0 1438.0 1440.0 1430.0 1438.0 
1440.0 1438.0 1440.0 1440.0 1438.0 
1440.0 1438.0 1446.0 1440.0 1446.0 
1448.0 1448.0 1446.0 1440.0 1446.0 
1448.0 1448.0 1446.0 1446.0 1446.0 
1448.0 1448.0 1446.0 1448.0 1446.0 
1455.0 1448.0 1455.0 1448.0 1446.0 
1455.0 1448.0 1455.0 1454.0 1454.0 
1455.0 1455.0 1455.0 1454.0 1454.0 
1455.0 1455.0 1465.0 1454.0 1465.0 
1455.0 1455.0 1465.0 1468.0 1468.0 
1470.0 1470.0 1465.0 1468.0 1468.0 
1470.0 1476.0 1465.0 1468.0 1476.0 
1470.0 1476.0 1478.0 1468.0 1478.0 
1486.0 1486.0 1478.0 1468.0 1478.0 
1486.0 1486.0 1486.0 1468.0 1478.0 
1486.0 1486.0 1486.0 1468.0 1486.0 
1486.0 1486.0 1486.0 1468.0 1486.0 
1495.0 1486.0 1495.0 1468.0 1486.0 
1495.0 1486.0 1495.0 1495.0 1495.0 
1495.0 1495.0 1495.0 1495.0 1495.0 
1505.0 1495.0 1505.0 1495.0 1495.0 
1505.0 1505.0 1505.0 1495.0 1505.0 
1505.0 1505.0 1505.0 1495.0 1505.0 
1505.0 1505.0 1508.0 1508.0 1505.0 
1513.0 1505.0 1513.0 1508.0 1505.0 
1513.0 1505.0 1514.0 1514.0 1505.0 
1513.0 1517.0 1514.0 1514.0 1517.0 
1513.0 1517.0 1517.0 1514.0 1517.0 
1527.0 1517.0 1527.0 1514.0 1517.0 
1527.0 1517.0 1527.0 1528.0 1528.0 
1533.0 1517.0 1533.0 1528.0 1528.0 
1540.0 1517.0 1540.0 1528.0 1528.0 
1540.0 1546.0 1540.0 1528.0 1546.0 
1540.0 1546.0 1540.0 1546.0 1546.0 
1540.0 1546.0 1546.0 1546.0 1546.0 
1548.0 1548.0 1546.0 1546.0 1546.0 
1548.0 1548.0 1548.0 1546.0 1546.0 
1552.0 1548.0 1548.0 1546.0 1552.0 
1552.0 1552.0 1548.0 1546.0 1552.0 
1552.0 1552.0 1552.0 1546.0 1552.0 
1552.0 1552.0 1552.0 1552.0 1552.0 
1558.0 1552.0 1552.0 1552.0 1558.0 
1565.0 1552.0 1565.0 1552.0 1558.0 
1565.0 1559.0 1565.0 1552.0 1559.0 
1565.0 1565.0 1565.0 1552.0 1559.0 
1565.0 1565.0 1565.0 1552.0 1565.0 
1565.0 1565.0 1565.0 1552.0 1565.0 
1566.0 1565.0 1565.0 1566.0 1565.0 
1566.0 1565.0 1565.0 1566.0 1566.0 
1566.0 1565.0 1572.0 1566.0 1572.0 
1566.0 1565.0 1572.0 1572.0 1572.0 
1575.0 1565.0 1572.0 1572.0 1575.0 
1578.0 1578.0 1572.0 1572.0 1575.0 
1578.0 1578.0 1572.0 1572.0 1578.0 
1584.0 1578.0 1572.0 1584.0 1578.0 
1584.0 1578.0 1572.0 1584.0 1584.0 
1588.0 1588.0 1572.0 1584.0 1584.0 
1588.0 1588.0 1572.0 1584.0 1588.0 
1590.0 1588.0 1572.0 1590.0 1588.0 
1590.0 1588.0 1572.0 1590.0 1590.0 
1597.0 1597.0 1572.0 1590.0 1590.0 
1597.0 1597.0 1572.0 1590.0 1597.0 
1597.0 1597.0 1599.0 1590.0 1599.0 
1597.0 1599.0 1599.0 1590.0 1599.0 
1599.0 1599.0 1599.0 1590.0 1599.0 
1599.0 1599.0 1599.0 1599.0 1599.0 
1599.0 1599.0 1605.0 1605.0 1599.0 
1608.0 1599.0 1608.0 1605.0 1599.0 
1608.0 1608.0 1608.0 1605.0 1599.0 
1608.0 1610.0 1608.0 1605.0 1610.0 
1608.0 1610.0 1610.0 1605.0 1610.0 
1608.0 1610.0 1610.0 1610.0 1610.0 
1616.0 1610.0 1616.0 1610.0 1610.0 
1616.0 1610.0 1616.0 1616.0 1616.0 
1616.0 1619.0 1616.0 1616.0 1619.0 
1623.0 1619.0 1623.0 1616.0 1619.0 
1629.0 1619.0 1629.0 1616.0 1619.0 
1629.0 1629.0 1629.0 1616.0 1629.0 
1629.0 1629.0 1629.0 1616.0 1629.0 
1629.0 1629.0 1629.0 1629.0 1629.0 
1629.0 1629.0 1629.0 1635.0 1635.0 
1638.0 1629.0 1638.0 1635.0 1635.0 
1638.0 1638.0 1638.0 1635.0 1638.0 
1647.0 1638.0 1647.0 1635.0 1638.0 
1647.0 1648.0 1647.0 1648.0 1638.0 
1647.0 1648.0 1647.0 1648.0 1648.0 
1655.0 1648.0 1655.0 1648.0 1648.0 
1655.0 1661.0 1661.0 1648.0 1648.0 
1655.0 1661.0 1661.0 1648.0 1661.0 
1662.0 1661.0 1661.0 1662.0 1661.0 
1662.0 1662.0 1661.0 1662.0 1661.0 
1662.0 1662.0 1662.0 1662.0 1661.0 
1662.0 1662.0 1662.0 1662.0 1662.0 
1662.0 1669.0 1669.0 1662.0 1662.0 
1662.0 1669.0 1669.0 1669.0 1662.0 
1662.0 1669.0 1669.0 1669.0 1669.0 
1670.0 1669.0 1669.0 1670.0 1669.0 
1679.0 1669.0 1669.0 1679.0 1669.0 
1679.0 1679.0 1669.0 1679.0 1679.0 
1679.0 1679.0 1669.0 1679.0 1679.0 
1679.0 1679.0 1682.0 1682.0 1679.0 
1679.0 1686.0 1682.0 1682.0 1686.0 
1688.0 1686.0 1682.0 1688.0 1686.0 
1688.0 1686.0 1688.0 1688.0 1686.0 
1694.0 1686.0 1688.0 1694.0 1686.0 
1694.0 1696.0 1688.0 1696.0 1686.0 
1694.0 1696.0 1688.0 1696.0 1696.0 
1701.0 1696.0 1701.0 1696.0 1696.0 
1701.0 1696.0 1701.0 1701.0 1696.0 
1709.0 1709.0 1701.0 1701.0 1696.0 
1714.0 1709.0 1714.0 1701.0 1696.0 
1714.0 1709.0 1714.0 1709.0 1696.0 
1714.0 1709.0 1714.0 1709.0 1709.0 
1714.0 1714.0 1714.0 1709.0 1709.0 
1714.0 1719.0 1714.0 1709.0 1719.0 
1722.0 1719.0 1722.0 1709.0 1719.0 
1722.0 1719.0 1722.0 1722.0 1719.0 
1732.0 1732.0 1722.0 1722.0 1719.0 
1732.0 1732.0 1722.0 1730.0 1730.0 
1736.0 1732.0 1736.0 1730.0 1730.0 
1736.0 1736.0 1736.0 1730.0 1730.0 
1736.0 1736.0 1736.0 1736.0 1730.0 
1736.0 1736.0 1736.0 1736.0 1736.0 
1736.0 1736.0 1736.0 1736.0 1736.0 
1736.0 1742.0 1742.0 1736.0 1736.0 
1736.0 1742.0 1742.0 1736.0 1742.0 
1744.0 1742.0 1744.0 1736.0 1742.0 
1750.0 1742.0 1744.0 1750.0 1742.0 
1750.0 1742.0 1750.0 1750.0 1742.0 
1750.0 1742.0 1753.0 1750.0 1753.0 
1750.0 1756.0 1756.0 1750.0 1753.0 
1750.0 1756.0 1756.0 1756.0 1753.0 
1750.0 1756.0 1756.0 1756.0 1756.0 
1759.0 1756.0 1759.0 1756.0 1756.0 
1759.0 1756.0 1759.0 1759.0 1756.0 
1759.0 1766.0 1759.0 1759.0 1766.0 
1759.0 1766.0 1766.0 1759.0 1766.0 
1769.0 1766.0 1769.0 1759.0 1766.0 
1769.0 1773.0 1769.0 1773.0 1766.0 
1773.0 1773.0 1769.0 1773.0 1766.0 
1773.0 1773.0 1780.0 1773.0 1780.0 
1773.0 1780.0 1780.0 1773.0 1780.0 
1773.0 1780.0 1780.0 1780.0 1780.0 
1783.0 1780.0 1780.0 1783.0 1780.0 
1783.0 1780.0 1790.0 1783.0 1790.0 
1783.0 1780.0 1790.0 1790.0 1790.0 
1792.0 1780.0 1790.0 1792.0 1790.0 
1792.0 1794.0 1790.0 1794.0 1790.0 
1792.0 1794.0 1794.0 1794.0 1790.0 
1792.0 1794.0 1794.0 1797.0 1797.0 
1792.0 1794.0 1797.0 1797.0 1797.0 
1800.0 1800.0 1797.0 1797.0 1797.0 
1808.0 1800.0 1808.0 1797.0 1797.0 
1808.0 1808.0 1808.0 1797.0 1797.0 
1808.0 1811.0 1808.0 1811.0 1797.0 
1808.0 1811.0 1814.0 1811.0 1814.0 
1815.0 1811.0 1815.0 1811.0 1814.0 
1815.0 1814.0 1815.0 1811.0 1814.0 
1815.0 1814.0 1815.0 1814.0 1814.0 
1821.0 1814.0 1821.0 1814.0 1814.0 
1821.0 1814.0 1822.0 1814.0 1822.0 
1821.0 1828.0 1828.0 1814.0 1822.0 
1821.0 1828.0 1828.0 1828.0 1822.0 
1830.0 1828.0 1830.0 1828.0 1822.0 
1830.0 1828.0 1830.0 1828.0 1828.0 
1830.0 1828.0 1836.0 1828.0 1836.0 
1830.0 1842.0 1836.0 1842.0 1836.0 
1839.0 1842.0 1839.0 1842.0 1836.0 
1847.0 1842.0 1847.0 1842.0 1836.0 
1847.0 1842.0 1847.0 1848.0 1848.0 
1847.0 1854.0 1847.0 1854.0 1848.0 
1847.0 1854.0 1847.0 1855.0 1855.0 
1857.0 1854.0 1857.0 1855.0 1855.0 
1857.0 1854.0 1857.0 1857.0 1855.0 
1866.0 1854.0 1866.0 1857.0 1855.0 
1866.0 1854.0 1866.0 1866.0 1855.0 
1866.0 1854.0 1869.0 1866.0 1869.0 
1866.0 1854.0 1869.0 1869.0 1869.0 
1876.0 1854.0 1876.0 1869.0 1869.0 
1876.0 1854.0 1876.0 1882.0 1882.0 
1882.0 1854.0 1876.0 1882.0 1882.0 
1882.0 1882.0 1876.0 1882.0 1882.0 
1882.0 1882.0 1882.0 1882.0 1882.0 
1882.0 1882.0 1889.0 1882.0 1889.0 
1882.0 1882.0 1889.0 1889.0 1889.0 
1892.0 1892.0 1889.0 1889.0 1889.0 
1902.0 1892.0 1889.0 1902.0 1889.0 
1902.0 1903.0 1889.0 1902.0 1903.0 
1907.0 1903.0 1907.0 1902.0 1903.0 
1907.0 1903.0 1907.0 1902.0 1907.0 
1908.0 1903.0 1907.0 1908.0 1907.0 
1917.0 1917.0 1907.0 1908.0 1907.0 
1917.0 1917.0 1920.0 1908.0 1920.0 
1925.0 1917.0 1920.0 1925.0 1920.0 
1925.0 1917.0 1927.0 1925.0 1927.0 
1935.0 1917.0 1935.0 1925.0 1927.0 
1935.0 1942.0 1935.0 1942.0 1927.0 
1946.0 1946.0 1935.0 1942.0 1927.0 
1946.0 1946.0 1942.0 1942.0 1942.0 
1946.0 1946.0 1946.0 1942.0 1942.0 
1946.0 1946.0 1946.0 1942.0 1946.0 
1946.0 1946.0 1946.0 1946.0 1946.0 
1956.0 1946.0 1946.0 1956.0 1946.0 
1956.0 1959.0 1946.0 1956.0 1959.0 
1963.0 1959.0 1946.0 1963.0 1959.0 
1963.0 1959.0 1964.0 1964.0 1959.0 
1964.0 1959.0 1964.0 1964.0 1959.0 
1964.0 1959.0 1964.0 1964.0 1964.0 
1964.0 1959.0 1971.0 1971.0 1964.0 
1964.0 1965.0 1971.0 1971.0 1965.0 
1964.0 1965.0 1981.0 1981.0 1965.0 
1975.0 1975.0 1981.0 1981.0 1965.0 
1981.0 1975.0 1981.0 1981.0 1965.0 
1988.0 1988.0 1981.0 1981.0 1965.0 
1988.0 1988.0 1988.0 1981.0 1965.0 
1988.0 1988.0 1988.0 1981.0 1988.0 
1991.0 1988.0 1988.0 1991.0 1988.0 
1991.0 1988.0 2004.0 2004.0 1988.0 
1991.0 1988.0 2004.0 2007.0 2007.0 
2008.0 2008.0 2004.0 2007.0 2007.0 
2008.0 2008.0 2016.0 2016.0 2007.0 
2008.0 2008.0 2016.0 2016.0 2016.0 
2022.0 2022.0 2016.0 2016.0 2016.0 
2022.0 2022.0 2022.0 2016.0 2016.0 
2022.0 2022.0 2022.0 2016.0 2022.0 
2033.0 2033.0 2022.0 2016.0 2022.0 
2038.0 2033.0 2022.0 2038.0 2022.0 
2038.0 2038.0 2022.0 2038.0 2022.0 
2038.0 2040.0 2040.0 2038.0 2022.0 
2038.0 2040.0 2040.0 2038.0 2038.0 
2038.0 2040.0 2040.0 2040.0 2038.0 
2038.0 2040.0 2047.0 2040.0 2047.0 
2038.0 2040.0 2047.0 2047.0 2047.0 
2049.0 2040.0 2049.0 2047.0 2047.0 
2049.0 2040.0 2049.0 2049.0 2047.0 
2049.0 2050.0 2050.0 2049.0 2047.0 
2049.0 2050.0 2050.0 2057.0 2057.0 
2049.0 2059.0 2059.0 2057.0 2057.0 
2061.0 2059.0 2061.0 2057.0 2057.0 
2061.0 2059.0 2061.0 2065.0 2065.0 
2061.0 2059.0 2075.0 2075.0 2065.0 
2079.0 2079.0 2075.0 2075.0 2065.0 
2079.0 2079.0 2079.0 2075.0 2065.0 
2079.0 2079.0 2079.0 2079.0 2065.0 
2086.0 2086.0 2079.0 2079.0 2065.0 
2086.0 2086.0 2079.0 2086.0 2065.0 
2086.0 2086.0 2093.0 2093.0 2065.0 
2100.0 2100.0 2093.0 2093.0 2065.0 
2100.0 2100.0 2093.0 2107.0 2107.0 
2109.0 2109.0 2093.0 2107.0 2107.0 
2126.0 2126.0 2093.0 2107.0 2107.0 
2126.0 2126.0 2126.0 2107.0 2107.0 
2126.0 2126.0 2126.0 2126.0 2107.0 
2126.0 2126.0 2128.0 2126.0 2128.0 
2126.0 2126.0 2141.0 2126.0 2141.0 
2155.0 2126.0 2141.0 2126.0 2155.0 
2155.0 2184.0 2184.0 2126.0 2155.0 
2198.0 2184.0 2184.0 2198.0 2155.0 
2198.0 2198.0 2184.0 2198.0 2155.0 
2198.0 2198.0 2184.0 2198.0 2198.0 
2198.0 2198.0 2184.0 2217.0 2217.0 
2287.0 2227.0 2256.0 2244.0 2217.0 
;
EXECUTION TIME HBSS: 16678.7595952 seconds 

-------------------------------------------------------------------
