DATFILE : offices1_3r_1000.dat
ENVIRONMENT : office
ALGORITHM : HBSS - TAU 9
RANGE : 1000
STARTING_POS : 42
N_ROBOTS : 3
GREEDY SOLUTION : 4909.0
COMPUTATIONS T :
4990.0
4975.0
4954.0
4859.0
4938.0
4829.0
4888.0
4980.0
4938.0
4938.0
4946.0
4970.0
4920.0
4938.0
4926.0
5002.0
4989.0
5001.0
4939.0
4943.0
4938.0
5015.0
4938.0
4969.0
4971.0
5009.0
4879.0
4937.0
4938.0
4946.0
4814.0
4956.0
4938.0
4936.0
4934.0
5013.0
4938.0
4895.0
4864.0
5020.0
4938.0
4955.0
4938.0
4809.0
4938.0
5004.0
5031.0
5148.0
5013.0
5030.0
4971.0
4910.0
4961.0
4880.0
4938.0
4876.0
4938.0
4938.0
4930.0
4938.0
4942.0
4913.0
4930.0
4994.0
4938.0
4938.0
4938.0
4919.0
4917.0
5004.0
4922.0
4938.0
4936.0
5009.0
5130.0
5011.0
4845.0
4934.0
4951.0
4868.0
4831.0
4946.0
4883.0
4895.0
4774.0
4942.0
4938.0
4938.0
4843.0
4938.0
4938.0
4976.0
4913.0
4946.0
4938.0
4999.0
4902.0
4942.0
4966.0
5039.0
4900.0
4846.0
5012.0
4868.0
4919.0
5035.0
4929.0
4938.0
4990.0
4959.0
4862.0
4966.0
4938.0
5038.0
4938.0
4874.0
4938.0
4895.0
4938.0
4911.0
4949.0
4957.0
4912.0
5049.0
5140.0
4989.0
4938.0
4938.0
5007.0
4916.0
4881.0
4955.0
4938.0
4999.0
4937.0
5039.0
4939.0
4938.0
4866.0
4868.0
5004.0
4938.0
4974.0
4938.0
4962.0
4938.0
5032.0
4928.0
4950.0
4930.0
4843.0
4985.0
4955.0
4946.0
5035.0
4943.0
4997.0
5007.0
4893.0
4978.0
4842.0
4918.0
5026.0
5014.0
4907.0
4938.0
4900.0
5029.0
4937.0
4939.0
4999.0
4938.0
5041.0
4925.0
4938.0
4938.0
5064.0
4938.0
5052.0
5004.0
4938.0
4953.0
4986.0
4931.0
5022.0
4967.0
4967.0
4964.0
4893.0
4881.0
4899.0
4883.0
5050.0
4929.0
4930.0
4861.0
4938.0
4928.0
4937.0
4938.0
;
HBBS bestT : 4774.0
BEST_CONFIGURATIONS : 
42 42 42 
41 42 42 
36 42 42 
36 42 5 
36 42 5 
36 42 24 
36 42 24 
36 42 4 
36 42 4 
41 42 4 
41 42 24 
41 5 24 
41 5 24 
41 5 4 
40 5 4 
40 5 4 
40 5 24 
40 24 4 
39 24 4 
39 24 4 
26 4 4 
26 4 24 
27 4 24 
27 4 24 
32 4 24 
32 4 24 
27 4 5 
27 3 5 
27 3 5 
32 3 5 
32 3 5 
32 3 24 
33 3 24 
33 3 24 
33 3 4 
33 3 4 
34 3 4 
34 3 4 
34 3 24 
34 23 24 
34 23 24 
34 2 24 
34 2 4 
34 2 24 
35 2 24 
35 2 24 
35 23 24 
35 23 4 
35 23 4 
34 26 4 
34 26 3 
35 26 3 
35 26 3 
35 27 3 
35 32 3 
35 32 23 
35 27 23 
34 27 23 
34 27 2 
33 27 2 
33 27 2 
33 32 2 
33 32 2 
33 32 23 
33 26 23 
33 26 23 
33 26 2 
32 26 2 
27 26 2 
31 26 2 
31 26 1 
31 26 1 
31 27 1 
31 27 1 
31 32 1 
31 32 1 
27 32 1 
26 32 0 
26 27 0 
26 32 0 
38 32 0 
38 32 0 
38 27 0 
38 27 25 
38 27 25 
38 32 25 
26 32 25 
26 33 25 
38 33 25 
37 32 25 
37 32 0 
37 27 0 
43 27 0 
43 27 0 
43 32 0 
43 32 25 
43 33 25 
43 33 0 
37 33 0 
37 34 0 
37 34 25 
37 34 25 
43 34 25 
43 34 0 
25 34 0 
25 35 0 
25 35 0 
0 36 0 
0 36 25 
0 41 25 
0 41 25 
0 42 25 
0 42 25 
0 41 43 
1 41 43 
1 41 43 
1 41 37 
1 41 37 
1 36 37 
1 36 38 
1 36 38 
1 36 26 
23 36 26 
23 36 27 
2 36 27 
2 36 32 
2 41 32 
2 41 27 
2 41 32 
23 41 32 
26 41 32 
26 41 33 
38 41 33 
38 41 34 
38 41 34 
38 41 35 
38 36 35 
37 36 35 
37 36 35 
43 36 35 
43 36 35 
43 36 34 
28 36 34 
28 36 34 
28 36 35 
28 41 35 
28 41 35 
29 36 35 
29 36 34 
30 36 34 
30 36 34 
31 36 34 
31 36 34 
30 36 35 
30 41 35 
29 41 35 
29 41 35 
28 42 35 
28 42 34 
28 42 35 
29 42 35 
30 42 35 
30 42 33 
30 42 33 
31 42 33 
31 42 33 
27 42 33 
27 42 32 
26 42 32 
23 42 32 
23 42 31 
2 42 31 
2 42 31 
2 42 30 
23 42 30 
23 5 30 
23 5 30 
2 5 30 
2 5 29 
2 5 29 
23 5 29 
23 24 29 
26 24 29 
26 4 29 
27 4 29 
32 4 29 
32 3 29 
27 3 30 
27 3 30 
32 3 30 
32 24 30 
31 24 30 
31 24 30 
31 4 30 
31 4 30 
30 4 29 
31 3 29 
31 3 29 
27 3 28 
27 3 28 
32 3 28 
32 23 28 
33 23 28 
33 2 28 
33 2 29 
33 1 29 
33 1 29 
33 1 30 
34 1 30 
35 1 30 
35 1 31 
34 1 32 
34 39 32 
34 39 27 
34 39 32 
35 39 32 
35 39 33 
35 39 33 
34 39 33 
34 40 33 
34 40 33 
35 40 33 
35 40 34 
36 39 34 
36 39 33 
41 39 33 
41 39 31 
41 39 31 
41 26 30 
40 26 30 
40 26 30 
40 27 30 
40 27 29 
40 32 29 
40 32 28 
40 31 28 
40 31 28 
40 30 28 
39 30 28 
39 30 28 
39 29 28 
39 29 28 
26 29 28 
26 17 28 
26 17 28 
27 17 28 
27 17 29 
32 17 29 
32 17 30 
33 17 30 
33 17 31 
34 17 31 
35 17 31 
35 17 38 
36 17 38 
36 17 37 
41 17 37 
41 17 43 
42 17 43 
42 17 37 
42 17 43 
42 28 43 
42 28 37 
5 28 37 
5 28 37 
5 28 43 
5 29 43 
24 29 43 
24 30 43 
4 30 43 
4 31 43 
4 31 37 
4 31 37 
24 31 37 
24 30 37 
5 31 37 
5 31 38 
5 31 38 
5 31 26 
5 31 39 
5 26 39 
24 38 39 
24 38 26 
4 38 26 
4 38 23 
4 38 2 
3 38 2 
3 38 2 
3 38 23 
3 37 23 
3 37 23 
3 43 23 
3 43 23 
3 37 2 
23 37 2 
23 43 2 
26 37 2 
26 43 2 
26 43 39 
38 43 39 
38 43 39 
38 37 39 
38 37 39 
37 43 39 
37 43 40 
37 43 40 
38 43 40 
38 25 40 
23 0 40 
23 0 40 
23 0 40 
2 0 40 
2 0 40 
2 25 40 
2 25 39 
2 25 39 
23 25 39 
23 25 39 
1 0 39 
1 0 23 
1 0 2 
1 25 2 
1 25 3 
1 0 3 
1 25 3 
39 0 3 
39 0 3 
40 0 3 
40 1 3 
40 1 24 
39 1 24 
39 1 4 
39 0 4 
31 0 4 
31 0 24 
30 0 24 
30 0 5 
29 0 5 
28 0 5 
28 0 24 
28 0 4 
28 25 4 
28 25 4 
28 25 24 
29 25 24 
29 25 5 
30 25 5 
31 25 5 
31 1 5 
28 1 5 
17 1 5 
17 1 5 
17 1 24 
17 23 24 
17 23 4 
17 2 4 
19 2 4 
19 2 3 
19 23 3 
19 23 24 
19 26 24 
19 26 4 
19 27 4 
19 32 4 
19 32 5 
19 33 5 
19 33 5 
19 34 5 
19 34 5 
19 35 5 
19 35 5 
19 36 5 
19 36 41 
19 36 41 
19 36 42 
19 40 42 
19 40 42 
19 40 41 
17 40 41 
17 40 36 
17 39 36 
17 39 40 
19 39 40 
19 38 40 
19 38 42 
19 37 42 
19 43 42 
19 25 42 
19 25 18 
19 25 18 
19 0 18 
19 0 18 
17 0 18 
17 0 18 
17 25 18 
17 25 20 
17 25 20 
17 25 9 
17 25 9 
28 25 9 
28 0 9 
29 0 9 
29 1 9 
30 1 9 
30 23 9 
31 23 9 
31 2 9 
27 2 9 
32 2 9 
32 3 9 
33 3 9 
34 3 9 
34 24 9 
35 24 9 
35 4 9 
36 4 9 
36 3 9 
36 3 20 
36 3 20 
41 3 20 
41 3 9 
41 3 20 
41 23 20 
42 23 20 
42 2 20 
42 2 9 
42 3 9 
41 3 12 
41 3 12 
36 3 12 
36 23 12 
35 23 12 
35 2 12 
34 2 12 
34 1 12 
33 1 12 
32 1 20 
32 1 20 
27 1 20 
26 1 20 
26 0 20 
38 0 20 
26 0 9 
26 43 9 
38 43 9 
38 37 9 
39 37 9 
39 37 20 
39 37 20 
39 43 20 
40 43 20 
40 43 9 
40 19 9 
40 19 20 
5 19 20 
5 16 20 
5 16 20 
24 16 20 
24 16 20 
4 16 20 
4 16 20 
4 16 9 
3 16 9 
3 16 12 
23 16 12 
2 16 12 
2 16 21 
2 16 21 
2 16 8 
2 16 8 
23 16 8 
2 6 8 
2 6 8 
23 6 8 
23 6 21 
23 6 21 
26 6 21 
26 6 8 
27 6 8 
27 6 8 
32 6 8 
32 6 8 
27 6 21 
27 22 21 
27 22 21 
27 7 21 
27 7 21 
32 7 21 
32 7 21 
32 22 21 
32 22 8 
32 7 8 
33 7 8 
33 7 8 
33 22 8 
33 22 21 
34 7 21 
34 7 8 
34 22 8 
34 22 21 
35 7 21 
35 7 8 
35 22 8 
35 22 21 
36 7 21 
36 7 8 
36 22 8 
36 22 21 
41 7 21 
41 7 8 
41 22 8 
41 22 21 
42 7 21 
42 7 8 
42 22 8 
42 22 21 
41 22 11 
41 7 11 
41 22 11 
36 22 11 
36 6 11 
36 6 11 
41 6 11 
41 6 10 
41 6 10 
36 6 10 
36 22 10 
36 7 10 
35 7 10 
34 7 10 
34 6 10 
35 6 10 
35 6 11 
34 6 11 
34 16 11 
34 16 11 
35 16 11 
35 16 10 
36 16 10 
36 16 22 
41 16 22 
41 16 7 
42 16 7 
42 16 6 
42 16 6 
42 6 7 
5 6 7 
5 6 7 
5 6 22 
5 6 22 
24 6 22 
24 6 7 
24 6 22 
24 22 7 
4 22 7 
4 22 7 
4 6 7 
4 6 10 
24 6 10 
5 6 10 
5 19 10 
5 17 10 
42 17 10 
42 28 10 
42 29 10 
40 29 10 
40 30 10 
40 31 10 
39 31 10 
39 27 10 
26 27 10 
26 32 10 
23 32 10 
23 33 10 
2 33 10 
2 33 11 
2 27 11 
2 32 11 
23 32 11 
26 32 11 
26 33 11 
38 33 11 
37 33 11 
37 31 11 
43 31 11 
43 30 11 
37 29 11 
37 29 11 
38 28 11 
38 28 11 
38 29 11 
38 29 21 
38 29 21 
38 29 8 
38 29 8 
38 30 8 
38 30 21 
38 30 8 
37 30 8 
43 30 8 
43 31 8 
37 31 21 
37 31 21 
43 31 21 
43 26 21 
25 26 21 
25 39 21 
0 39 21 
0 39 8 
0 39 8 
25 39 8 
25 40 8 
25 40 21 
1 40 8 
1 40 21 
1 42 21 
1 42 11 
1 42 11 
1 42 10 
1 42 22 
1 40 22 
1 40 7 
1 40 7 
23 40 7 
23 39 7 
2 39 7 
2 26 7 
2 26 22 
2 26 22 
23 26 22 
23 38 22 
23 38 7 
3 38 7 
3 37 7 
3 37 22 
3 37 22 
3 43 7 
3 43 22 
39 43 22 
39 25 22 
39 25 7 
39 0 7 
31 0 7 
31 0 22 
31 0 22 
30 0 7 
30 0 22 
29 0 7 
29 0 22 
29 28 7 
28 28 22 
28 17 22 
17 17 7 
17 19 7 
17 19 7 
17 19 22 
28 19 22 
28 19 6 
28 19 6 
29 19 6 
29 19 6 
30 19 6 
30 19 6 
31 19 6 
31 19 6 
31 17 6 
33 17 6 
27 17 16 
27 17 16 
32 17 16 
32 28 16 
33 28 16 
33 29 16 
33 30 16 
26 30 16 
26 31 16 
38 31 16 
37 31 16 
43 31 16 
43 39 16 
43 40 16 
25 40 16 
0 40 16 
0 40 6 
0 38 6 
0 37 6 
25 37 6 
25 43 6 
1 43 6 
1 19 6 
1 19 16 
1 19 16 
39 6 16 
26 6 15 
26 6 15 
27 6 15 
27 22 15 
32 22 15 
32 7 15 
33 7 15 
34 7 15 
34 10 15 
35 10 15 
35 11 15 
36 11 15 
41 11 15 
41 21 15 
41 8 15 
42 8 15 
42 12 15 
42 12 15 
42 20 15 
5 20 15 
5 9 15 
5 9 15 
24 9 15 
4 9 15 
4 12 15 
24 12 15 
24 12 22 
5 12 22 
5 12 7 
5 20 7 
5 20 22 
5 9 7 
5 9 22 
18 9 22 
18 9 22 
18 9 7 
18 20 7 
18 12 7 
18 12 6 
18 12 6 
18 20 6 
20 9 6 
20 9 6 
12 9 6 
12 20 6 
12 20 19 
12 21 19 
12 21 17 
12 21 17 
12 8 17 
12 8 17 
20 8 17 
20 8 28 
20 8 28 
20 21 28 
20 21 28 
9 8 28 
9 8 19 
9 21 19 
9 21 19 
9 11 19 
9 11 19 
20 11 19 
20 11 17 
12 11 17 
12 11 28 
12 11 29 
12 10 29 
12 10 30 
12 10 31 
12 10 27 
12 10 32 
12 14 32 
12 14 32 
12 14 27 
20 14 27 
20 14 31 
20 14 31 
20 14 30 
20 14 30 
20 14 29 
20 14 29 
9 14 29 
9 14 28 
9 14 17 
21 14 17 
21 14 19 
8 14 19 
8 14 16 
11 14 16 
11 14 6 
10 14 6 
10 14 22 
10 14 7 
15 14 7 
15 14 16 
15 13 16 
15 13 16 
22 13 16 
22 13 6 
7 13 6 
7 13 19 
10 13 19 
10 13 17 
11 13 17 
11 13 28 
21 13 28 
21 13 29 
8 13 29 
8 13 30 
12 13 30 
12 13 31 
12 13 27 
20 13 27 
20 13 32 
9 13 32 
9 13 33 
20 13 33 
20 13 34 
20 13 34 
20 13 35 
20 13 35 
20 13 36 
18 13 36 
18 13 36 
18 13 41 
18 13 41 
18 13 42 
18 13 42 
18 15 42 
18 15 5 
18 15 24 
18 14 24 
18 14 24 
18 14 4 
18 14 4 
18 14 3 
18 14 3 
18 14 23 
18 14 23 
18 14 2 
18 14 2 
18 15 2 
18 15 23 
12 15 26 
12 13 26 
12 13 38 
12 13 38 
12 13 37 
12 13 37 
12 13 43 
12 13 43 
12 13 25 
12 13 25 
12 13 0 
12 13 0 
12 13 1 
12 13 23 
12 13 2 
6 13 3 
6 13 3 
6 13 24 
6 13 4 
11 13 4 
11 13 24 
11 13 5 
11 13 5 
21 13 5 
8 13 5 
8 14 5 
8 14 24 
8 14 4 
21 14 4 
21 14 24 
21 10 24 
8 10 24 
8 10 3 
8 10 3 
21 10 3 
21 11 3 
21 11 3 
8 11 3 
8 21 3 
8 11 0 
10 11 0 
10 11 0 
10 11 25 
10 11 25 
10 11 43 
10 11 37 
10 20 37 
10 20 38 
10 9 38 
11 9 39 
11 12 39 
11 12 40 
11 12 40 
6 12 40 
6 18 40 
16 18 40 
16 18 39 
16 18 26 
16 18 27 
16 18 32 
28 18 32 
28 18 33 
29 18 33 
29 18 34 
30 18 34 
30 18 35 
31 18 35 
38 18 35 
37 18 35 
43 18 35 
43 18 1 
17 18 3 
17 42 39 
15 40 39 
15 40 1 
15 39 1 
15 39 0 
15 38 0 
15 38 25 
15 37 25 
15 37 43 
14 25 43 
14 25 37 
14 25 43 
14 0 43 
14 0 38 
14 1 38 
14 1 26 
14 1 39 
14 1 40 
14 33 40 
14 33 41 
14 34 41 
14 34 36 
14 35 36 
14 35 42 
15 31 42 
15 30 42 
15 29 42 
15 29 3 
15 28 3 
15 17 3 
15 19 3 
13 19 39 
13 19 40 
13 14 40 
13 10 18 
11 10 18 
11 21 18 
11 8 18 
42 42 42 
;
ROBOT MOVING BEST:
0 0 0 
1 1 0 
1 1 0 
1 0 1 
0 1 1 
1 0 1 
0 1 1 
1 0 1 
0 1 1 
1 0 1 
1 0 1 
0 1 1 
1 1 0 
0 1 1 
1 1 0 
1 0 1 
1 0 1 
0 1 1 
1 1 0 
1 0 1 
1 1 0 
1 0 1 
1 1 0 
1 0 1 
1 1 0 
1 0 1 
1 0 1 
1 1 0 
0 1 1 
1 1 0 
1 0 1 
0 1 1 
1 1 0 
1 0 1 
1 0 1 
0 1 1 
1 1 0 
1 0 1 
1 0 1 
1 1 0 
0 1 1 
1 1 0 
0 1 1 
0 1 1 
1 1 0 
1 0 1 
1 1 0 
1 0 1 
0 1 1 
1 1 0 
0 1 1 
1 1 0 
1 0 1 
1 1 0 
1 1 0 
0 1 1 
0 1 1 
1 1 0 
0 1 1 
1 1 0 
1 0 1 
1 1 0 
0 1 1 
1 0 1 
1 1 0 
0 1 1 
0 1 1 
1 1 0 
1 1 0 
1 1 0 
1 0 1 
0 1 1 
1 1 0 
0 1 1 
1 1 0 
0 1 1 
1 1 0 
1 0 1 
0 1 1 
0 1 1 
1 1 0 
1 0 1 
1 1 0 
1 0 1 
0 1 1 
0 1 1 
1 0 1 
0 1 1 
1 1 0 
1 1 0 
1 0 1 
1 1 0 
1 1 0 
1 0 1 
1 1 0 
1 0 1 
1 1 0 
0 1 1 
1 1 0 
1 1 0 
1 0 1 
0 1 1 
1 1 0 
0 1 1 
1 0 1 
1 1 0 
0 1 1 
1 1 0 
0 1 1 
1 1 0 
0 1 1 
1 1 0 
0 1 1 
0 1 1 
1 1 0 
1 0 1 
1 0 1 
0 1 1 
1 1 0 
1 0 1 
0 1 1 
0 1 1 
1 1 0 
0 1 1 
1 1 0 
0 1 1 
1 1 0 
0 1 1 
0 1 1 
1 1 0 
1 1 0 
0 1 1 
1 1 0 
1 0 1 
0 1 1 
1 0 1 
0 1 1 
1 1 0 
1 0 1 
1 1 0 
1 0 1 
0 1 1 
1 1 0 
1 0 1 
1 0 1 
1 1 0 
0 1 1 
1 1 0 
1 0 1 
1 1 0 
1 0 1 
1 1 0 
1 0 1 
1 0 1 
1 1 0 
1 1 0 
1 0 1 
1 1 0 
0 1 1 
0 1 1 
1 1 0 
1 1 0 
1 0 1 
0 1 1 
1 1 0 
1 0 1 
1 1 0 
0 1 1 
1 1 0 
1 1 0 
1 0 1 
1 1 0 
1 0 1 
1 0 1 
1 0 1 
1 1 0 
0 1 1 
1 1 0 
1 0 1 
0 1 1 
1 0 1 
0 1 1 
1 0 1 
0 1 1 
1 0 1 
1 0 1 
0 1 1 
1 0 1 
0 1 1 
1 0 1 
0 1 1 
1 1 0 
1 0 1 
1 1 0 
0 1 1 
1 0 1 
1 1 0 
1 0 1 
1 0 1 
0 1 1 
1 0 1 
0 1 1 
1 0 1 
0 1 1 
1 0 1 
1 1 0 
0 1 1 
0 1 1 
1 1 0 
1 1 0 
1 0 1 
1 0 1 
1 1 0 
0 1 1 
0 1 1 
1 1 0 
1 0 1 
0 1 1 
1 0 1 
1 1 0 
0 1 1 
1 1 0 
1 0 1 
1 1 0 
1 0 1 
1 1 0 
1 0 1 
0 1 1 
0 1 1 
1 1 0 
1 0 1 
1 1 0 
1 0 1 
1 1 0 
1 0 1 
1 1 0 
0 1 1 
0 1 1 
1 1 0 
1 0 1 
1 1 0 
0 1 1 
1 0 1 
1 1 0 
0 1 1 
1 1 0 
0 1 1 
1 1 0 
0 1 1 
1 1 0 
0 1 1 
1 1 0 
1 1 0 
0 1 1 
1 1 0 
0 1 1 
1 1 0 
0 1 1 
1 1 0 
1 0 1 
1 0 1 
0 1 1 
0 1 1 
1 1 0 
1 0 1 
1 0 1 
0 1 1 
1 0 1 
0 1 1 
1 0 1 
0 1 1 
1 0 1 
0 1 1 
1 0 1 
0 1 1 
1 1 0 
1 0 1 
0 1 1 
1 0 1 
1 0 1 
0 1 1 
1 1 0 
0 1 1 
1 1 0 
0 1 1 
0 1 1 
1 1 0 
1 0 1 
1 0 1 
1 1 0 
0 1 1 
1 1 0 
0 1 1 
0 1 1 
1 0 1 
0 1 1 
1 1 0 
1 1 0 
0 1 1 
1 1 0 
1 0 1 
1 1 0 
0 1 1 
1 1 0 
1 0 1 
0 1 1 
1 0 1 
0 1 1 
1 1 0 
1 0 1 
0 1 1 
1 1 0 
1 0 1 
1 1 0 
1 0 1 
0 1 1 
1 1 0 
1 0 1 
1 1 0 
1 0 1 
1 0 1 
1 1 0 
1 0 1 
0 1 1 
0 1 1 
1 1 0 
1 0 1 
1 0 1 
1 1 0 
0 1 1 
1 1 0 
0 1 1 
0 1 1 
1 1 0 
0 1 1 
1 1 0 
0 1 1 
1 1 0 
1 1 0 
1 0 1 
1 0 1 
1 1 0 
0 1 1 
0 1 1 
1 1 0 
0 1 1 
1 1 0 
1 1 0 
0 1 1 
1 1 0 
1 1 0 
1 0 1 
1 0 1 
1 1 0 
1 0 1 
1 1 0 
1 1 0 
1 0 1 
1 1 0 
1 0 1 
1 1 0 
1 0 1 
1 1 0 
1 1 0 
1 0 1 
1 1 0 
0 1 1 
1 1 0 
0 1 1 
1 1 0 
0 1 1 
1 1 0 
1 0 1 
0 1 1 
1 0 1 
1 1 0 
0 1 1 
0 1 1 
1 1 0 
0 1 1 
1 1 0 
0 1 1 
1 1 0 
1 1 0 
0 1 1 
1 1 0 
1 1 0 
1 1 0 
1 0 1 
0 1 1 
1 1 0 
0 1 1 
1 1 0 
1 0 1 
1 1 0 
1 0 1 
0 1 1 
1 0 1 
0 1 1 
1 0 1 
0 1 1 
1 0 1 
0 1 1 
1 0 1 
0 1 1 
1 0 1 
0 1 1 
1 0 1 
1 0 1 
0 1 1 
1 0 1 
1 0 1 
0 1 1 
1 0 1 
0 1 1 
1 0 1 
1 1 0 
1 0 1 
0 1 1 
1 1 0 
1 0 1 
1 0 1 
0 1 1 
1 0 1 
0 1 1 
1 0 1 
1 1 0 
1 0 1 
0 1 1 
1 0 1 
0 1 1 
1 0 1 
0 1 1 
1 0 1 
0 1 1 
1 0 1 
1 0 1 
0 1 1 
1 0 1 
1 0 1 
0 1 1 
1 0 1 
1 0 1 
0 1 1 
1 0 1 
0 1 1 
1 0 1 
1 0 1 
0 1 1 
0 1 1 
1 0 1 
1 0 1 
0 1 1 
0 1 1 
1 0 1 
1 1 0 
0 1 1 
1 1 0 
1 0 1 
1 1 0 
1 0 1 
0 1 1 
1 1 0 
0 1 1 
1 1 0 
1 1 0 
1 0 1 
0 1 1 
1 0 1 
0 1 1 
1 0 1 
1 1 0 
0 1 1 
1 1 0 
1 0 1 
0 1 1 
1 1 0 
1 0 1 
1 1 0 
1 0 1 
1 1 0 
1 0 1 
1 0 1 
1 1 0 
0 1 1 
1 1 0 
0 1 1 
1 1 0 
1 0 1 
1 1 0 
0 1 1 
0 1 1 
1 1 0 
1 0 1 
1 1 0 
1 0 1 
1 1 0 
1 0 1 
1 1 0 
1 0 1 
1 1 0 
1 0 1 
1 1 0 
1 0 1 
1 1 0 
1 0 1 
1 1 0 
1 0 1 
1 1 0 
1 0 1 
1 1 0 
1 0 1 
1 1 0 
1 0 1 
1 1 0 
1 0 1 
1 0 1 
0 1 1 
0 1 1 
1 0 1 
1 1 0 
0 1 1 
1 1 0 
1 0 1 
0 1 1 
1 0 1 
0 1 1 
0 1 1 
1 0 1 
1 0 1 
1 1 0 
1 1 0 
1 0 1 
1 0 1 
1 1 0 
0 1 1 
1 1 0 
0 1 1 
1 1 0 
0 1 1 
1 1 0 
0 1 1 
1 1 0 
1 0 1 
0 1 1 
0 1 1 
1 1 0 
1 0 1 
1 0 1 
0 1 1 
1 1 0 
1 0 1 
1 0 1 
0 1 1 
1 1 0 
1 0 1 
1 1 0 
1 0 1 
1 0 1 
1 0 1 
0 1 1 
0 1 1 
1 0 1 
0 1 1 
0 1 1 
1 0 1 
0 1 1 
0 1 1 
1 0 1 
0 1 1 
1 0 1 
0 1 1 
1 0 1 
0 1 1 
1 0 1 
1 0 1 
0 1 1 
0 1 1 
1 0 1 
1 0 1 
0 1 1 
1 0 1 
1 0 1 
0 1 1 
1 0 1 
0 1 1 
1 1 0 
0 1 1 
1 1 0 
0 1 1 
1 1 0 
1 0 1 
0 1 1 
1 0 1 
0 1 1 
1 1 0 
0 1 1 
0 1 1 
1 0 1 
1 0 1 
0 1 1 
1 0 1 
0 1 1 
1 0 1 
0 1 1 
1 0 1 
0 1 1 
1 0 1 
1 0 1 
0 1 1 
1 0 1 
0 1 1 
0 1 1 
1 0 1 
1 0 1 
1 1 0 
1 0 1 
0 1 1 
1 0 1 
1 0 1 
0 1 1 
1 0 1 
0 1 1 
1 0 1 
0 1 1 
1 0 1 
0 1 1 
1 0 1 
0 1 1 
1 0 1 
0 1 1 
0 1 1 
1 0 1 
0 1 1 
1 0 1 
0 1 1 
0 1 1 
0 1 1 
1 0 1 
0 1 1 
0 1 1 
0 1 1 
1 0 1 
1 0 1 
0 1 1 
1 0 1 
1 0 1 
1 0 1 
1 0 1 
0 1 1 
1 0 1 
0 1 1 
1 0 1 
1 1 0 
0 1 1 
0 1 1 
1 1 0 
1 0 1 
0 1 1 
1 1 0 
1 0 1 
1 1 0 
1 0 1 
1 1 0 
1 0 1 
0 1 1 
1 0 1 
1 0 1 
0 1 1 
1 0 1 
0 1 1 
1 0 1 
0 1 1 
0 1 1 
1 0 1 
0 1 1 
1 0 1 
1 0 1 
1 0 1 
0 1 1 
0 1 1 
1 0 1 
1 0 1 
1 0 1 
0 1 1 
0 1 1 
1 0 1 
0 1 1 
1 0 1 
1 1 0 
1 0 1 
0 1 1 
1 1 0 
1 0 1 
0 1 1 
1 0 1 
0 1 1 
1 0 1 
0 1 1 
1 0 1 
1 0 1 
0 1 1 
1 0 1 
0 1 1 
1 0 1 
1 0 1 
0 1 1 
0 1 1 
1 0 1 
1 1 0 
0 1 1 
0 1 1 
1 0 1 
1 1 0 
0 1 1 
1 0 1 
1 0 1 
1 1 0 
1 1 0 
0 1 1 
1 1 0 
0 1 1 
0 1 1 
0 1 1 
0 1 1 
0 1 1 
1 1 0 
1 0 1 
1 0 1 
1 1 0 
1 1 0 
1 0 1 
0 1 1 
0 1 1 
1 1 0 
0 1 1 
1 1 0 
1 1 0 
1 0 1 
1 1 0 
1 0 1 
0 1 1 
1 1 0 
0 1 1 
1 1 0 
1 0 1 
0 1 1 
1 1 0 
0 1 1 
1 1 0 
0 1 1 
1 1 0 
0 1 1 
1 1 0 
0 1 1 
1 1 0 
0 1 1 
1 1 0 
1 0 1 
1 0 1 
1 1 0 
1 0 1 
1 0 1 
1 0 1 
1 0 1 
1 1 0 
0 1 1 
0 1 1 
1 1 0 
1 0 1 
0 1 1 
1 0 1 
0 1 1 
1 0 1 
0 1 1 
1 1 0 
0 1 1 
0 1 1 
1 1 0 
0 1 1 
1 1 0 
0 1 1 
1 1 0 
0 1 1 
1 1 0 
0 1 1 
0 1 1 
1 1 0 
1 0 1 
0 1 1 
1 1 0 
1 1 0 
0 1 1 
1 1 0 
0 1 1 
1 1 0 
0 1 1 
1 1 0 
0 1 1 
1 1 0 
0 1 1 
1 1 0 
0 1 1 
1 1 0 
0 1 1 
0 1 1 
1 1 0 
0 1 1 
1 1 0 
0 1 1 
1 0 1 
1 0 1 
0 1 1 
1 0 1 
0 1 1 
0 1 1 
1 1 0 
1 0 1 
1 0 1 
0 1 1 
1 0 1 
0 1 1 
1 1 0 
1 0 1 
1 0 1 
1 1 0 
0 1 1 
1 0 1 
0 1 1 
1 0 1 
0 1 1 
1 0 1 
0 1 1 
1 0 1 
0 1 1 
0 1 1 
0 1 1 
1 0 1 
0 1 1 
1 0 1 
0 1 1 
1 0 1 
0 1 1 
1 0 1 
0 1 1 
1 0 1 
0 1 1 
1 0 1 
0 1 1 
0 1 1 
0 1 1 
0 1 1 
1 0 1 
0 1 1 
0 1 1 
0 1 1 
1 0 1 
1 0 1 
1 0 1 
0 1 1 
1 0 1 
1 0 1 
0 1 1 
1 0 1 
1 0 1 
1 0 1 
1 0 1 
1 1 0 
1 1 0 
1 0 1 
0 1 1 
1 0 1 
0 1 1 
1 1 0 
1 1 0 
1 1 0 
0 1 1 
1 0 1 
1 1 0 
1 0 1 
0 1 1 
1 0 1 
1 0 1 
1 1 0 
1 0 1 
1 1 0 
1 0 1 
0 1 1 
1 0 1 
0 1 1 
1 0 1 
0 1 1 
1 1 0 
0 1 1 
0 1 1 
0 1 1 
0 1 1 
1 1 0 
0 1 1 
1 1 0 
0 1 1 
1 1 0 
0 1 1 
1 1 0 
1 1 0 
1 1 0 
1 1 0 
0 1 1 
1 0 1 
0 1 1 
1 1 0 
1 0 1 
1 1 0 
1 0 1 
1 1 0 
1 0 1 
1 1 0 
1 0 1 
1 1 0 
1 0 1 
1 0 1 
1 1 0 
1 0 1 
1 1 0 
1 0 1 
1 0 1 
1 0 1 
1 1 0 
1 0 1 
1 1 0 
1 0 1 
1 1 0 
1 0 1 
1 1 0 
1 1 0 
1 1 0 
1 0 1 
1 1 0 
1 1 0 
1 1 0 
1 0 1 
1 0 1 
1 1 0 
0 1 1 
1 0 1 
0 1 1 
0 1 1 
1 1 1 
;
TIMETABLE BEST: 
0.0 0.0 0.0 
10.0 10.0 0.0 
19.0 19.0 0.0 
19.0 19.0 19.0 
19.0 19.0 19.0 
27.0 19.0 27.0 
27.0 27.0 27.0 
34.0 27.0 34.0 
34.0 34.0 34.0 
43.0 34.0 43.0 
50.0 34.0 50.0 
50.0 52.0 52.0 
52.0 52.0 52.0 
52.0 59.0 59.0 
63.0 63.0 59.0 
63.0 63.0 63.0 
70.0 63.0 70.0 
70.0 77.0 77.0 
81.0 81.0 77.0 
81.0 81.0 81.0 
89.0 89.0 81.0 
89.0 89.0 89.0 
96.0 96.0 89.0 
96.0 96.0 96.0 
102.0 102.0 96.0 
102.0 102.0 102.0 
110.0 102.0 110.0 
116.0 116.0 110.0 
116.0 116.0 116.0 
122.0 122.0 116.0 
122.0 122.0 122.0 
122.0 130.0 130.0 
131.0 131.0 130.0 
131.0 131.0 131.0 
138.0 131.0 138.0 
138.0 138.0 138.0 
147.0 147.0 138.0 
147.0 147.0 147.0 
154.0 147.0 154.0 
160.0 160.0 154.0 
160.0 160.0 160.0 
167.0 167.0 160.0 
167.0 167.0 167.0 
167.0 174.0 174.0 
175.0 175.0 174.0 
175.0 175.0 175.0 
182.0 182.0 175.0 
182.0 182.0 182.0 
182.0 182.0 182.0 
190.0 190.0 182.0 
190.0 196.0 196.0 
198.0 198.0 196.0 
198.0 198.0 198.0 
205.0 205.0 198.0 
211.0 211.0 198.0 
211.0 211.0 211.0 
211.0 217.0 217.0 
219.0 219.0 217.0 
219.0 224.0 224.0 
228.0 228.0 224.0 
228.0 228.0 228.0 
234.0 234.0 228.0 
234.0 234.0 234.0 
241.0 234.0 241.0 
247.0 247.0 241.0 
247.0 247.0 247.0 
247.0 254.0 254.0 
256.0 256.0 254.0 
262.0 262.0 254.0 
269.0 269.0 254.0 
269.0 269.0 269.0 
269.0 269.0 269.0 
276.0 276.0 269.0 
276.0 276.0 276.0 
282.0 282.0 276.0 
282.0 282.0 282.0 
289.0 289.0 282.0 
296.0 289.0 296.0 
296.0 296.0 296.0 
296.0 302.0 302.0 
304.0 304.0 302.0 
304.0 304.0 304.0 
310.0 310.0 304.0 
314.0 310.0 314.0 
314.0 314.0 314.0 
314.0 320.0 320.0 
322.0 320.0 322.0 
322.0 329.0 329.0 
330.0 330.0 329.0 
339.0 339.0 329.0 
339.0 339.0 339.0 
345.0 345.0 339.0 
351.0 351.0 339.0 
351.0 351.0 351.0 
357.0 357.0 351.0 
361.0 357.0 361.0 
366.0 366.0 361.0 
366.0 371.0 371.0 
372.0 372.0 371.0 
381.0 381.0 371.0 
381.0 381.0 381.0 
381.0 381.0 381.0 
387.0 387.0 381.0 
387.0 391.0 391.0 
398.0 391.0 398.0 
399.0 399.0 398.0 
399.0 399.0 399.0 
409.0 409.0 399.0 
409.0 409.0 409.0 
418.0 418.0 409.0 
418.0 418.0 418.0 
428.0 428.0 418.0 
428.0 428.0 428.0 
428.0 439.0 439.0 
442.0 442.0 439.0 
442.0 442.0 442.0 
448.0 442.0 448.0 
448.0 448.0 448.0 
457.0 457.0 448.0 
457.0 457.0 457.0 
457.0 457.0 457.0 
457.0 465.0 465.0 
467.0 467.0 465.0 
467.0 472.0 472.0 
474.0 474.0 472.0 
474.0 478.0 478.0 
487.0 487.0 478.0 
487.0 487.0 487.0 
487.0 493.0 493.0 
494.0 494.0 493.0 
502.0 502.0 493.0 
502.0 502.0 502.0 
510.0 510.0 502.0 
511.0 510.0 511.0 
511.0 511.0 511.0 
519.0 511.0 519.0 
519.0 520.0 520.0 
528.0 528.0 520.0 
528.0 528.0 528.0 
534.0 534.0 528.0 
534.0 534.0 534.0 
534.0 542.0 542.0 
548.0 548.0 542.0 
548.0 548.0 548.0 
556.0 548.0 556.0 
557.0 557.0 556.0 
557.0 557.0 557.0 
566.0 566.0 557.0 
566.0 566.0 566.0 
574.0 574.0 566.0 
574.0 574.0 574.0 
582.0 582.0 574.0 
582.0 582.0 582.0 
590.0 582.0 590.0 
591.0 591.0 590.0 
599.0 599.0 590.0 
599.0 599.0 599.0 
609.0 609.0 599.0 
609.0 609.0 609.0 
609.0 617.0 617.0 
618.0 618.0 617.0 
626.0 626.0 617.0 
630.0 626.0 630.0 
630.0 630.0 630.0 
638.0 638.0 630.0 
638.0 638.0 638.0 
645.0 645.0 638.0 
645.0 647.0 647.0 
652.0 652.0 647.0 
660.0 660.0 647.0 
660.0 660.0 660.0 
667.0 667.0 660.0 
667.0 667.0 667.0 
675.0 667.0 675.0 
682.0 667.0 682.0 
685.0 685.0 682.0 
685.0 685.0 685.0 
692.0 692.0 685.0 
693.0 692.0 693.0 
693.0 693.0 693.0 
700.0 693.0 700.0 
700.0 701.0 701.0 
708.0 701.0 708.0 
708.0 708.0 708.0 
715.0 708.0 715.0 
721.0 708.0 721.0 
721.0 722.0 722.0 
730.0 722.0 730.0 
730.0 730.0 730.0 
736.0 730.0 736.0 
736.0 743.0 743.0 
749.0 749.0 743.0 
749.0 749.0 749.0 
756.0 756.0 749.0 
756.0 756.0 756.0 
764.0 756.0 764.0 
772.0 772.0 764.0 
772.0 772.0 772.0 
781.0 772.0 781.0 
781.0 781.0 781.0 
787.0 781.0 787.0 
787.0 794.0 794.0 
796.0 794.0 796.0 
796.0 801.0 801.0 
810.0 801.0 810.0 
816.0 816.0 810.0 
816.0 816.0 816.0 
816.0 824.0 824.0 
825.0 825.0 824.0 
833.0 833.0 824.0 
833.0 833.0 833.0 
846.0 833.0 846.0 
853.0 853.0 846.0 
853.0 853.0 853.0 
853.0 859.0 859.0 
861.0 861.0 859.0 
868.0 861.0 868.0 
868.0 868.0 868.0 
876.0 868.0 876.0 
879.0 879.0 876.0 
879.0 879.0 879.0 
887.0 887.0 879.0 
888.0 887.0 888.0 
898.0 898.0 888.0 
898.0 898.0 898.0 
907.0 907.0 898.0 
916.0 907.0 916.0 
916.0 916.0 916.0 
916.0 924.0 924.0 
927.0 927.0 924.0 
927.0 927.0 927.0 
934.0 934.0 927.0 
935.0 934.0 935.0 
940.0 940.0 935.0 
944.0 940.0 944.0 
953.0 953.0 944.0 
953.0 953.0 953.0 
953.0 961.0 961.0 
964.0 964.0 961.0 
964.0 964.0 964.0 
972.0 972.0 964.0 
972.0 972.0 972.0 
980.0 972.0 980.0 
987.0 987.0 980.0 
987.0 987.0 987.0 
994.0 994.0 987.0 
994.0 996.0 996.0 
1000.0 1000.0 996.0 
1000.0 1004.0 1004.0 
1009.0 1009.0 1004.0 
1009.0 1012.0 1012.0 
1018.0 1018.0 1012.0 
1026.0 1026.0 1012.0 
1026.0 1032.0 1032.0 
1036.0 1036.0 1032.0 
1036.0 1041.0 1041.0 
1045.0 1045.0 1041.0 
1045.0 1047.0 1047.0 
1055.0 1055.0 1047.0 
1055.0 1055.0 1055.0 
1061.0 1055.0 1061.0 
1061.0 1065.0 1065.0 
1061.0 1071.0 1071.0 
1079.0 1079.0 1071.0 
1079.0 1079.0 1079.0 
1085.0 1079.0 1085.0 
1085.0 1088.0 1088.0 
1093.0 1088.0 1093.0 
1093.0 1096.0 1096.0 
1100.0 1096.0 1100.0 
1100.0 1104.0 1104.0 
1110.0 1104.0 1110.0 
1110.0 1110.0 1110.0 
1117.0 1110.0 1117.0 
1117.0 1118.0 1118.0 
1126.0 1126.0 1118.0 
1127.0 1126.0 1127.0 
1127.0 1127.0 1127.0 
1135.0 1127.0 1135.0 
1143.0 1127.0 1143.0 
1143.0 1143.0 1143.0 
1151.0 1151.0 1143.0 
1151.0 1151.0 1151.0 
1158.0 1158.0 1151.0 
1158.0 1159.0 1159.0 
1158.0 1166.0 1166.0 
1172.0 1172.0 1166.0 
1172.0 1172.0 1172.0 
1179.0 1172.0 1179.0 
1181.0 1181.0 1179.0 
1181.0 1181.0 1181.0 
1187.0 1187.0 1181.0 
1187.0 1187.0 1187.0 
1187.0 1194.0 1194.0 
1200.0 1194.0 1200.0 
1200.0 1200.0 1200.0 
1208.0 1208.0 1200.0 
1214.0 1214.0 1200.0 
1214.0 1217.0 1217.0 
1222.0 1222.0 1217.0 
1222.0 1222.0 1222.0 
1228.0 1228.0 1222.0 
1228.0 1228.0 1228.0 
1237.0 1237.0 1228.0 
1239.0 1237.0 1239.0 
1239.0 1239.0 1239.0 
1248.0 1239.0 1248.0 
1248.0 1250.0 1250.0 
1260.0 1260.0 1250.0 
1260.0 1260.0 1260.0 
1260.0 1260.0 1260.0 
1267.0 1267.0 1260.0 
1267.0 1267.0 1267.0 
1277.0 1277.0 1267.0 
1278.0 1277.0 1278.0 
1278.0 1278.0 1278.0 
1285.0 1285.0 1278.0 
1285.0 1285.0 1285.0 
1295.0 1295.0 1285.0 
1295.0 1295.0 1295.0 
1302.0 1295.0 1302.0 
1305.0 1305.0 1302.0 
1316.0 1305.0 1316.0 
1316.0 1316.0 1316.0 
1316.0 1326.0 1326.0 
1336.0 1336.0 1326.0 
1336.0 1336.0 1336.0 
1347.0 1336.0 1347.0 
1350.0 1350.0 1347.0 
1350.0 1360.0 1360.0 
1361.0 1361.0 1360.0 
1361.0 1367.0 1367.0 
1361.0 1381.0 1381.0 
1383.0 1383.0 1381.0 
1383.0 1388.0 1388.0 
1391.0 1391.0 1388.0 
1391.0 1396.0 1396.0 
1399.0 1399.0 1396.0 
1408.0 1408.0 1396.0 
1408.0 1408.0 1408.0 
1415.0 1408.0 1415.0 
1418.0 1418.0 1415.0 
1418.0 1418.0 1418.0 
1418.0 1425.0 1425.0 
1427.0 1427.0 1425.0 
1427.0 1433.0 1433.0 
1435.0 1435.0 1433.0 
1443.0 1443.0 1433.0 
1443.0 1459.0 1459.0 
1460.0 1460.0 1459.0 
1470.0 1470.0 1459.0 
1470.0 1470.0 1470.0 
1478.0 1470.0 1478.0 
1480.0 1480.0 1478.0 
1485.0 1480.0 1485.0 
1487.0 1487.0 1485.0 
1499.0 1499.0 1485.0 
1499.0 1499.0 1499.0 
1506.0 1506.0 1499.0 
1512.0 1506.0 1512.0 
1514.0 1514.0 1512.0 
1519.0 1514.0 1519.0 
1521.0 1521.0 1519.0 
1527.0 1527.0 1519.0 
1534.0 1527.0 1534.0 
1536.0 1536.0 1534.0 
1536.0 1536.0 1536.0 
1545.0 1545.0 1536.0 
1545.0 1545.0 1545.0 
1553.0 1553.0 1545.0 
1553.0 1553.0 1553.0 
1563.0 1563.0 1553.0 
1569.0 1563.0 1569.0 
1569.0 1569.0 1569.0 
1579.0 1569.0 1579.0 
1585.0 1585.0 1579.0 
1585.0 1585.0 1585.0 
1585.0 1595.0 1595.0 
1597.0 1597.0 1595.0 
1597.0 1604.0 1604.0 
1615.0 1615.0 1604.0 
1615.0 1620.0 1620.0 
1627.0 1627.0 1620.0 
1639.0 1639.0 1620.0 
1639.0 1639.0 1639.0 
1648.0 1648.0 1639.0 
1654.0 1654.0 1639.0 
1665.0 1665.0 1639.0 
1666.0 1665.0 1666.0 
1666.0 1666.0 1666.0 
1676.0 1676.0 1666.0 
1676.0 1676.0 1676.0 
1688.0 1688.0 1676.0 
1688.0 1688.0 1688.0 
1698.0 1698.0 1688.0 
1707.0 1698.0 1707.0 
1707.0 1707.0 1707.0 
1716.0 1707.0 1716.0 
1716.0 1716.0 1716.0 
1726.0 1716.0 1726.0 
1726.0 1726.0 1726.0 
1735.0 1726.0 1735.0 
1735.0 1740.0 1740.0 
1743.0 1740.0 1743.0 
1743.0 1750.0 1750.0 
1751.0 1750.0 1751.0 
1751.0 1757.0 1757.0 
1758.0 1757.0 1758.0 
1764.0 1757.0 1764.0 
1764.0 1771.0 1771.0 
1773.0 1771.0 1773.0 
1782.0 1771.0 1782.0 
1782.0 1784.0 1784.0 
1790.0 1784.0 1790.0 
1790.0 1791.0 1791.0 
1800.0 1791.0 1800.0 
1805.0 1805.0 1800.0 
1809.0 1805.0 1809.0 
1809.0 1809.0 1809.0 
1818.0 1818.0 1809.0 
1818.0 1818.0 1818.0 
1827.0 1818.0 1827.0 
1827.0 1831.0 1831.0 
1837.0 1831.0 1837.0 
1837.0 1838.0 1838.0 
1847.0 1838.0 1847.0 
1852.0 1852.0 1847.0 
1864.0 1852.0 1864.0 
1864.0 1864.0 1864.0 
1873.0 1864.0 1873.0 
1873.0 1877.0 1877.0 
1883.0 1877.0 1883.0 
1883.0 1884.0 1884.0 
1891.0 1884.0 1891.0 
1891.0 1899.0 1899.0 
1900.0 1899.0 1900.0 
1910.0 1899.0 1910.0 
1910.0 1910.0 1910.0 
1916.0 1910.0 1916.0 
1923.0 1910.0 1923.0 
1923.0 1924.0 1924.0 
1931.0 1924.0 1931.0 
1940.0 1924.0 1940.0 
1940.0 1945.0 1945.0 
1948.0 1945.0 1948.0 
1948.0 1951.0 1951.0 
1960.0 1951.0 1960.0 
1969.0 1951.0 1969.0 
1969.0 1969.0 1969.0 
1969.0 1975.0 1975.0 
1980.0 1975.0 1980.0 
1989.0 1975.0 1989.0 
1989.0 1993.0 1993.0 
1989.0 2002.0 2002.0 
2010.0 2002.0 2010.0 
2016.0 2016.0 2010.0 
2016.0 2016.0 2016.0 
2024.0 2024.0 2016.0 
2024.0 2024.0 2024.0 
2031.0 2031.0 2024.0 
2031.0 2031.0 2031.0 
2031.0 2040.0 2040.0 
2045.0 2045.0 2040.0 
2045.0 2057.0 2057.0 
2058.0 2058.0 2057.0 
2065.0 2065.0 2057.0 
2070.0 2065.0 2070.0 
2070.0 2070.0 2070.0 
2077.0 2070.0 2077.0 
2077.0 2077.0 2077.0 
2084.0 2077.0 2084.0 
2091.0 2091.0 2084.0 
2091.0 2091.0 2091.0 
2098.0 2098.0 2091.0 
2098.0 2098.0 2098.0 
2098.0 2098.0 2098.0 
2106.0 2106.0 2098.0 
2106.0 2106.0 2106.0 
2113.0 2113.0 2106.0 
2113.0 2113.0 2113.0 
2119.0 2119.0 2113.0 
2119.0 2119.0 2119.0 
2126.0 2119.0 2126.0 
2131.0 2131.0 2126.0 
2131.0 2131.0 2131.0 
2137.0 2137.0 2131.0 
2137.0 2137.0 2137.0 
2143.0 2143.0 2137.0 
2143.0 2143.0 2143.0 
2149.0 2149.0 2143.0 
2149.0 2150.0 2150.0 
2149.0 2156.0 2156.0 
2158.0 2158.0 2156.0 
2158.0 2158.0 2158.0 
2164.0 2164.0 2158.0 
2165.0 2164.0 2165.0 
2174.0 2174.0 2165.0 
2174.0 2174.0 2174.0 
2180.0 2180.0 2174.0 
2181.0 2180.0 2181.0 
2189.0 2189.0 2181.0 
2189.0 2189.0 2189.0 
2195.0 2195.0 2189.0 
2196.0 2195.0 2196.0 
2206.0 2206.0 2196.0 
2206.0 2206.0 2206.0 
2212.0 2212.0 2206.0 
2213.0 2212.0 2213.0 
2222.0 2222.0 2213.0 
2222.0 2222.0 2222.0 
2228.0 2228.0 2222.0 
2229.0 2228.0 2229.0 
2239.0 2239.0 2229.0 
2239.0 2239.0 2239.0 
2245.0 2245.0 2239.0 
2246.0 2245.0 2246.0 
2256.0 2245.0 2256.0 
2256.0 2256.0 2256.0 
2256.0 2262.0 2262.0 
2265.0 2262.0 2265.0 
2274.0 2274.0 2265.0 
2274.0 2274.0 2274.0 
2283.0 2283.0 2274.0 
2287.0 2283.0 2287.0 
2287.0 2287.0 2287.0 
2296.0 2287.0 2296.0 
2296.0 2299.0 2299.0 
2296.0 2305.0 2305.0 
2306.0 2305.0 2306.0 
2314.0 2305.0 2314.0 
2319.0 2319.0 2314.0 
2327.0 2327.0 2314.0 
2327.0 2327.0 2327.0 
2335.0 2327.0 2335.0 
2341.0 2341.0 2335.0 
2341.0 2341.0 2341.0 
2349.0 2349.0 2341.0 
2349.0 2354.0 2354.0 
2359.0 2359.0 2354.0 
2359.0 2367.0 2367.0 
2368.0 2368.0 2367.0 
2368.0 2373.0 2373.0 
2378.0 2378.0 2373.0 
2387.0 2378.0 2387.0 
2387.0 2387.0 2387.0 
2387.0 2401.0 2401.0 
2405.0 2405.0 2401.0 
2405.0 2405.0 2405.0 
2411.0 2405.0 2411.0 
2411.0 2411.0 2411.0 
2419.0 2419.0 2411.0 
2419.0 2419.0 2419.0 
2425.0 2419.0 2425.0 
2425.0 2431.0 2431.0 
2432.0 2432.0 2431.0 
2432.0 2432.0 2432.0 
2444.0 2444.0 2432.0 
2449.0 2444.0 2449.0 
2456.0 2444.0 2456.0 
2464.0 2444.0 2464.0 
2464.0 2464.0 2464.0 
2464.0 2476.0 2476.0 
2482.0 2476.0 2482.0 
2482.0 2486.0 2486.0 
2482.0 2495.0 2495.0 
2501.0 2495.0 2501.0 
2501.0 2503.0 2503.0 
2501.0 2511.0 2511.0 
2512.0 2511.0 2512.0 
2512.0 2518.0 2518.0 
2520.0 2518.0 2520.0 
2520.0 2524.0 2524.0 
2528.0 2524.0 2528.0 
2528.0 2533.0 2533.0 
2535.0 2533.0 2535.0 
2548.0 2533.0 2548.0 
2548.0 2548.0 2548.0 
2548.0 2554.0 2554.0 
2555.0 2554.0 2555.0 
2563.0 2554.0 2563.0 
2563.0 2563.0 2563.0 
2571.0 2563.0 2571.0 
2580.0 2563.0 2580.0 
2580.0 2581.0 2581.0 
2586.0 2581.0 2586.0 
2586.0 2589.0 2589.0 
2597.0 2597.0 2589.0 
2597.0 2597.0 2597.0 
2606.0 2606.0 2597.0 
2606.0 2606.0 2606.0 
2615.0 2615.0 2606.0 
2616.0 2615.0 2616.0 
2616.0 2616.0 2616.0 
2623.0 2616.0 2623.0 
2623.0 2623.0 2623.0 
2631.0 2631.0 2623.0 
2631.0 2631.0 2631.0 
2631.0 2638.0 2638.0 
2640.0 2638.0 2640.0 
2646.0 2638.0 2646.0 
2646.0 2646.0 2646.0 
2653.0 2646.0 2653.0 
2653.0 2653.0 2653.0 
2659.0 2653.0 2659.0 
2659.0 2667.0 2667.0 
2670.0 2667.0 2670.0 
2670.0 2675.0 2675.0 
2680.0 2675.0 2680.0 
2687.0 2675.0 2687.0 
2687.0 2687.0 2687.0 
2697.0 2687.0 2697.0 
2697.0 2698.0 2698.0 
2697.0 2705.0 2705.0 
2713.0 2705.0 2713.0 
2720.0 2705.0 2720.0 
2724.0 2724.0 2720.0 
2730.0 2724.0 2730.0 
2730.0 2730.0 2730.0 
2743.0 2730.0 2743.0 
2756.0 2730.0 2756.0 
2756.0 2756.0 2756.0 
2762.0 2756.0 2762.0 
2762.0 2762.0 2762.0 
2772.0 2762.0 2772.0 
2772.0 2773.0 2773.0 
2779.0 2773.0 2779.0 
2779.0 2781.0 2781.0 
2787.0 2781.0 2787.0 
2787.0 2787.0 2787.0 
2794.0 2787.0 2794.0 
2794.0 2795.0 2795.0 
2794.0 2801.0 2801.0 
2807.0 2801.0 2807.0 
2807.0 2810.0 2810.0 
2816.0 2810.0 2816.0 
2816.0 2816.0 2816.0 
2816.0 2822.0 2822.0 
2816.0 2828.0 2828.0 
2839.0 2828.0 2839.0 
2839.0 2839.0 2839.0 
2839.0 2845.0 2845.0 
2839.0 2855.0 2855.0 
2861.0 2855.0 2861.0 
2867.0 2855.0 2867.0 
2867.0 2867.0 2867.0 
2875.0 2867.0 2875.0 
2881.0 2867.0 2881.0 
2889.0 2867.0 2889.0 
2895.0 2867.0 2895.0 
2895.0 2902.0 2902.0 
2908.0 2902.0 2908.0 
2908.0 2912.0 2912.0 
2918.0 2912.0 2918.0 
2924.0 2924.0 2918.0 
2924.0 2924.0 2924.0 
2924.0 2930.0 2930.0 
2934.0 2934.0 2930.0 
2942.0 2934.0 2942.0 
2942.0 2942.0 2942.0 
2951.0 2951.0 2942.0 
2951.0 2951.0 2951.0 
2959.0 2959.0 2951.0 
2959.0 2959.0 2959.0 
2967.0 2967.0 2959.0 
2967.0 2967.0 2967.0 
2967.0 2979.0 2979.0 
2985.0 2979.0 2985.0 
2999.0 2979.0 2999.0 
2999.0 2999.0 2999.0 
3005.0 2999.0 3005.0 
3005.0 3009.0 3009.0 
3014.0 3009.0 3014.0 
3014.0 3018.0 3018.0 
3014.0 3026.0 3026.0 
3032.0 3026.0 3032.0 
3032.0 3034.0 3034.0 
3040.0 3034.0 3040.0 
3049.0 3034.0 3049.0 
3055.0 3034.0 3055.0 
3055.0 3056.0 3056.0 
3055.0 3067.0 3067.0 
3067.0 3067.0 3067.0 
3077.0 3067.0 3077.0 
3091.0 3067.0 3091.0 
3091.0 3091.0 3091.0 
3091.0 3100.0 3100.0 
3101.0 3100.0 3101.0 
3101.0 3106.0 3106.0 
3117.0 3106.0 3117.0 
3124.0 3124.0 3117.0 
3131.0 3124.0 3131.0 
3131.0 3131.0 3131.0 
3151.0 3151.0 3131.0 
3160.0 3151.0 3160.0 
3160.0 3160.0 3160.0 
3167.0 3160.0 3167.0 
3167.0 3172.0 3172.0 
3173.0 3172.0 3173.0 
3173.0 3178.0 3178.0 
3182.0 3178.0 3182.0 
3191.0 3178.0 3191.0 
3191.0 3195.0 3195.0 
3199.0 3195.0 3199.0 
3199.0 3208.0 3208.0 
3209.0 3208.0 3209.0 
3218.0 3208.0 3218.0 
3218.0 3218.0 3218.0 
3218.0 3225.0 3225.0 
3228.0 3225.0 3228.0 
3239.0 3239.0 3228.0 
3239.0 3239.0 3239.0 
3239.0 3249.0 3249.0 
3257.0 3249.0 3257.0 
3258.0 3258.0 3257.0 
3258.0 3258.0 3258.0 
3266.0 3258.0 3266.0 
3273.0 3258.0 3273.0 
3275.0 3275.0 3273.0 
3282.0 3282.0 3273.0 
3282.0 3286.0 3286.0 
3290.0 3290.0 3286.0 
3290.0 3292.0 3292.0 
3290.0 3302.0 3302.0 
3290.0 3308.0 3308.0 
3290.0 3317.0 3317.0 
3290.0 3323.0 3323.0 
3325.0 3325.0 3323.0 
3325.0 3325.0 3325.0 
3331.0 3325.0 3331.0 
3334.0 3334.0 3331.0 
3344.0 3344.0 3331.0 
3345.0 3344.0 3345.0 
3345.0 3345.0 3345.0 
3345.0 3355.0 3355.0 
3364.0 3364.0 3355.0 
3364.0 3364.0 3364.0 
3374.0 3374.0 3364.0 
3383.0 3383.0 3364.0 
3384.0 3383.0 3384.0 
3396.0 3396.0 3384.0 
3396.0 3396.0 3396.0 
3396.0 3396.0 3396.0 
3403.0 3403.0 3396.0 
3403.0 3403.0 3403.0 
3413.0 3413.0 3403.0 
3413.0 3413.0 3413.0 
3413.0 3413.0 3413.0 
3420.0 3420.0 3413.0 
3420.0 3420.0 3420.0 
3429.0 3429.0 3420.0 
3429.0 3434.0 3434.0 
3441.0 3441.0 3434.0 
3441.0 3441.0 3441.0 
3451.0 3451.0 3441.0 
3451.0 3451.0 3451.0 
3460.0 3460.0 3451.0 
3460.0 3463.0 3463.0 
3470.0 3470.0 3463.0 
3473.0 3470.0 3473.0 
3482.0 3470.0 3482.0 
3483.0 3483.0 3482.0 
3490.0 3483.0 3490.0 
3498.0 3483.0 3498.0 
3505.0 3483.0 3505.0 
3511.0 3483.0 3511.0 
3513.0 3513.0 3511.0 
3513.0 3513.0 3513.0 
3513.0 3519.0 3519.0 
3523.0 3523.0 3519.0 
3526.0 3523.0 3526.0 
3526.0 3526.0 3526.0 
3534.0 3526.0 3534.0 
3534.0 3534.0 3534.0 
3542.0 3534.0 3542.0 
3542.0 3542.0 3542.0 
3551.0 3551.0 3542.0 
3551.0 3551.0 3551.0 
3551.0 3561.0 3561.0 
3571.0 3571.0 3561.0 
3571.0 3573.0 3573.0 
3578.0 3578.0 3573.0 
3578.0 3587.0 3587.0 
3595.0 3595.0 3587.0 
3595.0 3601.0 3601.0 
3608.0 3608.0 3601.0 
3608.0 3613.0 3613.0 
3608.0 3619.0 3619.0 
3632.0 3632.0 3619.0 
3639.0 3632.0 3639.0 
3639.0 3650.0 3650.0 
3650.0 3650.0 3650.0 
3663.0 3663.0 3650.0 
3663.0 3664.0 3664.0 
3669.0 3669.0 3664.0 
3669.0 3684.0 3684.0 
3686.0 3686.0 3684.0 
3686.0 3696.0 3696.0 
3699.0 3699.0 3696.0 
3699.0 3706.0 3706.0 
3709.0 3709.0 3706.0 
3709.0 3715.0 3715.0 
3716.0 3716.0 3715.0 
3716.0 3723.0 3723.0 
3730.0 3730.0 3723.0 
3730.0 3731.0 3731.0 
3730.0 3738.0 3738.0 
3740.0 3740.0 3738.0 
3740.0 3744.0 3744.0 
3749.0 3749.0 3744.0 
3749.0 3753.0 3753.0 
3758.0 3753.0 3758.0 
3767.0 3753.0 3767.0 
3767.0 3767.0 3767.0 
3775.0 3767.0 3775.0 
3775.0 3775.0 3775.0 
3775.0 3785.0 3785.0 
3794.0 3794.0 3785.0 
3794.0 3794.0 3794.0 
3803.0 3794.0 3803.0 
3803.0 3803.0 3803.0 
3813.0 3803.0 3813.0 
3813.0 3813.0 3813.0 
3827.0 3827.0 3813.0 
3831.0 3827.0 3831.0 
3839.0 3827.0 3839.0 
3841.0 3841.0 3839.0 
3841.0 3841.0 3841.0 
3848.0 3841.0 3848.0 
3848.0 3848.0 3848.0 
3862.0 3848.0 3862.0 
3862.0 3862.0 3862.0 
3875.0 3862.0 3875.0 
3875.0 3875.0 3875.0 
3882.0 3875.0 3882.0 
3882.0 3882.0 3882.0 
3882.0 3896.0 3896.0 
3882.0 3903.0 3903.0 
3911.0 3903.0 3911.0 
3911.0 3917.0 3917.0 
3925.0 3917.0 3925.0 
3925.0 3925.0 3925.0 
3934.0 3925.0 3934.0 
3934.0 3934.0 3934.0 
3940.0 3934.0 3940.0 
3940.0 3940.0 3940.0 
3951.0 3940.0 3951.0 
3951.0 3951.0 3951.0 
3961.0 3951.0 3961.0 
3961.0 3961.0 3961.0 
3961.0 3975.0 3975.0 
3961.0 3985.0 3985.0 
3961.0 3992.0 3992.0 
4006.0 3992.0 4006.0 
4006.0 4006.0 4006.0 
4006.0 4019.0 4019.0 
4006.0 4026.0 4026.0 
4032.0 4026.0 4032.0 
4039.0 4026.0 4039.0 
4047.0 4026.0 4047.0 
4047.0 4047.0 4047.0 
4057.0 4047.0 4057.0 
4064.0 4047.0 4064.0 
4064.0 4065.0 4065.0 
4073.0 4065.0 4073.0 
4080.0 4065.0 4080.0 
4087.0 4065.0 4087.0 
4094.0 4065.0 4094.0 
4095.0 4095.0 4094.0 
4102.0 4102.0 4094.0 
4107.0 4102.0 4107.0 
4107.0 4107.0 4107.0 
4114.0 4107.0 4114.0 
4114.0 4120.0 4120.0 
4120.0 4120.0 4120.0 
4127.0 4127.0 4120.0 
4137.0 4137.0 4120.0 
4137.0 4147.0 4147.0 
4157.0 4147.0 4157.0 
4157.0 4157.0 4157.0 
4167.0 4157.0 4167.0 
4167.0 4167.0 4167.0 
4178.0 4167.0 4178.0 
4184.0 4167.0 4184.0 
4190.0 4190.0 4184.0 
4193.0 4190.0 4193.0 
4199.0 4199.0 4193.0 
4212.0 4199.0 4212.0 
4212.0 4216.0 4216.0 
4227.0 4216.0 4227.0 
4227.0 4227.0 4227.0 
4253.0 4227.0 4253.0 
4253.0 4256.0 4256.0 
4267.0 4267.0 4256.0 
4267.0 4267.0 4267.0 
4267.0 4275.0 4275.0 
4267.0 4282.0 4282.0 
4267.0 4288.0 4288.0 
4295.0 4295.0 4288.0 
4295.0 4297.0 4297.0 
4304.0 4304.0 4297.0 
4304.0 4306.0 4306.0 
4312.0 4312.0 4306.0 
4312.0 4314.0 4314.0 
4320.0 4320.0 4314.0 
4340.0 4340.0 4314.0 
4349.0 4349.0 4314.0 
4355.0 4355.0 4314.0 
4355.0 4357.0 4357.0 
4378.0 4357.0 4378.0 
4378.0 4401.0 4401.0 
4425.0 4425.0 4401.0 
4425.0 4425.0 4425.0 
4436.0 4436.0 4425.0 
4439.0 4436.0 4439.0 
4448.0 4448.0 4439.0 
4449.0 4448.0 4449.0 
4457.0 4457.0 4449.0 
4460.0 4457.0 4460.0 
4474.0 4474.0 4460.0 
4474.0 4474.0 4474.0 
4480.0 4474.0 4480.0 
4484.0 4484.0 4480.0 
4495.0 4484.0 4495.0 
4498.0 4498.0 4495.0 
4503.0 4498.0 4503.0 
4511.0 4498.0 4511.0 
4522.0 4498.0 4522.0 
4532.0 4532.0 4522.0 
4533.0 4532.0 4533.0 
4541.0 4541.0 4533.0 
4542.0 4541.0 4542.0 
4549.0 4549.0 4542.0 
4561.0 4549.0 4561.0 
4576.0 4576.0 4561.0 
4584.0 4584.0 4561.0 
4592.0 4592.0 4561.0 
4592.0 4592.0 4592.0 
4601.0 4601.0 4592.0 
4611.0 4611.0 4592.0 
4623.0 4623.0 4592.0 
4637.0 4623.0 4637.0 
4648.0 4623.0 4648.0 
4664.0 4664.0 4648.0 
4664.0 4694.0 4694.0 
4705.0 4694.0 4705.0 
4705.0 4707.0 4707.0 
4705.0 4714.0 4714.0 
4774.0 4774.0 4741.0 
;
EXECUTION TIME HBSS: 6166.83779597 seconds 

-------------------------------------------------------------------
