DATFILE : bwopen0_3r_1000.dat
ENVIRONMENT : bwopen
ALGORITHM : KUMAR3
RANGE : 1000
STARTING_POS : 0
N_ROBOTS : 3
KUMAR3 T / cardinality : 2484.0
CONFIGURATIONS :
0 0 0 
0 4 26 
0 22 5 
4 8 5 
26 8 22 
4 13 22 
26 13 5 
0 8 1 
0 13 27 
4 17 27 
22 25 27 
5 18 27 
26 14 27 
4 14 1 
26 18 1 
5 25 1 
22 17 1 
4 18 2 
22 14 2 
5 15 2 
26 10 2 
0 9 2 
0 10 6 
0 15 21 
0 14 3 
4 15 3 
22 10 3 
4 10 21 
22 15 6 
5 14 6 
22 18 21 
8 18 3 
8 14 21 
13 18 6 
8 25 6 
8 13 24 
8 17 10 
13 25 10 
17 25 15 
13 17 14 
17 18 9 
25 14 9 
13 15 9 
8 15 27 
13 19 1 
17 19 0 
25 20 0 
18 23 0 
25 16 4 
25 12 26 
17 12 5 
17 16 26 
8 7 9 
4 7 24 
26 21 24 
5 3 24 
26 3 6 
5 7 21 
1 3 7 
27 3 21 
1 21 6 
27 7 6 
9 3 11 
10 7 11 
9 12 6 
9 16 21 
24 16 6 
10 12 24 
15 16 10 
14 23 10 
18 20 10 
14 20 15 
18 19 14 
19 20 9 
19 23 24 
20 23 6 
19 16 11 
20 12 11 
19 12 21 
20 16 3 
23 12 3 
16 12 7 
23 11 21 
19 6 2 
20 21 2 
23 7 2 
23 16 1 
19 7 26 
20 7 22 
15 11 1 
9 10 1 
27 24 1 
2 11 27 
1 12 2 
0 11 24 
4 11 6 
22 9 24 
17 24 2 
13 2 3 
8 2 16 
9 27 23 
15 26 23 
10 5 19 
15 24 18 
18 11 25 
19 3 25 
20 3 17 
20 21 13 
23 21 17 
16 7 13 
23 7 25 
16 7 18 
12 7 14 
12 7 15 
16 11 14 
20 24 14 
23 11 13 
20 11 8 
23 11 22 
20 11 26 
20 11 5 
16 10 27 
16 9 5 
12 9 4 
12 27 0 
23 5 4 
16 22 0 
20 4 1 
19 4 27 
19 8 22 
12 8 13 
7 0 17 
12 22 18 
21 24 25 
6 11 17 
2 6 25 
0 15 19 
26 9 18 
0 27 20 
8 27 23 
0 0 0 
;

MOVING ROBOT :
0 0 0 
0 1 1 
0 1 1 
1 1 0 
1 0 1 
1 1 0 
1 0 1 
1 1 1 
0 1 1 
1 1 0 
1 1 0 
1 1 0 
1 1 0 
1 0 1 
1 1 0 
1 1 0 
1 1 0 
1 1 1 
1 1 0 
1 1 0 
1 1 0 
1 1 0 
0 1 1 
0 1 1 
0 1 1 
1 1 0 
1 1 0 
1 0 1 
1 1 1 
1 1 0 
1 1 1 
1 0 1 
0 1 1 
1 1 1 
1 1 0 
0 1 1 
0 1 1 
1 1 0 
1 0 1 
1 1 1 
1 1 1 
1 1 0 
1 1 0 
1 0 1 
1 1 1 
1 0 1 
1 1 0 
1 1 0 
1 1 1 
0 1 1 
1 0 1 
0 1 1 
1 1 1 
1 0 1 
1 1 0 
1 1 0 
1 0 1 
1 1 1 
1 1 1 
1 0 1 
1 1 1 
1 1 0 
1 1 1 
1 1 0 
1 1 1 
0 1 1 
1 0 1 
1 1 1 
1 1 1 
1 1 0 
1 1 0 
1 0 1 
1 1 1 
1 1 1 
0 1 1 
1 0 1 
1 1 1 
1 1 0 
1 0 1 
1 1 1 
1 1 0 
1 0 1 
1 1 1 
1 1 1 
1 1 0 
1 1 0 
0 1 1 
1 1 1 
1 0 1 
1 1 1 
1 1 0 
1 1 0 
1 1 1 
1 1 1 
1 1 1 
1 0 1 
1 1 1 
1 1 1 
1 1 1 
1 0 1 
1 1 1 
1 1 0 
1 1 1 
1 1 1 
1 1 1 
1 1 0 
1 0 1 
0 1 1 
1 0 1 
1 1 1 
1 0 1 
1 0 1 
1 0 1 
0 0 1 
1 1 1 
1 1 0 
1 1 1 
1 0 1 
1 0 1 
1 0 1 
0 0 1 
1 1 1 
0 1 1 
1 0 1 
0 1 1 
1 1 1 
1 1 1 
1 1 1 
1 0 1 
0 1 1 
1 0 1 
1 1 1 
1 1 1 
1 1 1 
1 1 1 
1 1 1 
1 1 1 
1 1 1 
1 1 1 
1 0 1 
1 1 1 
;
MEASURING ROBOT :
0 0 0 
1 1 1 
1 1 1 
1 1 1 
1 1 1 
1 1 1 
1 1 1 
1 1 1 
1 1 1 
1 1 1 
1 1 1 
1 1 1 
1 1 1 
1 1 1 
1 1 1 
1 1 1 
1 1 1 
1 1 1 
1 1 1 
1 1 1 
1 1 1 
1 1 1 
1 1 1 
1 1 1 
1 1 1 
1 1 1 
1 1 1 
1 1 1 
1 1 1 
1 1 1 
1 1 1 
1 1 1 
1 1 1 
1 1 1 
1 1 1 
1 1 1 
1 1 1 
1 1 1 
1 1 1 
1 1 1 
1 1 1 
1 1 1 
1 1 1 
1 1 1 
1 1 1 
1 1 1 
1 1 1 
1 1 1 
1 1 1 
1 1 1 
1 1 1 
1 1 1 
1 1 1 
1 1 1 
1 1 1 
1 1 1 
1 1 1 
1 1 1 
1 1 1 
1 1 1 
1 1 1 
1 1 1 
1 1 1 
1 1 1 
1 1 1 
1 1 1 
1 1 1 
1 1 1 
1 1 1 
1 1 1 
1 1 1 
1 1 1 
1 1 1 
1 1 1 
1 1 1 
1 1 1 
1 1 1 
1 1 1 
1 1 1 
1 1 1 
1 1 1 
1 1 1 
1 1 1 
1 1 1 
1 1 1 
1 1 1 
1 1 1 
1 1 1 
1 1 1 
1 1 1 
1 1 1 
1 1 1 
1 1 1 
1 1 1 
1 1 1 
1 1 1 
1 1 1 
1 1 1 
1 1 1 
1 1 1 
1 1 1 
1 1 1 
1 1 1 
1 1 1 
1 1 1 
1 1 1 
1 1 1 
1 1 1 
1 1 1 
1 1 1 
1 1 1 
1 1 1 
1 1 1 
1 1 1 
1 1 1 
1 1 1 
1 1 1 
1 1 1 
1 1 1 
1 1 1 
1 1 1 
1 1 1 
1 1 1 
1 1 1 
1 1 1 
1 1 1 
1 1 1 
1 1 1 
1 1 1 
1 1 1 
1 1 1 
1 1 1 
1 1 1 
1 1 1 
1 1 1 
1 0 1 
0 1 1 
1 1 0 
0 1 1 
1 0 1 
0 0 0 
;
TIMETABLE : 
0 0 0 
17.0 17.0 17.0 
29.0 29.0 29.0 
43.0 43.0 43.0 
55.0 55.0 55.0 
68.0 68.0 68.0 
80.0 80.0 80.0 
98.0 98.0 98.0 
113.0 113.0 113.0 
127.0 127.0 127.0 
139.0 139.0 139.0 
152.0 152.0 152.0 
163.0 163.0 163.0 
178.0 178.0 178.0 
189.0 189.0 189.0 
202.0 202.0 202.0 
214.0 214.0 214.0 
234.0 234.0 234.0 
246.0 246.0 246.0 
259.0 259.0 259.0 
270.0 270.0 270.0 
287.0 287.0 287.0 
305.0 305.0 305.0 
317.0 317.0 317.0 
330.0 330.0 330.0 
344.0 344.0 344.0 
356.0 356.0 356.0 
368.0 368.0 368.0 
380.0 380.0 380.0 
393.0 393.0 393.0 
405.0 405.0 405.0 
417.0 417.0 417.0 
429.0 429.0 429.0 
442.0 442.0 442.0 
455.0 455.0 455.0 
468.0 468.0 468.0 
481.0 481.0 481.0 
494.0 494.0 494.0 
505.0 505.0 505.0 
518.0 518.0 518.0 
535.0 535.0 535.0 
547.0 547.0 547.0 
560.0 560.0 560.0 
575.0 575.0 575.0 
599.0 599.0 599.0 
617.0 617.0 617.0 
630.0 630.0 630.0 
643.0 643.0 643.0 
657.0 657.0 657.0 
668.0 668.0 668.0 
680.0 680.0 680.0 
691.0 691.0 691.0 
722.0 722.0 722.0 
737.0 737.0 737.0 
749.0 749.0 749.0 
761.0 761.0 761.0 
774.0 774.0 774.0 
790.0 790.0 790.0 
808.0 808.0 808.0 
823.0 823.0 823.0 
838.0 838.0 838.0 
853.0 853.0 853.0 
870.0 870.0 870.0 
886.0 886.0 886.0 
904.0 904.0 904.0 
916.0 916.0 916.0 
931.0 931.0 931.0 
944.0 944.0 944.0 
957.0 957.0 957.0 
970.0 970.0 970.0 
981.0 981.0 981.0 
992.0 992.0 992.0 
1005.0 1005.0 1005.0 
1025.0 1025.0 1025.0 
1040.0 1040.0 1040.0 
1053.0 1053.0 1053.0 
1070.0 1070.0 1070.0 
1083.0 1083.0 1083.0 
1102.0 1102.0 1102.0 
1115.0 1115.0 1115.0 
1126.0 1126.0 1126.0 
1142.0 1142.0 1142.0 
1169.0 1169.0 1169.0 
1195.0 1195.0 1195.0 
1208.0 1208.0 1208.0 
1220.0 1220.0 1220.0 
1247.0 1247.0 1247.0 
1274.0 1274.0 1274.0 
1287.0 1287.0 1287.0 
1318.0 1318.0 1318.0 
1339.0 1339.0 1339.0 
1354.0 1354.0 1354.0 
1373.0 1373.0 1373.0 
1400.0 1400.0 1400.0 
1427.0 1427.0 1427.0 
1441.0 1441.0 1441.0 
1466.0 1466.0 1466.0 
1496.0 1496.0 1496.0 
1518.0 1518.0 1518.0 
1561.0 1561.0 1561.0 
1593.0 1593.0 1593.0 
1615.0 1615.0 1615.0 
1638.0 1638.0 1638.0 
1673.0 1673.0 1673.0 
1691.0 1691.0 1691.0 
1722.0 1722.0 1722.0 
1735.0 1735.0 1735.0 
1747.0 1747.0 1747.0 
1758.0 1758.0 1758.0 
1770.0 1770.0 1770.0 
1783.0 1783.0 1783.0 
1796.0 1796.0 1796.0 
1807.0 1807.0 1807.0 
1820.0 1820.0 1820.0 
1845.0 1845.0 1845.0 
1866.0 1866.0 1866.0 
1891.0 1891.0 1891.0 
1904.0 1904.0 1904.0 
1916.0 1916.0 1916.0 
1927.0 1927.0 1927.0 
1936.0 1936.0 1936.0 
1957.0 1957.0 1957.0 
1978.0 1978.0 1978.0 
1992.0 1992.0 1992.0 
2007.0 2007.0 2007.0 
2029.0 2029.0 2029.0 
2043.0 2043.0 2043.0 
2064.0 2064.0 2064.0 
2079.0 2079.0 2079.0 
2110.0 2110.0 2110.0 
2155.0 2155.0 2155.0 
2181.0 2181.0 2181.0 
2205.0 2205.0 2205.0 
2242.0 2242.0 2242.0 
2260.0 2260.0 2260.0 
2278.0 2277.0 2278.0 
2314.0 2314.0 2314.0 
2335.0 2335.0 2334.0 
2352.0 2367.0 2367.0 
2378.0 2367.0 2378.0 
2404.0 2400.0 2484.0 
;
EXECUTION TIME KUMAR3: 52.3632700443 seconds

-------------------------------------------------------------------
DATFILE : bwopen0_3r_1000.dat
ENVIRONMENT : bwopen
ALGORITHM : KUMAR3
RANGE : 1000
STARTING_POS : 0
N_ROBOTS : 3
KUMAR3 T / heuristic : 2484.0
CONFIGURATIONS :
0 0 0 
0 4 26 
0 22 5 
4 8 5 
26 8 22 
4 13 22 
26 13 5 
0 8 1 
0 13 27 
4 17 27 
22 25 27 
5 18 27 
26 14 27 
4 14 1 
26 18 1 
5 25 1 
22 17 1 
4 18 2 
22 14 2 
5 15 2 
26 10 2 
0 9 2 
0 10 6 
0 15 21 
0 14 3 
4 15 3 
22 10 3 
4 10 21 
22 15 6 
5 14 6 
22 18 21 
8 18 3 
8 14 21 
13 18 6 
8 25 6 
8 13 24 
8 17 10 
13 25 10 
17 25 15 
13 17 14 
17 18 9 
25 14 9 
13 15 9 
8 15 27 
13 19 1 
17 19 0 
25 20 0 
18 23 0 
25 16 4 
25 12 26 
17 12 5 
17 16 26 
8 7 9 
4 7 24 
26 21 24 
5 3 24 
26 3 6 
5 7 21 
1 3 7 
27 3 21 
1 21 6 
27 7 6 
9 3 11 
10 7 11 
9 12 6 
9 16 21 
24 16 6 
10 12 24 
15 16 10 
14 23 10 
18 20 10 
14 20 15 
18 19 14 
19 20 9 
19 23 24 
20 23 6 
19 16 11 
20 12 11 
19 12 21 
20 16 3 
23 12 3 
16 12 7 
23 11 21 
19 6 2 
20 21 2 
23 7 2 
23 16 1 
19 7 26 
20 7 22 
15 11 1 
9 10 1 
27 24 1 
2 11 27 
1 12 2 
0 11 24 
4 11 6 
22 9 24 
17 24 2 
13 2 3 
8 2 16 
9 27 23 
15 26 23 
10 5 19 
15 24 18 
18 11 25 
19 3 25 
20 3 17 
20 21 13 
23 21 17 
16 7 13 
23 7 25 
16 7 18 
12 7 14 
12 7 15 
16 11 14 
20 24 14 
23 11 13 
20 11 8 
23 11 22 
20 11 26 
20 11 5 
16 10 27 
16 9 5 
12 9 4 
12 27 0 
23 5 4 
16 22 0 
20 4 1 
19 4 27 
19 8 22 
12 8 13 
7 0 17 
12 22 18 
21 24 25 
6 11 17 
2 6 25 
0 15 19 
26 9 18 
0 27 20 
8 27 23 
0 0 0 
;

MOVING ROBOT :
0 0 0 
0 1 1 
0 1 1 
1 1 0 
1 0 1 
1 1 0 
1 0 1 
1 1 1 
0 1 1 
1 1 0 
1 1 0 
1 1 0 
1 1 0 
1 0 1 
1 1 0 
1 1 0 
1 1 0 
1 1 1 
1 1 0 
1 1 0 
1 1 0 
1 1 0 
0 1 1 
0 1 1 
0 1 1 
1 1 0 
1 1 0 
1 0 1 
1 1 1 
1 1 0 
1 1 1 
1 0 1 
0 1 1 
1 1 1 
1 1 0 
0 1 1 
0 1 1 
1 1 0 
1 0 1 
1 1 1 
1 1 1 
1 1 0 
1 1 0 
1 0 1 
1 1 1 
1 0 1 
1 1 0 
1 1 0 
1 1 1 
0 1 1 
1 0 1 
0 1 1 
1 1 1 
1 0 1 
1 1 0 
1 1 0 
1 0 1 
1 1 1 
1 1 1 
1 0 1 
1 1 1 
1 1 0 
1 1 1 
1 1 0 
1 1 1 
0 1 1 
1 0 1 
1 1 1 
1 1 1 
1 1 0 
1 1 0 
1 0 1 
1 1 1 
1 1 1 
0 1 1 
1 0 1 
1 1 1 
1 1 0 
1 0 1 
1 1 1 
1 1 0 
1 0 1 
1 1 1 
1 1 1 
1 1 0 
1 1 0 
0 1 1 
1 1 1 
1 0 1 
1 1 1 
1 1 0 
1 1 0 
1 1 1 
1 1 1 
1 1 1 
1 0 1 
1 1 1 
1 1 1 
1 1 1 
1 0 1 
1 1 1 
1 1 0 
1 1 1 
1 1 1 
1 1 1 
1 1 0 
1 0 1 
0 1 1 
1 0 1 
1 1 1 
1 0 1 
1 0 1 
1 0 1 
0 0 1 
1 1 1 
1 1 0 
1 1 1 
1 0 1 
1 0 1 
1 0 1 
0 0 1 
1 1 1 
0 1 1 
1 0 1 
0 1 1 
1 1 1 
1 1 1 
1 1 1 
1 0 1 
0 1 1 
1 0 1 
1 1 1 
1 1 1 
1 1 1 
1 1 1 
1 1 1 
1 1 1 
1 1 1 
1 1 1 
1 0 1 
1 1 1 
;
MEASURING ROBOT :
0 0 0 
1 1 1 
1 1 1 
1 1 1 
1 1 1 
1 1 1 
1 1 1 
1 1 1 
1 1 1 
1 1 1 
1 1 1 
1 1 1 
1 1 1 
1 1 1 
1 1 1 
1 1 1 
1 1 1 
1 1 1 
1 1 1 
1 1 1 
1 1 1 
1 1 1 
1 1 1 
1 1 1 
1 1 1 
1 1 1 
1 1 1 
1 1 1 
1 1 1 
1 1 1 
1 1 1 
1 1 1 
1 1 1 
1 1 1 
1 1 1 
1 1 1 
1 1 1 
1 1 1 
1 1 1 
1 1 1 
1 1 1 
1 1 1 
1 1 1 
1 1 1 
1 1 1 
1 1 1 
1 1 1 
1 1 1 
1 1 1 
1 1 1 
1 1 1 
1 1 1 
1 1 1 
1 1 1 
1 1 1 
1 1 1 
1 1 1 
1 1 1 
1 1 1 
1 1 1 
1 1 1 
1 1 1 
1 1 1 
1 1 1 
1 1 1 
1 1 1 
1 1 1 
1 1 1 
1 1 1 
1 1 1 
1 1 1 
1 1 1 
1 1 1 
1 1 1 
1 1 1 
1 1 1 
1 1 1 
1 1 1 
1 1 1 
1 1 1 
1 1 1 
1 1 1 
1 1 1 
1 1 1 
1 1 1 
1 1 1 
1 1 1 
1 1 1 
1 1 1 
1 1 1 
1 1 1 
1 1 1 
1 1 1 
1 1 1 
1 1 1 
1 1 1 
1 1 1 
1 1 1 
1 1 1 
1 1 1 
1 1 1 
1 1 1 
1 1 1 
1 1 1 
1 1 1 
1 1 1 
1 1 1 
1 1 1 
1 1 1 
1 1 1 
1 1 1 
1 1 1 
1 1 1 
1 1 1 
1 1 1 
1 1 1 
1 1 1 
1 1 1 
1 1 1 
1 1 1 
1 1 1 
1 1 1 
1 1 1 
1 1 1 
1 1 1 
1 1 1 
1 1 1 
1 1 1 
1 1 1 
1 1 1 
1 1 1 
1 1 1 
1 1 1 
1 1 1 
1 1 1 
1 0 1 
0 1 1 
1 1 0 
0 1 1 
1 0 1 
0 0 0 
;
TIMETABLE : 
0 0 0 
17.0 17.0 17.0 
29.0 29.0 29.0 
43.0 43.0 43.0 
55.0 55.0 55.0 
68.0 68.0 68.0 
80.0 80.0 80.0 
98.0 98.0 98.0 
113.0 113.0 113.0 
127.0 127.0 127.0 
139.0 139.0 139.0 
152.0 152.0 152.0 
163.0 163.0 163.0 
178.0 178.0 178.0 
189.0 189.0 189.0 
202.0 202.0 202.0 
214.0 214.0 214.0 
234.0 234.0 234.0 
246.0 246.0 246.0 
259.0 259.0 259.0 
270.0 270.0 270.0 
287.0 287.0 287.0 
305.0 305.0 305.0 
317.0 317.0 317.0 
330.0 330.0 330.0 
344.0 344.0 344.0 
356.0 356.0 356.0 
368.0 368.0 368.0 
380.0 380.0 380.0 
393.0 393.0 393.0 
405.0 405.0 405.0 
417.0 417.0 417.0 
429.0 429.0 429.0 
442.0 442.0 442.0 
455.0 455.0 455.0 
468.0 468.0 468.0 
481.0 481.0 481.0 
494.0 494.0 494.0 
505.0 505.0 505.0 
518.0 518.0 518.0 
535.0 535.0 535.0 
547.0 547.0 547.0 
560.0 560.0 560.0 
575.0 575.0 575.0 
599.0 599.0 599.0 
617.0 617.0 617.0 
630.0 630.0 630.0 
643.0 643.0 643.0 
657.0 657.0 657.0 
668.0 668.0 668.0 
680.0 680.0 680.0 
691.0 691.0 691.0 
722.0 722.0 722.0 
737.0 737.0 737.0 
749.0 749.0 749.0 
761.0 761.0 761.0 
774.0 774.0 774.0 
790.0 790.0 790.0 
808.0 808.0 808.0 
823.0 823.0 823.0 
838.0 838.0 838.0 
853.0 853.0 853.0 
870.0 870.0 870.0 
886.0 886.0 886.0 
904.0 904.0 904.0 
916.0 916.0 916.0 
931.0 931.0 931.0 
944.0 944.0 944.0 
957.0 957.0 957.0 
970.0 970.0 970.0 
981.0 981.0 981.0 
992.0 992.0 992.0 
1005.0 1005.0 1005.0 
1025.0 1025.0 1025.0 
1040.0 1040.0 1040.0 
1053.0 1053.0 1053.0 
1070.0 1070.0 1070.0 
1083.0 1083.0 1083.0 
1102.0 1102.0 1102.0 
1115.0 1115.0 1115.0 
1126.0 1126.0 1126.0 
1142.0 1142.0 1142.0 
1169.0 1169.0 1169.0 
1195.0 1195.0 1195.0 
1208.0 1208.0 1208.0 
1220.0 1220.0 1220.0 
1247.0 1247.0 1247.0 
1274.0 1274.0 1274.0 
1287.0 1287.0 1287.0 
1318.0 1318.0 1318.0 
1339.0 1339.0 1339.0 
1354.0 1354.0 1354.0 
1373.0 1373.0 1373.0 
1400.0 1400.0 1400.0 
1427.0 1427.0 1427.0 
1441.0 1441.0 1441.0 
1466.0 1466.0 1466.0 
1496.0 1496.0 1496.0 
1518.0 1518.0 1518.0 
1561.0 1561.0 1561.0 
1593.0 1593.0 1593.0 
1615.0 1615.0 1615.0 
1638.0 1638.0 1638.0 
1673.0 1673.0 1673.0 
1691.0 1691.0 1691.0 
1722.0 1722.0 1722.0 
1735.0 1735.0 1735.0 
1747.0 1747.0 1747.0 
1758.0 1758.0 1758.0 
1770.0 1770.0 1770.0 
1783.0 1783.0 1783.0 
1796.0 1796.0 1796.0 
1807.0 1807.0 1807.0 
1820.0 1820.0 1820.0 
1845.0 1845.0 1845.0 
1866.0 1866.0 1866.0 
1891.0 1891.0 1891.0 
1904.0 1904.0 1904.0 
1916.0 1916.0 1916.0 
1927.0 1927.0 1927.0 
1936.0 1936.0 1936.0 
1957.0 1957.0 1957.0 
1978.0 1978.0 1978.0 
1992.0 1992.0 1992.0 
2007.0 2007.0 2007.0 
2029.0 2029.0 2029.0 
2043.0 2043.0 2043.0 
2064.0 2064.0 2064.0 
2079.0 2079.0 2079.0 
2110.0 2110.0 2110.0 
2155.0 2155.0 2155.0 
2181.0 2181.0 2181.0 
2205.0 2205.0 2205.0 
2242.0 2242.0 2242.0 
2260.0 2260.0 2260.0 
2278.0 2277.0 2278.0 
2314.0 2314.0 2314.0 
2335.0 2335.0 2334.0 
2352.0 2367.0 2367.0 
2378.0 2367.0 2378.0 
2404.0 2400.0 2484.0 
;
EXECUTION TIME KUMAR3: 53.5489418507 seconds

-------------------------------------------------------------------
DATFILE : bwopen0_3r_1000.dat
ENVIRONMENT : bwopen
ALGORITHM : KUMAR3
RANGE : 1000
STARTING_POS : 0
N_ROBOTS : 3
KUMAR3 T / objective : 2697.0
CONFIGURATIONS :
0 0 0 
0 4 26 
0 4 5 
0 26 5 
1 5 26 
1 5 4 
1 22 4 
1 22 26 
27 22 26 
27 22 5 
27 4 5 
27 4 1 
27 0 1 
9 0 1 
10 0 1 
15 0 1 
14 0 1 
18 0 1 
25 0 1 
17 0 1 
13 0 1 
8 0 1 
22 0 1 
22 0 2 
26 0 2 
26 4 2 
5 4 2 
5 8 2 
26 8 2 
5 8 6 
26 8 6 
26 22 6 
4 22 6 
4 8 6 
4 8 21 
26 8 21 
26 22 21 
5 22 21 
5 13 21 
26 13 21 
26 13 3 
5 13 3 
5 17 3 
26 17 3 
26 17 21 
4 17 21 
4 17 3 
4 13 3 
4 13 7 
4 17 7 
26 17 7 
5 17 7 
5 25 7 
26 25 7 
26 25 21 
4 25 21 
4 25 3 
22 25 3 
8 17 3 
8 13 3 
8 17 7 
22 17 7 
22 13 7 
22 13 12 
26 13 12 
26 17 12 
5 17 12 
5 25 12 
4 25 12 
4 18 12 
4 14 12 
4 14 16 
4 14 23 
4 14 20 
4 18 20 
26 18 20 
5 18 20 
5 18 23 
26 18 23 
26 14 23 
5 14 16 
26 14 16 
26 18 16 
22 18 16 
22 14 12 
8 14 12 
8 18 12 
8 18 16 
8 14 23 
8 14 20 
8 15 20 
8 15 23 
22 15 23 
22 15 20 
22 10 20 
22 10 23 
26 10 23 
5 10 20 
5 15 20 
5 15 19 
26 15 19 
4 10 19 
4 15 19 
4 15 18 
0 10 14 
0 10 18 
8 10 18 
8 10 25 
8 15 25 
13 15 25 
13 10 25 
13 10 17 
13 15 17 
25 12 17 
18 12 13 
14 12 13 
14 12 17 
18 12 17 
18 16 17 
25 16 17 
25 16 13 
14 23 13 
14 20 13 
9 20 13 
9 23 13 
9 23 17 
9 20 17 
24 20 17 
24 23 17 
24 23 13 
24 16 13 
24 16 8 
24 12 8 
24 12 22 
24 12 26 
24 7 26 
24 7 5 
24 21 5 
24 21 4 
24 3 4 
24 3 0 
24 21 0 
6 21 0 
6 3 0 
6 3 1 
21 3 1 
7 3 1 
7 21 1 
7 21 27 
7 3 27 
12 3 27 
16 3 27 
23 3 27 
20 3 27 
20 21 27 
20 21 1 
20 6 1 
20 6 27 
23 6 27 
16 6 1 
12 6 1 
12 21 1 
12 21 0 
12 7 0 
16 7 0 
23 7 0 
20 7 0 
23 21 0 
23 21 1 
16 21 1 
16 21 2 
12 21 2 
12 3 2 
12 7 2 
23 7 2 
20 7 2 
20 12 2 
23 12 2 
16 12 1 
23 16 1 
20 16 0 
20 23 0 
19 16 0 
19 12 0 
19 12 1 
19 7 1 
19 7 27 
19 21 27 
19 21 9 
19 3 9 
19 3 10 
18 3 10 
18 3 15 
14 3 15 
14 21 10 
18 21 10 
18 21 15 
14 6 10 
18 6 10 
18 6 15 
25 6 10 
25 6 24 
17 6 24 
17 6 9 
13 6 9 
13 6 27 
13 24 27 
17 24 27 
17 10 27 
25 10 27 
25 15 27 
18 15 27 
18 14 27 
25 14 27 
25 14 9 
25 18 9 
13 14 24 
8 18 24 
4 14 9 
4 15 9 
26 15 9 
5 10 9 
22 10 9 
22 24 9 
8 24 9 
8 11 9 
22 11 9 
22 11 10 
26 11 10 
26 11 15 
5 11 15 
5 11 14 
4 11 14 
4 11 18 
0 11 14 
0 11 25 
1 11 25 
1 11 17 
27 11 17 
27 11 13 
2 11 8 
2 11 13 
2 6 13 
2 6 17 
2 24 17 
2 24 25 
2 10 25 
2 10 18 
2 15 18 
2 15 14 
2 10 15 
24 10 15 
11 24 10 
11 6 9 
11 21 9 
11 3 1 
11 7 0 
6 7 0 
24 7 1 
10 7 1 
15 7 0 
14 7 0 
18 7 0 
14 7 9 
9 7 27 
9 12 27 
9 16 27 
9 16 2 
10 12 2 
10 16 1 
15 12 1 
15 16 0 
25 20 0 
25 23 0 
13 19 0 
13 19 2 
17 19 2 
17 19 6 
25 19 6 
25 19 24 
18 19 24 
14 19 6 
14 19 11 
9 20 11 
9 23 11 
1 16 11 
1 12 11 
0 23 19 
8 16 19 
22 16 19 
4 20 19 
2 6 27 
2 6 1 
0 22 8 
27 24 8 
0 0 0 
;

MOVING ROBOT :
0 0 0 
0 1 1 
0 0 1 
0 1 0 
1 1 1 
0 0 1 
0 1 0 
0 0 1 
1 0 0 
0 0 1 
0 1 0 
0 0 1 
0 1 0 
1 0 0 
1 0 0 
1 0 0 
1 0 0 
1 0 0 
1 0 0 
1 0 0 
1 0 0 
1 0 0 
1 0 0 
0 0 1 
1 0 0 
0 1 0 
1 0 0 
0 1 0 
1 0 0 
1 0 1 
1 0 0 
0 1 0 
1 0 0 
0 1 0 
0 0 1 
1 0 0 
0 1 0 
1 0 0 
0 1 0 
1 0 0 
0 0 1 
1 0 0 
0 1 0 
1 0 0 
0 0 1 
1 0 0 
0 0 1 
0 1 0 
0 0 1 
0 1 0 
1 0 0 
1 0 0 
0 1 0 
1 0 0 
0 0 1 
1 0 0 
0 0 1 
1 0 0 
1 1 0 
0 1 0 
0 1 1 
1 0 0 
0 1 0 
0 0 1 
1 0 0 
0 1 0 
1 0 0 
0 1 0 
1 0 0 
0 1 0 
0 1 0 
0 0 1 
0 0 1 
0 0 1 
0 1 0 
1 0 0 
1 0 0 
0 0 1 
1 0 0 
0 1 0 
1 0 1 
1 0 0 
0 1 0 
1 0 0 
0 1 1 
1 0 0 
0 1 0 
0 0 1 
0 1 1 
0 0 1 
0 1 0 
0 0 1 
1 0 0 
0 0 1 
0 1 0 
0 0 1 
1 0 0 
1 0 1 
0 1 0 
0 0 1 
1 0 0 
1 1 0 
0 1 0 
0 0 1 
1 1 1 
0 0 1 
1 0 0 
0 0 1 
0 1 0 
1 0 0 
0 1 0 
0 0 1 
0 1 0 
1 1 0 
1 0 1 
1 0 0 
0 0 1 
1 0 0 
0 1 0 
1 0 0 
0 0 1 
1 1 0 
0 1 0 
1 0 0 
0 1 0 
0 0 1 
0 1 0 
1 0 0 
0 1 0 
0 0 1 
0 1 0 
0 0 1 
0 1 0 
0 0 1 
0 0 1 
0 1 0 
0 0 1 
0 1 0 
0 0 1 
0 1 0 
0 0 1 
0 1 0 
1 0 0 
0 1 0 
0 0 1 
1 0 0 
1 0 0 
0 1 0 
0 0 1 
0 1 0 
1 0 0 
1 0 0 
1 0 0 
1 0 0 
0 1 0 
0 0 1 
0 1 0 
0 0 1 
1 0 0 
1 0 1 
1 0 0 
0 1 0 
0 0 1 
0 1 0 
1 0 0 
1 0 0 
1 0 0 
1 1 0 
0 0 1 
1 0 0 
0 0 1 
1 0 0 
0 1 0 
0 1 0 
1 0 0 
1 0 0 
0 1 0 
1 0 0 
1 0 1 
1 1 0 
1 0 1 
0 1 0 
1 1 0 
0 1 0 
0 0 1 
0 1 0 
0 0 1 
0 1 0 
0 0 1 
0 1 0 
0 0 1 
1 0 0 
0 0 1 
1 0 0 
0 1 1 
1 0 0 
0 0 1 
1 1 1 
1 0 0 
0 0 1 
1 0 1 
0 0 1 
1 0 0 
0 0 1 
1 0 0 
0 0 1 
0 1 0 
1 0 0 
0 1 0 
1 0 0 
0 1 0 
1 0 0 
0 1 0 
1 0 0 
0 0 1 
0 1 0 
1 1 1 
1 1 0 
1 1 1 
0 1 0 
1 0 0 
1 1 0 
1 0 0 
0 1 0 
1 0 0 
0 1 0 
1 0 0 
0 0 1 
1 0 0 
0 0 1 
1 0 0 
0 0 1 
1 0 0 
0 0 1 
1 0 1 
0 0 1 
1 0 0 
0 0 1 
1 0 0 
0 0 1 
1 0 1 
0 0 1 
0 1 0 
0 0 1 
0 1 0 
0 0 1 
0 1 0 
0 0 1 
0 1 0 
0 0 1 
0 1 1 
1 0 0 
1 1 1 
0 1 1 
0 1 0 
0 1 1 
0 1 1 
1 0 0 
1 0 1 
1 0 0 
1 0 1 
1 0 0 
1 0 0 
1 0 1 
1 0 1 
0 1 0 
0 1 0 
0 0 1 
1 1 0 
0 1 1 
1 1 0 
0 1 1 
1 1 0 
0 1 0 
1 1 0 
0 0 1 
1 0 0 
0 0 1 
1 0 0 
0 0 1 
1 0 0 
1 0 1 
0 0 1 
1 1 0 
0 1 0 
1 1 0 
0 1 0 
1 1 1 
1 1 0 
1 0 0 
1 1 0 
1 1 1 
0 0 1 
1 1 1 
1 1 0 
1 1 1 
;
MEASURING ROBOT :
0 0 0 
1 1 1 
1 1 1 
0 1 1 
1 1 1 
1 0 1 
1 1 1 
0 1 1 
1 1 1 
1 1 1 
1 1 0 
1 0 1 
1 1 1 
1 1 1 
1 1 1 
1 1 1 
1 1 1 
1 1 1 
1 1 1 
1 1 1 
1 1 1 
1 1 1 
1 1 0 
1 1 1 
1 0 1 
0 1 1 
1 0 1 
1 1 1 
1 1 0 
1 1 1 
1 0 1 
0 1 1 
1 0 1 
1 1 0 
1 1 1 
1 0 1 
0 1 1 
1 0 1 
1 1 1 
1 1 0 
1 1 1 
1 0 1 
1 1 1 
1 1 0 
0 1 1 
1 1 0 
1 0 1 
1 1 0 
1 1 1 
0 1 1 
1 0 1 
1 0 1 
1 1 1 
1 1 0 
0 1 1 
1 1 0 
0 1 1 
1 1 1 
1 1 1 
1 1 0 
1 0 1 
1 1 1 
1 1 0 
1 1 1 
1 0 1 
0 1 1 
1 0 1 
0 1 1 
1 0 1 
1 1 1 
1 1 1 
1 1 1 
1 1 1 
1 1 1 
0 1 1 
1 1 1 
1 1 1 
1 1 1 
1 0 1 
1 1 0 
1 1 1 
1 0 1 
0 1 1 
1 1 1 
1 1 0 
1 1 1 
1 1 0 
1 0 1 
1 0 1 
1 0 1 
1 1 1 
0 1 1 
1 1 1 
1 0 1 
1 1 1 
0 1 1 
1 1 0 
1 1 0 
1 1 0 
1 1 1 
1 1 1 
1 1 1 
1 1 0 
0 1 1 
0 1 1 
0 1 1 
1 1 0 
1 1 1 
0 1 1 
1 1 1 
1 1 0 
1 1 1 
0 1 1 
1 0 1 
1 0 1 
1 0 1 
1 0 1 
1 0 1 
0 1 1 
1 1 0 
0 1 1 
0 1 1 
0 1 1 
1 1 1 
1 1 0 
1 1 1 
0 1 1 
1 1 1 
1 1 0 
1 0 1 
1 1 0 
1 0 1 
1 1 0 
1 0 1 
1 0 1 
1 1 0 
1 0 1 
1 1 0 
1 0 1 
1 1 0 
1 1 1 
0 1 1 
1 1 1 
1 1 0 
1 1 1 
1 1 1 
1 1 1 
1 1 0 
1 1 1 
0 1 1 
1 1 1 
1 1 1 
1 1 1 
1 1 1 
1 1 0 
1 0 1 
1 1 0 
0 1 1 
1 1 0 
1 1 1 
1 1 1 
1 1 0 
1 0 1 
1 1 1 
1 1 1 
1 1 1 
1 1 1 
1 1 0 
1 0 1 
1 1 0 
1 1 1 
1 0 1 
0 1 1 
0 1 1 
1 0 1 
1 0 1 
1 1 0 
1 1 0 
1 1 0 
1 1 0 
1 1 0 
1 1 0 
1 1 1 
1 1 0 
1 0 1 
1 1 0 
1 0 1 
1 1 0 
1 1 1 
1 1 1 
0 1 1 
1 1 0 
0 1 1 
1 1 1 
1 1 1 
1 1 0 
0 1 1 
1 1 1 
1 1 0 
0 1 1 
1 1 0 
1 1 1 
1 1 0 
0 1 1 
1 1 0 
1 0 1 
0 1 1 
1 0 1 
0 1 1 
1 0 1 
0 1 1 
1 0 1 
1 1 1 
1 1 0 
1 1 1 
1 1 1 
0 1 1 
0 1 1 
1 0 1 
0 1 1 
1 0 1 
1 1 1 
1 0 1 
0 1 1 
1 0 1 
1 1 1 
1 1 0 
0 1 1 
1 1 0 
0 1 1 
1 1 0 
0 1 1 
1 1 0 
0 1 1 
1 1 0 
0 1 1 
1 1 0 
0 1 1 
1 1 0 
0 1 1 
1 1 0 
1 0 1 
1 1 0 
1 0 1 
1 1 0 
1 0 1 
1 1 0 
1 0 1 
1 1 0 
1 0 1 
0 1 1 
1 1 1 
1 1 0 
1 1 0 
1 1 0 
1 1 0 
1 1 0 
1 1 0 
1 0 1 
1 1 0 
1 1 0 
1 1 0 
1 1 0 
0 1 1 
1 0 1 
1 1 0 
1 1 0 
1 0 1 
1 1 0 
1 1 0 
1 1 0 
1 1 0 
1 1 0 
1 1 0 
1 1 0 
0 1 1 
1 1 0 
0 1 1 
1 1 0 
0 1 1 
1 1 0 
1 1 0 
0 1 1 
0 1 1 
0 1 1 
0 1 1 
0 1 1 
0 1 1 
1 0 1 
1 0 1 
0 1 1 
1 0 1 
1 0 1 
0 1 1 
1 0 1 
0 0 0 
;
TIMETABLE : 
0 0 0 
17.0 17.0 17.0 
26.0 26.0 26.0 
26.0 37.0 37.0 
46.0 46.0 46.0 
57.0 46.0 57.0 
58.0 58.0 58.0 
58.0 69.0 69.0 
73.0 73.0 73.0 
82.0 82.0 82.0 
94.0 94.0 82.0 
100.0 94.0 100.0 
108.0 108.0 108.0 
123.0 123.0 123.0 
137.0 137.0 137.0 
148.0 148.0 148.0 
161.0 161.0 161.0 
172.0 172.0 172.0 
185.0 185.0 185.0 
197.0 197.0 197.0 
208.0 208.0 208.0 
221.0 221.0 221.0 
233.0 233.0 221.0 
241.0 241.0 241.0 
252.0 241.0 252.0 
252.0 255.0 255.0 
261.0 255.0 261.0 
269.0 269.0 269.0 
278.0 278.0 269.0 
287.0 287.0 287.0 
296.0 287.0 296.0 
296.0 299.0 299.0 
307.0 299.0 307.0 
311.0 311.0 307.0 
319.0 319.0 319.0 
330.0 319.0 330.0 
330.0 331.0 331.0 
339.0 331.0 339.0 
350.0 350.0 350.0 
359.0 359.0 350.0 
362.0 362.0 362.0 
371.0 362.0 371.0 
373.0 373.0 373.0 
382.0 382.0 373.0 
382.0 385.0 385.0 
393.0 393.0 385.0 
397.0 393.0 397.0 
404.0 404.0 397.0 
413.0 413.0 413.0 
413.0 424.0 424.0 
424.0 424.0 424.0 
433.0 424.0 433.0 
436.0 436.0 436.0 
445.0 445.0 436.0 
445.0 448.0 448.0 
456.0 456.0 448.0 
456.0 460.0 460.0 
468.0 468.0 468.0 
480.0 480.0 480.0 
491.0 491.0 480.0 
496.0 502.0 496.0 
508.0 508.0 508.0 
519.0 519.0 508.0 
526.0 526.0 526.0 
537.0 526.0 537.0 
537.0 537.0 537.0 
546.0 537.0 546.0 
546.0 549.0 549.0 
560.0 549.0 560.0 
562.0 562.0 562.0 
573.0 573.0 573.0 
584.0 584.0 584.0 
595.0 595.0 595.0 
605.0 605.0 605.0 
605.0 616.0 616.0 
616.0 616.0 616.0 
625.0 625.0 625.0 
635.0 635.0 635.0 
644.0 635.0 644.0 
646.0 646.0 644.0 
655.0 655.0 655.0 
664.0 655.0 664.0 
664.0 666.0 666.0 
675.0 675.0 675.0 
686.0 686.0 686.0 
698.0 698.0 698.0 
709.0 709.0 698.0 
709.0 709.0 709.0 
720.0 720.0 720.0 
730.0 720.0 730.0 
733.0 733.0 733.0 
733.0 743.0 743.0 
745.0 745.0 745.0 
755.0 745.0 755.0 
756.0 756.0 756.0 
756.0 766.0 766.0 
767.0 767.0 766.0 
776.0 776.0 776.0 
787.0 787.0 776.0 
789.0 789.0 789.0 
798.0 798.0 798.0 
809.0 809.0 809.0 
820.0 820.0 809.0 
820.0 829.0 829.0 
834.0 840.0 840.0 
834.0 851.0 851.0 
860.0 860.0 851.0 
864.0 864.0 864.0 
864.0 875.0 875.0 
877.0 877.0 877.0 
888.0 888.0 877.0 
889.0 889.0 889.0 
889.0 900.0 900.0 
902.0 945.0 902.0 
915.0 945.0 915.0 
926.0 945.0 926.0 
937.0 945.0 937.0 
948.0 945.0 948.0 
948.0 956.0 956.0 
961.0 961.0 956.0 
961.0 967.0 967.0 
977.0 978.0 978.0 
977.0 988.0 988.0 
993.0 993.0 993.0 
1003.0 1003.0 993.0 
1004.0 1004.0 1004.0 
1004.0 1014.0 1014.0 
1019.0 1019.0 1019.0 
1029.0 1029.0 1019.0 
1030.0 1029.0 1030.0 
1040.0 1040.0 1030.0 
1043.0 1040.0 1043.0 
1051.0 1051.0 1043.0 
1055.0 1051.0 1055.0 
1066.0 1051.0 1066.0 
1069.0 1069.0 1066.0 
1075.0 1069.0 1075.0 
1081.0 1081.0 1075.0 
1089.0 1081.0 1089.0 
1093.0 1093.0 1089.0 
1103.0 1103.0 1103.0 
1103.0 1115.0 1115.0 
1116.0 1116.0 1116.0 
1128.0 1128.0 1116.0 
1134.0 1134.0 1134.0 
1146.0 1146.0 1146.0 
1158.0 1158.0 1158.0 
1170.0 1170.0 1158.0 
1173.0 1173.0 1173.0 
1173.0 1185.0 1185.0 
1191.0 1191.0 1191.0 
1202.0 1202.0 1202.0 
1213.0 1213.0 1213.0 
1223.0 1223.0 1223.0 
1235.0 1235.0 1223.0 
1238.0 1235.0 1238.0 
1247.0 1247.0 1238.0 
1247.0 1253.0 1253.0 
1257.0 1257.0 1253.0 
1268.0 1268.0 1268.0 
1279.0 1279.0 1279.0 
1291.0 1291.0 1279.0 
1297.0 1291.0 1297.0 
1303.0 1303.0 1303.0 
1314.0 1314.0 1314.0 
1325.0 1325.0 1325.0 
1335.0 1335.0 1335.0 
1347.0 1347.0 1335.0 
1353.0 1347.0 1353.0 
1364.0 1364.0 1353.0 
1373.0 1373.0 1373.0 
1384.0 1373.0 1384.0 
1384.0 1385.0 1385.0 
1384.0 1401.0 1401.0 
1406.0 1401.0 1406.0 
1416.0 1401.0 1416.0 
1419.0 1419.0 1416.0 
1429.0 1429.0 1416.0 
1440.0 1440.0 1436.0 
1451.0 1451.0 1436.0 
1461.0 1461.0 1454.0 
1472.0 1472.0 1454.0 
1485.0 1485.0 1485.0 
1496.0 1496.0 1485.0 
1503.0 1496.0 1503.0 
1514.0 1514.0 1503.0 
1518.0 1514.0 1518.0 
1526.0 1526.0 1518.0 
1533.0 1533.0 1533.0 
1545.0 1545.0 1545.0 
1545.0 1559.0 1559.0 
1565.0 1565.0 1559.0 
1565.0 1570.0 1570.0 
1576.0 1576.0 1576.0 
1588.0 1588.0 1588.0 
1599.0 1599.0 1588.0 
1599.0 1599.0 1599.0 
1611.0 1611.0 1611.0 
1622.0 1622.0 1611.0 
1622.0 1622.0 1622.0 
1635.0 1635.0 1633.0 
1646.0 1646.0 1646.0 
1658.0 1658.0 1646.0 
1658.0 1661.0 1661.0 
1669.0 1669.0 1661.0 
1676.0 1669.0 1676.0 
1676.0 1682.0 1682.0 
1687.0 1682.0 1687.0 
1687.0 1695.0 1695.0 
1699.0 1695.0 1699.0 
1699.0 1706.0 1706.0 
1712.0 1706.0 1712.0 
1719.0 1719.0 1719.0 
1732.0 1732.0 1719.0 
1734.0 1734.0 1734.0 
1745.0 1745.0 1745.0 
1758.0 1760.0 1760.0 
1771.0 1771.0 1771.0 
1786.0 1782.0 1786.0 
1786.0 1795.0 1795.0 
1797.0 1795.0 1797.0 
1806.0 1806.0 1806.0 
1818.0 1806.0 1818.0 
1818.0 1819.0 1819.0 
1830.0 1819.0 1830.0 
1837.0 1837.0 1837.0 
1849.0 1849.0 1837.0 
1849.0 1851.0 1851.0 
1860.0 1860.0 1851.0 
1860.0 1862.0 1862.0 
1869.0 1869.0 1862.0 
1869.0 1875.0 1875.0 
1883.0 1883.0 1875.0 
1883.0 1886.0 1886.0 
1897.0 1897.0 1897.0 
1897.0 1913.0 1913.0 
1915.0 1915.0 1913.0 
1915.0 1925.0 1925.0 
1930.0 1930.0 1925.0 
1930.0 1936.0 1936.0 
1949.0 1949.0 1949.0 
1962.0 1949.0 1962.0 
1966.0 1966.0 1962.0 
1973.0 1966.0 1973.0 
1979.0 1979.0 1973.0 
1985.0 1979.0 1985.0 
1992.0 1992.0 1985.0 
1998.0 1992.0 1998.0 
2003.0 2003.0 1998.0 
2009.0 2003.0 2009.0 
2009.0 2022.0 2022.0 
2028.0 2028.0 2028.0 
2046.0 2046.0 2039.0 
2059.0 2059.0 2053.0 
2071.0 2071.0 2053.0 
2083.0 2083.0 2081.0 
2099.0 2099.0 2099.0 
2116.0 2116.0 2099.0 
2129.0 2116.0 2129.0 
2142.0 2142.0 2129.0 
2153.0 2153.0 2147.0 
2166.0 2166.0 2147.0 
2177.0 2177.0 2147.0 
2188.0 2193.0 2193.0 
2208.0 2193.0 2208.0 
2211.0 2211.0 2208.0 
2222.0 2222.0 2208.0 
2227.0 2222.0 2227.0 
2241.0 2241.0 2227.0 
2252.0 2252.0 2247.0 
2263.0 2263.0 2247.0 
2274.0 2274.0 2265.0 
2297.0 2297.0 2265.0 
2307.0 2307.0 2265.0 
2330.0 2330.0 2265.0 
2330.0 2330.0 2330.0 
2341.0 2341.0 2330.0 
2341.0 2348.0 2348.0 
2353.0 2353.0 2348.0 
2353.0 2361.0 2361.0 
2366.0 2366.0 2361.0 
2377.0 2377.0 2374.0 
2377.0 2391.0 2391.0 
2393.0 2404.0 2404.0 
2393.0 2414.0 2414.0 
2421.0 2425.0 2425.0 
2421.0 2436.0 2436.0 
2439.0 2466.0 2466.0 
2466.0 2477.0 2466.0 
2478.0 2477.0 2478.0 
2490.0 2498.0 2498.0 
2548.0 2548.0 2548.0 
2563.0 2548.0 2563.0 
2599.0 2605.0 2605.0 
2632.0 2642.0 2632.0 
2665.0 2697.0 2658.0 
;
EXECUTION TIME KUMAR3: 112.306616068 seconds

-------------------------------------------------------------------
MAP: bwopen0_
DATE: 2017-10-25_12-31-58
