DATFILE : bwopen0_2r_100.dat
ENVIRONMENT : bwopen
ALGORITHM : GREEDY
RANGE : 100.
STARTING_POS : 0
N_ROBOTS : 2
GREEDY sumD : 492.0
SECONDARY T : 288.0
CONFIGURATIONS : 
0 0 
4 26 
4 22 
5 22 
5 26 
8 22 
17 25 
23 16 
3 21 
0 0 
;
ROBOT MOVING :
0 0 
1 1 
1 1 
1 1 
1 1 
1 1 
1 1 
1 1 
1 1 
1 1 
;
TIMETABLE : 
0.0 0.0 
14.0 17.0 
14.0 28.0 
28.0 28.0 
28.0 39.0 
52.0 50.0 
76.0 82.0 
134.0 147.0 
186.0 186.0 
244.0 248.0 
;
EXECUTION TIME: 0.00741004943848 seconds 

-------------------------------------------------------------------
DATFILE : bwopen0_3r_100.dat
ENVIRONMENT : bwopen
ALGORITHM : GREEDY
RANGE : 100.
STARTING_POS : 0
N_ROBOTS : 3
GREEDY sumD : 634.0
SECONDARY T : 280.0
CONFIGURATIONS : 
0 0 0 
4 26 0 
4 26 22 
5 26 22 
5 5 22 
5 8 22 
25 8 17 
16 8 23 
16 21 3 
0 0 0 
;
ROBOT MOVING :
0 0 0 
1 1 0 
1 0 1 
1 1 0 
0 1 1 
0 1 1 
1 0 1 
1 0 1 
0 1 1 
1 1 1 
;
TIMETABLE : 
0.0 0.0 0.0 
14.0 17.0 0.0 
14.0 17.0 24.0 
28.0 17.0 24.0 
28.0 26.0 24.0 
28.0 50.0 24.0 
64.0 50.0 54.0 
129.0 50.0 112.0 
129.0 120.0 164.0 
230.0 182.0 222.0 
;
EXECUTION TIME: 0.00761890411377 seconds 

-------------------------------------------------------------------
DATFILE : bwopen0_4r_100.dat
ENVIRONMENT : bwopen
ALGORITHM : GREEDY
RANGE : 100.
STARTING_POS : 0
N_ROBOTS : 4
GREEDY sumD : 690.0
SECONDARY T : 234.0
CONFIGURATIONS : 
0 0 0 0 
4 26 0 0 
4 26 22 0 
4 26 22 5 
4 26 22 5 
8 26 22 5 
17 26 25 5 
17 3 25 21 
23 16 25 21 
0 0 0 0 
;
ROBOT MOVING :
0 0 0 0 
1 1 0 0 
1 0 1 0 
0 1 0 1 
0 0 1 1 
1 0 1 0 
1 0 1 0 
0 1 0 1 
1 1 0 0 
1 1 1 1 
;
TIMETABLE : 
0.0 0.0 0.0 0.0 
14.0 17.0 0.0 0.0 
14.0 17.0 24.0 0.0 
14.0 17.0 24.0 24.0 
14.0 17.0 24.0 24.0 
28.0 17.0 24.0 24.0 
52.0 17.0 56.0 24.0 
52.0 76.0 56.0 84.0 
110.0 119.0 56.0 84.0 
216.0 220.0 108.0 146.0 
;
EXECUTION TIME: 0.00873899459839 seconds 

-------------------------------------------------------------------
DATFILE : bwopen0_5r_100.dat
ENVIRONMENT : bwopen
ALGORITHM : GREEDY
RANGE : 100.
STARTING_POS : 0
N_ROBOTS : 5
GREEDY sumD : 800.0
SECONDARY T : 224.0
CONFIGURATIONS : 
0 0 0 0 0 
4 26 0 0 0 
4 26 22 0 0 
4 26 22 5 0 
4 26 22 5 0 
4 26 22 5 8 
17 26 22 5 25 
17 3 22 21 25 
17 3 16 21 23 
0 0 0 0 0 
;
ROBOT MOVING :
0 0 0 0 0 
1 1 0 0 0 
1 0 1 0 0 
0 1 0 1 0 
0 0 1 1 0 
0 0 1 0 1 
1 0 0 0 1 
0 1 0 1 0 
0 0 1 0 1 
1 1 1 1 1 
;
TIMETABLE : 
0.0 0.0 0.0 0.0 0.0 
14.0 17.0 0.0 0.0 0.0 
14.0 17.0 24.0 0.0 0.0 
14.0 17.0 24.0 24.0 0.0 
14.0 17.0 24.0 24.0 0.0 
14.0 17.0 24.0 24.0 26.0 
52.0 17.0 24.0 24.0 52.0 
52.0 76.0 24.0 84.0 52.0 
52.0 76.0 103.0 84.0 108.0 
102.0 134.0 204.0 146.0 214.0 
;
EXECUTION TIME: 0.00974416732788 seconds 

-------------------------------------------------------------------
DATFILE : bwopen0_6r_100.dat
ENVIRONMENT : bwopen
ALGORITHM : GREEDY
RANGE : 100.
STARTING_POS : 0
N_ROBOTS : 6
GREEDY sumD : 830.0
SECONDARY T : 216.0
CONFIGURATIONS : 
0 0 0 0 0 0 
4 26 0 0 0 0 
4 26 22 0 0 0 
4 26 22 5 0 0 
4 26 22 5 0 0 
4 26 22 5 8 0 
4 26 22 5 17 25 
4 3 22 21 17 25 
4 3 16 21 23 25 
0 0 0 0 0 0 
;
ROBOT MOVING :
0 0 0 0 0 0 
1 1 0 0 0 0 
1 0 1 0 0 0 
0 1 0 1 0 0 
0 0 1 1 0 0 
0 0 1 0 1 0 
0 0 0 0 1 1 
0 1 0 1 0 0 
0 0 1 0 1 0 
1 1 1 1 1 1 
;
TIMETABLE : 
0.0 0.0 0.0 0.0 0.0 0.0 
14.0 17.0 0.0 0.0 0.0 0.0 
14.0 17.0 24.0 0.0 0.0 0.0 
14.0 17.0 24.0 24.0 0.0 0.0 
14.0 17.0 24.0 24.0 0.0 0.0 
14.0 17.0 24.0 24.0 26.0 0.0 
14.0 17.0 24.0 24.0 50.0 52.0 
14.0 76.0 24.0 84.0 50.0 52.0 
14.0 76.0 103.0 84.0 108.0 52.0 
28.0 134.0 204.0 146.0 214.0 104.0 
;
EXECUTION TIME: 0.0105259418488 seconds 

-------------------------------------------------------------------
DATFILE : bwopen0_7r_100.dat
ENVIRONMENT : bwopen
ALGORITHM : GREEDY
RANGE : 100.
STARTING_POS : 0
N_ROBOTS : 7
GREEDY sumD : 828.0
SECONDARY T : 228.0
CONFIGURATIONS : 
0 0 0 0 0 0 0 
4 26 0 0 0 0 0 
4 26 22 0 0 0 0 
4 26 22 5 0 0 0 
4 26 22 5 0 0 0 
4 26 22 5 8 0 0 
4 26 22 5 17 25 0 
4 3 22 5 17 25 21 
4 3 22 23 17 25 16 
0 0 0 0 0 0 0 
;
ROBOT MOVING :
0 0 0 0 0 0 0 
1 1 0 0 0 0 0 
1 0 1 0 0 0 0 
0 1 0 1 0 0 0 
0 0 1 1 0 0 0 
0 0 1 0 1 0 0 
0 0 0 0 1 1 0 
0 1 0 0 0 0 1 
0 0 0 1 0 0 1 
1 1 1 1 1 1 1 
;
TIMETABLE : 
0.0 0.0 0.0 0.0 0.0 0.0 0.0 
14.0 17.0 0.0 0.0 0.0 0.0 0.0 
14.0 17.0 24.0 0.0 0.0 0.0 0.0 
14.0 17.0 24.0 24.0 0.0 0.0 0.0 
14.0 17.0 24.0 24.0 0.0 0.0 0.0 
14.0 17.0 24.0 24.0 26.0 0.0 0.0 
14.0 17.0 24.0 24.0 50.0 52.0 0.0 
14.0 76.0 24.0 24.0 50.0 52.0 62.0 
14.0 76.0 24.0 106.0 50.0 52.0 101.0 
28.0 134.0 48.0 212.0 100.0 104.0 202.0 
;
EXECUTION TIME: 0.0126008987427 seconds 

-------------------------------------------------------------------
DATFILE : bwopen0_8r_100.dat
ENVIRONMENT : bwopen
ALGORITHM : GREEDY
RANGE : 100.
STARTING_POS : 0
N_ROBOTS : 8
GREEDY sumD : 852.0
SECONDARY T : 212.0
CONFIGURATIONS : 
0 0 0 0 0 0 0 0 
4 26 0 0 0 0 0 0 
4 26 22 0 0 0 0 0 
4 26 22 5 0 0 0 0 
4 26 22 5 0 0 0 0 
4 26 22 5 8 0 0 0 
4 26 22 5 17 25 0 0 
4 26 22 5 17 25 3 21 
4 26 22 23 17 25 16 21 
0 0 0 0 0 0 0 0 
;
ROBOT MOVING :
0 0 0 0 0 0 0 0 
1 1 0 0 0 0 0 0 
1 0 1 0 0 0 0 0 
0 1 0 1 0 0 0 0 
0 0 1 1 0 0 0 0 
0 0 1 0 1 0 0 0 
0 0 0 0 1 1 0 0 
0 0 0 0 0 0 1 1 
0 0 0 1 0 0 1 0 
1 1 1 1 1 1 1 1 
;
TIMETABLE : 
0.0 0.0 0.0 0.0 0.0 0.0 0.0 0.0 
14.0 17.0 0.0 0.0 0.0 0.0 0.0 0.0 
14.0 17.0 24.0 0.0 0.0 0.0 0.0 0.0 
14.0 17.0 24.0 24.0 0.0 0.0 0.0 0.0 
14.0 17.0 24.0 24.0 0.0 0.0 0.0 0.0 
14.0 17.0 24.0 24.0 26.0 0.0 0.0 0.0 
14.0 17.0 24.0 24.0 50.0 52.0 0.0 0.0 
14.0 17.0 24.0 24.0 50.0 52.0 58.0 62.0 
14.0 17.0 24.0 106.0 50.0 52.0 101.0 62.0 
28.0 34.0 48.0 212.0 100.0 104.0 202.0 124.0 
;
EXECUTION TIME: 0.0142650604248 seconds 

-------------------------------------------------------------------
DATFILE : bwopen0_9r_100.dat
ENVIRONMENT : bwopen
ALGORITHM : GREEDY
RANGE : 100.
STARTING_POS : 0
N_ROBOTS : 9
GREEDY sumD : 852.0
SECONDARY T : 212.0
CONFIGURATIONS : 
0 0 0 0 0 0 0 0 0 
4 26 0 0 0 0 0 0 0 
4 26 22 0 0 0 0 0 0 
4 26 22 5 0 0 0 0 0 
4 26 22 5 0 0 0 0 0 
4 26 22 5 8 0 0 0 0 
4 26 22 5 17 25 0 0 0 
4 26 22 5 17 25 3 21 0 
4 26 22 23 17 25 16 21 0 
0 0 0 0 0 0 0 0 0 
;
ROBOT MOVING :
0 0 0 0 0 0 0 0 0 
1 1 0 0 0 0 0 0 0 
1 0 1 0 0 0 0 0 0 
0 1 0 1 0 0 0 0 0 
0 0 1 1 0 0 0 0 0 
0 0 1 0 1 0 0 0 0 
0 0 0 0 1 1 0 0 0 
0 0 0 0 0 0 1 1 0 
0 0 0 1 0 0 1 0 0 
1 1 1 1 1 1 1 1 0 
;
TIMETABLE : 
0.0 0.0 0.0 0.0 0.0 0.0 0.0 0.0 0.0 
14.0 17.0 0.0 0.0 0.0 0.0 0.0 0.0 0.0 
14.0 17.0 24.0 0.0 0.0 0.0 0.0 0.0 0.0 
14.0 17.0 24.0 24.0 0.0 0.0 0.0 0.0 0.0 
14.0 17.0 24.0 24.0 0.0 0.0 0.0 0.0 0.0 
14.0 17.0 24.0 24.0 26.0 0.0 0.0 0.0 0.0 
14.0 17.0 24.0 24.0 50.0 52.0 0.0 0.0 0.0 
14.0 17.0 24.0 24.0 50.0 52.0 58.0 62.0 0.0 
14.0 17.0 24.0 106.0 50.0 52.0 101.0 62.0 0.0 
28.0 34.0 48.0 212.0 100.0 104.0 202.0 124.0 0.0 
;
EXECUTION TIME: 0.0169551372528 seconds 

-------------------------------------------------------------------
DATFILE : bwopen0_10r_100.dat
ENVIRONMENT : bwopen
ALGORITHM : GREEDY
RANGE : _100
STARTING_POS : 0
N_ROBOTS : 10
GREEDY sumD : 852.0
SECONDARY T : 212.0
CONFIGURATIONS : 
0 0 0 0 0 0 0 0 0 0 
4 26 0 0 0 0 0 0 0 0 
4 26 22 0 0 0 0 0 0 0 
4 26 22 5 0 0 0 0 0 0 
4 26 22 5 0 0 0 0 0 0 
4 26 22 5 8 0 0 0 0 0 
4 26 22 5 17 25 0 0 0 0 
4 26 22 5 17 25 3 21 0 0 
4 26 22 23 17 25 16 21 0 0 
0 0 0 0 0 0 0 0 0 0 
;
ROBOT MOVING :
0 0 0 0 0 0 0 0 0 0 
1 1 0 0 0 0 0 0 0 0 
1 0 1 0 0 0 0 0 0 0 
0 1 0 1 0 0 0 0 0 0 
0 0 1 1 0 0 0 0 0 0 
0 0 1 0 1 0 0 0 0 0 
0 0 0 0 1 1 0 0 0 0 
0 0 0 0 0 0 1 1 0 0 
0 0 0 1 0 0 1 0 0 0 
1 1 1 1 1 1 1 1 0 0 
;
TIMETABLE : 
0.0 0.0 0.0 0.0 0.0 0.0 0.0 0.0 0.0 0.0 
14.0 17.0 0.0 0.0 0.0 0.0 0.0 0.0 0.0 0.0 
14.0 17.0 24.0 0.0 0.0 0.0 0.0 0.0 0.0 0.0 
14.0 17.0 24.0 24.0 0.0 0.0 0.0 0.0 0.0 0.0 
14.0 17.0 24.0 24.0 0.0 0.0 0.0 0.0 0.0 0.0 
14.0 17.0 24.0 24.0 26.0 0.0 0.0 0.0 0.0 0.0 
14.0 17.0 24.0 24.0 50.0 52.0 0.0 0.0 0.0 0.0 
14.0 17.0 24.0 24.0 50.0 52.0 58.0 62.0 0.0 0.0 
14.0 17.0 24.0 106.0 50.0 52.0 101.0 62.0 0.0 0.0 
28.0 34.0 48.0 212.0 100.0 104.0 202.0 124.0 0.0 0.0 
;
EXECUTION TIME: 0.0200040340424 seconds 

-------------------------------------------------------------------
MAP: bwopen0_
DATE: 2017-10-25_11-49-53
