DATFILE : bwopen0_2r_100.dat
ENVIRONMENT : bwopen
ALGORITHM : HBSS - TAU 1
RANGE : 100.
STARTING_POS : 0
N_ROBOTS : 2
GREEDY SOLUTION : 279.0
COMPUTATIONS T :
397.0
434.0
337.0
339.0
391.0
443.0
372.0
335.0
330.0
349.0
389.0
431.0
359.0
414.0
453.0
296.0
295.0
327.0
431.0
334.0
360.0
429.0
431.0
307.0
444.0
355.0
402.0
448.0
419.0
341.0
298.0
349.0
337.0
301.0
370.0
333.0
289.0
451.0
286.0
432.0
363.0
391.0
442.0
356.0
444.0
339.0
432.0
351.0
351.0
345.0
431.0
332.0
453.0
362.0
418.0
425.0
337.0
399.0
344.0
436.0
296.0
356.0
341.0
362.0
360.0
328.0
461.0
325.0
274.0
343.0
298.0
328.0
369.0
341.0
373.0
338.0
407.0
389.0
269.0
452.0
389.0
335.0
315.0
409.0
304.0
334.0
419.0
323.0
347.0
367.0
352.0
324.0
293.0
397.0
306.0
339.0
348.0
354.0
353.0
355.0
337.0
431.0
288.0
342.0
344.0
324.0
342.0
440.0
354.0
336.0
346.0
392.0
342.0
336.0
418.0
349.0
342.0
403.0
351.0
366.0
442.0
330.0
355.0
350.0
298.0
422.0
380.0
286.0
354.0
346.0
404.0
344.0
352.0
304.0
433.0
318.0
435.0
275.0
441.0
338.0
286.0
391.0
437.0
397.0
306.0
338.0
373.0
396.0
413.0
345.0
427.0
298.0
352.0
287.0
339.0
354.0
432.0
349.0
368.0
392.0
302.0
442.0
354.0
389.0
347.0
440.0
354.0
362.0
429.0
438.0
381.0
349.0
370.0
376.0
469.0
416.0
364.0
352.0
455.0
308.0
360.0
285.0
339.0
317.0
410.0
352.0
329.0
419.0
349.0
408.0
441.0
459.0
339.0
343.0
280.0
352.0
305.0
353.0
351.0
333.0
;
HBBS bestT : 269.0
BEST_CONFIGURATIONS : 
0 0 
4 26 
22 5 
26 5 
4 22 
22 8 
17 25 
23 16 
21 3 
0 0 
;
ROBOT MOVING BEST:
0 0 
1 1 
1 1 
1 1 
1 1 
1 1 
1 1 
1 1 
1 1 
1 1 
;
TIMETABLE BEST: 
0.0 0.0 
17 17 
29 29 
40 40 
52 52 
64 64 
94 94 
159 159 
207 207 
269.0 265.0 
;
EXECUTION TIME HBSS: 0.301211833954 seconds 

-------------------------------------------------------------------
