DATFILE : bwopen0_4r_100.dat
ENVIRONMENT : bwopen
ALGORITHM : HBSS - TAU 1
RANGE : 100.
STARTING_POS : 0
N_ROBOTS : 4
GREEDY SOLUTION : 235.0
COMPUTATIONS T :
235.0
400.0
262.0
237.0
326.0
318.0
257.0
403.0
408.0
237.0
255.0
238.0
245.0
233.0
313.0
240.0
306.0
248.0
294.0
344.0
341.0
236.0
252.0
325.0
265.0
265.0
276.0
331.0
261.0
271.0
265.0
291.0
269.0
306.0
262.0
264.0
227.0
254.0
306.0
221.0
282.0
259.0
257.0
308.0
274.0
252.0
228.0
270.0
342.0
279.0
371.0
245.0
253.0
256.0
386.0
322.0
247.0
353.0
330.0
243.0
319.0
296.0
274.0
249.0
257.0
233.0
253.0
242.0
261.0
329.0
312.0
300.0
352.0
243.0
311.0
343.0
256.0
261.0
282.0
343.0
271.0
252.0
289.0
247.0
277.0
262.0
241.0
324.0
233.0
356.0
224.0
304.0
352.0
295.0
238.0
355.0
251.0
261.0
263.0
318.0
242.0
241.0
365.0
325.0
262.0
256.0
291.0
255.0
251.0
352.0
321.0
255.0
366.0
234.0
239.0
244.0
230.0
303.0
294.0
260.0
406.0
319.0
248.0
267.0
261.0
298.0
360.0
316.0
317.0
258.0
262.0
242.0
285.0
236.0
233.0
230.0
293.0
224.0
258.0
251.0
273.0
252.0
241.0
231.0
287.0
275.0
268.0
297.0
252.0
223.0
245.0
307.0
330.0
274.0
277.0
249.0
237.0
350.0
241.0
265.0
266.0
314.0
306.0
360.0
302.0
306.0
248.0
235.0
339.0
292.0
243.0
247.0
317.0
237.0
325.0
233.0
256.0
264.0
240.0
322.0
248.0
227.0
341.0
299.0
249.0
308.0
299.0
255.0
270.0
295.0
357.0
338.0
234.0
292.0
237.0
318.0
291.0
316.0
256.0
282.0
;
HBBS bestT : 221.0
BEST_CONFIGURATIONS : 
0 0 0 0 
0 0 5 22 
4 26 5 22 
4 26 5 22 
16 26 5 23 
16 26 5 23 
16 8 22 23 
16 25 17 23 
3 21 17 23 
0 0 0 0 
;
ROBOT MOVING BEST:
0 0 0 0 
0 0 1 1 
1 1 0 0 
1 0 0 1 
1 0 0 1 
0 1 1 0 
0 1 1 0 
0 1 1 0 
1 1 0 0 
1 1 1 1 
;
TIMETABLE BEST: 
0.0 0.0 0.0 0.0 
0 0 24 24 
17 17 24 24 
24 17 24 24 
115 17 24 115 
115 24 24 115 
115 47 47 115 
115 77 77 115 
158 158 77 115 
216.0 220.0 127.0 221.0 
;
EXECUTION TIME HBSS: 0.770720005035 seconds 

-------------------------------------------------------------------
MAP: bwopen0_
DATE: 2017-10-26_12-35-34
