DATFILE : bwopen0_8r_100.dat
ENVIRONMENT : bwopen
ALGORITHM : HBSS - TAU 3
RANGE : 100
STARTING_POS : 0
N_ROBOTS : 8
GREEDY SOLUTION : 214.0
COMPUTATIONS T :
212.0
221.0
212.0
221.0
212.0
214.0
216.0
214.0
214.0
214.0
214.0
214.0
214.0
214.0
212.0
214.0
214.0
214.0
216.0
212.0
216.0
216.0
214.0
212.0
214.0
218.0
221.0
216.0
216.0
212.0
216.0
214.0
216.0
214.0
216.0
214.0
214.0
214.0
212.0
214.0
216.0
216.0
212.0
214.0
216.0
218.0
214.0
216.0
212.0
216.0
216.0
216.0
216.0
216.0
212.0
214.0
216.0
214.0
214.0
214.0
214.0
214.0
218.0
214.0
214.0
216.0
214.0
216.0
214.0
214.0
216.0
216.0
216.0
214.0
216.0
214.0
216.0
212.0
214.0
214.0
216.0
214.0
214.0
214.0
216.0
214.0
214.0
218.0
216.0
216.0
214.0
216.0
214.0
214.0
214.0
212.0
216.0
212.0
216.0
218.0
216.0
212.0
212.0
214.0
214.0
216.0
216.0
216.0
212.0
214.0
214.0
214.0
216.0
212.0
212.0
214.0
218.0
216.0
216.0
214.0
216.0
214.0
214.0
214.0
216.0
216.0
218.0
216.0
216.0
212.0
214.0
218.0
214.0
221.0
214.0
216.0
212.0
216.0
214.0
214.0
214.0
214.0
214.0
216.0
212.0
214.0
214.0
214.0
214.0
216.0
216.0
216.0
212.0
214.0
214.0
214.0
212.0
214.0
214.0
218.0
214.0
212.0
218.0
212.0
214.0
214.0
216.0
212.0
216.0
212.0
218.0
214.0
216.0
212.0
214.0
216.0
214.0
214.0
214.0
214.0
214.0
216.0
214.0
212.0
212.0
212.0
212.0
214.0
218.0
214.0
212.0
214.0
214.0
218.0
218.0
214.0
214.0
214.0
212.0
214.0
;
HBBS bestT : 212.0
BEST_CONFIGURATIONS : 
0 0 0 0 0 0 0 0 
4 26 0 0 0 0 0 0 
4 26 4 22 0 0 0 0 
4 26 4 22 5 22 0 0 
4 26 4 22 5 22 0 0 
8 26 4 22 5 22 0 22 
25 26 4 17 5 22 0 22 
25 3 4 17 5 22 21 22 
25 3 4 17 23 16 21 22 
0 0 0 0 0 0 0 0 
;
ROBOT MOVING BEST:
0 0 0 0 0 0 0 0 
1 1 0 0 0 0 0 0 
0 0 1 1 0 0 0 0 
0 0 0 0 1 1 0 0 
0 1 0 0 1 0 0 0 
1 0 0 0 0 0 0 1 
1 0 0 1 0 0 0 0 
0 1 0 0 0 0 1 0 
0 0 0 0 1 1 0 0 
1 1 1 1 1 1 1 1 
;
TIMETABLE BEST: 
0.0 0.0 0.0 0.0 0.0 0.0 0.0 0.0 
17.0 17.0 0.0 0.0 0.0 0.0 0.0 0.0 
17.0 17.0 24.0 24.0 0.0 0.0 0.0 0.0 
17.0 17.0 24.0 24.0 24.0 24.0 0.0 0.0 
17.0 24.0 24.0 24.0 24.0 24.0 0.0 0.0 
31.0 24.0 24.0 24.0 24.0 24.0 0.0 31.0 
57.0 24.0 24.0 57.0 24.0 24.0 0.0 31.0 
57.0 83.0 24.0 57.0 24.0 24.0 83.0 31.0 
57.0 83.0 24.0 57.0 106.0 106.0 83.0 31.0 
109.0 141.0 38.0 107.0 212.0 207.0 145.0 55.0 
;
EXECUTION TIME HBSS: 2.99870800972 seconds 

-------------------------------------------------------------------
