DATFILE : bwopen0_3r_100.dat
ENVIRONMENT : bwopen
ALGORITHM : HBSS - TAU 3
RANGE : 100
STARTING_POS : 0
N_ROBOTS : 3
GREEDY SOLUTION : 235.0
COMPUTATIONS T :
235.0
243.0
235.0
237.0
312.0
253.0
240.0
235.0
240.0
251.0
237.0
237.0
332.0
312.0
249.0
265.0
245.0
235.0
235.0
235.0
235.0
237.0
265.0
240.0
235.0
237.0
235.0
240.0
248.0
244.0
244.0
238.0
235.0
242.0
235.0
241.0
237.0
292.0
244.0
249.0
253.0
241.0
317.0
235.0
247.0
247.0
240.0
235.0
243.0
244.0
235.0
235.0
235.0
241.0
249.0
237.0
238.0
239.0
239.0
237.0
320.0
262.0
238.0
302.0
239.0
235.0
235.0
250.0
274.0
239.0
235.0
318.0
235.0
235.0
237.0
239.0
235.0
241.0
252.0
251.0
235.0
237.0
245.0
235.0
235.0
239.0
252.0
235.0
240.0
240.0
241.0
243.0
235.0
235.0
252.0
235.0
248.0
248.0
239.0
242.0
240.0
240.0
251.0
235.0
249.0
235.0
235.0
253.0
248.0
248.0
235.0
235.0
246.0
235.0
235.0
237.0
237.0
254.0
235.0
235.0
239.0
235.0
235.0
240.0
235.0
237.0
237.0
254.0
235.0
259.0
239.0
235.0
239.0
235.0
235.0
242.0
235.0
237.0
235.0
235.0
293.0
252.0
241.0
235.0
324.0
311.0
250.0
235.0
235.0
310.0
237.0
276.0
241.0
240.0
235.0
257.0
247.0
249.0
317.0
244.0
283.0
235.0
237.0
241.0
244.0
237.0
244.0
237.0
235.0
256.0
248.0
252.0
240.0
235.0
243.0
237.0
240.0
251.0
235.0
237.0
235.0
239.0
249.0
235.0
235.0
235.0
238.0
258.0
235.0
253.0
240.0
235.0
317.0
264.0
249.0
235.0
242.0
247.0
240.0
304.0
;
HBBS bestT : 235.0
BEST_CONFIGURATIONS : 
0 0 0 
4 26 0 
4 5 22 
4 5 22 
4 5 26 
8 5 22 
17 25 22 
17 23 16 
21 23 3 
0 0 0 
;
ROBOT MOVING BEST:
0 0 0 
1 1 0 
0 1 1 
1 0 1 
0 1 1 
1 0 1 
1 1 0 
0 1 1 
1 0 1 
1 1 1 
;
TIMETABLE BEST: 
0.0 0.0 0.0 
17.0 17.0 0.0 
17.0 26.0 26.0 
26.0 26.0 26.0 
26.0 37.0 37.0 
48.0 37.0 48.0 
73.0 73.0 48.0 
73.0 129.0 129.0 
172.0 129.0 172.0 
234.0 235.0 230.0 
;
EXECUTION TIME HBSS: 0.489800930023 seconds 

-------------------------------------------------------------------
