DATFILE : bwopen0_5r_100.dat
ENVIRONMENT : bwopen
ALGORITHM : HBSS - TAU 4
RANGE : 100.
STARTING_POS : 0
N_ROBOTS : 5
GREEDY SOLUTION : 224.0
COMPUTATIONS T :
224.0
224.0
224.0
224.0
224.0
224.0
224.0
224.0
233.0
224.0
224.0
222.0
224.0
224.0
224.0
224.0
224.0
224.0
224.0
222.0
224.0
224.0
224.0
226.0
224.0
224.0
226.0
224.0
224.0
226.0
231.0
224.0
224.0
233.0
224.0
224.0
224.0
224.0
233.0
226.0
222.0
224.0
222.0
224.0
224.0
224.0
224.0
224.0
226.0
224.0
222.0
224.0
224.0
224.0
224.0
224.0
224.0
224.0
224.0
224.0
224.0
224.0
228.0
224.0
224.0
224.0
224.0
224.0
224.0
224.0
222.0
224.0
224.0
224.0
224.0
231.0
226.0
224.0
224.0
224.0
224.0
224.0
224.0
224.0
224.0
224.0
226.0
224.0
224.0
224.0
227.0
226.0
224.0
224.0
224.0
224.0
224.0
224.0
224.0
224.0
226.0
224.0
224.0
226.0
224.0
224.0
222.0
224.0
224.0
224.0
224.0
224.0
224.0
224.0
224.0
224.0
221.0
224.0
224.0
237.0
224.0
224.0
226.0
224.0
224.0
224.0
224.0
224.0
224.0
224.0
224.0
224.0
224.0
224.0
224.0
224.0
224.0
224.0
224.0
224.0
231.0
226.0
233.0
224.0
224.0
224.0
224.0
224.0
224.0
224.0
226.0
224.0
226.0
224.0
224.0
224.0
224.0
224.0
224.0
224.0
226.0
224.0
224.0
224.0
224.0
228.0
226.0
224.0
224.0
224.0
224.0
224.0
224.0
224.0
224.0
224.0
226.0
224.0
233.0
222.0
224.0
224.0
224.0
224.0
224.0
226.0
224.0
224.0
224.0
233.0
226.0
226.0
233.0
233.0
224.0
224.0
224.0
222.0
222.0
224.0
;
HBBS bestT : 221.0
BEST_CONFIGURATIONS : 
0 0 0 0 0 
4 26 0 0 0 
4 26 4 22 0 
4 5 4 22 0 
4 5 4 22 26 
8 5 22 22 26 
25 5 22 17 26 
25 23 16 17 26 
21 23 16 17 3 
0 0 0 0 0 
;
ROBOT MOVING BEST:
0 0 0 0 0 
1 1 0 0 0 
0 0 1 1 0 
0 1 0 1 0 
0 1 0 0 1 
1 0 1 0 0 
1 0 0 1 0 
0 1 1 0 0 
1 0 0 0 1 
1 1 1 1 1 
;
TIMETABLE BEST: 
0.0 0.0 0.0 0.0 0.0 
17 17 0 0 0 
17 17 24 24 0 
17 26 24 26 0 
17 26 24 26 26 
36 26 36 26 26 
62 26 36 62 26 
62 115 115 62 26 
134 115 115 62 134 
196.0 221.0 216.0 112.0 192.0 
;
EXECUTION TIME HBSS: 1.21622204781 seconds 

-------------------------------------------------------------------
