DATFILE : bwopen0_4r_100.dat
ENVIRONMENT : bwopen
ALGORITHM : HBSS - TAU 6
RANGE : 100.
STARTING_POS : 0
N_ROBOTS : 4
GREEDY SOLUTION : [ 690.]
COMPUTATIONS D :
690
690
690
690
690
690
690
690
690
690
690
690
690
730
690
690
690
690
690
690
690
690
690
690
690
690
690
690
690
690
690
690
690
690
690
742
690
690
690
732
690
690
690
690
690
690
690
690
690
690
690
690
690
690
754
690
690
690
690
690
690
690
760
690
690
690
690
708
690
690
690
690
690
690
690
690
690
690
690
690
690
690
690
690
730
690
690
690
690
690
690
690
690
760
690
690
690
690
690
690
690
690
690
690
690
690
690
690
690
690
690
690
690
690
690
690
690
690
690
690
690
690
718
718
690
690
690
690
690
730
690
690
690
690
730
690
690
690
690
690
690
690
690
690
690
690
690
690
690
718
690
690
690
690
690
742
690
690
690
690
690
690
690
690
690
690
690
690
690
690
690
690
690
690
690
690
690
690
718
690
690
760
730
690
690
690
742
690
690
690
690
690
690
690
690
690
690
690
690
690
;
HBBS sumD : 690
BEST_CONFIGURATIONS : 
0 0 0 0 
4 26 0 0 
4 26 0 22 
4 26 5 22 
4 26 5 22 
8 26 5 22 
17 26 5 25 
17 3 21 25 
23 16 21 25 
0 0 0 0 
;
ROBOT MOVING BEST:
0 0 0 0 
1 1 0 0 
1 0 0 1 
0 1 1 0 
0 0 1 1 
1 0 0 1 
1 0 0 1 
0 1 1 0 
1 1 0 0 
1 1 1 1 
;
TIMETABLE BEST: 
0.0 0.0 0.0 0.0 
14.0 17.0 0.0 0.0 
14.0 17.0 0.0 24.0 
14.0 17.0 24.0 24.0 
14.0 17.0 24.0 24.0 
28.0 17.0 24.0 24.0 
52.0 17.0 24.0 56.0 
52.0 76.0 84.0 56.0 
110.0 119.0 84.0 56.0 
216.0 220.0 146.0 108.0 
;
EXECUTION TIME HBSS: 0.848734855652 seconds 

-------------------------------------------------------------------
MAP: bwopen0_
DATE: 2017-10-26_12-37-29
