DATFILE : bwopen0_8r_100.dat
ENVIRONMENT : bwopen
ALGORITHM : HBSS - TAU 3
RANGE : 100
STARTING_POS : 0
N_ROBOTS : 8
GREEDY SOLUTION : [ 852.]
COMPUTATIONS D :
876
952
876
952
876
924
952
852
852
952
852
952
876
852
952
852
852
852
852
852
970
880
876
852
852
852
876
852
970
876
852
876
874
852
876
952
852
952
924
876
852
876
852
852
852
844
852
862
852
952
952
852
852
876
952
880
852
876
952
876
852
852
952
844
952
852
852
852
952
952
852
852
880
852
852
852
994
852
852
974
870
852
854
852
828
876
952
952
952
876
852
852
852
828
844
852
852
874
952
952
844
952
936
852
862
860
944
828
952
852
828
976
828
852
876
952
928
954
874
828
852
876
880
974
852
852
844
928
798
852
876
852
852
852
876
852
852
952
852
952
952
852
952
952
828
852
868
862
852
852
852
852
860
952
936
952
876
852
944
876
852
954
958
890
874
976
976
852
852
852
852
852
852
852
952
974
852
852
852
874
856
852
890
862
852
852
876
876
844
852
852
894
952
852
952
952
852
952
844
844
;
HBBS sumD : 798
BEST_CONFIGURATIONS : 
0 0 0 0 0 0 0 0 
4 26 0 0 0 0 0 0 
4 26 22 0 0 0 0 0 
4 26 22 5 0 0 0 0 
4 26 22 5 0 0 0 0 
4 26 22 5 0 8 0 0 
4 26 22 5 17 25 0 0 
4 26 22 5 17 25 3 21 
4 26 22 5 17 23 16 21 
0 0 0 0 0 0 0 0 
;
ROBOT MOVING BEST:
0 0 0 0 0 0 0 0 
1 1 0 0 0 0 0 0 
1 0 1 0 0 0 0 0 
0 1 0 1 0 0 0 0 
0 0 1 1 0 0 0 0 
0 0 1 0 0 1 0 0 
0 0 0 0 1 1 0 0 
0 0 0 0 0 0 1 1 
0 0 0 0 0 1 1 0 
1 1 1 1 1 1 1 1 
;
TIMETABLE BEST: 
0.0 0.0 0.0 0.0 0.0 0.0 0.0 0.0 
14 17 0 0 0 0 0 0 
14 17 24 0 0 0 0 0 
14 17 24 24 0 0 0 0 
14 17 24 24 0 0 0 0 
14 17 24 24 0 26 0 0 
14 17 24 24 50 52 0 0 
14 17 24 24 50 52 58 62 
14 17 24 24 50 108 101 62 
28.0 34.0 48.0 48.0 100.0 214.0 202.0 124.0 
;
EXECUTION TIME HBSS: 2.82918095589 seconds 

-------------------------------------------------------------------
