DATFILE : bwopen0_6r_100.dat
ENVIRONMENT : bwopen
ALGORITHM : HBSS - TAU 6
RANGE : 100.
STARTING_POS : 0
N_ROBOTS : 6
GREEDY SOLUTION : 220.0
COMPUTATIONS T :
220.0
220.0
220.0
220.0
220.0
220.0
219.0
220.0
220.0
220.0
220.0
220.0
220.0
220.0
220.0
220.0
220.0
222.0
220.0
220.0
222.0
220.0
220.0
220.0
220.0
220.0
220.0
220.0
220.0
220.0
220.0
220.0
220.0
220.0
220.0
220.0
220.0
220.0
220.0
220.0
220.0
220.0
220.0
220.0
220.0
220.0
220.0
220.0
220.0
220.0
220.0
220.0
220.0
220.0
220.0
220.0
220.0
220.0
220.0
218.0
220.0
220.0
220.0
220.0
220.0
220.0
220.0
220.0
220.0
220.0
220.0
220.0
220.0
221.0
220.0
220.0
220.0
220.0
220.0
220.0
220.0
220.0
220.0
220.0
220.0
220.0
220.0
220.0
220.0
220.0
220.0
220.0
220.0
220.0
220.0
220.0
220.0
220.0
220.0
220.0
220.0
216.0
220.0
216.0
220.0
220.0
220.0
220.0
220.0
220.0
220.0
220.0
220.0
220.0
220.0
220.0
220.0
220.0
218.0
220.0
220.0
220.0
220.0
220.0
220.0
220.0
220.0
220.0
220.0
220.0
220.0
220.0
220.0
220.0
220.0
220.0
220.0
220.0
220.0
220.0
220.0
220.0
220.0
220.0
220.0
222.0
222.0
220.0
220.0
220.0
220.0
220.0
220.0
220.0
220.0
220.0
220.0
220.0
220.0
220.0
220.0
220.0
220.0
220.0
222.0
220.0
220.0
219.0
220.0
220.0
218.0
220.0
220.0
220.0
220.0
220.0
220.0
220.0
220.0
220.0
220.0
220.0
220.0
220.0
220.0
220.0
220.0
216.0
220.0
220.0
220.0
220.0
220.0
221.0
220.0
220.0
220.0
220.0
220.0
220.0
;
HBBS bestT : 216.0
BEST_CONFIGURATIONS : 
0 0 0 0 0 0 
4 26 0 0 0 0 
4 26 5 22 0 0 
4 26 5 22 0 0 
4 26 5 22 0 0 
4 26 5 22 8 22 
4 26 5 17 25 22 
4 3 21 17 25 22 
4 3 21 17 23 16 
0 0 0 0 0 0 
;
ROBOT MOVING BEST:
0 0 0 0 0 0 
1 1 0 0 0 0 
0 0 1 1 0 0 
1 0 0 1 0 0 
0 1 1 0 0 0 
0 0 0 0 1 1 
0 0 0 1 1 0 
0 1 1 0 0 0 
0 0 0 0 1 1 
1 1 1 1 1 1 
;
TIMETABLE BEST: 
0.0 0.0 0.0 0.0 0.0 0.0 
17 17 0 0 0 0 
17 17 24 24 0 0 
24 17 24 24 0 0 
24 24 24 24 0 0 
24 24 24 24 26 26 
24 24 24 54 54 26 
24 84 84 54 54 26 
24 84 84 54 110 110 
38.0 142.0 146.0 104.0 216.0 211.0 
;
EXECUTION TIME HBSS: 1.84520196915 seconds 

-------------------------------------------------------------------
