DATFILE : bwopen0_8r_100.dat
ENVIRONMENT : bwopen
ALGORITHM : HBSS - TAU 7
RANGE : 100.
STARTING_POS : 0
N_ROBOTS : 8
GREEDY SOLUTION : 214.0
COMPUTATIONS T :
214.0
216.0
214.0
214.0
214.0
214.0
214.0
214.0
214.0
214.0
214.0
212.0
214.0
214.0
214.0
214.0
214.0
214.0
214.0
214.0
214.0
214.0
214.0
214.0
214.0
214.0
214.0
214.0
214.0
214.0
214.0
214.0
214.0
214.0
214.0
214.0
214.0
214.0
214.0
214.0
216.0
214.0
214.0
214.0
214.0
214.0
214.0
214.0
214.0
214.0
214.0
214.0
214.0
214.0
214.0
214.0
214.0
214.0
214.0
214.0
214.0
214.0
214.0
214.0
214.0
216.0
214.0
214.0
214.0
214.0
214.0
214.0
214.0
214.0
214.0
214.0
212.0
214.0
214.0
214.0
214.0
214.0
214.0
214.0
214.0
214.0
214.0
214.0
214.0
214.0
214.0
214.0
214.0
214.0
214.0
214.0
214.0
214.0
214.0
214.0
214.0
214.0
214.0
214.0
214.0
214.0
214.0
214.0
214.0
214.0
214.0
212.0
214.0
214.0
214.0
214.0
216.0
214.0
214.0
214.0
214.0
214.0
214.0
214.0
214.0
214.0
214.0
216.0
214.0
214.0
214.0
214.0
216.0
214.0
214.0
214.0
214.0
214.0
214.0
212.0
214.0
214.0
214.0
214.0
214.0
214.0
214.0
214.0
214.0
214.0
214.0
214.0
214.0
214.0
214.0
214.0
214.0
214.0
214.0
214.0
214.0
214.0
214.0
214.0
212.0
214.0
214.0
214.0
214.0
214.0
214.0
214.0
214.0
214.0
214.0
214.0
214.0
214.0
214.0
214.0
214.0
214.0
214.0
214.0
214.0
214.0
214.0
214.0
214.0
214.0
214.0
214.0
214.0
214.0
216.0
214.0
214.0
214.0
214.0
214.0
;
HBBS bestT : 212.0
BEST_CONFIGURATIONS : 
0 0 0 0 0 0 0 0 
4 26 0 0 0 0 0 0 
4 26 5 22 0 0 0 0 
4 26 5 22 0 0 0 0 
4 26 5 22 0 0 0 0 
4 26 5 22 8 22 0 0 
4 26 5 22 25 22 17 0 
4 3 5 22 25 22 17 21 
4 3 23 16 25 22 17 21 
0 0 0 0 0 0 0 0 
;
ROBOT MOVING BEST:
0 0 0 0 0 0 0 0 
1 1 0 0 0 0 0 0 
0 0 1 1 0 0 0 0 
1 0 0 1 0 0 0 0 
0 1 1 0 0 0 0 0 
0 0 0 0 1 1 0 0 
0 0 0 0 1 0 1 0 
0 1 0 0 0 0 0 1 
0 0 1 1 0 0 0 0 
1 1 1 1 1 1 1 1 
;
TIMETABLE BEST: 
0.0 0.0 0.0 0.0 0.0 0.0 0.0 0.0 
17 17 0 0 0 0 0 0 
17 17 24 24 0 0 0 0 
24 17 24 24 0 0 0 0 
24 24 24 24 0 0 0 0 
24 24 24 24 26 26 0 0 
24 24 24 24 52 26 52 0 
24 83 24 24 52 26 52 83 
24 83 106 106 52 26 52 83 
38.0 141.0 212.0 207.0 104.0 50.0 102.0 145.0 
;
EXECUTION TIME HBSS: 3.02059793472 seconds 

-------------------------------------------------------------------
