DATFILE : bwopen0_2r_100.dat
ENVIRONMENT : bwopen
ALGORITHM : HBSS - TAU 4
RANGE : 100.
STARTING_POS : 0
N_ROBOTS : 2
GREEDY SOLUTION : 279.0
COMPUTATIONS T :
279.0
279.0
274.0
346.0
279.0
279.0
279.0
279.0
279.0
334.0
279.0
291.0
279.0
279.0
279.0
279.0
282.0
279.0
291.0
291.0
342.0
279.0
346.0
268.0
268.0
268.0
268.0
279.0
279.0
279.0
399.0
279.0
279.0
279.0
279.0
279.0
279.0
309.0
279.0
314.0
268.0
279.0
279.0
280.0
274.0
279.0
279.0
342.0
279.0
279.0
279.0
268.0
279.0
279.0
279.0
268.0
279.0
274.0
279.0
268.0
279.0
291.0
279.0
274.0
341.0
268.0
268.0
274.0
268.0
279.0
279.0
279.0
279.0
298.0
279.0
343.0
279.0
286.0
279.0
286.0
279.0
279.0
346.0
346.0
279.0
279.0
279.0
291.0
323.0
279.0
274.0
279.0
279.0
279.0
279.0
279.0
279.0
279.0
279.0
279.0
279.0
285.0
332.0
342.0
274.0
279.0
279.0
286.0
279.0
279.0
279.0
346.0
279.0
341.0
279.0
399.0
279.0
279.0
279.0
279.0
343.0
309.0
279.0
274.0
279.0
279.0
279.0
279.0
279.0
279.0
279.0
279.0
279.0
279.0
279.0
279.0
286.0
279.0
331.0
346.0
268.0
279.0
274.0
268.0
279.0
279.0
279.0
279.0
268.0
279.0
279.0
279.0
279.0
309.0
279.0
279.0
274.0
279.0
279.0
279.0
279.0
279.0
346.0
279.0
268.0
279.0
279.0
279.0
291.0
342.0
274.0
277.0
342.0
279.0
279.0
279.0
279.0
279.0
279.0
279.0
274.0
268.0
268.0
279.0
279.0
279.0
331.0
274.0
279.0
279.0
279.0
279.0
325.0
291.0
274.0
279.0
342.0
279.0
279.0
279.0
;
HBBS bestT : 268.0
BEST_CONFIGURATIONS : 
0 0 
4 26 
26 5 
22 5 
4 22 
22 8 
17 25 
23 16 
21 3 
0 0 
;
ROBOT MOVING BEST:
0 0 
1 1 
1 1 
1 1 
1 1 
1 1 
1 1 
1 1 
1 1 
1 1 
;
TIMETABLE BEST: 
0.0 0.0 
17 17 
28 28 
39 39 
51 51 
63 63 
93 93 
158 158 
206 206 
268.0 264.0 
;
EXECUTION TIME HBSS: 0.309671163559 seconds 

-------------------------------------------------------------------
