DATFILE : bwopen0_7r_100.dat
ENVIRONMENT : bwopen
ALGORITHM : HBSS - TAU 5
RANGE : 100.
STARTING_POS : 0
N_ROBOTS : 7
GREEDY SOLUTION : 218.0
COMPUTATIONS T :
218.0
218.0
218.0
218.0
214.0
218.0
218.0
218.0
218.0
218.0
218.0
218.0
218.0
218.0
218.0
218.0
218.0
218.0
218.0
218.0
218.0
218.0
218.0
218.0
218.0
218.0
218.0
218.0
218.0
218.0
218.0
218.0
218.0
218.0
214.0
218.0
219.0
219.0
218.0
218.0
218.0
218.0
219.0
218.0
218.0
218.0
218.0
218.0
218.0
218.0
218.0
218.0
218.0
218.0
218.0
214.0
218.0
218.0
218.0
218.0
218.0
218.0
218.0
218.0
218.0
218.0
218.0
218.0
218.0
218.0
218.0
218.0
218.0
218.0
218.0
218.0
218.0
214.0
218.0
218.0
218.0
218.0
218.0
218.0
218.0
218.0
218.0
218.0
214.0
218.0
218.0
218.0
218.0
219.0
221.0
218.0
218.0
214.0
220.0
218.0
218.0
218.0
218.0
218.0
219.0
218.0
218.0
218.0
218.0
218.0
218.0
218.0
218.0
218.0
218.0
218.0
219.0
218.0
219.0
218.0
218.0
218.0
218.0
218.0
218.0
218.0
218.0
218.0
218.0
218.0
218.0
218.0
220.0
212.0
218.0
218.0
218.0
218.0
218.0
218.0
218.0
218.0
218.0
218.0
218.0
212.0
218.0
218.0
218.0
218.0
218.0
218.0
218.0
218.0
218.0
218.0
218.0
218.0
218.0
218.0
218.0
218.0
214.0
219.0
218.0
218.0
218.0
218.0
218.0
218.0
218.0
218.0
218.0
218.0
218.0
218.0
218.0
218.0
218.0
218.0
218.0
218.0
218.0
218.0
218.0
219.0
218.0
218.0
219.0
218.0
218.0
218.0
218.0
218.0
218.0
218.0
218.0
218.0
218.0
218.0
;
HBBS bestT : 212.0
BEST_CONFIGURATIONS : 
0 0 0 0 0 0 0 
4 26 0 0 0 0 0 
4 26 5 22 0 0 0 
4 26 5 22 0 0 0 
4 26 5 22 0 0 0 
4 26 5 22 8 22 0 
4 26 5 22 25 22 17 
4 3 5 21 25 22 17 
4 3 23 21 25 16 17 
0 0 0 0 0 0 0 
;
ROBOT MOVING BEST:
0 0 0 0 0 0 0 
1 1 0 0 0 0 0 
0 0 1 1 0 0 0 
1 0 0 1 0 0 0 
0 1 1 0 0 0 0 
0 0 0 0 1 1 0 
0 0 0 0 1 0 1 
0 1 0 1 0 0 0 
0 0 1 0 0 1 0 
1 1 1 1 1 1 1 
;
TIMETABLE BEST: 
0.0 0.0 0.0 0.0 0.0 0.0 0.0 
17 17 0 0 0 0 0 
17 17 24 24 0 0 0 
24 17 24 24 0 0 0 
24 24 24 24 0 0 0 
24 24 24 24 26 26 0 
24 24 24 24 52 26 52 
24 86 24 86 52 26 52 
24 86 106 86 52 106 52 
38.0 144.0 212.0 148.0 104.0 207.0 102.0 
;
EXECUTION TIME HBSS: 2.39404702187 seconds 

-------------------------------------------------------------------
