DATFILE : bwopen0_10r_100.dat
ENVIRONMENT : bwopen
ALGORITHM : HBSS - TAU 5
RANGE : _100
STARTING_POS : 0
N_ROBOTS : 10
GREEDY SOLUTION : 212.0
COMPUTATIONS T :
212.0
212.0
212.0
212.0
212.0
212.0
214.0
212.0
212.0
212.0
212.0
214.0
212.0
212.0
212.0
212.0
212.0
212.0
212.0
212.0
212.0
214.0
212.0
212.0
212.0
212.0
214.0
212.0
212.0
212.0
212.0
212.0
212.0
212.0
212.0
212.0
212.0
212.0
212.0
212.0
212.0
212.0
212.0
212.0
212.0
212.0
212.0
212.0
212.0
212.0
212.0
212.0
212.0
212.0
212.0
212.0
212.0
212.0
212.0
212.0
212.0
212.0
212.0
212.0
212.0
212.0
212.0
212.0
212.0
212.0
212.0
214.0
212.0
212.0
212.0
212.0
212.0
212.0
212.0
212.0
212.0
212.0
212.0
212.0
212.0
212.0
212.0
212.0
212.0
212.0
212.0
212.0
212.0
212.0
212.0
212.0
212.0
212.0
212.0
212.0
212.0
212.0
212.0
212.0
212.0
212.0
212.0
212.0
212.0
212.0
212.0
212.0
212.0
212.0
212.0
212.0
212.0
214.0
212.0
212.0
214.0
212.0
212.0
212.0
212.0
212.0
214.0
212.0
212.0
212.0
212.0
212.0
214.0
212.0
212.0
212.0
212.0
212.0
212.0
212.0
212.0
212.0
212.0
212.0
212.0
212.0
212.0
212.0
214.0
212.0
212.0
212.0
212.0
212.0
212.0
212.0
212.0
212.0
212.0
212.0
214.0
212.0
212.0
212.0
212.0
212.0
212.0
212.0
212.0
212.0
212.0
212.0
212.0
212.0
212.0
212.0
212.0
212.0
212.0
212.0
212.0
212.0
212.0
212.0
212.0
212.0
212.0
212.0
212.0
212.0
212.0
212.0
212.0
212.0
212.0
214.0
212.0
212.0
212.0
212.0
;
HBBS bestT : 212.0
BEST_CONFIGURATIONS : 
0 0 0 0 0 0 0 0 0 0 
4 26 0 0 0 0 0 0 0 0 
4 26 4 22 0 0 0 0 0 0 
4 26 4 22 5 22 0 0 0 0 
4 26 4 22 5 22 0 0 0 0 
4 26 4 22 5 22 8 22 0 0 
4 26 4 22 5 22 25 22 17 0 
4 3 4 22 5 22 25 22 17 21 
4 3 4 16 23 22 25 22 17 21 
0 0 0 0 0 0 0 0 0 0 
;
ROBOT MOVING BEST:
0 0 0 0 0 0 0 0 0 0 
1 1 0 0 0 0 0 0 0 0 
0 0 1 1 0 0 0 0 0 0 
0 0 0 0 1 1 0 0 0 0 
0 1 0 0 1 0 0 0 0 0 
0 0 0 0 0 0 1 1 0 0 
0 0 0 0 0 0 1 0 1 0 
0 1 0 0 0 0 0 0 0 1 
0 0 0 1 1 0 0 0 0 0 
1 1 1 1 1 1 1 1 1 1 
;
TIMETABLE BEST: 
0.0 0.0 0.0 0.0 0.0 0.0 0.0 0.0 0.0 0.0 
17.0 17.0 0.0 0.0 0.0 0.0 0.0 0.0 0.0 0.0 
17.0 17.0 24.0 24.0 0.0 0.0 0.0 0.0 0.0 0.0 
17.0 17.0 24.0 24.0 24.0 24.0 0.0 0.0 0.0 0.0 
17.0 24.0 24.0 24.0 24.0 24.0 0.0 0.0 0.0 0.0 
17.0 24.0 24.0 24.0 24.0 24.0 26.0 26.0 0.0 0.0 
17.0 24.0 24.0 24.0 24.0 24.0 52.0 26.0 52.0 0.0 
17.0 83.0 24.0 24.0 24.0 24.0 52.0 26.0 52.0 83.0 
17.0 83.0 24.0 106.0 106.0 24.0 52.0 26.0 52.0 83.0 
31.0 141.0 38.0 207.0 212.0 48.0 104.0 50.0 102.0 145.0 
;
EXECUTION TIME HBSS: 4.95762395859 seconds 

-------------------------------------------------------------------
