DATFILE : bwopen0_6r_100.dat
ENVIRONMENT : bwopen
ALGORITHM : HBSS - TAU 5
RANGE : 100
STARTING_POS : 0
N_ROBOTS : 6
GREEDY SOLUTION : [ 830.]
COMPUTATIONS D :
830
830
830
830
830
830
830
830
830
830
830
830
830
830
830
830
830
830
830
830
830
902
830
830
902
848
830
830
830
830
830
802
830
830
830
830
830
902
830
830
830
830
830
830
830
830
830
830
830
830
830
830
830
830
830
830
830
830
830
830
830
830
830
830
830
830
830
830
830
830
830
830
830
830
830
904
830
830
830
830
830
830
902
830
830
826
830
830
830
826
830
830
830
830
830
902
830
830
830
830
830
830
830
830
830
902
802
830
830
830
830
830
830
830
830
830
830
830
830
830
830
902
830
830
830
904
830
830
830
830
830
830
830
830
830
902
830
830
826
830
830
830
830
830
830
830
830
830
902
830
830
830
830
898
830
830
830
802
830
830
830
830
830
830
830
830
830
830
830
830
830
830
830
830
830
830
830
826
830
830
830
902
830
830
846
830
830
830
830
830
830
830
830
902
830
830
830
830
830
830
;
HBBS sumD : 802
BEST_CONFIGURATIONS : 
0 0 0 0 0 0 
4 26 0 0 0 0 
4 26 22 0 0 0 
4 26 22 5 0 0 
4 26 22 5 0 0 
4 26 22 5 8 0 
17 26 22 5 25 0 
17 3 22 5 25 21 
17 3 22 23 25 16 
0 0 0 0 0 0 
;
ROBOT MOVING BEST:
0 0 0 0 0 0 
1 1 0 0 0 0 
1 0 1 0 0 0 
0 1 0 1 0 0 
0 0 1 1 0 0 
0 0 1 0 1 0 
1 0 0 0 1 0 
0 1 0 0 0 1 
0 0 0 1 0 1 
1 1 1 1 1 1 
;
TIMETABLE BEST: 
0.0 0.0 0.0 0.0 0.0 0.0 
14 17 0 0 0 0 
14 17 24 0 0 0 
14 17 24 24 0 0 
14 17 24 24 0 0 
14 17 24 24 26 0 
52 17 24 24 52 0 
52 76 24 24 52 62 
52 76 24 106 52 101 
102.0 134.0 48.0 212.0 104.0 202.0 
;
EXECUTION TIME HBSS: 1.70882201195 seconds 

-------------------------------------------------------------------
