DATFILE : bwopen0_3r_100.dat
ENVIRONMENT : bwopen
ALGORITHM : HBSS - TAU 7
RANGE : 100
STARTING_POS : 0
N_ROBOTS : 3
GREEDY SOLUTION : [ 634.]
COMPUTATIONS D :
634
634
634
634
634
634
630
634
634
634
634
634
634
634
634
634
644
634
634
634
634
634
634
634
654
634
634
634
630
634
634
634
634
634
634
634
634
634
634
634
634
644
634
634
634
634
634
634
634
634
634
634
634
634
634
634
658
634
634
634
634
634
634
634
634
634
634
634
634
634
634
634
634
630
634
634
634
630
634
634
630
634
634
634
634
634
634
634
634
634
634
634
634
634
634
634
634
634
634
634
634
634
634
634
634
634
634
644
634
634
634
634
634
634
634
634
634
634
634
634
634
634
634
634
634
634
634
634
634
634
634
634
638
634
658
634
634
634
634
634
634
634
634
634
634
634
634
634
634
634
634
634
634
654
634
634
634
634
634
634
634
634
634
634
634
634
634
634
634
634
634
634
634
634
634
634
634
634
634
634
634
634
634
634
634
634
634
634
634
634
634
634
634
634
634
634
634
634
634
634
;
HBBS sumD : 630
BEST_CONFIGURATIONS : 
0 0 0 
4 26 0 
4 26 22 
5 26 22 
5 5 22 
5 8 22 
25 8 17 
16 8 23 
3 21 23 
0 0 0 
;
ROBOT MOVING BEST:
0 0 0 
1 1 0 
1 0 1 
1 1 0 
0 1 1 
0 1 1 
1 0 1 
1 0 1 
1 1 0 
1 1 1 
;
TIMETABLE BEST: 
0.0 0.0 0.0 
14 17 0 
14 17 24 
28 17 24 
28 26 24 
28 50 24 
64 50 54 
129 50 112 
172 120 112 
230.0 182.0 218.0 
;
EXECUTION TIME HBSS: 0.491012096405 seconds 

-------------------------------------------------------------------
