DATFILE : bwopen0_10r_100.dat
ENVIRONMENT : bwopen
ALGORITHM : HBSS - TAU 1
RANGE : 100
STARTING_POS : 0
N_ROBOTS : 10
GREEDY SOLUTION : 212.0
COMPUTATIONS T :
248.0
218.0
212.0
214.0
214.0
212.0
212.0
214.0
212.0
212.0
212.0
216.0
226.0
219.0
212.0
216.0
221.0
212.0
212.0
212.0
216.0
242.0
212.0
223.0
216.0
226.0
250.0
214.0
214.0
274.0
214.0
218.0
214.0
212.0
212.0
212.0
224.0
212.0
212.0
214.0
216.0
252.0
214.0
214.0
241.0
216.0
232.0
214.0
214.0
226.0
212.0
248.0
220.0
220.0
267.0
212.0
212.0
218.0
218.0
212.0
248.0
212.0
320.0
226.0
214.0
221.0
214.0
214.0
294.0
216.0
221.0
212.0
224.0
216.0
218.0
221.0
230.0
216.0
216.0
214.0
212.0
231.0
242.0
212.0
214.0
212.0
214.0
221.0
245.0
221.0
240.0
212.0
216.0
226.0
212.0
232.0
212.0
220.0
212.0
212.0
212.0
214.0
231.0
214.0
216.0
214.0
236.0
218.0
216.0
216.0
214.0
226.0
232.0
226.0
224.0
218.0
214.0
282.0
212.0
212.0
237.0
214.0
225.0
214.0
230.0
212.0
214.0
220.0
216.0
212.0
219.0
214.0
218.0
223.0
214.0
221.0
225.0
230.0
234.0
216.0
238.0
220.0
214.0
248.0
221.0
216.0
221.0
221.0
214.0
228.0
219.0
214.0
219.0
220.0
216.0
212.0
214.0
212.0
219.0
221.0
212.0
216.0
214.0
214.0
212.0
220.0
214.0
224.0
307.0
214.0
216.0
336.0
214.0
212.0
212.0
235.0
214.0
233.0
214.0
228.0
219.0
216.0
214.0
212.0
248.0
214.0
233.0
212.0
212.0
212.0
216.0
222.0
216.0
214.0
221.0
216.0
220.0
219.0
216.0
212.0
;
HBBS bestT : 212.0
BEST_CONFIGURATIONS : 
0 0 0 0 0 0 0 0 0 0 
4 26 0 0 0 0 0 0 0 0 
4 26 0 4 22 0 0 0 0 0 
4 26 0 4 22 5 0 0 0 22 
4 26 0 4 22 5 0 0 0 22 
4 26 0 4 17 25 0 0 0 22 
4 3 0 4 17 25 21 0 0 22 
22 3 0 4 17 25 21 0 0 8 
22 3 16 4 17 25 21 23 0 8 
0 0 0 0 0 0 0 0 0 0 
;
ROBOT MOVING BEST:
0 0 0 0 0 0 0 0 0 0 
1 1 0 0 0 0 0 0 0 0 
0 0 0 1 1 0 0 0 0 0 
0 0 0 0 0 1 0 0 0 1 
0 1 0 0 0 1 0 0 0 0 
0 0 0 0 1 1 0 0 0 0 
0 1 0 0 0 0 1 0 0 0 
1 0 0 0 0 0 0 0 0 1 
0 0 1 0 0 0 0 1 0 0 
1 1 1 1 1 1 1 1 0 1 
;
TIMETABLE BEST: 
0.0 0.0 0.0 0.0 0.0 0.0 0.0 0.0 0.0 0.0 
17 17 0 0 0 0 0 0 0 0 
17 17 0 24 24 0 0 0 0 0 
17 17 0 24 24 24 0 0 0 24 
17 24 0 24 24 24 0 0 0 24 
17 24 0 24 60 60 0 0 0 24 
17 83 0 24 60 60 83 0 0 24 
36 83 0 24 60 60 83 0 0 36 
36 83 106 24 60 60 83 106 0 36 
60.0 141.0 207.0 38.0 110.0 112.0 145.0 212.0 0.0 62.0 
;
EXECUTION TIME HBSS: 4.75356316566 seconds 

-------------------------------------------------------------------
