DATFILE : bwopen0_7r_100.dat
ENVIRONMENT : bwopen
ALGORITHM : HBSS - TAU 4
RANGE : 100
STARTING_POS : 0
N_ROBOTS : 7
GREEDY SOLUTION : [ 828.]
COMPUTATIONS D :
906
828
828
828
828
928
828
828
928
828
828
828
828
828
828
928
828
828
828
828
828
828
828
914
928
828
906
828
828
828
928
928
828
828
828
828
828
828
842
930
928
928
906
828
928
828
828
828
828
928
878
876
906
924
930
828
828
828
842
828
828
828
930
828
828
928
828
906
776
828
828
828
828
828
828
828
828
828
828
828
828
928
928
828
828
930
828
828
828
828
828
828
828
828
928
876
828
828
842
842
828
828
828
828
924
828
828
828
828
842
928
828
828
928
828
906
950
872
828
928
828
828
854
828
928
828
828
828
882
928
828
828
882
828
828
828
842
828
828
828
828
928
828
842
828
828
828
828
928
828
828
828
950
828
828
926
828
934
828
828
828
828
828
876
828
828
828
828
828
828
876
828
828
828
828
928
828
830
828
828
828
828
906
828
928
928
828
828
828
828
828
828
828
828
828
906
828
928
842
828
;
HBBS sumD : 776
BEST_CONFIGURATIONS : 
0 0 0 0 0 0 0 
4 26 0 0 0 0 0 
4 26 22 0 0 0 0 
4 26 22 5 0 0 0 
4 26 22 5 0 0 0 
4 26 22 5 8 0 0 
4 26 22 5 17 25 0 
4 26 22 21 17 25 3 
4 26 22 21 23 25 16 
0 0 0 0 0 0 0 
;
ROBOT MOVING BEST:
0 0 0 0 0 0 0 
1 1 0 0 0 0 0 
1 0 1 0 0 0 0 
0 1 0 1 0 0 0 
0 0 1 1 0 0 0 
0 0 1 0 1 0 0 
0 0 0 0 1 1 0 
0 0 0 1 0 0 1 
0 0 0 0 1 0 1 
1 1 1 1 1 1 1 
;
TIMETABLE BEST: 
0.0 0.0 0.0 0.0 0.0 0.0 0.0 
14 17 0 0 0 0 0 
14 17 24 0 0 0 0 
14 17 24 24 0 0 0 
14 17 24 24 0 0 0 
14 17 24 24 26 0 0 
14 17 24 24 50 52 0 
14 17 24 84 50 52 58 
14 17 24 84 108 52 101 
28.0 34.0 48.0 146.0 214.0 104.0 202.0 
;
EXECUTION TIME HBSS: 2.27147388458 seconds 

-------------------------------------------------------------------
