DATFILE : bwopen0_2r_100.dat
ENVIRONMENT : bwopen
ALGORITHM : HBSS - TAU 5
RANGE : 100
STARTING_POS : 0
N_ROBOTS : 2
GREEDY SOLUTION : 279.0
COMPUTATIONS T :
279.0
342.0
279.0
279.0
279.0
279.0
279.0
279.0
279.0
279.0
279.0
279.0
279.0
279.0
325.0
279.0
279.0
279.0
279.0
279.0
309.0
279.0
279.0
279.0
279.0
291.0
291.0
279.0
279.0
279.0
342.0
279.0
279.0
279.0
279.0
279.0
279.0
279.0
279.0
279.0
279.0
279.0
279.0
279.0
279.0
279.0
279.0
279.0
342.0
279.0
279.0
279.0
279.0
279.0
291.0
268.0
279.0
279.0
279.0
279.0
279.0
279.0
279.0
279.0
279.0
279.0
279.0
279.0
309.0
279.0
269.0
279.0
279.0
279.0
342.0
279.0
279.0
279.0
279.0
279.0
279.0
279.0
274.0
279.0
279.0
268.0
279.0
279.0
279.0
279.0
279.0
279.0
279.0
279.0
279.0
279.0
309.0
279.0
279.0
279.0
342.0
279.0
279.0
279.0
279.0
279.0
279.0
279.0
279.0
269.0
279.0
268.0
279.0
279.0
279.0
279.0
279.0
279.0
342.0
279.0
279.0
279.0
279.0
279.0
279.0
279.0
268.0
279.0
279.0
279.0
279.0
279.0
279.0
342.0
274.0
279.0
279.0
309.0
279.0
309.0
279.0
279.0
279.0
279.0
279.0
279.0
268.0
279.0
279.0
279.0
279.0
279.0
279.0
279.0
279.0
279.0
279.0
279.0
346.0
279.0
279.0
279.0
279.0
279.0
279.0
309.0
279.0
279.0
279.0
279.0
279.0
279.0
279.0
279.0
274.0
279.0
279.0
279.0
279.0
342.0
342.0
279.0
342.0
279.0
279.0
279.0
346.0
279.0
279.0
279.0
279.0
279.0
279.0
279.0
342.0
268.0
279.0
279.0
279.0
279.0
;
HBBS bestT : 268.0
BEST_CONFIGURATIONS : 
0 0 
4 26 
4 22 
26 5 
22 5 
8 22 
25 17 
16 23 
3 21 
0 0 
;
ROBOT MOVING BEST:
0 0 
1 1 
1 1 
1 1 
1 1 
1 1 
1 1 
1 1 
1 1 
1 1 
;
TIMETABLE BEST: 
0.0 0.0 
17 17 
28 28 
40 40 
51 51 
63 63 
93 93 
158 158 
206 206 
264.0 268.0 
;
EXECUTION TIME HBSS: 0.288031101227 seconds 

-------------------------------------------------------------------
