DATFILE : bwopen0_6r_100.dat
ENVIRONMENT : bwopen
ALGORITHM : HBSS - TAU 4
RANGE : 100.
STARTING_POS : 0
N_ROBOTS : 6
GREEDY SOLUTION : 220.0
COMPUTATIONS T :
216.0
220.0
220.0
239.0
220.0
220.0
220.0
221.0
222.0
216.0
220.0
220.0
222.0
221.0
219.0
218.0
220.0
222.0
222.0
220.0
220.0
220.0
220.0
220.0
220.0
220.0
221.0
220.0
218.0
222.0
220.0
222.0
220.0
220.0
220.0
220.0
220.0
219.0
220.0
220.0
220.0
220.0
220.0
220.0
220.0
220.0
220.0
220.0
220.0
221.0
220.0
220.0
219.0
220.0
220.0
220.0
220.0
220.0
222.0
220.0
220.0
221.0
220.0
220.0
220.0
220.0
220.0
219.0
220.0
220.0
220.0
220.0
218.0
222.0
220.0
220.0
220.0
220.0
220.0
220.0
220.0
222.0
220.0
220.0
220.0
227.0
220.0
220.0
218.0
220.0
222.0
220.0
216.0
224.0
219.0
220.0
216.0
220.0
220.0
220.0
220.0
224.0
220.0
220.0
218.0
220.0
220.0
220.0
220.0
220.0
222.0
220.0
220.0
218.0
219.0
220.0
220.0
222.0
220.0
220.0
220.0
216.0
220.0
220.0
220.0
222.0
218.0
216.0
220.0
216.0
220.0
221.0
222.0
220.0
218.0
220.0
220.0
216.0
220.0
220.0
221.0
220.0
220.0
219.0
220.0
220.0
220.0
220.0
220.0
219.0
220.0
220.0
218.0
220.0
220.0
220.0
220.0
220.0
221.0
220.0
220.0
220.0
220.0
220.0
220.0
220.0
221.0
216.0
231.0
220.0
220.0
220.0
220.0
222.0
220.0
220.0
221.0
221.0
220.0
222.0
220.0
220.0
220.0
220.0
221.0
220.0
218.0
220.0
218.0
220.0
221.0
220.0
220.0
220.0
220.0
222.0
220.0
222.0
220.0
219.0
;
HBBS bestT : 216.0
BEST_CONFIGURATIONS : 
0 0 0 0 0 0 
4 26 0 0 0 0 
4 26 5 22 0 0 
4 26 5 22 0 0 
4 26 5 22 0 0 
4 26 5 22 8 22 
4 26 5 17 25 22 
4 3 21 17 25 22 
4 3 21 17 23 16 
0 0 0 0 0 0 
;
ROBOT MOVING BEST:
0 0 0 0 0 0 
1 1 0 0 0 0 
0 0 1 1 0 0 
1 0 0 1 0 0 
0 1 1 0 0 0 
0 0 0 0 1 1 
0 0 0 1 1 0 
0 1 1 0 0 0 
0 0 0 0 1 1 
1 1 1 1 1 1 
;
TIMETABLE BEST: 
0.0 0.0 0.0 0.0 0.0 0.0 
17.0 17.0 0.0 0.0 0.0 0.0 
17.0 17.0 24.0 24.0 0.0 0.0 
24.0 17.0 24.0 24.0 0.0 0.0 
24.0 24.0 24.0 24.0 0.0 0.0 
24.0 24.0 24.0 24.0 26.0 26.0 
24.0 24.0 24.0 54.0 54.0 26.0 
24.0 84.0 84.0 54.0 54.0 26.0 
24.0 84.0 84.0 54.0 110.0 110.0 
38.0 142.0 146.0 104.0 216.0 211.0 
;
EXECUTION TIME HBSS: 1.6935441494 seconds 

-------------------------------------------------------------------
