DATFILE : bwopen0_3r_100.dat
ENVIRONMENT : bwopen
ALGORITHM : HBSS - TAU 1
RANGE : 100.
STARTING_POS : 0
N_ROBOTS : 3
GREEDY SOLUTION : [ 634.]
COMPUTATIONS D :
846
708
758
680
664
670
790
802
642
788
738
762
750
884
822
648
672
830
818
694
860
824
756
634
710
818
792
782
782
744
794
642
658
802
684
824
724
802
844
706
726
812
758
836
784
708
796
662
674
790
752
836
716
686
824
754
672
684
850
822
704
816
688
616
816
864
870
750
748
734
778
792
838
834
798
610
834
684
730
676
860
738
750
840
718
690
576
690
798
784
638
746
758
748
722
850
748
774
776
690
804
688
698
852
712
708
746
672
596
706
804
786
756
786
668
798
746
744
878
662
680
744
646
754
734
686
692
782
832
794
860
812
818
750
796
664
568
752
638
816
654
672
662
786
842
750
658
644
726
590
752
726
754
764
650
662
710
888
768
812
670
716
684
748
772
586
750
864
752
800
834
638
576
768
850
674
780
784
776
748
748
778
644
614
688
746
646
822
664
802
692
668
666
706
632
722
634
692
668
820
;
HBBS sumD : 568
BEST_CONFIGURATIONS : 
0 0 0 
4 22 0 
4 22 5 
26 22 5 
26 22 4 
22 22 8 
22 17 25 
16 23 25 
3 21 25 
0 0 0 
;
ROBOT MOVING BEST:
0 0 0 
1 1 0 
0 1 1 
1 0 1 
1 0 1 
1 0 1 
0 1 1 
1 1 0 
1 1 0 
1 1 1 
;
TIMETABLE BEST: 
0.0 0.0 0.0 
14 24 0 
14 24 24 
25 24 24 
25 24 38 
36 24 52 
36 54 78 
115 112 78 
158 160 78 
216.0 222.0 130.0 
;
EXECUTION TIME HBSS: 0.499412059784 seconds 

-------------------------------------------------------------------
MAP: bwopen0_
DATE: 2017-10-26_12-31-31
