DATFILE : bwopen0_2r_100.dat
ENVIRONMENT : bwopen
ALGORITHM : HBSS - TAU 4
RANGE : 100.
STARTING_POS : 0
N_ROBOTS : 2
GREEDY SOLUTION : 279.0
COMPUTATIONS T :
279.0
268.0
279.0
342.0
279.0
343.0
279.0
279.0
279.0
292.0
269.0
279.0
279.0
279.0
279.0
279.0
340.0
279.0
279.0
279.0
268.0
279.0
279.0
309.0
279.0
279.0
279.0
268.0
280.0
279.0
337.0
279.0
279.0
301.0
279.0
346.0
296.0
309.0
309.0
279.0
346.0
279.0
279.0
309.0
279.0
279.0
279.0
279.0
279.0
291.0
279.0
279.0
279.0
279.0
343.0
279.0
280.0
309.0
268.0
346.0
268.0
309.0
309.0
331.0
268.0
279.0
279.0
279.0
279.0
343.0
279.0
279.0
279.0
343.0
280.0
279.0
343.0
279.0
332.0
279.0
279.0
279.0
279.0
279.0
268.0
291.0
332.0
346.0
309.0
291.0
274.0
279.0
279.0
274.0
279.0
342.0
291.0
291.0
309.0
279.0
279.0
274.0
309.0
279.0
279.0
279.0
279.0
309.0
279.0
280.0
279.0
279.0
268.0
304.0
337.0
276.0
279.0
279.0
279.0
268.0
268.0
268.0
342.0
279.0
279.0
279.0
279.0
337.0
279.0
279.0
269.0
274.0
279.0
343.0
279.0
279.0
279.0
279.0
279.0
279.0
279.0
279.0
279.0
309.0
274.0
279.0
268.0
279.0
342.0
282.0
342.0
298.0
279.0
268.0
269.0
279.0
279.0
279.0
280.0
291.0
279.0
279.0
279.0
279.0
279.0
309.0
279.0
279.0
279.0
279.0
279.0
279.0
279.0
309.0
268.0
268.0
279.0
279.0
279.0
279.0
279.0
279.0
286.0
279.0
346.0
279.0
291.0
269.0
279.0
268.0
279.0
337.0
291.0
279.0
268.0
340.0
279.0
274.0
279.0
279.0
;
HBBS bestT : 268.0
BEST_CONFIGURATIONS : 
0 0 
4 26 
4 22 
26 5 
22 5 
8 22 
25 17 
16 23 
3 21 
0 0 
;
ROBOT MOVING BEST:
0 0 
1 1 
1 1 
1 1 
1 1 
1 1 
1 1 
1 1 
1 1 
1 1 
;
TIMETABLE BEST: 
0.0 0.0 
17 17 
28 28 
40 40 
51 51 
63 63 
93 93 
158 158 
206 206 
264.0 268.0 
;
EXECUTION TIME HBSS: 0.289736032486 seconds 

-------------------------------------------------------------------
MAP: bwopen0_
DATE: 2017-10-26_12-24-46
