DATFILE : bwopen0_2r_100.dat
ENVIRONMENT : bwopen
ALGORITHM : HBSS - TAU 1
RANGE : 100.
STARTING_POS : 0
N_ROBOTS : 2
GREEDY SOLUTION : 279.0
COMPUTATIONS T :
279.0
422.0
381.0
342.0
392.0
392.0
383.0
353.0
303.0
363.0
390.0
399.0
348.0
299.0
462.0
409.0
342.0
276.0
379.0
396.0
268.0
429.0
357.0
279.0
355.0
345.0
436.0
275.0
346.0
375.0
419.0
334.0
355.0
468.0
406.0
391.0
454.0
344.0
332.0
302.0
300.0
288.0
342.0
334.0
333.0
277.0
381.0
377.0
406.0
351.0
321.0
327.0
359.0
400.0
394.0
455.0
447.0
411.0
345.0
418.0
360.0
320.0
289.0
297.0
330.0
448.0
327.0
445.0
372.0
309.0
439.0
435.0
320.0
354.0
432.0
290.0
365.0
388.0
308.0
390.0
364.0
372.0
414.0
332.0
348.0
281.0
403.0
299.0
413.0
354.0
378.0
439.0
371.0
347.0
431.0
372.0
384.0
355.0
268.0
269.0
325.0
348.0
297.0
438.0
384.0
441.0
356.0
380.0
329.0
429.0
342.0
336.0
287.0
432.0
399.0
300.0
383.0
354.0
355.0
351.0
361.0
380.0
361.0
335.0
434.0
341.0
331.0
404.0
328.0
378.0
446.0
399.0
343.0
341.0
423.0
342.0
332.0
364.0
342.0
333.0
321.0
350.0
288.0
354.0
366.0
404.0
388.0
286.0
279.0
292.0
395.0
382.0
335.0
427.0
299.0
396.0
345.0
375.0
334.0
363.0
340.0
340.0
282.0
384.0
422.0
450.0
395.0
333.0
325.0
439.0
279.0
279.0
305.0
327.0
372.0
354.0
434.0
360.0
325.0
304.0
468.0
431.0
328.0
274.0
360.0
432.0
456.0
355.0
415.0
352.0
379.0
452.0
358.0
293.0
422.0
334.0
361.0
274.0
434.0
307.0
;
HBBS bestT : 268.0
BEST_CONFIGURATIONS : 
0 0 
4 26 
4 22 
26 5 
22 5 
8 22 
25 17 
16 23 
3 21 
0 0 
;
ROBOT MOVING BEST:
0 0 
1 1 
1 1 
1 1 
1 1 
1 1 
1 1 
1 1 
1 1 
1 1 
;
TIMETABLE BEST: 
0.0 0.0 
17 17 
28 28 
40 40 
51 51 
63 63 
93 93 
158 158 
206 206 
264.0 268.0 
;
EXECUTION TIME HBSS: 0.331095933914 seconds 

-------------------------------------------------------------------
MAP: bwopen0_
DATE: 2017-10-26_12-25-36
