DATFILE : bwopen0_2r_100.dat
ENVIRONMENT : bwopen
ALGORITHM : HBSS - TAU 3
RANGE : 100.
STARTING_POS : 0
N_ROBOTS : 2
GREEDY SOLUTION : 279.0
COMPUTATIONS T :
341.0
337.0
407.0
279.0
279.0
279.0
279.0
345.0
269.0
359.0
291.0
340.0
341.0
279.0
325.0
279.0
274.0
279.0
311.0
280.0
279.0
279.0
279.0
338.0
279.0
346.0
279.0
279.0
289.0
416.0
279.0
331.0
279.0
342.0
279.0
298.0
309.0
298.0
343.0
309.0
279.0
279.0
309.0
309.0
279.0
337.0
346.0
268.0
314.0
279.0
359.0
279.0
354.0
279.0
333.0
399.0
291.0
397.0
268.0
347.0
298.0
279.0
350.0
300.0
346.0
354.0
279.0
279.0
309.0
341.0
279.0
274.0
309.0
279.0
279.0
279.0
428.0
329.0
279.0
280.0
279.0
289.0
343.0
337.0
309.0
292.0
354.0
268.0
274.0
352.0
268.0
279.0
369.0
291.0
285.0
279.0
333.0
279.0
279.0
341.0
279.0
337.0
282.0
342.0
347.0
351.0
279.0
279.0
342.0
268.0
343.0
268.0
268.0
302.0
281.0
329.0
394.0
320.0
346.0
268.0
279.0
268.0
343.0
346.0
341.0
268.0
291.0
269.0
280.0
279.0
399.0
335.0
279.0
309.0
337.0
309.0
285.0
290.0
309.0
309.0
279.0
279.0
274.0
279.0
342.0
279.0
388.0
279.0
282.0
279.0
279.0
279.0
279.0
291.0
279.0
279.0
279.0
382.0
286.0
309.0
291.0
300.0
300.0
279.0
279.0
279.0
275.0
300.0
269.0
342.0
333.0
291.0
269.0
279.0
337.0
309.0
269.0
268.0
314.0
279.0
309.0
350.0
343.0
298.0
279.0
291.0
291.0
347.0
279.0
277.0
279.0
268.0
346.0
314.0
280.0
292.0
291.0
304.0
298.0
279.0
;
HBBS bestT : 268.0
BEST_CONFIGURATIONS : 
0 0 
4 26 
26 5 
22 5 
4 22 
22 8 
17 25 
23 16 
21 3 
0 0 
;
ROBOT MOVING BEST:
0 0 
1 1 
1 1 
1 1 
1 1 
1 1 
1 1 
1 1 
1 1 
1 1 
;
TIMETABLE BEST: 
0.0 0.0 
17 17 
28 28 
39 39 
51 51 
63 63 
93 93 
158 158 
206 206 
268.0 264.0 
;
EXECUTION TIME HBSS: 0.289811849594 seconds 

-------------------------------------------------------------------
MAP: bwopen0_
DATE: 2017-10-26_12-26-07
