N_ROBOTS: 5
;

CONFIGURATIONS:
11 9 16 10 6 
11 9 16 10 6 
11 9 16 10 6 
11 9 16 10 6 
11 9 16 10 6 
11 9 16 10 6 
11 9 16 10 7 
11 9 5 10 7 
9 15 5 10 7 
9 15 5 10 7 
9 15 5 10 7 
9 15 5 10 7 
9 7 3 10 7 
9 7 3 10 6 
9 7 3 10 6 
15 7 3 10 6 
15 7 3 10 6 
15 5 3 10 6 
15 5 3 10 6 
5 16 3 10 6 
5 16 3 10 6 
5 16 3 4 6 
5 8 3 4 6 
5 8 3 4 6 
5 8 3 4 16 
3 8 1 4 16 
12 8 1 4 16 
12 8 1 0 16 
12 8 1 0 3 
12 8 1 0 3 
12 4 1 0 3 
12 4 1 0 3 
3 4 13 0 3 
3 4 13 0 1 
3 4 13 12 1 
10 4 13 12 1 
10 4 13 12 2 
10 1 13 12 2 
10 1 13 13 2 
10 1 13 13 14 
10 13 13 13 14 
10 13 2 13 14 
11 13 2 14 14 
11 9 16 10 6 
;

COORDINATES_LIST:
621 181 | 588 258 | 225 258 | 511 170 | 379 236 | 
621 181 | 588 258 | 225 258 | 511 170 | 379 236 | 
621 181 | 588 258 | 225 258 | 511 170 | 379 236 | 
621 181 | 588 258 | 225 258 | 511 170 | 379 236 | 
621 181 | 588 258 | 225 258 | 511 170 | 379 236 | 
621 181 | 588 258 | 225 258 | 511 170 | 379 236 | 
621 181 | 588 258 | 225 258 | 511 170 | 423 247 | 
621 181 | 588 258 | 324 247 | 511 170 | 423 247 | 
588 258 | 467 247 | 324 247 | 511 170 | 423 247 | 
588 258 | 467 247 | 324 247 | 511 170 | 423 247 | 
588 258 | 467 247 | 324 247 | 511 170 | 423 247 | 
588 258 | 467 247 | 324 247 | 511 170 | 423 247 | 
588 258 | 423 247 | 335 159 | 511 170 | 423 247 | 
588 258 | 423 247 | 335 159 | 511 170 | 379 236 | 
588 258 | 423 247 | 335 159 | 511 170 | 379 236 | 
467 247 | 423 247 | 335 159 | 511 170 | 379 236 | 
467 247 | 423 247 | 335 159 | 511 170 | 379 236 | 
467 247 | 324 247 | 335 159 | 511 170 | 379 236 | 
467 247 | 324 247 | 335 159 | 511 170 | 379 236 | 
324 247 | 225 258 | 335 159 | 511 170 | 379 236 | 
324 247 | 225 258 | 335 159 | 511 170 | 379 236 | 
324 247 | 225 258 | 335 159 | 137 159 | 379 236 | 
324 247 | 181 247 | 335 159 | 137 159 | 379 236 | 
324 247 | 181 247 | 335 159 | 137 159 | 379 236 | 
324 247 | 181 247 | 335 159 | 137 159 | 225 258 | 
335 159 | 181 247 | 357 49 | 137 159 | 225 258 | 
291 49 | 181 247 | 357 49 | 137 159 | 225 258 | 
291 49 | 181 247 | 357 49 | 214 49 | 225 258 | 
291 49 | 181 247 | 357 49 | 214 49 | 335 159 | 
291 49 | 181 247 | 357 49 | 214 49 | 335 159 | 
291 49 | 137 159 | 357 49 | 214 49 | 335 159 | 
291 49 | 137 159 | 357 49 | 214 49 | 335 159 | 
335 159 | 137 159 | 412 49 | 214 49 | 335 159 | 
335 159 | 137 159 | 412 49 | 214 49 | 357 49 | 
335 159 | 137 159 | 412 49 | 291 49 | 357 49 | 
511 170 | 137 159 | 412 49 | 291 49 | 357 49 | 
511 170 | 137 159 | 412 49 | 291 49 | 500 49 | 
511 170 | 357 49 | 412 49 | 291 49 | 500 49 | 
511 170 | 357 49 | 412 49 | 412 49 | 500 49 | 
511 170 | 357 49 | 412 49 | 412 49 | 555 49 | 
511 170 | 412 49 | 412 49 | 412 49 | 555 49 | 
511 170 | 412 49 | 500 49 | 412 49 | 555 49 | 
621 181 | 412 49 | 500 49 | 555 49 | 555 49 | 
621 181 | 588 258 | 225 258 | 511 170 | 379 236 | 
;

ROBOT_MOVING:
0 0 0 0 0 
1 1 0 0 0 
1 0 0 1 0 
0 1 0 1 0 
0 0 1 0 1 
0 0 0 1 1 
0 0 0 1 1 
0 0 1 0 1 
1 1 0 0 0 
0 1 1 0 0 
0 1 0 1 0 
0 1 0 0 1 
0 1 1 0 0 
0 0 1 0 1 
0 1 0 0 1 
1 0 1 0 0 
1 0 0 0 1 
0 1 1 0 0 
0 1 0 0 1 
1 1 0 0 0 
0 1 1 0 0 
0 1 0 1 0 
1 1 0 0 0 
0 1 0 1 0 
0 1 0 0 1 
1 0 1 0 0 
1 0 1 0 0 
0 0 1 1 0 
1 0 0 0 1 
1 0 0 1 0 
0 1 0 1 0 
0 0 0 1 1 
1 0 1 0 0 
0 0 1 0 1 
0 0 1 1 0 
1 0 1 0 0 
1 0 0 0 1 
0 1 0 0 1 
0 0 0 1 1 
1 0 0 0 1 
0 1 0 0 1 
0 0 1 0 1 
1 0 0 1 0 
0 1 1 1 1 
;

TIMETABLE:
0.0 0.0 0.0 0.0 0.0 
0.0 0.0 0.0 0.0 0.0 
0.0 0.0 0.0 0.0 0.0 
0.0 0.0 0.0 0.0 0.0 
0.0 0.0 0.0 0.0 0.0 
0.0 0.0 0.0 0.0 0.0 
0.0 0.0 0.0 9.0 9.0 
0.0 0.0 12.0 9.0 12.0 
14.0 14.0 12.0 9.0 12.0 
14.0 14.0 14.0 9.0 12.0 
14.0 14.0 14.0 14.0 12.0 
14.0 14.0 14.0 14.0 14.0 
14.0 23.0 23.0 14.0 14.0 
14.0 23.0 23.0 14.0 23.0 
14.0 23.0 23.0 14.0 23.0 
28.0 23.0 28.0 14.0 23.0 
28.0 23.0 28.0 14.0 28.0 
28.0 36.0 36.0 14.0 28.0 
28.0 36.0 36.0 14.0 36.0 
48.0 48.0 36.0 14.0 36.0 
48.0 48.0 48.0 14.0 36.0 
48.0 49.0 48.0 49.0 36.0 
56.0 56.0 48.0 49.0 36.0 
56.0 56.0 48.0 56.0 36.0 
56.0 56.0 48.0 56.0 56.0 
65.0 56.0 65.0 56.0 56.0 
79.0 56.0 79.0 56.0 56.0 
79.0 56.0 81.0 81.0 56.0 
79.0 56.0 81.0 81.0 79.0 
81.0 56.0 81.0 81.0 79.0 
81.0 81.0 81.0 81.0 79.0 
81.0 81.0 81.0 81.0 81.0 
96.0 81.0 96.0 81.0 81.0 
96.0 81.0 96.0 81.0 96.0 
96.0 81.0 98.0 98.0 96.0 
113.0 81.0 113.0 98.0 96.0 
119.0 81.0 113.0 98.0 119.0 
119.0 119.0 113.0 98.0 119.0 
119.0 119.0 113.0 119.0 119.0 
134.0 119.0 113.0 119.0 134.0 
134.0 134.0 113.0 119.0 134.0 
134.0 134.0 134.0 119.0 134.0 
145.0 134.0 134.0 145.0 134.0 
145.0 171.0 180.0 168.0 181.0 
;
