N_ROBOTS: 2
;

CONFIGURATIONS:
3 0 
3 0 
4 0 
4 3 
3 2 
4 2 
3 5 
2 5 
0 2 
1 0 
3 0 
;

COORDINATES_LIST:
357 60 | 379 170 | 
357 60 | 379 170 | 
423 60 | 379 170 | 
423 60 | 357 60 | 
357 60 | 291 60 | 
423 60 | 291 60 | 
357 60 | 214 60 | 
291 60 | 214 60 | 
379 170 | 291 60 | 
324 258 | 379 170 | 
357 60 | 379 170 | 
;

ROBOT_MOVING:
0 0 
1 1 
1 1 
1 1 
1 1 
1 1 
1 1 
1 1 
1 1 
1 1 
1 0 
;

TIMETABLE:
0.0 0.0 
0.0 0.0 
14.0 14.0 
30.0 30.0 
44.0 44.0 
58.0 58.0 
73.0 73.0 
87.0 87.0 
105.0 105.0 
123.0 123.0 
144.0 123.0 
;
