DATFILE : bwopen0_3r_100.dat
ENVIRONMENT : bwopen
ALGORITHM : HBSS - TAU 3
RANGE : 100.
STARTING_POS : 0
N_ROBOTS : 3
GREEDY SOLUTION : 235.0
COMPUTATIONS T :
235.0
235.0
318.0
237.0
245.0
244.0
235.0
259.0
241.0
241.0
305.0
244.0
240.0
274.0
248.0
270.0
237.0
240.0
235.0
250.0
237.0
235.0
235.0
235.0
253.0
248.0
248.0
241.0
235.0
237.0
245.0
235.0
235.0
252.0
235.0
235.0
235.0
257.0
256.0
257.0
235.0
235.0
235.0
243.0
237.0
235.0
235.0
235.0
241.0
237.0
257.0
239.0
235.0
243.0
240.0
243.0
251.0
247.0
246.0
235.0
243.0
261.0
252.0
235.0
235.0
235.0
245.0
250.0
235.0
235.0
235.0
314.0
237.0
243.0
290.0
247.0
260.0
240.0
235.0
245.0
244.0
243.0
239.0
235.0
235.0
240.0
252.0
237.0
235.0
244.0
239.0
235.0
248.0
247.0
321.0
249.0
235.0
241.0
235.0
235.0
235.0
237.0
237.0
239.0
249.0
239.0
235.0
239.0
235.0
235.0
235.0
237.0
241.0
239.0
255.0
235.0
247.0
235.0
240.0
235.0
248.0
235.0
235.0
235.0
248.0
235.0
254.0
237.0
239.0
235.0
244.0
240.0
243.0
235.0
249.0
239.0
240.0
240.0
319.0
253.0
237.0
239.0
244.0
235.0
235.0
237.0
290.0
237.0
241.0
318.0
250.0
235.0
235.0
235.0
258.0
235.0
240.0
235.0
312.0
237.0
235.0
235.0
245.0
237.0
245.0
239.0
235.0
246.0
324.0
249.0
239.0
241.0
257.0
249.0
240.0
235.0
246.0
239.0
265.0
256.0
235.0
238.0
235.0
239.0
235.0
241.0
312.0
246.0
235.0
276.0
312.0
259.0
241.0
239.0
235.0
235.0
235.0
235.0
235.0
324.0
;
HBBS bestT : 235.0
BEST_CONFIGURATIONS : 
0 0 0 
4 26 0 
4 5 22 
4 5 22 
26 5 22 
22 5 8 
22 25 17 
16 23 17 
3 23 21 
0 0 0 
;
ROBOT MOVING BEST:
0 0 0 
1 1 0 
0 1 1 
1 0 1 
1 1 0 
1 0 1 
0 1 1 
1 1 0 
1 0 1 
1 1 1 
;
TIMETABLE BEST: 
0.0 0.0 0.0 
17.0 17.0 0.0 
17.0 26.0 26.0 
26.0 26.0 26.0 
37.0 37.0 26.0 
48.0 37.0 48.0 
48.0 73.0 73.0 
129.0 129.0 73.0 
172.0 129.0 172.0 
230.0 235.0 234.0 
;
EXECUTION TIME HBSS: 0.515945911407 seconds 

-------------------------------------------------------------------
MAP: bwopen0_
DATE: 2017-10-26_12-32-57
