DATFILE : bwopen0_2r_100.dat
ENVIRONMENT : bwopen
ALGORITHM : HBSS - TAU 1
RANGE : 100.
STARTING_POS : 0
N_ROBOTS : 2
GREEDY SOLUTION : 279.0
COMPUTATIONS T :
332.0
378.0
330.0
351.0
421.0
388.0
439.0
441.0
289.0
437.0
342.0
390.0
327.0
341.0
336.0
334.0
358.0
332.0
289.0
362.0
329.0
419.0
361.0
340.0
288.0
451.0
408.0
290.0
376.0
349.0
351.0
399.0
297.0
363.0
406.0
362.0
348.0
345.0
428.0
430.0
434.0
445.0
298.0
361.0
338.0
344.0
435.0
341.0
449.0
443.0
341.0
282.0
321.0
396.0
329.0
372.0
292.0
337.0
351.0
401.0
306.0
309.0
437.0
414.0
312.0
419.0
345.0
449.0
288.0
338.0
308.0
362.0
324.0
321.0
282.0
339.0
442.0
335.0
389.0
437.0
342.0
277.0
361.0
433.0
356.0
386.0
382.0
340.0
436.0
337.0
288.0
397.0
337.0
427.0
336.0
393.0
307.0
345.0
438.0
293.0
377.0
349.0
276.0
357.0
357.0
355.0
295.0
437.0
347.0
380.0
313.0
339.0
401.0
397.0
341.0
342.0
348.0
354.0
435.0
386.0
347.0
314.0
345.0
426.0
324.0
382.0
335.0
288.0
336.0
454.0
385.0
353.0
309.0
343.0
290.0
333.0
279.0
350.0
439.0
437.0
337.0
352.0
387.0
403.0
412.0
342.0
350.0
351.0
355.0
339.0
335.0
380.0
342.0
358.0
453.0
395.0
304.0
429.0
347.0
277.0
409.0
330.0
390.0
389.0
342.0
438.0
351.0
403.0
366.0
444.0
360.0
420.0
342.0
339.0
347.0
330.0
290.0
353.0
340.0
355.0
383.0
378.0
336.0
370.0
340.0
339.0
369.0
347.0
350.0
446.0
276.0
283.0
428.0
335.0
443.0
337.0
385.0
347.0
419.0
396.0
;
HBBS bestT : 276.0
BEST_CONFIGURATIONS : 
0 0 
4 22 
26 5 
4 26 
22 5 
8 22 
25 17 
16 23 
3 21 
0 0 
;
ROBOT MOVING BEST:
0 0 
1 1 
1 1 
1 1 
1 1 
1 1 
1 1 
1 1 
1 1 
1 1 
;
TIMETABLE BEST: 
0.0 0.0 
24 24 
36 36 
47 47 
59 59 
71 71 
101 101 
166 166 
214 214 
272.0 276.0 
;
EXECUTION TIME HBSS: 0.294188976288 seconds 

-------------------------------------------------------------------
MAP: bwopen0_
DATE: 2017-10-26_12-22-57
