DATFILE : offices1_3r_250.dat
ENVIRONMENT : office
ALGORITHM : KUMAR3
RANGE : 250
STARTING_POS : 42
N_ROBOTS : 3
KUMAR3 sumD / cardinality : 4772.0
CONFIGURATIONS :
42 42 42 
5 41 42 
24 36 42 
4 35 42 
24 35 41 
4 34 41 
4 33 36 
24 33 34 
5 33 35 
5 34 36 
3 35 36 
3 33 41 
3 34 42 
23 34 40 
2 35 40 
23 35 39 
2 34 39 
2 33 26 
23 33 27 
23 32 26 
2 32 27 
3 32 31 
3 26 27 
3 23 38 
3 1 39 
24 1 26 
4 1 23 
24 2 23 
4 2 3 
4 39 24 
4 40 5 
3 40 24 
39 40 41 
32 40 36 
33 40 18 
36 41 18 
35 34 18 
33 32 21 
31 27 22 
31 26 15 
30 27 15 
29 32 15 
29 27 13 
30 32 13 
31 33 13 
26 34 13 
39 36 13 
39 33 15 
39 32 14 
26 30 14 
31 29 14 
27 17 14 
38 17 15 
37 28 15 
43 19 15 
29 19 22 
30 17 22 
29 17 16 
30 28 16 
31 19 16 
17 19 6 
22 16 6 
10 16 7 
11 6 7 
21 22 7 
8 15 7 
8 13 22 
21 13 10 
11 15 10 
11 14 21 
10 14 8 
12 14 20 
12 13 11 
21 15 6 
14 15 22 
14 13 16 
20 13 35 
20 11 9 
12 21 9 
8 21 20 
17 28 26 
29 28 23 
29 43 26 
29 37 38 
30 43 38 
31 43 37 
27 25 37 
32 0 37 
27 0 38 
26 25 38 
26 0 39 
31 0 23 
30 0 2 
30 25 23 
31 25 2 
29 25 1 
28 0 1 
43 0 25 
37 1 2 
38 1 32 
38 39 31 
37 39 30 
29 33 30 
31 1 30 
27 1 28 
32 25 28 
31 25 17 
31 43 28 
30 19 28 
26 19 37 
23 17 37 
23 17 43 
2 28 38 
39 29 27 
40 26 27 
35 26 27 
34 38 27 
34 31 32 
35 24 32 
26 4 32 
39 5 23 
2 5 3 
0 29 3 
1 33 38 
23 13 38 
40 13 17 
27 15 16 
33 14 6 
34 14 7 
35 14 9 
34 10 20 
18 10 12 
18 8 9 
18 20 36 
8 11 12 
10 11 22 
7 17 19 
11 17 16 
10 17 6 
21 27 6 
21 1 43 
21 5 24 
21 40 42 
13 40 15 
42 42 42 
;

MOVING ROBOT :
0 0 0 
1 1 0 
1 1 0 
1 1 0 
1 0 1 
1 1 0 
0 1 1 
1 0 1 
1 0 1 
0 1 1 
1 1 0 
0 1 1 
0 1 1 
1 0 1 
1 1 0 
1 0 1 
1 1 0 
0 1 1 
1 0 1 
0 1 1 
1 0 1 
1 0 1 
0 1 1 
0 1 1 
0 1 1 
1 0 1 
1 0 1 
1 1 0 
1 0 1 
0 1 1 
0 1 1 
1 0 1 
1 0 1 
1 0 1 
1 0 1 
1 1 0 
1 1 0 
1 1 1 
1 1 1 
0 1 1 
1 1 0 
1 1 0 
0 1 1 
1 1 0 
1 1 0 
1 1 0 
1 1 0 
0 1 1 
0 1 1 
1 1 0 
1 1 0 
1 1 0 
1 0 1 
1 1 0 
1 1 0 
1 0 1 
1 1 0 
1 0 1 
1 1 0 
1 1 0 
1 0 1 
1 1 0 
1 0 1 
1 1 0 
1 1 0 
1 1 0 
0 1 1 
1 0 1 
1 1 0 
0 1 1 
1 0 1 
1 0 1 
0 1 1 
1 1 1 
1 0 1 
0 1 1 
1 0 1 
0 1 1 
1 1 0 
1 0 1 
1 1 1 
1 0 1 
0 1 1 
0 1 1 
1 1 0 
1 0 1 
1 1 0 
1 1 0 
1 0 1 
1 1 0 
0 1 1 
1 0 1 
1 0 1 
0 1 1 
1 0 1 
1 0 1 
1 1 0 
1 0 1 
1 1 1 
1 0 1 
0 1 1 
1 0 1 
1 1 0 
1 1 0 
1 0 1 
1 1 0 
1 0 1 
0 1 1 
1 1 0 
1 0 1 
1 1 0 
0 0 1 
1 1 1 
1 1 1 
1 1 0 
1 0 0 
1 1 0 
0 1 1 
1 1 0 
1 1 0 
1 1 1 
1 0 1 
1 1 0 
1 1 1 
1 1 0 
1 0 1 
1 1 1 
1 1 1 
1 0 1 
1 0 1 
1 1 1 
1 0 1 
0 1 1 
0 1 1 
1 1 1 
1 0 1 
1 1 1 
1 0 1 
1 0 1 
1 1 0 
0 1 1 
0 1 1 
0 1 1 
1 0 1 
1 1 1 
;
MEASURING ROBOT :
0 0 0 
1 1 1 
1 1 1 
1 1 1 
1 1 1 
1 1 1 
1 1 1 
1 1 1 
1 1 1 
1 1 1 
1 1 1 
1 1 1 
1 1 1 
1 1 1 
1 1 1 
1 1 1 
1 1 1 
1 1 1 
1 1 1 
1 1 1 
1 1 1 
1 1 1 
1 1 1 
1 1 1 
1 1 1 
1 1 1 
1 1 1 
1 1 1 
1 1 1 
1 1 1 
1 1 1 
1 1 1 
1 1 1 
1 1 1 
1 1 1 
1 1 1 
1 1 1 
1 1 1 
1 1 1 
1 1 1 
1 1 1 
1 1 1 
1 1 1 
1 1 1 
1 1 1 
1 1 1 
1 1 1 
1 1 1 
1 1 1 
1 1 1 
1 1 1 
1 1 1 
1 1 1 
1 1 1 
1 1 1 
1 1 1 
1 1 1 
1 1 1 
1 1 1 
1 1 1 
1 1 1 
1 1 1 
1 1 1 
1 1 1 
1 1 1 
1 1 1 
1 1 1 
1 1 1 
1 1 1 
1 1 1 
1 1 1 
1 1 1 
1 1 1 
1 1 1 
1 1 1 
1 1 1 
1 1 1 
1 1 1 
1 1 1 
1 1 1 
1 1 1 
1 1 1 
1 1 1 
1 1 1 
1 1 1 
1 1 1 
1 1 1 
1 1 1 
1 1 1 
1 1 1 
1 1 1 
1 1 1 
1 1 1 
1 1 1 
1 1 1 
1 1 1 
1 1 1 
1 1 1 
1 1 1 
1 1 1 
1 1 1 
1 1 1 
1 1 1 
1 1 1 
1 1 1 
1 1 1 
1 1 1 
1 1 1 
1 1 1 
1 1 1 
1 1 1 
1 1 1 
1 1 1 
1 1 1 
1 1 1 
1 1 1 
1 1 1 
1 1 1 
1 1 1 
1 1 1 
1 1 1 
1 1 1 
1 1 1 
1 1 1 
1 1 1 
1 1 1 
1 1 1 
1 1 1 
1 1 1 
1 1 1 
1 1 1 
1 1 1 
1 1 1 
1 1 1 
1 1 1 
1 1 1 
1 1 1 
1 0 1 
1 0 1 
1 1 0 
0 1 1 
0 1 1 
0 1 1 
1 0 1 
0 0 0 
;
TIMETABLE : 
0 0 0 
18.0 10.0 0 
26.0 19.0 0 
33.0 29.0 0 
40.0 29.0 10.0 
47.0 37.0 10.0 
47.0 46.0 19.0 
54.0 46.0 33.0 
62.0 46.0 41.0 
62.0 55.0 51.0 
83.0 63.0 51.0 
83.0 76.0 60.0 
83.0 85.0 70.0 
96.0 85.0 89.0 
103.0 93.0 89.0 
110.0 93.0 100.0 
117.0 101.0 100.0 
117.0 110.0 108.0 
124.0 110.0 115.0 
124.0 119.0 122.0 
131.0 119.0 129.0 
145.0 119.0 136.0 
145.0 132.0 143.0 
145.0 140.0 158.0 
145.0 150.0 170.0 
158.0 150.0 178.0 
165.0 150.0 186.0 
172.0 165.0 186.0 
179.0 165.0 199.0 
179.0 182.0 212.0 
179.0 193.0 220.0 
193.0 193.0 228.0 
216.0 193.0 244.0 
235.0 193.0 253.0 
244.0 193.0 271.0 
263.0 204.0 271.0 
273.0 227.0 271.0 
286.0 241.0 303.0 
304.0 247.0 319.0 
304.0 254.0 332.0 
312.0 261.0 332.0 
320.0 267.0 332.0 
320.0 273.0 346.0 
328.0 279.0 346.0 
336.0 288.0 346.0 
350.0 297.0 346.0 
358.0 311.0 346.0 
358.0 330.0 360.0 
358.0 339.0 374.0 
366.0 356.0 374.0 
380.0 364.0 374.0 
387.0 379.0 374.0 
402.0 379.0 388.0 
411.0 389.0 388.0 
417.0 403.0 388.0 
436.0 403.0 401.0 
444.0 415.0 401.0 
452.0 415.0 417.0 
460.0 425.0 417.0 
468.0 439.0 417.0 
491.0 439.0 431.0 
525.0 453.0 431.0 
538.0 453.0 445.0 
551.0 467.0 445.0 
561.0 479.0 445.0 
568.0 492.0 445.0 
568.0 506.0 451.0 
575.0 506.0 464.0 
585.0 520.0 464.0 
585.0 534.0 477.0 
598.0 534.0 484.0 
624.0 534.0 498.0 
624.0 552.0 521.0 
637.0 566.0 547.0 
670.0 566.0 559.0 
670.0 580.0 575.0 
714.0 580.0 639.0 
714.0 621.0 681.0 
724.0 631.0 681.0 
738.0 631.0 690.0 
795.0 683.0 752.0 
810.0 683.0 760.0 
810.0 697.0 768.0 
810.0 703.0 776.0 
818.0 709.0 776.0 
826.0 709.0 785.0 
833.0 720.0 785.0 
839.0 730.0 785.0 
845.0 730.0 794.0 
852.0 740.0 794.0 
852.0 750.0 806.0 
866.0 750.0 816.0 
874.0 750.0 823.0 
874.0 760.0 830.0 
882.0 760.0 837.0 
894.0 760.0 852.0 
903.0 770.0 852.0 
917.0 770.0 868.0 
923.0 784.0 891.0 
932.0 784.0 917.0 
932.0 804.0 930.0 
941.0 804.0 938.0 
966.0 828.0 938.0 
978.0 862.0 938.0 
985.0 862.0 951.0 
991.0 878.0 951.0 
1004.0 878.0 961.0 
1004.0 889.0 971.0 
1012.0 907.0 971.0 
1030.0 907.0 991.0 
1038.0 919.0 991.0 
1038.0 919.0 997.0 
1045.0 929.0 1012.0 
1062.0 938.0 1027.0 
1073.0 960.0 1027.0 
1099.0 960.0 1027.0 
1107.0 968.0 1027.0 
1107.0 988.0 1033.0 
1115.0 1028.0 1033.0 
1142.0 1035.0 1033.0 
1150.0 1050.0 1052.0 
1167.0 1050.0 1065.0 
1188.0 1106.0 1065.0 
1202.0 1132.0 1090.0 
1212.0 1222.0 1090.0 
1233.0 1222.0 1125.0 
1259.0 1236.0 1151.0 
1270.0 1250.0 1165.0 
1279.0 1250.0 1179.0 
1287.0 1250.0 1219.0 
1295.0 1280.0 1228.0 
1321.0 1280.0 1238.0 
1321.0 1300.0 1255.0 
1321.0 1314.0 1293.0 
1354.0 1337.0 1338.0 
1374.0 1337.0 1367.0 
1391.0 1387.0 1389.0 
1411.0 1387.0 1403.0 
1424.0 1387.0 1417.0 
1437.0 1413.0 1417.0 
1437.0 1436.0 1455.0 
1437.0 1470.0 1500.0 
1437.0 1491.0 1518.0 
1478.0 1491.0 1602.0 
1576.0 1510.0 1686.0 
;
EXECUTION TIME KUMAR3: 181.967128038 seconds

-------------------------------------------------------------------
DATFILE : offices1_3r_250.dat
ENVIRONMENT : office
ALGORITHM : KUMAR3
RANGE : 250
STARTING_POS : 42
N_ROBOTS : 3
KUMAR3 sumD / heuristic : 4772.0
CONFIGURATIONS :
42 42 42 
5 41 42 
24 36 42 
4 35 42 
24 35 41 
4 34 41 
4 33 36 
24 33 34 
5 33 35 
5 34 36 
3 35 36 
3 33 41 
3 34 42 
23 34 40 
2 35 40 
23 35 39 
2 34 39 
2 33 26 
23 33 27 
23 32 26 
2 32 27 
3 32 31 
3 26 27 
3 23 38 
3 1 39 
24 1 26 
4 1 23 
24 2 23 
4 2 3 
4 39 24 
4 40 5 
3 40 24 
39 40 41 
32 40 36 
33 40 18 
36 41 18 
35 34 18 
33 32 21 
31 27 22 
31 26 15 
30 27 15 
29 32 15 
29 27 13 
30 32 13 
31 33 13 
26 34 13 
39 36 13 
39 33 15 
39 32 14 
26 30 14 
31 29 14 
27 17 14 
38 17 15 
37 28 15 
43 19 15 
29 19 22 
30 17 22 
29 17 16 
30 28 16 
31 19 16 
17 19 6 
22 16 6 
10 16 7 
11 6 7 
21 22 7 
8 15 7 
8 13 22 
21 13 10 
11 15 10 
11 14 21 
10 14 8 
12 14 20 
12 13 11 
21 15 6 
14 15 22 
14 13 16 
20 13 35 
20 11 9 
12 21 9 
8 21 20 
17 28 26 
29 28 23 
29 43 26 
29 37 38 
30 43 38 
31 43 37 
27 25 37 
32 0 37 
27 0 38 
26 25 38 
26 0 39 
31 0 23 
30 0 2 
30 25 23 
31 25 2 
29 25 1 
28 0 1 
43 0 25 
37 1 2 
38 1 32 
38 39 31 
37 39 30 
29 33 30 
31 1 30 
27 1 28 
32 25 28 
31 25 17 
31 43 28 
30 19 28 
26 19 37 
23 17 37 
23 17 43 
2 28 38 
39 29 27 
40 26 27 
35 26 27 
34 38 27 
34 31 32 
35 24 32 
26 4 32 
39 5 23 
2 5 3 
0 29 3 
1 33 38 
23 13 38 
40 13 17 
27 15 16 
33 14 6 
34 14 7 
35 14 9 
34 10 20 
18 10 12 
18 8 9 
18 20 36 
8 11 12 
10 11 22 
7 17 19 
11 17 16 
10 17 6 
21 27 6 
21 1 43 
21 5 24 
21 40 42 
13 40 15 
42 42 42 
;

MOVING ROBOT :
0 0 0 
1 1 0 
1 1 0 
1 1 0 
1 0 1 
1 1 0 
0 1 1 
1 0 1 
1 0 1 
0 1 1 
1 1 0 
0 1 1 
0 1 1 
1 0 1 
1 1 0 
1 0 1 
1 1 0 
0 1 1 
1 0 1 
0 1 1 
1 0 1 
1 0 1 
0 1 1 
0 1 1 
0 1 1 
1 0 1 
1 0 1 
1 1 0 
1 0 1 
0 1 1 
0 1 1 
1 0 1 
1 0 1 
1 0 1 
1 0 1 
1 1 0 
1 1 0 
1 1 1 
1 1 1 
0 1 1 
1 1 0 
1 1 0 
0 1 1 
1 1 0 
1 1 0 
1 1 0 
1 1 0 
0 1 1 
0 1 1 
1 1 0 
1 1 0 
1 1 0 
1 0 1 
1 1 0 
1 1 0 
1 0 1 
1 1 0 
1 0 1 
1 1 0 
1 1 0 
1 0 1 
1 1 0 
1 0 1 
1 1 0 
1 1 0 
1 1 0 
0 1 1 
1 0 1 
1 1 0 
0 1 1 
1 0 1 
1 0 1 
0 1 1 
1 1 1 
1 0 1 
0 1 1 
1 0 1 
0 1 1 
1 1 0 
1 0 1 
1 1 1 
1 0 1 
0 1 1 
0 1 1 
1 1 0 
1 0 1 
1 1 0 
1 1 0 
1 0 1 
1 1 0 
0 1 1 
1 0 1 
1 0 1 
0 1 1 
1 0 1 
1 0 1 
1 1 0 
1 0 1 
1 1 1 
1 0 1 
0 1 1 
1 0 1 
1 1 0 
1 1 0 
1 0 1 
1 1 0 
1 0 1 
0 1 1 
1 1 0 
1 0 1 
1 1 0 
0 0 1 
1 1 1 
1 1 1 
1 1 0 
1 0 0 
1 1 0 
0 1 1 
1 1 0 
1 1 0 
1 1 1 
1 0 1 
1 1 0 
1 1 1 
1 1 0 
1 0 1 
1 1 1 
1 1 1 
1 0 1 
1 0 1 
1 1 1 
1 0 1 
0 1 1 
0 1 1 
1 1 1 
1 0 1 
1 1 1 
1 0 1 
1 0 1 
1 1 0 
0 1 1 
0 1 1 
0 1 1 
1 0 1 
1 1 1 
;
MEASURING ROBOT :
0 0 0 
1 1 1 
1 1 1 
1 1 1 
1 1 1 
1 1 1 
1 1 1 
1 1 1 
1 1 1 
1 1 1 
1 1 1 
1 1 1 
1 1 1 
1 1 1 
1 1 1 
1 1 1 
1 1 1 
1 1 1 
1 1 1 
1 1 1 
1 1 1 
1 1 1 
1 1 1 
1 1 1 
1 1 1 
1 1 1 
1 1 1 
1 1 1 
1 1 1 
1 1 1 
1 1 1 
1 1 1 
1 1 1 
1 1 1 
1 1 1 
1 1 1 
1 1 1 
1 1 1 
1 1 1 
1 1 1 
1 1 1 
1 1 1 
1 1 1 
1 1 1 
1 1 1 
1 1 1 
1 1 1 
1 1 1 
1 1 1 
1 1 1 
1 1 1 
1 1 1 
1 1 1 
1 1 1 
1 1 1 
1 1 1 
1 1 1 
1 1 1 
1 1 1 
1 1 1 
1 1 1 
1 1 1 
1 1 1 
1 1 1 
1 1 1 
1 1 1 
1 1 1 
1 1 1 
1 1 1 
1 1 1 
1 1 1 
1 1 1 
1 1 1 
1 1 1 
1 1 1 
1 1 1 
1 1 1 
1 1 1 
1 1 1 
1 1 1 
1 1 1 
1 1 1 
1 1 1 
1 1 1 
1 1 1 
1 1 1 
1 1 1 
1 1 1 
1 1 1 
1 1 1 
1 1 1 
1 1 1 
1 1 1 
1 1 1 
1 1 1 
1 1 1 
1 1 1 
1 1 1 
1 1 1 
1 1 1 
1 1 1 
1 1 1 
1 1 1 
1 1 1 
1 1 1 
1 1 1 
1 1 1 
1 1 1 
1 1 1 
1 1 1 
1 1 1 
1 1 1 
1 1 1 
1 1 1 
1 1 1 
1 1 1 
1 1 1 
1 1 1 
1 1 1 
1 1 1 
1 1 1 
1 1 1 
1 1 1 
1 1 1 
1 1 1 
1 1 1 
1 1 1 
1 1 1 
1 1 1 
1 1 1 
1 1 1 
1 1 1 
1 1 1 
1 1 1 
1 1 1 
1 1 1 
1 1 1 
1 0 1 
1 0 1 
1 1 0 
0 1 1 
0 1 1 
0 1 1 
1 0 1 
0 0 0 
;
TIMETABLE : 
0 0 0 
18.0 10.0 0 
26.0 19.0 0 
33.0 29.0 0 
40.0 29.0 10.0 
47.0 37.0 10.0 
47.0 46.0 19.0 
54.0 46.0 33.0 
62.0 46.0 41.0 
62.0 55.0 51.0 
83.0 63.0 51.0 
83.0 76.0 60.0 
83.0 85.0 70.0 
96.0 85.0 89.0 
103.0 93.0 89.0 
110.0 93.0 100.0 
117.0 101.0 100.0 
117.0 110.0 108.0 
124.0 110.0 115.0 
124.0 119.0 122.0 
131.0 119.0 129.0 
145.0 119.0 136.0 
145.0 132.0 143.0 
145.0 140.0 158.0 
145.0 150.0 170.0 
158.0 150.0 178.0 
165.0 150.0 186.0 
172.0 165.0 186.0 
179.0 165.0 199.0 
179.0 182.0 212.0 
179.0 193.0 220.0 
193.0 193.0 228.0 
216.0 193.0 244.0 
235.0 193.0 253.0 
244.0 193.0 271.0 
263.0 204.0 271.0 
273.0 227.0 271.0 
286.0 241.0 303.0 
304.0 247.0 319.0 
304.0 254.0 332.0 
312.0 261.0 332.0 
320.0 267.0 332.0 
320.0 273.0 346.0 
328.0 279.0 346.0 
336.0 288.0 346.0 
350.0 297.0 346.0 
358.0 311.0 346.0 
358.0 330.0 360.0 
358.0 339.0 374.0 
366.0 356.0 374.0 
380.0 364.0 374.0 
387.0 379.0 374.0 
402.0 379.0 388.0 
411.0 389.0 388.0 
417.0 403.0 388.0 
436.0 403.0 401.0 
444.0 415.0 401.0 
452.0 415.0 417.0 
460.0 425.0 417.0 
468.0 439.0 417.0 
491.0 439.0 431.0 
525.0 453.0 431.0 
538.0 453.0 445.0 
551.0 467.0 445.0 
561.0 479.0 445.0 
568.0 492.0 445.0 
568.0 506.0 451.0 
575.0 506.0 464.0 
585.0 520.0 464.0 
585.0 534.0 477.0 
598.0 534.0 484.0 
624.0 534.0 498.0 
624.0 552.0 521.0 
637.0 566.0 547.0 
670.0 566.0 559.0 
670.0 580.0 575.0 
714.0 580.0 639.0 
714.0 621.0 681.0 
724.0 631.0 681.0 
738.0 631.0 690.0 
795.0 683.0 752.0 
810.0 683.0 760.0 
810.0 697.0 768.0 
810.0 703.0 776.0 
818.0 709.0 776.0 
826.0 709.0 785.0 
833.0 720.0 785.0 
839.0 730.0 785.0 
845.0 730.0 794.0 
852.0 740.0 794.0 
852.0 750.0 806.0 
866.0 750.0 816.0 
874.0 750.0 823.0 
874.0 760.0 830.0 
882.0 760.0 837.0 
894.0 760.0 852.0 
903.0 770.0 852.0 
917.0 770.0 868.0 
923.0 784.0 891.0 
932.0 784.0 917.0 
932.0 804.0 930.0 
941.0 804.0 938.0 
966.0 828.0 938.0 
978.0 862.0 938.0 
985.0 862.0 951.0 
991.0 878.0 951.0 
1004.0 878.0 961.0 
1004.0 889.0 971.0 
1012.0 907.0 971.0 
1030.0 907.0 991.0 
1038.0 919.0 991.0 
1038.0 919.0 997.0 
1045.0 929.0 1012.0 
1062.0 938.0 1027.0 
1073.0 960.0 1027.0 
1099.0 960.0 1027.0 
1107.0 968.0 1027.0 
1107.0 988.0 1033.0 
1115.0 1028.0 1033.0 
1142.0 1035.0 1033.0 
1150.0 1050.0 1052.0 
1167.0 1050.0 1065.0 
1188.0 1106.0 1065.0 
1202.0 1132.0 1090.0 
1212.0 1222.0 1090.0 
1233.0 1222.0 1125.0 
1259.0 1236.0 1151.0 
1270.0 1250.0 1165.0 
1279.0 1250.0 1179.0 
1287.0 1250.0 1219.0 
1295.0 1280.0 1228.0 
1321.0 1280.0 1238.0 
1321.0 1300.0 1255.0 
1321.0 1314.0 1293.0 
1354.0 1337.0 1338.0 
1374.0 1337.0 1367.0 
1391.0 1387.0 1389.0 
1411.0 1387.0 1403.0 
1424.0 1387.0 1417.0 
1437.0 1413.0 1417.0 
1437.0 1436.0 1455.0 
1437.0 1470.0 1500.0 
1437.0 1491.0 1518.0 
1478.0 1491.0 1602.0 
1576.0 1510.0 1686.0 
;
EXECUTION TIME KUMAR3: 184.855129004 seconds

-------------------------------------------------------------------
DATFILE : offices1_3r_250.dat
ENVIRONMENT : office
ALGORITHM : KUMAR3
RANGE : 250
STARTING_POS : 42
N_ROBOTS : 3
KUMAR3 sumD / objective : 4002.0
CONFIGURATIONS :
42 42 42 
5 41 42 
24 41 42 
4 41 42 
4 36 42 
24 36 42 
5 36 42 
5 35 42 
5 34 42 
24 34 42 
4 34 42 
4 35 42 
24 35 42 
24 35 41 
24 34 41 
24 33 41 
4 33 41 
4 32 41 
24 32 41 
24 32 36 
24 33 36 
5 33 36 
5 34 36 
5 35 36 
5 35 34 
5 35 33 
5 34 33 
5 34 32 
5 34 27 
5 34 26 
5 34 23 
5 34 2 
24 34 2 
24 34 23 
4 34 23 
4 34 2 
4 35 2 
4 35 23 
4 35 26 
24 35 26 
24 35 27 
24 35 32 
24 33 32 
24 33 27 
24 33 26 
24 33 23 
24 33 2 
24 32 2 
24 27 2 
24 26 2 
24 26 23 
24 27 23 
24 32 23 
24 32 26 
24 27 26 
24 31 26 
24 31 27 
24 31 32 
24 27 32 
24 30 32 
24 30 27 
24 30 26 
24 30 23 
24 30 2 
24 31 2 
24 31 23 
24 31 1 
4 31 1 
4 27 1 
4 32 1 
4 33 1 
3 33 1 
3 32 1 
3 27 1 
3 26 1 
3 23 1 
3 2 1 
3 2 23 
3 2 39 
3 23 39 
3 26 39 
3 27 39 
3 32 39 
3 33 39 
3 34 39 
3 35 39 
3 36 39 
3 41 39 
3 42 39 
3 42 40 
3 41 40 
3 36 40 
3 35 40 
3 34 40 
3 33 40 
3 32 40 
3 27 40 
3 26 40 
3 23 40 
3 2 40 
24 2 40 
4 2 40 
4 2 39 
24 2 39 
5 2 39 
5 2 40 
5 3 40 
24 3 40 
4 3 40 
4 24 40 
4 5 40 
24 5 40 
39 5 40 
39 5 38 
26 5 38 
27 5 38 
32 5 38 
32 5 37 
27 5 37 
26 5 37 
26 5 43 
23 5 43 
23 5 37 
2 5 37 
2 5 38 
23 5 38 
1 5 38 
1 5 37 
1 5 43 
1 5 25 
1 5 0 
23 5 0 
2 5 0 
2 5 25 
23 5 25 
26 5 25 
27 5 25 
31 5 25 
30 5 25 
29 5 25 
28 5 25 
28 5 0 
29 5 0 
30 5 0 
31 5 0 
27 5 0 
32 5 0 
26 5 0 
38 5 0 
37 5 0 
43 5 0 
43 5 25 
37 5 25 
38 5 25 
38 5 43 
38 5 37 
39 5 37 
31 5 37 
31 5 43 
30 5 43 
30 5 37 
29 5 37 
29 5 43 
28 5 43 
28 5 37 
28 5 38 
28 5 26 
28 5 27 
28 5 32 
29 5 32 
29 5 27 
29 5 26 
29 5 23 
28 5 23 
28 5 1 
29 5 1 
30 5 1 
30 5 38 
29 5 38 
29 5 39 
30 5 39 
31 5 39 
31 5 38 
33 5 38 
34 5 38 
34 5 31 
33 5 31 
33 5 30 
33 5 29 
31 5 29 
31 5 30 
29 5 30 
28 5 30 
28 5 29 
17 5 29 
17 5 30 
17 5 31 
17 5 27 
17 5 26 
17 5 38 
17 5 37 
17 5 43 
17 5 25 
19 5 43 
19 5 37 
43 5 37 
43 3 38 
43 3 31 
28 3 31 
19 3 31 
19 3 30 
19 3 29 
19 3 28 
19 3 17 
16 3 17 
16 3 28 
16 3 29 
16 3 30 
16 3 31 
16 3 27 
22 3 27 
22 3 31 
22 3 30 
22 3 29 
15 3 29 
15 3 30 
15 3 31 
15 3 27 
15 3 32 
15 3 33 
13 3 33 
13 3 32 
13 3 27 
13 3 26 
13 3 23 
13 3 39 
13 3 40 
13 3 36 
13 3 35 
13 3 34 
14 3 34 
14 3 35 
14 3 33 
14 3 32 
14 3 27 
14 3 26 
14 3 39 
15 3 39 
15 3 26 
15 3 38 
15 3 37 
15 3 43 
15 3 28 
15 3 17 
15 3 19 
22 3 19 
7 3 19 
7 3 17 
22 3 17 
6 3 17 
6 3 19 
16 3 19 
16 3 6 
16 3 22 
16 3 7 
6 3 7 
6 3 22 
6 3 10 
22 3 10 
7 3 10 
7 3 11 
22 3 11 
22 3 21 
7 3 21 
7 3 8 
22 3 8 
10 3 8 
10 3 21 
10 3 11 
21 3 11 
8 3 11 
8 3 21 
8 3 12 
21 3 12 
11 3 12 
11 3 20 
11 3 9 
21 3 9 
8 3 9 
8 3 20 
21 3 20 
10 3 20 
10 3 12 
20 3 12 
9 3 12 
9 3 20 
9 3 18 
20 3 18 
12 3 18 
20 3 36 
20 3 35 
20 3 34 
18 3 34 
18 3 35 
18 3 36 
18 3 41 
18 3 40 
36 3 41 
33 3 18 
33 3 21 
32 3 21 
27 3 21 
0 3 21 
0 39 21 
1 39 21 
0 25 21 
0 6 21 
0 6 11 
0 16 11 
0 16 10 
0 16 15 
0 6 15 
0 22 15 
0 7 15 
0 7 22 
0 7 14 
0 22 14 
0 6 14 
0 16 14 
0 16 13 
0 22 13 
0 10 13 
0 11 13 
0 21 13 
0 8 13 
0 12 13 
0 20 13 
0 20 14 
0 9 14 
0 12 14 
0 21 14 
0 8 14 
0 8 15 
0 21 15 
0 11 15 
0 10 15 
0 10 14 
0 11 14 
0 15 14 
0 13 14 
0 13 15 
38 13 15 
31 13 15 
30 13 15 
29 13 15 
29 13 14 
30 13 14 
31 13 14 
17 13 14 
17 13 28 
42 42 42 
;

MOVING ROBOT :
0 0 0 
1 1 0 
1 0 0 
1 0 0 
0 1 0 
1 0 0 
1 0 0 
0 1 0 
0 1 0 
1 0 0 
1 0 0 
0 1 0 
1 0 0 
0 0 1 
0 1 0 
0 1 0 
1 0 0 
0 1 0 
1 0 0 
0 0 1 
0 1 0 
1 0 0 
0 1 0 
0 1 0 
0 0 1 
0 0 1 
0 1 0 
0 0 1 
0 0 1 
0 0 1 
0 0 1 
0 0 1 
1 0 0 
0 0 1 
1 0 0 
0 0 1 
0 1 0 
0 0 1 
0 0 1 
1 0 0 
0 0 1 
0 0 1 
0 1 0 
0 0 1 
0 0 1 
0 0 1 
0 0 1 
0 1 0 
0 1 0 
0 1 0 
0 0 1 
0 1 0 
0 1 0 
0 0 1 
0 1 0 
0 1 0 
0 0 1 
0 0 1 
0 1 0 
0 1 0 
0 0 1 
0 0 1 
0 0 1 
0 0 1 
0 1 0 
0 0 1 
0 0 1 
1 0 0 
0 1 0 
0 1 0 
0 1 0 
1 0 0 
0 1 0 
0 1 0 
0 1 0 
0 1 0 
0 1 0 
0 0 1 
0 0 1 
0 1 0 
0 1 0 
0 1 0 
0 1 0 
0 1 0 
0 1 0 
0 1 0 
0 1 0 
0 1 0 
0 1 0 
0 0 1 
0 1 0 
0 1 0 
0 1 0 
0 1 0 
0 1 0 
0 1 0 
0 1 0 
0 1 0 
0 1 0 
0 1 0 
1 0 0 
1 0 0 
0 0 1 
1 0 0 
1 0 0 
0 0 1 
0 1 0 
1 0 0 
1 0 0 
0 1 0 
0 1 0 
1 0 0 
1 0 0 
0 0 1 
1 0 0 
1 0 0 
1 0 0 
0 0 1 
1 0 0 
1 0 0 
0 0 1 
1 0 0 
0 0 1 
1 0 0 
0 0 1 
1 0 0 
1 0 0 
0 0 1 
0 0 1 
0 0 1 
0 0 1 
1 0 0 
1 0 0 
0 0 1 
1 0 0 
1 0 0 
1 0 0 
1 0 0 
1 0 0 
1 0 0 
1 0 0 
0 0 1 
1 0 0 
1 0 0 
1 0 0 
1 0 0 
1 0 0 
1 0 0 
1 0 0 
1 0 0 
1 0 0 
0 0 1 
1 0 0 
1 0 0 
0 0 1 
0 0 1 
1 0 0 
1 0 0 
0 0 1 
1 0 0 
0 0 1 
1 0 0 
0 0 1 
1 0 0 
0 0 1 
0 0 1 
0 0 1 
0 0 1 
0 0 1 
1 0 0 
0 0 1 
0 0 1 
0 0 1 
1 0 0 
0 0 1 
1 0 0 
1 0 0 
0 0 1 
1 0 0 
0 0 1 
1 0 0 
1 0 0 
0 0 1 
1 0 0 
1 0 0 
0 0 1 
1 0 0 
0 0 1 
0 0 1 
1 0 0 
0 0 1 
1 0 0 
1 0 0 
0 0 1 
1 0 0 
0 0 1 
0 0 1 
0 0 1 
0 0 1 
0 0 1 
0 0 1 
0 0 1 
0 0 1 
1 0 1 
0 0 1 
1 0 0 
0 1 1 
0 0 1 
1 0 0 
1 0 0 
0 0 1 
0 0 1 
0 0 1 
0 0 1 
1 0 0 
0 0 1 
0 0 1 
0 0 1 
0 0 1 
0 0 1 
1 0 0 
0 0 1 
0 0 1 
0 0 1 
1 0 0 
0 0 1 
0 0 1 
0 0 1 
0 0 1 
0 0 1 
1 0 0 
0 0 1 
0 0 1 
0 0 1 
0 0 1 
0 0 1 
0 0 1 
0 0 1 
0 0 1 
0 0 1 
1 0 0 
0 0 1 
0 0 1 
0 0 1 
0 0 1 
0 0 1 
0 0 1 
1 0 0 
0 0 1 
0 0 1 
0 0 1 
0 0 1 
0 0 1 
0 0 1 
0 0 1 
1 0 0 
1 0 0 
0 0 1 
1 0 0 
1 0 0 
0 0 1 
1 0 0 
0 0 1 
0 0 1 
0 0 1 
1 0 0 
0 0 1 
0 0 1 
1 0 0 
1 0 0 
0 0 1 
1 0 0 
0 0 1 
1 0 0 
0 0 1 
1 0 0 
1 0 0 
0 0 1 
0 0 1 
1 0 0 
1 0 0 
0 0 1 
0 0 1 
1 0 0 
1 0 0 
0 0 1 
0 0 1 
1 0 0 
1 0 0 
0 0 1 
1 0 0 
1 0 0 
0 0 1 
1 0 0 
1 0 0 
0 0 1 
0 0 1 
1 0 0 
1 0 0 
1 0 1 
0 0 1 
0 0 1 
1 0 0 
0 0 1 
0 0 1 
0 0 1 
0 0 1 
1 0 1 
1 0 1 
0 0 1 
1 0 0 
1 0 0 
1 0 0 
0 1 0 
1 0 0 
1 1 0 
0 1 0 
0 0 1 
0 1 0 
0 0 1 
0 0 1 
0 1 0 
0 1 0 
0 1 0 
0 0 1 
0 0 1 
0 1 0 
0 1 0 
0 1 0 
0 0 1 
0 1 0 
0 1 0 
0 1 0 
0 1 0 
0 1 0 
0 1 0 
0 1 0 
0 0 1 
0 1 0 
0 1 0 
0 1 0 
0 1 0 
0 0 1 
0 1 0 
0 1 0 
0 1 0 
0 0 1 
0 1 0 
0 1 0 
0 1 0 
0 0 1 
1 0 0 
1 0 0 
1 0 0 
1 0 0 
0 0 1 
1 0 0 
1 0 0 
1 0 0 
0 0 1 
1 1 1 
;
MEASURING ROBOT :
0 0 0 
1 1 1 
1 1 1 
1 1 1 
1 1 1 
1 1 0 
1 1 0 
1 1 1 
1 1 1 
1 1 0 
1 1 0 
1 1 0 
1 1 0 
0 1 1 
0 1 1 
1 1 1 
1 1 0 
1 1 0 
1 1 0 
0 1 1 
0 1 1 
1 1 0 
0 1 1 
0 1 1 
0 1 1 
0 1 1 
0 1 1 
0 1 1 
0 1 1 
0 1 1 
1 1 1 
1 1 1 
1 0 1 
1 0 1 
1 0 1 
1 0 1 
0 1 1 
0 1 1 
1 1 1 
1 0 1 
0 1 1 
0 1 1 
0 1 1 
0 1 1 
0 1 1 
0 1 1 
0 1 1 
0 1 1 
0 1 1 
0 1 1 
0 1 1 
0 1 1 
0 1 1 
0 1 1 
0 1 1 
0 1 1 
0 1 1 
0 1 1 
0 1 1 
0 1 1 
0 1 1 
0 1 1 
0 1 1 
0 1 1 
0 1 1 
0 1 1 
1 1 1 
1 0 1 
0 1 1 
0 1 1 
0 1 1 
1 1 1 
1 1 0 
1 1 0 
1 1 1 
1 1 1 
1 1 1 
0 1 1 
1 1 1 
0 1 1 
0 1 1 
0 1 1 
0 1 1 
0 1 1 
1 1 1 
1 1 1 
1 1 1 
1 1 1 
1 1 0 
1 1 1 
0 1 1 
0 1 1 
0 1 1 
0 1 1 
0 1 1 
0 1 1 
0 1 1 
0 1 1 
0 1 1 
0 1 1 
1 0 1 
1 0 1 
1 0 1 
1 0 1 
1 0 1 
1 0 1 
1 1 0 
1 1 0 
1 1 0 
1 1 0 
1 1 0 
1 1 0 
1 0 1 
1 0 1 
1 0 1 
1 0 1 
1 0 1 
1 0 1 
1 0 1 
1 0 1 
1 0 1 
1 0 1 
1 0 1 
1 0 1 
1 0 1 
1 0 1 
1 0 1 
1 0 1 
1 0 1 
1 0 1 
1 0 1 
1 0 1 
1 0 1 
1 0 1 
1 0 1 
1 0 1 
1 0 1 
1 0 1 
1 0 1 
1 0 1 
1 0 1 
1 0 1 
1 0 1 
1 0 1 
1 0 1 
1 0 1 
1 0 1 
1 0 1 
1 0 1 
1 0 1 
1 0 1 
1 0 1 
1 0 1 
1 0 1 
1 0 1 
1 0 1 
1 0 1 
1 0 1 
1 0 1 
1 0 1 
1 0 1 
1 0 1 
1 0 1 
1 0 1 
1 0 1 
1 0 1 
1 0 1 
1 0 1 
1 0 1 
1 0 1 
1 0 1 
1 0 1 
1 0 1 
1 0 1 
1 0 1 
1 0 1 
1 0 1 
1 0 1 
1 0 1 
1 0 1 
1 0 1 
1 0 1 
1 0 1 
1 0 1 
1 0 1 
1 0 1 
1 0 1 
1 0 1 
1 0 1 
1 0 1 
1 0 1 
1 0 1 
1 0 1 
1 0 1 
1 0 1 
1 0 1 
1 0 1 
1 0 1 
1 0 1 
1 0 1 
1 0 1 
1 0 1 
1 0 1 
1 0 1 
1 0 1 
1 0 1 
0 1 1 
0 1 1 
1 0 1 
1 0 1 
1 0 1 
1 0 1 
1 0 1 
1 0 1 
1 0 1 
1 0 1 
1 0 1 
1 0 1 
1 0 1 
1 0 1 
1 0 1 
1 0 1 
1 0 1 
1 0 1 
1 0 1 
1 0 1 
1 0 1 
1 0 1 
1 0 1 
1 0 1 
1 0 1 
1 0 1 
1 0 1 
1 0 1 
1 0 1 
1 0 1 
1 0 1 
1 0 1 
1 0 1 
1 0 1 
1 0 1 
1 0 1 
1 0 1 
1 0 1 
1 0 1 
1 0 1 
1 0 1 
1 0 1 
1 0 1 
1 0 1 
1 0 1 
1 0 1 
1 0 1 
1 0 1 
1 0 1 
1 0 1 
1 0 1 
1 0 1 
1 0 1 
1 0 1 
1 0 1 
1 0 1 
1 0 1 
1 0 1 
1 0 1 
1 0 1 
1 0 1 
1 0 1 
1 0 1 
1 0 1 
1 0 1 
1 0 1 
1 0 1 
1 0 1 
1 0 1 
1 0 1 
1 0 1 
1 0 1 
1 0 1 
1 0 1 
1 0 1 
1 0 1 
1 0 1 
1 0 1 
1 0 1 
1 0 1 
1 0 1 
1 0 1 
1 0 1 
1 0 1 
1 0 1 
1 0 1 
1 0 1 
1 0 1 
1 0 1 
1 0 1 
1 0 1 
1 0 1 
1 0 1 
1 0 1 
1 0 1 
1 0 1 
1 0 1 
1 0 1 
1 0 1 
1 0 1 
1 0 1 
1 0 1 
1 0 1 
1 0 1 
1 0 1 
1 0 1 
1 1 0 
1 1 0 
1 1 0 
1 1 0 
0 1 1 
0 1 1 
0 1 1 
0 1 1 
0 1 1 
0 1 1 
0 1 1 
0 1 1 
0 1 1 
0 1 1 
0 1 1 
0 1 1 
0 1 1 
0 1 1 
0 1 1 
0 1 1 
0 1 1 
0 1 1 
0 1 1 
0 1 1 
0 1 1 
0 1 1 
0 1 1 
0 1 1 
0 1 1 
0 1 1 
0 1 1 
0 1 1 
0 1 1 
0 1 1 
0 1 1 
0 1 1 
0 1 1 
0 1 1 
0 1 1 
1 1 0 
1 1 0 
1 1 0 
1 1 0 
1 0 1 
1 0 1 
1 0 1 
1 1 1 
1 0 1 
0 0 0 
;
TIMETABLE : 
0 0 0 
18.0 10.0 0 
26.0 10.0 0 
33.0 10.0 0 
33.0 19.0 0 
40.0 19.0 0 
48.0 19.0 0 
48.0 29.0 0 
48.0 37.0 0 
56.0 37.0 0 
63.0 37.0 0 
63.0 45.0 0 
70.0 45.0 0 
70.0 45.0 10.0 
70.0 53.0 10.0 
70.0 62.0 10.0 
77.0 62.0 10.0 
77.0 71.0 10.0 
84.0 71.0 10.0 
84.0 71.0 19.0 
84.0 80.0 19.0 
92.0 80.0 19.0 
92.0 89.0 19.0 
92.0 97.0 19.0 
92.0 97.0 33.0 
92.0 97.0 42.0 
92.0 105.0 42.0 
92.0 105.0 51.0 
92.0 105.0 57.0 
92.0 105.0 64.0 
92.0 105.0 72.0 
92.0 105.0 79.0 
100.0 105.0 79.0 
100.0 105.0 86.0 
107.0 105.0 86.0 
107.0 105.0 93.0 
107.0 113.0 93.0 
107.0 113.0 100.0 
107.0 113.0 108.0 
114.0 113.0 108.0 
114.0 113.0 115.0 
114.0 113.0 121.0 
114.0 126.0 121.0 
114.0 126.0 127.0 
114.0 126.0 134.0 
114.0 126.0 142.0 
114.0 126.0 149.0 
114.0 135.0 149.0 
114.0 141.0 149.0 
114.0 148.0 149.0 
114.0 148.0 156.0 
114.0 155.0 156.0 
114.0 161.0 156.0 
114.0 161.0 164.0 
114.0 167.0 164.0 
114.0 174.0 164.0 
114.0 174.0 171.0 
114.0 174.0 177.0 
114.0 181.0 177.0 
114.0 192.0 177.0 
114.0 192.0 183.0 
114.0 192.0 190.0 
114.0 192.0 198.0 
114.0 192.0 205.0 
114.0 200.0 205.0 
114.0 200.0 212.0 
114.0 200.0 222.0 
121.0 200.0 222.0 
121.0 207.0 222.0 
121.0 213.0 222.0 
121.0 222.0 222.0 
135.0 222.0 222.0 
135.0 231.0 222.0 
135.0 237.0 222.0 
135.0 244.0 222.0 
135.0 252.0 222.0 
135.0 259.0 222.0 
135.0 259.0 232.0 
135.0 259.0 242.0 
135.0 266.0 242.0 
135.0 274.0 242.0 
135.0 281.0 242.0 
135.0 287.0 242.0 
135.0 296.0 242.0 
135.0 305.0 242.0 
135.0 313.0 242.0 
135.0 323.0 242.0 
135.0 332.0 242.0 
135.0 342.0 242.0 
135.0 342.0 253.0 
135.0 352.0 253.0 
135.0 361.0 253.0 
135.0 371.0 253.0 
135.0 379.0 253.0 
135.0 388.0 253.0 
135.0 397.0 253.0 
135.0 403.0 253.0 
135.0 410.0 253.0 
135.0 418.0 253.0 
135.0 425.0 253.0 
148.0 425.0 253.0 
155.0 425.0 253.0 
155.0 425.0 264.0 
162.0 425.0 264.0 
170.0 425.0 264.0 
170.0 425.0 275.0 
170.0 439.0 275.0 
178.0 439.0 275.0 
185.0 439.0 275.0 
185.0 452.0 275.0 
185.0 460.0 275.0 
192.0 460.0 275.0 
220.0 460.0 275.0 
220.0 460.0 298.0 
228.0 460.0 298.0 
235.0 460.0 298.0 
241.0 460.0 298.0 
241.0 460.0 307.0 
247.0 460.0 307.0 
254.0 460.0 307.0 
254.0 460.0 313.0 
262.0 460.0 313.0 
262.0 460.0 319.0 
269.0 460.0 319.0 
269.0 460.0 328.0 
276.0 460.0 328.0 
286.0 460.0 328.0 
286.0 460.0 337.0 
286.0 460.0 343.0 
286.0 460.0 354.0 
286.0 460.0 364.0 
296.0 460.0 364.0 
303.0 460.0 364.0 
303.0 460.0 374.0 
310.0 460.0 374.0 
318.0 460.0 374.0 
325.0 460.0 374.0 
332.0 460.0 374.0 
340.0 460.0 374.0 
348.0 460.0 374.0 
357.0 460.0 374.0 
357.0 460.0 384.0 
366.0 460.0 384.0 
374.0 460.0 384.0 
382.0 460.0 384.0 
389.0 460.0 384.0 
395.0 460.0 384.0 
408.0 460.0 384.0 
416.0 460.0 384.0 
425.0 460.0 384.0 
431.0 460.0 384.0 
431.0 460.0 394.0 
437.0 460.0 394.0 
446.0 460.0 394.0 
446.0 460.0 405.0 
446.0 460.0 411.0 
458.0 460.0 411.0 
480.0 460.0 411.0 
480.0 460.0 417.0 
488.0 460.0 417.0 
488.0 460.0 423.0 
496.0 460.0 423.0 
496.0 460.0 429.0 
505.0 460.0 429.0 
505.0 460.0 435.0 
505.0 460.0 444.0 
505.0 460.0 452.0 
505.0 460.0 459.0 
505.0 460.0 465.0 
514.0 460.0 465.0 
514.0 460.0 471.0 
514.0 460.0 478.0 
514.0 460.0 486.0 
523.0 460.0 486.0 
523.0 460.0 496.0 
532.0 460.0 496.0 
540.0 460.0 496.0 
540.0 460.0 514.0 
548.0 460.0 514.0 
548.0 460.0 526.0 
556.0 460.0 526.0 
564.0 460.0 526.0 
564.0 460.0 538.0 
582.0 460.0 538.0 
591.0 460.0 538.0 
591.0 460.0 558.0 
600.0 460.0 558.0 
600.0 460.0 566.0 
600.0 460.0 574.0 
618.0 460.0 574.0 
618.0 460.0 582.0 
630.0 460.0 582.0 
639.0 460.0 582.0 
639.0 460.0 590.0 
649.0 460.0 590.0 
649.0 460.0 598.0 
649.0 460.0 606.0 
649.0 460.0 613.0 
649.0 460.0 620.0 
649.0 460.0 628.0 
649.0 460.0 637.0 
649.0 460.0 643.0 
649.0 460.0 654.0 
661.0 460.0 665.0 
661.0 460.0 671.0 
679.0 460.0 671.0 
679.0 481.0 680.0 
679.0 481.0 700.0 
693.0 481.0 700.0 
707.0 481.0 700.0 
707.0 481.0 708.0 
707.0 481.0 716.0 
707.0 481.0 725.0 
707.0 481.0 735.0 
721.0 481.0 735.0 
721.0 481.0 745.0 
721.0 481.0 754.0 
721.0 481.0 762.0 
721.0 481.0 770.0 
721.0 481.0 777.0 
737.0 481.0 777.0 
737.0 481.0 784.0 
737.0 481.0 792.0 
737.0 481.0 800.0 
750.0 481.0 800.0 
750.0 481.0 808.0 
750.0 481.0 816.0 
750.0 481.0 823.0 
750.0 481.0 829.0 
750.0 481.0 838.0 
764.0 481.0 838.0 
764.0 481.0 847.0 
764.0 481.0 853.0 
764.0 481.0 860.0 
764.0 481.0 868.0 
764.0 481.0 878.0 
764.0 481.0 889.0 
764.0 481.0 905.0 
764.0 481.0 915.0 
764.0 481.0 923.0 
782.0 481.0 923.0 
782.0 481.0 931.0 
782.0 481.0 944.0 
782.0 481.0 953.0 
782.0 481.0 959.0 
782.0 481.0 966.0 
782.0 481.0 974.0 
796.0 481.0 974.0 
796.0 481.0 982.0 
796.0 481.0 990.0 
796.0 481.0 999.0 
796.0 481.0 1005.0 
796.0 481.0 1019.0 
796.0 481.0 1029.0 
796.0 481.0 1041.0 
809.0 481.0 1041.0 
815.0 481.0 1041.0 
815.0 481.0 1053.0 
821.0 481.0 1053.0 
833.0 481.0 1053.0 
833.0 481.0 1065.0 
847.0 481.0 1065.0 
847.0 481.0 1085.0 
847.0 481.0 1097.0 
847.0 481.0 1103.0 
861.0 481.0 1103.0 
861.0 481.0 1109.0 
861.0 481.0 1122.0 
873.0 481.0 1122.0 
879.0 481.0 1122.0 
879.0 481.0 1135.0 
885.0 481.0 1135.0 
885.0 481.0 1145.0 
891.0 481.0 1145.0 
891.0 481.0 1152.0 
897.0 481.0 1152.0 
910.0 481.0 1152.0 
910.0 481.0 1159.0 
910.0 481.0 1169.0 
923.0 481.0 1169.0 
930.0 481.0 1169.0 
930.0 481.0 1179.0 
930.0 481.0 1192.0 
937.0 481.0 1192.0 
947.0 481.0 1192.0 
947.0 481.0 1202.0 
947.0 481.0 1211.0 
957.0 481.0 1211.0 
964.0 481.0 1211.0 
964.0 481.0 1220.0 
971.0 481.0 1220.0 
984.0 481.0 1220.0 
984.0 481.0 1230.0 
1010.0 481.0 1230.0 
1019.0 481.0 1230.0 
1019.0 481.0 1240.0 
1019.0 481.0 1259.0 
1028.0 481.0 1259.0 
1038.0 481.0 1259.0 
1048.0 481.0 1277.0 
1048.0 481.0 1287.0 
1048.0 481.0 1295.0 
1067.0 481.0 1295.0 
1067.0 481.0 1303.0 
1067.0 481.0 1313.0 
1067.0 481.0 1322.0 
1067.0 481.0 1333.0 
1085.0 481.0 1344.0 
1104.0 481.0 1363.0 
1104.0 481.0 1395.0 
1113.0 481.0 1395.0 
1119.0 481.0 1395.0 
1148.0 481.0 1395.0 
1148.0 504.0 1395.0 
1162.0 504.0 1395.0 
1176.0 532.0 1395.0 
1176.0 581.0 1395.0 
1176.0 581.0 1405.0 
1176.0 595.0 1405.0 
1176.0 595.0 1418.0 
1176.0 595.0 1442.0 
1176.0 609.0 1442.0 
1176.0 621.0 1442.0 
1176.0 627.0 1442.0 
1176.0 627.0 1455.0 
1176.0 627.0 1474.0 
1176.0 633.0 1474.0 
1176.0 645.0 1474.0 
1176.0 659.0 1474.0 
1176.0 659.0 1492.0 
1176.0 675.0 1492.0 
1176.0 688.0 1492.0 
1176.0 701.0 1492.0 
1176.0 711.0 1492.0 
1176.0 718.0 1492.0 
1176.0 732.0 1492.0 
1176.0 742.0 1492.0 
1176.0 742.0 1510.0 
1176.0 751.0 1510.0 
1176.0 768.0 1510.0 
1176.0 781.0 1510.0 
1176.0 788.0 1510.0 
1176.0 788.0 1524.0 
1176.0 795.0 1524.0 
1176.0 805.0 1524.0 
1176.0 818.0 1524.0 
1176.0 818.0 1538.0 
1176.0 831.0 1538.0 
1176.0 858.0 1538.0 
1176.0 872.0 1538.0 
1176.0 872.0 1552.0 
1200.0 872.0 1552.0 
1220.0 872.0 1552.0 
1228.0 872.0 1552.0 
1236.0 872.0 1552.0 
1236.0 872.0 1566.0 
1244.0 872.0 1566.0 
1252.0 872.0 1566.0 
1275.0 872.0 1566.0 
1275.0 872.0 1621.0 
1346.0 970.0 1686.0 
;
EXECUTION TIME KUMAR3: 471.114490032 seconds

-------------------------------------------------------------------
MAP: offices1_
DATE: 2017-10-25_15-11-23
