10 31.9133058937 18.5625688868 33.0317783787 14.9743242984 -48.8290997531
10 31.9133058937 18.5625688868 34.5093939738 9.86236483767 -70.7165795323
10 31.9133058937 18.5625688868 34.7343091367 4.81592393321 -70.8639902535
20 28.266555825 22.6250362589 33.1986311361 17.3162507683 -55.3731933192
20 28.266555825 22.6250362589 38.2279066316 13.2333714086 -61.9607766958
20 28.266555825 22.6250362589 39.9608407933 3.76879423845 -83.3779476484
30 27.761785036 23.5089540803 33.2043491012 17.3396955168 -57.8481957727
30 27.761785036 23.5089540803 39.7331008455 17.1889969946 -63.4145152675
30 27.761785036 23.5089540803 45.4199961351 4.66423927389 -70.3336479055
40 27.7004891736 23.329986973 33.2043491012 17.3396955168 -58.3856408479
40 27.7004891736 23.329986973 39.7097564578 17.4812796112 -67.4426702913
40 27.7004891736 23.329986973 50.3561672789 3.54720066383 -83.8080324139
43 27.7004891736 23.329986973 39.7074579918 17.4818145605 -66.8256761373 C
50 27.7004891736 23.329986973 33.2043491012 17.3396955168 -58.6745643333
50 27.7004891736 23.329986973 39.7074579918 17.4818145605 -67.1428506297
50 27.7004891736 23.329986973 54.9564405962 4.00607797092 -89.2681924909
59 27.7004891736 23.329986973 55.6562741325 6.32024125227 -84.4961485521 C
60 27.745693371 23.3047873353 33.2043491012 17.3396955168 -58.8891551393
60 27.745693371 23.3047873353 39.7074579918 17.4818145605 -67.2070181651
60 27.745693371 23.3047873353 55.6562741325 6.32024125227 -86.8153420151
70 25.6695431909 18.7686832959 31.2204233527 20.3152554854 -68.3907272032
70 25.6695431909 18.7686832959 39.1742995741 12.3497872251 -67.3765694402
70 25.6695431909 18.7686832959 55.6562741325 6.32024125227 -88.5018330142
80 26.6427275808 15.9625352344 32.9297554781 17.5827659568 -60.962307335
80 26.6427275808 15.9625352344 39.5056626563 12.6005161859 -67.8609155142
80 26.6427275808 15.9625352344 55.6562741325 6.32024125227 -90.2622507683
84 26.6422203686 15.9619888904 33.1220477447 17.4328074486 -60.3882204933 C
87 26.6422203686 15.9619888904 38.7432786645 12.4751379775 -76.5990804394 C
88 26.6422203686 15.9619888904 55.6562741325 6.32024125227 -87.2751058793 C
90 26.6422203686 15.9619888904 31.9801383248 19.13617501 -58.3114157807
90 26.6422203686 15.9619888904 38.8459011051 11.7143050691 -79.9400059763
90 26.6422203686 15.9619888904 55.6562741325 6.32024125227 -88.4297225741
98 26.6422203686 15.9619888904 31.2330166328 20.3388546195 -60.8775100957 C
100 27.3417929376 15.4379944269 31.2367387346 20.3436670837 -61.9113120646
100 27.3417929376 15.4379944269 35.757104164 9.95243090195 -61.2659590547
100 27.3417929376 15.4379944269 55.6562741325 6.32024125227 -88.3544659123
110 30.119218532 11.9439715333 31.2367387346 20.3436670837 -58.2009228819
110 30.119218532 11.9439715333 35.7464540741 9.83286379441 -54.610591328
110 30.119218532 11.9439715333 55.6562741325 6.32024125227 -77.5741553894
115 30.1189978904 11.9437911448 55.6562741325 6.32024125227 -77.4891313226 C
120 30.1189978904 11.9437911448 32.8627263775 17.6551896382 -57.646953527
120 30.1189978904 11.9437911448 35.7464540741 9.83286379441 -57.232989114
120 30.1189978904 11.9437911448 54.8176284763 8.06622568597 -81.7697601162
130 30.1189978904 11.9437911448 35.6257481495 19.0092790282 -58.1156148242
130 30.1189978904 11.9437911448 37.9563344657 11.7199280672 -62.0948991847
130 30.1189978904 11.9437911448 51.7631562047 11.7614110488 -85.733966627
135 30.1189978904 11.9437911448 38.632481684 12.3388074998 -66.9090944054 C
140 30.1189978904 11.9437911448 39.6136135454 17.4221956077 -71.3382070722
140 30.1189978904 11.9437911448 37.8945490283 11.1789052514 -59.641543527
140 30.1189978904 11.9437911448 51.7354457241 11.8186050187 -85.4967697384
141 30.1189978904 11.9437911448 39.6136135454 17.4221956077 -73.0111639892 C
141 30.1189978904 11.9437911448 51.7354457241 11.8186050187 -84.8971269604 C
150 27.6894244728 14.5437007842 38.7914890614 13.3915339462 -72.7924765003
150 27.6894244728 14.5437007842 35.7670892181 9.95756439474 -61.5093957489
150 27.6894244728 14.5437007842 51.7354457241 11.8186050187 -86.4101764526
160 26.7319269612 15.8245150188 38.6943261913 12.4907537611 -76.2383002945
160 26.7319269612 15.8245150188 35.7469353653 9.82336629772 -61.7142519175
160 26.7319269612 15.8245150188 51.7354457241 11.8186050187 -79.7608600841
162 26.7319269612 15.8245150188 51.7354457241 11.8186050187 -80.6976540755 C
170 26.7319269612 15.8245150188 39.4325306419 16.3081164979 -70.5782958552
170 26.7319269612 15.8245150188 33.7996709996 6.53108804567 -63.6351329875
170 26.7319269612 15.8245150188 51.7354457241 11.8186050187 -80.4228851434
176 26.7319269612 15.8245150188 39.664144497 17.3149121584 -74.6356637722 C
180 26.7319269612 15.8245150188 39.664144497 17.3149121584 -75.5488000925
180 26.7319269612 15.8245150188 33.2260220079 4.98254760099 -63.5935245737
180 26.7319269612 15.8245150188 52.0288691775 12.3201467448 -77.1676955273
190 26.7319269612 15.8245150188 39.664144497 17.3149121584 -75.4527158371
190 26.7319269612 15.8245150188 33.2260220079 4.98254760099 -63.3081684604
190 26.7319269612 15.8245150188 49.7134698272 16.2763713464 -86.6142839067
193 26.7319269612 15.8245150188 49.7068178235 16.3101024482 -85.652539463 C
200 28.793942543 13.2874498106 39.3457554154 15.3158986118 -71.093439484
200 28.793942543 13.2874498106 34.1703423552 6.47412336324 -59.7957151267
200 28.793942543 13.2874498106 49.7068178235 16.3101024482 -80.394031822
210 30.1285214216 11.9413588357 38.6985976816 12.4913024761 -67.5019621079
210 30.1285214216 11.9413588357 35.6323860586 9.84644061007 -55.2152591569
210 30.1285214216 11.9413588357 49.7068178235 16.3101024482 -81.7530978952
211 30.1285214216 11.9413588357 49.7068178235 16.3101024482 -81.9390849535 C
220 30.1285214216 11.9413588357 38.7572401427 7.71743322924 -61.1957186617
220 30.1285214216 11.9413588357 35.6323860586 9.84644061007 -55.9291533302
220 30.1285214216 11.9413588357 54.2697914231 16.4207438197 -83.1534921201
230 30.1285214216 11.9413588357 39.1763105003 4.48535019232 -73.8077096084
230 30.1285214216 11.9413588357 35.6323860586 9.84644061007 -54.7167743111
230 30.1285214216 11.9413588357 56.1277062714 16.8580048486 -83.4651174338
230 30.1285214216 11.9413588357 39.1763105003 4.48535019232 -74.1788034539 C
231 30.1285214216 11.9413588357 56.1277062714 16.8580048486 -82.4425276797 C
240 27.5912172471 14.6664152218 36.3699782042 3.19354411882 -62.7596693231
240 27.554650509 14.7074989613 38.4505522678 12.1770962068 -74.1030055997
240 27.554650509 14.7074989613 56.1277062714 16.8580048486 -84.8459097116
248 26.7331619497 15.8188847764 56.1277062714 16.8580048486 -89.3350055545 C
250 26.7357244355 15.8330499757 33.2222671748 4.81824625087 -62.3095440305
250 26.7357244355 15.8330499757 39.3167746613 15.0396401445 -66.4923822438
250 26.7357244355 15.8330499757 56.1277062714 16.8580048486 -87.0403069075
260 21.7435971308 15.88989639 33.2222671748 4.81824625087 -68.7819883016
260 21.7435971308 15.88989639 39.6911781908 17.3072548009 -75.5334333219
260 21.7435971308 15.88989639 56.1277062714 16.8580048486 -89.5490472107
270 21.0391316906 14.9905626301 33.2222671748 4.81824625087 -71.5762721664
270 21.0391316906 14.9905626301 39.6911781908 17.3072548009 -80.2670899875
270 21.0391316906 14.9905626301 56.1277062714 16.8580048486 -88.3214267851
279 20.2577968738 14.8269182495 33.2222671748 4.81824625087 -72.4759677664 C
280 20.2577968738 14.8269182495 33.2222671748 4.81824625087 -72.2008904956
280 20.2577968738 14.8269182495 39.6911781908 17.3072548009 -78.8328860356
280 20.2577968738 14.8269182495 56.1277062714 16.8580048486 -91.6866047255
280 20.2577968738 14.8269182495 39.6911781908 17.3072548009 -81.9865217312 C
281 20.2577968738 14.8269182495 56.1277062714 16.8580048486 -89.3694489562 C
290 19.2947275256 18.5456674321 33.2222671748 4.81824625087 -85.7107558123
290 19.2947275256 18.5456674321 39.6911781908 17.3072548009 -79.2004973669
290 19.2837592696 18.5983165093 56.1277062714 16.8580048486 -90.9643441809
296 19.1992914771 19.3146630946 33.2222671748 4.81824625087 -85.5493645492 C
297 19.1992914771 19.3146630946 39.6911781908 17.3072548009 -82.654058715 C
297 19.1992914771 19.3146630946 56.1277062714 16.8580048486 -89.0915253864 C
300 19.1992914771 19.3146630946 34.9336702978 3.98554209066 -80.4501797305
300 19.1992914771 19.3146630946 39.8411924136 16.2149339191 -80.486302478
300 19.1992914771 19.3146630946 56.1458588269 16.8183497554 -91.4354432864
310 19.1992914771 19.3146630946 39.1161979843 4.31840565075 -78.2989244636
310 19.1992914771 19.3146630946 38.726683674 12.4836766275 -78.4160742418
310 19.1992914771 19.3146630946 50.8556625038 16.6069233442 -88.1841717743
312 19.1992914771 19.3146630946 38.726683674 12.4836766275 -77.2008189031 C
320 19.1992914771 19.3146630946 39.1402461762 4.3419426053 -80.3656141611
320 19.1992914771 19.3146630946 36.412179599 10.4920170399 -66.8953048149
320 19.1992914771 19.3146630946 50.5472212346 16.3237534633 -87.9967006452
329 19.1992914771 19.3146630946 49.752231991 16.4666653144 -88.2718758236 C
329 19.1992914771 19.3146630946 39.1402461762 4.3419426053 -81.3100048586 C
330 19.2536570412 19.3076756643 39.1402461762 4.3419426053 -79.8638590365
330 19.2728752085 19.3012524556 36.5852282981 9.92394963923 -66.3681191357
330 19.2728752085 19.3012524556 49.752231991 16.4666653144 -89.300278584
340 20.13624032 14.9982185353 39.1402461762 4.3419426053 -79.0018175665
340 20.13624032 14.9982185353 35.7519936887 9.82288680586 -76.4710093533
340 20.13624032 14.9982185353 49.752231991 16.4666653144 -86.5084245257
343 20.1522304898 14.9705635311 39.1402461762 4.3419426053 -78.1728457053 C
343 20.1522304898 14.9705635311 35.7519936887 9.82288680586 -75.620252814 C
344 20.1522304898 14.9705635311 49.752231991 16.4666653144 -89.1251297518 C
350 20.1522304898 14.9705635311 39.1402461762 4.3419426053 -78.305891271
350 20.1522304898 14.9705635311 38.2543025004 11.9921805958 -84.3979482797
350 20.1522304898 14.9705635311 50.7926110526 13.8956082403 -85.3671518436
355 20.1522304898 14.9705635311 38.6338578387 12.3409844594 -84.4883471614 C
358 20.1522304898 14.9705635311 51.6349564786 11.9501832874 -88.4376729592 C
360 20.4454099292 15.5270151788 39.283308535 4.15703184153 -78.4140571589
360 20.4454099292 15.5270151788 40.4489937631 10.5031142735 -81.8053718549
360 20.4454099292 15.5270151788 51.6349564786 11.9501832874 -88.6361574222
370 19.1919467773 19.3112025483 34.6606875018 4.08674536305 -86.6107397614
370 19.1919467773 19.3112025483 44.5407313369 8.89064163186 -89.2845290833
370 19.1919467773 19.3112025483 51.6349564786 11.9501832874 -89.1330405966
372 19.1919467773 19.3112025483 51.6349564786 11.9501832874 -89.4057588025 C
373 19.1919467773 19.3112025483 44.6128136035 8.89103907185 -87.1752571172 C
380 19.8488757727 15.9454027966 34.1048890938 4.77971219819 -67.8395257336
380 19.8488757727 15.9454027966 44.6128136035 8.89103907185 -82.8636381174
380 19.8488757727 15.9454027966 51.6349564786 11.9501832874 -90.1392399492
390 20.156616792 14.9807154774 33.2468014184 4.97617577001 -71.6008346407
390 20.156616792 14.9807154774 44.6128136035 8.89103907185 -84.9272161661
390 20.156616792 14.9807154774 51.6349564786 11.9501832874 -89.5744293764
391 20.156616792 14.9807154774 44.6128136035 8.89103907185 -83.6795503609 C
400 20.156616792 14.9807154774 38.1998223641 3.6321730878 -70.2160887001
400 20.156616792 14.9807154774 44.6128136035 8.89103907185 -84.3560635776
400 20.156616792 14.9807154774 54.7111450833 7.98553149238 -91.1180250836
407 20.156616792 14.9807154774 55.6322084897 6.45256651456 -90.7463682242 C
410 20.3606050514 15.8122730134 39.3760262022 4.55883106763 -86.4409189106
410 20.3606050514 15.8122730134 44.6128136035 8.89103907185 -82.5082820233
410 20.3606050514 15.8122730134 55.6322084897 6.45256651456 -91.7344754824
420 19.1915344782 19.3095025063 38.7630624011 9.95738214986 -69.8684636616
420 19.1915344782 19.3095025063 44.6128136035 8.89103907185 -88.2480288313
420 19.1915344782 19.3095025063 55.6322084897 6.45256651456 -88.3028462626
421 19.1915344782 19.3095025063 55.6322084897 6.45256651456 -85.8752817581 C
430 16.2153859348 17.7426607951 38.6925240654 12.3135544871 -85.3002471936
430 16.2153859348 17.7426607951 44.6128136035 8.89103907185 -85.1884980972
430 16.2153859348 17.7426607951 55.6322084897 6.45256651456 -93.0
440 13.7488175071 13.986232983 39.5965608082 17.0347278196 -86.6034564283
440 13.7488175071 13.986232983 44.6128136035 8.89103907185 -73.3302013925
440 13.7488175071 13.986232983 55.6322084897 6.45256651456 -83.6646010757
445 13.7458745045 13.9802472447 39.6751036026 17.3194617621 -86.300734872 C
446 13.7458745045 13.9802472447 55.6322084897 6.45256651456 -81.802887367 C
450 13.7458745045 13.9802472447 39.4929993719 15.669495722 -83.0384673906
450 13.7458745045 13.9802472447 43.422541151 8.31532231625 -71.6487403908
450 13.7458745045 13.9802472447 55.3779520583 7.59898194951 -84.5006151446
460 13.7458745045 13.9802472447 38.6982536414 12.4924315138 -87.6678141793
460 13.7458745045 13.9802472447 38.793229314 6.32603041577 -81.8374230821
460 13.7458745045 13.9802472447 51.8774918928 11.5756318313 -90.3794008928
461 13.7458745045 13.9802472447 38.6982536414 12.4924315138 -87.8201982502 C
468 13.7458745045 13.9802472447 39.1970010518 4.48174720707 -88.6417456937 C
469 13.7458745045 13.9802472447 51.7295152251 11.8145725554 -91.4735968256 C
470 13.7458745045 13.9802472447 36.1618157024 14.5342614883 -85.8936172112
470 13.7458745045 13.9802472447 39.3736643338 4.2368444559 -88.4271392613
470 13.7458745045 13.9802472447 51.7752297463 11.8451533099 -92.4143111508
480 13.7458745045 13.9802472447 33.2313710863 17.3177032056 -78.6208707955
480 13.7458745045 13.9802472447 34.5648703421 4.0871202515 -88.635456219
480 13.7458745045 13.9802472447 49.7449821697 16.1576840523 -89.7637175537
484 13.7458745045 13.9802472447 49.7060117204 16.3093315466 -91.9810232309 C
485 13.7458745045 13.9802472447 33.2313710863 17.3177032056 -79.0816357321 C
490 13.7458745045 13.9802472447 33.2313710863 17.3177032056 -77.9250873134
490 13.7458745045 13.9802472447 34.0332965909 4.81630252706 -86.8162466584
490 13.7458745045 13.9802472447 49.7060117204 16.3093315466 -88.8359509799
500 13.7458745045 13.9802472447 33.2313710863 17.3177032056 -79.2701093024
500 13.7458745045 13.9802472447 33.6190005579 4.96474903552 -85.6716832535
500 13.7458745045 13.9802472447 49.7060117204 16.3093315466 -90.4182483935
510 13.7458745045 13.9802472447 33.2313710863 17.3177032056 -79.1453458904
510 13.7458745045 13.9802472447 33.2560524256 4.8281089567 -85.2551090387
510 13.7458745045 13.9802472447 49.7060117204 16.3093315466 -90.5505119065
510 13.7458745045 13.9802472447 33.2560524256 4.8281089567 -85.006595148 C
520 13.7458745045 13.9802472447 31.3044231534 20.0706622942 -79.9371715962
520 13.7458745045 13.9802472447 37.579634766 3.44556012529 -85.4518907504
520 13.7458745045 13.9802472447 49.7060117204 16.3093315466 -89.0424376258
525 13.7458745045 13.9802472447 31.2153387344 20.310075074 -81.1314184934 C
530 13.5548737103 12.005514126 31.2153387344 20.310075074 -74.7889217051
530 13.5548737103 12.005514126 39.1470957645 4.33728327692 -86.7048751674
530 13.537579596 11.9533038434 50.6830571104 14.5640356181 -86.7555014613
540 11.7779003804 7.54268233323 31.2153387344 20.310075074 -78.9878763181
540 11.7779003804 7.54268233323 39.1470957645 4.33728327692 -89.7487653664
540 11.7779003804 7.54268233323 51.6323261918 11.9557384764 -91.6433699103
544 11.7398958325 7.47982840995 31.2153387344 20.310075074 -80.3862739325 C
545 11.7398958325 7.47982840995 39.1470957645 4.33728327692 -87.8597335107 C
545 11.7398958325 7.47982840995 51.6323261918 11.9557384764 -91.7256218034 C
550 11.7398958325 7.47982840995 32.7068936978 17.8567041759 -85.4949023298
550 11.7398958325 7.47982840995 39.1470957645 4.33728327692 -87.8224398946
550 11.7398958325 7.47982840995 51.6323261918 11.9557384764 -90.8411434516
555 11.7398958325 7.47982840995 33.1284859804 17.4451854851 -86.9498032551 C
560 11.7398958325 7.47982840995 32.9646047161 16.3791290454 -87.1506212457
560 11.7398958325 7.47982840995 38.5428966959 3.21834898533 -85.0450024402
560 11.7398958325 7.47982840995 51.5095605219 13.188267531 -91.6223727942
570 11.7398958325 7.47982840995 30.3150840904 12.1788630344 -67.1404271099
570 11.7398958325 7.47982840995 33.5029190472 4.60666750471 -80.2912522723
570 11.7398958325 7.47982840995 49.7061699208 16.3154398082 -87.9209946116
572 11.7398958325 7.47982840995 49.7061699208 16.3154398082 -88.8346824604 C
575 11.7398958325 7.47982840995 30.2278751171 11.9804525147 -67.8072009433 C
580 11.7398958325 7.47982840995 29.3276467407 13.289622995 -81.1076001848
580 11.7398958325 7.47982840995 33.9501748868 5.09016128088 -85.5714522912
580 11.7398958325 7.47982840995 53.9938038892 16.3934586821 -90.4849844274
587 11.7398958325 7.47982840995 33.2428361988 4.97195942866 -82.3453077889 C
588 11.7398958325 7.47982840995 56.1250800732 16.8576667666 -89.2737153069 C
590 11.7398958325 7.47982840995 26.7234647523 15.8214879238 -79.7298700733
590 11.7398958325 7.47982840995 34.0459749123 5.89441842424 -86.6382840292
590 11.7398958325 7.47982840995 56.9502366489 16.4603577421 -93.0
592 11.7398958325 7.47982840995 26.7234647523 15.8214879238 -81.3861120185 C
600 11.7398958325 7.47982840995 26.7234647523 15.8214879238 -80.4553709929
600 11.7398958325 7.47982840995 35.6314530678 9.84691682134 -80.3428147042
602 11.7398958325 7.47982840995 35.6314530678 9.84691682134 -79.3839031819 C
610 11.7398958325 7.47982840995 26.7234647523 15.8214879238 -81.1182335413
610 11.7398958325 7.47982840995 38.5237878514 12.2436506646 -76.8224278315
613 11.7398958325 7.47982840995 38.6367706086 12.3459880136 -76.1489066443 C
614 11.7398958325 7.47982840995 61.6141866341 13.4265254816 -93.0 C
620 11.7398958325 7.47982840995 26.7234647523 15.8214879238 -79.5357923787
620 11.7398958325 7.47982840995 37.7276621494 11.1170923903 -79.9272086074
627 11.7398958325 7.47982840995 66.6170822726 12.9042123335 -93.0 C
630 13.0530175887 7.3570767106 27.4536486217 15.2338269632 -83.2320081399
630 13.0530175887 7.3570767106 35.983759154 9.95587898899 -79.5444203479
640 18.3273830627 6.39344399723 30.1269326613 11.9387857532 -70.7404667913
640 18.3273830627 6.39344399723 35.7537911386 9.83122315524 -80.4271741986
650 18.6093688038 6.38683326838 30.1269326613 11.9387857532 -71.9427114178
650 18.6093688038 6.38683326838 35.7537911386 9.83122315524 -78.8219993907
650 18.6093688038 6.38683326838 63.1320362182 13.0329345277 -91.7182905345
660 18.6093688038 6.38683326838 30.1269326613 11.9387857532 -71.0800718707
660 18.6093688038 6.38683326838 35.7537911386 9.83122315524 -81.4407552833
660 18.6093688038 6.38683326838 61.8249425049 13.7195358636 -92.0158953355
670 18.6093688038 6.38683326838 30.1269326613 11.9387857532 -70.8424955813
670 18.6093688038 6.38683326838 35.7537911386 9.83122315524 -79.8323777922
670 18.6093688038 6.38683326838 61.5163483391 15.4617349587 -92.8342095465
680 18.6093688038 6.38683326838 30.1269326613 11.9387857532 -69.5751688604
680 18.6093688038 6.38683326838 35.7537911386 9.83122315524 -79.2795818119
680 18.6093688038 6.38683326838 61.1607050912 14.4596995087 -93.0
687 18.6093688038 6.38683326838 30.1269326613 11.9387857532 -71.6500715669 C
688 18.6093688038 6.38683326838 35.7537911386 9.83122315524 -81.5572693529 C
689 18.6093688038 6.38683326838 61.6503233725 13.4726279845 -91.8760555206 C
690 18.6093688038 6.38683326838 30.1269326613 11.9387857532 -71.4555668693
690 18.6093688038 6.38683326838 36.3036476408 10.0472817787 -80.8272415682
690 18.6093688038 6.38683326838 62.0347196554 13.4535411995 -93.0
700 18.6093688038 6.38683326838 38.6366968709 12.340201785 -81.7205652751 C
700 18.6093688038 6.38683326838 30.1269326613 11.9387857532 -72.2029874174
700 18.6093688038 6.38683326838 38.6366968709 12.340201785 -81.479219382
701 18.6093688038 6.38683326838 66.6087017058 12.8881979059 -93.0 C
710 18.6093688038 6.38683326838 27.6879689269 14.5509172976 -63.043811375
710 18.6093688038 6.38683326838 39.4256077343 15.9849916571 -86.1829860287
710 18.6093688038 6.38683326838 63.8507861036 12.925505005 -92.8439685254
717 18.6093688038 6.38683326838 39.6877691564 17.3105728342 -85.769585378 C
718 18.6093688038 6.38683326838 26.725086624 15.8168453248 -66.1090667153 C
720 19.2911007324 5.98551217398 27.3689758422 15.3646339973 -64.687791106
720 19.2911007324 5.98551217398 39.6877691564 17.3105728342 -85.6040268925
720 19.2911007324 5.98551217398 61.7783526909 13.3620023805 -93.0
730 23.7608918887 4.32624696574 30.1163298137 11.9450961275 -78.2527596418
730 23.7608918887 4.32624696574 39.6877691564 17.3105728342 -80.8663031812
730 23.7608918887 4.32624696574 61.6980301993 14.8691660823 -91.5989780571
733 24.1149645785 4.3843730517 30.1269642927 11.9395609444 -79.6653016657 C
740 24.1149645785 4.3843730517 28.3321915187 13.8625000135 -59.4853429745
740 24.1149645785 4.3843730517 39.6877691564 17.3105728342 -77.971649153
740 24.1149645785 4.3843730517 61.0675003355 16.331612756 -83.5844633644
750 24.1149645785 4.3843730517 26.7257477776 15.8162721686 -63.449471851
750 24.1149645785 4.3843730517 39.6877691564 17.3105728342 -76.3247314415
750 24.1149645785 4.3843730517 59.7029388 17.3115983762 -84.0390170232
760 24.1149645785 4.3843730517 26.7257477776 15.8162721686 -62.1485781687
760 24.1149645785 4.3843730517 39.6877691564 17.3105728342 -78.9063618619
760 24.1149645785 4.3843730517 58.6206379368 17.1340084056 -82.8496011798
770 24.1149645785 4.3843730517 26.7257477776 15.8162721686 -62.0676038387
770 24.1149645785 4.3843730517 39.6877691564 17.3105728342 -76.5592622662
770 24.1149645785 4.3843730517 61.362965023 13.6664594676 -91.8826379864
780 24.1149645785 4.3843730517 26.7257477776 15.8162721686 -63.2384491217
780 24.1149645785 4.3843730517 39.6877691564 17.3105728342 -75.557191798
780 24.1149645785 4.3843730517 65.5404985387 12.9938593059 -93.0
785 24.1149645785 4.3843730517 39.6877691564 17.3105728342 -77.9970581964 C
786 24.1149645785 4.3843730517 66.6106643589 12.8946988463 -91.3473169165 C
790 24.1149645785 4.3843730517 26.7257477776 15.8162721686 -62.6596970355
790 24.1149645785 4.3843730517 41.7786679845 18.6688766898 -78.4946299277
790 24.1149645785 4.3843730517 65.9681396624 13.224376338 -92.7364327996
800 24.1149645785 4.3843730517 26.7257477776 15.8162721686 -62.3873661153
800 24.1149645785 4.3843730517 44.1479234872 20.8236082891 -81.7004503618
800 24.1149645785 4.3843730517 61.7765263866 13.3638320144 -89.6848837815
810 24.1149645785 4.3843730517 26.7257477776 15.8162721686 -62.8755860483
810 24.1149645785 4.3843730517 44.1479234872 20.8236082891 -81.074101714
810 24.1149645785 4.3843730517 61.8561394719 14.3372873487 -90.7540391282
820 24.1149645785 4.3843730517 26.7257477776 15.8162721686 -63.2181417906
820 24.1149645785 4.3843730517 44.1479234872 20.8236082891 -81.7281819814
820 24.1149645785 4.3843730517 61.2047539988 16.0780370212 -85.9640546943
830 24.1149645785 4.3843730517 26.7257477776 15.8162721686 -62.0636488505
830 24.1149645785 4.3843730517 44.1479234872 20.8236082891 -80.5534969482
830 24.1149645785 4.3843730517 59.9013136986 17.0904968726 -84.4894702414
840 24.1149645785 4.3843730517 26.7257477776 15.8162721686 -61.6796781972
840 24.1149645785 4.3843730517 44.1479234872 20.8236082891 -81.5207493188
840 24.1149645785 4.3843730517 58.4846614691 17.8554782192 -81.4323510794
850 24.1149645785 4.3843730517 26.7257477776 15.8162721686 -63.1423018124
850 24.1149645785 4.3843730517 44.1479234872 20.8236082891 -80.2995719207
850 24.1149645785 4.3843730517 61.1116319193 13.9863611167 -91.252310627
854 24.1149645785 4.3843730517 61.3630681125 13.6562360143 -91.5398403843 C
855 24.1149645785 4.3843730517 44.1479234872 20.8236082891 -80.4555499121 C
860 24.1149645785 4.3843730517 27.9810921691 14.3219907072 -61.8869208805
860 24.1149645785 4.3843730517 44.1479234872 20.8236082891 -81.1135278986
860 24.1149645785 4.3843730517 60.1019159509 14.948378561 -91.7913915541
870 24.1149645785 4.3843730517 30.1282545908 11.9432027144 -74.027563272
870 24.1149645785 4.3843730517 44.1479234872 20.8236082891 -81.284838593
870 24.1149645785 4.3843730517 56.2389330287 16.8254447295 -81.1644963699
873 24.1149645785 4.3843730517 56.2389330287 16.8254447295 -80.3194333619 C
880 24.1149645785 4.3843730517 32.5228798137 16.6027220428 -82.0774771852
880 24.1149645785 4.3843730517 44.1479234872 20.8236082891 -78.1372000127
880 24.1149645785 4.3843730517 54.1879426758 16.7795561073 -80.1079336707
890 24.1149645785 4.3843730517 33.1470299092 17.3375505133 -81.5597491863
890 24.1149645785 4.3843730517 44.1479234872 20.8236082891 -79.6467351758
890 24.1149645785 4.3843730517 49.7874718081 16.4135571185 -79.1988325825
900 24.1149645785 4.3843730517 33.1470299092 17.3375505133 -81.7297569339
900 24.1149645785 4.3843730517 44.1479234872 20.8236082891 -81.5778041502
900 24.1149645785 4.3843730517 49.7359157278 16.2242385335 -80.6264796629
904 24.1149645785 4.3843730517 49.7092501292 16.3147307146 -77.3642688508 C
904 24.1149645785 4.3843730517 33.1470299092 17.3375505133 -84.2589004948 C
910 24.1149645785 4.3843730517 32.4979804119 18.6591593321 -82.5297807783
910 24.1149645785 4.3843730517 44.1479234872 20.8236082891 -81.0779344078
910 24.1149645785 4.3843730517 50.8807662222 13.600301219 -79.7575279775
918 24.1149645785 4.3843730517 51.6232079937 11.9499772695 -87.2002126514 C
919 24.1149645785 4.3843730517 31.2126074523 20.3074724533 -70.4734316046 C
920 24.1149645785 4.3843730517 31.2126074523 20.3074724533 -70.7078834118
920 24.1149645785 4.3843730517 44.1479234872 20.8236082891 -81.6080009131
920 24.1149645785 4.3843730517 51.6232079937 11.9499772695 -88.709644683
930 24.1149645785 4.3843730517 27.9138247362 23.0717582116 -71.2191488974
930 24.1149645785 4.3843730517 44.1479234872 20.8236082891 -80.7586170544
930 24.1149645785 4.3843730517 51.6232079937 11.9499772695 -88.1120181954
940 24.1149645785 4.3843730517 28.2687586258 23.5697945573 -70.6316760472
940 24.1149645785 4.3843730517 44.1479234872 20.8236082891 -80.044269053
940 24.1149645785 4.3843730517 51.6232079937 11.9499772695 -89.0328659746
950 24.1149645785 4.3843730517 28.5379056054 23.3400006186 -72.5118905667
950 24.1149645785 4.3843730517 44.1479234872 20.8236082891 -79.0293916619
950 24.1149645785 4.3843730517 51.6232079937 11.9499772695 -88.9581712352
958 24.1149645785 4.3843730517 27.7591071808 23.332488501 -71.6907952125 C
960 24.2289334563 4.1778096062 27.7591071808 23.332488501 -71.6726452515
960 24.2289334563 4.1778096062 44.1479234872 20.8236082891 -82.2716223271
960 24.2289334563 4.1778096062 51.6634747734 11.9874417387 -88.7860603032
970 21.3086573919 4.31889648312 27.7591071808 23.332488501 -85.382967097
970 21.3086573919 4.31889648312 44.1479234872 20.8236082891 -87.3453594053
970 21.3086573919 4.31889648312 49.7276389662 16.2273712368 -84.8921629372
980 18.7578751968 6.33619070531 27.7591071808 23.332488501 -71.0198413832
980 18.7578751968 6.33619070531 44.1479234872 20.8236082891 -83.9782913336
980 18.7578751968 6.33619070531 49.7071588614 16.3156953625 -89.1022338325
990 18.7511307396 6.47217310525 27.7591071808 23.332488501 -70.9792825766
990 18.7511307396 6.47217310525 44.1479234872 20.8236082891 -84.7257249366
990 18.7511307396 6.47217310525 49.7071588614 16.3156953625 -89.6198242675
992 18.7511307396 6.47217310525 27.7591071808 23.332488501 -71.358449979 C
993 18.7511307396 6.47217310525 44.1479234872 20.8236082891 -85.1543866418 C
994 18.7511307396 6.47217310525 49.7071588614 16.3156953625 -90.5571821054 C
1000 18.7511307396 6.47217310525 30.6175128071 20.7074354234 -73.7284507944
1000 18.7511307396 6.47217310525 42.4900629254 22.6293269182 -75.5435896243
1000 18.7511307396 6.47217310525 50.8875867842 13.5409855878 -88.7747755293
1005 18.7511307396 6.47217310525 31.119785314 20.4306017801 -74.3158914025 C
1007 18.7511307396 6.47217310525 51.628575338 11.9552610303 -89.7264018521 C
1010 18.7511307396 6.47217310525 32.3997618757 18.3316721069 -69.8739352325
1010 18.7511307396 6.47217310525 37.88149894 24.7363593841 -72.9546450213
1010 18.7511307396 6.47217310525 51.628575338 11.9552610303 -91.3465202424
1020 18.7511307396 6.47217310525 33.1246508971 17.4461149076 -70.573984747
1020 18.7511307396 6.47217310525 38.1369877057 25.1154963103 -72.8734413076
1020 18.7511307396 6.47217310525 51.628575338 11.9552610303 -91.4740026532
1026 18.7511307396 6.47217310525 37.7673774333 24.9605352776 -73.2350147212 C
1027 18.7511307396 6.47217310525 33.1246508971 17.4461149076 -72.6226453002 C
1030 19.8448718798 5.40989535757 33.2997419329 16.6727647833 -74.4277749335
1030 19.8448718798 5.40989535757 37.7673774333 24.9605352776 -80.3592508567
1030 19.8448718798 5.40989535757 52.5940120609 10.8721292354 -88.063428323
1040 24.0529804152 4.34733828496 30.3924197399 12.385773988 -79.1273826644
1040 24.0529804152 4.34733828496 37.7673774333 24.9605352776 -84.6061154277
1040 24.0529804152 4.34733828496 55.4926483391 6.59952810792 -87.7115933969
1042 24.1204436778 4.37015272243 37.7673774333 24.9605352776 -86.3209032506 C
1044 24.1204436778 4.37015272243 55.6291108516 6.45343463082 -88.8120561571 C
1050 22.6103241365 3.84987141259 29.6620875015 13.1696558075 -62.9354534913
1050 22.6103241365 3.84987141259 37.7673774333 24.9605352776 -70.5100162249
1050 22.6103241365 3.84987141259 55.6291108516 6.45343463082 -91.5090044861
1060 18.7577479492 6.27024096642 26.7265723186 15.8145941972 -66.9882453045
1060 18.7528792756 6.27777852992 37.7673774333 24.9605352776 -74.438806581
1060 18.7528792756 6.27777852992 55.6291108516 6.45343463082 -90.0297727979
1064 18.7318435595 6.31591628547 55.6291108516 6.45343463082 -89.7505559498 C
1070 17.1590419143 6.79225638795 24.2947899152 16.0037175971 -64.6015827655
1070 17.1590419143 6.79225638795 37.7673774333 24.9605352776 -76.5012692551
1070 17.1590419143 6.79225638795 55.6291108516 6.45343463082 -91.9146261123
1080 11.9846677733 7.26855260581 20.2655341296 14.9536160935 -63.5464715569
1080 11.9846677733 7.26855260581 37.7673774333 24.9605352776 -81.2524247387
1080 11.9846677733 7.26855260581 55.6291108516 6.45343463082 -92.2064687811
1090 12.155913504 7.70999799427 20.2949081647 14.7810054901 -63.7739063447
1090 12.155913504 7.70999799427 37.7673774333 24.9605352776 -78.1735637591
1090 12.155913504 7.70999799427 55.6291108516 6.45343463082 -91.7177758462
1096 11.7304273743 7.47827355097 37.7673774333 24.9605352776 -78.613840973 C
1097 11.7304273743 7.47827355097 55.6291108516 6.45343463082 -92.8001996281 C
1100 13.2622504935 7.3282139189 20.3833028632 15.8955813115 -63.0981119062
1100 13.2622504935 7.3282139189 37.7673774333 24.9605352776 -89.8147907867
1100 13.3167703727 7.32096252073 56.2872313991 7.65697599649 -91.5708639632
1110 18.3690564333 6.40082965061 19.1907578756 19.3224283722 -74.2187215963
1110 18.3690564333 6.40082965061 37.7673774333 24.9605352776 -77.3389629103
1110 18.3690564333 6.40082965061 56.3770612884 13.0938786295 -89.5058748517
1112 18.6126878052 6.3898786398 19.1907578756 19.3224283722 -73.2216600863 C
1120 18.6126878052 6.3898786398 19.1907578756 19.3224283722 -73.5353361919
1120 18.6126878052 6.3898786398 37.7673774333 24.9605352776 -73.5413245476
1120 18.6126878052 6.3898786398 56.1906213647 16.8177434071 -89.7841613652
1121 18.6126878052 6.3898786398 56.1906213647 16.8177434071 -89.5845669185 C
1130 21.9812519844 3.96000988227 19.1907578756 19.3224283722 -74.8023910099
1130 21.9812519844 3.96000988227 37.7673774333 24.9605352776 -69.6314581901
1130 21.9812519844 3.96000988227 59.4749468934 14.6652454699 -86.7392987515
1137 24.1196578177 4.35770808763 19.1907578756 19.3224283722 -75.6701037129 C
1140 24.1196578177 4.35770808763 19.6232548932 18.8575629273 -72.1176900725
1140 24.1196578177 4.35770808763 38.1426577478 24.888578037 -86.4712248223
1140 24.1196578177 4.35770808763 61.6188186312 13.4146643911 -90.3635275227
1150 24.1196578177 4.35770808763 20.1552642268 14.9782785667 -71.9303037509
1150 24.1196578177 4.35770808763 42.8263014619 22.0395325914 -84.2306090293
1150 24.1196578177 4.35770808763 61.6188186312 13.4146643911 -91.0366692551
1151 24.1196578177 4.35770808763 20.1552642268 14.9782785667 -69.6574721298 C
1160 28.319983541 3.24169634449 20.1552642268 14.9782785667 -69.5008799366
1160 28.319983541 3.24169634449 44.1241343411 20.9388823992 -85.4423703176
1160 28.319983541 3.24169634449 65.5983479063 12.9535381191 -91.0715079648
1170 33.0323727963 4.78351301244 19.6268986727 17.3551864569 -74.8803118713
1170 33.0323727963 4.78351301244 44.1241343411 20.9388823992 -67.3206138393
1170 33.0323727963 4.78351301244 66.6170966952 12.8919033219 -89.4379811707
1180 33.1369715583 4.85281814646 66.6170966952 12.8919033219 -90.2228066211 C
1180 33.1369715583 4.85281814646 19.1895992005 19.3222684552 -84.078718705
1180 33.1369715583 4.85281814646 44.4891040442 20.8337308332 -67.5767450819
1180 33.1369715583 4.85281814646 66.6170966952 12.8919033219 -90.62332825
1190 33.1369715583 4.85281814646 15.4905655632 16.8246366796 -83.2529908984
1190 33.1369715583 4.85281814646 48.5642342113 17.1604880364 -81.3833272681
1190 33.1369715583 4.85281814646 62.6386594776 13.0370267867 -85.4717213595
1200 33.1369715583 4.85281814646 13.7368678567 13.9773426362 -84.637456883
1200 33.1369715583 4.85281814646 49.6176637286 16.4321966381 -78.2505069657
1200 33.1369715583 4.85281814646 61.9057687578 14.109584191 -85.0893752441
1210 33.1369715583 4.85281814646 13.7368678567 13.9773426362 -86.4779016584
1210 33.1369715583 4.85281814646 49.6176637286 16.4321966381 -78.9180286531
1210 33.1369715583 4.85281814646 61.5455068512 15.6241235966 -85.7012311131
1220 33.1369715583 4.85281814646 13.7368678567 13.9773426362 -86.5679181086
1220 33.1369715583 4.85281814646 49.6176637286 16.4321966381 -77.3151516599
1220 33.1369715583 4.85281814646 61.4265115352 13.6919346794 -84.8905920222
1220 33.1369715583 4.85281814646 61.4265115352 13.6919346794 -85.0746265871 C
1230 37.8574839645 3.49370784889 13.7368678567 13.9773426362 -87.2178590488
1230 37.8574839645 3.49370784889 50.5072797244 15.1618466476 -71.3416463341
1230 37.8574839645 3.49370784889 61.6899680359 13.4755309921 -84.5532647385
1237 39.1439919308 4.34055938666 61.6899680359 13.4755309921 -85.7038511862 C
1240 39.1439919308 4.34055938666 13.7368678567 13.9773426362 -84.2921865509
1240 39.1439919308 4.34055938666 51.6305313432 11.9536038617 -71.9305895003
1240 39.1439919308 4.34055938666 61.6899680359 13.4755309921 -84.0199289432
1250 39.1439919308 4.34055938666 13.7368678567 13.9773426362 -85.4703166072
1250 39.1439919308 4.34055938666 51.6305313432 11.9536038617 -72.3191754812
1250 39.1439919308 4.34055938666 66.4087704831 12.8788784255 -88.2854657568
1252 39.1439919308 4.34055938666 66.6128912621 12.8865389998 -89.0254432884 C
1260 36.7726224092 3.25205742295 13.3613953592 11.1885926323 -84.4872041636
1260 36.7726224092 3.25205742295 51.6305313432 11.9536038617 -74.4204297195
1260 36.7726224092 3.25205742295 65.0570623222 12.9775672971 -89.7018351373
1270 33.2511090493 4.83385784098 11.7492600276 7.47674862686 -87.8939880746
1270 33.2511090493 4.83385784098 51.6305313432 11.9536038617 -74.3730395449
1270 33.2511090493 4.83385784098 64.3319874182 8.25379205262 -91.306222874
1280 33.2643389519 5.02925579268 11.7492600276 7.47674862686 -86.1342292147
1280 33.2643389519 5.02925579268 51.6305313432 11.9536038617 -74.8599736203
1280 33.2643389519 5.02925579268 64.6565166011 6.98052257226 -90.0594784364
1284 33.2349798545 4.98507137502 64.6565166011 6.98052257226 -87.6182122777 C
1290 34.4208296793 7.64789049718 14.5800725637 7.09460149268 -80.2950333251
1290 34.4208296793 7.64789049718 51.0577961138 13.6355291698 -75.4476851702
1290 34.4208296793 7.64789049718 64.6565166011 6.98052257226 -89.7521972909
1300 35.637464072 9.84544662997 18.6116881492 6.39959658386 -78.8569740363
1300 35.637464072 9.84544662997 49.7070373955 16.3089740809 -71.4856991103
1300 35.637464072 9.84544662997 64.6565166011 6.98052257226 -84.2897785025
1301 35.637464072 9.84544662997 64.6565166011 6.98052257226 -84.0317456224 C
1310 38.5922369746 12.2995894433 21.7668610188 3.85285758735 -68.1606180856
1310 38.5922369746 12.2995894433 46.608903847 18.7692687231 -64.8781389397
1310 38.5922369746 12.2995894433 64.6565166011 6.98052257226 -86.523514241
1313 38.6371349091 12.3414715432 64.6565166011 6.98052257226 -90.0307022156 C
1320 39.3088918081 15.5494081509 24.8544816615 4.1417302438 -68.9340146351
1320 39.3088918081 15.5494081509 44.2448654001 20.8326008212 -56.6884092535
1320 39.3088918081 15.5494081509 64.6565166011 6.98052257226 -80.6142394607
1328 39.6760089454 17.3176536578 64.6565166011 6.98052257226 -80.3809331918 C
1330 39.7968582993 17.6083160695 30.0576631499 3.58453457662 -70.6933590696
1330 39.7968582993 17.6083160695 41.3901709994 22.8773792089 -55.5568182625
1330 39.7968582993 17.6083160695 64.6565166011 6.98052257226 -79.4990779792
1340 35.0082397214 18.7456044931 33.1267959536 4.84936336746 -69.7007922239
1340 35.0082397214 18.7456044931 37.7647258233 24.8398841154 -63.675858961
1340 34.9617991289 18.7161380483 64.6565166011 6.98052257226 -89.1655764872
1350 33.621334831 17.4459333657 33.1267959536 4.84936336746 -70.635616314
1350 33.621334831 17.4459333657 37.7790529893 25.0215417868 -69.2372863757
1350 33.621334831 17.4459333657 64.6565166011 6.98052257226 -90.3854485617
1360 33.2590397101 17.3289151288 34.2491913115 7.36042901106 -67.6900786911
1360 33.2590397101 17.3289151288 37.7468740146 24.9786808753 -68.6074547482
1360 33.2590397101 17.3289151288 64.6565166011 6.98052257226 -89.5253940661
1360 33.2590397101 17.3289151288 64.6565166011 6.98052257226 -88.3948049399 C
1370 31.2383057018 20.2279800491 35.62712776 9.84323377838 -75.8755702305
1370 31.2383057018 20.2279800491 37.7468740146 24.9786808753 -57.2989638523
1370 31.2383057018 20.2279800491 64.6565166011 6.98052257226 -87.516359725
1374 31.2106569784 20.3156696074 64.6565166011 6.98052257226 -85.2090420322 C
1380 29.7052577382 21.7300276271 35.62712776 9.84323377838 -78.8666772468
1380 29.7052577382 21.7300276271 37.7468740146 24.9786808753 -58.7149532032
1380 29.7052577382 21.7300276271 64.6565166011 6.98052257226 -89.5516575002
1390 27.7290747125 23.3185829519 35.62712776 9.84323377838 -78.0016488179 C
1390 27.7290747125 23.3185829519 35.62712776 9.84323377838 -77.5219450244
1390 27.7290747125 23.3185829519 37.7468740146 24.9786808753 -67.3166365684
1390 27.7290747125 23.3185829519 64.6565166011 6.98052257226 -93.0
1391 27.7290747125 23.3185829519 37.7468740146 24.9786808753 -66.644481234 C
1391 27.7290747125 23.3185829519 64.6565166011 6.98052257226 -91.2924847655 C
1400 27.7290747125 23.3185829519 33.5780718477 5.81194293162 -80.067855355
1400 27.7290747125 23.3185829519 37.7468740146 24.9786808753 -64.9364527579
1400 27.7290747125 23.3185829519 63.8898690675 10.8822925178 -90.5747737765
1407 27.7290747125 23.3185829519 33.2258914637 4.98324250967 -82.5332157491 C
1410 27.7290747125 23.3185829519 34.4738712004 4.34940344449 -71.5760522089
1410 27.7290747125 23.3185829519 37.7468740146 24.9786808753 -66.8975041319
1410 27.7290747125 23.3185829519 66.6112210592 12.8952251037 -82.9465764189
1410 27.7290747125 23.3185829519 66.6112210592 12.8952251037 -82.1543295615 C
1420 27.7290747125 23.3185829519 39.0268989605 4.22946493814 -82.1670217943
1420 27.7290747125 23.3185829519 41.8447656367 22.6922815681 -64.1994774245
1420 27.7290747125 23.3185829519 63.456842637 12.9353041417 -79.4882678927
1430 27.7290747125 23.3185829519 39.141926695 4.34119606073 -80.9836990478
1430 27.7290747125 23.3185829519 44.1230341855 20.9262261356 -77.5984237465
1430 27.7290747125 23.3185829519 61.7748480871 13.3607386084 -82.4650219141
1440 27.7290747125 23.3185829519 39.141926695 4.34119606073 -84.6356308125
1440 27.7290747125 23.3185829519 44.1230341855 20.9262261356 -74.8273377862
1440 27.7290747125 23.3185829519 61.7254668879 14.9008526821 -81.9534518728
1450 27.7290747125 23.3185829519 39.141926695 4.34119606073 -82.3311706475
1450 27.7290747125 23.3185829519 44.1230341855 20.9262261356 -76.5085260145
1450 27.7290747125 23.3185829519 61.4773112618 13.8467135713 -80.416705932
1454 27.7290747125 23.3185829519 61.4439833458 13.6919255024 -80.0970290485 C
1455 27.7290747125 23.3185829519 39.141926695 4.34119606073 -82.5782715376 C
1460 29.4595800938 21.710811747 39.1174336816 5.93773833924 -80.7446189534
1460 29.4595800938 21.710811747 44.1230341855 20.9262261356 -80.7618728121
1460 29.4595800938 21.710811747 61.6922910928 13.4827570314 -85.8260365443
1467 31.1142846177 20.4250964789 61.6922910928 13.4827570314 -83.2987093344 C
1470 31.9105022344 19.6411513596 43.1233444458 8.6732065074 -65.7043126819
1470 31.9105022344 19.6411513596 44.1230341855 20.9262261356 -67.167253612
1470 31.9105022344 19.6411513596 61.6922910928 13.4827570314 -82.1576455585
1478 33.1159328125 17.4397931099 61.6922910928 13.4827570314 -85.1153515992 C
1479 33.1159328125 17.4397931099 44.6160889635 8.89395586342 -63.5285600441 C
1480 33.1159328125 17.4397931099 44.6160889635 8.89395586342 -67.1659420142
1480 33.1159328125 17.4397931099 44.1230341855 20.9262261356 -63.6672385619
1480 33.1159328125 17.4397931099 61.6922910928 13.4827570314 -85.3034192641
1490 31.212558514 20.3136544501 44.6160889635 8.89395586342 -69.8710732198
1490 31.212558514 20.3136544501 48.6152619836 17.9190200194 -69.2245868172
1490 31.212558514 20.3136544501 66.441836093 12.899165019 -82.587593335
1492 31.212558514 20.3136544501 44.6160889635 8.89395586342 -70.3025965385 C
1493 31.212558514 20.3136544501 66.6124123674 12.8941794802 -84.2515418646 C
1500 32.9504139133 17.5781804049 44.6160889635 8.89395586342 -63.4436348612
1500 32.9504139133 17.5781804049 53.9934085751 17.1670491406 -87.212669512
1500 32.9504139133 17.5781804049 66.6124123674 12.8941794802 -82.9692072897
1503 33.125210456 17.4438623119 66.6124123674 12.8941794802 -87.6574364158 C
1510 31.6983751534 19.4500759917 44.6160889635 8.89395586342 -70.3212868478
1510 31.6983751534 19.4500759917 56.1080134126 16.885251425 -70.8808901692
1510 31.6983751534 19.4500759917 64.7065424998 12.8695033132 -79.5329970851
1517 31.2113131019 20.3188915259 56.1080134126 16.885251425 -76.2571442145 C
1520 32.0640444736 19.2296810059 44.6160889635 8.89395586342 -70.9930558538
1520 32.0640444736 19.2296810059 56.1080134126 16.885251425 -73.4244717837
1520 32.0640444736 19.2296810059 64.4399476382 7.82975050742 -89.6372153942
1528 33.130837816 17.4444952246 56.1080134126 16.885251425 -82.0055217477 C
1530 33.3336818652 16.9508093912 43.9516069256 8.31176332525 -63.4757580245
1530 33.3336818652 16.9508093912 56.4802104811 16.3281776128 -85.8292877296
1530 33.3336818652 16.9508093912 64.67202608 6.98131446585 -88.9181223409
1540 30.4490259143 12.5026394009 38.885340132 6.95070367166 -60.6210561883
1540 30.4490259143 12.5026394009 56.2635821734 10.884699889 -89.0212163856
1540 30.4490259143 12.5026394009 64.67202608 6.98131446585 -90.0813634719
1546 30.2258410663 11.9827197391 64.67202608 6.98131446585 -86.0317755766 C
1550 29.8318454694 11.7513657922 39.1839502148 4.46851409548 -72.2450645721
1550 29.7768470049 11.7517767693 55.7002982506 6.48901499109 -77.7628853005
1550 29.7768470049 11.7517767693 64.67202608 6.98131446585 -91.1174315917
1560 26.800771583 15.6711793399 35.1478652901 3.78558451632 -65.7199364392
1560 26.800771583 15.6711793399 55.699871385 6.48368281589 -88.9214118481
1560 26.800771583 15.6711793399 64.67202608 6.98131446585 -90.0862194251
1565 26.7265467954 15.8115836915 64.67202608 6.98131446585 -93.0 C
1570 25.6051636274 16.069828401 33.6027511255 4.80922969134 -64.8673207313
1570 25.6051636274 16.069828401 55.699871385 6.48368281589 -90.3694597103
1570 25.6051636274 16.069828401 64.67202608 6.98131446585 -90.7782216083
1580 20.4955684582 15.1409715887 33.2534423222 4.97225064569 -73.1239322648
1580 20.4955684582 15.1409715887 55.699871385 6.48368281589 -91.1045475754
1580 20.4955684582 15.1409715887 64.67202608 6.98131446585 -92.9389329305
1590 20.780628875 14.6221872227 33.2652264743 4.84552948966 -71.8483711933
1590 20.780628875 14.6221872227 55.699871385 6.48368281589 -90.9276913024
1590 20.780628875 14.6221872227 64.67202608 6.98131446585 -93.0
1596 20.2580592338 14.8378150032 64.67202608 6.98131446585 -92.2203098867 C
1600 20.2580592338 14.8378150032 33.2506696153 4.97766253417 -72.1245252647
1600 20.2580592338 14.8378150032 55.699871385 6.48368281589 -90.8988029092
1600 20.2580592338 14.8378150032 64.6418602502 8.23451707174 -93.0
1610 20.2580592338 14.8378150032 32.0747925259 8.17203789526 -63.5820171773
1610 20.2580592338 14.8378150032 57.2895191553 5.18386018264 -90.8187922451
1610 20.2580592338 14.8378150032 64.8255530795 12.916292667 -93.0
1620 20.2580592338 14.8378150032 30.2119372484 11.8136452644 -71.7164937052
1620 20.2580592338 14.8378150032 60.0135001159 5.38685122255 -92.7736309071
1620 20.2580592338 14.8378150032 66.610656916 12.894957079 -93.0
1622 20.2580592338 14.8378150032 30.2119372484 11.8136452644 -73.0501915797 C
1630 19.4487110835 18.0031494644 31.5844190372 15.2248667026 -62.8612485912
1630 19.4487110835 18.0031494644 64.1286122581 7.56541119594 -93.0
1637 19.1916145155 19.3129296935 64.6393144091 6.95916058568 -92.945554638 C
1639 19.1916145155 19.3129296935 33.1386797946 17.3310289741 -72.6333990623 C
1640 19.3626918848 19.2485617341 33.1386797946 17.3310289741 -71.656878
1650 20.1536834247 14.9843061679 31.2136247987 20.3139415703 -70.0495465648
1650 20.1566830685 14.9785972655 61.798443142 7.42393474968 -93.0
1650 20.1566830685 14.9785972655 61.9749728477 13.2594177463 -88.4510481681
1652 20.1566830685 14.9785972655 31.2136247987 20.3139415703 -70.3182047226 C
1660 20.1566830685 14.9785972655 32.9762074627 17.549784257 -68.9037514863
1660 20.1566830685 14.9785972655 58.1559390478 4.17016453093 -92.7959346735
1660 20.1566830685 14.9785972655 61.8836834913 14.1207593481 -84.5577975045
1663 20.1566830685 14.9785972655 33.1253349657 17.4422537317 -66.3426069645 C
1670 18.107877258 13.648367485 31.1387617141 15.9290743348 -70.7507409918
1670 18.107877258 13.648367485 55.7234560142 6.31927061008 -80.7173195869
1670 18.107877258 13.648367485 61.2962150301 15.7632738466 -92.0543051956
1680 13.8016488796 13.7868008561 26.8287705806 15.8145457604 -70.2560200823
1680 13.8016488796 13.7868008561 55.7234560142 6.31927061008 -84.2602199281
1690 13.8982547324 14.0981340425 26.9376790512 16.1076195968 -72.0992770454
1690 13.8982547324 14.0981340425 55.7234560142 6.31927061008 -84.8596940514
1695 13.7518527391 13.9673426002 26.7544441998 15.9664055621 -70.9487124113 C
1700 13.7518527391 13.9673426002 25.7795075763 16.2754168798 -66.6771588342
1700 13.7518527391 13.9673426002 56.2205488097 10.2980696126 -92.5337726059
1710 13.7518527391 13.9673426002 20.6923622134 15.3639337442 -61.3303560941
1710 13.7518527391 13.9673426002 56.2116860926 15.7426280591 -93.0
1714 13.7518527391 13.9673426002 64.6753299677 6.98661861084 -93.0 C
1720 13.7518527391 13.9673426002 20.9617288305 14.8406998217 -59.6057056072
1720 13.7518527391 13.9673426002 56.197076891 16.8106379406 -92.1760329092
1727 13.7518527391 13.9673426002 20.2589381898 14.841496584 -60.3329319682 C
1727 13.7518527391 13.9673426002 56.197076891 16.8106379406 -92.8071989259 C
1730 13.7518527391 13.9673426002 20.4283340284 15.7652389792 -61.0023972848
1730 13.7518527391 13.9673426002 56.197076891 16.8106379406 -91.6537334627
1730 13.7518527391 13.9673426002 59.4630805875 5.08972587517 -90.1386497313
1740 13.7518527391 13.9673426002 19.1925398112 19.3140451232 -65.8582624384
1740 13.7518527391 13.9673426002 50.9785735015 17.0893236122 -90.3537243372
1740 13.7518527391 13.9673426002 54.6009219447 4.29400179253 -89.6647865541
1742 13.7518527391 13.9673426002 19.1925398112 19.3140451232 -65.1519617702 C
1750 13.1405697369 10.1762239536 16.7052063971 18.1812182993 -59.2378026979
1750 13.1405697369 10.1762239536 46.0317211537 19.3278342249 -88.4850652639
1750 13.1405697369 10.1762239536 49.7442947058 3.86450911633 -91.0474547833
1760 11.7393334759 7.48129896751 13.8011042182 14.0890642117 -56.4347795975
1760 11.7393334759 7.48129896751 44.2448367171 20.8293641875 -89.0869723647
1760 11.7393334759 7.48129896751 45.7223469392 7.08234633559 -91.0256919512
1761 11.7393334759 7.48129896751 44.2448367171 20.8293641875 -91.3393207628 C
1770 16.1337824587 6.78847330937 13.7332934898 13.9700996049 -58.9963678814
1770 16.1337824587 6.78847330937 43.5035615934 22.064261533 -74.3848670706
1770 16.1881461231 6.78013112763 44.715765015 8.81773393497 -84.9658720658
1777 18.6090730505 6.39624280921 13.7332934898 13.9700996049 -64.2172395336 C
1777 18.6090730505 6.39624280921 44.715765015 8.81773393497 -82.4931535687 C
1780 19.3901433144 5.84823489856 13.7332934898 13.9700996049 -64.3438045155
1780 19.3901433144 5.84823489856 38.7257033295 24.4244310306 -82.8292898528
1780 19.4236634152 5.80462982041 44.715765015 8.81773393497 -80.0659911592
1790 23.8253921726 4.27015165011 13.7332934898 13.9700996049 -74.1108352769
1790 23.8253921726 4.27015165011 38.6150383076 24.8413403848 -86.5216715211
1790 23.8253921726 4.27015165011 44.715765015 8.81773393497 -84.940792563
1800 24.1224563109 4.36548312072 14.0809432798 13.6410761107 -74.4087009272
1800 24.1224563109 4.36548312072 38.2605874536 24.7123855004 -87.8427617981
1800 24.1224563109 4.36548312072 44.715765015 8.81773393497 -85.637664119
1810 24.1224563109 4.36548312072 12.4406695936 8.52485516776 -64.2144898005
1810 24.1224563109 4.36548312072 39.6809442706 19.5795051465 -86.2120671068
1810 24.1224563109 4.36548312072 44.715765015 8.81773393497 -86.5300284649
1818 24.1224563109 4.36548312072 44.715765015 8.81773393497 -84.8144710231 C
1820 24.1224563109 4.36548312072 12.1494439556 7.61068980527 -63.1537143025
1820 24.1224563109 4.36548312072 39.7564171902 17.4438777516 -78.3845088076
1820 24.1224563109 4.36548312072 44.715765015 8.81773393497 -85.9162980435
1830 24.1224563109 4.36548312072 13.4886469887 12.3594973189 -74.1431217479
1830 24.1224563109 4.36548312072 39.1714652418 12.716728343 -65.1559200465
1830 24.1224563109 4.36548312072 40.5094346672 7.67832894997 -84.9404722011
1838 24.1224563109 4.36548312072 13.6878504353 13.8098885622 -74.2853181892 C
1840 24.1224563109 4.36548312072 14.3853742566 13.4134726191 -74.6053511058
1840 24.1224563109 4.36548312072 38.6873950899 7.84596192132 -83.8403588259
1840 24.1224563109 4.36548312072 39.126666027 4.55945213297 -77.2764057101
1843 24.1224563109 4.36548312072 39.1621730121 4.47257670774 -76.2681587691 C
1850 23.4660563004 3.7356917809 19.1065691338 14.2691090674 -72.4217692148
1850 23.4660563004 3.7356917809 39.1043786023 4.63457657376 -72.1157875707
1850 23.4660563004 3.7356917809 37.3315754401 3.23332987511 -65.4142117893
1860 21.3059385289 4.18574029208 24.1385974641 16.1805043167 -79.1277541528
1860 21.3059385289 4.18574029208 39.1697579772 4.47588691151 -75.8074368726
1860 21.3059385289 4.18574029208 33.2594825677 4.82987512503 -66.0770954098
1870 18.7377540954 6.32423986956 26.61138873 15.9012123851 -67.2653874936
1870 18.7377540954 6.32423986956 39.1697579772 4.47588691151 -84.1063270151
1870 18.7377540954 6.32423986956 33.3046479255 5.06793188409 -77.6903323505
1872 18.7377540954 6.32423986956 39.1697579772 4.47588691151 -84.3633387882 C
1875 18.7377540954 6.32423986956 33.2338475659 4.97864865706 -79.0739383561 C
1880 20.5871505906 4.51848052801 26.61138873 15.9012123851 -83.3797599435
1880 20.5871505906 4.51848052801 39.0104154105 6.24426273333 -82.0047379347
1880 20.5871505906 4.51848052801 33.2338475659 4.97864865706 -71.8479217076
1889 24.1123639297 4.3826270071 33.2338475659 4.97864865706 -67.1107184489 C
1890 24.1123639297 4.3826270071 26.61138873 15.9012123851 -60.4288234715
1890 24.1123639297 4.3826270071 43.4064999561 8.6556434921 -84.4135527618
1890 24.1123639297 4.3826270071 33.2338475659 4.97864865706 -66.1257039035
1900 25.0951964896 6.76382916389 26.3614623295 17.3204233725 -63.2847492981
1900 25.0951964896 6.76382916389 44.6148575769 8.88066208662 -76.2681351552
1900 25.0951964896 6.76382916389 32.3276273972 7.6566095083 -64.9391705704
1910 26.0019664264 11.739725764 26.74171056 21.9892446655 -60.3636890189
1910 26.0019664264 11.739725764 44.6148575769 8.88066208662 -67.5724812883
1910 26.0019664264 11.739725764 30.2529039519 11.7130303376 -52.2383270776
1920 26.6768930545 15.8096879374 27.6497031057 23.3347798114 -61.6602213294
1920 26.6768930545 15.8096879374 45.4024533423 9.23297137152 -83.4297636125
1920 26.6768930545 15.8096879374 30.2154430271 11.8137260795 -56.7598954903
1923 26.6780627549 15.8158524178 27.6497031057 23.3347798114 -63.0687316135 C
1930 24.3897942093 16.0202984771 27.6497031057 23.3347798114 -59.8733211373
1930 24.3897942093 16.0202984771 49.2001872627 12.9332962447 -75.5777637265
1930 24.3897942093 16.0202984771 26.9542187767 15.5529677567 -46.299763921
1940 20.2775802297 14.9468625957 27.6497031057 23.3347798114 -60.1938317833
1940 20.2775802297 14.9468625957 53.5646279497 16.2790902788 -88.7061170694
1940 20.2775802297 14.9468625957 26.7400739911 15.8236772161 -65.2856413676
1950 20.3049071491 14.7702670579 27.6497031057 23.3347798114 -61.1573656379
1950 20.3049071491 14.7702670579 56.1223013351 16.8671464186 -90.1694018385
1950 20.3049071491 14.7702670579 26.7400739911 15.8236772161 -65.9031450209
1960 20.3686373956 15.131200846 27.6497031057 23.3347798114 -61.4853191153
1960 20.3686373956 15.131200846 56.1223013351 16.8671464186 -91.0505774608
1960 20.3686373956 15.131200846 26.7400739911 15.8236772161 -62.0524984433
1965 20.2296834071 14.9782254563 26.7400739911 15.8236772161 -60.6375725779 C
1970 19.6604921156 15.1686991912 27.6497031057 23.3347798114 -62.6322524502
1970 19.6604921156 15.1686991912 56.1223013351 16.8671464186 -91.3561218378
1970 19.6604921156 15.1686991912 29.0138407985 15.2084712099 -70.162274799
1980 19.2002112638 19.3112664463 27.6497031057 23.3347798114 -66.3080864983
1980 19.2002112638 19.3112664463 56.1223013351 16.8671464186 -91.1748664447
1980 19.2002112638 19.3112664463 34.3580689515 15.6367259095 -65.3623658638
1983 19.2002112638 19.3112664463 27.6497031057 23.3347798114 -67.8401698235 C
1990 17.1850424927 18.5082845495 27.6497031057 23.3347798114 -69.2692587369
1990 17.1393757064 18.4776325571 56.1223013351 16.8671464186 -91.5771862412
1990 17.1393757064 18.4776325571 39.2498682997 13.6560415146 -70.4698218223
2000 13.9204512158 14.2619273306 27.6497031057 23.3347798114 -80.507414313
2000 13.9204512158 14.2619273306 56.1223013351 16.8671464186 -92.9916511143
2000 13.9204512158 14.2619273306 43.9846530532 14.785169574 -87.3309316329
2005 13.7429423534 13.9796572806 27.6497031057 23.3347798114 -78.9725584982 C
2010 14.302938756 13.9776500131 28.8265500832 22.0465993172 -72.3228721825
2010 14.302938756 13.9776500131 56.1223013351 16.8671464186 -92.4590976066
2010 14.302938756 13.9776500131 49.1124298043 12.9719653687 -90.9077040146
2020 18.3472542228 14.7343966074 32.4760556112 18.0092903189 -68.6527885661
2020 18.3472542228 14.7343966074 56.1228877271 16.86998114 -91.9468447213
2020 18.3472542228 14.7343966074 52.2599318025 11.4704920405 -87.3847780101
2030 22.7318135011 18.1449014771 33.1205590963 17.4350178828 -67.0752465621
2030 22.7318135011 18.1449014771 51.1678698203 17.6632571562 -87.3142655002
2030 22.7318135011 18.1449014771 55.2724386892 6.9170246714 -87.907329527
2040 26.4949643486 21.980041338 33.1205590963 17.4350178828 -58.9481637185
2040 26.4949643486 21.980041338 45.9838848386 18.9817014105 -78.1583863214
2040 26.4949643486 21.980041338 55.6275785268 6.44925025471 -90.6580886567
2050 27.6421469108 23.3327694353 33.1205590963 17.4350178828 -59.970195825
2050 27.6421469108 23.3327694353 40.9861524999 18.0775477357 -68.7336779981
2050 27.6421469108 23.3327694353 55.6275785268 6.44925025471 -86.1147675757
2060 27.6421469108 23.3327694353 33.1205590963 17.4350178828 -59.5957017185
2060 27.6421469108 23.3327694353 40.5456175026 17.3538518142 -66.5914325367
2060 27.6421469108 23.3327694353 55.6275785268 6.44925025471 -85.9714298388
