N_ROBOTS: 4
;

CONFIGURATIONS:
1 6 5 4 
1 6 5 4 
1 6 5 4 
1 6 5 4 
1 6 5 4 
1 5 7 4 
2 5 7 4 
2 5 7 3 
2 5 7 3 
2 5 6 3 
2 7 6 3 
1 7 6 3 
1 9 5 3 
0 9 5 2 
0 9 6 2 
1 9 6 2 
1 8 6 2 
0 8 6 1 
0 9 7 1 
2 9 7 4 
2 8 9 4 
3 8 9 4 
1 6 5 4 
;

COORDINATES_LIST:
291 60 | 467 181 | 368 170 | 489 60 | 
291 60 | 467 181 | 368 170 | 489 60 | 
291 60 | 467 181 | 368 170 | 489 60 | 
291 60 | 467 181 | 368 170 | 489 60 | 
291 60 | 467 181 | 368 170 | 489 60 | 
291 60 | 368 170 | 335 247 | 489 60 | 
357 49 | 368 170 | 335 247 | 489 60 | 
357 49 | 368 170 | 335 247 | 412 60 | 
357 49 | 368 170 | 335 247 | 412 60 | 
357 49 | 368 170 | 467 181 | 412 60 | 
357 49 | 335 247 | 467 181 | 412 60 | 
291 60 | 335 247 | 467 181 | 412 60 | 
291 60 | 423 258 | 368 170 | 412 60 | 
225 60 | 423 258 | 368 170 | 357 49 | 
225 60 | 423 258 | 467 181 | 357 49 | 
291 60 | 423 258 | 467 181 | 357 49 | 
291 60 | 577 247 | 467 181 | 357 49 | 
225 60 | 577 247 | 467 181 | 291 60 | 
225 60 | 423 258 | 335 247 | 291 60 | 
357 49 | 423 258 | 335 247 | 489 60 | 
357 49 | 577 247 | 423 258 | 489 60 | 
412 60 | 577 247 | 423 258 | 489 60 | 
291 60 | 467 181 | 368 170 | 489 60 | 
;

ROBOT_MOVING:
0 0 0 0 
1 0 1 0 
0 1 1 0 
0 1 0 1 
0 0 1 1 
0 1 1 0 
1 1 0 0 
1 0 0 1 
0 1 0 1 
0 0 1 1 
0 1 1 0 
1 0 0 1 
0 1 1 0 
1 0 0 1 
0 1 1 0 
1 0 0 1 
0 1 1 0 
1 0 0 1 
0 1 1 0 
1 0 0 1 
0 1 1 0 
1 0 0 1 
1 1 1 0 
;

TIMETABLE:
0.0 0.0 0.0 0.0 
0.0 0.0 0.0 0.0 
0.0 0.0 0.0 0.0 
0.0 0.0 0.0 0.0 
0.0 0.0 0.0 0.0 
0.0 10.0 10.0 0.0 
15.0 15.0 10.0 0.0 
15.0 15.0 10.0 15.0 
15.0 15.0 10.0 15.0 
15.0 15.0 28.0 28.0 
15.0 28.0 28.0 28.0 
30.0 28.0 28.0 30.0 
30.0 39.0 39.0 30.0 
44.0 39.0 39.0 44.0 
44.0 49.0 49.0 44.0 
58.0 49.0 49.0 58.0 
58.0 66.0 66.0 58.0 
73.0 66.0 66.0 73.0 
73.0 84.0 84.0 73.0 
99.0 84.0 84.0 99.0 
99.0 101.0 101.0 99.0 
113.0 101.0 101.0 113.0 
132.0 123.0 122.0 113.0 
;
