INPUT IGRAPH FILE: phys_graphoffices_phys_uniform_grid.graphml

RANGE_DISTANCE = 40
;

GRID_DISCRETIZATION = 11
;

N_ROBOTS = 4
;

START =
33
37
8
5
;

VERTEXES = 53
;

VELOCITY = 1
;

POINTS_TO_EXPLORE =
0 1
0 2
0 3
0 4
0 5
0 6
0 8
0 9
0 10
0 11
0 12
0 13
0 14
0 15
0 16
0 18
0 19
0 20
0 21
0 22
0 23
0 24
0 25
0 26
0 27
0 28
0 29
0 30
0 31
0 32
0 33
0 34
0 35
0 36
0 37
0 38
0 39
0 40
0 41
0 42
0 43
0 44
0 45
0 46
0 47
0 48
0 49
0 50
0 51
0 52
1 2
1 3
1 4
1 5
1 6
1 7
1 8
1 9
1 11
1 12
1 13
1 14
1 15
1 16
1 17
1 18
1 19
1 20
1 21
1 22
1 23
1 25
1 26
1 27
1 28
1 29
1 30
1 31
1 32
1 33
1 34
1 35
1 36
1 37
1 38
1 39
1 40
1 41
1 42
1 43
1 44
1 45
1 46
1 47
1 48
1 49
1 50
1 51
1 52
2 4
2 5
2 6
2 7
2 8
2 9
2 10
2 13
2 14
2 15
2 16
2 17
2 18
2 19
2 20
2 21
2 22
2 23
2 24
2 25
2 26
2 27
2 28
2 29
2 30
2 31
2 32
2 33
2 34
2 35
2 36
2 37
2 38
2 39
2 40
2 41
2 42
2 43
2 44
2 45
2 46
2 47
2 48
2 49
2 50
2 51
2 52
3 4
3 5
3 6
3 7
3 8
3 9
3 10
3 13
3 14
3 15
3 16
3 17
3 18
3 19
3 20
3 21
3 22
3 23
3 25
3 26
3 27
3 28
3 29
3 30
3 31
3 32
3 33
3 34
3 36
3 37
3 38
3 39
3 40
3 42
3 43
3 44
3 45
3 46
3 47
3 48
3 49
3 50
3 51
4 5
4 6
4 7
4 8
4 9
4 10
4 11
4 12
4 14
4 15
4 16
4 17
4 18
4 19
4 20
4 21
4 22
4 23
4 24
4 25
4 26
4 27
4 28
4 29
4 30
4 31
4 32
4 33
4 34
4 35
4 36
4 37
4 38
4 39
4 40
4 41
4 42
4 43
4 44
4 45
4 46
4 47
4 48
4 49
4 50
4 51
4 52
5 6
5 7
5 9
5 10
5 11
5 12
5 13
5 14
5 15
5 16
5 17
5 18
5 20
5 21
5 22
5 23
5 24
5 25
5 26
5 27
5 28
5 29
5 30
5 31
5 32
5 33
5 34
5 35
5 36
5 37
5 38
5 39
5 40
5 41
5 42
5 43
5 44
5 45
5 46
5 47
5 48
5 49
5 50
5 51
5 52
6 7
6 8
6 10
6 11
6 12
6 13
6 14
6 15
6 16
6 17
6 18
6 19
6 21
6 22
6 23
6 24
6 25
6 26
6 27
6 28
6 29
6 30
6 31
6 32
6 33
6 34
6 35
6 36
6 37
6 38
6 39
6 40
6 41
6 42
6 43
6 44
6 45
6 46
6 47
6 48
6 49
6 50
6 51
6 52
7 8
7 9
7 10
7 11
7 12
7 13
7 14
7 15
7 17
7 18
7 19
7 20
7 21
7 22
7 23
7 24
7 25
7 26
7 27
7 28
7 29
7 30
7 31
7 32
7 33
7 34
7 35
7 36
7 37
7 38
7 39
7 40
7 41
7 42
7 43
7 44
7 45
7 46
7 47
7 48
7 49
7 50
7 51
7 52
8 9
8 10
8 11
8 12
8 13
8 14
8 15
8 16
8 17
8 19
8 20
8 21
8 22
8 23
8 24
8 25
8 26
8 27
8 28
8 29
8 30
8 31
8 32
8 33
8 34
8 35
8 36
8 37
8 38
8 39
8 40
8 41
8 42
8 43
8 44
8 45
8 46
8 47
8 48
8 49
8 50
8 51
8 52
9 10
9 11
9 12
9 13
9 14
9 15
9 16
9 17
9 18
9 21
9 22
9 23
9 24
9 25
9 26
9 27
9 28
9 29
9 30
9 31
9 32
9 33
9 34
9 35
9 36
9 37
9 38
9 39
9 40
9 41
9 42
9 43
9 44
9 45
9 46
9 47
9 48
9 49
9 50
9 51
9 52
10 11
10 12
10 13
10 14
10 15
10 16
10 17
10 18
10 19
10 20
10 21
10 22
10 23
10 25
10 26
10 27
10 28
10 29
10 30
10 31
10 32
10 33
10 34
10 35
10 37
10 38
10 39
10 40
10 41
10 42
10 43
10 44
10 45
10 46
10 47
10 48
10 49
10 50
10 51
10 52
11 13
11 14
11 15
11 16
11 17
11 18
11 19
11 20
11 21
11 22
11 23
11 24
11 25
11 26
11 27
11 28
11 29
11 30
11 31
11 32
11 33
11 34
11 35
11 36
11 37
11 38
11 39
11 40
11 41
11 42
11 43
11 44
11 45
11 46
11 47
11 48
11 49
11 50
11 51
11 52
12 13
12 14
12 15
12 16
12 17
12 18
12 19
12 20
12 21
12 22
12 23
12 25
12 26
12 27
12 28
12 29
12 30
12 31
12 32
12 33
12 34
12 36
12 37
12 38
12 39
12 40
12 41
12 42
12 43
12 44
12 45
12 46
12 47
12 48
12 49
12 50
12 51
12 52
13 14
13 15
13 16
13 17
13 19
13 20
13 21
13 22
13 23
13 24
13 25
13 26
13 27
13 28
13 29
13 30
13 31
13 32
13 33
13 34
13 35
13 36
13 37
13 38
13 39
13 40
13 41
13 42
13 43
13 44
13 45
13 46
13 47
13 48
13 49
13 50
13 51
13 52
14 22
14 23
14 24
14 25
14 26
14 28
14 29
14 30
14 31
14 32
14 33
14 34
14 35
14 36
14 37
14 38
14 40
14 41
14 42
14 43
14 44
14 45
14 46
14 47
14 48
14 49
14 50
14 51
14 52
15 22
15 23
15 24
15 25
15 26
15 27
15 28
15 29
15 30
15 31
15 32
15 33
15 34
15 35
15 36
15 37
15 38
15 39
15 40
15 41
15 42
15 43
15 44
15 45
15 46
15 47
15 48
15 49
15 50
15 51
15 52
16 22
16 23
16 24
16 25
16 26
16 27
16 28
16 29
16 30
16 31
16 32
16 33
16 34
16 35
16 36
16 37
16 38
16 39
16 40
16 41
16 42
16 43
16 44
16 45
16 46
16 47
16 48
16 49
16 50
16 51
16 52
17 22
17 23
17 24
17 25
17 26
17 27
17 28
17 29
17 30
17 31
17 32
17 33
17 34
17 35
17 36
17 37
17 38
17 39
17 40
17 41
17 42
17 43
17 44
17 45
17 46
17 47
17 48
17 49
17 50
17 51
17 52
18 22
18 23
18 25
18 26
18 27
18 28
18 29
18 30
18 31
18 32
18 33
18 34
18 35
18 36
18 37
18 38
18 39
18 40
18 41
18 42
18 43
18 44
18 45
18 46
18 47
18 48
18 49
18 50
18 51
18 52
19 22
19 23
19 24
19 25
19 26
19 27
19 28
19 29
19 30
19 31
19 32
19 33
19 34
19 35
19 36
19 37
19 38
19 39
19 40
19 41
19 42
19 43
19 44
19 45
19 46
19 47
19 48
19 49
19 50
19 51
19 52
20 22
20 23
20 24
20 25
20 26
20 27
20 28
20 29
20 30
20 31
20 32
20 33
20 34
20 35
20 36
20 37
20 38
20 39
20 40
20 41
20 42
20 43
20 44
20 45
20 46
20 47
20 48
20 49
20 50
20 51
20 52
21 22
21 23
21 24
21 25
21 26
21 27
21 28
21 29
21 30
21 31
21 32
21 33
21 35
21 36
21 37
21 38
21 39
21 41
21 42
21 43
21 44
21 45
21 46
21 47
21 48
21 49
21 50
21 52
22 24
22 25
22 26
22 27
22 28
22 29
22 30
22 31
22 32
22 33
22 34
22 35
22 36
22 37
22 38
22 39
22 41
22 42
22 43
22 44
22 45
22 46
22 47
22 48
22 49
22 50
22 52
23 24
23 25
23 26
23 27
23 28
23 29
23 30
23 31
23 32
23 33
23 35
23 36
23 37
23 38
23 39
23 40
23 41
23 42
23 43
23 44
23 45
23 46
23 47
23 48
23 49
23 50
23 51
23 52
24 25
24 26
24 27
24 28
24 29
24 30
24 31
24 32
24 33
24 34
24 37
24 38
24 39
24 40
24 42
24 43
24 44
24 45
24 46
24 47
24 48
24 49
24 50
24 51
25 26
25 27
25 28
25 29
25 30
25 31
25 32
25 33
25 34
25 35
25 38
25 39
25 40
25 42
25 43
25 44
25 45
25 46
25 47
25 48
25 49
25 50
25 51
26 27
26 28
26 29
26 30
26 31
26 32
26 33
26 34
26 35
26 38
26 39
26 40
26 41
26 42
26 43
26 44
26 45
26 46
26 47
26 48
26 49
26 50
26 51
26 52
27 30
27 31
27 32
27 33
27 34
27 38
27 40
27 41
27 42
27 43
27 44
27 45
27 46
27 47
27 48
27 49
27 50
27 51
27 52
28 30
28 31
28 32
28 33
28 34
28 38
28 39
28 40
28 41
28 42
28 43
28 44
28 45
28 46
28 47
28 48
28 49
28 50
28 51
28 52
29 30
29 31
29 32
29 33
29 34
29 38
29 39
29 40
29 41
29 42
29 43
29 44
29 45
29 46
29 47
29 48
29 49
29 50
29 51
29 52
30 31
30 32
30 33
30 34
30 39
30 40
30 41
30 42
30 43
30 44
30 45
30 46
30 47
30 48
30 49
30 50
30 51
30 52
31 32
31 33
31 34
31 35
31 38
31 39
31 40
31 41
31 42
31 43
31 44
31 45
31 46
31 47
31 48
31 49
31 50
31 51
31 52
32 33
32 34
32 35
32 38
32 39
32 40
32 41
32 42
32 43
32 44
32 45
32 46
32 47
32 48
32 49
32 50
32 51
32 52
33 35
33 38
33 39
33 40
33 41
33 42
33 43
33 44
33 45
33 46
33 47
33 48
33 49
33 50
33 51
33 52
34 38
34 39
34 41
34 42
34 43
34 44
34 45
34 46
34 47
34 48
34 49
34 50
34 52
35 38
35 39
35 40
35 42
35 43
35 44
35 45
35 46
35 47
35 48
35 49
35 50
35 51
36 38
36 39
36 40
36 41
36 42
36 43
36 44
36 45
36 46
36 47
36 48
36 49
36 50
36 51
36 52
37 38
37 39
37 40
37 41
37 42
37 43
37 44
37 45
37 46
37 47
37 48
37 49
37 50
37 51
37 52
38 39
38 40
38 41
38 42
38 43
38 44
38 45
38 46
38 47
38 48
38 49
38 50
38 51
38 52
39 40
39 41
39 42
39 43
39 44
39 45
39 46
39 47
39 48
39 49
39 50
39 51
39 52
40 41
40 42
40 43
40 44
40 45
40 46
40 47
40 49
40 50
40 52
41 42
41 43
41 44
41 45
41 46
41 47
41 48
41 49
41 50
41 51
42 43
42 44
42 45
42 46
42 47
42 48
42 49
42 50
42 51
42 52
43 44
43 45
43 46
43 47
43 48
43 49
43 50
43 51
44 45
44 46
44 47
44 48
44 49
44 50
44 51
44 52
45 46
45 47
45 48
45 49
45 50
45 51
45 52
46 47
46 48
46 49
46 50
46 51
46 52
47 48
47 49
47 50
47 51
47 52
48 49
48 50
48 52
49 50
49 51
49 52
50 51
50 52
;

DISTANCE_MATRIX =
0 0  0
0 1  22
0 2  28
0 3  30
0 4  34
0 5  39
0 6  47
0 7  7
0 8  38
0 9  44
0 10  16
0 11  23
0 12  25
0 13  29
0 14  18
0 15  14
0 16  10
0 17  11
0 18  32
0 19  36
0 20  40
0 21  45
0 22  53
0 23  57
0 24  19
0 25  29
0 26  33
0 27  22
0 28  26
0 29  30
0 30  28
0 31  38
0 32  42
0 33  46
0 34  49
0 35  23
0 36  29
0 37  33
0 38  34
0 39  27
0 40  54
0 41  28
0 42  43
0 43  39
0 44  40
0 45  44
0 46  49
0 47  53
0 48  57
0 49  37
0 50  42
0 51  58
0 52  33
1 0  22
1 1  0
1 2  22
1 3  24
1 4  28
1 5  33
1 6  41
1 7  17
1 8  32
1 9  38
1 10  6
1 11  17
1 12  19
1 13  23
1 14  26
1 15  22
1 16  18
1 17  13
1 18  26
1 19  30
1 20  34
1 21  39
1 22  47
1 23  51
1 24  13
1 25  23
1 26  27
1 27  30
1 28  34
1 29  30
1 30  22
1 31  32
1 32  36
1 33  40
1 34  43
1 35  17
1 36  23
1 37  27
1 38  28
1 39  35
1 40  48
1 41  22
1 42  41
1 43  33
1 44  34
1 45  38
1 46  43
1 47  47
1 48  51
1 49  45
1 50  36
1 51  52
1 52  27
2 0  28
2 1  22
2 2  0
2 3  4
2 4  22
2 5  27
2 6  35
2 7  23
2 8  26
2 9  32
2 10  16
2 11  5
2 12  9
2 13  17
2 14  32
2 15  28
2 16  24
2 17  19
2 18  20
2 19  24
2 20  28
2 21  33
2 22  41
2 23  45
2 24  13
2 25  19
2 26  23
2 27  36
2 28  34
2 29  30
2 30  22
2 31  28
2 32  32
2 33  36
2 34  37
2 35  17
2 36  19
2 37  23
2 38  28
2 39  41
2 40  42
2 41  22
2 42  41
2 43  33
2 44  30
2 45  34
2 46  39
2 47  43
2 48  47
2 49  45
2 50  36
2 51  46
2 52  27
3 0  30
3 1  24
3 2  4
3 3  0
3 4  22
3 5  27
3 6  35
3 7  25
3 8  26
3 9  32
3 10  18
3 11  9
3 12  5
3 13  17
3 14  34
3 15  30
3 16  26
3 17  21
3 18  20
3 19  24
3 20  28
3 21  33
3 22  41
3 23  45
3 24  15
3 25  21
3 26  25
3 27  38
3 28  36
3 29  32
3 30  24
3 31  30
3 32  34
3 33  38
3 34  37
3 35  19
3 36  21
3 37  25
3 38  30
3 39  43
3 40  42
3 41  24
3 42  43
3 43  35
3 44  32
3 45  36
3 46  41
3 47  45
3 48  47
3 49  47
3 50  38
3 51  46
3 52  29
4 0  34
4 1  28
4 2  22
4 3  22
4 4  0
4 5  19
4 6  27
4 7  29
4 8  18
4 9  24
4 10  22
4 11  17
4 12  17
4 13  5
4 14  38
4 15  34
4 16  30
4 17  25
4 18  12
4 19  16
4 20  20
4 21  25
4 22  33
4 23  37
4 24  19
4 25  25
4 26  29
4 27  42
4 28  40
4 29  36
4 30  28
4 31  34
4 32  38
4 33  32
4 34  29
4 35  23
4 36  25
4 37  29
4 38  34
4 39  47
4 40  34
4 41  28
4 42  47
4 43  39
4 44  36
4 45  40
4 46  45
4 47  49
4 48  39
4 49  51
4 50  42
4 51  38
4 52  33
5 0  39
5 1  33
5 2  27
5 3  27
5 4  19
5 5  0
5 6  22
5 7  34
5 8  7
5 9  19
5 10  27
5 11  22
5 12  22
5 13  14
5 14  43
5 15  39
5 16  35
5 17  30
5 18  9
5 19  11
5 20  15
5 21  20
5 22  28
5 23  32
5 24  24
5 25  30
5 26  34
5 27  47
5 28  45
5 29  41
5 30  33
5 31  37
5 32  33
5 33  27
5 34  24
5 35  28
5 36  30
5 37  34
5 38  39
5 39  52
5 40  29
5 41  33
5 42  52
5 43  44
5 44  41
5 45  45
5 46  48
5 47  44
5 48  34
5 49  56
5 50  47
5 51  33
5 52  38
6 0  47
6 1  41
6 2  35
6 3  35
6 4  27
6 5  22
6 6  0
6 7  42
6 8  17
6 9  7
6 10  35
6 11  30
6 12  30
6 13  22
6 14  51
6 15  47
6 16  43
6 17  38
6 18  17
6 19  13
6 20  9
6 21  14
6 22  22
6 23  26
6 24  32
6 25  38
6 26  38
6 27  55
6 28  53
6 29  49
6 30  41
6 31  31
6 32  27
6 33  21
6 34  18
6 35  36
6 36  38
6 37  36
6 38  47
6 39  60
6 40  23
6 41  41
6 42  60
6 43  52
6 44  49
6 45  47
6 46  42
6 47  38
6 48  28
6 49  64
6 50  55
6 51  27
6 52  46
7 0  7
7 1  17
7 2  23
7 3  25
7 4  29
7 5  34
7 6  42
7 7  0
7 8  33
7 9  39
7 10  11
7 11  18
7 12  20
7 13  24
7 14  17
7 15  13
7 16  9
7 17  6
7 18  27
7 19  31
7 20  35
7 21  40
7 22  48
7 23  52
7 24  14
7 25  24
7 26  28
7 27  21
7 28  25
7 29  29
7 30  23
7 31  33
7 32  37
7 33  41
7 34  44
7 35  18
7 36  24
7 37  28
7 38  29
7 39  26
7 40  49
7 41  23
7 42  42
7 43  34
7 44  35
7 45  39
7 46  44
7 47  48
7 48  52
7 49  36
7 50  37
7 51  53
7 52  28
8 0  38
8 1  32
8 2  26
8 3  26
8 4  18
8 5  7
8 6  17
8 7  33
8 8  0
8 9  14
8 10  26
8 11  21
8 12  21
8 13  13
8 14  42
8 15  38
8 16  34
8 17  29
8 18  8
8 19  6
8 20  10
8 21  15
8 22  23
8 23  27
8 24  23
8 25  29
8 26  33
8 27  46
8 28  44
8 29  40
8 30  32
8 31  32
8 32  28
8 33  22
8 34  19
8 35  27
8 36  29
8 37  33
8 38  38
8 39  51
8 40  24
8 41  32
8 42  51
8 43  43
8 44  40
8 45  44
8 46  43
8 47  39
8 48  29
8 49  55
8 50  46
8 51  28
8 52  37
9 0  44
9 1  38
9 2  32
9 3  32
9 4  24
9 5  19
9 6  7
9 7  39
9 8  14
9 9  0
9 10  32
9 11  27
9 12  27
9 13  19
9 14  48
9 15  44
9 16  40
9 17  35
9 18  14
9 19  10
9 20  6
9 21  9
9 22  17
9 23  21
9 24  29
9 25  35
9 26  33
9 27  52
9 28  50
9 29  46
9 30  38
9 31  26
9 32  22
9 33  16
9 34  13
9 35  33
9 36  35
9 37  31
9 38  44
9 39  57
9 40  18
9 41  38
9 42  57
9 43  49
9 44  46
9 45  42
9 46  37
9 47  33
9 48  23
9 49  61
9 50  52
9 51  22
9 52  43
10 0  16
10 1  6
10 2  16
10 3  18
10 4  22
10 5  27
10 6  35
10 7  11
10 8  26
10 9  32
10 10  0
10 11  11
10 12  13
10 13  17
10 14  20
10 15  16
10 16  12
10 17  7
10 18  20
10 19  24
10 20  28
10 21  33
10 22  41
10 23  45
10 24  7
10 25  17
10 26  21
10 27  24
10 28  28
10 29  24
10 30  16
10 31  26
10 32  30
10 33  34
10 34  37
10 35  11
10 36  17
10 37  21
10 38  22
10 39  29
10 40  42
10 41  16
10 42  35
10 43  27
10 44  28
10 45  32
10 46  37
10 47  41
10 48  45
10 49  39
10 50  30
10 51  46
10 52  21
11 0  23
11 1  17
11 2  5
11 3  9
11 4  17
11 5  22
11 6  30
11 7  18
11 8  21
11 9  27
11 10  11
11 11  0
11 12  4
11 13  12
11 14  27
11 15  23
11 16  19
11 17  14
11 18  15
11 19  19
11 20  23
11 21  28
11 22  36
11 23  40
11 24  8
11 25  14
11 26  18
11 27  31
11 28  29
11 29  25
11 30  17
11 31  23
11 32  27
11 33  31
11 34  32
11 35  12
11 36  14
11 37  18
11 38  23
11 39  36
11 40  37
11 41  17
11 42  36
11 43  28
11 44  25
11 45  29
11 46  34
11 47  38
11 48  42
11 49  40
11 50  31
11 51  41
11 52  22
12 0  25
12 1  19
12 2  9
12 3  5
12 4  17
12 5  22
12 6  30
12 7  20
12 8  21
12 9  27
12 10  13
12 11  4
12 12  0
12 13  12
12 14  29
12 15  25
12 16  21
12 17  16
12 18  15
12 19  19
12 20  23
12 21  28
12 22  36
12 23  40
12 24  10
12 25  16
12 26  20
12 27  33
12 28  31
12 29  27
12 30  19
12 31  25
12 32  29
12 33  33
12 34  32
12 35  14
12 36  16
12 37  20
12 38  25
12 39  38
12 40  37
12 41  19
12 42  38
12 43  30
12 44  27
12 45  31
12 46  36
12 47  40
12 48  42
12 49  42
12 50  33
12 51  41
12 52  24
13 0  29
13 1  23
13 2  17
13 3  17
13 4  5
13 5  14
13 6  22
13 7  24
13 8  13
13 9  19
13 10  17
13 11  12
13 12  12
13 13  0
13 14  33
13 15  29
13 16  25
13 17  20
13 18  7
13 19  11
13 20  15
13 21  20
13 22  28
13 23  32
13 24  14
13 25  20
13 26  24
13 27  37
13 28  35
13 29  31
13 30  23
13 31  29
13 32  33
13 33  27
13 34  24
13 35  18
13 36  20
13 37  24
13 38  29
13 39  42
13 40  29
13 41  23
13 42  42
13 43  34
13 44  31
13 45  35
13 46  40
13 47  44
13 48  34
13 49  46
13 50  37
13 51  33
13 52  28
14 0  18
14 1  26
14 2  32
14 3  34
14 4  38
14 5  43
14 6  51
14 7  17
14 8  42
14 9  48
14 10  20
14 11  27
14 12  29
14 13  33
14 14  0
14 15  4
14 16  8
14 17  13
14 18  34
14 19  38
14 20  42
14 21  47
14 22  55
14 23  59
14 24  21
14 25  31
14 26  35
14 27  4
14 28  8
14 29  12
14 30  22
14 31  40
14 32  44
14 33  48
14 34  51
14 35  25
14 36  31
14 37  35
14 38  20
14 39  9
14 40  56
14 41  30
14 42  25
14 43  33
14 44  42
14 45  46
14 46  51
14 47  55
14 48  59
14 49  19
14 50  28
14 51  60
14 52  33
15 0  14
15 1  22
15 2  28
15 3  30
15 4  34
15 5  39
15 6  47
15 7  13
15 8  38
15 9  44
15 10  16
15 11  23
15 12  25
15 13  29
15 14  4
15 15  0
15 16  4
15 17  9
15 18  30
15 19  34
15 20  38
15 21  43
15 22  51
15 23  55
15 24  17
15 25  27
15 26  31
15 27  8
15 28  12
15 29  16
15 30  26
15 31  36
15 32  40
15 33  44
15 34  47
15 35  21
15 36  27
15 37  31
15 38  24
15 39  13
15 40  52
15 41  26
15 42  29
15 43  37
15 44  38
15 45  42
15 46  47
15 47  51
15 48  55
15 49  23
15 50  32
15 51  56
15 52  31
16 0  10
16 1  18
16 2  24
16 3  26
16 4  30
16 5  35
16 6  43
16 7  9
16 8  34
16 9  40
16 10  12
16 11  19
16 12  21
16 13  25
16 14  8
16 15  4
16 16  0
16 17  5
16 18  26
16 19  30
16 20  34
16 21  39
16 22  47
16 23  51
16 24  13
16 25  23
16 26  27
16 27  12
16 28  16
16 29  20
16 30  22
16 31  32
16 32  36
16 33  40
16 34  43
16 35  17
16 36  23
16 37  27
16 38  28
16 39  17
16 40  48
16 41  22
16 42  33
16 43  33
16 44  34
16 45  38
16 46  43
16 47  47
16 48  51
16 49  27
16 50  36
16 51  52
16 52  27
17 0  11
17 1  13
17 2  19
17 3  21
17 4  25
17 5  30
17 6  38
17 7  6
17 8  29
17 9  35
17 10  7
17 11  14
17 12  16
17 13  20
17 14  13
17 15  9
17 16  5
17 17  0
17 18  21
17 19  25
17 20  29
17 21  34
17 22  42
17 23  46
17 24  8
17 25  18
17 26  22
17 27  17
17 28  21
17 29  25
17 30  17
17 31  27
17 32  31
17 33  35
17 34  38
17 35  12
17 36  18
17 37  22
17 38  23
17 39  22
17 40  43
17 41  17
17 42  36
17 43  28
17 44  29
17 45  33
17 46  38
17 47  42
17 48  46
17 49  32
17 50  31
17 51  47
17 52  22
18 0  32
18 1  26
18 2  20
18 3  20
18 4  12
18 5  9
18 6  17
18 7  27
18 8  8
18 9  14
18 10  20
18 11  15
18 12  15
18 13  7
18 14  34
18 15  30
18 16  26
18 17  21
18 18  0
18 19  4
18 20  8
18 21  13
18 22  21
18 23  25
18 24  15
18 25  21
18 26  25
18 27  38
18 28  36
18 29  32
18 30  24
18 31  30
18 32  26
18 33  20
18 34  17
18 35  19
18 36  21
18 37  25
18 38  30
18 39  43
18 40  22
18 41  24
18 42  43
18 43  35
18 44  32
18 45  36
18 46  41
18 47  37
18 48  27
18 49  47
18 50  38
18 51  26
18 52  29
19 0  36
19 1  30
19 2  24
19 3  24
19 4  16
19 5  11
19 6  13
19 7  31
19 8  6
19 9  10
19 10  24
19 11  19
19 12  19
19 13  11
19 14  38
19 15  34
19 16  30
19 17  25
19 18  4
19 19  0
19 20  4
19 21  9
19 22  17
19 23  21
19 24  19
19 25  25
19 26  29
19 27  42
19 28  40
19 29  36
19 30  28
19 31  26
19 32  22
19 33  16
19 34  13
19 35  23
19 36  25
19 37  29
19 38  34
19 39  47
19 40  18
19 41  28
19 42  47
19 43  39
19 44  36
19 45  40
19 46  37
19 47  33
19 48  23
19 49  51
19 50  42
19 51  22
19 52  33
20 0  40
20 1  34
20 2  28
20 3  28
20 4  20
20 5  15
20 6  9
20 7  35
20 8  10
20 9  6
20 10  28
20 11  23
20 12  23
20 13  15
20 14  42
20 15  38
20 16  34
20 17  29
20 18  8
20 19  4
20 20  0
20 21  5
20 22  13
20 23  17
20 24  23
20 25  29
20 26  29
20 27  46
20 28  44
20 29  40
20 30  32
20 31  22
20 32  18
20 33  12
20 34  9
20 35  27
20 36  29
20 37  27
20 38  38
20 39  51
20 40  14
20 41  32
20 42  51
20 43  43
20 44  40
20 45  38
20 46  33
20 47  29
20 48  19
20 49  55
20 50  46
20 51  18
20 52  37
21 0  45
21 1  39
21 2  33
21 3  33
21 4  25
21 5  20
21 6  14
21 7  40
21 8  15
21 9  9
21 10  33
21 11  28
21 12  28
21 13  20
21 14  47
21 15  43
21 16  39
21 17  34
21 18  13
21 19  9
21 20  5
21 21  0
21 22  8
21 23  12
21 24  28
21 25  30
21 26  26
21 27  51
21 28  49
21 29  45
21 30  37
21 31  19
21 32  15
21 33  9
21 34  4
21 35  32
21 36  28
21 37  24
21 38  43
21 39  56
21 40  9
21 41  37
21 42  56
21 43  48
21 44  39
21 45  35
21 46  30
21 47  26
21 48  16
21 49  60
21 50  51
21 51  13
21 52  42
22 0  53
22 1  47
22 2  41
22 3  41
22 4  33
22 5  28
22 6  22
22 7  48
22 8  23
22 9  17
22 10  41
22 11  36
22 12  36
22 13  28
22 14  55
22 15  51
22 16  47
22 17  42
22 18  21
22 19  17
22 20  13
22 21  8
22 22  0
22 23  4
22 24  36
22 25  34
22 26  30
22 27  57
22 28  53
22 29  49
22 30  41
22 31  23
22 32  19
22 33  13
22 34  8
22 35  36
22 36  32
22 37  28
22 38  47
22 39  60
22 40  13
22 41  41
22 42  60
22 43  52
22 44  43
22 45  39
22 46  34
22 47  30
22 48  20
22 49  64
22 50  55
22 51  17
22 52  46
23 0  57
23 1  51
23 2  45
23 3  45
23 4  37
23 5  32
23 6  26
23 7  52
23 8  27
23 9  21
23 10  45
23 11  40
23 12  40
23 13  32
23 14  59
23 15  55
23 16  51
23 17  46
23 18  25
23 19  21
23 20  17
23 21  12
23 22  4
23 23  0
23 24  40
23 25  38
23 26  34
23 27  61
23 28  57
23 29  53
23 30  45
23 31  27
23 32  23
23 33  17
23 34  12
23 35  40
23 36  36
23 37  32
23 38  51
23 39  64
23 40  17
23 41  45
23 42  64
23 43  56
23 44  47
23 45  43
23 46  38
23 47  34
23 48  24
23 49  68
23 50  59
23 51  21
23 52  50
24 0  19
24 1  13
24 2  13
24 3  15
24 4  19
24 5  24
24 6  32
24 7  14
24 8  23
24 9  29
24 10  7
24 11  8
24 12  10
24 13  14
24 14  21
24 15  17
24 16  13
24 17  8
24 18  15
24 19  19
24 20  23
24 21  28
24 22  36
24 23  40
24 24  0
24 25  10
24 26  14
24 27  25
24 28  21
24 29  17
24 30  9
24 31  19
24 32  23
24 33  27
24 34  32
24 35  4
24 36  10
24 37  14
24 38  15
24 39  28
24 40  35
24 41  9
24 42  28
24 43  20
24 44  21
24 45  25
24 46  30
24 47  34
24 48  38
24 49  32
24 50  23
24 51  39
24 52  14
25 0  29
25 1  23
25 2  19
25 3  21
25 4  25
25 5  30
25 6  38
25 7  24
25 8  29
25 9  35
25 10  17
25 11  14
25 12  16
25 13  20
25 14  31
25 15  27
25 16  23
25 17  18
25 18  21
25 19  25
25 20  29
25 21  30
25 22  34
25 23  38
25 24  10
25 25  0
25 26  8
25 27  29
25 28  25
25 29  21
25 30  13
25 31  13
25 32  17
25 33  21
25 34  26
25 35  8
25 36  4
25 37  8
25 38  19
25 39  32
25 40  29
25 41  13
25 42  32
25 43  24
25 44  21
25 45  25
25 46  30
25 47  34
25 48  34
25 49  36
25 50  27
25 51  33
25 52  18
26 0  33
26 1  27
26 2  23
26 3  25
26 4  29
26 5  34
26 6  38
26 7  28
26 8  33
26 9  33
26 10  21
26 11  18
26 12  20
26 13  24
26 14  35
26 15  31
26 16  27
26 17  22
26 18  25
26 19  29
26 20  29
26 21  26
26 22  30
26 23  34
26 24  14
26 25  8
26 26  0
26 27  33
26 28  29
26 29  25
26 30  17
26 31  9
26 32  13
26 33  17
26 34  22
26 35  12
26 36  8
26 37  4
26 38  23
26 39  36
26 40  25
26 41  17
26 42  36
26 43  28
26 44  25
26 45  29
26 46  34
26 47  38
26 48  30
26 49  40
26 50  31
26 51  29
26 52  22
27 0  22
27 1  30
27 2  36
27 3  38
27 4  42
27 5  47
27 6  55
27 7  21
27 8  46
27 9  52
27 10  24
27 11  31
27 12  33
27 13  37
27 14  4
27 15  8
27 16  12
27 17  17
27 18  38
27 19  42
27 20  46
27 21  51
27 22  57
27 23  61
27 24  25
27 25  29
27 26  33
27 27  0
27 28  4
27 29  8
27 30  18
27 31  36
27 32  40
27 33  44
27 34  49
27 35  21
27 36  27
27 37  31
27 38  16
27 39  5
27 40  52
27 41  26
27 42  21
27 43  29
27 44  38
27 45  42
27 46  47
27 47  51
27 48  55
27 49  15
27 50  24
27 51  56
27 52  29
28 0  26
28 1  34
28 2  34
28 3  36
28 4  40
28 5  45
28 6  53
28 7  25
28 8  44
28 9  50
28 10  28
28 11  29
28 12  31
28 13  35
28 14  8
28 15  12
28 16  16
28 17  21
28 18  36
28 19  40
28 20  44
28 21  49
28 22  53
28 23  57
28 24  21
28 25  25
28 26  29
28 27  4
28 28  0
28 29  4
28 30  14
28 31  32
28 32  36
28 33  40
28 34  45
28 35  17
28 36  23
28 37  27
28 38  12
28 39  9
28 40  48
28 41  22
28 42  25
28 43  33
28 44  34
28 45  38
28 46  43
28 47  47
28 48  51
28 49  19
28 50  28
28 51  52
28 52  27
29 0  30
29 1  30
29 2  30
29 3  32
29 4  36
29 5  41
29 6  49
29 7  29
29 8  40
29 9  46
29 10  24
29 11  25
29 12  27
29 13  31
29 14  12
29 15  16
29 16  20
29 17  25
29 18  32
29 19  36
29 20  40
29 21  45
29 22  49
29 23  53
29 24  17
29 25  21
29 26  25
29 27  8
29 28  4
29 29  0
29 30  10
29 31  28
29 32  32
29 33  36
29 34  41
29 35  13
29 36  19
29 37  23
29 38  8
29 39  13
29 40  44
29 41  18
29 42  29
29 43  29
29 44  30
29 45  34
29 46  39
29 47  43
29 48  47
29 49  23
29 50  32
29 51  48
29 52  23
30 0  28
30 1  22
30 2  22
30 3  24
30 4  28
30 5  33
30 6  41
30 7  23
30 8  32
30 9  38
30 10  16
30 11  17
30 12  19
30 13  23
30 14  22
30 15  26
30 16  22
30 17  17
30 18  24
30 19  28
30 20  32
30 21  37
30 22  41
30 23  45
30 24  9
30 25  13
30 26  17
30 27  18
30 28  14
30 29  10
30 30  0
30 31  20
30 32  24
30 33  28
30 34  33
30 35  5
30 36  11
30 37  15
30 38  8
30 39  21
30 40  36
30 41  10
30 42  29
30 43  21
30 44  22
30 45  26
30 46  31
30 47  35
30 48  39
30 49  31
30 50  24
30 51  40
30 52  15
31 0  38
31 1  32
31 2  28
31 3  30
31 4  34
31 5  37
31 6  31
31 7  33
31 8  32
31 9  26
31 10  26
31 11  23
31 12  25
31 13  29
31 14  40
31 15  36
31 16  32
31 17  27
31 18  30
31 19  26
31 20  22
31 21  19
31 22  23
31 23  27
31 24  19
31 25  13
31 26  9
31 27  36
31 28  32
31 29  28
31 30  20
31 31  0
31 32  6
31 33  10
31 34  15
31 35  15
31 36  11
31 37  7
31 38  26
31 39  39
31 40  18
31 41  20
31 42  39
31 43  31
31 44  28
31 45  32
31 46  37
31 47  33
31 48  23
31 49  43
31 50  34
31 51  22
31 52  25
32 0  42
32 1  36
32 2  32
32 3  34
32 4  38
32 5  33
32 6  27
32 7  37
32 8  28
32 9  22
32 10  30
32 11  27
32 12  29
32 13  33
32 14  44
32 15  40
32 16  36
32 17  31
32 18  26
32 19  22
32 20  18
32 21  15
32 22  19
32 23  23
32 24  23
32 25  17
32 26  13
32 27  40
32 28  36
32 29  32
32 30  24
32 31  6
32 32  0
32 33  6
32 34  11
32 35  19
32 36  15
32 37  11
32 38  30
32 39  43
32 40  14
32 41  24
32 42  43
32 43  35
32 44  32
32 45  36
32 46  33
32 47  29
32 48  19
32 49  47
32 50  38
32 51  18
32 52  29
33 0  46
33 1  40
33 2  36
33 3  38
33 4  32
33 5  27
33 6  21
33 7  41
33 8  22
33 9  16
33 10  34
33 11  31
33 12  33
33 13  27
33 14  48
33 15  44
33 16  40
33 17  35
33 18  20
33 19  16
33 20  12
33 21  9
33 22  13
33 23  17
33 24  27
33 25  21
33 26  17
33 27  44
33 28  40
33 29  36
33 30  28
33 31  10
33 32  6
33 33  0
33 34  5
33 35  23
33 36  19
33 37  15
33 38  34
33 39  47
33 40  10
33 41  28
33 42  47
33 43  39
33 44  36
33 45  34
33 46  29
33 47  25
33 48  15
33 49  51
33 50  42
33 51  14
33 52  33
34 0  49
34 1  43
34 2  37
34 3  37
34 4  29
34 5  24
34 6  18
34 7  44
34 8  19
34 9  13
34 10  37
34 11  32
34 12  32
34 13  24
34 14  51
34 15  47
34 16  43
34 17  38
34 18  17
34 19  13
34 20  9
34 21  4
34 22  8
34 23  12
34 24  32
34 25  26
34 26  22
34 27  49
34 28  45
34 29  41
34 30  33
34 31  15
34 32  11
34 33  5
34 34  0
34 35  28
34 36  24
34 37  20
34 38  39
34 39  52
34 40  5
34 41  33
34 42  52
34 43  44
34 44  35
34 45  31
34 46  26
34 47  22
34 48  12
34 49  56
34 50  47
34 51  9
34 52  38
35 0  23
35 1  17
35 2  17
35 3  19
35 4  23
35 5  28
35 6  36
35 7  18
35 8  27
35 9  33
35 10  11
35 11  12
35 12  14
35 13  18
35 14  25
35 15  21
35 16  17
35 17  12
35 18  19
35 19  23
35 20  27
35 21  32
35 22  36
35 23  40
35 24  4
35 25  8
35 26  12
35 27  21
35 28  17
35 29  13
35 30  5
35 31  15
35 32  19
35 33  23
35 34  28
35 35  0
35 36  6
35 37  10
35 38  11
35 39  24
35 40  31
35 41  5
35 42  24
35 43  16
35 44  17
35 45  21
35 46  26
35 47  30
35 48  34
35 49  28
35 50  19
35 51  35
35 52  10
36 0  29
36 1  23
36 2  19
36 3  21
36 4  25
36 5  30
36 6  38
36 7  24
36 8  29
36 9  35
36 10  17
36 11  14
36 12  16
36 13  20
36 14  31
36 15  27
36 16  23
36 17  18
36 18  21
36 19  25
36 20  29
36 21  28
36 22  32
36 23  36
36 24  10
36 25  4
36 26  8
36 27  27
36 28  23
36 29  19
36 30  11
36 31  11
36 32  15
36 33  19
36 34  24
36 35  6
36 36  0
36 37  4
36 38  17
36 39  30
36 40  27
36 41  9
36 42  28
36 43  20
36 44  17
36 45  21
36 46  26
36 47  30
36 48  32
36 49  32
36 50  23
36 51  31
36 52  14
37 0  33
37 1  27
37 2  23
37 3  25
37 4  29
37 5  34
37 6  36
37 7  28
37 8  33
37 9  31
37 10  21
37 11  18
37 12  20
37 13  24
37 14  35
37 15  31
37 16  27
37 17  22
37 18  25
37 19  29
37 20  27
37 21  24
37 22  28
37 23  32
37 24  14
37 25  8
37 26  4
37 27  31
37 28  27
37 29  23
37 30  15
37 31  7
37 32  11
37 33  15
37 34  20
37 35  10
37 36  4
37 37  0
37 38  21
37 39  34
37 40  23
37 41  13
37 42  32
37 43  24
37 44  21
37 45  25
37 46  30
37 47  34
37 48  28
37 49  36
37 50  27
37 51  27
37 52  18
38 0  34
38 1  28
38 2  28
38 3  30
38 4  34
38 5  39
38 6  47
38 7  29
38 8  38
38 9  44
38 10  22
38 11  23
38 12  25
38 13  29
38 14  20
38 15  24
38 16  28
38 17  23
38 18  30
38 19  34
38 20  38
38 21  43
38 22  47
38 23  51
38 24  15
38 25  19
38 26  23
38 27  16
38 28  12
38 29  8
38 30  8
38 31  26
38 32  30
38 33  34
38 34  39
38 35  11
38 36  17
38 37  21
38 38  0
38 39  19
38 40  42
38 41  16
38 42  35
38 43  27
38 44  28
38 45  32
38 46  37
38 47  41
38 48  45
38 49  29
38 50  30
38 51  46
38 52  21
39 0  27
39 1  35
39 2  41
39 3  43
39 4  47
39 5  52
39 6  60
39 7  26
39 8  51
39 9  57
39 10  29
39 11  36
39 12  38
39 13  42
39 14  9
39 15  13
39 16  17
39 17  22
39 18  43
39 19  47
39 20  51
39 21  56
39 22  60
39 23  64
39 24  28
39 25  32
39 26  36
39 27  5
39 28  9
39 29  13
39 30  21
39 31  39
39 32  43
39 33  47
39 34  52
39 35  24
39 36  30
39 37  34
39 38  19
39 39  0
39 40  55
39 41  29
39 42  16
39 43  24
39 44  33
39 45  37
39 46  42
39 47  46
39 48  50
39 49  10
39 50  19
39 51  53
39 52  24
40 0  54
40 1  48
40 2  42
40 3  42
40 4  34
40 5  29
40 6  23
40 7  49
40 8  24
40 9  18
40 10  42
40 11  37
40 12  37
40 13  29
40 14  56
40 15  52
40 16  48
40 17  43
40 18  22
40 19  18
40 20  14
40 21  9
40 22  13
40 23  17
40 24  35
40 25  29
40 26  25
40 27  52
40 28  48
40 29  44
40 30  36
40 31  18
40 32  14
40 33  10
40 34  5
40 35  31
40 36  27
40 37  23
40 38  42
40 39  55
40 40  0
40 41  36
40 42  47
40 43  39
40 44  30
40 45  26
40 46  21
40 47  17
40 48  7
40 49  51
40 50  42
40 51  4
40 52  33
41 0  28
41 1  22
41 2  22
41 3  24
41 4  28
41 5  33
41 6  41
41 7  23
41 8  32
41 9  38
41 10  16
41 11  17
41 12  19
41 13  23
41 14  30
41 15  26
41 16  22
41 17  17
41 18  24
41 19  28
41 20  32
41 21  37
41 22  41
41 23  45
41 24  9
41 25  13
41 26  17
41 27  26
41 28  22
41 29  18
41 30  10
41 31  20
41 32  24
41 33  28
41 34  33
41 35  5
41 36  9
41 37  13
41 38  16
41 39  29
41 40  36
41 41  0
41 42  19
41 43  11
41 44  12
41 45  16
41 46  21
41 47  25
41 48  29
41 49  23
41 50  14
41 51  32
41 52  5
42 0  43
42 1  41
42 2  41
42 3  43
42 4  47
42 5  52
42 6  60
42 7  42
42 8  51
42 9  57
42 10  35
42 11  36
42 12  38
42 13  42
42 14  25
42 15  29
42 16  33
42 17  36
42 18  43
42 19  47
42 20  51
42 21  56
42 22  60
42 23  64
42 24  28
42 25  32
42 26  36
42 27  21
42 28  25
42 29  29
42 30  29
42 31  39
42 32  43
42 33  47
42 34  52
42 35  24
42 36  28
42 37  32
42 38  35
42 39  16
42 40  47
42 41  19
42 42  0
42 43  14
42 44  23
42 45  27
42 46  32
42 47  36
42 48  40
42 49  10
42 50  9
42 51  43
42 52  14
43 0  39
43 1  33
43 2  33
43 3  35
43 4  39
43 5  44
43 6  52
43 7  34
43 8  43
43 9  49
43 10  27
43 11  28
43 12  30
43 13  34
43 14  33
43 15  37
43 16  33
43 17  28
43 18  35
43 19  39
43 20  43
43 21  48
43 22  52
43 23  56
43 24  20
43 25  24
43 26  28
43 27  29
43 28  33
43 29  29
43 30  21
43 31  31
43 32  35
43 33  39
43 34  44
43 35  16
43 36  20
43 37  24
43 38  27
43 39  24
43 40  39
43 41  11
43 42  14
43 43  0
43 44  15
43 45  19
43 46  24
43 47  28
43 48  32
43 49  18
43 50  9
43 51  35
43 52  6
44 0  40
44 1  34
44 2  30
44 3  32
44 4  36
44 5  41
44 6  49
44 7  35
44 8  40
44 9  46
44 10  28
44 11  25
44 12  27
44 13  31
44 14  42
44 15  38
44 16  34
44 17  29
44 18  32
44 19  36
44 20  40
44 21  39
44 22  43
44 23  47
44 24  21
44 25  21
44 26  25
44 27  38
44 28  34
44 29  30
44 30  22
44 31  28
44 32  32
44 33  36
44 34  35
44 35  17
44 36  17
44 37  21
44 38  28
44 39  33
44 40  30
44 41  12
44 42  23
44 43  15
44 44  0
44 45  10
44 46  15
44 47  19
44 48  23
44 49  27
44 50  18
44 51  26
44 52  9
45 0  44
45 1  38
45 2  34
45 3  36
45 4  40
45 5  45
45 6  47
45 7  39
45 8  44
45 9  42
45 10  32
45 11  29
45 12  31
45 13  35
45 14  46
45 15  42
45 16  38
45 17  33
45 18  36
45 19  40
45 20  38
45 21  35
45 22  39
45 23  43
45 24  25
45 25  25
45 26  29
45 27  42
45 28  38
45 29  34
45 30  26
45 31  32
45 32  36
45 33  34
45 34  31
45 35  21
45 36  21
45 37  25
45 38  32
45 39  37
45 40  26
45 41  16
45 42  27
45 43  19
45 44  10
45 45  0
45 46  11
45 47  15
45 48  19
45 49  31
45 50  22
45 51  22
45 52  13
46 0  49
46 1  43
46 2  39
46 3  41
46 4  45
46 5  48
46 6  42
46 7  44
46 8  43
46 9  37
46 10  37
46 11  34
46 12  36
46 13  40
46 14  51
46 15  47
46 16  43
46 17  38
46 18  41
46 19  37
46 20  33
46 21  30
46 22  34
46 23  38
46 24  30
46 25  30
46 26  34
46 27  47
46 28  43
46 29  39
46 30  31
46 31  37
46 32  33
46 33  29
46 34  26
46 35  26
46 36  26
46 37  30
46 38  37
46 39  42
46 40  21
46 41  21
46 42  32
46 43  24
46 44  15
46 45  11
46 46  0
46 47  10
46 48  14
46 49  36
46 50  27
46 51  17
46 52  18
47 0  53
47 1  47
47 2  43
47 3  45
47 4  49
47 5  44
47 6  38
47 7  48
47 8  39
47 9  33
47 10  41
47 11  38
47 12  40
47 13  44
47 14  55
47 15  51
47 16  47
47 17  42
47 18  37
47 19  33
47 20  29
47 21  26
47 22  30
47 23  34
47 24  34
47 25  34
47 26  38
47 27  51
47 28  47
47 29  43
47 30  35
47 31  33
47 32  29
47 33  25
47 34  22
47 35  30
47 36  30
47 37  34
47 38  41
47 39  46
47 40  17
47 41  25
47 42  36
47 43  28
47 44  19
47 45  15
47 46  10
47 47  0
47 48  10
47 49  40
47 50  31
47 51  13
47 52  22
48 0  57
48 1  51
48 2  47
48 3  47
48 4  39
48 5  34
48 6  28
48 7  52
48 8  29
48 9  23
48 10  45
48 11  42
48 12  42
48 13  34
48 14  59
48 15  55
48 16  51
48 17  46
48 18  27
48 19  23
48 20  19
48 21  16
48 22  20
48 23  24
48 24  38
48 25  34
48 26  30
48 27  55
48 28  51
48 29  47
48 30  39
48 31  23
48 32  19
48 33  15
48 34  12
48 35  34
48 36  32
48 37  28
48 38  45
48 39  50
48 40  7
48 41  29
48 42  40
48 43  32
48 44  23
48 45  19
48 46  14
48 47  10
48 48  0
48 49  44
48 50  35
48 51  7
48 52  26
49 0  37
49 1  45
49 2  45
49 3  47
49 4  51
49 5  56
49 6  64
49 7  36
49 8  55
49 9  61
49 10  39
49 11  40
49 12  42
49 13  46
49 14  19
49 15  23
49 16  27
49 17  32
49 18  47
49 19  51
49 20  55
49 21  60
49 22  64
49 23  68
49 24  32
49 25  36
49 26  40
49 27  15
49 28  19
49 29  23
49 30  31
49 31  43
49 32  47
49 33  51
49 34  56
49 35  28
49 36  32
49 37  36
49 38  29
49 39  10
49 40  51
49 41  23
49 42  10
49 43  18
49 44  27
49 45  31
49 46  36
49 47  40
49 48  44
49 49  0
49 50  13
49 51  47
49 52  18
50 0  42
50 1  36
50 2  36
50 3  38
50 4  42
50 5  47
50 6  55
50 7  37
50 8  46
50 9  52
50 10  30
50 11  31
50 12  33
50 13  37
50 14  28
50 15  32
50 16  36
50 17  31
50 18  38
50 19  42
50 20  46
50 21  51
50 22  55
50 23  59
50 24  23
50 25  27
50 26  31
50 27  24
50 28  28
50 29  32
50 30  24
50 31  34
50 32  38
50 33  42
50 34  47
50 35  19
50 36  23
50 37  27
50 38  30
50 39  19
50 40  42
50 41  14
50 42  9
50 43  9
50 44  18
50 45  22
50 46  27
50 47  31
50 48  35
50 49  13
50 50  0
50 51  38
50 52  9
51 0  58
51 1  52
51 2  46
51 3  46
51 4  38
51 5  33
51 6  27
51 7  53
51 8  28
51 9  22
51 10  46
51 11  41
51 12  41
51 13  33
51 14  60
51 15  56
51 16  52
51 17  47
51 18  26
51 19  22
51 20  18
51 21  13
51 22  17
51 23  21
51 24  39
51 25  33
51 26  29
51 27  56
51 28  52
51 29  48
51 30  40
51 31  22
51 32  18
51 33  14
51 34  9
51 35  35
51 36  31
51 37  27
51 38  46
51 39  53
51 40  4
51 41  32
51 42  43
51 43  35
51 44  26
51 45  22
51 46  17
51 47  13
51 48  7
51 49  47
51 50  38
51 51  0
51 52  29
52 0  33
52 1  27
52 2  27
52 3  29
52 4  33
52 5  38
52 6  46
52 7  28
52 8  37
52 9  43
52 10  21
52 11  22
52 12  24
52 13  28
52 14  33
52 15  31
52 16  27
52 17  22
52 18  29
52 19  33
52 20  37
52 21  42
52 22  46
52 23  50
52 24  14
52 25  18
52 26  22
52 27  29
52 28  27
52 29  23
52 30  15
52 31  25
52 32  29
52 33  33
52 34  38
52 35  10
52 36  14
52 37  18
52 38  21
52 39  24
52 40  33
52 41  5
52 42  14
52 43  6
52 44  9
52 45  13
52 46  18
52 47  22
52 48  26
52 49  18
52 50  9
52 51  29
52 52  0
;