DATFILE : bwopen0_2r_1000.dat
ENVIRONMENT : bwopen
ALGORITHM : HBSS - TAU 7
RANGE : 1000
STARTING_POS : 0
N_ROBOTS : 2
GREEDY SOLUTION : 4793.0
COMPUTATIONS T :
4793.0
4793.0
4706.0
4758.0
4779.0
4743.0
4800.0
4818.0
4784.0
4840.0
4792.0
4721.0
4793.0
4812.0
4795.0
4800.0
4763.0
4777.0
4760.0
4804.0
4700.0
4777.0
4747.0
4815.0
4796.0
4732.0
4716.0
4809.0
4768.0
4769.0
4803.0
4791.0
4819.0
4759.0
4734.0
4869.0
4739.0
4724.0
4779.0
4871.0
4805.0
4755.0
4759.0
4650.0
4716.0
4802.0
4769.0
4763.0
4793.0
4793.0
4879.0
4794.0
4770.0
4793.0
4850.0
4719.0
4776.0
4723.0
4724.0
4744.0
4793.0
4811.0
4787.0
4784.0
4842.0
4843.0
4824.0
4902.0
4806.0
4771.0
4776.0
4795.0
4802.0
4763.0
4708.0
4813.0
4757.0
4859.0
4770.0
4744.0
4772.0
4835.0
4740.0
4821.0
4755.0
4835.0
4759.0
4820.0
4727.0
4772.0
4772.0
4793.0
4786.0
4769.0
4811.0
4791.0
4820.0
4743.0
4758.0
4782.0
4808.0
4806.0
4794.0
4848.0
4830.0
4782.0
4826.0
4725.0
4863.0
4780.0
4792.0
4764.0
4735.0
4798.0
4800.0
4788.0
4734.0
4728.0
4781.0
4797.0
4781.0
4707.0
4682.0
4751.0
4709.0
4730.0
4796.0
4831.0
4772.0
4767.0
4811.0
4747.0
4788.0
4840.0
4766.0
4793.0
4754.0
4748.0
4852.0
4774.0
4816.0
4759.0
4759.0
4782.0
4830.0
4782.0
4819.0
4718.0
4922.0
4785.0
4787.0
4803.0
4753.0
4764.0
4889.0
4714.0
4810.0
4731.0
4709.0
4801.0
4696.0
4733.0
4773.0
4871.0
4719.0
4848.0
4809.0
4721.0
4764.0
4795.0
4818.0
4793.0
4780.0
4703.0
4817.0
4735.0
4741.0
4711.0
4793.0
4821.0
4729.0
4793.0
4796.0
4795.0
4778.0
4759.0
4776.0
4808.0
4815.0
4846.0
4802.0
4821.0
4799.0
4727.0
4686.0
4812.0
4786.0
4801.0
4797.0
4809.0
;
HBBS bestT : 4650.0
BEST_CONFIGURATIONS : 
0 0 
0 4 
0 26 
0 5 
0 22 
0 8 
0 13 
0 17 
0 25 
0 18 
0 14 
0 15 
0 10 
0 24 
0 6 
0 21 
0 3 
4 3 
26 3 
5 3 
22 3 
8 3 
8 21 
8 6 
22 6 
26 6 
5 6 
5 21 
26 21 
4 21 
4 6 
22 21 
4 7 
26 7 
5 7 
22 7 
8 7 
13 7 
17 7 
25 7 
17 21 
13 21 
13 3 
17 3 
25 3 
25 21 
17 6 
13 6 
25 6 
18 6 
14 6 
14 21 
18 21 
14 3 
18 3 
14 7 
18 7 
15 3 
10 3 
10 21 
15 21 
10 6 
15 6 
10 24 
15 24 
15 10 
14 10 
18 10 
14 15 
18 15 
25 10 
25 15 
17 10 
13 10 
13 15 
17 15 
13 14 
13 18 
17 14 
17 18 
25 14 
25 18 
13 25 
17 25 
13 17 
8 13 
8 17 
8 25 
22 17 
22 13 
26 13 
5 13 
5 17 
26 17 
4 13 
4 17 
4 25 
26 25 
5 25 
22 25 
4 18 
4 14 
26 14 
5 14 
5 18 
26 18 
22 14 
22 18 
8 14 
8 18 
4 15 
4 10 
26 10 
5 10 
5 15 
26 15 
22 10 
22 15 
8 10 
8 15 
4 9 
26 9 
5 9 
22 9 
8 9 
13 9 
25 9 
17 9 
13 24 
17 24 
25 24 
18 24 
14 24 
14 9 
18 9 
14 27 
18 27 
25 27 
17 27 
13 27 
8 27 
22 27 
26 27 
5 27 
4 27 
0 27 
0 1 
4 1 
26 1 
5 1 
22 1 
8 1 
13 1 
17 1 
25 1 
18 1 
14 1 
15 1 
10 1 
24 1 
6 1 
21 1 
3 1 
3 27 
21 27 
6 27 
24 27 
10 27 
15 27 
10 9 
15 9 
18 14 
19 9 
20 9 
23 9 
16 9 
12 9 
12 10 
16 10 
23 10 
20 10 
20 15 
23 15 
16 15 
12 15 
12 14 
12 18 
16 14 
23 14 
20 14 
20 18 
23 18 
16 18 
12 25 
16 25 
23 25 
20 25 
20 17 
23 17 
16 13 
12 13 
12 17 
16 17 
23 13 
20 13 
20 8 
23 8 
16 8 
12 8 
12 22 
12 26 
12 5 
16 5 
16 26 
12 4 
16 4 
23 4 
20 4 
20 26 
20 5 
23 5 
23 26 
16 22 
23 22 
20 22 
19 4 
19 26 
19 5 
19 22 
19 8 
19 13 
19 17 
19 25 
19 18 
19 14 
19 15 
19 10 
19 24 
19 6 
19 21 
19 3 
20 3 
23 3 
16 3 
12 3 
12 21 
16 21 
23 21 
20 21 
20 6 
23 6 
16 6 
12 6 
12 24 
16 24 
23 24 
20 24 
19 11 
20 11 
23 11 
16 11 
12 11 
7 6 
21 6 
3 6 
3 21 
3 7 
21 7 
7 12 
7 16 
7 23 
7 20 
7 19 
12 19 
16 19 
23 19 
20 19 
23 20 
16 20 
16 23 
12 16 
12 23 
12 20 
7 15 
7 10 
7 24 
21 24 
3 24 
3 9 
21 9 
6 9 
24 9 
6 24 
11 6 
11 21 
11 3 
11 7 
9 7 
27 7 
1 7 
0 7 
0 12 
0 16 
0 23 
0 20 
0 19 
1 19 
1 20 
1 23 
1 16 
1 12 
27 12 
27 16 
27 23 
27 20 
27 19 
2 19 
2 20 
2 23 
2 16 
2 12 
2 7 
2 21 
2 3 
1 2 
27 2 
9 2 
10 2 
15 2 
14 2 
18 2 
25 2 
17 2 
13 2 
8 2 
22 2 
26 2 
5 2 
4 2 
0 2 
1 27 
1 9 
27 9 
2 24 
2 6 
2 11 
24 11 
10 11 
15 11 
14 11 
18 11 
25 11 
17 11 
13 11 
8 11 
22 11 
26 11 
5 11 
4 11 
0 11 
1 11 
27 11 
9 11 
5 24 
26 24 
4 24 
22 24 
8 24 
0 9 
4 5 
4 26 
4 22 
26 22 
5 22 
5 26 
4 8 
26 8 
5 8 
22 8 
0 0 
;
ROBOT MOVING BEST:
0 0 
1 1 
1 1 
1 1 
1 1 
1 1 
1 1 
1 1 
1 1 
1 1 
1 1 
1 1 
1 1 
1 1 
1 1 
1 1 
1 1 
1 1 
1 1 
1 1 
1 1 
1 1 
1 1 
1 1 
1 1 
1 1 
1 1 
1 1 
1 1 
1 1 
1 1 
1 1 
1 1 
1 1 
1 1 
1 1 
1 1 
1 1 
1 1 
1 1 
1 1 
1 1 
1 1 
1 1 
1 1 
1 1 
1 1 
1 1 
1 1 
1 1 
1 1 
1 1 
1 1 
1 1 
1 1 
1 1 
1 1 
1 1 
1 1 
1 1 
1 1 
1 1 
1 1 
1 1 
1 1 
1 1 
1 1 
1 1 
1 1 
1 1 
1 1 
1 1 
1 1 
1 1 
1 1 
1 1 
1 1 
1 1 
1 1 
1 1 
1 1 
1 1 
1 1 
1 1 
1 1 
1 1 
1 1 
1 1 
1 1 
1 1 
1 1 
1 1 
1 1 
1 1 
1 1 
1 1 
1 1 
1 1 
1 1 
1 1 
1 1 
1 1 
1 1 
1 1 
1 1 
1 1 
1 1 
1 1 
1 1 
1 1 
1 1 
1 1 
1 1 
1 1 
1 1 
1 1 
1 1 
1 1 
1 1 
1 1 
1 1 
1 1 
1 1 
1 1 
1 1 
1 1 
1 1 
1 1 
1 1 
1 1 
1 1 
1 1 
1 1 
1 1 
1 1 
1 1 
1 1 
1 1 
1 1 
1 1 
1 1 
1 1 
1 1 
1 1 
1 1 
1 1 
1 1 
1 1 
1 1 
1 1 
1 1 
1 1 
1 1 
1 1 
1 1 
1 1 
1 1 
1 1 
1 1 
1 1 
1 1 
1 1 
1 1 
1 1 
1 1 
1 1 
1 1 
1 1 
1 1 
1 1 
1 1 
1 1 
1 1 
1 1 
1 1 
1 1 
1 1 
1 1 
1 1 
1 1 
1 1 
1 1 
1 1 
1 1 
1 1 
1 1 
1 1 
1 1 
1 1 
1 1 
1 1 
1 1 
1 1 
1 1 
1 1 
1 1 
1 1 
1 1 
1 1 
1 1 
1 1 
1 1 
1 1 
1 1 
1 1 
1 1 
1 1 
1 1 
1 1 
1 1 
1 1 
1 1 
1 1 
1 1 
1 1 
1 1 
1 1 
1 1 
1 1 
1 1 
1 1 
1 1 
1 1 
1 1 
1 1 
1 1 
1 1 
1 1 
1 1 
1 1 
1 1 
1 1 
1 1 
1 1 
1 1 
1 1 
1 1 
1 1 
1 1 
1 1 
1 1 
1 1 
1 1 
1 1 
1 1 
1 1 
1 1 
1 1 
1 1 
1 1 
1 1 
1 1 
1 1 
1 1 
1 1 
1 1 
1 1 
1 1 
1 1 
1 1 
1 1 
1 1 
1 1 
1 1 
1 1 
1 1 
1 1 
1 1 
1 1 
1 1 
1 1 
1 1 
1 1 
1 1 
1 1 
1 1 
1 1 
1 1 
1 1 
1 1 
1 1 
1 1 
1 1 
1 1 
1 1 
1 1 
1 1 
1 1 
1 1 
1 1 
1 1 
1 1 
1 1 
1 1 
1 1 
1 1 
1 1 
1 1 
1 1 
1 1 
1 1 
1 1 
1 1 
1 1 
1 1 
1 1 
1 1 
1 1 
1 1 
1 1 
1 1 
1 1 
1 1 
1 1 
1 1 
1 1 
1 1 
1 1 
1 1 
1 1 
1 1 
1 1 
1 1 
1 1 
1 1 
1 1 
1 1 
1 1 
1 1 
1 1 
1 1 
1 1 
1 1 
1 1 
1 1 
1 1 
1 1 
1 1 
1 1 
1 1 
1 1 
1 1 
1 1 
1 1 
1 1 
1 1 
1 1 
1 1 
1 1 
1 1 
1 1 
1 1 
1 1 
1 1 
1 1 
1 1 
1 1 
1 1 
1 1 
1 1 
1 1 
1 1 
1 1 
1 1 
1 1 
1 1 
1 1 
1 1 
1 1 
1 1 
1 1 
1 1 
1 1 
1 1 
1 1 
1 1 
1 1 
1 1 
1 1 
1 1 
;
TIMETABLE BEST: 
0.0 0.0 
14 14 
25 25 
34 34 
46 46 
58 58 
71 71 
82 82 
94 94 
107 107 
118 118 
131 131 
142 142 
155 155 
168 168 
180 180 
192 192 
206 206 
217 217 
226 226 
238 238 
250 250 
262 262 
274 274 
286 286 
297 297 
306 306 
318 318 
327 327 
338 338 
350 350 
362 362 
374 374 
385 385 
394 394 
406 406 
418 418 
431 431 
442 442 
454 454 
466 466 
477 477 
489 489 
500 500 
512 512 
524 524 
536 536 
547 547 
560 560 
573 573 
584 584 
596 596 
607 607 
619 619 
630 630 
646 646 
657 657 
675 675 
686 686 
698 698 
709 709 
721 721 
732 732 
745 745 
756 756 
769 769 
782 782 
793 793 
804 804 
815 815 
828 828 
839 839 
851 851 
862 862 
873 873 
884 884 
897 897 
908 908 
919 919 
930 930 
942 942 
953 953 
966 966 
977 977 
989 989 
1002 1002 
1013 1013 
1025 1025 
1037 1037 
1048 1048 
1059 1059 
1068 1068 
1079 1079 
1088 1088 
1099 1099 
1110 1110 
1122 1122 
1133 1133 
1142 1142 
1154 1154 
1167 1167 
1178 1178 
1189 1189 
1198 1198 
1209 1209 
1218 1218 
1229 1229 
1240 1240 
1252 1252 
1263 1263 
1281 1281 
1292 1292 
1303 1303 
1312 1312 
1323 1323 
1332 1332 
1343 1343 
1354 1354 
1366 1366 
1377 1377 
1398 1398 
1409 1409 
1418 1418 
1430 1430 
1442 1442 
1455 1455 
1468 1468 
1480 1480 
1495 1495 
1506 1506 
1518 1518 
1531 1531 
1542 1542 
1557 1557 
1568 1568 
1583 1583 
1594 1594 
1607 1607 
1619 1619 
1630 1630 
1643 1643 
1655 1655 
1666 1666 
1675 1675 
1689 1689 
1703 1703 
1718 1718 
1732 1732 
1743 1743 
1752 1752 
1764 1764 
1776 1776 
1789 1789 
1800 1800 
1812 1812 
1825 1825 
1836 1836 
1849 1849 
1860 1860 
1873 1873 
1886 1886 
1898 1898 
1910 1910 
1925 1925 
1937 1937 
1949 1949 
1962 1962 
1975 1975 
1986 1986 
2001 2001 
2012 2012 
2030 2030 
2050 2050 
2063 2063 
2073 2073 
2084 2084 
2095 2095 
2109 2109 
2120 2120 
2131 2131 
2141 2141 
2152 2152 
2162 2162 
2173 2173 
2184 2184 
2197 2197 
2208 2208 
2219 2219 
2230 2230 
2240 2240 
2251 2251 
2261 2261 
2272 2272 
2285 2285 
2296 2296 
2307 2307 
2317 2317 
2329 2329 
2339 2339 
2350 2350 
2361 2361 
2372 2372 
2383 2383 
2394 2394 
2404 2404 
2417 2417 
2427 2427 
2438 2438 
2449 2449 
2461 2461 
2472 2472 
2481 2481 
2492 2492 
2501 2501 
2512 2512 
2523 2523 
2534 2534 
2544 2544 
2555 2555 
2564 2564 
2574 2574 
2583 2583 
2594 2594 
2605 2605 
2615 2615 
2628 2628 
2639 2639 
2648 2648 
2660 2660 
2672 2672 
2685 2685 
2696 2696 
2708 2708 
2721 2721 
2732 2732 
2745 2745 
2756 2756 
2769 2769 
2782 2782 
2794 2794 
2806 2806 
2819 2819 
2829 2829 
2840 2840 
2851 2851 
2863 2863 
2874 2874 
2885 2885 
2895 2895 
2907 2907 
2917 2917 
2928 2928 
2939 2939 
2952 2952 
2963 2963 
2974 2974 
2984 2984 
3002 3002 
3015 3015 
3025 3025 
3036 3036 
3047 3047 
3065 3065 
3077 3077 
3089 3089 
3101 3101 
3113 3113 
3125 3125 
3143 3143 
3154 3154 
3165 3165 
3175 3175 
3188 3188 
3206 3206 
3217 3217 
3228 3228 
3238 3238 
3251 3251 
3262 3262 
3272 3272 
3283 3283 
3294 3294 
3304 3304 
3335 3335 
3346 3346 
3359 3359 
3371 3371 
3383 3383 
3398 3398 
3410 3410 
3422 3422 
3435 3435 
3450 3450 
3467 3467 
3479 3479 
3491 3491 
3507 3507 
3532 3532 
3547 3547 
3562 3562 
3580 3580 
3598 3598 
3609 3609 
3620 3620 
3630 3630 
3643 3643 
3661 3661 
3674 3674 
3684 3684 
3695 3695 
3706 3706 
3721 3721 
3732 3732 
3743 3743 
3753 3753 
3766 3766 
3785 3785 
3798 3798 
3808 3808 
3819 3819 
3830 3830 
3848 3848 
3860 3860 
3872 3872 
3894 3894 
3909 3909 
3924 3924 
3938 3938 
3949 3949 
3962 3962 
3973 3973 
3986 3986 
3998 3998 
4009 4009 
4022 4022 
4034 4034 
4045 4045 
4054 4054 
4068 4068 
4082 4082 
4101 4101 
4116 4116 
4131 4131 
4150 4150 
4163 4163 
4180 4180 
4199 4199 
4212 4212 
4223 4223 
4236 4236 
4247 4247 
4260 4260 
4272 4272 
4283 4283 
4296 4296 
4308 4308 
4319 4319 
4328 4328 
4342 4342 
4356 4356 
4374 4374 
4389 4389 
4404 4404 
4426 4426 
4435 4435 
4446 4446 
4458 4458 
4470 4470 
4496 4496 
4518 4518 
4527 4527 
4538 4538 
4549 4549 
4558 4558 
4569 4569 
4592 4592 
4603 4603 
4612 4612 
4624 4624 
4648.0 4650.0 
;
EXECUTION TIME HBSS: 469.845851898 seconds 

-------------------------------------------------------------------
