DATFILE : bwopen0_10r_1000.dat
ENVIRONMENT : bwopen
ALGORITHM : HBSS - TAU 4
RANGE : 1000
STARTING_POS : 0
N_ROBOTS : 10
GREEDY SOLUTION : 584.0
COMPUTATIONS T :
550.0
530.0
558.0
575.0
566.0
497.0
560.0
593.0
634.0
574.0
592.0
578.0
580.0
598.0
566.0
549.0
553.0
564.0
573.0
590.0
560.0
581.0
601.0
553.0
576.0
552.0
561.0
572.0
574.0
552.0
569.0
594.0
561.0
540.0
571.0
602.0
549.0
602.0
553.0
512.0
552.0
558.0
572.0
562.0
589.0
629.0
581.0
621.0
549.0
552.0
613.0
586.0
558.0
514.0
597.0
631.0
546.0
573.0
587.0
563.0
547.0
550.0
568.0
545.0
540.0
557.0
555.0
586.0
560.0
603.0
556.0
569.0
624.0
575.0
549.0
544.0
614.0
566.0
598.0
604.0
560.0
567.0
542.0
565.0
579.0
588.0
581.0
569.0
559.0
539.0
589.0
584.0
523.0
547.0
570.0
557.0
533.0
583.0
619.0
541.0
579.0
565.0
554.0
621.0
661.0
535.0
537.0
568.0
643.0
597.0
567.0
579.0
617.0
558.0
565.0
588.0
549.0
600.0
569.0
578.0
555.0
610.0
553.0
587.0
575.0
628.0
583.0
532.0
669.0
521.0
561.0
577.0
600.0
576.0
596.0
553.0
536.0
610.0
578.0
553.0
582.0
549.0
523.0
573.0
526.0
600.0
532.0
596.0
603.0
597.0
527.0
580.0
586.0
570.0
588.0
583.0
585.0
568.0
576.0
567.0
569.0
621.0
545.0
593.0
578.0
570.0
567.0
588.0
556.0
598.0
564.0
600.0
536.0
598.0
593.0
588.0
574.0
569.0
603.0
536.0
577.0
567.0
579.0
580.0
601.0
580.0
518.0
544.0
538.0
556.0
605.0
605.0
600.0
571.0
566.0
645.0
562.0
575.0
588.0
581.0
;
HBBS bestT : 497.0
BEST_CONFIGURATIONS : 
0 0 0 0 0 0 0 0 0 0 
0 4 0 0 0 0 0 0 0 0 
0 4 26 0 0 0 0 0 0 0 
0 4 26 0 0 0 0 0 0 0 
0 4 26 1 0 0 0 0 0 0 
0 4 26 1 0 0 0 0 0 0 
0 4 26 1 0 0 0 0 0 0 
0 4 26 1 5 0 0 0 0 0 
0 4 26 1 5 22 0 0 0 0 
0 4 26 1 5 22 0 0 0 0 
0 4 26 1 5 22 0 0 0 0 
0 4 26 1 5 22 0 0 0 0 
0 4 26 1 5 22 0 0 0 0 
0 4 26 1 5 22 0 0 0 0 
0 4 26 1 5 22 0 0 0 0 
0 4 26 1 5 22 0 0 0 0 
0 4 26 1 5 22 8 0 0 0 
0 4 26 1 5 22 8 0 0 0 
0 4 26 1 5 22 8 0 0 0 
0 4 26 1 5 22 8 0 0 0 
0 4 26 1 5 22 8 0 0 0 
0 4 26 1 5 22 8 0 0 0 
0 4 26 1 5 22 8 27 0 0 
0 4 26 1 5 22 8 27 0 0 
0 4 26 1 5 22 8 27 0 0 
0 4 26 1 5 22 8 27 0 0 
0 4 26 1 5 22 8 27 0 0 
0 4 26 1 5 22 8 27 0 0 
0 4 26 1 5 22 8 27 0 0 
0 4 26 1 5 22 8 27 2 0 
0 4 26 1 5 22 8 27 2 0 
0 4 26 1 5 22 8 27 2 0 
0 4 26 1 5 22 8 27 2 0 
0 4 26 1 5 22 8 27 2 0 
0 4 26 1 5 22 8 27 2 0 
0 4 26 1 5 22 8 27 2 2 
0 4 26 1 5 22 8 27 2 2 
0 4 26 1 5 22 13 27 2 2 
0 4 26 1 5 22 13 27 2 2 
0 4 22 1 5 22 13 27 2 2 
0 4 22 1 26 22 13 27 2 2 
0 4 22 1 26 22 13 27 2 2 
0 4 22 1 26 5 13 27 2 2 
0 4 22 1 26 5 13 27 2 2 
0 4 22 1 26 5 13 27 2 2 
0 4 22 1 26 5 13 27 2 6 
0 4 22 1 26 5 13 27 2 6 
0 4 22 1 26 5 13 27 2 6 
0 4 22 1 26 5 13 27 2 6 
0 4 22 1 26 5 13 27 2 6 
0 4 22 1 26 5 13 27 2 6 
0 4 22 1 26 5 13 27 2 6 
0 4 22 1 26 5 13 27 2 6 
0 4 22 1 26 5 13 27 2 6 
0 4 22 1 26 5 17 27 2 6 
0 4 22 1 26 5 17 27 2 6 
0 4 22 1 26 5 17 27 2 6 
0 4 22 1 26 5 17 27 2 6 
0 4 22 1 5 5 17 27 2 6 
0 4 22 1 5 26 17 27 2 6 
0 4 22 1 5 26 17 27 2 6 
0 4 22 1 5 26 17 27 2 6 
0 4 22 1 5 26 17 27 2 6 
0 4 22 1 5 26 25 27 2 6 
0 4 22 1 5 26 25 27 2 21 
0 4 22 1 5 26 25 27 2 21 
0 4 8 1 5 26 25 27 2 21 
0 4 8 1 5 26 25 27 2 21 
0 4 8 1 5 26 25 27 2 21 
0 4 8 1 5 26 25 27 2 21 
0 4 8 1 5 26 25 27 2 21 
0 4 8 1 5 26 25 27 2 21 
0 4 8 1 5 26 25 27 2 21 
0 4 8 1 5 22 25 27 2 21 
0 4 8 1 5 22 25 27 2 21 
0 4 8 1 5 22 25 27 2 21 
0 4 8 1 5 22 25 27 2 21 
0 4 8 1 5 22 25 27 2 21 
0 4 8 1 5 22 25 27 2 21 
0 4 8 1 5 22 25 27 2 21 
0 4 8 1 26 22 25 27 2 21 
0 26 8 1 26 22 25 27 2 21 
0 26 13 1 26 8 25 27 2 21 
0 26 13 1 26 8 25 27 2 21 
0 26 13 1 26 8 25 27 2 21 
0 26 13 1 26 8 25 9 2 21 
0 26 13 1 26 8 25 9 2 21 
0 26 13 1 26 8 25 9 2 21 
0 26 13 1 26 8 25 9 2 21 
0 26 13 1 26 8 25 9 2 21 
0 26 13 1 26 8 25 9 2 21 
0 26 13 1 26 8 25 9 2 21 
0 26 13 1 26 8 25 9 6 21 
0 26 13 1 26 8 25 9 6 21 
0 26 13 1 5 8 25 9 6 21 
0 26 13 1 5 8 25 9 6 21 
0 26 13 1 5 8 25 9 6 21 
0 4 13 1 5 8 25 9 6 21 
0 4 17 1 5 8 25 9 6 21 
0 4 17 1 5 8 25 9 6 21 
0 4 17 1 5 8 25 9 6 21 
0 4 17 1 5 8 25 9 6 21 
0 4 17 27 5 8 25 9 6 21 
0 4 17 27 22 8 25 9 6 21 
0 4 17 27 22 8 25 9 24 21 
0 4 17 27 22 8 25 9 24 21 
0 4 17 27 22 8 25 9 24 21 
0 4 17 27 22 8 25 9 24 21 
0 4 17 27 22 8 25 9 24 21 
0 4 17 27 22 8 25 9 24 21 
0 4 17 27 22 8 25 9 24 21 
0 4 17 27 22 8 25 9 24 21 
0 4 17 27 22 8 25 9 24 21 
0 26 17 27 22 8 25 9 24 21 
0 26 13 27 22 8 25 9 24 21 
0 26 13 27 22 8 25 9 24 3 
0 26 13 27 22 8 25 9 24 3 
0 26 13 27 22 8 17 9 24 3 
0 26 13 27 22 8 17 9 24 3 
0 26 13 27 22 8 17 9 24 3 
0 26 13 27 5 8 17 9 24 3 
0 26 13 27 5 8 17 9 24 3 
0 26 13 27 5 8 17 9 24 3 
0 26 13 27 5 8 17 9 24 3 
0 26 13 27 5 8 17 9 24 3 
0 26 13 27 5 8 17 9 24 3 
0 22 13 27 5 8 17 9 24 3 
0 22 13 27 5 8 25 9 24 3 
0 22 13 27 5 8 25 9 10 3 
0 22 13 27 5 8 25 9 10 3 
0 22 13 27 5 8 25 9 10 3 
0 22 13 27 5 8 25 9 10 3 
0 22 13 27 26 8 25 9 10 3 
0 22 13 27 26 8 25 9 10 3 
0 22 13 27 26 8 25 9 10 3 
0 22 13 27 26 8 25 9 10 3 
0 22 13 27 26 8 25 9 10 3 
0 22 13 27 5 8 25 9 10 3 
0 4 13 27 5 8 25 9 10 3 
0 4 13 27 5 8 25 9 10 3 
0 4 17 27 5 8 25 9 10 3 
0 4 17 27 5 8 18 9 10 3 
0 4 17 27 5 8 18 9 10 3 
0 4 17 27 5 8 18 9 10 3 
0 4 17 27 5 8 18 9 10 3 
0 4 17 27 5 8 18 9 10 3 
0 4 17 27 5 8 18 9 10 3 
0 4 17 27 5 8 18 9 10 3 
0 4 17 27 5 8 18 9 10 3 
0 4 17 27 5 8 18 9 10 3 
0 4 17 27 26 8 18 9 10 3 
0 4 17 27 26 8 18 9 15 3 
0 4 17 27 26 8 18 9 15 3 
0 4 13 27 26 8 18 9 15 3 
0 4 13 27 26 8 18 9 15 3 
0 4 13 27 26 8 18 9 15 3 
0 4 13 27 26 8 18 9 15 3 
0 4 13 27 26 8 18 9 15 3 
0 4 13 27 26 8 18 9 15 3 
0 4 13 27 26 8 18 9 15 3 
0 4 13 27 26 8 18 9 15 3 
0 4 13 27 5 8 18 9 15 3 
0 4 13 27 5 8 14 9 15 3 
0 4 13 27 5 8 14 9 15 3 
0 4 13 27 5 8 14 9 15 3 
0 4 13 27 5 8 14 9 15 3 
0 4 13 27 5 8 14 9 15 3 
0 4 13 27 5 8 14 9 15 3 
0 4 13 27 5 8 14 9 15 3 
0 4 13 27 5 8 14 9 15 3 
0 4 13 27 5 8 14 9 15 3 
0 4 13 27 26 8 14 9 15 3 
0 4 17 27 26 8 14 9 15 3 
0 4 17 27 26 8 14 9 15 3 
0 22 17 27 26 8 14 9 15 3 
0 22 17 27 26 8 14 9 15 3 
0 22 17 27 26 8 14 9 15 21 
0 22 17 27 26 8 14 9 15 21 
0 22 17 27 26 8 14 10 15 21 
0 22 17 27 26 8 14 10 15 21 
0 22 17 27 26 8 14 10 15 21 
0 22 17 1 26 8 14 10 15 21 
0 22 17 1 26 8 14 10 15 21 
0 22 17 1 26 8 14 10 15 21 
0 22 25 1 26 8 14 10 15 21 
0 22 25 1 26 8 14 10 15 21 
1 22 25 1 26 8 14 10 15 3 
1 22 25 1 26 8 14 24 15 3 
1 22 25 1 26 8 14 24 15 3 
1 22 25 1 26 8 14 24 15 3 
1 22 25 2 26 9 14 24 15 3 
1 22 25 2 26 9 14 24 15 3 
1 22 25 2 26 9 14 24 15 3 
1 22 25 2 26 9 14 24 15 3 
1 22 25 2 26 9 14 24 15 3 
1 22 18 2 26 9 14 24 15 3 
1 22 18 2 26 9 14 24 15 3 
1 22 18 2 26 9 14 24 15 3 
1 22 18 2 26 9 14 24 15 3 
1 22 18 2 26 9 14 24 15 3 
1 22 18 2 26 9 14 24 10 3 
1 22 18 2 26 9 14 24 10 3 
1 22 18 2 26 9 14 24 10 21 
1 22 18 2 25 9 14 24 10 21 
0 22 18 2 25 9 14 24 10 7 
0 4 18 2 25 9 14 24 10 7 
0 4 18 2 25 9 14 6 10 7 
0 4 18 2 25 9 14 6 10 7 
0 4 18 2 25 9 14 6 10 7 
0 4 18 2 25 9 14 6 10 7 
0 4 18 2 25 10 14 6 10 7 
0 4 18 2 25 10 14 6 10 7 
0 4 18 2 25 10 14 6 10 7 
0 4 18 2 25 10 14 6 10 7 
0 4 18 2 25 10 14 6 15 7 
0 4 18 2 25 10 14 6 15 7 
0 4 18 2 25 10 14 6 15 7 
0 26 18 2 25 10 14 6 15 7 
0 26 18 2 17 10 14 6 15 7 
0 26 18 2 17 10 14 21 15 7 
0 26 18 2 17 24 14 21 15 7 
0 26 18 2 17 24 9 21 15 7 
1 26 18 2 17 24 9 21 15 7 
1 26 18 6 17 24 9 21 15 7 
1 26 19 6 17 24 9 21 15 7 
1 5 19 6 17 24 9 21 15 7 
1 5 19 6 17 24 9 21 15 7 
1 5 19 6 17 24 9 21 15 7 
1 5 19 6 17 24 9 21 15 7 
1 5 19 6 17 24 9 21 15 7 
1 5 19 6 17 24 9 21 15 7 
1 5 19 6 17 24 9 21 15 7 
1 5 19 6 17 24 9 21 10 7 
1 26 19 6 17 24 9 21 10 7 
1 26 19 6 17 24 9 21 10 7 
1 26 19 6 13 24 9 21 10 7 
1 26 19 6 13 24 9 21 15 7 
1 26 19 6 13 24 9 3 15 7 
1 26 19 6 13 24 9 3 15 7 
1 26 19 6 13 24 9 3 15 7 
1 26 19 6 13 24 9 3 15 7 
27 26 19 6 13 24 9 3 15 7 
27 26 19 6 13 24 9 3 15 7 
27 26 19 6 13 24 14 3 15 7 
27 26 19 6 13 11 14 3 15 7 
27 5 19 6 13 11 14 3 15 7 
27 5 19 6 13 11 14 3 15 7 
27 5 19 6 13 11 14 3 15 7 
27 5 19 6 13 11 14 3 15 7 
27 5 19 6 13 11 14 3 15 7 
27 5 19 6 13 11 14 3 15 7 
27 5 19 6 13 11 14 3 15 7 
27 5 19 6 13 11 14 3 15 7 
27 26 19 6 13 11 14 3 15 7 
27 26 19 6 13 11 18 3 15 7 
27 26 19 6 17 11 18 3 15 7 
27 26 19 6 17 11 18 3 15 7 
27 26 19 6 17 11 18 3 10 7 
27 26 19 21 17 11 18 3 10 7 
27 26 19 21 17 11 18 3 10 7 
1 26 19 21 17 11 18 3 10 7 
1 26 19 21 17 11 18 3 10 12 
1 5 19 21 17 11 18 3 10 12 
1 5 19 21 17 11 18 3 10 12 
1 5 19 21 17 11 18 3 10 12 
1 5 19 21 17 11 18 3 10 12 
1 5 19 21 17 11 18 3 10 12 
1 5 19 21 17 11 18 3 10 12 
1 5 19 21 17 11 18 3 10 12 
1 5 19 21 17 11 18 3 10 12 
1 26 19 21 17 11 18 3 10 12 
1 26 19 21 13 11 18 3 10 12 
1 26 19 21 13 11 14 3 10 12 
1 26 19 21 13 11 14 3 15 12 
1 26 19 6 13 11 14 3 15 12 
1 26 20 6 13 11 14 3 15 12 
1 26 20 6 13 11 14 3 15 12 
1 26 20 6 13 11 14 3 15 12 
1 26 20 6 13 11 14 3 15 12 
1 26 20 6 13 11 14 3 15 12 
1 26 20 6 13 11 14 3 15 12 
1 26 20 6 13 11 14 3 15 12 
1 26 20 6 13 11 14 3 15 12 
1 5 20 6 13 11 14 3 15 12 
1 5 20 6 13 11 14 3 15 12 
1 5 20 6 17 11 14 3 15 12 
1 5 20 6 17 11 18 3 15 12 
1 5 20 6 17 11 18 3 10 12 
1 5 20 21 17 11 18 3 10 12 
27 5 20 21 17 11 18 3 10 12 
27 5 20 21 17 11 18 3 10 12 
27 5 20 21 17 11 18 7 10 12 
27 5 20 21 17 11 18 7 10 12 
27 5 20 21 17 24 18 7 10 12 
27 5 20 21 17 24 18 7 10 12 
27 22 20 21 17 24 18 7 10 12 
27 22 20 21 17 24 18 7 10 12 
27 22 20 21 25 24 18 7 10 12 
27 22 20 21 25 24 18 7 10 12 
27 22 20 21 25 24 18 7 10 12 
27 22 20 21 25 24 18 7 9 12 
27 22 20 21 25 24 18 7 9 12 
9 22 20 11 25 24 18 7 9 12 
9 22 20 11 25 24 18 7 9 12 
9 22 20 11 25 24 19 7 9 12 
9 22 20 11 25 24 19 7 9 12 
9 22 20 11 25 24 19 7 9 12 
9 22 20 11 25 24 19 7 9 12 
9 22 20 11 25 24 19 7 9 12 
9 22 20 11 25 24 19 7 9 16 
9 22 20 11 25 24 19 7 9 16 
9 22 20 11 25 24 19 7 9 16 
9 22 20 11 25 24 19 7 9 16 
9 22 20 11 25 24 19 7 9 16 
9 22 20 11 25 24 19 7 9 16 
9 22 20 11 25 24 19 7 9 16 
9 22 20 11 25 24 19 7 9 16 
9 22 20 11 25 24 19 7 27 16 
9 22 23 11 25 24 19 7 27 16 
9 22 23 11 25 24 19 7 27 16 
9 22 23 11 25 24 19 7 27 16 
9 22 23 11 25 24 19 7 27 16 
9 22 23 11 25 24 19 7 27 16 
9 22 23 11 25 24 19 7 27 16 
9 22 23 11 25 24 19 7 27 16 
9 22 23 11 25 24 19 7 27 16 
9 22 23 11 25 24 19 7 27 16 
9 26 16 11 25 24 19 7 27 16 
9 26 16 11 25 24 19 7 27 23 
9 26 16 11 17 24 19 7 27 23 
9 26 16 11 17 24 19 21 27 23 
9 26 16 11 17 24 19 21 27 23 
9 26 16 11 17 6 19 21 27 23 
9 26 16 11 17 6 19 21 27 23 
9 26 16 11 17 6 19 21 27 23 
9 26 16 11 17 6 20 21 27 23 
10 26 16 11 17 6 20 21 27 23 
10 26 16 11 17 6 20 21 27 23 
10 26 16 11 17 6 20 21 1 23 
10 26 16 11 17 6 20 21 1 23 
10 5 16 11 17 6 20 21 1 23 
10 5 16 11 17 6 20 21 1 23 
10 5 16 11 13 6 20 21 1 23 
10 5 16 11 13 6 23 21 1 23 
10 5 16 11 13 6 23 3 1 23 
10 5 16 11 13 6 23 3 1 23 
15 5 16 11 13 6 23 3 1 23 
15 5 16 11 13 6 23 3 1 23 
15 5 16 12 13 6 23 3 1 23 
15 5 16 12 13 6 23 3 1 23 
15 5 16 12 13 2 23 3 1 23 
15 5 16 12 13 2 23 3 1 23 
15 5 16 12 13 2 23 3 1 23 
15 5 16 12 13 2 23 3 1 20 
15 5 16 12 13 2 23 3 0 20 
15 5 16 12 13 2 23 3 0 20 
15 5 16 12 13 2 23 3 0 20 
15 5 16 12 13 2 23 3 0 20 
15 4 16 12 13 2 23 3 0 20 
15 4 16 12 13 2 23 3 0 20 
15 4 16 12 13 2 23 3 0 20 
15 4 16 12 13 2 23 3 0 20 
15 4 16 12 8 2 23 3 0 20 
15 4 16 12 8 2 23 3 0 20 
15 4 16 12 8 2 23 3 0 20 
15 4 16 12 8 2 23 3 0 20 
14 4 16 12 8 2 23 3 0 20 
14 4 16 12 8 2 23 3 0 20 
14 4 16 12 8 2 23 7 0 20 
18 4 16 12 8 2 23 7 0 20 
18 4 16 12 8 2 23 7 0 20 
18 0 16 12 8 2 23 7 0 19 
18 0 16 12 8 2 23 7 0 19 
18 0 16 12 8 2 23 7 0 19 
18 0 16 12 8 2 23 7 4 19 
18 4 16 11 8 2 23 7 4 19 
18 4 16 11 8 2 23 7 4 19 
18 4 16 11 8 2 23 7 4 19 
18 4 16 11 8 2 23 7 0 19 
0 0 0 0 0 0 0 0 0 0 
;
ROBOT MOVING BEST:
0 0 0 0 0 0 0 0 0 0 
1 1 0 0 0 0 0 0 0 0 
1 0 1 0 0 0 0 0 0 0 
0 1 1 0 0 0 0 0 0 0 
1 0 0 1 0 0 0 0 0 0 
0 1 0 1 0 0 0 0 0 0 
0 0 1 1 0 0 0 0 0 0 
1 0 0 0 1 0 0 0 0 0 
1 0 0 0 0 1 0 0 0 0 
0 1 0 0 1 0 0 0 0 0 
0 1 0 0 0 1 0 0 0 0 
0 0 1 0 1 0 0 0 0 0 
0 0 1 0 0 1 0 0 0 0 
0 0 0 1 1 0 0 0 0 0 
0 0 0 1 0 1 0 0 0 0 
0 0 0 0 1 1 0 0 0 0 
1 0 0 0 0 0 1 0 0 0 
0 1 0 0 0 0 1 0 0 0 
0 0 1 0 0 0 1 0 0 0 
0 0 0 1 0 0 1 0 0 0 
0 0 0 0 1 0 1 0 0 0 
0 0 0 0 0 1 1 0 0 0 
1 0 0 0 0 0 0 1 0 0 
0 1 0 0 0 0 0 1 0 0 
0 0 1 0 0 0 0 1 0 0 
0 0 0 0 1 0 0 1 0 0 
0 0 0 1 0 0 0 1 0 0 
0 0 0 0 0 1 0 1 0 0 
0 0 0 0 0 0 1 1 0 0 
1 0 0 0 0 0 0 0 1 0 
0 1 0 0 0 0 0 0 1 0 
0 0 1 0 0 0 0 0 1 0 
0 0 0 1 0 0 0 0 1 0 
0 0 0 0 1 0 0 0 1 0 
0 0 0 0 0 1 0 0 1 0 
0 0 0 0 0 0 1 0 0 1 
0 0 0 0 0 0 0 1 1 0 
1 0 0 0 0 0 1 0 0 0 
0 1 0 0 0 0 1 0 0 0 
0 0 1 0 0 0 1 0 0 0 
0 0 0 0 1 0 1 0 0 0 
0 0 0 1 0 0 1 0 0 0 
0 0 0 0 0 1 1 0 0 0 
0 0 0 0 0 0 1 1 0 0 
0 0 0 0 0 0 1 0 1 0 
1 0 0 0 0 0 0 0 0 1 
0 1 0 0 0 0 0 0 0 1 
0 0 0 1 0 0 0 0 0 1 
0 0 1 0 0 0 0 0 0 1 
0 0 0 0 1 0 0 0 0 1 
0 0 0 0 0 1 0 0 0 1 
0 0 0 0 0 0 1 0 0 1 
0 0 0 0 0 0 0 1 0 1 
0 0 0 0 0 0 0 0 1 1 
1 0 0 0 0 0 1 0 0 0 
0 1 0 0 0 0 1 0 0 0 
0 0 1 0 0 0 1 0 0 0 
0 0 0 1 0 0 1 0 0 0 
0 0 0 0 1 0 1 0 0 0 
0 0 0 0 0 1 1 0 0 0 
0 0 0 0 0 0 1 1 0 0 
0 0 0 0 0 0 1 0 1 0 
0 0 0 0 0 0 1 0 0 1 
1 0 0 0 0 0 1 0 0 0 
1 0 0 0 0 0 0 0 0 1 
0 1 0 0 0 0 1 0 0 0 
0 0 1 0 0 0 1 0 0 0 
0 1 0 0 0 0 0 0 0 1 
0 0 1 0 0 0 0 0 0 1 
0 0 0 1 0 0 1 0 0 0 
0 0 0 1 0 0 0 0 0 1 
0 0 0 0 1 0 1 0 0 0 
0 0 0 0 1 0 0 0 0 1 
0 0 0 0 0 1 1 0 0 0 
0 0 0 0 0 1 0 0 0 1 
0 0 0 0 0 0 1 1 0 0 
0 0 0 0 0 0 1 0 1 0 
0 0 0 0 0 0 1 0 0 1 
0 0 0 0 0 0 0 1 0 1 
0 0 0 0 0 0 0 0 1 1 
0 0 0 0 1 0 1 0 0 0 
0 1 0 0 0 0 0 0 0 1 
0 0 1 0 0 1 0 0 0 0 
0 0 1 0 0 0 1 0 0 0 
0 0 1 0 0 0 0 0 0 1 
1 0 0 0 0 0 0 1 0 0 
0 1 0 0 0 0 0 1 0 0 
0 0 1 0 0 0 0 1 0 0 
0 0 0 1 0 0 0 1 0 0 
0 0 0 0 0 1 0 1 0 0 
0 0 0 0 0 0 1 1 0 0 
0 0 0 0 0 0 0 1 0 1 
0 0 0 0 0 1 0 0 1 0 
0 0 0 0 0 0 1 0 1 0 
0 0 0 0 1 0 0 1 0 0 
0 0 0 0 0 0 0 1 1 0 
0 0 0 0 0 0 0 0 1 1 
0 1 0 0 0 0 0 1 0 0 
0 0 1 0 0 1 0 0 0 0 
0 0 1 0 0 0 1 0 0 0 
0 0 1 0 0 0 0 0 0 1 
0 0 1 0 0 0 0 1 0 0 
0 0 0 1 0 0 0 1 0 0 
0 0 0 0 1 0 0 1 0 0 
1 0 0 0 0 0 0 0 1 0 
0 1 0 0 0 0 0 0 1 0 
0 0 1 0 0 0 0 0 1 0 
0 0 0 1 0 0 0 0 1 0 
0 0 0 0 0 1 0 0 1 0 
0 0 0 0 1 0 0 0 1 0 
0 0 0 0 0 0 1 0 1 0 
0 0 0 0 0 0 0 1 1 0 
0 0 0 0 0 0 0 0 1 1 
0 1 0 0 0 0 0 0 1 0 
0 0 1 0 0 0 0 0 1 0 
1 0 0 0 0 0 0 0 0 1 
0 1 0 0 0 0 0 0 0 1 
0 0 1 0 0 0 1 0 0 0 
0 0 0 1 0 0 0 0 0 1 
0 0 1 0 0 0 0 0 0 1 
0 0 0 0 1 0 0 0 1 0 
0 0 0 0 1 0 0 0 0 1 
0 0 0 0 0 1 0 0 0 1 
0 0 0 0 0 0 1 0 0 1 
0 0 0 0 0 0 0 1 0 1 
0 0 0 0 0 0 0 0 1 1 
0 1 0 0 0 0 0 0 0 1 
0 0 0 0 0 0 1 0 0 1 
0 0 0 0 0 1 0 0 1 0 
1 0 0 0 0 0 0 0 1 0 
0 1 0 0 0 0 0 0 1 0 
0 0 1 0 0 0 0 0 1 0 
0 0 0 0 1 0 0 0 1 0 
0 0 0 1 0 0 0 0 1 0 
0 0 0 0 0 0 1 0 1 0 
0 0 0 0 0 0 0 1 1 0 
0 0 0 0 0 0 0 0 1 1 
0 0 0 0 1 0 0 0 1 0 
0 1 0 0 0 0 0 0 1 0 
0 1 0 0 0 0 0 0 0 1 
0 0 1 0 0 0 0 0 1 0 
1 0 0 0 0 0 1 0 0 0 
0 1 0 0 0 0 1 0 0 0 
0 0 1 0 0 0 1 0 0 0 
0 0 0 1 0 0 1 0 0 0 
0 0 0 0 1 0 1 0 0 0 
0 0 0 0 0 1 1 0 0 0 
0 0 0 0 0 0 1 1 0 0 
0 0 0 0 0 0 1 0 1 0 
0 0 0 0 0 0 1 0 0 1 
0 0 0 0 1 0 1 0 0 0 
1 0 0 0 0 0 0 0 1 0 
0 1 0 0 0 0 0 0 1 0 
0 0 1 0 0 0 1 0 0 0 
0 0 1 0 0 0 0 0 1 0 
0 0 0 1 0 0 0 0 1 0 
0 0 0 0 1 0 0 0 1 0 
0 0 0 0 0 1 0 0 1 0 
0 0 0 0 0 0 1 0 1 0 
0 0 0 0 0 0 0 1 1 0 
0 0 0 0 0 0 0 0 1 1 
0 0 0 0 1 0 0 0 1 0 
1 0 0 0 0 0 1 0 0 0 
0 1 0 0 0 0 1 0 0 0 
0 0 1 0 0 0 1 0 0 0 
0 0 0 1 0 0 1 0 0 0 
0 0 0 0 1 0 1 0 0 0 
0 0 0 0 0 1 1 0 0 0 
0 0 0 0 0 0 1 1 0 0 
0 0 0 0 0 0 1 0 1 0 
0 0 0 0 0 0 1 0 0 1 
0 0 0 0 1 0 1 0 0 0 
0 0 1 0 0 0 1 0 0 0 
0 0 1 0 0 0 0 0 1 0 
0 1 0 0 0 0 1 0 0 0 
0 1 0 0 0 0 0 0 1 0 
0 0 0 0 0 0 1 0 0 1 
0 0 0 0 0 0 0 0 1 1 
0 0 0 0 0 0 1 1 0 0 
0 0 0 0 0 0 0 1 1 0 
0 0 0 0 0 0 0 1 0 1 
0 0 0 1 0 0 1 0 0 0 
0 0 0 1 0 0 0 1 0 0 
0 0 0 1 0 0 0 0 1 0 
0 0 1 0 0 0 1 0 0 0 
0 0 1 0 0 0 0 0 1 0 
1 0 0 0 0 0 0 0 0 1 
1 0 0 0 0 0 0 1 0 0 
0 0 0 0 0 0 1 1 0 0 
0 0 0 0 0 0 0 1 1 0 
0 0 0 1 0 1 0 0 0 0 
0 0 0 1 0 0 1 0 0 0 
0 0 0 1 0 0 0 1 0 0 
0 0 0 1 0 0 0 0 1 0 
0 0 0 1 0 0 0 0 0 1 
1 0 1 0 0 0 0 0 0 0 
0 1 1 0 0 0 0 0 0 0 
0 0 1 1 0 0 0 0 0 0 
0 0 1 0 0 0 1 0 0 0 
0 0 1 0 0 0 0 1 0 0 
0 0 0 1 0 0 0 0 1 0 
0 0 0 0 0 0 0 1 1 0 
0 0 1 0 0 0 0 0 0 1 
0 0 1 0 1 0 0 0 0 0 
1 0 0 0 0 0 0 0 0 1 
0 1 0 0 0 0 0 0 0 1 
0 0 1 0 0 0 0 1 0 0 
0 0 1 0 0 0 0 0 0 1 
0 0 0 1 0 0 0 0 0 1 
0 0 0 0 1 0 0 0 0 1 
0 0 0 0 0 1 0 1 0 0 
0 0 0 0 0 1 0 0 0 1 
0 0 0 0 0 0 1 1 0 0 
0 0 0 0 0 0 1 0 0 1 
0 0 0 0 0 0 0 1 1 0 
0 0 0 0 0 0 0 1 0 1 
0 0 0 0 0 0 0 0 1 1 
0 1 0 0 0 0 0 0 0 1 
0 0 0 0 1 0 0 0 0 1 
0 0 0 0 0 0 0 1 0 1 
0 0 0 0 0 1 0 0 0 1 
0 0 0 0 0 0 1 0 0 1 
1 0 0 0 0 0 0 0 0 1 
0 0 0 1 0 1 0 0 0 0 
1 0 1 0 0 0 0 0 0 0 
0 1 1 0 0 0 0 0 0 0 
0 1 0 0 0 0 0 0 0 1 
0 0 1 1 0 0 0 0 0 0 
0 0 1 0 1 0 0 0 0 0 
0 0 1 0 0 1 0 0 0 0 
0 0 1 0 0 0 1 0 0 0 
0 0 1 0 0 0 0 1 0 0 
0 0 1 0 0 0 0 0 1 0 
0 1 1 0 0 0 0 0 0 0 
0 0 1 0 0 0 0 0 0 1 
0 0 1 0 1 0 0 0 0 0 
0 0 1 0 0 0 0 0 1 0 
0 0 1 0 0 0 0 1 0 0 
0 0 0 0 1 0 0 0 0 1 
0 0 0 1 0 0 0 1 0 0 
0 0 0 0 0 0 0 1 0 1 
1 0 1 0 0 0 0 0 0 0 
1 0 0 0 0 0 0 0 0 1 
0 0 1 0 0 0 1 0 0 0 
1 0 0 0 0 1 0 0 0 0 
0 1 0 0 0 1 0 0 0 0 
0 0 1 0 0 1 0 0 0 0 
0 0 0 0 0 1 1 0 0 0 
0 0 0 1 0 1 0 0 0 0 
0 0 0 0 1 1 0 0 0 0 
0 0 0 0 0 1 0 1 0 0 
0 0 0 0 0 1 0 0 1 0 
0 0 0 0 0 1 0 0 0 1 
0 1 0 0 0 1 0 0 0 0 
0 0 1 0 0 0 1 0 0 0 
0 0 0 0 1 1 0 0 0 0 
0 0 0 0 0 1 1 0 0 0 
0 0 0 0 0 1 0 0 1 0 
0 0 0 1 0 1 0 0 0 0 
0 0 0 1 0 0 0 1 0 0 
1 0 0 0 0 1 0 0 0 0 
1 0 0 0 0 0 0 0 0 1 
0 1 0 0 0 0 0 0 0 1 
0 0 1 0 0 0 0 0 0 1 
0 0 0 1 0 0 0 0 0 1 
0 0 0 0 1 0 0 0 0 1 
0 0 0 0 0 1 0 0 0 1 
0 0 0 0 0 0 1 0 0 1 
0 0 0 0 0 0 0 1 0 1 
0 0 0 0 0 0 0 0 1 1 
0 1 0 0 0 0 0 0 0 1 
0 0 0 0 1 0 0 0 0 1 
0 0 0 0 0 0 1 0 0 1 
0 0 0 0 0 0 0 0 1 1 
0 0 0 1 0 0 0 0 0 1 
1 0 1 0 0 0 0 0 0 0 
0 1 1 0 0 0 0 0 0 0 
0 0 1 1 0 0 0 0 0 0 
0 0 1 0 1 0 0 0 0 0 
0 0 1 0 0 1 0 0 0 0 
0 0 1 0 0 0 1 0 0 0 
0 0 1 0 0 0 0 1 0 0 
0 0 1 0 0 0 0 0 1 0 
0 1 1 0 0 0 0 0 0 0 
0 0 1 0 0 0 0 0 0 1 
0 0 1 0 1 0 0 0 0 0 
0 0 1 0 0 0 1 0 0 0 
0 0 1 0 0 0 0 0 1 0 
0 0 1 1 0 0 0 0 0 0 
1 0 1 0 0 0 0 0 0 0 
1 0 0 0 0 0 0 0 0 1 
0 0 1 0 0 0 0 1 0 0 
0 0 0 0 0 0 0 1 0 1 
0 0 1 0 0 1 0 0 0 0 
0 0 0 0 0 1 0 0 0 1 
0 1 1 0 0 0 0 0 0 0 
0 1 0 0 0 0 0 1 0 0 
0 0 1 0 1 0 0 0 0 0 
0 1 0 0 0 0 0 0 0 1 
0 0 0 0 1 0 0 0 0 1 
0 0 1 0 0 0 0 0 1 0 
0 0 0 0 0 0 0 0 1 1 
1 0 0 1 0 0 0 0 0 0 
0 1 0 1 0 0 0 0 0 0 
0 1 0 0 0 0 1 0 0 0 
0 0 1 0 0 0 1 0 0 0 
0 0 0 1 1 0 0 0 0 0 
0 0 0 1 0 1 0 0 0 0 
0 0 0 0 1 0 1 0 0 0 
1 0 0 0 0 0 0 0 0 1 
0 1 0 0 0 0 0 0 0 1 
0 0 1 0 0 0 0 0 0 1 
0 0 0 1 0 0 0 0 0 1 
0 0 0 0 1 0 0 0 0 1 
0 0 0 0 0 0 1 0 0 1 
0 0 0 0 0 1 0 0 0 1 
0 0 0 0 0 0 0 1 0 1 
0 0 0 0 0 0 0 0 1 1 
1 0 1 0 0 0 0 0 0 0 
0 1 1 0 0 0 0 0 0 0 
0 0 1 1 0 0 0 0 0 0 
0 0 1 0 0 1 0 0 0 0 
0 0 1 0 1 0 0 0 0 0 
0 0 1 0 0 0 1 0 0 0 
0 0 1 0 0 0 0 1 0 0 
0 0 1 0 0 0 0 0 1 0 
0 0 1 0 0 0 0 0 0 1 
0 1 1 0 0 0 0 0 0 0 
0 1 0 0 0 0 0 0 0 1 
0 0 1 0 1 0 0 0 0 0 
0 0 1 0 0 0 0 1 0 0 
0 0 0 0 0 0 0 1 0 1 
0 0 1 0 0 1 0 0 0 0 
0 0 0 0 1 0 0 0 0 1 
0 0 0 0 0 1 0 0 0 1 
0 0 0 0 0 0 1 0 0 1 
1 0 1 0 0 0 0 0 0 0 
1 0 0 0 0 0 0 0 0 1 
0 0 1 0 0 0 0 0 1 0 
0 0 0 0 0 0 0 0 1 1 
0 1 1 0 0 0 0 0 0 0 
0 1 0 0 0 0 0 0 0 1 
0 0 1 0 1 0 0 0 0 0 
0 0 0 0 1 0 1 0 0 0 
0 0 0 0 0 0 1 1 0 0 
0 0 1 0 0 0 0 1 0 0 
1 0 1 0 0 0 0 0 0 0 
1 0 0 0 0 0 1 0 0 0 
0 0 1 1 0 0 0 0 0 0 
0 0 0 1 0 0 1 0 0 0 
0 0 1 0 0 1 0 0 0 0 
0 0 0 1 0 1 0 0 0 0 
0 0 0 0 0 1 1 0 0 0 
0 0 0 0 0 1 0 0 0 1 
0 0 1 0 0 0 0 0 1 0 
0 0 0 1 0 0 0 0 1 0 
0 0 0 0 0 0 1 0 1 0 
0 0 0 0 0 0 0 0 1 1 
0 1 1 0 0 0 0 0 0 0 
0 1 0 1 0 0 0 0 0 0 
0 1 0 0 0 0 1 0 0 0 
0 1 0 0 0 0 0 0 0 1 
0 0 1 0 1 0 0 0 0 0 
0 0 0 1 1 0 0 0 0 0 
0 0 0 0 1 0 1 0 0 0 
0 0 0 0 1 0 0 0 0 1 
1 0 1 0 0 0 0 0 0 0 
1 0 0 0 0 0 1 0 0 0 
0 0 0 0 1 0 0 1 0 0 
1 0 1 0 0 0 0 0 0 0 
1 0 0 0 0 0 1 0 0 0 
0 1 0 0 0 0 0 0 0 1 
0 0 0 0 1 0 0 0 0 1 
0 0 0 0 0 1 0 0 0 1 
0 0 0 0 0 0 0 0 1 1 
0 1 0 1 0 0 0 0 0 0 
0 0 0 1 1 0 0 0 0 0 
0 0 0 1 0 1 0 0 0 0 
0 0 0 1 0 0 0 0 1 0 
1 1 1 1 1 1 1 1 0 1 
;
TIMETABLE BEST: 
0.0 0.0 0.0 0.0 0.0 0.0 0.0 0.0 0.0 0.0 
14 14 0 0 0 0 0 0 0 0 
17 14 17 0 0 0 0 0 0 0 
17 17 17 0 0 0 0 0 0 0 
18 17 17 18 0 0 0 0 0 0 
18 18 17 18 0 0 0 0 0 0 
18 18 18 18 0 0 0 0 0 0 
24 18 18 18 24 0 0 0 0 0 
24 18 18 18 24 24 0 0 0 0 
24 24 18 18 24 24 0 0 0 0 
24 24 18 18 24 24 0 0 0 0 
24 24 24 18 24 24 0 0 0 0 
24 24 24 18 24 24 0 0 0 0 
24 24 24 24 24 24 0 0 0 0 
24 24 24 24 24 24 0 0 0 0 
24 24 24 24 24 24 0 0 0 0 
26 24 24 24 24 24 26 0 0 0 
26 26 24 24 24 24 26 0 0 0 
26 26 26 24 24 24 26 0 0 0 
26 26 26 26 24 24 26 0 0 0 
26 26 26 26 26 24 26 0 0 0 
26 26 26 26 26 26 26 0 0 0 
33 26 26 26 26 26 26 33 0 0 
33 33 26 26 26 26 26 33 0 0 
33 33 33 26 26 26 26 33 0 0 
33 33 33 26 33 26 26 33 0 0 
33 33 33 33 33 26 26 33 0 0 
33 33 33 33 33 33 26 33 0 0 
33 33 33 33 33 33 33 33 0 0 
36 33 33 33 33 33 33 33 36 0 
36 36 33 33 33 33 33 33 36 0 
36 36 36 33 33 33 33 33 36 0 
36 36 36 36 33 33 33 33 36 0 
36 36 36 36 36 33 33 33 36 0 
36 36 36 36 36 36 33 33 36 0 
36 36 36 36 36 36 36 33 36 36 
36 36 36 36 36 36 36 36 36 36 
49 36 36 36 36 36 49 36 36 36 
49 49 36 36 36 36 49 36 36 36 
49 49 49 36 36 36 49 36 36 36 
49 49 49 36 49 36 49 36 36 36 
49 49 49 49 49 36 49 36 36 36 
49 49 49 49 49 49 49 36 36 36 
49 49 49 49 49 49 49 49 36 36 
49 49 49 49 49 49 49 49 49 36 
54 49 49 49 49 49 49 49 49 54 
54 54 49 49 49 49 49 49 49 54 
54 54 49 54 49 49 49 49 49 54 
54 54 54 54 49 49 49 49 49 54 
54 54 54 54 54 49 49 49 49 54 
54 54 54 54 54 54 49 49 49 54 
54 54 54 54 54 54 54 49 49 54 
54 54 54 54 54 54 54 54 49 54 
54 54 54 54 54 54 54 54 54 54 
65 54 54 54 54 54 65 54 54 54 
65 65 54 54 54 54 65 54 54 54 
65 65 65 54 54 54 65 54 54 54 
65 65 65 65 54 54 65 54 54 54 
65 65 65 65 65 54 65 54 54 54 
65 65 65 65 65 65 65 54 54 54 
65 65 65 65 65 65 65 65 54 54 
65 65 65 65 65 65 65 65 65 54 
65 65 65 65 65 65 65 65 65 65 
77 65 65 65 65 65 77 65 65 65 
77 65 65 65 65 65 77 65 65 77 
77 77 65 65 65 65 77 65 65 77 
77 77 77 65 65 65 77 65 65 77 
77 77 77 65 65 65 77 65 65 77 
77 77 77 65 65 65 77 65 65 77 
77 77 77 77 65 65 77 65 65 77 
77 77 77 77 65 65 77 65 65 77 
77 77 77 77 77 65 77 65 65 77 
77 77 77 77 77 65 77 65 65 77 
77 77 77 77 77 77 77 65 65 77 
77 77 77 77 77 77 77 65 65 77 
77 77 77 77 77 77 77 77 65 77 
77 77 77 77 77 77 77 77 77 77 
77 77 77 77 77 77 77 77 77 77 
77 77 77 77 77 77 77 77 77 77 
77 77 77 77 77 77 77 77 77 77 
77 77 77 77 86 77 86 77 77 77 
77 88 77 77 86 77 86 77 77 88 
77 88 90 77 86 90 86 77 77 88 
77 88 90 77 86 90 90 77 77 88 
77 88 90 77 86 90 90 77 77 90 
92 88 90 77 86 90 90 92 77 90 
92 92 90 77 86 90 90 92 77 90 
92 92 92 77 86 90 90 92 77 90 
92 92 92 92 86 90 90 92 77 90 
92 92 92 92 86 92 90 92 77 90 
92 92 92 92 86 92 92 92 77 90 
92 92 92 92 86 92 92 92 77 92 
92 92 92 92 86 95 92 92 95 92 
92 92 92 92 86 95 95 92 95 92 
92 92 92 92 95 95 95 95 95 92 
92 92 92 92 95 95 95 95 95 92 
92 92 92 92 95 95 95 95 95 95 
92 103 92 92 95 95 95 103 95 95 
92 103 103 92 95 103 95 103 95 95 
92 103 103 92 95 103 103 103 95 95 
92 103 103 92 95 103 103 103 95 103 
92 103 103 92 95 103 103 103 95 103 
92 103 103 107 95 103 103 107 95 103 
92 103 103 107 107 103 103 107 95 103 
108 103 103 107 107 103 103 107 108 103 
108 108 103 107 107 103 103 107 108 103 
108 108 108 107 107 103 103 107 108 103 
108 108 108 108 107 103 103 107 108 103 
108 108 108 108 107 108 103 107 108 103 
108 108 108 108 108 108 103 107 108 103 
108 108 108 108 108 108 108 107 108 103 
108 108 108 108 108 108 108 108 108 103 
108 108 108 108 108 108 108 108 108 108 
108 119 108 108 108 108 108 108 119 108 
108 119 119 108 108 108 108 108 119 108 
120 119 119 108 108 108 108 108 119 120 
120 120 119 108 108 108 108 108 119 120 
120 120 120 108 108 108 120 108 119 120 
120 120 120 120 108 108 120 108 119 120 
120 120 120 120 108 108 120 108 119 120 
120 120 120 120 120 108 120 108 120 120 
120 120 120 120 120 108 120 108 120 120 
120 120 120 120 120 120 120 108 120 120 
120 120 120 120 120 120 120 108 120 120 
120 120 120 120 120 120 120 120 120 120 
120 120 120 120 120 120 120 120 120 120 
120 131 120 120 120 120 120 120 120 131 
120 131 120 120 120 120 132 120 120 132 
120 131 120 120 120 133 132 120 133 132 
133 131 120 120 120 133 132 120 133 132 
133 133 120 120 120 133 132 120 133 132 
133 133 133 120 120 133 132 120 133 132 
133 133 133 120 133 133 132 120 133 132 
133 133 133 133 133 133 132 120 133 132 
133 133 133 133 133 133 133 120 133 132 
133 133 133 133 133 133 133 133 133 132 
133 133 133 133 133 133 133 133 133 133 
133 133 133 133 142 133 133 133 142 133 
133 145 133 133 142 133 133 133 145 133 
133 145 133 133 142 133 133 133 145 145 
133 145 145 133 142 133 133 133 145 145 
146 145 145 133 142 133 146 133 145 145 
146 146 145 133 142 133 146 133 145 145 
146 146 146 133 142 133 146 133 145 145 
146 146 146 146 142 133 146 133 145 145 
146 146 146 146 146 133 146 133 145 145 
146 146 146 146 146 146 146 133 145 145 
146 146 146 146 146 146 146 146 145 145 
146 146 146 146 146 146 146 146 146 145 
146 146 146 146 146 146 146 146 146 146 
146 146 146 146 155 146 155 146 146 146 
157 146 146 146 155 146 155 146 157 146 
157 157 146 146 155 146 155 146 157 146 
157 157 157 146 155 146 157 146 157 146 
157 157 157 146 155 146 157 146 157 146 
157 157 157 157 155 146 157 146 157 146 
157 157 157 157 157 146 157 146 157 146 
157 157 157 157 157 157 157 146 157 146 
157 157 157 157 157 157 157 146 157 146 
157 157 157 157 157 157 157 157 157 146 
157 157 157 157 157 157 157 157 157 157 
157 157 157 157 166 157 157 157 166 157 
168 157 157 157 166 157 168 157 166 157 
168 168 157 157 166 157 168 157 166 157 
168 168 168 157 166 157 168 157 166 157 
168 168 168 168 166 157 168 157 166 157 
168 168 168 168 168 157 168 157 166 157 
168 168 168 168 168 168 168 157 166 157 
168 168 168 168 168 168 168 168 166 157 
168 168 168 168 168 168 168 168 168 157 
168 168 168 168 168 168 168 168 168 168 
168 168 168 168 177 168 177 168 168 168 
168 168 179 168 177 168 179 168 168 168 
168 168 179 168 177 168 179 168 179 168 
168 180 179 168 177 168 180 168 179 168 
168 180 179 168 177 168 180 168 180 168 
168 180 179 168 177 168 180 168 180 180 
168 180 179 168 177 168 180 168 180 180 
168 180 179 168 177 168 182 182 180 180 
168 180 179 168 177 168 182 182 182 180 
168 180 179 168 177 168 182 182 182 182 
168 180 179 183 177 168 183 182 182 182 
168 180 179 183 177 168 183 183 182 182 
168 180 179 183 177 168 183 183 183 182 
168 180 191 183 177 168 191 183 183 182 
168 180 191 183 177 168 191 183 191 182 
194 180 191 183 177 168 191 183 191 194 
196 180 191 183 177 168 191 196 191 194 
196 180 191 183 177 168 196 196 191 194 
196 180 191 183 177 168 196 196 196 194 
196 180 191 203 177 203 196 196 196 194 
196 180 191 203 177 203 203 196 196 194 
196 180 191 203 177 203 203 203 196 194 
196 180 191 203 177 203 203 203 203 194 
196 180 191 203 177 203 203 203 203 203 
204 180 204 203 177 203 203 203 203 203 
204 204 204 203 177 203 203 203 203 203 
204 204 204 204 177 203 203 203 203 203 
204 204 204 204 177 203 204 203 203 203 
204 204 204 204 177 203 204 204 203 203 
204 204 204 214 177 203 204 204 214 203 
204 204 204 214 177 203 204 214 214 203 
204 204 215 214 177 203 204 214 214 215 
204 204 220 214 220 203 204 214 214 215 
227 204 220 214 220 203 204 214 214 227 
227 227 220 214 220 203 204 214 214 227 
227 227 227 214 220 203 204 227 214 227 
227 227 227 214 220 203 204 227 214 227 
227 227 227 227 220 203 204 227 214 227 
227 227 227 227 227 203 204 227 214 227 
227 227 227 227 227 227 204 227 214 227 
227 227 227 227 227 227 204 227 214 227 
227 227 227 227 227 227 227 227 214 227 
227 227 227 227 227 227 227 227 214 227 
227 227 227 227 227 227 227 227 227 227 
227 227 227 227 227 227 227 227 227 227 
227 227 227 227 227 227 227 227 227 227 
227 238 227 227 227 227 227 227 227 238 
227 238 227 227 239 227 227 227 227 239 
227 238 227 227 239 227 227 239 227 239 
227 238 227 227 239 240 227 239 227 240 
227 238 227 227 239 240 243 239 227 243 
245 238 227 227 239 240 243 239 227 245 
245 238 227 245 239 245 243 239 227 245 
247 238 247 245 239 245 243 239 227 245 
247 247 247 245 239 245 243 239 227 245 
247 247 247 245 239 245 243 239 227 247 
247 247 247 247 239 245 243 239 227 247 
247 247 247 247 247 245 243 239 227 247 
247 247 247 247 247 247 243 239 227 247 
247 247 247 247 247 247 247 239 227 247 
247 247 247 247 247 247 247 247 227 247 
247 247 247 247 247 247 247 247 247 247 
247 256 256 247 247 247 247 247 247 247 
247 256 256 247 247 247 247 247 247 256 
247 256 258 247 258 247 247 247 247 256 
247 256 258 247 258 247 247 247 258 256 
247 256 259 247 258 247 247 259 258 256 
247 256 259 247 258 247 247 259 258 258 
247 256 259 259 258 247 247 259 258 258 
247 256 259 259 258 247 247 259 258 259 
262 256 262 259 258 247 247 259 258 259 
262 256 262 259 258 247 247 259 258 262 
262 256 263 259 258 247 263 259 258 262 
265 256 263 259 258 265 263 259 258 262 
265 265 263 259 258 265 263 259 258 262 
265 265 265 259 258 265 263 259 258 262 
265 265 265 259 258 265 265 259 258 262 
265 265 265 265 258 265 265 259 258 262 
265 265 265 265 265 265 265 259 258 262 
265 265 265 265 265 265 265 265 258 262 
265 265 265 265 265 265 265 265 265 262 
265 265 265 265 265 265 265 265 265 265 
265 274 265 265 265 274 265 265 265 265 
265 274 276 265 265 274 276 265 265 265 
265 274 276 265 276 276 276 265 265 265 
265 274 276 265 276 276 276 265 265 265 
265 274 276 265 276 276 276 265 276 265 
265 274 276 277 276 277 276 265 276 265 
265 274 276 277 276 277 276 277 276 265 
280 274 276 277 276 280 276 277 276 265 
283 274 276 277 276 280 276 277 276 283 
283 283 276 277 276 280 276 277 276 283 
283 283 283 277 276 280 276 277 276 283 
283 283 283 283 276 280 276 277 276 283 
283 283 283 283 283 280 276 277 276 283 
283 283 283 283 283 283 276 277 276 283 
283 283 283 283 283 283 283 277 276 283 
283 283 283 283 283 283 283 283 276 283 
283 283 283 283 283 283 283 283 283 283 
283 292 283 283 283 283 283 283 283 292 
283 292 283 283 294 283 283 283 283 294 
283 292 283 283 294 283 294 283 283 294 
283 292 283 283 294 283 294 283 294 294 
283 292 283 295 294 283 294 283 294 295 
296 292 296 295 294 283 294 283 294 295 
296 296 296 295 294 283 294 283 294 295 
296 296 296 296 294 283 294 283 294 295 
296 296 296 296 296 283 294 283 294 295 
296 296 296 296 296 296 294 283 294 295 
296 296 296 296 296 296 296 283 294 295 
296 296 296 296 296 296 296 296 294 295 
296 296 296 296 296 296 296 296 296 295 
296 305 305 296 296 296 296 296 296 295 
296 305 305 296 296 296 296 296 296 305 
296 305 307 296 307 296 296 296 296 305 
296 305 307 296 307 296 307 296 296 305 
296 305 307 296 307 296 307 296 307 305 
296 305 308 308 307 296 307 296 307 305 
311 305 311 308 307 296 307 296 307 305 
311 305 311 308 307 296 307 296 307 311 
311 305 312 308 307 296 307 312 307 311 
311 305 312 308 307 296 307 312 307 312 
311 305 314 308 307 314 307 312 307 312 
311 305 314 308 307 314 307 312 307 314 
311 317 317 308 307 314 307 312 307 314 
311 317 317 308 307 314 307 317 307 314 
311 317 319 308 319 314 307 317 307 314 
311 317 319 308 319 314 307 317 307 317 
311 317 319 308 319 314 307 317 307 319 
311 317 321 308 319 314 307 317 321 319 
311 317 321 308 319 314 307 317 321 321 
327 317 321 327 319 314 307 317 321 321 
327 327 321 327 319 314 307 317 321 321 
327 327 321 327 319 314 327 317 321 321 
327 327 327 327 319 314 327 317 321 321 
327 327 327 327 327 314 327 317 321 321 
327 327 327 327 327 327 327 317 321 321 
327 327 327 327 327 327 327 317 321 321 
332 327 327 327 327 327 327 317 321 332 
332 332 327 327 327 327 327 317 321 332 
332 332 332 327 327 327 327 317 321 332 
332 332 332 332 327 327 327 317 321 332 
332 332 332 332 332 327 327 317 321 332 
332 332 332 332 332 327 332 317 321 332 
332 332 332 332 332 332 332 317 321 332 
332 332 332 332 332 332 332 332 321 332 
332 332 332 332 332 332 332 332 336 336 
342 332 342 332 332 332 332 332 336 336 
342 342 342 332 332 332 332 332 336 336 
342 342 342 342 332 332 332 332 336 336 
342 342 342 342 332 342 332 332 336 336 
342 342 342 342 342 342 332 332 336 336 
342 342 342 342 342 342 342 332 336 336 
342 342 342 342 342 342 342 342 336 336 
342 342 342 342 342 342 342 342 342 336 
342 342 342 342 342 342 342 342 342 342 
342 353 353 342 342 342 342 342 342 342 
342 353 353 342 342 342 342 342 342 353 
342 353 354 342 354 342 342 342 342 353 
342 353 354 342 354 342 342 354 342 353 
342 353 354 342 354 342 342 354 342 354 
342 353 355 342 354 355 342 354 342 354 
342 353 355 342 354 355 342 354 342 354 
342 353 355 342 354 355 342 354 342 355 
342 353 355 342 354 355 355 354 342 355 
356 353 356 342 354 355 355 354 342 355 
356 353 356 342 354 355 355 354 342 356 
356 353 357 342 354 355 355 354 357 356 
356 353 357 342 354 355 355 354 357 357 
356 362 362 342 354 355 355 354 357 357 
356 362 362 342 354 355 355 354 357 362 
356 362 365 342 365 355 355 354 357 362 
356 362 365 342 365 355 365 354 357 362 
356 362 365 342 365 355 366 366 357 362 
356 362 366 342 365 355 366 366 357 362 
367 362 367 342 365 355 366 366 357 362 
367 362 367 342 365 355 367 366 357 362 
367 362 369 369 365 355 367 366 357 362 
367 362 369 369 365 355 369 366 357 362 
367 362 373 369 365 373 369 366 357 362 
367 362 373 373 365 373 369 366 357 362 
367 362 373 373 365 373 373 366 357 362 
367 362 373 373 365 373 373 366 357 373 
367 362 375 373 365 373 373 366 375 373 
367 362 375 375 365 373 373 366 375 373 
367 362 375 375 365 373 375 366 375 373 
367 362 375 375 365 373 375 366 375 375 
367 376 376 375 365 373 375 366 375 375 
367 376 376 376 365 373 375 366 375 375 
367 376 376 376 365 373 376 366 375 375 
367 376 376 376 365 373 376 366 375 376 
367 376 378 376 378 373 376 366 375 376 
367 376 378 378 378 373 376 366 375 376 
367 376 378 378 378 373 378 366 375 376 
367 376 378 378 378 373 378 366 375 378 
380 376 380 378 378 373 378 366 375 378 
380 376 380 378 378 373 380 366 375 378 
380 376 380 378 382 373 380 382 375 378 
391 376 391 378 382 373 380 382 375 378 
391 376 391 378 382 373 391 382 375 378 
391 391 391 378 382 373 391 382 375 391 
391 391 391 378 391 373 391 382 375 391 
391 391 391 378 391 391 391 382 375 391 
391 391 391 378 391 391 391 382 391 391 
391 405 391 405 391 391 391 382 391 391 
391 405 391 405 405 391 391 382 391 391 
391 405 391 405 405 405 391 382 391 391 
391 405 391 405 405 405 391 382 405 391 
454.0 419.0 492.0 476.0 431.0 441.0 497.0 456.0 405.0 474.0 
;
EXECUTION TIME HBSS: 16417.8734481 seconds 

-------------------------------------------------------------------
