DATFILE : bwopen0_3r_1000.dat
ENVIRONMENT : bwopen
ALGORITHM : HBSS - TAU 6
RANGE : 1000
STARTING_POS : 0
N_ROBOTS : 3
GREEDY SOLUTION : [ 4418.]
COMPUTATIONS D :
4556
4446
4538
4512
4514
4430
4484
4336
4390
4368
4262
4256
4418
4398
4692
4244
4294
4434
4542
4514
4690
4344
4516
4814
4480
4646
4532
4280
4436
4290
4348
4486
4670
4654
4236
4496
4392
4640
4456
4558
4330
4292
4440
4346
4334
4504
4342
4554
4520
4256
4136
4272
4442
4066
4390
4178
4472
4368
4576
4356
4268
4614
4518
4152
4366
4102
4476
4540
4564
4706
4480
4452
4516
4496
4436
4354
4394
4536
4382
4510
4128
4268
4552
4636
4234
4570
4338
4200
4610
4506
4300
4446
4428
4414
4320
4404
4560
4408
4488
4332
4480
4466
4398
4256
4716
4646
4450
4324
4202
4412
4348
4370
4428
4322
4270
4230
4354
4574
4394
4396
4156
4546
4518
4584
4286
4502
4290
4544
4400
4558
4464
4454
4284
4400
4272
4558
4236
4376
4424
4410
4418
4540
4290
4492
4244
4418
4578
4556
4334
4342
4480
4438
4344
4600
4498
4468
4434
4328
4426
4572
4404
4310
4490
4046
4576
4324
4666
4452
4340
4476
4558
4326
4298
4428
4732
4390
4462
4498
4338
4434
4278
4322
4412
4158
4154
4418
4526
4708
4360
4522
4172
4386
4498
4254
4322
4422
4288
4654
3998
4458
;
HBBS sumD : 3998
BEST_CONFIGURATIONS : 
0 0 0 
0 4 0 
0 4 26 
0 4 5 
0 22 5 
0 8 5 
4 8 5 
4 8 26 
4 8 26 
4 8 22 
26 8 22 
26 8 22 
5 8 22 
5 8 22 
22 8 22 
22 13 22 
26 13 22 
26 17 22 
26 17 5 
26 17 5 
26 17 5 
4 17 5 
4 13 5 
4 13 5 
4 13 1 
4 13 1 
4 25 1 
26 25 1 
26 25 1 
5 25 1 
5 25 1 
5 17 1 
22 17 1 
8 17 1 
8 17 27 
8 13 27 
8 13 27 
8 25 27 
22 25 27 
26 25 27 
26 18 27 
5 18 27 
5 14 27 
4 14 27 
4 15 27 
4 10 27 
4 10 9 
26 10 9 
26 10 9 
5 10 9 
5 15 9 
22 15 9 
22 14 9 
8 14 9 
8 18 9 
13 18 9 
13 25 9 
17 25 9 
17 25 10 
17 25 10 
17 13 10 
17 13 15 
17 13 15 
25 13 15 
25 8 15 
25 8 14 
25 8 14 
25 8 18 
25 8 18 
17 8 18 
17 22 18 
13 22 18 
13 22 14 
13 22 14 
13 26 14 
17 26 14 
17 5 14 
17 5 18 
17 5 25 
13 5 25 
13 26 25 
13 26 17 
8 26 17 
8 0 17 
8 0 13 
8 0 13 
8 0 25 
8 0 25 
22 0 25 
22 0 18 
22 0 14 
22 0 15 
22 0 15 
22 0 10 
22 0 10 
22 0 24 
22 0 24 
22 0 6 
22 0 6 
22 0 21 
22 0 21 
22 0 3 
22 0 3 
9 0 3 
9 4 3 
9 26 3 
9 26 3 
9 5 3 
9 5 21 
9 5 21 
9 5 6 
10 5 6 
10 5 6 
10 26 6 
10 26 6 
10 26 6 
10 4 6 
10 4 6 
15 4 6 
15 4 6 
15 4 21 
15 4 21 
15 26 21 
15 26 21 
10 26 21 
10 26 7 
10 26 7 
24 26 7 
24 5 7 
24 5 7 
24 5 7 
24 22 7 
24 22 21 
24 22 3 
24 4 3 
6 4 3 
21 4 3 
21 8 3 
7 8 3 
7 8 21 
7 8 21 
7 8 21 
7 8 6 
7 8 6 
7 13 6 
7 13 6 
21 13 6 
21 13 6 
21 17 6 
21 17 11 
21 17 11 
21 17 11 
3 17 11 
3 17 11 
3 13 11 
3 13 11 
7 13 11 
7 8 11 
7 22 11 
12 22 11 
12 26 11 
16 26 11 
16 5 11 
23 5 11 
20 5 11 
20 4 11 
19 4 11 
19 0 11 
19 0 6 
19 0 21 
19 0 3 
20 0 3 
20 0 7 
20 0 7 
20 4 7 
23 4 7 
23 4 12 
23 4 12 
23 4 16 
23 4 16 
23 4 23 
23 4 20 
23 4 20 
23 26 20 
23 26 20 
16 26 20 
16 5 20 
12 5 20 
12 5 23 
12 5 16 
12 5 16 
12 26 16 
12 26 16 
12 26 16 
12 22 16 
12 22 16 
7 22 16 
7 22 23 
7 22 20 
7 8 20 
21 8 20 
21 8 23 
21 8 23 
21 8 16 
21 8 16 
21 8 12 
24 8 12 
24 13 12 
24 13 12 
24 17 12 
24 17 12 
24 17 12 
24 17 16 
24 25 16 
24 25 16 
24 25 16 
6 25 16 
6 25 16 
6 25 12 
21 25 12 
21 18 12 
21 18 12 
21 18 12 
21 14 12 
21 14 12 
3 14 12 
3 14 16 
3 14 16 
3 14 16 
3 14 23 
3 18 23 
3 18 23 
3 18 23 
3 25 23 
3 25 23 
2 25 23 
2 25 20 
2 25 20 
2 25 20 
2 17 20 
2 17 20 
2 17 19 
2 17 19 
2 13 19 
24 13 19 
24 13 19 
24 8 19 
10 8 19 
10 22 19 
15 22 19 
15 26 19 
14 26 19 
14 5 19 
18 5 19 
18 4 19 
18 4 20 
14 4 20 
14 0 20 
15 0 20 
15 0 23 
15 0 23 
15 0 16 
15 0 16 
15 0 12 
15 0 12 
10 0 12 
10 1 12 
10 1 16 
10 1 16 
10 1 23 
10 1 23 
10 1 20 
10 1 20 
24 1 20 
24 1 19 
24 27 19 
9 27 19 
9 27 20 
9 27 20 
9 27 23 
9 27 23 
9 27 16 
9 27 16 
9 27 16 
9 27 12 
9 1 12 
9 1 12 
10 1 12 
15 1 12 
15 1 7 
14 1 7 
14 1 21 
18 1 21 
18 1 3 
18 27 3 
18 27 21 
18 2 21 
14 2 21 
14 2 21 
15 2 21 
15 2 3 
10 2 3 
10 2 7 
24 2 7 
6 2 7 
6 2 12 
6 2 16 
11 2 16 
11 6 16 
11 6 12 
11 24 12 
11 10 12 
11 15 12 
11 14 12 
11 18 12 
11 25 12 
11 25 7 
6 18 7 
6 18 7 
6 14 7 
6 14 7 
24 14 7 
24 15 7 
9 15 7 
9 15 3 
9 10 3 
9 10 2 
9 24 2 
27 24 2 
27 24 2 
1 24 2 
1 24 2 
1 24 6 
1 6 6 
27 6 6 
27 11 6 
27 11 7 
1 11 7 
1 12 7 
9 12 11 
9 12 19 
9 16 19 
24 23 19 
24 23 19 
6 23 19 
6 20 19 
6 20 19 
7 20 19 
7 16 18 
7 16 17 
7 16 13 
7 23 13 
7 20 13 
7 23 17 
24 23 18 
10 23 18 
10 23 14 
10 15 14 
15 15 14 
15 15 18 
14 15 18 
5 15 18 
5 19 25 
26 19 18 
0 19 18 
4 19 18 
4 24 15 
4 24 10 
8 24 10 
8 2 10 
4 2 14 
4 2 14 
4 2 5 
26 2 5 
26 2 22 
0 2 22 
0 27 22 
0 1 22 
0 1 27 
0 0 0 
;
ROBOT MOVING BEST:
0 0 0 
1 1 0 
1 0 1 
1 0 1 
1 1 0 
1 1 0 
1 0 1 
1 0 1 
1 1 0 
1 0 1 
1 1 0 
1 0 1 
1 1 0 
1 0 1 
1 1 0 
1 1 0 
1 1 0 
0 1 1 
1 0 1 
1 1 0 
0 1 1 
1 1 0 
0 1 1 
1 1 0 
1 0 1 
0 1 1 
1 1 0 
1 0 1 
0 1 1 
1 0 1 
1 1 0 
0 1 1 
1 0 1 
1 0 1 
0 1 1 
0 1 1 
1 0 1 
0 1 1 
1 0 1 
1 0 1 
0 1 1 
1 0 1 
0 1 1 
1 0 1 
0 1 1 
0 1 1 
1 0 1 
1 0 1 
0 1 1 
1 0 1 
0 1 1 
1 0 1 
0 1 1 
1 0 1 
0 1 1 
1 0 1 
0 1 1 
1 0 1 
0 1 1 
1 0 1 
0 1 1 
1 0 1 
0 1 1 
1 0 1 
0 1 1 
1 0 1 
0 1 1 
1 0 1 
0 1 1 
1 0 1 
0 1 1 
1 0 1 
0 1 1 
1 0 1 
0 1 1 
1 0 1 
0 1 1 
0 1 1 
1 0 1 
1 0 1 
0 1 1 
1 0 1 
1 0 1 
0 1 1 
1 0 1 
0 1 1 
1 0 1 
0 1 1 
1 0 1 
0 1 1 
0 1 1 
0 1 1 
1 0 1 
0 1 1 
1 0 1 
0 1 1 
1 0 1 
0 1 1 
1 0 1 
0 1 1 
1 0 1 
0 1 1 
1 0 1 
1 1 0 
0 1 1 
0 1 1 
1 0 1 
0 1 1 
1 0 1 
0 1 1 
1 0 1 
1 1 0 
0 1 1 
1 1 0 
0 1 1 
1 0 1 
1 1 0 
0 1 1 
1 0 1 
1 1 0 
0 1 1 
1 0 1 
1 1 0 
0 1 1 
1 0 1 
0 1 1 
1 0 1 
1 1 0 
0 1 1 
1 0 1 
1 1 0 
0 1 1 
1 0 1 
1 0 1 
1 1 0 
1 0 1 
1 0 1 
0 1 1 
1 0 1 
0 1 1 
1 0 1 
1 1 0 
0 1 1 
1 0 1 
1 1 0 
0 1 1 
1 0 1 
1 1 0 
0 1 1 
1 0 1 
1 1 0 
0 1 1 
1 0 1 
1 1 0 
0 1 1 
1 1 0 
1 0 1 
0 1 1 
0 1 1 
1 0 1 
0 1 1 
1 0 1 
0 1 1 
1 0 1 
1 0 1 
0 1 1 
1 0 1 
0 1 1 
1 0 1 
1 0 1 
1 0 1 
1 0 1 
0 1 1 
1 0 1 
0 1 1 
1 0 1 
0 1 1 
1 0 1 
0 1 1 
1 0 1 
0 1 1 
0 1 1 
1 0 1 
1 1 0 
0 1 1 
1 0 1 
0 1 1 
1 0 1 
0 1 1 
0 1 1 
1 1 0 
0 1 1 
1 1 0 
1 0 1 
0 1 1 
1 1 0 
1 0 1 
0 1 1 
0 1 1 
0 1 1 
1 0 1 
0 1 1 
1 0 1 
0 1 1 
1 0 1 
0 1 1 
1 1 0 
0 1 1 
1 1 0 
0 1 1 
1 1 0 
1 0 1 
0 1 1 
1 1 0 
1 0 1 
0 1 1 
1 1 0 
1 0 1 
0 1 1 
1 1 0 
0 1 1 
1 1 0 
1 0 1 
0 1 1 
1 1 0 
1 0 1 
0 1 1 
1 1 0 
1 0 1 
0 1 1 
1 1 0 
1 0 1 
0 1 1 
1 1 0 
0 1 1 
1 0 1 
0 1 1 
1 1 0 
1 0 1 
0 1 1 
1 1 0 
1 0 1 
0 1 1 
1 1 0 
1 0 1 
0 1 1 
0 1 1 
1 0 1 
0 1 1 
1 0 1 
0 1 1 
1 0 1 
0 1 1 
1 0 1 
0 1 1 
1 0 1 
1 0 1 
0 1 1 
1 0 1 
0 1 1 
1 0 1 
0 1 1 
1 0 1 
0 1 1 
1 0 1 
1 0 1 
0 1 1 
1 0 1 
0 1 1 
1 0 1 
0 1 1 
1 0 1 
0 1 1 
1 0 1 
0 1 1 
0 1 1 
1 0 1 
0 1 1 
1 0 1 
0 1 1 
1 0 1 
0 1 1 
1 1 0 
1 0 1 
0 1 1 
1 1 0 
1 0 1 
1 1 0 
1 1 0 
0 1 1 
1 1 0 
0 1 1 
1 1 0 
0 1 1 
0 1 1 
0 1 1 
1 1 0 
1 1 0 
0 1 1 
1 1 0 
0 1 1 
1 1 0 
0 1 1 
1 1 0 
1 1 0 
0 1 1 
0 1 1 
1 1 0 
1 1 0 
0 1 1 
1 1 0 
1 1 0 
1 1 0 
1 1 0 
1 1 0 
1 1 0 
0 1 1 
1 1 0 
0 1 1 
1 1 0 
0 1 1 
1 1 0 
0 1 1 
1 0 1 
0 1 1 
0 1 1 
1 0 1 
1 1 0 
1 0 1 
1 1 0 
1 0 1 
1 1 0 
0 1 1 
1 1 0 
1 1 0 
1 1 0 
1 0 1 
1 1 0 
0 1 1 
1 0 1 
0 1 1 
0 1 1 
1 1 0 
0 1 1 
1 1 0 
0 1 1 
1 1 0 
1 0 1 
0 1 1 
1 0 1 
0 1 1 
0 1 1 
0 1 1 
0 1 1 
1 0 1 
1 0 1 
1 0 1 
1 1 0 
1 0 1 
1 0 1 
1 0 1 
1 1 0 
0 1 1 
1 0 1 
1 1 0 
1 0 1 
0 1 1 
0 1 1 
1 0 1 
1 1 0 
1 0 1 
1 1 0 
0 1 1 
1 1 0 
0 1 1 
1 1 0 
1 1 0 
1 1 0 
0 1 1 
0 1 1 
;
TIMETABLE BEST: 
0.0 0.0 0.0 
0 14 0 
0 14 17 
0 14 26 
0 26 26 
0 38 26 
14 38 26 
14 38 35 
14 38 35 
14 38 46 
25 38 46 
25 38 46 
34 38 46 
34 38 46 
46 38 46 
46 51 46 
57 51 46 
57 62 46 
57 62 58 
57 62 58 
57 62 58 
68 62 58 
68 73 58 
68 73 58 
68 73 76 
68 73 76 
68 86 76 
79 86 76 
79 86 76 
88 86 76 
88 86 76 
88 98 76 
100 98 76 
112 98 76 
112 98 91 
112 109 91 
112 109 91 
112 122 91 
124 122 91 
135 122 91 
135 135 91 
144 135 91 
144 146 91 
158 146 91 
158 159 91 
158 170 91 
158 170 106 
169 170 106 
169 170 106 
178 170 106 
178 181 106 
190 181 106 
190 194 106 
202 194 106 
202 205 106 
215 205 106 
215 218 106 
226 218 106 
226 218 120 
226 218 120 
226 231 120 
226 231 131 
226 231 131 
238 231 131 
238 244 131 
238 244 144 
238 244 144 
238 244 155 
238 244 155 
250 244 155 
250 256 155 
261 256 155 
261 256 166 
261 256 166 
261 267 166 
272 267 166 
272 276 166 
272 276 177 
272 276 190 
283 276 190 
283 285 190 
283 285 202 
296 285 202 
296 302 202 
296 302 213 
296 302 213 
296 302 226 
296 302 226 
308 302 226 
308 302 239 
308 302 250 
308 302 263 
308 302 263 
308 302 274 
308 302 274 
308 302 287 
308 302 287 
308 302 300 
308 302 300 
308 302 312 
308 302 312 
308 302 324 
308 302 324 
332 302 324 
332 316 324 
332 327 324 
332 327 324 
332 336 324 
332 336 336 
332 336 336 
332 336 348 
346 336 348 
346 336 348 
346 345 348 
346 345 348 
346 345 348 
346 356 348 
346 356 348 
357 356 348 
357 356 348 
357 356 360 
357 356 360 
357 367 360 
357 367 360 
368 367 360 
368 367 372 
368 367 372 
381 367 372 
381 376 372 
381 376 372 
381 376 372 
381 388 372 
381 388 384 
381 388 396 
381 400 396 
394 400 396 
406 400 396 
406 414 396 
418 414 396 
418 414 408 
418 414 408 
418 414 408 
418 414 420 
418 414 420 
418 427 420 
418 427 420 
430 427 420 
430 427 420 
430 438 420 
430 438 437 
430 438 437 
430 438 437 
442 438 437 
442 438 437 
442 449 437 
442 449 437 
458 449 437 
458 462 437 
458 474 437 
476 474 437 
476 485 437 
487 485 437 
487 494 437 
498 494 437 
508 494 437 
508 508 437 
521 508 437 
521 522 437 
521 522 454 
521 522 466 
521 522 478 
534 522 478 
534 522 494 
534 522 494 
534 536 494 
544 536 494 
544 536 512 
544 536 512 
544 536 523 
544 536 523 
544 536 534 
544 536 544 
544 536 544 
544 547 544 
544 547 544 
555 547 544 
555 556 544 
566 556 544 
566 556 554 
566 556 565 
566 556 565 
566 565 565 
566 565 565 
566 565 565 
566 576 565 
566 576 565 
584 576 565 
584 576 576 
584 576 586 
584 588 586 
596 588 586 
596 588 596 
596 588 596 
596 588 607 
596 588 607 
596 588 618 
621 588 618 
621 601 618 
621 601 618 
621 612 618 
621 612 618 
621 612 618 
621 612 629 
621 624 629 
621 624 629 
621 624 629 
634 624 629 
634 624 629 
634 624 640 
646 624 640 
646 637 640 
646 637 640 
646 637 640 
646 648 640 
646 648 640 
658 648 640 
658 648 651 
658 648 651 
658 648 651 
658 648 662 
658 659 662 
658 659 662 
658 659 662 
658 672 662 
658 672 662 
680 672 662 
680 672 672 
680 672 672 
680 672 672 
680 684 672 
680 684 672 
680 684 685 
680 684 685 
680 695 685 
699 695 685 
699 695 685 
699 708 685 
712 708 685 
712 720 685 
723 720 685 
723 731 685 
736 731 685 
736 740 685 
747 740 685 
747 754 685 
747 754 698 
758 754 698 
758 768 698 
771 768 698 
771 768 708 
771 768 708 
771 768 719 
771 768 719 
771 768 730 
771 768 730 
782 768 730 
782 786 730 
782 786 741 
782 786 741 
782 786 752 
782 786 752 
782 786 762 
782 786 762 
795 786 762 
795 786 775 
795 801 775 
810 801 775 
810 801 788 
810 801 788 
810 801 798 
810 801 798 
810 801 809 
810 801 809 
810 801 809 
810 801 820 
810 816 820 
810 816 820 
824 816 820 
835 816 820 
835 816 838 
848 816 838 
848 816 850 
859 816 850 
859 816 862 
859 831 862 
859 831 874 
859 850 874 
870 850 874 
870 850 874 
883 850 874 
883 850 886 
894 850 886 
894 850 902 
907 850 902 
920 850 902 
920 850 920 
920 850 931 
937 850 931 
937 868 931 
937 868 942 
937 881 942 
937 894 942 
937 905 942 
937 918 942 
937 929 942 
937 942 942 
937 942 960 
954 955 960 
954 955 960 
954 966 960 
954 966 960 
967 966 960 
967 979 960 
982 979 960 
982 979 976 
982 990 976 
982 990 998 
982 1003 998 
997 1003 998 
997 1003 998 
1012 1003 998 
1012 1003 998 
1012 1003 1016 
1012 1016 1016 
1027 1016 1016 
1027 1033 1016 
1027 1033 1036 
1042 1033 1036 
1042 1060 1036 
1070 1060 1061 
1070 1060 1091 
1070 1071 1091 
1085 1082 1091 
1085 1082 1091 
1098 1082 1091 
1098 1092 1091 
1098 1092 1091 
1118 1092 1091 
1118 1113 1111 
1118 1113 1128 
1118 1113 1139 
1118 1124 1139 
1118 1134 1139 
1118 1144 1150 
1149 1144 1167 
1162 1144 1167 
1162 1144 1178 
1162 1185 1178 
1173 1185 1178 
1173 1185 1189 
1186 1185 1189 
1216 1185 1189 
1216 1209 1202 
1225 1209 1215 
1242 1209 1215 
1256 1209 1215 
1256 1247 1233 
1256 1247 1244 
1270 1247 1244 
1270 1266 1244 
1284 1266 1262 
1284 1266 1262 
1284 1266 1292 
1295 1266 1292 
1295 1266 1304 
1312 1266 1304 
1312 1285 1304 
1312 1300 1304 
1312 1300 1335 
1312.0 1318.0 1368.0 
;
EXECUTION TIME HBSS: 1110.16626096 seconds 

-------------------------------------------------------------------
