DATFILE : bwopen0_2r_1000.dat
ENVIRONMENT : bwopen
ALGORITHM : HBSS - TAU 6
RANGE : 1000
STARTING_POS : 0
N_ROBOTS : 2
GREEDY SOLUTION : [ 5074.]
COMPUTATIONS D :
5172
5106
4984
5126
5046
5124
5104
5124
5354
5080
5096
5048
5212
5090
5272
5216
5070
5134
5104
5028
5252
5238
5088
5070
5104
5090
5158
5234
5162
5188
5072
5184
5048
5106
5040
5150
5198
5182
5024
5176
5136
5104
5116
5178
5074
5024
5082
5148
5172
5164
5114
5116
5154
5002
5070
5028
5116
4968
5106
5094
5120
5110
5196
5122
5138
5030
5106
5136
5134
4998
5088
5206
5026
5222
5118
5052
5260
5266
5086
5108
5102
5128
5132
5176
5218
5168
5008
5144
5162
5072
5038
5116
5064
5260
5204
4974
5044
5204
5300
5050
5204
5124
5266
5210
5026
5190
5190
5104
5122
5064
5258
5252
5062
5278
5060
5146
5092
4958
5008
5258
5306
5092
5138
5052
5028
5108
5018
5090
5240
5090
5168
5036
5068
5182
5072
5112
5174
5156
5074
5142
5156
5070
5114
5246
4988
5076
5012
5270
5244
5016
5180
5022
5110
5120
5110
5308
5110
5212
5240
5058
5256
5048
5038
5272
5200
5046
5032
5058
5104
5252
5196
5128
5138
5154
5242
5190
5032
5038
5196
5232
5160
5200
5064
5346
5124
5024
5202
5170
5098
5080
5174
5032
5162
5094
5120
5156
5052
5176
5038
5106
;
HBBS sumD : 4958
BEST_CONFIGURATIONS : 
0 0 
0 26 
0 5 
0 22 
0 4 
0 8 
0 13 
0 17 
0 25 
0 18 
0 14 
0 15 
0 10 
0 24 
0 6 
0 21 
0 3 
4 3 
26 3 
5 3 
22 3 
8 3 
8 21 
8 6 
22 6 
26 6 
5 6 
5 21 
26 21 
4 21 
4 6 
4 24 
26 24 
5 24 
22 24 
8 24 
8 10 
8 15 
22 15 
22 10 
26 10 
5 10 
5 15 
26 15 
4 15 
4 10 
4 9 
26 9 
5 9 
22 9 
8 9 
13 9 
17 9 
25 9 
18 9 
14 9 
15 9 
10 9 
24 9 
6 9 
21 9 
3 9 
3 10 
3 15 
21 15 
21 10 
6 10 
6 15 
6 14 
6 18 
21 18 
21 14 
3 14 
3 18 
3 25 
3 17 
3 13 
21 13 
21 17 
6 17 
6 13 
6 25 
21 25 
7 25 
7 17 
7 13 
7 8 
7 22 
7 26 
7 5 
7 4 
7 0 
12 0 
16 0 
23 0 
20 0 
19 0 
19 4 
19 26 
19 5 
19 22 
19 8 
20 8 
23 8 
16 8 
12 8 
12 22 
12 26 
12 5 
16 5 
16 26 
16 4 
12 4 
16 22 
23 22 
20 22 
20 4 
23 4 
23 26 
23 5 
20 5 
20 26 
20 1 
23 1 
16 1 
12 1 
12 27 
16 27 
23 27 
20 27 
19 27 
19 1 
18 1 
14 1 
15 1 
10 1 
24 1 
6 1 
6 27 
21 27 
3 27 
3 1 
21 1 
7 1 
7 27 
7 9 
7 10 
7 15 
7 14 
7 18 
12 18 
12 14 
16 14 
23 14 
20 14 
20 18 
23 18 
16 18 
16 25 
12 25 
12 17 
12 13 
16 13 
23 13 
20 13 
20 17 
23 17 
16 17 
23 25 
20 25 
19 25 
19 17 
19 13 
18 13 
14 13 
14 17 
18 17 
18 25 
14 25 
14 18 
15 18 
10 18 
10 14 
15 14 
15 25 
10 25 
10 17 
10 13 
15 13 
15 17 
25 17 
25 13 
17 13 
17 8 
13 8 
13 22 
13 26 
13 5 
17 5 
17 26 
17 4 
13 4 
8 4 
8 26 
8 5 
22 5 
22 26 
22 4 
26 4 
5 4 
5 26 
1 26 
1 5 
1 22 
1 4 
1 0 
27 0 
27 4 
27 26 
27 5 
27 22 
27 8 
27 13 
27 17 
27 25 
27 18 
27 14 
27 15 
27 10 
27 24 
27 9 
1 9 
1 27 
1 2 
27 2 
9 2 
10 2 
15 2 
14 2 
18 2 
25 2 
17 2 
13 2 
8 2 
22 2 
26 2 
5 2 
4 2 
0 2 
0 9 
0 11 
4 11 
26 11 
5 11 
22 11 
8 11 
13 11 
17 11 
25 11 
18 11 
14 11 
15 11 
10 11 
24 11 
6 11 
21 11 
3 11 
7 11 
7 6 
21 6 
3 6 
3 21 
3 7 
21 7 
21 12 
21 16 
21 23 
21 20 
3 20 
3 23 
3 16 
3 12 
7 12 
7 16 
7 23 
7 20 
7 19 
21 19 
3 19 
2 19 
2 20 
2 23 
2 16 
2 12 
2 7 
2 21 
2 3 
24 3 
24 21 
24 7 
24 12 
24 16 
24 23 
24 20 
6 20 
6 23 
6 16 
6 12 
11 12 
11 16 
11 23 
11 20 
11 19 
6 19 
24 19 
10 19 
15 19 
14 19 
18 19 
9 19 
9 20 
9 23 
9 16 
9 12 
10 12 
10 16 
10 23 
10 20 
15 20 
15 23 
15 16 
15 12 
19 12 
19 16 
19 23 
19 20 
20 23 
20 16 
23 16 
23 12 
20 12 
16 12 
9 11 
27 11 
1 11 
2 11 
2 6 
2 24 
6 24 
10 24 
15 24 
15 10 
14 24 
18 24 
25 24 
17 24 
13 24 
13 1 
17 1 
25 1 
25 5 
25 26 
25 4 
25 22 
25 8 
18 8 
14 8 
14 22 
14 26 
14 5 
18 5 
18 26 
18 4 
14 4 
18 22 
17 22 
8 22 
8 1 
22 21 
0 0 
;
ROBOT MOVING BEST:
0 0 
1 1 
1 1 
1 1 
1 1 
1 1 
1 1 
1 1 
1 1 
1 1 
1 1 
1 1 
1 1 
1 1 
1 1 
1 1 
1 1 
1 1 
1 1 
1 1 
1 1 
1 1 
1 1 
1 1 
1 1 
1 1 
1 1 
1 1 
1 1 
1 1 
1 1 
1 1 
1 1 
1 1 
1 1 
1 1 
1 1 
1 1 
1 1 
1 1 
1 1 
1 1 
1 1 
1 1 
1 1 
1 1 
1 1 
1 1 
1 1 
1 1 
1 1 
1 1 
1 1 
1 1 
1 1 
1 1 
1 1 
1 1 
1 1 
1 1 
1 1 
1 1 
1 1 
1 1 
1 1 
1 1 
1 1 
1 1 
1 1 
1 1 
1 1 
1 1 
1 1 
1 1 
1 1 
1 1 
1 1 
1 1 
1 1 
1 1 
1 1 
1 1 
1 1 
1 1 
1 1 
1 1 
1 1 
1 1 
1 1 
1 1 
1 1 
1 1 
1 1 
1 1 
1 1 
1 1 
1 1 
1 1 
1 1 
1 1 
1 1 
1 1 
1 1 
1 1 
1 1 
1 1 
1 1 
1 1 
1 1 
1 1 
1 1 
1 1 
1 1 
1 1 
1 1 
1 1 
1 1 
1 1 
1 1 
1 1 
1 1 
1 1 
1 1 
1 1 
1 1 
1 1 
1 1 
1 1 
1 1 
1 1 
1 1 
1 1 
1 1 
1 1 
1 1 
1 1 
1 1 
1 1 
1 1 
1 1 
1 1 
1 1 
1 1 
1 1 
1 1 
1 1 
1 1 
1 1 
1 1 
1 1 
1 1 
1 1 
1 1 
1 1 
1 1 
1 1 
1 1 
1 1 
1 1 
1 1 
1 1 
1 1 
1 1 
1 1 
1 1 
1 1 
1 1 
1 1 
1 1 
1 1 
1 1 
1 1 
1 1 
1 1 
1 1 
1 1 
1 1 
1 1 
1 1 
1 1 
1 1 
1 1 
1 1 
1 1 
1 1 
1 1 
1 1 
1 1 
1 1 
1 1 
1 1 
1 1 
1 1 
1 1 
1 1 
1 1 
1 1 
1 1 
1 1 
1 1 
1 1 
1 1 
1 1 
1 1 
1 1 
1 1 
1 1 
1 1 
1 1 
1 1 
1 1 
1 1 
1 1 
1 1 
1 1 
1 1 
1 1 
1 1 
1 1 
1 1 
1 1 
1 1 
1 1 
1 1 
1 1 
1 1 
1 1 
1 1 
1 1 
1 1 
1 1 
1 1 
1 1 
1 1 
1 1 
1 1 
1 1 
1 1 
1 1 
1 1 
1 1 
1 1 
1 1 
1 1 
1 1 
1 1 
1 1 
1 1 
1 1 
1 1 
1 1 
1 1 
1 1 
1 1 
1 1 
1 1 
1 1 
1 1 
1 1 
1 1 
1 1 
1 1 
1 1 
1 1 
1 1 
1 1 
1 1 
1 1 
1 1 
1 1 
1 1 
1 1 
1 1 
1 1 
1 1 
1 1 
1 1 
1 1 
1 1 
1 1 
1 1 
1 1 
1 1 
1 1 
1 1 
1 1 
1 1 
1 1 
1 1 
1 1 
1 1 
1 1 
1 1 
1 1 
1 1 
1 1 
1 1 
1 1 
1 1 
1 1 
1 1 
1 1 
1 1 
1 1 
1 1 
1 1 
1 1 
1 1 
1 1 
1 1 
1 1 
1 1 
1 1 
1 1 
1 1 
1 1 
1 1 
1 1 
1 1 
1 1 
1 1 
1 1 
1 1 
1 1 
1 1 
1 1 
1 1 
1 1 
1 1 
1 1 
1 1 
1 1 
1 1 
1 1 
1 1 
1 1 
1 1 
1 1 
1 1 
1 1 
1 1 
1 1 
1 1 
1 1 
1 1 
1 1 
1 1 
1 1 
1 1 
1 1 
1 1 
1 1 
1 1 
1 1 
1 1 
1 1 
1 1 
1 1 
1 1 
1 1 
1 1 
1 1 
1 1 
1 1 
1 1 
1 1 
1 1 
1 1 
1 1 
1 1 
1 1 
1 1 
1 1 
1 1 
1 1 
1 1 
1 1 
1 1 
1 1 
1 1 
;
TIMETABLE BEST: 
0.0 0.0 
0 17 
0 26 
0 38 
0 50 
0 64 
0 77 
0 88 
0 100 
0 113 
0 124 
0 137 
0 148 
0 161 
0 174 
0 186 
0 198 
14 198 
25 198 
34 198 
46 198 
58 198 
58 210 
58 222 
70 222 
81 222 
90 222 
90 234 
99 234 
110 234 
110 246 
110 259 
121 259 
130 259 
142 259 
154 259 
154 272 
154 283 
166 283 
166 294 
177 294 
186 294 
186 305 
195 305 
206 305 
206 316 
206 330 
217 330 
226 330 
238 330 
250 330 
263 330 
274 330 
286 330 
299 330 
310 330 
323 330 
334 330 
347 330 
360 330 
372 330 
384 330 
384 344 
384 355 
396 355 
396 366 
408 366 
408 377 
408 390 
408 401 
420 401 
420 412 
432 412 
432 423 
432 436 
432 448 
432 459 
444 459 
444 470 
456 470 
456 481 
456 494 
468 494 
480 494 
480 506 
480 517 
480 530 
480 542 
480 553 
480 562 
480 576 
480 590 
498 590 
509 590 
520 590 
530 590 
543 590 
543 604 
543 615 
543 624 
543 636 
543 648 
556 648 
566 648 
577 648 
588 648 
588 660 
588 671 
588 680 
599 680 
599 689 
599 700 
610 700 
621 712 
632 712 
642 712 
642 724 
652 724 
652 735 
652 744 
662 744 
662 753 
662 772 
672 772 
683 772 
694 772 
694 787 
705 787 
716 787 
726 787 
739 787 
739 802 
759 802 
770 802 
783 802 
794 802 
807 802 
820 802 
820 817 
832 817 
844 817 
844 832 
856 832 
868 832 
868 847 
868 862 
868 876 
868 887 
868 900 
868 911 
886 911 
886 922 
897 922 
908 922 
918 922 
918 933 
928 933 
939 933 
939 946 
950 946 
950 958 
950 969 
961 969 
972 969 
982 969 
982 980 
992 980 
1003 980 
1014 992 
1024 992 
1037 992 
1037 1004 
1037 1015 
1057 1015 
1068 1015 
1068 1026 
1079 1026 
1079 1038 
1090 1038 
1090 1051 
1103 1051 
1114 1051 
1114 1062 
1125 1062 
1125 1078 
1136 1078 
1136 1090 
1136 1101 
1147 1101 
1147 1112 
1170 1112 
1170 1123 
1182 1123 
1182 1136 
1193 1136 
1193 1148 
1193 1159 
1193 1168 
1204 1168 
1204 1177 
1204 1188 
1215 1188 
1228 1188 
1228 1199 
1228 1208 
1240 1208 
1240 1217 
1240 1228 
1251 1228 
1260 1228 
1260 1239 
1278 1239 
1278 1248 
1278 1260 
1278 1272 
1278 1286 
1293 1286 
1293 1300 
1293 1311 
1293 1320 
1293 1332 
1293 1344 
1293 1357 
1293 1368 
1293 1380 
1293 1393 
1293 1404 
1293 1417 
1293 1428 
1293 1441 
1293 1456 
1308 1456 
1308 1471 
1308 1490 
1323 1490 
1338 1490 
1352 1490 
1363 1490 
1376 1490 
1387 1490 
1400 1490 
1412 1490 
1423 1490 
1436 1490 
1448 1490 
1459 1490 
1468 1490 
1482 1490 
1496 1490 
1496 1524 
1496 1549 
1510 1549 
1521 1549 
1530 1549 
1542 1549 
1554 1549 
1567 1549 
1578 1549 
1590 1549 
1603 1549 
1614 1549 
1627 1549 
1638 1549 
1651 1549 
1664 1549 
1676 1549 
1688 1549 
1704 1549 
1704 1566 
1716 1566 
1728 1566 
1728 1578 
1728 1590 
1740 1590 
1740 1608 
1740 1619 
1740 1630 
1740 1640 
1752 1640 
1752 1650 
1752 1661 
1752 1672 
1768 1672 
1768 1683 
1768 1694 
1768 1704 
1768 1717 
1780 1717 
1792 1717 
1814 1717 
1814 1730 
1814 1740 
1814 1751 
1814 1762 
1814 1780 
1814 1792 
1814 1804 
1833 1804 
1833 1816 
1833 1828 
1833 1846 
1833 1857 
1833 1868 
1833 1878 
1846 1878 
1846 1888 
1846 1899 
1846 1910 
1863 1910 
1863 1921 
1863 1932 
1863 1942 
1863 1955 
1880 1955 
1893 1955 
1906 1955 
1917 1955 
1930 1955 
1941 1955 
1968 1955 
1968 1968 
1968 1978 
1968 1989 
1968 2000 
1982 2000 
1982 2011 
1982 2022 
1982 2032 
1993 2032 
1993 2042 
1993 2053 
1993 2064 
2017 2064 
2017 2075 
2017 2086 
2017 2096 
2030 2106 
2030 2117 
2040 2117 
2040 2128 
2050 2128 
2071 2128 
2126 2155 
2141 2155 
2156 2155 
2176 2155 
2176 2172 
2176 2185 
2194 2185 
2220 2185 
2231 2185 
2231 2198 
2244 2211 
2255 2211 
2268 2211 
2280 2211 
2291 2211 
2291 2248 
2302 2248 
2314 2248 
2314 2266 
2314 2275 
2314 2286 
2314 2298 
2314 2310 
2327 2310 
2338 2310 
2338 2322 
2338 2333 
2338 2342 
2349 2342 
2349 2351 
2349 2362 
2360 2362 
2371 2374 
2388 2374 
2412 2374 
2412 2404 
2424 2448 
2448.0 2510.0 
;
EXECUTION TIME HBSS: 422.527767181 seconds 

-------------------------------------------------------------------
