DATFILE : bwopen0_5r_1000.dat
ENVIRONMENT : bwopen
ALGORITHM : HBSS - TAU 5
RANGE : 1000
STARTING_POS : 0
N_ROBOTS : 5
GREEDY SOLUTION : [ 2892.]
COMPUTATIONS D :
3184
3012
2878
3352
3278
3246
3198
2962
3006
2840
3150
3284
3030
3000
3220
3196
3200
3138
3054
3046
3150
3136
2920
3090
3172
3102
3150
3144
3252
3052
3080
2978
3018
3178
2992
3100
2986
3218
3146
2932
3036
3158
3122
3126
3244
3182
3022
3020
3102
3384
2962
3022
3172
3232
3150
3116
3010
3136
3038
3246
3190
3158
3022
3142
3218
3128
3032
3178
3152
3150
3230
3130
3272
3288
3032
3026
3078
3054
3268
3018
3154
3022
3132
3172
3208
3040
3084
3132
3134
3202
3120
3186
3348
2954
3204
3280
3162
3118
3270
3182
3034
3280
2922
2936
3236
2986
3122
3106
3208
2852
3140
3096
3246
3110
3032
2892
3112
3040
2892
3226
3094
3062
3056
3088
3196
3050
2862
2994
2950
3046
3446
3100
3158
3042
3066
3062
2854
3088
3080
3158
3220
3152
3220
2998
3256
3216
3136
2998
2918
3270
3190
3060
3014
3374
3220
3246
3160
2978
3058
3296
3100
3242
3284
2982
2970
3142
3180
3014
3150
2912
3052
3210
3280
3016
3280
3090
2984
3154
3158
3080
3166
3106
3030
2982
3102
3310
3256
3114
2992
3100
3308
3380
3202
3084
3408
3134
3146
2986
2886
3388
;
HBBS sumD : 2840
BEST_CONFIGURATIONS : 
0 0 0 0 0 
0 4 0 0 0 
0 4 26 0 0 
0 4 26 1 0 
0 4 26 1 5 
0 22 26 1 5 
4 22 26 1 5 
4 22 26 1 5 
4 22 26 1 5 
4 22 26 1 5 
4 22 26 1 5 
4 22 26 1 5 
4 22 26 1 5 
22 22 26 1 5 
22 22 26 1 5 
22 22 26 1 5 
22 22 26 27 5 
8 22 26 27 5 
8 22 26 27 5 
8 22 26 27 5 
8 22 4 27 5 
8 22 4 27 5 
8 22 4 27 5 
8 22 4 27 5 
8 13 4 27 5 
8 13 4 27 5 
8 13 4 9 5 
8 13 4 9 5 
8 13 4 9 9 
8 13 0 9 9 
8 13 0 9 9 
8 13 0 9 9 
8 13 0 9 9 
8 13 0 9 9 
8 13 0 9 9 
8 17 0 9 9 
22 17 0 9 9 
22 17 0 9 9 
22 17 0 9 9 
22 17 0 9 10 
22 17 0 24 10 
22 17 0 24 10 
22 17 0 24 10 
22 25 0 24 10 
22 25 0 24 10 
22 25 0 24 15 
22 25 0 6 15 
22 25 0 6 15 
22 25 0 6 15 
8 25 1 6 15 
8 25 1 6 15 
8 25 1 6 15 
8 25 1 6 15 
8 25 1 6 15 
13 25 1 6 15 
13 25 1 6 15 
13 25 1 6 15 
13 17 1 6 15 
13 17 1 6 10 
13 17 1 21 10 
13 17 27 21 10 
13 17 27 21 10 
13 17 27 21 10 
13 17 27 21 10 
13 17 27 21 10 
13 17 27 21 10 
25 17 27 21 10 
25 17 27 21 10 
25 17 27 21 10 
25 17 27 21 10 
25 17 27 21 15 
25 18 27 21 15 
25 18 27 6 15 
25 18 9 6 15 
25 18 9 6 15 
25 18 9 6 15 
25 18 9 6 15 
25 18 9 6 15 
25 18 9 6 15 
25 18 9 6 15 
25 18 10 6 15 
17 18 10 6 15 
17 18 10 6 15 
17 18 10 6 15 
17 18 10 6 15 
17 18 10 6 15 
17 18 10 6 15 
17 18 10 6 10 
17 18 10 6 10 
13 18 10 6 10 
13 14 10 6 10 
13 14 10 6 10 
13 14 10 6 10 
13 14 10 21 10 
13 14 10 21 10 
13 14 10 21 10 
13 14 10 21 24 
13 14 10 21 24 
13 14 15 21 24 
13 14 15 21 24 
13 14 15 21 24 
13 14 15 21 24 
13 14 15 21 24 
13 14 15 21 24 
17 14 15 21 24 
17 18 15 21 24 
17 18 15 21 24 
17 18 15 21 24 
17 18 15 21 24 
17 18 15 3 24 
17 18 15 3 24 
17 18 15 3 24 
17 18 15 3 24 
17 18 14 3 24 
17 25 14 3 24 
17 25 14 3 24 
17 25 14 3 6 
17 25 14 3 6 
13 25 14 3 6 
13 25 14 3 6 
13 25 14 3 6 
13 25 14 21 6 
13 25 14 21 6 
8 25 14 21 6 
8 25 14 21 11 
8 25 14 21 11 
8 25 14 7 11 
8 25 14 7 11 
8 25 18 7 11 
8 25 18 7 11 
8 25 18 7 11 
8 17 18 7 11 
8 17 18 7 11 
8 17 18 7 11 
8 17 18 7 11 
8 17 18 7 11 
22 17 18 7 11 
22 13 18 7 11 
22 13 18 7 11 
22 13 15 7 11 
22 13 15 7 11 
22 13 15 7 11 
22 13 15 7 11 
22 13 15 21 11 
22 13 15 21 11 
22 13 10 21 11 
26 13 10 21 11 
26 13 10 3 11 
26 13 10 3 11 
5 13 10 3 11 
5 13 24 3 11 
5 4 24 3 11 
5 4 24 3 21 
5 4 24 3 21 
5 4 24 3 21 
5 4 24 3 21 
5 4 24 3 7 
5 4 24 3 7 
5 4 24 3 7 
5 4 24 3 7 
26 4 24 3 7 
26 4 24 3 7 
26 4 24 3 7 
26 4 24 21 7 
26 4 24 21 7 
26 4 24 21 7 
26 4 24 21 7 
26 4 24 21 7 
26 4 6 21 7 
26 0 6 21 7 
26 0 6 21 7 
26 0 6 21 12 
26 0 6 21 12 
22 0 6 21 12 
22 0 6 21 12 
22 0 6 21 16 
22 0 6 21 16 
22 0 6 3 16 
22 0 6 3 16 
22 0 6 3 16 
22 0 6 3 16 
22 0 6 3 16 
4 0 6 3 16 
4 0 11 3 16 
4 1 11 3 16 
4 1 11 3 12 
8 1 11 3 12 
8 1 11 3 12 
8 27 11 3 12 
8 27 10 3 12 
8 27 10 7 12 
8 27 10 7 12 
8 27 10 7 16 
8 27 10 7 16 
8 27 10 21 16 
8 27 10 21 16 
8 27 10 21 16 
8 27 10 21 16 
8 27 10 6 16 
8 27 10 6 16 
8 27 10 6 12 
8 27 24 6 12 
8 27 24 6 12 
8 2 24 6 12 
22 2 24 6 12 
22 2 24 6 12 
22 2 24 6 12 
5 2 24 6 12 
5 2 24 6 12 
5 2 24 6 12 
5 2 24 6 12 
5 2 24 6 12 
5 2 24 6 12 
5 2 24 6 12 
5 2 24 11 12 
5 2 24 11 16 
5 2 24 11 16 
5 2 24 11 16 
5 2 24 11 16 
5 2 24 11 16 
26 2 24 11 16 
26 2 10 11 16 
26 2 10 11 16 
26 2 10 11 23 
26 2 10 11 23 
26 2 10 11 23 
26 2 15 11 23 
4 2 15 11 23 
4 6 15 11 23 
4 6 15 11 20 
4 6 15 11 20 
4 6 15 11 20 
4 6 15 11 19 
4 6 15 10 19 
26 6 15 10 19 
26 6 15 10 19 
26 6 15 10 19 
5 6 15 10 19 
5 6 15 10 19 
5 6 15 10 19 
5 21 15 10 19 
5 21 9 10 19 
5 21 9 9 19 
5 21 9 9 19 
5 21 9 9 19 
5 3 9 9 19 
5 3 9 9 19 
26 3 9 9 19 
26 3 9 9 19 
26 3 9 9 20 
26 3 9 9 20 
26 3 9 24 20 
26 3 9 24 20 
26 7 9 24 20 
26 7 9 24 23 
26 7 14 24 23 
26 7 14 24 23 
26 7 14 24 23 
5 7 14 24 23 
5 7 14 24 23 
5 7 14 24 23 
5 7 14 24 23 
5 7 14 24 20 
5 7 18 24 20 
5 7 18 24 20 
5 7 18 24 20 
1 7 18 24 20 
1 7 18 2 20 
1 7 18 2 20 
1 7 18 2 20 
1 21 18 2 20 
1 21 18 2 20 
1 21 18 2 20 
1 21 18 2 20 
1 21 18 2 20 
1 21 18 2 20 
1 21 18 2 23 
1 21 18 2 23 
1 21 18 2 23 
1 21 14 2 23 
1 21 14 2 23 
1 21 14 2 23 
1 3 14 2 23 
1 3 14 2 23 
27 3 14 2 23 
27 3 9 2 23 
27 3 9 6 23 
27 3 9 6 23 
27 3 9 6 20 
27 3 9 6 20 
27 3 9 6 19 
27 3 9 24 19 
27 7 9 24 19 
1 7 9 24 19 
1 7 9 24 19 
1 7 9 24 19 
1 12 9 24 19 
1 12 14 24 19 
1 12 14 24 19 
1 12 14 24 19 
1 12 18 24 19 
0 12 18 24 19 
0 16 18 24 19 
0 16 18 2 19 
0 16 25 2 19 
0 16 25 2 20 
0 16 25 2 20 
0 16 25 2 20 
0 16 25 2 23 
0 16 25 2 23 
0 16 25 2 23 
0 12 25 2 23 
0 12 25 2 23 
4 12 25 2 23 
4 12 17 2 23 
4 12 17 2 23 
4 12 17 2 20 
4 12 17 2 20 
4 12 17 2 20 
4 12 13 2 20 
22 12 13 2 20 
22 12 13 10 20 
22 12 13 10 20 
22 12 13 10 16 
22 12 13 10 16 
26 12 13 10 16 
26 12 17 10 16 
26 12 17 15 16 
26 16 17 15 16 
26 16 17 15 16 
4 16 17 15 16 
4 23 17 15 16 
4 23 17 15 16 
4 20 17 15 16 
4 20 17 14 16 
4 20 17 14 23 
4 20 17 14 23 
4 20 17 14 23 
4 20 13 14 23 
4 20 13 14 23 
4 20 13 14 23 
4 19 13 14 23 
4 19 13 14 23 
22 19 13 14 23 
22 19 13 14 16 
22 19 13 14 16 
22 19 13 14 16 
22 19 13 14 16 
22 19 13 14 16 
22 19 13 14 12 
22 19 8 14 12 
4 19 8 14 12 
4 19 8 18 12 
4 19 8 18 12 
4 20 8 18 12 
4 20 8 18 16 
26 20 8 18 16 
26 23 8 18 16 
26 23 8 25 16 
26 23 8 25 16 
26 23 4 25 16 
26 23 4 25 12 
5 23 4 25 12 
5 20 4 25 12 
5 20 4 17 12 
5 20 26 17 12 
5 19 26 17 12 
1 19 26 17 16 
1 19 0 18 16 
1 19 0 18 20 
1 19 0 14 20 
27 19 0 14 20 
27 19 0 14 20 
27 19 1 14 20 
27 11 1 14 20 
9 11 1 14 20 
9 11 1 10 23 
9 11 1 10 23 
9 11 1 10 16 
0 0 0 0 0 
;
ROBOT MOVING BEST:
0 0 0 0 0 
1 1 0 0 0 
1 0 1 0 0 
1 0 0 1 0 
1 0 0 0 1 
1 1 0 0 0 
1 0 1 0 0 
1 0 0 1 0 
0 0 1 1 0 
1 0 0 0 1 
1 1 0 0 0 
0 0 1 0 1 
0 0 0 1 1 
1 0 1 0 0 
1 0 0 1 0 
1 0 0 0 1 
0 0 1 1 0 
1 0 1 0 0 
0 0 0 1 1 
0 1 0 1 0 
0 0 1 1 0 
1 0 0 0 1 
1 1 0 0 0 
1 0 1 0 0 
0 1 0 0 1 
1 0 0 1 0 
0 0 0 1 1 
0 1 1 0 0 
0 0 1 0 1 
1 0 1 0 0 
1 1 0 0 0 
1 0 0 0 1 
0 1 1 0 0 
0 0 1 1 0 
0 1 0 0 1 
1 1 0 0 0 
1 0 0 0 1 
0 1 1 0 0 
0 1 0 0 1 
0 0 1 0 1 
0 0 1 1 0 
1 1 0 0 0 
1 0 0 0 1 
0 1 1 0 0 
1 0 0 1 0 
0 0 1 0 1 
0 0 1 1 0 
1 1 0 0 0 
1 0 0 0 1 
1 0 1 0 0 
0 1 1 0 0 
1 1 0 0 0 
0 0 1 0 1 
1 0 0 0 1 
1 0 1 0 0 
0 0 1 1 0 
0 1 0 0 1 
0 1 1 0 0 
0 0 1 0 1 
0 0 1 1 0 
1 0 1 0 0 
1 1 0 0 0 
0 1 1 0 0 
1 0 0 0 1 
0 0 1 0 1 
0 1 0 0 1 
1 0 1 0 0 
0 0 1 1 0 
1 1 0 0 0 
0 1 0 1 0 
0 0 1 0 1 
0 1 1 0 0 
0 0 1 1 0 
1 0 1 0 0 
0 0 1 0 1 
1 1 0 0 0 
0 1 1 0 0 
1 0 0 1 0 
0 1 0 0 1 
0 0 1 1 0 
1 0 1 0 0 
1 0 0 0 1 
0 0 0 1 1 
1 1 0 0 0 
0 1 0 1 0 
0 0 1 0 1 
1 0 0 1 0 
0 1 0 0 1 
0 0 1 1 0 
1 1 0 0 0 
0 1 0 1 0 
1 0 0 1 0 
0 1 1 0 0 
0 0 1 1 0 
1 1 0 0 0 
0 1 0 1 0 
0 0 1 0 1 
1 0 0 1 0 
0 1 1 0 0 
0 1 0 0 1 
1 0 1 0 0 
0 0 1 1 0 
1 0 0 0 1 
0 0 0 1 1 
1 1 0 0 0 
0 1 0 1 0 
0 0 1 0 1 
0 1 0 0 1 
1 0 0 0 1 
0 0 1 1 0 
0 0 0 1 1 
0 1 0 1 0 
1 0 0 1 0 
0 1 1 0 0 
0 1 0 0 1 
0 0 1 1 0 
0 0 0 1 1 
0 1 0 1 0 
1 0 0 1 0 
0 1 1 0 0 
1 1 0 0 0 
0 0 0 1 1 
0 1 0 1 0 
1 0 1 0 0 
0 0 1 0 1 
0 1 0 0 1 
0 0 1 1 0 
0 1 0 1 0 
1 0 1 0 0 
0 0 1 0 1 
0 0 1 1 0 
0 1 0 0 1 
0 1 0 1 0 
1 0 0 0 1 
1 0 0 1 0 
0 0 0 1 1 
1 0 1 0 0 
0 1 0 0 1 
0 1 0 1 0 
0 0 1 0 1 
1 0 0 0 1 
0 0 1 1 0 
1 0 0 1 0 
0 0 0 1 1 
1 1 0 0 0 
0 0 1 0 1 
1 0 0 0 1 
0 0 0 1 1 
1 1 0 0 0 
1 0 0 0 1 
0 0 1 0 1 
0 1 0 0 1 
0 0 0 1 1 
1 0 0 0 1 
0 1 0 0 1 
1 0 0 1 0 
0 0 0 1 1 
0 1 0 1 0 
1 0 0 0 1 
1 0 1 0 0 
1 0 0 1 0 
0 0 1 0 1 
0 1 0 0 1 
0 0 0 1 1 
0 1 1 0 0 
1 0 0 0 1 
1 0 1 0 0 
1 0 0 1 0 
0 0 1 0 1 
0 1 0 0 1 
0 1 0 1 0 
0 0 0 1 1 
1 0 1 0 0 
1 0 0 1 0 
0 0 1 0 1 
0 0 0 1 1 
1 0 1 0 0 
0 1 0 1 0 
1 0 0 1 0 
0 0 1 0 1 
0 1 0 0 1 
0 0 0 1 1 
1 0 1 0 0 
0 1 1 0 0 
0 1 0 1 0 
0 0 0 1 1 
1 0 0 1 0 
0 1 1 0 0 
0 1 0 1 0 
0 0 1 1 0 
0 0 0 1 1 
0 1 0 1 0 
0 0 0 1 1 
0 0 1 1 0 
1 0 0 1 0 
1 0 0 0 1 
1 0 1 0 0 
0 1 0 0 1 
1 0 0 1 0 
0 0 1 0 1 
1 0 0 0 1 
1 0 1 0 0 
0 1 0 0 1 
1 1 0 0 0 
1 0 0 0 1 
0 0 1 1 0 
1 1 0 0 0 
1 0 0 1 0 
0 1 0 1 0 
0 0 1 0 1 
1 0 0 0 1 
0 1 0 0 1 
0 1 1 0 0 
1 1 0 0 0 
0 0 0 1 1 
0 0 1 0 1 
1 0 0 0 1 
0 1 0 0 1 
0 1 0 1 0 
0 0 0 1 1 
1 1 0 0 0 
0 1 1 0 0 
1 0 0 0 1 
0 1 0 0 1 
1 0 1 0 0 
0 0 0 1 1 
0 1 1 0 0 
1 1 0 0 0 
0 1 0 1 0 
0 0 0 1 1 
1 0 1 0 0 
0 1 0 0 1 
0 0 0 1 1 
1 0 0 1 0 
1 0 1 0 0 
0 1 0 0 1 
0 0 1 0 1 
1 0 1 0 0 
0 0 0 1 1 
1 0 0 1 0 
0 1 0 0 1 
0 0 1 1 0 
0 1 0 1 0 
0 0 0 1 1 
1 0 0 0 1 
0 1 0 0 1 
0 1 0 1 0 
1 0 0 0 1 
1 0 0 1 0 
0 0 0 1 1 
0 1 0 0 1 
0 0 1 1 0 
1 0 0 0 1 
0 1 1 0 0 
0 0 1 0 1 
1 0 1 0 0 
1 0 0 0 1 
0 0 0 1 1 
1 0 1 0 0 
1 0 0 0 1 
0 1 0 0 1 
0 0 1 0 1 
0 0 0 1 1 
1 0 1 0 0 
1 0 0 0 1 
0 1 0 0 1 
1 0 0 1 0 
0 1 0 1 0 
1 1 0 0 0 
0 0 1 0 1 
0 1 0 0 1 
1 0 1 0 0 
0 0 1 1 0 
0 1 0 1 0 
0 0 0 1 1 
1 0 0 0 1 
0 0 1 0 1 
1 0 0 1 0 
0 1 0 0 1 
0 0 1 1 0 
1 0 1 0 0 
1 0 0 0 1 
0 1 0 1 0 
0 1 0 0 1 
1 0 0 1 0 
0 0 1 1 0 
0 0 0 1 1 
1 0 0 0 1 
1 0 0 0 1 
1 0 1 0 0 
1 0 0 0 1 
1 0 0 1 0 
0 1 0 0 1 
1 0 1 0 0 
0 0 0 1 1 
1 0 0 0 1 
0 1 1 0 0 
0 0 1 0 1 
0 1 0 0 1 
1 1 0 0 0 
0 0 1 0 1 
1 0 0 0 1 
0 1 0 0 1 
0 0 0 1 1 
0 0 1 0 1 
1 0 0 0 1 
0 1 0 0 1 
1 0 0 1 0 
1 0 0 0 1 
0 1 0 0 1 
0 0 1 1 0 
1 1 0 0 0 
0 0 1 0 1 
1 0 0 0 1 
0 0 1 1 0 
0 1 0 0 1 
1 0 0 0 1 
0 1 0 0 1 
1 1 0 0 0 
0 0 1 1 0 
1 0 0 0 1 
0 0 0 1 1 
0 1 0 1 0 
0 1 0 0 1 
0 1 1 0 0 
1 1 0 0 0 
0 1 1 0 0 
0 1 0 1 0 
0 1 0 1 0 
0 1 1 0 0 
1 1 0 0 0 
0 1 0 1 0 
0 1 1 0 0 
0 1 0 1 0 
0 0 0 1 1 
0 1 0 0 1 
0 1 1 0 0 
1 0 1 0 0 
0 0 1 0 1 
0 1 0 1 0 
0 1 1 0 0 
0 1 0 0 1 
1 0 0 1 0 
1 0 0 0 1 
0 0 1 0 1 
1 0 0 0 1 
1 0 0 1 0 
0 1 1 0 0 
1 1 0 0 0 
0 0 0 1 1 
0 1 1 0 0 
1 1 0 0 0 
0 0 0 1 1 
1 0 0 1 0 
0 1 1 0 0 
0 0 0 1 1 
1 0 0 1 0 
0 1 1 0 0 
0 0 0 1 1 
1 0 0 1 0 
0 0 1 1 0 
0 0 0 1 1 
1 0 0 1 0 
0 1 0 1 0 
1 0 0 1 0 
0 0 1 1 0 
0 1 0 1 0 
1 0 0 0 1 
0 0 1 1 0 
0 1 0 0 1 
0 0 1 1 0 
1 0 1 0 0 
1 0 0 1 0 
1 0 1 0 0 
1 1 0 0 0 
1 0 0 1 0 
0 0 0 1 1 
1 1 0 0 0 
1 0 0 0 1 
1 1 1 1 1 
;
TIMETABLE BEST: 
0.0 0.0 0.0 0.0 0.0 
0 14 0 0 0 
0 14 17 0 0 
0 14 17 18 0 
0 14 17 18 24 
0 26 17 18 24 
14 26 17 18 24 
14 26 17 18 24 
14 26 17 18 24 
14 26 17 18 24 
14 26 17 18 24 
14 26 17 18 24 
14 26 17 18 24 
26 26 17 18 24 
26 26 17 18 24 
26 26 17 18 24 
26 26 17 33 24 
38 26 17 33 24 
38 26 17 33 24 
38 26 17 33 24 
38 26 28 33 24 
38 26 28 33 24 
38 26 28 33 24 
38 26 28 33 24 
38 45 28 33 24 
38 45 28 33 24 
38 45 28 48 24 
38 45 28 48 24 
38 45 28 48 46 
38 45 42 48 46 
38 45 42 48 46 
38 45 42 48 46 
38 45 42 48 46 
38 45 42 48 46 
38 45 42 48 46 
38 56 42 48 46 
50 56 42 48 46 
50 56 42 48 46 
50 56 42 48 46 
50 56 42 48 60 
50 56 42 63 60 
50 56 42 63 60 
50 56 42 63 60 
50 68 42 63 60 
50 68 42 63 60 
50 68 42 63 71 
50 68 42 76 71 
50 68 42 76 71 
50 68 42 76 71 
62 68 60 76 71 
62 68 60 76 71 
62 68 60 76 71 
62 68 60 76 71 
62 68 60 76 71 
75 68 60 76 71 
75 68 60 76 71 
75 68 60 76 71 
75 80 60 76 71 
75 80 60 76 82 
75 80 60 88 82 
75 80 75 88 82 
75 80 75 88 82 
75 80 75 88 82 
75 80 75 88 82 
75 80 75 88 82 
75 80 75 88 82 
88 80 75 88 82 
88 80 75 88 82 
88 80 75 88 82 
88 80 75 88 82 
88 80 75 88 93 
88 97 75 88 93 
88 97 75 100 93 
88 97 90 100 93 
88 97 90 100 93 
88 97 90 100 93 
88 97 90 100 93 
88 97 90 100 93 
88 97 90 100 93 
88 97 90 100 93 
88 97 104 100 93 
100 97 104 100 93 
100 97 104 100 93 
100 97 104 100 93 
100 97 104 100 93 
100 97 104 100 93 
100 97 104 100 93 
100 97 104 100 104 
100 97 104 100 104 
111 97 104 100 104 
111 108 104 100 104 
111 108 104 100 104 
111 108 104 100 104 
111 108 104 112 104 
111 108 104 112 104 
111 108 104 112 104 
111 108 104 112 117 
111 108 104 112 117 
111 108 115 112 117 
111 108 115 112 117 
111 108 115 112 117 
111 108 115 112 117 
111 108 115 112 117 
111 108 115 112 117 
122 108 115 112 117 
122 119 115 112 117 
122 119 115 112 117 
122 119 115 112 117 
122 119 115 112 117 
122 119 115 124 117 
122 119 115 124 117 
122 119 115 124 117 
122 119 115 124 117 
122 119 128 124 117 
122 132 128 124 117 
122 132 128 124 117 
122 132 128 124 130 
122 132 128 124 130 
133 132 128 124 130 
133 132 128 124 130 
133 132 128 124 130 
133 132 128 136 130 
133 132 128 136 130 
146 132 128 136 130 
146 132 128 136 147 
146 132 128 136 147 
146 132 128 148 147 
146 132 128 148 147 
146 132 139 148 147 
146 132 139 148 147 
146 132 139 148 147 
146 144 139 148 147 
146 144 139 148 147 
146 144 139 148 147 
146 144 139 148 147 
146 144 139 148 147 
158 144 139 148 147 
158 155 139 148 147 
158 155 139 148 147 
158 155 157 148 147 
158 155 157 148 147 
158 155 157 148 147 
158 155 157 148 147 
158 155 157 160 147 
158 155 157 160 147 
158 155 168 160 147 
169 155 168 160 147 
169 155 168 172 147 
169 155 168 172 147 
178 155 168 172 147 
178 155 181 172 147 
178 182 181 172 147 
178 182 181 172 166 
178 182 181 172 166 
178 182 181 172 166 
178 182 181 172 166 
178 182 181 172 178 
178 182 181 172 178 
178 182 181 172 178 
178 182 181 172 178 
187 182 181 172 178 
187 182 181 172 178 
187 182 181 172 178 
187 182 181 184 178 
187 182 181 184 178 
187 182 181 184 178 
187 182 181 184 178 
187 182 181 184 178 
187 182 194 184 178 
187 196 194 184 178 
187 196 194 184 178 
187 196 194 184 196 
187 196 194 184 196 
198 196 194 184 196 
198 196 194 184 196 
198 196 194 184 207 
198 196 194 184 207 
198 196 194 196 207 
198 196 194 196 207 
198 196 194 196 207 
198 196 194 196 207 
198 196 194 196 207 
210 196 194 196 207 
210 196 211 196 207 
210 214 211 196 207 
210 214 211 196 218 
224 214 211 196 218 
224 214 211 196 218 
224 229 211 196 218 
224 229 232 196 218 
224 229 232 212 218 
224 229 232 212 218 
224 229 232 212 229 
224 229 232 212 229 
224 229 232 224 229 
224 229 232 224 229 
224 229 232 224 229 
224 229 232 224 229 
224 229 232 236 229 
224 229 232 236 229 
224 229 232 236 240 
224 229 245 236 240 
224 229 245 236 240 
224 248 245 236 240 
236 248 245 236 240 
236 248 245 236 240 
236 248 245 236 240 
248 248 245 236 240 
248 248 245 236 240 
248 248 245 236 240 
248 248 245 236 240 
248 248 245 236 240 
248 248 245 236 240 
248 248 245 236 240 
248 248 245 253 240 
248 248 245 253 251 
248 248 245 253 251 
248 248 245 253 251 
248 248 245 253 251 
248 248 245 253 251 
257 248 245 253 251 
257 248 258 253 251 
257 248 258 253 251 
257 248 258 253 262 
257 248 258 253 262 
257 248 258 253 262 
257 248 269 253 262 
268 248 269 253 262 
268 266 269 253 262 
268 266 269 253 272 
268 266 269 253 272 
268 266 269 253 272 
268 266 269 253 285 
268 266 269 274 285 
279 266 269 274 285 
279 266 269 274 285 
279 266 269 274 285 
288 266 269 274 285 
288 266 269 274 285 
288 266 269 274 285 
288 278 269 274 285 
288 278 290 274 285 
288 278 290 288 285 
288 278 290 288 285 
288 278 290 288 285 
288 290 290 288 285 
288 290 290 288 285 
297 290 290 288 285 
297 290 290 288 285 
297 290 290 288 298 
297 290 290 288 298 
297 290 290 303 298 
297 290 290 303 298 
297 306 290 303 298 
297 306 290 303 308 
297 306 306 303 308 
297 306 306 303 308 
297 306 306 303 308 
306 306 306 303 308 
306 306 306 303 308 
306 306 306 303 308 
306 306 306 303 308 
306 306 306 303 318 
306 306 317 303 318 
306 306 317 303 318 
306 306 317 303 318 
324 306 317 303 318 
324 306 317 322 318 
324 306 317 322 318 
324 306 317 322 318 
324 318 317 322 318 
324 318 317 322 318 
324 318 317 322 318 
324 318 317 322 318 
324 318 317 322 318 
324 318 317 322 318 
324 318 317 322 328 
324 318 317 322 328 
324 318 317 322 328 
324 318 328 322 328 
324 318 328 322 328 
324 318 328 322 328 
324 330 328 322 328 
324 330 328 322 328 
339 330 328 322 328 
339 330 344 322 328 
339 330 344 340 328 
339 330 344 340 328 
339 330 344 340 338 
339 330 344 340 338 
339 330 344 340 351 
339 330 344 353 351 
339 346 344 353 351 
354 346 344 353 351 
354 346 344 353 351 
354 346 344 353 351 
354 364 344 353 351 
354 364 360 353 351 
354 364 360 353 351 
354 364 360 353 351 
354 364 371 353 351 
372 364 371 353 351 
372 375 371 353 351 
372 375 371 372 351 
372 375 384 372 351 
372 375 384 372 364 
372 375 384 372 364 
372 375 384 372 364 
372 375 384 372 374 
372 375 384 372 374 
372 375 384 372 374 
372 386 384 372 374 
372 386 384 372 374 
386 386 384 372 374 
386 386 396 372 374 
386 386 396 372 374 
386 386 396 372 384 
386 386 396 372 384 
386 386 396 372 384 
386 386 407 372 384 
398 386 407 372 384 
398 386 407 404 384 
398 386 407 404 384 
398 386 407 404 405 
398 386 407 404 405 
409 386 407 404 405 
409 386 418 404 405 
409 386 418 415 405 
409 397 418 415 405 
409 397 418 415 405 
420 397 418 415 405 
420 408 418 415 405 
420 408 418 415 405 
420 418 418 415 405 
420 418 418 428 405 
420 418 418 428 416 
420 418 418 428 416 
420 418 418 428 416 
420 418 429 428 416 
420 418 429 428 416 
420 418 429 428 416 
420 431 429 428 416 
420 431 429 428 416 
432 431 429 428 416 
432 431 429 428 427 
432 431 429 428 427 
432 431 429 428 427 
432 431 429 428 427 
432 431 429 428 427 
432 431 429 428 438 
432 431 442 428 438 
444 431 442 428 438 
444 431 442 439 438 
444 431 442 439 438 
444 444 442 439 438 
444 444 442 439 449 
455 444 442 439 449 
455 454 442 439 449 
455 454 442 452 449 
455 454 442 452 449 
455 454 456 452 449 
455 454 456 452 460 
464 454 456 452 460 
464 464 456 452 460 
464 464 456 464 460 
464 464 467 464 460 
464 477 467 464 460 
482 477 467 464 471 
482 477 484 481 471 
482 477 484 481 492 
482 477 484 492 492 
497 477 484 492 492 
497 477 484 492 492 
497 477 502 492 492 
497 507 502 492 492 
512 507 502 492 492 
512 507 502 510 502 
512 507 502 510 502 
512 507 502 510 513 
558.0 578.0 520.0 570.0 614.0 
;
EXECUTION TIME HBSS: 3422.49771309 seconds 

-------------------------------------------------------------------
