DATFILE : bwopen0_4r_1000.dat
ENVIRONMENT : bwopen
ALGORITHM : HBSS - TAU 1
RANGE : 1000
STARTING_POS : 0
N_ROBOTS : 4
GREEDY SOLUTION : [ 3444.]
COMPUTATIONS D :
13800
14282
15300
14420
15456
14476
13582
16220
15210
14370
13650
15190
14532
14010
14686
15020
14922
14002
14722
14522
13578
14162
15416
14604
14614
14880
14472
15288
14664
14358
14338
15160
13634
15144
14928
13502
14766
13212
14564
13976
15276
14376
14220
15722
14428
14552
15996
14600
13782
15406
15358
14226
14108
14798
14884
14512
13586
14032
15722
13982
13584
15362
14658
14052
14692
14912
13854
15124
14428
15996
13930
15478
13400
14230
15564
15086
14132
14622
15774
14810
15186
14782
14664
13984
15512
15052
14838
13940
14920
14078
13632
13784
15136
15044
14098
14124
13720
14354
15346
15102
14700
14486
12772
14894
14960
13122
13978
14602
15034
14546
13596
15736
14764
14288
15924
14364
15672
13636
15530
13920
15216
14156
14446
14890
14388
14544
15012
15684
14138
14490
15206
14666
14166
15242
15280
14582
14276
15016
14020
14572
13990
14158
15026
13744
13830
14482
14000
14260
14116
13556
14540
14520
14350
15614
14778
14316
15234
14996
14526
15576
14808
14970
14056
15106
14498
15192
14292
12906
14992
15008
14540
14928
15036
15018
14810
15644
14674
15304
15258
14198
14244
14930
14028
15358
14808
14976
15160
15196
14708
14958
14262
13966
14554
15062
15178
14824
14612
14432
15538
15062
;
HBBS sumD : 12772
BEST_CONFIGURATIONS : 
0 0 0 0 
0 0 4 0 
2 0 5 0 
2 0 5 26 
11 9 5 26 
12 9 5 26 
12 9 5 26 
12 9 4 26 
12 9 18 26 
14 9 18 1 
14 14 18 0 
14 14 18 25 
14 14 18 26 
14 14 14 4 
9 22 14 4 
14 8 14 4 
14 22 27 4 
14 22 27 5 
14 4 5 5 
14 4 22 5 
14 8 22 5 
14 17 18 5 
14 18 18 5 
14 11 18 6 
14 11 18 6 
14 11 18 2 
14 1 18 2 
14 1 18 2 
14 10 19 2 
14 10 10 2 
9 10 10 6 
25 10 10 6 
9 10 7 6 
1 10 7 7 
2 10 7 7 
3 10 7 16 
3 10 7 12 
3 11 7 12 
3 11 7 12 
27 11 11 12 
27 11 2 12 
27 11 2 16 
25 11 2 16 
25 6 2 20 
25 24 2 20 
25 24 2 23 
25 24 12 23 
17 24 12 10 
17 24 12 15 
17 11 12 15 
17 11 12 23 
13 6 12 23 
13 6 12 23 
13 6 7 23 
17 6 7 16 
13 6 21 16 
13 12 21 16 
22 12 21 16 
22 6 21 16 
17 14 21 16 
17 14 7 23 
17 14 3 23 
17 14 21 23 
4 14 21 20 
4 14 27 23 
4 6 27 16 
4 6 27 12 
4 6 1 16 
4 6 5 7 
5 6 5 3 
5 6 8 3 
9 24 8 3 
9 24 22 3 
9 24 22 21 
27 24 22 21 
27 21 22 21 
27 21 5 11 
26 21 5 11 
26 7 5 10 
26 7 5 9 
0 7 5 9 
0 24 26 9 
14 24 26 16 
14 10 8 16 
10 10 8 20 
10 24 14 20 
10 24 18 23 
10 24 25 23 
10 15 25 23 
7 15 25 23 
7 15 14 23 
7 15 14 13 
7 15 10 13 
12 10 10 13 
12 10 24 13 
12 2 24 13 
12 3 10 13 
12 3 15 13 
16 3 15 13 
16 3 15 13 
16 2 15 13 
16 2 5 13 
16 1 5 25 
16 1 22 25 
23 1 22 25 
23 9 22 25 
12 9 22 14 
16 9 22 14 
16 9 22 14 
16 9 22 14 
16 9 26 9 
12 9 26 9 
24 9 26 4 
24 27 26 4 
24 6 0 4 
24 6 0 22 
24 6 0 8 
15 6 17 8 
15 6 18 22 
15 6 18 8 
15 24 18 8 
20 24 18 27 
20 2 18 27 
20 2 24 27 
20 2 24 27 
20 1 24 27 
20 3 24 27 
20 3 9 27 
23 3 9 1 
23 21 9 2 
16 21 26 2 
16 2 26 2 
23 2 0 2 
20 2 0 26 
20 2 0 26 
19 2 0 26 
19 3 0 26 
20 3 22 26 
20 21 22 26 
23 21 22 26 
23 21 11 1 
17 21 11 5 
17 11 11 5 
17 11 11 0 
17 11 24 8 
17 7 24 8 
22 11 24 8 
5 11 24 8 
5 11 24 8 
5 11 24 8 
17 11 24 8 
17 7 24 8 
17 21 24 15 
17 3 24 15 
17 3 6 15 
13 3 26 15 
13 3 26 15 
13 3 26 18 
8 3 4 18 
8 6 4 22 
13 6 22 22 
13 6 8 22 
13 11 8 22 
4 11 8 22 
26 11 8 22 
26 23 6 22 
26 23 6 8 
5 23 6 8 
2 23 6 3 
24 23 6 3 
24 16 7 3 
22 19 7 3 
5 19 7 3 
5 2 6 3 
5 2 21 3 
5 27 16 3 
26 27 7 3 
22 27 7 7 
22 27 11 12 
8 27 11 16 
8 27 3 12 
13 4 3 12 
17 4 3 20 
17 4 3 20 
18 8 3 20 
18 8 3 20 
8 8 3 2 
8 13 3 2 
8 13 3 1 
8 17 3 1 
13 17 3 1 
13 13 2 1 
13 25 2 1 
13 14 2 1 
17 14 2 1 
17 14 21 1 
17 14 21 1 
17 14 21 22 
25 18 21 22 
25 18 21 22 
18 18 7 22 
18 25 27 22 
26 25 27 22 
26 25 27 0 
26 15 27 0 
26 9 27 0 
27 9 27 0 
27 9 27 8 
22 24 27 8 
10 24 11 8 
10 27 11 8 
10 1 11 26 
10 27 11 0 
10 27 12 1 
15 27 12 1 
15 27 12 1 
15 25 12 1 
10 25 12 1 
10 27 2 1 
14 27 2 3 
10 27 2 21 
10 9 18 21 
19 9 18 20 
23 9 22 20 
23 5 22 20 
23 5 22 20 
16 5 22 20 
6 26 22 20 
6 4 22 23 
6 5 22 16 
6 5 14 23 
6 17 14 23 
9 17 14 16 
9 13 14 12 
3 1 14 12 
24 1 14 12 
24 1 18 12 
24 1 16 12 
24 1 18 11 
24 1 18 6 
24 1 18 21 
24 1 15 19 
24 26 15 19 
6 26 15 19 
6 27 15 19 
6 1 15 19 
6 4 15 25 
11 4 15 25 
11 4 15 9 
11 4 14 9 
20 4 14 9 
10 4 22 9 
10 4 22 10 
10 4 2 10 
10 4 2 15 
10 5 2 15 
10 26 2 10 
10 5 2 10 
10 4 2 7 
14 5 2 7 
14 20 2 12 
13 20 0 12 
4 20 0 16 
4 20 0 12 
4 19 0 23 
4 19 8 23 
4 19 8 12 
8 19 8 12 
8 15 8 7 
17 15 26 7 
17 15 22 7 
17 9 22 3 
17 18 22 3 
17 18 0 21 
6 18 0 3 
6 18 17 3 
6 18 17 20 
6 18 17 20 
11 18 17 20 
19 18 17 20 
19 19 17 11 
19 16 25 11 
19 16 19 11 
17 16 27 11 
17 20 27 15 
17 19 9 15 
17 19 9 15 
25 19 9 15 
8 19 9 15 
8 19 9 14 
8 20 13 14 
8 20 13 25 
8 19 13 13 
8 19 13 24 
8 19 18 15 
9 19 10 15 
13 23 10 15 
9 23 10 15 
8 3 10 15 
8 12 15 15 
8 16 15 24 
8 16 18 24 
8 19 18 21 
8 19 18 21 
8 25 18 21 
4 25 18 21 
4 25 10 21 
4 25 20 7 
0 25 20 16 
0 17 20 12 
0 17 4 3 
27 17 4 3 
27 13 4 3 
9 13 4 3 
9 13 0 2 
1 22 0 2 
1 22 0 2 
1 5 0 2 
1 4 0 2 
1 0 0 7 
3 0 0 7 
21 4 0 7 
21 26 0 7 
27 5 0 7 
27 5 0 21 
27 1 0 21 
27 1 0 24 
27 1 1 2 
27 6 27 2 
27 21 9 2 
27 21 14 2 
27 7 14 2 
27 7 14 2 
27 7 18 2 
24 7 18 6 
24 7 19 6 
10 7 19 6 
10 7 19 21 
10 16 19 21 
15 16 23 21 
15 11 23 21 
15 11 16 21 
25 11 16 3 
25 11 16 2 
9 11 16 2 
9 10 23 2 
9 10 23 2 
9 10 23 27 
9 6 23 5 
9 6 12 9 
4 6 12 9 
4 8 7 9 
8 8 6 9 
4 8 6 9 
4 8 24 1 
4 0 11 1 
3 0 11 1 
3 0 3 26 
3 0 3 10 
3 8 1 10 
21 8 1 10 
21 8 1 17 
21 17 1 17 
7 17 1 13 
7 9 1 13 
2 9 26 13 
2 9 5 25 
2 9 5 17 
2 9 12 19 
3 27 12 19 
3 1 12 15 
3 0 19 15 
3 18 19 10 
10 18 13 10 
10 23 13 16 
4 23 13 19 
0 23 18 19 
0 24 18 13 
0 24 25 17 
0 0 0 0 
;
ROBOT MOVING BEST:
0 0 0 0 
0 1 1 0 
1 0 1 0 
0 1 0 1 
1 1 0 0 
1 0 1 0 
0 0 1 1 
0 0 1 1 
0 0 1 1 
1 0 0 1 
0 1 0 1 
1 0 0 1 
0 1 0 1 
0 0 1 1 
1 1 0 0 
1 1 0 0 
0 1 1 0 
0 1 0 1 
0 1 1 0 
0 1 1 0 
0 1 1 0 
0 1 1 0 
0 1 0 1 
0 1 0 1 
1 0 0 1 
1 0 0 1 
0 1 1 0 
1 0 1 0 
0 1 1 0 
1 0 1 0 
1 0 0 1 
1 0 0 1 
1 0 1 0 
1 0 0 1 
1 0 0 1 
1 0 0 1 
0 0 1 1 
0 1 1 0 
1 0 1 0 
1 0 1 0 
0 0 1 1 
0 1 0 1 
1 0 1 0 
0 1 0 1 
0 1 0 1 
0 0 1 1 
0 0 1 1 
1 0 0 1 
0 1 0 1 
0 1 0 1 
0 1 0 1 
1 1 0 0 
0 1 1 0 
0 1 1 0 
1 0 0 1 
1 0 1 0 
0 1 1 0 
1 1 0 0 
0 1 1 0 
1 1 0 0 
0 0 1 1 
0 0 1 1 
0 0 1 1 
1 0 0 1 
0 0 1 1 
0 1 0 1 
0 0 1 1 
0 0 1 1 
0 0 1 1 
1 0 0 1 
1 0 1 0 
1 1 0 0 
0 0 1 1 
0 1 0 1 
1 0 0 1 
0 1 1 0 
0 0 1 1 
1 0 0 1 
0 1 0 1 
0 0 1 1 
1 0 1 0 
0 1 1 0 
1 0 0 1 
0 1 1 0 
1 0 0 1 
0 1 1 0 
0 0 1 1 
0 1 1 0 
0 1 1 0 
1 0 1 0 
0 1 1 0 
0 1 0 1 
0 1 1 0 
1 1 0 0 
0 1 1 0 
0 1 1 0 
0 1 1 0 
0 1 1 0 
1 0 0 1 
1 0 1 0 
0 1 1 0 
0 0 1 1 
0 1 0 1 
0 0 1 1 
1 0 0 1 
0 1 0 1 
1 0 0 1 
1 0 1 0 
0 0 1 1 
0 1 0 1 
0 0 1 1 
1 0 1 0 
1 0 0 1 
0 1 1 0 
0 1 1 0 
0 0 1 1 
0 0 1 1 
1 0 1 0 
0 0 1 1 
1 0 0 1 
0 1 1 0 
1 0 0 1 
0 1 1 0 
0 0 1 1 
1 1 0 0 
1 1 0 0 
1 1 0 0 
1 0 1 0 
1 0 0 1 
0 1 0 1 
1 0 1 0 
1 1 0 0 
1 0 1 0 
1 0 0 1 
1 0 1 0 
1 1 0 0 
1 1 0 0 
1 0 1 0 
1 1 0 0 
1 0 0 1 
0 0 1 1 
1 0 0 1 
1 1 0 0 
1 0 0 1 
0 0 1 1 
1 1 0 0 
1 1 0 0 
1 0 1 0 
0 1 1 0 
0 1 0 1 
1 0 1 0 
0 1 1 0 
0 1 0 1 
0 1 1 0 
0 0 1 1 
1 0 1 0 
0 0 1 1 
1 0 0 1 
1 0 1 0 
0 1 0 1 
1 0 1 0 
1 0 1 0 
1 1 0 0 
1 1 0 0 
1 0 0 1 
0 1 1 0 
1 0 0 1 
1 1 0 0 
1 0 0 1 
1 1 0 0 
0 1 1 0 
1 1 0 0 
1 1 0 0 
0 1 1 0 
0 0 1 1 
0 1 1 0 
1 0 1 0 
1 0 0 1 
0 0 1 1 
1 0 0 1 
0 0 1 1 
1 1 0 0 
1 0 0 1 
1 1 0 0 
1 1 0 0 
0 1 0 1 
1 0 0 1 
0 1 1 0 
0 1 0 1 
0 1 1 0 
1 1 0 0 
0 1 1 0 
1 1 0 0 
1 1 0 0 
1 0 1 0 
0 1 1 0 
1 0 0 1 
1 0 0 1 
1 1 0 0 
1 0 1 0 
1 0 1 0 
0 1 1 0 
1 1 0 0 
0 1 0 1 
0 1 0 1 
0 1 0 1 
1 1 0 0 
0 1 0 1 
1 1 0 0 
1 0 1 0 
0 1 0 1 
0 1 0 1 
0 1 0 1 
0 0 1 1 
1 1 0 0 
0 1 0 1 
0 1 1 0 
1 0 0 1 
0 1 1 0 
1 0 0 1 
1 0 0 1 
0 1 1 0 
1 0 0 1 
1 0 1 0 
0 1 0 1 
1 0 0 1 
1 0 0 1 
1 1 0 0 
0 1 0 1 
0 1 0 1 
0 0 1 1 
0 1 0 1 
1 0 0 1 
0 1 0 1 
1 1 0 0 
1 0 0 1 
0 0 1 1 
0 0 1 1 
0 0 1 1 
0 1 0 1 
0 1 0 1 
0 0 1 1 
0 1 0 1 
1 0 0 1 
0 1 0 1 
0 1 0 1 
0 1 0 1 
1 0 0 1 
0 0 1 1 
1 0 1 0 
1 0 1 0 
1 0 1 0 
0 1 0 1 
0 1 1 0 
0 1 0 1 
0 1 0 1 
0 1 0 1 
0 1 0 1 
0 1 0 1 
1 1 0 0 
0 1 0 1 
1 0 1 0 
1 0 0 1 
0 0 1 1 
0 1 0 1 
0 0 1 1 
1 0 0 1 
1 0 0 1 
0 1 0 1 
1 0 1 0 
0 1 1 0 
0 1 0 1 
0 1 0 1 
0 0 1 1 
1 0 0 1 
1 0 1 0 
0 1 0 1 
1 1 0 0 
1 0 0 1 
1 1 0 0 
0 1 0 1 
0 1 1 0 
0 1 1 0 
1 0 1 0 
0 1 0 1 
0 1 1 0 
1 1 0 0 
1 1 0 0 
1 1 0 0 
0 1 0 1 
0 1 1 0 
0 1 0 1 
0 1 0 1 
0 1 0 1 
0 0 1 1 
1 0 1 0 
1 1 0 0 
1 1 0 0 
1 1 0 0 
0 1 1 0 
0 1 0 1 
0 1 1 0 
0 1 0 1 
0 0 1 1 
1 1 0 0 
1 0 1 0 
0 1 1 0 
0 0 1 1 
1 0 0 1 
0 1 0 1 
0 0 1 1 
1 0 1 0 
1 1 0 0 
1 1 0 0 
0 0 1 1 
1 1 0 0 
0 1 0 1 
1 1 0 0 
1 1 0 0 
0 1 0 1 
1 1 0 0 
1 1 0 0 
1 1 0 0 
1 1 0 0 
0 1 0 1 
0 1 1 0 
0 0 1 1 
0 0 1 1 
0 1 1 0 
0 1 1 0 
1 0 1 0 
1 1 0 0 
0 1 1 0 
1 0 1 0 
1 0 0 1 
0 1 1 0 
1 0 0 1 
0 1 0 1 
1 1 0 0 
1 0 1 0 
0 1 0 1 
0 0 1 1 
1 0 0 1 
0 1 0 1 
1 0 0 1 
0 1 1 0 
0 1 0 1 
0 1 0 1 
0 1 0 1 
0 0 1 1 
1 1 0 0 
0 1 1 0 
1 0 1 0 
1 0 0 1 
0 0 1 1 
0 1 1 0 
1 0 1 0 
0 0 1 1 
0 1 0 1 
0 1 1 0 
1 1 0 0 
0 1 0 1 
1 1 0 0 
1 0 0 1 
0 1 1 0 
1 0 1 0 
0 0 1 1 
0 1 0 1 
0 0 1 1 
1 1 0 0 
0 1 0 1 
0 1 1 0 
0 1 0 1 
1 0 1 0 
0 1 0 1 
1 0 0 1 
1 0 1 0 
0 1 0 1 
0 0 1 1 
0 1 1 1 
;
TIMETABLE BEST: 
0.0 0.0 0.0 0.0 
0 0 14 0 
36 0 28 0 
36 0 28 17 
71 46 28 17 
98 46 28 17 
98 46 28 17 
98 46 42 17 
98 46 95 17 
150 46 95 36 
150 62 95 54 
150 62 95 106 
150 62 95 149 
150 62 106 160 
166 94 106 160 
182 106 106 160 
182 118 137 160 
182 118 137 174 
182 130 158 174 
182 130 170 174 
182 144 170 174 
182 168 211 174 
182 185 211 174 
182 233 211 222 
182 233 211 222 
182 233 211 240 
182 286 211 240 
182 286 211 240 
182 328 231 240 
182 328 262 240 
198 328 262 258 
230 328 262 258 
262 328 306 258 
290 328 306 278 
310 328 306 278 
332 328 306 305 
332 328 306 316 
332 349 306 316 
332 349 306 316 
371 349 331 316 
371 349 366 316 
371 349 366 327 
418 349 366 327 
418 366 366 348 
418 379 366 348 
418 379 366 358 
418 379 422 358 
430 379 422 404 
430 379 422 415 
430 397 422 415 
430 397 422 456 
441 414 422 456 
441 414 422 456 
441 414 440 456 
452 414 440 467 
463 414 452 467 
463 452 452 467 
482 452 452 467 
482 490 452 467 
512 534 452 467 
512 534 464 478 
512 534 480 478 
512 534 492 478 
550 534 492 488 
550 534 535 498 
550 578 535 509 
550 578 535 520 
550 578 550 531 
550 578 568 558 
564 578 568 574 
564 578 592 574 
586 591 592 574 
586 591 604 574 
586 591 604 586 
601 591 604 586 
601 616 604 586 
601 616 616 605 
623 616 616 605 
623 628 616 626 
623 628 616 640 
640 628 616 640 
640 659 625 640 
694 659 625 695 
694 672 648 695 
712 672 648 716 
712 685 678 716 
712 685 689 726 
712 685 702 726 
712 709 702 726 
756 709 702 726 
756 709 718 726 
756 709 718 795 
756 709 736 795 
774 720 736 795 
774 720 749 795 
774 752 749 795 
774 774 762 795 
774 774 773 795 
785 774 773 795 
785 774 773 795 
785 796 773 795 
785 796 816 795 
785 816 816 808 
785 816 828 808 
796 816 828 808 
796 844 828 808 
818 844 828 824 
829 844 828 824 
829 844 828 824 
829 844 828 824 
829 844 839 840 
840 844 839 840 
885 844 839 876 
885 859 839 876 
885 894 856 876 
885 894 856 888 
885 894 856 900 
909 894 906 900 
909 894 923 912 
909 894 923 924 
909 907 923 924 
940 907 923 967 
940 926 923 967 
940 926 965 967 
940 926 965 967 
940 946 965 967 
940 986 965 967 
940 986 980 967 
950 986 980 982 
950 998 980 1002 
961 998 1011 1002 
961 1024 1011 1002 
972 1024 1028 1002 
982 1024 1028 1041 
982 1024 1028 1041 
995 1024 1028 1041 
995 1046 1028 1041 
1008 1046 1052 1041 
1008 1058 1052 1041 
1018 1058 1052 1041 
1018 1058 1101 1060 
1076 1058 1101 1078 
1076 1077 1101 1078 
1076 1077 1101 1102 
1076 1077 1119 1128 
1076 1102 1119 1128 
1106 1127 1119 1128 
1118 1127 1119 1128 
1118 1127 1119 1128 
1118 1127 1119 1128 
1158 1127 1119 1128 
1158 1152 1119 1128 
1158 1164 1119 1171 
1158 1176 1119 1171 
1158 1176 1132 1171 
1169 1176 1187 1171 
1169 1176 1187 1171 
1169 1176 1187 1189 
1182 1176 1198 1189 
1182 1200 1198 1230 
1195 1200 1210 1230 
1195 1200 1222 1230 
1195 1217 1222 1230 
1222 1217 1222 1230 
1233 1217 1222 1230 
1233 1252 1280 1230 
1233 1252 1280 1242 
1242 1252 1280 1242 
1280 1252 1280 1324 
1299 1252 1280 1324 
1299 1263 1300 1324 
1336 1297 1300 1324 
1348 1297 1300 1324 
1348 1354 1320 1324 
1348 1354 1332 1324 
1348 1373 1371 1324 
1357 1373 1398 1324 
1368 1373 1398 1340 
1368 1373 1423 1358 
1380 1373 1423 1369 
1380 1373 1454 1380 
1393 1406 1454 1380 
1404 1406 1454 1412 
1404 1406 1454 1412 
1421 1420 1454 1412 
1421 1420 1454 1412 
1460 1420 1454 1474 
1460 1433 1454 1474 
1460 1433 1454 1494 
1460 1444 1454 1494 
1473 1444 1454 1494 
1473 1455 1476 1494 
1473 1468 1476 1494 
1473 1484 1476 1494 
1484 1484 1476 1494 
1484 1484 1502 1494 
1484 1484 1502 1494 
1484 1484 1502 1524 
1496 1495 1502 1524 
1496 1495 1502 1524 
1509 1495 1514 1524 
1509 1508 1569 1524 
1557 1508 1569 1524 
1557 1508 1569 1548 
1557 1531 1569 1548 
1557 1552 1569 1548 
1579 1552 1569 1548 
1579 1552 1569 1574 
1610 1567 1569 1574 
1648 1567 1607 1574 
1648 1593 1607 1574 
1648 1608 1607 1597 
1648 1623 1607 1614 
1648 1623 1634 1632 
1659 1623 1634 1632 
1659 1623 1634 1632 
1659 1670 1634 1632 
1670 1670 1634 1632 
1670 1717 1690 1632 
1688 1717 1690 1672 
1706 1717 1690 1684 
1706 1732 1751 1684 
1737 1732 1751 1738 
1760 1732 1792 1738 
1760 1754 1792 1738 
1760 1754 1792 1738 
1771 1754 1792 1738 
1818 1763 1792 1738 
1818 1774 1792 1748 
1818 1788 1792 1759 
1818 1788 1824 1770 
1818 1828 1824 1770 
1846 1828 1824 1781 
1846 1839 1824 1792 
1898 1888 1824 1792 
1935 1888 1824 1792 
1935 1888 1835 1792 
1935 1888 1887 1792 
1935 1888 1939 1819 
1935 1888 1939 1836 
1935 1888 1939 1848 
1935 1888 1957 1897 
1935 1907 1957 1897 
1948 1907 1957 1897 
1948 1929 1957 1897 
1948 1944 1957 1897 
1948 1974 1957 1930 
1965 1974 1957 1930 
1965 1974 1957 1962 
1965 1974 1970 1962 
2000 1974 1970 1962 
2036 1974 2002 1962 
2036 1974 2002 1976 
2036 1974 2052 1976 
2036 1974 2052 1987 
2036 1988 2052 1987 
2036 1997 2052 1998 
2036 2006 2052 1998 
2036 2020 2052 2042 
2054 2034 2052 2042 
2054 2106 2052 2060 
2079 2106 2088 2060 
2106 2106 2088 2071 
2106 2106 2088 2082 
2106 2119 2088 2104 
2106 2119 2114 2104 
2106 2119 2114 2126 
2120 2119 2114 2126 
2120 2143 2114 2144 
2144 2143 2137 2144 
2144 2143 2148 2144 
2144 2164 2148 2160 
2144 2191 2148 2160 
2144 2191 2172 2172 
2216 2191 2172 2184 
2216 2191 2222 2184 
2216 2191 2222 2246 
2216 2191 2222 2246 
2233 2191 2222 2246 
2263 2191 2222 2246 
2263 2211 2222 2281 
2263 2245 2234 2281 
2263 2245 2267 2281 
2298 2245 2317 2281 
2298 2266 2317 2311 
2298 2279 2332 2311 
2298 2279 2332 2311 
2310 2279 2332 2311 
2336 2279 2332 2311 
2336 2279 2332 2324 
2336 2292 2367 2324 
2336 2292 2367 2340 
2336 2305 2367 2353 
2336 2305 2367 2403 
2336 2305 2393 2427 
2368 2305 2422 2427 
2403 2328 2422 2427 
2438 2328 2422 2427 
2470 2380 2422 2427 
2470 2414 2433 2427 
2470 2425 2433 2451 
2470 2425 2451 2451 
2470 2459 2451 2476 
2470 2459 2451 2476 
2470 2492 2451 2476 
2484 2492 2451 2476 
2484 2492 2480 2476 
2484 2492 2516 2488 
2498 2492 2516 2515 
2498 2504 2516 2526 
2498 2504 2602 2560 
2531 2504 2602 2560 
2531 2515 2602 2560 
2546 2515 2602 2560 
2546 2515 2616 2582 
2574 2534 2616 2582 
2574 2534 2616 2582 
2574 2546 2616 2582 
2574 2560 2616 2582 
2574 2574 2616 2620 
2614 2574 2616 2620 
2626 2588 2616 2620 
2626 2599 2616 2620 
2669 2608 2616 2620 
2669 2608 2616 2632 
2669 2626 2616 2632 
2669 2626 2616 2657 
2669 2626 2634 2676 
2669 2662 2649 2676 
2669 2674 2664 2676 
2669 2674 2680 2676 
2669 2686 2680 2676 
2669 2686 2680 2676 
2669 2686 2691 2676 
2695 2686 2691 2694 
2695 2686 2711 2694 
2708 2686 2711 2694 
2708 2686 2711 2706 
2708 2713 2711 2706 
2719 2713 2734 2706 
2719 2743 2734 2706 
2719 2743 2745 2706 
2742 2743 2745 2718 
2742 2743 2745 2740 
2774 2743 2745 2740 
2774 2764 2756 2740 
2774 2764 2756 2740 
2774 2764 2756 2759 
2774 2790 2756 2780 
2774 2790 2778 2802 
2810 2790 2778 2802 
2810 2848 2796 2802 
2824 2848 2816 2802 
2838 2848 2816 2802 
2838 2848 2829 2830 
2838 2874 2847 2830 
2908 2874 2847 2830 
2908 2874 2878 2849 
2908 2874 2878 2894 
2908 2900 2918 2894 
2920 2900 2918 2894 
2920 2900 2918 2940 
2920 2924 2918 2940 
2932 2924 2918 2951 
2932 2968 2918 2951 
2970 2968 2937 2951 
2970 2968 2946 2964 
2970 2968 2946 2976 
2970 2968 3020 3011 
2992 2983 3020 3011 
2992 2998 3020 3035 
2992 3016 3065 3035 
2992 3079 3065 3046 
3042 3079 3111 3046 
3042 3122 3111 3093 
3092 3122 3111 3127 
3106 3122 3137 3127 
3106 3175 3137 3173 
3106 3175 3150 3184 
3106.0 3230.0 3202.0 3234.0 
;
EXECUTION TIME HBSS: 2087.32539606 seconds 

-------------------------------------------------------------------
