DATFILE : bwopen0_2r_1000.dat
ENVIRONMENT : bwopen
ALGORITHM : HBSS - TAU 3
RANGE : 1000
STARTING_POS : 0
N_ROBOTS : 2
GREEDY SOLUTION : [ 5074.]
COMPUTATIONS D :
5800
5754
5562
5790
5588
5470
5374
5422
5762
5676
5652
5858
5608
5834
5310
5794
5868
5492
5674
5822
5500
5722
5748
5660
5686
5710
5820
5606
5354
5580
5788
5628
5474
5656
5608
5680
5840
5716
5722
5596
5744
5672
5806
5748
5616
5960
5876
5668
5626
5806
5868
5668
5542
5654
5900
5614
5694
5670
5580
5672
5510
5530
5766
5756
5602
5378
5616
5570
5656
5920
5622
5762
5792
5766
5630
5514
5326
5680
5804
5636
5698
5636
5738
5708
5452
5690
5472
5722
5676
5866
5612
5582
5704
5582
5916
6000
5682
5558
5796
5628
5648
5782
5616
5728
5752
5804
5846
5818
5618
5702
5720
5552
5514
5722
5802
5894
5660
5618
5646
5718
5574
5626
5538
5496
5906
5726
5592
5646
5638
5582
5670
5686
5556
5616
5752
5622
5404
5662
5428
5792
5692
5902
5586
5662
5666
5638
6006
5554
5764
5658
5762
5758
5766
5838
5654
5628
5686
5844
5740
5706
5610
5702
5692
5714
5696
5920
5722
5850
5774
5646
5752
6120
5794
5714
5836
5900
5628
5776
5722
5868
5856
5626
5572
5778
5776
5632
5650
5770
5676
5644
5644
5566
5528
5798
5714
5870
5678
5674
5942
5754
;
HBBS sumD : 5310
BEST_CONFIGURATIONS : 
0 0 
0 4 
0 22 
0 26 
0 5 
4 5 
4 26 
4 22 
26 22 
26 5 
22 5 
22 1 
26 1 
5 1 
4 1 
0 1 
0 27 
4 27 
26 27 
5 27 
22 27 
22 9 
4 9 
26 9 
5 9 
5 10 
26 10 
4 10 
4 15 
22 15 
22 10 
8 10 
8 15 
8 14 
8 18 
22 18 
22 14 
26 14 
5 14 
4 14 
4 18 
26 18 
0 18 
0 14 
0 15 
0 10 
0 24 
4 24 
26 24 
5 24 
5 6 
26 6 
4 6 
22 6 
8 6 
8 21 
8 3 
13 3 
17 3 
17 21 
13 21 
13 6 
25 6 
17 6 
17 24 
13 24 
13 10 
17 10 
17 15 
13 15 
13 14 
13 18 
17 18 
17 14 
25 14 
25 18 
14 18 
15 18 
10 18 
10 14 
15 14 
15 9 
10 9 
24 9 
6 9 
21 9 
7 9 
7 14 
7 18 
21 18 
21 14 
3 14 
3 15 
3 10 
21 10 
21 15 
7 15 
7 10 
6 10 
6 15 
6 14 
6 18 
24 18 
24 14 
24 15 
24 10 
11 10 
11 15 
11 14 
11 18 
11 25 
11 17 
11 13 
11 22 
11 26 
11 5 
11 4 
11 0 
6 0 
21 0 
3 0 
3 4 
3 26 
3 5 
3 22 
21 22 
21 26 
21 5 
21 4 
7 4 
7 26 
7 5 
7 22 
7 8 
7 13 
7 17 
7 25 
21 25 
3 25 
3 18 
3 19 
21 19 
6 19 
6 20 
6 23 
6 16 
6 12 
21 12 
21 16 
21 23 
21 20 
3 20 
3 23 
3 16 
2 16 
2 12 
27 12 
27 16 
27 23 
27 20 
27 19 
1 19 
5 19 
22 19 
26 19 
4 19 
4 20 
4 23 
4 16 
4 12 
26 12 
5 12 
5 16 
26 23 
5 23 
5 20 
26 20 
22 20 
22 23 
22 16 
26 16 
0 16 
0 12 
0 7 
1 7 
1 21 
1 3 
27 3 
27 21 
27 6 
27 24 
27 10 
27 15 
27 14 
27 18 
27 25 
27 17 
27 13 
27 8 
1 8 
1 13 
1 17 
1 25 
1 18 
1 15 
1 10 
1 24 
1 6 
1 11 
27 11 
9 11 
24 11 
6 11 
2 11 
2 6 
2 21 
2 3 
2 7 
6 7 
6 21 
6 3 
21 3 
7 3 
7 21 
7 11 
21 11 
3 11 
3 9 
3 24 
21 24 
6 24 
2 24 
2 10 
2 15 
2 9 
2 27 
2 1 
2 0 
2 26 
2 5 
2 22 
2 4 
2 8 
2 13 
2 17 
2 25 
2 18 
1 14 
9 14 
10 15 
10 25 
15 25 
9 25 
9 17 
9 13 
9 8 
24 8 
24 22 
11 8 
16 8 
12 8 
12 22 
12 13 
12 17 
16 17 
16 13 
23 13 
20 13 
20 17 
23 17 
23 25 
20 25 
20 18 
23 18 
23 14 
20 14 
19 14 
19 18 
19 25 
19 17 
19 13 
19 8 
20 8 
23 8 
23 0 
20 1 
23 1 
16 1 
12 1 
12 9 
16 9 
16 10 
12 10 
12 15 
16 15 
23 15 
20 15 
20 10 
19 10 
19 15 
19 9 
20 9 
23 9 
23 10 
23 11 
20 11 
19 11 
19 24 
20 24 
23 24 
16 24 
12 24 
7 24 
7 27 
9 27 
9 1 
27 1 
9 0 
8 0 
13 0 
17 0 
25 0 
25 4 
25 26 
17 26 
17 5 
25 5 
25 22 
25 8 
17 8 
13 8 
13 22 
13 26 
13 5 
13 4 
17 4 
17 22 
17 13 
25 13 
25 17 
9 18 
5 18 
5 15 
26 15 
0 19 
0 20 
2 19 
2 20 
2 23 
3 12 
7 12 
7 16 
7 23 
7 20 
7 19 
12 19 
16 19 
23 19 
20 19 
20 23 
20 16 
23 16 
23 12 
20 12 
16 12 
16 11 
12 11 
12 14 
12 18 
12 25 
16 25 
16 18 
16 14 
24 25 
2 14 
5 8 
26 8 
4 8 
22 8 
0 0 
;
ROBOT MOVING BEST:
0 0 
1 1 
1 1 
1 1 
1 1 
1 1 
1 1 
1 1 
1 1 
1 1 
1 1 
1 1 
1 1 
1 1 
1 1 
1 1 
1 1 
1 1 
1 1 
1 1 
1 1 
1 1 
1 1 
1 1 
1 1 
1 1 
1 1 
1 1 
1 1 
1 1 
1 1 
1 1 
1 1 
1 1 
1 1 
1 1 
1 1 
1 1 
1 1 
1 1 
1 1 
1 1 
1 1 
1 1 
1 1 
1 1 
1 1 
1 1 
1 1 
1 1 
1 1 
1 1 
1 1 
1 1 
1 1 
1 1 
1 1 
1 1 
1 1 
1 1 
1 1 
1 1 
1 1 
1 1 
1 1 
1 1 
1 1 
1 1 
1 1 
1 1 
1 1 
1 1 
1 1 
1 1 
1 1 
1 1 
1 1 
1 1 
1 1 
1 1 
1 1 
1 1 
1 1 
1 1 
1 1 
1 1 
1 1 
1 1 
1 1 
1 1 
1 1 
1 1 
1 1 
1 1 
1 1 
1 1 
1 1 
1 1 
1 1 
1 1 
1 1 
1 1 
1 1 
1 1 
1 1 
1 1 
1 1 
1 1 
1 1 
1 1 
1 1 
1 1 
1 1 
1 1 
1 1 
1 1 
1 1 
1 1 
1 1 
1 1 
1 1 
1 1 
1 1 
1 1 
1 1 
1 1 
1 1 
1 1 
1 1 
1 1 
1 1 
1 1 
1 1 
1 1 
1 1 
1 1 
1 1 
1 1 
1 1 
1 1 
1 1 
1 1 
1 1 
1 1 
1 1 
1 1 
1 1 
1 1 
1 1 
1 1 
1 1 
1 1 
1 1 
1 1 
1 1 
1 1 
1 1 
1 1 
1 1 
1 1 
1 1 
1 1 
1 1 
1 1 
1 1 
1 1 
1 1 
1 1 
1 1 
1 1 
1 1 
1 1 
1 1 
1 1 
1 1 
1 1 
1 1 
1 1 
1 1 
1 1 
1 1 
1 1 
1 1 
1 1 
1 1 
1 1 
1 1 
1 1 
1 1 
1 1 
1 1 
1 1 
1 1 
1 1 
1 1 
1 1 
1 1 
1 1 
1 1 
1 1 
1 1 
1 1 
1 1 
1 1 
1 1 
1 1 
1 1 
1 1 
1 1 
1 1 
1 1 
1 1 
1 1 
1 1 
1 1 
1 1 
1 1 
1 1 
1 1 
1 1 
1 1 
1 1 
1 1 
1 1 
1 1 
1 1 
1 1 
1 1 
1 1 
1 1 
1 1 
1 1 
1 1 
1 1 
1 1 
1 1 
1 1 
1 1 
1 1 
1 1 
1 1 
1 1 
1 1 
1 1 
1 1 
1 1 
1 1 
1 1 
1 1 
1 1 
1 1 
1 1 
1 1 
1 1 
1 1 
1 1 
1 1 
1 1 
1 1 
1 1 
1 1 
1 1 
1 1 
1 1 
1 1 
1 1 
1 1 
1 1 
1 1 
1 1 
1 1 
1 1 
1 1 
1 1 
1 1 
1 1 
1 1 
1 1 
1 1 
1 1 
1 1 
1 1 
1 1 
1 1 
1 1 
1 1 
1 1 
1 1 
1 1 
1 1 
1 1 
1 1 
1 1 
1 1 
1 1 
1 1 
1 1 
1 1 
1 1 
1 1 
1 1 
1 1 
1 1 
1 1 
1 1 
1 1 
1 1 
1 1 
1 1 
1 1 
1 1 
1 1 
1 1 
1 1 
1 1 
1 1 
1 1 
1 1 
1 1 
1 1 
1 1 
1 1 
1 1 
1 1 
1 1 
1 1 
1 1 
1 1 
1 1 
1 1 
1 1 
1 1 
1 1 
1 1 
1 1 
1 1 
1 1 
1 1 
1 1 
1 1 
1 1 
1 1 
1 1 
1 1 
1 1 
1 1 
1 1 
1 1 
1 1 
1 1 
1 1 
1 1 
1 1 
1 1 
1 1 
1 1 
1 1 
1 1 
1 1 
1 1 
1 1 
1 1 
1 1 
1 1 
1 1 
1 1 
1 1 
1 1 
1 1 
1 1 
1 1 
1 1 
1 1 
1 1 
1 1 
1 1 
1 1 
1 1 
1 1 
1 1 
;
TIMETABLE BEST: 
0.0 0.0 
0 14 
0 26 
0 37 
0 46 
14 46 
14 55 
14 66 
25 66 
25 78 
36 78 
36 96 
47 96 
56 96 
70 96 
84 96 
84 111 
98 111 
109 111 
118 111 
130 111 
130 126 
142 126 
153 126 
162 126 
162 140 
171 140 
182 140 
182 151 
194 151 
194 162 
206 162 
206 173 
206 186 
206 197 
218 197 
218 208 
229 208 
238 208 
252 208 
252 219 
263 219 
280 219 
280 230 
280 243 
280 254 
280 267 
294 267 
305 267 
314 267 
314 280 
323 280 
334 280 
346 280 
358 280 
358 292 
358 304 
371 304 
382 304 
382 316 
393 316 
393 328 
406 328 
418 328 
418 341 
429 341 
429 354 
440 354 
440 365 
451 365 
451 378 
451 389 
462 389 
462 400 
474 400 
474 411 
490 411 
503 411 
514 411 
514 422 
525 422 
525 438 
536 438 
549 438 
562 438 
574 438 
586 438 
586 454 
586 465 
598 465 
598 476 
610 476 
610 489 
610 500 
622 500 
622 511 
634 511 
634 522 
654 522 
654 533 
654 546 
654 557 
667 557 
667 568 
667 581 
667 592 
685 592 
685 603 
685 616 
685 627 
685 640 
685 652 
685 663 
685 682 
685 693 
685 702 
685 716 
685 730 
702 730 
714 730 
726 730 
726 744 
726 755 
726 764 
726 776 
738 776 
738 787 
738 796 
738 810 
750 810 
750 821 
750 830 
750 842 
750 854 
750 867 
750 878 
750 890 
762 890 
774 890 
774 903 
774 923 
786 923 
798 923 
798 936 
798 946 
798 957 
798 968 
810 968 
810 979 
810 990 
810 1000 
822 1000 
822 1010 
822 1021 
844 1021 
844 1032 
863 1032 
863 1043 
863 1054 
863 1064 
863 1077 
878 1077 
896 1077 
908 1077 
919 1077 
930 1077 
930 1090 
930 1100 
930 1111 
930 1122 
941 1122 
950 1122 
950 1133 
959 1144 
968 1144 
968 1154 
977 1154 
988 1154 
988 1164 
988 1175 
999 1175 
1016 1175 
1016 1186 
1016 1204 
1034 1204 
1034 1216 
1034 1228 
1049 1228 
1049 1240 
1049 1252 
1049 1265 
1049 1278 
1049 1289 
1049 1302 
1049 1313 
1049 1326 
1049 1338 
1049 1349 
1049 1362 
1064 1362 
1064 1375 
1064 1386 
1064 1398 
1064 1411 
1064 1429 
1064 1440 
1064 1453 
1064 1466 
1064 1483 
1079 1483 
1094 1483 
1109 1483 
1122 1483 
1140 1483 
1140 1500 
1140 1512 
1140 1524 
1140 1540 
1158 1540 
1158 1552 
1158 1564 
1170 1564 
1182 1564 
1182 1576 
1182 1595 
1194 1595 
1206 1595 
1206 1620 
1206 1635 
1218 1635 
1230 1635 
1248 1635 
1248 1648 
1248 1659 
1248 1680 
1248 1695 
1248 1710 
1248 1728 
1248 1745 
1248 1754 
1248 1766 
1248 1778 
1248 1792 
1248 1805 
1248 1816 
1248 1828 
1248 1841 
1268 1852 
1296 1852 
1310 1865 
1310 1888 
1321 1888 
1342 1888 
1342 1900 
1342 1911 
1342 1924 
1357 1924 
1357 1936 
1375 1948 
1405 1948 
1416 1948 
1416 1960 
1416 1979 
1416 1990 
1427 1990 
1427 2001 
1438 2001 
1448 2001 
1448 2012 
1458 2012 
1458 2024 
1468 2024 
1468 2037 
1478 2037 
1478 2048 
1488 2048 
1501 2048 
1501 2059 
1501 2072 
1501 2084 
1501 2095 
1501 2108 
1514 2108 
1524 2108 
1524 2134 
1534 2152 
1544 2152 
1555 2152 
1566 2152 
1566 2180 
1577 2180 
1577 2194 
1588 2194 
1588 2205 
1599 2205 
1610 2205 
1620 2205 
1620 2216 
1633 2216 
1633 2227 
1633 2248 
1646 2248 
1656 2248 
1656 2262 
1656 2283 
1666 2283 
1679 2283 
1679 2301 
1692 2301 
1702 2301 
1713 2301 
1724 2301 
1742 2301 
1742 2327 
1788 2327 
1788 2342 
1803 2342 
1818 2360 
1850 2360 
1863 2360 
1874 2360 
1886 2360 
1886 2374 
1886 2385 
1898 2385 
1898 2394 
1910 2394 
1910 2406 
1910 2418 
1922 2418 
1933 2418 
1933 2430 
1933 2441 
1933 2450 
1933 2464 
1944 2464 
1944 2476 
1944 2495 
1956 2495 
1956 2506 
1988 2523 
2010 2523 
2010 2541 
2019 2541 
2036 2565 
2036 2578 
2072 2591 
2072 2604 
2072 2614 
2094 2636 
2110 2636 
2110 2647 
2110 2658 
2110 2668 
2110 2681 
2128 2681 
2139 2681 
2150 2681 
2160 2681 
2160 2704 
2160 2715 
2170 2715 
2170 2726 
2180 2726 
2201 2726 
2201 2753 
2212 2753 
2212 2790 
2212 2801 
2212 2814 
2223 2814 
2223 2827 
2223 2838 
2271 2854 
2290 2870 
2328 2900 
2337 2900 
2348 2900 
2360 2900 
2384.0 2926.0 
;
EXECUTION TIME HBSS: 414.872944117 seconds 

-------------------------------------------------------------------
