DATFILE : bwopen0_7r_1000.dat
ENVIRONMENT : bwopen
ALGORITHM : HBSS - TAU 3
RANGE : 1000
STARTING_POS : 0
N_ROBOTS : 7
GREEDY SOLUTION : 857.0
COMPUTATIONS T :
855.0
807.0
767.0
846.0
826.0
862.0
850.0
767.0
910.0
849.0
848.0
791.0
841.0
803.0
760.0
835.0
803.0
790.0
836.0
850.0
833.0
865.0
814.0
822.0
835.0
830.0
798.0
780.0
848.0
804.0
820.0
782.0
856.0
796.0
801.0
790.0
887.0
752.0
804.0
792.0
888.0
812.0
849.0
819.0
874.0
899.0
779.0
884.0
805.0
857.0
730.0
816.0
811.0
849.0
822.0
923.0
800.0
876.0
775.0
779.0
845.0
784.0
785.0
796.0
802.0
868.0
877.0
816.0
833.0
834.0
900.0
827.0
849.0
794.0
886.0
782.0
829.0
808.0
822.0
872.0
849.0
887.0
817.0
853.0
811.0
800.0
894.0
847.0
834.0
902.0
753.0
757.0
837.0
808.0
799.0
806.0
843.0
809.0
813.0
836.0
832.0
782.0
806.0
804.0
821.0
752.0
845.0
830.0
856.0
873.0
834.0
801.0
866.0
823.0
813.0
825.0
846.0
805.0
810.0
778.0
834.0
841.0
819.0
969.0
834.0
826.0
792.0
845.0
801.0
834.0
874.0
807.0
828.0
838.0
798.0
881.0
799.0
795.0
845.0
843.0
811.0
852.0
850.0
893.0
847.0
889.0
792.0
807.0
813.0
756.0
900.0
800.0
755.0
851.0
838.0
832.0
898.0
826.0
847.0
805.0
762.0
837.0
874.0
801.0
853.0
778.0
852.0
810.0
786.0
845.0
750.0
879.0
851.0
881.0
815.0
860.0
789.0
798.0
818.0
885.0
830.0
812.0
841.0
840.0
867.0
908.0
769.0
884.0
814.0
811.0
861.0
776.0
867.0
826.0
874.0
843.0
865.0
855.0
796.0
819.0
;
HBBS bestT : 730.0
BEST_CONFIGURATIONS : 
0 0 0 0 0 0 0 
0 0 0 4 0 0 0 
0 26 0 4 0 0 0 
0 26 4 4 0 0 0 
0 26 4 4 1 0 0 
0 26 4 4 1 0 0 
0 26 4 4 1 0 0 
0 26 4 4 1 5 0 
0 26 4 4 1 5 22 
0 26 4 4 1 5 22 
0 26 4 4 1 5 22 
0 26 4 4 1 5 22 
0 26 4 4 1 5 22 
0 26 4 4 1 5 22 
0 26 4 4 1 5 22 
0 26 4 4 1 5 22 
0 26 4 8 1 5 22 
0 26 4 8 1 5 22 
0 26 4 8 1 5 22 
0 26 4 8 1 5 22 
0 26 4 8 1 5 22 
0 26 4 8 1 5 22 
0 5 4 13 1 5 22 
0 5 4 13 1 5 22 
0 5 22 13 1 5 22 
0 5 22 13 1 5 22 
0 5 22 13 1 26 22 
0 5 22 17 1 26 9 
0 5 22 17 1 26 9 
0 5 22 17 1 26 9 
0 5 22 17 1 26 9 
0 5 22 17 1 26 9 
0 5 22 17 1 26 9 
0 5 22 17 1 26 9 
0 5 22 17 1 26 9 
0 5 22 17 1 4 9 
0 5 22 17 1 4 9 
0 26 22 17 1 4 9 
0 26 22 17 1 4 9 
0 26 22 17 1 4 9 
0 26 8 17 1 4 9 
0 26 8 17 1 4 9 
0 26 8 17 27 4 9 
0 26 8 17 27 4 9 
0 26 8 17 27 4 9 
0 26 8 17 27 4 9 
0 26 8 17 27 4 9 
0 4 8 13 27 4 9 
0 4 8 13 27 4 9 
0 4 8 13 27 4 9 
0 4 8 13 27 4 9 
0 4 8 13 27 22 9 
0 4 8 13 27 22 9 
1 4 8 13 27 22 9 
1 4 8 25 27 22 9 
1 4 8 25 27 22 9 
1 4 8 25 27 22 9 
1 4 8 25 27 22 9 
1 4 8 25 27 5 9 
1 4 8 25 27 5 9 
1 4 8 25 27 5 9 
1 4 8 25 27 26 9 
1 22 8 25 27 26 9 
1 22 13 25 27 26 9 
1 22 13 25 27 26 10 
1 22 13 25 27 26 10 
1 22 13 25 27 26 10 
1 22 13 25 27 26 10 
1 22 13 25 27 26 10 
1 22 13 25 27 26 10 
1 22 13 25 27 5 10 
1 22 17 25 27 5 10 
1 22 17 25 27 5 10 
1 4 17 25 27 5 10 
1 4 17 25 9 5 10 
0 4 17 25 9 5 10 
0 4 17 25 9 5 10 
0 8 17 25 9 5 10 
0 8 18 25 9 5 10 
0 8 18 25 9 5 10 
0 8 18 25 9 5 10 
0 8 18 25 9 5 10 
0 8 18 25 9 1 10 
0 8 18 25 9 1 10 
0 8 14 25 9 1 10 
0 8 14 25 9 1 15 
0 8 14 25 9 1 15 
0 8 14 25 9 1 15 
0 8 14 25 9 1 15 
0 8 14 25 9 1 15 
0 8 14 25 9 1 15 
0 8 14 25 9 1 15 
0 8 14 25 9 1 15 
0 8 14 25 9 1 15 
0 13 14 25 9 1 15 
0 13 14 25 9 1 15 
0 13 14 17 9 1 15 
0 13 14 17 9 1 15 
0 13 14 17 9 1 15 
0 13 14 17 9 1 15 
4 13 14 17 9 1 15 
4 13 14 17 9 1 15 
4 13 14 17 10 1 15 
4 13 14 17 10 1 15 
4 13 14 17 10 27 15 
4 13 14 17 10 27 15 
26 13 14 17 10 27 15 
26 13 14 17 15 27 15 
26 13 14 18 15 27 15 
26 17 14 18 15 27 15 
26 17 14 18 15 27 15 
26 17 14 18 15 27 15 
26 17 14 18 15 27 15 
5 17 14 18 15 27 15 
5 17 14 18 15 27 15 
5 17 14 18 15 27 15 
5 17 14 18 15 27 19 
5 17 14 18 15 27 19 
5 17 14 18 15 27 19 
5 17 14 18 15 27 19 
5 17 14 18 15 27 19 
5 17 14 18 15 27 19 
5 13 18 18 15 27 19 
5 13 18 18 15 27 19 
26 13 18 18 15 27 19 
26 13 18 18 10 27 19 
26 13 18 25 10 27 19 
26 13 18 25 10 1 19 
4 13 18 25 10 1 19 
4 13 18 25 10 1 19 
4 13 18 25 24 1 19 
4 8 18 25 24 1 19 
4 8 18 25 24 1 19 
4 8 18 25 24 1 19 
4 8 18 25 24 1 19 
4 8 18 25 24 1 19 
4 8 18 25 24 1 19 
4 8 14 25 24 1 19 
4 22 14 25 24 1 19 
26 22 14 25 24 1 19 
26 22 14 25 24 1 19 
26 22 14 17 24 1 19 
26 22 14 17 24 1 19 
26 22 14 17 24 27 19 
5 22 14 17 24 27 19 
5 22 18 17 24 27 19 
5 22 18 13 24 27 19 
5 22 18 13 24 27 20 
5 22 18 13 24 27 20 
5 22 18 13 24 27 20 
5 22 18 13 24 27 20 
5 22 18 13 24 27 20 
5 22 18 13 24 27 20 
26 22 18 13 24 27 20 
26 8 18 13 24 27 20 
26 8 14 13 24 27 20 
26 8 14 17 24 27 20 
26 8 14 17 6 27 20 
26 8 14 17 6 27 20 
26 8 14 17 6 27 20 
26 8 14 17 6 27 20 
26 8 14 17 6 9 20 
26 8 14 17 6 9 20 
26 8 14 17 6 9 20 
5 8 14 17 6 9 20 
5 8 18 17 6 9 20 
5 8 18 13 6 9 20 
5 8 18 13 6 9 23 
5 22 18 13 6 9 23 
5 22 18 13 6 9 23 
5 22 18 13 6 9 23 
5 22 18 13 6 9 23 
5 22 18 13 6 9 23 
5 22 18 13 6 9 23 
26 22 18 13 6 9 16 
26 22 18 13 6 9 16 
26 22 14 13 6 9 16 
26 22 14 13 6 9 16 
26 22 14 13 6 9 16 
26 22 14 13 6 10 16 
4 22 14 13 6 10 16 
4 22 14 13 6 10 16 
4 22 14 13 6 10 16 
4 22 18 13 6 10 16 
4 22 18 17 6 10 16 
4 5 18 17 6 10 16 
4 5 18 17 6 15 16 
4 5 18 17 6 15 16 
22 5 18 17 6 15 16 
22 5 18 25 6 15 16 
22 5 18 25 6 15 16 
22 1 18 25 6 15 16 
22 1 18 25 6 15 16 
22 1 19 25 6 15 16 
8 1 19 25 6 15 16 
8 1 19 25 6 15 16 
8 1 19 25 21 15 16 
8 1 19 25 21 15 16 
8 1 19 25 21 15 16 
8 1 19 13 21 15 16 
8 1 19 13 21 10 16 
8 1 19 13 21 10 16 
8 1 19 13 21 10 12 
8 1 19 13 21 10 12 
8 1 19 17 21 10 12 
8 1 19 17 21 10 12 
8 1 19 17 21 10 12 
8 1 19 17 21 15 12 
8 1 19 17 21 15 12 
8 1 19 17 21 15 12 
8 1 19 13 21 15 12 
8 1 19 13 21 10 12 
8 1 19 13 3 10 12 
8 1 19 13 3 10 12 
8 1 19 13 3 10 12 
8 1 19 13 3 10 12 
8 1 19 13 3 10 12 
8 1 19 13 3 10 12 
8 1 19 17 3 10 12 
8 1 19 17 3 15 12 
8 1 19 17 3 15 16 
8 1 20 17 3 15 16 
22 1 20 17 3 15 16 
22 1 20 17 3 15 16 
22 1 20 17 3 15 23 
22 1 20 17 3 15 23 
22 1 20 17 3 15 23 
22 1 20 17 3 15 23 
22 1 20 17 3 15 23 
22 1 20 17 3 15 23 
26 1 20 17 3 15 23 
26 1 20 17 3 15 23 
5 1 20 17 3 15 23 
5 1 20 17 3 10 23 
5 1 20 17 3 10 23 
5 1 20 25 3 10 23 
5 1 20 25 3 10 23 
5 1 20 25 3 10 23 
5 27 20 25 3 10 23 
5 27 20 25 3 10 23 
4 27 20 25 3 10 23 
4 27 20 25 3 10 23 
4 27 20 25 3 10 23 
4 27 20 25 3 24 23 
4 27 20 25 3 24 23 
4 27 20 18 3 24 23 
4 9 20 18 3 24 23 
4 9 20 18 3 24 23 
4 9 20 18 3 24 16 
4 9 20 18 3 24 16 
4 9 20 18 3 24 16 
4 9 20 14 3 24 16 
0 9 20 14 3 24 16 
0 9 20 14 3 24 16 
0 9 20 14 3 24 16 
0 9 20 14 3 24 16 
0 9 23 14 3 24 16 
0 9 23 14 3 24 16 
0 9 23 14 3 24 12 
0 10 23 14 3 24 12 
0 10 23 14 3 24 12 
0 10 23 14 3 24 12 
0 10 23 14 3 24 12 
0 10 23 14 21 24 12 
0 10 23 14 21 24 12 
0 10 23 14 21 24 12 
0 15 23 14 21 24 12 
0 15 20 14 21 24 12 
0 15 20 14 21 24 12 
0 15 20 14 21 24 12 
0 15 20 18 21 24 12 
0 15 20 18 21 24 12 
4 15 20 18 21 24 12 
4 15 20 18 21 24 12 
4 15 20 18 21 6 12 
4 15 20 18 21 6 12 
4 15 20 25 21 6 12 
4 15 20 25 21 6 12 
26 15 20 25 21 6 12 
26 15 20 25 21 6 12 
26 9 19 25 21 6 12 
26 9 19 25 21 6 12 
26 9 19 25 21 6 12 
5 9 19 25 21 6 12 
5 9 19 25 21 6 12 
5 9 19 25 21 11 12 
5 9 19 25 21 11 12 
5 9 19 13 21 11 12 
5 9 19 13 21 11 12 
5 9 19 13 21 11 12 
5 9 19 13 21 11 12 
26 9 19 13 21 11 12 
26 9 19 13 21 11 16 
26 9 19 17 21 11 16 
26 9 19 17 7 11 16 
26 9 19 17 7 11 16 
26 9 19 17 7 11 16 
26 9 19 17 7 11 16 
26 9 19 17 7 11 16 
26 9 19 17 7 11 16 
4 9 19 17 7 11 16 
4 9 19 17 7 11 16 
4 9 19 17 7 11 23 
4 9 19 13 7 11 23 
4 9 19 13 7 11 23 
4 9 19 13 7 11 23 
4 10 19 13 7 11 23 
4 10 19 13 7 11 23 
4 10 19 13 7 11 20 
4 10 19 13 7 11 20 
4 10 19 13 7 11 20 
22 10 19 13 7 11 20 
22 10 19 13 7 11 20 
22 10 19 8 7 11 20 
22 10 19 8 7 11 20 
22 15 19 8 7 11 20 
22 15 19 8 7 11 20 
22 15 19 8 7 11 23 
5 15 19 8 7 11 23 
5 15 18 8 7 11 23 
5 14 18 8 7 11 23 
5 14 18 8 7 11 23 
5 14 18 8 7 11 23 
1 14 18 8 7 11 23 
1 14 18 8 7 11 23 
1 14 18 22 7 11 12 
1 14 18 22 7 11 12 
1 14 25 22 7 11 12 
1 25 25 22 7 11 12 
27 25 25 22 7 11 12 
27 25 25 22 7 11 12 
27 25 25 22 7 11 12 
27 25 25 0 7 11 12 
27 25 25 0 7 11 12 
27 25 25 0 7 11 16 
27 25 19 0 7 11 16 
27 25 19 0 21 11 16 
27 22 19 0 21 11 16 
27 22 19 0 21 6 16 
27 22 19 0 21 6 16 
27 22 19 0 3 6 16 
27 22 19 0 3 6 7 
27 22 19 0 3 6 7 
2 0 19 0 3 6 7 
2 0 15 0 3 6 7 
2 0 15 1 3 6 7 
2 0 15 1 3 6 7 
2 0 15 1 3 21 7 
2 0 15 1 3 21 7 
2 0 15 1 3 21 7 
2 0 15 1 3 21 7 
2 0 10 1 3 21 7 
2 4 10 1 3 21 7 
2 4 10 27 3 21 7 
2 4 10 27 3 6 7 
2 4 10 27 3 6 12 
2 26 10 27 3 6 12 
2 26 24 27 7 6 12 
2 26 24 27 7 6 12 
2 26 24 27 7 6 12 
2 26 24 9 7 6 12 
2 5 24 9 7 6 12 
2 5 24 9 7 6 16 
2 5 6 9 7 11 16 
2 5 6 9 7 11 16 
2 5 6 9 12 11 16 
2 5 6 24 12 11 16 
2 22 6 24 12 11 16 
2 22 6 24 12 11 23 
2 22 6 24 16 11 23 
2 8 6 24 16 11 23 
2 8 6 24 16 11 20 
2 8 3 11 16 11 20 
2 13 3 11 16 11 20 
2 13 3 11 16 11 19 
2 17 3 11 16 2 19 
2 25 3 11 16 2 19 
2 25 3 11 16 2 18 
2 25 3 14 16 2 18 
0 0 0 0 0 0 0 
;
ROBOT MOVING BEST:
0 0 0 0 0 0 0 
1 0 0 1 0 0 0 
1 1 0 0 0 0 0 
0 1 1 0 0 0 0 
1 0 0 0 1 0 0 
0 1 0 0 1 0 0 
0 0 1 0 1 0 0 
1 0 0 0 0 1 0 
1 0 0 0 0 0 1 
0 1 0 0 0 1 0 
0 1 0 0 0 0 1 
0 0 1 0 0 1 0 
0 0 1 0 0 0 1 
0 0 0 0 1 1 0 
0 0 0 0 1 0 1 
0 0 0 0 0 1 1 
1 0 0 1 0 0 0 
0 1 0 1 0 0 0 
0 0 1 1 0 0 0 
0 0 0 1 1 0 0 
0 0 0 1 0 1 0 
0 0 0 1 0 0 1 
0 1 0 1 0 0 0 
1 0 0 1 0 0 0 
0 0 1 1 0 0 0 
0 0 0 1 1 0 0 
0 0 0 1 0 1 0 
0 0 0 1 0 0 1 
1 0 0 1 0 0 0 
0 1 0 1 0 0 0 
1 0 0 0 0 0 1 
0 1 0 0 0 0 1 
0 0 1 1 0 0 0 
0 0 1 0 0 0 1 
0 0 0 1 1 0 0 
0 0 0 1 0 1 0 
0 0 0 0 1 0 1 
0 1 0 1 0 0 0 
0 0 0 0 0 1 1 
0 1 0 0 0 0 1 
0 0 1 1 0 0 0 
0 0 1 0 0 0 1 
1 0 0 0 1 0 0 
0 1 0 0 1 0 0 
0 0 0 1 1 0 0 
0 0 1 0 1 0 0 
0 0 0 0 1 1 0 
0 1 0 1 0 0 0 
0 0 0 0 1 0 1 
0 0 1 1 0 0 0 
0 0 0 1 1 0 0 
0 0 0 0 1 1 0 
0 0 0 1 0 0 1 
1 0 0 0 1 0 0 
1 0 0 1 0 0 0 
0 1 0 1 0 0 0 
0 0 1 1 0 0 0 
0 0 0 1 1 0 0 
0 0 0 1 0 1 0 
0 0 0 1 0 0 1 
0 0 0 0 1 1 0 
0 0 0 1 0 1 0 
0 1 0 1 0 0 0 
0 0 1 1 0 0 0 
0 1 0 0 0 0 1 
0 0 1 0 0 0 1 
1 0 0 0 0 0 1 
0 0 0 0 1 0 1 
0 0 0 1 0 0 1 
0 0 0 0 0 1 1 
0 0 0 0 0 1 1 
0 0 1 1 0 0 0 
0 0 1 0 0 0 1 
0 1 0 0 0 0 1 
0 0 0 0 1 0 1 
1 0 0 1 0 0 0 
1 0 0 0 0 0 1 
0 1 0 0 0 0 1 
1 0 1 0 0 0 0 
0 1 1 0 0 0 0 
0 0 1 1 0 0 0 
0 0 1 0 1 0 0 
0 0 1 0 0 1 0 
0 0 1 0 0 0 1 
1 0 1 0 0 0 0 
1 0 0 0 0 0 1 
0 1 1 0 0 0 0 
0 1 0 0 0 0 1 
0 0 1 1 0 0 0 
0 0 1 0 1 0 0 
0 0 1 0 0 1 0 
0 0 1 0 0 0 1 
0 0 0 1 0 0 1 
0 0 0 0 1 0 1 
0 1 1 0 0 0 0 
0 0 0 0 0 1 1 
0 0 0 1 0 0 1 
0 1 0 1 0 0 0 
0 1 0 0 0 0 1 
0 0 1 1 0 0 0 
1 0 1 0 0 0 0 
1 0 0 0 0 0 1 
0 0 1 0 1 0 0 
0 0 0 0 1 0 1 
0 0 1 0 0 1 0 
0 0 0 0 0 1 1 
1 0 1 0 0 0 0 
1 0 0 0 1 0 0 
1 0 0 1 0 0 0 
0 1 0 1 0 0 0 
0 0 0 1 1 0 0 
0 0 1 1 0 0 0 
0 0 0 1 0 1 0 
1 0 1 0 0 0 0 
1 0 0 1 0 0 0 
1 0 0 0 1 0 0 
1 0 0 0 0 0 1 
0 0 0 1 0 0 1 
0 1 0 0 0 0 1 
0 0 0 0 1 0 1 
0 0 1 0 0 0 1 
0 0 0 0 0 1 1 
0 1 1 0 0 0 0 
0 1 0 0 0 0 1 
1 0 0 0 0 0 1 
0 0 0 0 1 0 1 
0 0 0 1 0 0 1 
0 0 0 0 0 1 1 
1 0 1 0 0 0 0 
1 0 0 0 0 0 1 
1 0 0 0 1 0 0 
0 1 0 0 1 0 0 
0 1 0 0 0 0 1 
0 0 1 0 1 0 0 
0 0 0 0 1 1 0 
0 0 0 1 1 0 0 
0 0 0 0 1 0 1 
0 0 1 0 1 0 0 
0 1 1 0 0 0 0 
1 0 0 0 1 0 0 
0 1 0 0 0 0 1 
0 0 0 1 1 0 0 
0 1 0 0 1 0 0 
0 0 0 0 1 1 0 
1 0 0 0 1 0 0 
0 1 1 0 0 0 0 
0 0 0 1 1 0 0 
1 0 0 0 0 0 1 
0 1 0 0 0 0 1 
0 0 1 0 0 0 1 
0 0 0 1 0 0 1 
0 0 0 0 1 0 1 
0 0 0 0 0 1 1 
1 0 0 0 0 0 1 
0 1 0 0 0 0 1 
0 0 1 0 0 0 1 
0 0 0 1 0 0 1 
0 0 0 1 1 0 0 
1 0 0 0 1 0 0 
0 1 0 0 1 0 0 
0 0 1 0 1 0 0 
0 0 0 0 1 1 0 
0 0 0 0 1 0 1 
0 0 0 0 0 1 1 
1 0 0 0 1 0 0 
0 0 1 0 1 0 0 
0 0 0 1 1 0 0 
1 0 0 0 0 0 1 
0 1 0 0 1 0 0 
0 1 0 0 0 0 1 
0 0 1 0 0 0 1 
0 0 0 1 0 0 1 
0 0 0 0 1 0 1 
0 0 0 0 0 1 1 
1 0 0 0 0 0 1 
0 1 0 0 0 0 1 
0 0 1 0 0 0 1 
0 0 0 1 0 0 1 
0 0 0 0 1 0 1 
0 0 0 0 1 1 0 
1 0 0 0 1 0 0 
0 0 0 0 0 1 1 
1 0 0 0 0 0 1 
0 0 1 0 0 0 1 
0 0 0 1 0 0 1 
0 1 0 0 0 0 1 
0 0 0 0 1 1 0 
0 0 0 0 0 1 1 
1 0 0 0 0 1 0 
0 0 0 1 0 0 1 
0 0 0 1 1 0 0 
0 1 0 0 1 0 0 
0 1 0 0 0 0 1 
0 0 1 0 1 0 0 
1 0 0 0 0 0 1 
0 0 1 0 0 0 1 
1 0 0 0 1 0 0 
0 1 0 0 1 0 0 
0 0 1 0 1 0 0 
0 0 0 1 1 0 0 
0 0 0 0 1 1 0 
0 0 0 0 1 0 1 
1 0 0 0 0 0 1 
0 1 0 0 0 0 1 
0 0 0 1 1 0 0 
0 0 1 0 0 0 1 
0 0 0 1 0 0 1 
0 0 0 0 1 1 0 
0 0 0 0 1 0 1 
0 0 0 0 0 1 1 
0 0 0 1 0 0 1 
0 0 0 0 0 1 1 
1 0 0 0 1 0 0 
0 1 0 0 1 0 0 
0 0 1 0 1 0 0 
0 0 0 0 1 0 1 
0 0 0 1 1 0 0 
0 0 0 0 1 1 0 
0 0 0 1 1 0 0 
0 0 0 0 1 1 0 
0 0 0 0 1 0 1 
0 1 1 0 0 0 0 
1 0 0 0 1 0 0 
0 0 1 0 1 0 0 
0 1 0 0 0 0 1 
0 0 0 1 0 0 1 
0 0 1 0 0 1 0 
0 0 1 0 0 0 1 
0 0 0 0 1 0 1 
0 0 0 0 0 1 1 
1 0 0 0 1 0 0 
1 0 0 0 0 0 1 
1 0 0 0 1 0 0 
0 0 1 0 0 1 0 
0 0 0 0 0 1 1 
0 0 1 1 0 0 0 
0 0 0 1 0 0 1 
0 0 0 1 1 0 0 
0 1 0 0 1 0 0 
0 1 0 0 0 0 1 
1 0 1 0 0 0 0 
1 0 0 0 1 0 0 
1 0 0 0 0 0 1 
0 0 0 0 1 1 0 
0 0 0 0 0 1 1 
0 0 0 1 1 0 0 
0 1 0 0 1 0 0 
0 1 0 0 0 1 0 
0 1 0 0 0 0 1 
0 0 1 0 0 0 1 
0 0 0 0 0 1 1 
0 0 0 1 1 0 0 
1 0 1 0 0 0 0 
1 0 0 0 1 0 0 
1 0 0 0 0 1 0 
1 0 0 0 0 0 1 
1 0 1 0 0 0 0 
0 0 1 1 0 0 0 
1 0 0 0 0 0 1 
0 1 0 0 0 1 0 
0 0 1 0 0 0 1 
0 0 0 1 0 0 1 
0 0 0 0 0 1 1 
1 0 0 0 1 0 0 
0 0 1 0 1 0 0 
0 0 0 1 1 0 0 
0 1 0 0 0 1 0 
0 0 1 0 1 0 0 
0 0 1 0 0 0 1 
0 0 0 0 1 1 0 
0 0 0 1 1 0 0 
0 0 0 1 0 0 1 
1 0 0 0 0 0 1 
1 0 0 0 1 0 0 
0 0 0 0 1 1 0 
0 0 0 0 0 1 1 
0 0 0 1 1 0 0 
0 0 0 1 0 0 1 
1 0 0 0 1 0 0 
1 0 0 0 0 0 1 
0 1 1 0 0 0 0 
0 1 0 0 1 0 0 
0 1 0 0 0 0 1 
1 0 0 0 1 0 0 
1 0 0 0 0 0 1 
1 0 0 0 0 1 0 
0 1 0 0 0 1 0 
0 0 0 1 0 1 0 
0 0 0 0 1 1 0 
0 0 0 0 0 1 1 
0 0 1 0 0 1 0 
1 0 0 0 0 1 0 
0 0 0 0 0 1 1 
0 0 0 1 0 1 0 
0 1 0 0 1 0 0 
0 0 0 1 1 0 0 
1 0 0 0 1 0 0 
0 0 1 0 1 0 0 
0 0 0 0 1 1 0 
0 0 0 0 1 0 1 
1 0 0 0 1 0 0 
1 0 0 0 0 1 0 
0 0 1 0 0 0 1 
0 0 0 1 1 0 0 
0 0 0 0 1 0 1 
0 0 0 0 0 1 1 
0 1 0 0 1 0 0 
0 1 0 0 0 1 0 
0 0 1 0 0 0 1 
0 0 0 0 1 0 1 
0 0 0 0 0 1 1 
1 0 0 0 1 0 0 
1 0 0 0 0 1 0 
0 0 0 1 1 0 0 
0 0 0 1 0 1 0 
0 1 0 0 1 0 0 
0 1 0 0 0 1 0 
0 0 0 1 0 0 1 
1 0 0 0 1 0 0 
0 0 1 0 0 1 0 
0 1 0 0 1 0 0 
0 1 0 0 0 1 0 
0 0 1 0 1 0 0 
1 0 0 0 1 0 0 
1 0 0 0 0 1 0 
0 0 0 1 0 0 1 
0 0 0 0 1 0 1 
0 0 1 0 0 1 0 
0 1 0 0 1 0 0 
1 0 0 0 1 0 0 
1 0 0 0 0 1 0 
1 0 0 0 0 0 1 
0 0 0 1 1 0 0 
0 0 0 1 0 1 0 
1 0 0 0 0 0 1 
0 0 1 1 0 0 0 
1 0 0 0 1 0 0 
0 1 0 0 1 0 0 
1 0 0 0 0 1 0 
0 0 0 1 0 1 0 
0 0 0 0 1 1 0 
0 0 0 0 1 0 1 
0 0 0 0 0 1 1 
1 1 0 0 0 0 0 
1 0 1 0 0 0 0 
1 0 0 1 0 0 0 
1 0 0 0 1 0 0 
1 0 0 0 0 1 0 
1 0 0 0 0 0 1 
0 0 0 0 1 1 0 
0 0 0 0 0 1 1 
1 0 1 0 0 0 0 
1 1 0 0 0 0 0 
1 0 0 1 0 0 0 
1 0 0 0 0 1 0 
1 0 0 0 0 0 1 
1 1 0 0 0 0 0 
0 0 1 0 1 0 0 
0 0 1 0 0 1 0 
1 0 1 0 0 0 0 
1 0 0 1 0 0 0 
1 1 0 0 0 0 0 
1 0 0 0 0 0 1 
0 0 1 0 0 1 0 
1 0 0 0 0 1 0 
0 0 0 0 1 0 1 
0 0 0 1 0 1 0 
1 1 0 0 0 0 0 
1 0 0 0 0 0 1 
0 0 0 0 1 0 1 
1 1 0 0 0 0 0 
1 0 0 0 0 0 1 
0 0 1 1 0 0 0 
1 1 0 0 0 0 0 
1 0 0 0 0 0 1 
0 1 0 0 0 1 0 
1 1 0 0 0 0 0 
1 0 0 0 0 0 1 
1 0 0 1 0 0 0 
1 1 1 1 1 1 1 
;
TIMETABLE BEST: 
0.0 0.0 0.0 0.0 0.0 0.0 0.0 
14 0 0 14 0 0 0 
17 17 0 14 0 0 0 
17 17 17 14 0 0 0 
18 17 17 14 18 0 0 
18 18 17 14 18 0 0 
18 18 18 14 18 0 0 
24 18 18 14 18 24 0 
24 18 18 14 18 24 24 
24 24 18 14 18 24 24 
24 24 18 14 18 24 24 
24 24 24 14 18 24 24 
24 24 24 14 18 24 24 
24 24 24 14 24 24 24 
24 24 24 14 24 24 24 
24 24 24 14 24 24 24 
28 24 24 28 24 24 24 
28 28 24 28 24 24 24 
28 28 28 28 24 24 24 
28 28 28 28 28 24 24 
28 28 28 28 28 28 24 
28 28 28 28 28 28 28 
28 41 28 41 28 28 28 
41 41 28 41 28 28 28 
41 41 41 41 28 28 28 
41 41 41 41 41 28 28 
41 41 41 41 41 41 28 
41 41 41 52 41 41 52 
52 41 41 52 41 41 52 
52 52 41 52 41 41 52 
52 52 41 52 41 41 52 
52 52 41 52 41 41 52 
52 52 52 52 41 41 52 
52 52 52 52 41 41 52 
52 52 52 52 52 41 52 
52 52 52 52 52 52 52 
52 52 52 52 52 52 52 
52 61 52 61 52 52 52 
52 61 52 61 52 52 52 
52 61 52 61 52 52 61 
52 61 64 64 52 52 61 
52 61 64 64 52 52 64 
67 61 64 64 67 52 64 
67 67 64 64 67 52 64 
67 67 64 67 67 52 64 
67 67 67 67 67 52 64 
67 67 67 67 67 67 64 
67 78 67 78 67 67 64 
67 78 67 78 67 67 67 
67 78 78 78 67 67 67 
67 78 78 78 78 67 67 
67 78 78 78 79 79 67 
67 78 78 78 79 79 78 
85 78 78 78 85 79 78 
91 78 78 91 85 79 78 
91 91 78 91 85 79 78 
91 91 91 91 85 79 78 
91 91 91 91 91 79 78 
91 91 91 91 91 91 78 
91 91 91 91 91 91 91 
91 91 91 91 91 91 91 
91 91 91 100 91 100 91 
91 103 91 103 91 100 91 
91 103 104 104 91 100 91 
91 105 104 104 91 100 105 
91 105 105 104 91 100 105 
105 105 105 104 91 100 105 
105 105 105 104 105 100 105 
105 105 105 105 105 100 105 
105 105 105 105 105 105 105 
105 105 105 105 105 114 114 
105 105 116 116 105 114 114 
105 105 116 116 105 114 116 
105 117 116 116 105 114 117 
105 117 116 116 120 114 120 
123 117 116 123 120 114 120 
123 117 116 123 120 114 123 
123 131 116 123 120 114 131 
133 131 133 123 120 114 131 
133 133 133 123 120 114 131 
133 133 133 133 120 114 131 
133 133 133 133 133 114 131 
133 133 133 133 133 133 131 
133 133 133 133 133 133 133 
144 133 144 133 133 133 133 
144 133 144 133 133 133 144 
144 144 144 133 133 133 144 
144 144 144 133 133 133 144 
144 144 144 144 133 133 144 
144 144 144 144 144 133 144 
144 144 144 144 144 144 144 
144 144 144 144 144 144 144 
144 144 144 144 144 144 144 
144 144 144 144 144 144 144 
144 157 157 144 144 144 144 
144 157 157 144 144 144 144 
144 157 157 156 144 144 156 
144 157 157 157 144 144 156 
144 157 157 157 144 144 157 
144 157 157 157 144 144 157 
158 157 158 157 144 144 157 
158 157 158 157 144 144 158 
158 157 158 157 158 144 158 
158 157 158 157 158 144 158 
158 157 159 157 158 159 158 
158 157 159 157 158 159 159 
169 157 169 157 158 159 159 
169 157 169 157 169 159 159 
174 157 169 174 169 159 159 
174 174 169 174 169 159 159 
174 174 169 174 174 159 159 
174 174 174 174 174 159 159 
174 174 174 174 174 174 159 
183 174 183 174 174 174 159 
183 174 183 183 174 174 159 
183 174 183 183 183 174 159 
183 174 183 183 183 174 183 
183 174 183 183 183 174 183 
183 183 183 183 183 174 183 
183 183 183 183 183 174 183 
183 183 183 183 183 174 183 
183 183 183 183 183 183 183 
183 194 194 183 183 183 183 
183 194 194 183 183 183 194 
194 194 194 183 183 183 194 
194 194 194 183 194 183 194 
194 194 194 196 194 183 196 
194 194 194 196 194 198 198 
205 194 205 196 194 198 198 
205 194 205 196 194 198 205 
207 194 205 196 207 198 205 
207 207 205 196 207 198 205 
207 207 205 196 207 198 207 
207 207 207 196 207 198 207 
207 207 207 196 207 207 207 
207 207 207 207 207 207 207 
207 207 207 207 207 207 207 
207 207 218 207 218 207 207 
207 219 219 207 218 207 207 
218 219 219 207 218 207 207 
218 219 219 207 218 207 219 
218 219 219 219 219 207 219 
218 219 219 219 219 207 219 
218 219 219 219 222 222 219 
227 219 219 219 227 222 219 
227 230 230 219 227 222 219 
227 230 230 230 230 222 219 
232 230 230 230 230 222 232 
232 232 230 230 230 222 232 
232 232 232 230 230 222 232 
232 232 232 232 230 222 232 
232 232 232 232 232 222 232 
232 232 232 232 232 232 232 
241 232 232 232 232 232 241 
241 244 232 232 232 232 244 
241 244 244 232 232 232 244 
241 244 244 244 232 232 244 
241 244 244 245 245 232 244 
245 244 244 245 245 232 244 
245 245 244 245 245 232 244 
245 245 245 245 245 232 244 
245 245 245 245 247 247 244 
245 245 245 245 247 247 247 
245 245 245 245 247 247 247 
254 245 245 245 254 247 247 
254 245 256 245 256 247 247 
254 245 256 256 256 247 247 
257 245 256 256 256 247 257 
257 257 256 256 257 247 257 
257 257 256 256 257 247 257 
257 257 257 256 257 247 257 
257 257 257 257 257 247 257 
257 257 257 257 257 247 257 
257 257 257 257 257 257 257 
268 257 257 257 257 257 268 
268 268 257 257 257 257 268 
268 268 268 257 257 257 268 
268 268 268 268 257 257 268 
268 268 268 268 268 257 268 
268 268 268 268 271 271 268 
279 268 268 268 279 271 268 
279 268 268 268 279 271 271 
279 268 268 268 279 271 279 
279 268 279 268 279 271 279 
279 268 279 279 279 271 279 
279 280 279 279 279 271 280 
279 280 279 279 282 282 280 
279 280 279 279 282 282 282 
291 280 279 279 282 291 282 
291 280 279 291 282 291 291 
291 280 279 291 291 291 291 
291 298 279 291 298 291 291 
291 298 279 291 298 291 298 
291 298 299 291 299 291 298 
303 298 299 291 299 291 303 
303 298 303 291 299 291 303 
311 298 303 291 311 291 303 
311 311 303 291 311 291 303 
311 311 311 291 311 291 303 
311 311 311 311 311 291 303 
311 311 311 311 311 311 303 
311 311 311 311 311 311 311 
322 311 311 311 311 311 322 
322 322 311 311 311 311 322 
322 322 311 322 322 311 322 
322 322 322 322 322 311 322 
322 322 322 322 322 311 322 
322 322 322 322 322 322 322 
322 322 322 322 322 322 322 
322 322 322 322 322 322 322 
322 322 322 333 322 322 333 
322 322 322 333 322 333 333 
334 322 322 333 334 333 333 
334 334 322 333 334 333 333 
334 334 334 333 334 333 333 
334 334 334 333 334 333 334 
334 334 334 334 334 333 334 
334 334 334 334 334 334 334 
334 334 334 345 345 334 334 
334 334 334 345 345 345 334 
334 334 334 345 345 345 345 
334 347 347 345 345 345 345 
346 347 347 345 346 345 345 
346 347 347 345 347 345 345 
346 356 347 345 347 345 356 
346 356 347 356 347 345 356 
346 356 347 356 347 347 356 
346 356 356 356 347 347 356 
346 356 356 356 356 347 356 
346 356 356 356 356 356 356 
357 356 356 356 357 356 356 
357 356 356 356 357 356 357 
366 356 356 356 366 356 357 
366 356 367 356 366 367 357 
366 356 367 356 366 367 367 
366 356 368 368 366 367 367 
366 356 368 368 366 367 368 
366 356 368 368 368 367 368 
366 371 368 368 371 367 368 
366 371 368 368 371 367 371 
380 371 380 368 371 367 371 
380 371 380 368 380 367 371 
380 371 380 368 380 367 380 
380 371 380 368 380 380 380 
380 371 380 368 380 380 380 
380 371 380 381 381 380 380 
380 386 380 381 386 380 380 
380 386 380 381 386 386 380 
380 391 380 381 386 386 391 
380 391 391 381 386 386 391 
380 391 391 381 386 391 391 
380 391 391 392 392 391 391 
394 391 394 392 392 391 391 
394 391 394 392 394 391 391 
394 391 394 392 394 394 391 
394 391 394 392 394 394 394 
404 391 404 392 394 394 394 
404 391 404 404 394 394 394 
405 391 404 404 394 394 405 
405 405 404 404 394 405 405 
405 405 405 404 394 405 405 
405 405 405 405 394 405 405 
405 405 405 405 394 405 405 
406 405 405 405 406 405 405 
406 405 406 405 406 405 405 
406 405 406 406 406 405 405 
406 416 406 406 406 416 405 
406 416 416 406 416 416 405 
406 416 416 406 416 416 416 
406 416 416 406 416 416 416 
406 416 416 417 417 416 416 
406 416 416 417 417 416 417 
420 416 416 417 417 416 420 
420 416 416 417 420 416 420 
420 416 416 417 429 429 420 
420 416 416 417 429 429 429 
420 416 416 430 430 429 429 
420 416 416 430 430 429 430 
431 416 416 430 431 429 430 
431 416 416 430 431 429 431 
431 437 437 430 431 429 431 
431 437 437 430 437 429 431 
431 437 437 430 437 429 437 
440 437 437 430 440 429 437 
440 437 437 430 440 429 440 
446 437 437 430 440 446 440 
446 446 437 430 440 446 440 
446 446 437 446 440 446 440 
446 446 437 446 446 446 440 
446 446 437 446 446 446 446 
446 446 446 446 446 446 446 
455 446 446 446 446 455 446 
455 446 446 446 446 457 457 
455 446 446 457 446 457 457 
455 458 446 457 458 457 457 
455 458 446 458 458 457 457 
458 458 446 458 458 457 457 
458 458 458 458 458 457 457 
458 458 458 458 458 458 457 
458 458 458 458 458 458 458 
469 458 458 458 469 458 458 
469 458 458 458 469 469 458 
469 458 469 458 469 469 469 
469 458 469 469 469 469 469 
469 458 469 469 469 469 469 
469 458 469 469 469 469 469 
469 472 469 469 472 469 469 
469 472 469 469 472 472 469 
469 472 479 469 472 472 479 
469 472 479 469 479 472 479 
469 472 479 469 479 479 479 
481 472 479 469 481 479 479 
481 472 479 469 481 481 479 
481 472 479 482 482 481 479 
481 472 479 482 482 482 479 
481 483 479 482 483 482 479 
481 483 479 482 483 483 479 
481 483 479 489 483 483 489 
493 483 479 489 493 483 489 
493 483 499 489 493 499 489 
493 496 499 489 496 499 489 
493 499 499 489 496 499 489 
493 499 499 489 499 499 489 
511 499 499 489 511 499 489 
511 499 499 489 511 511 489 
511 499 499 511 511 511 511 
511 499 499 511 511 511 511 
511 499 512 511 511 512 511 
511 515 512 511 515 512 511 
526 515 512 511 526 512 511 
526 515 512 511 526 526 511 
526 515 512 511 526 526 526 
526 515 512 535 535 526 526 
526 515 512 535 535 535 526 
537 515 512 535 535 535 537 
537 515 545 545 535 535 537 
547 515 545 545 547 535 537 
547 547 545 545 547 535 537 
552 547 545 545 547 552 537 
552 547 545 552 547 552 537 
552 547 545 552 559 559 537 
552 547 545 552 564 559 564 
552 547 545 552 564 564 564 
571 571 545 552 564 564 564 
571 571 571 552 564 564 564 
571 571 571 571 564 564 564 
571 571 571 571 571 564 564 
576 571 571 571 571 576 564 
576 571 571 571 571 576 576 
576 571 571 571 576 576 576 
576 571 571 571 576 576 576 
582 571 582 571 576 576 576 
585 585 582 571 576 576 576 
586 585 582 586 576 576 576 
588 585 582 586 576 588 576 
594 585 582 586 576 588 594 
596 596 582 586 576 588 594 
596 596 595 586 595 588 594 
596 596 595 586 595 595 594 
596 596 596 586 595 595 594 
601 596 596 601 595 595 594 
605 605 596 601 595 595 594 
605 605 596 601 595 595 605 
605 605 612 601 595 612 605 
612 605 612 601 595 612 605 
612 605 612 601 613 612 613 
612 605 612 616 613 616 613 
617 617 612 616 613 616 613 
624 617 612 616 613 616 624 
624 617 612 616 624 616 624 
629 629 612 616 624 616 624 
634 629 612 616 624 616 634 
634 629 636 636 624 616 634 
642 642 636 636 624 616 634 
647 642 636 636 624 616 647 
647 653 636 636 624 653 647 
665 665 636 636 624 653 647 
667 665 636 636 624 653 667 
673 665 636 673 624 653 667 
709.0 717.0 694.0 727.0 725.0 689.0 730.0 
;
EXECUTION TIME HBSS: 7035.05289698 seconds 

-------------------------------------------------------------------
