DATFILE : bwopen0_10r_1000.dat
ENVIRONMENT : bwopen
ALGORITHM : HBSS - TAU 1
RANGE : 1000
STARTING_POS : 0
N_ROBOTS : 10
GREEDY SOLUTION : 584.0
COMPUTATIONS T :
1928.0
2000.0
1940.0
1842.0
2116.0
1924.0
2110.0
2409.0
2003.0
1961.0
1994.0
2140.0
2273.0
2072.0
2050.0
2064.0
1933.0
1811.0
2338.0
2001.0
1914.0
1778.0
2328.0
2016.0
2005.0
2214.0
2029.0
1872.0
2108.0
2159.0
1674.0
1952.0
2035.0
2208.0
1942.0
2164.0
2148.0
2014.0
1876.0
2050.0
2043.0
2029.0
1999.0
2111.0
1898.0
2006.0
1994.0
2079.0
2051.0
2134.0
1931.0
1938.0
2246.0
2189.0
2170.0
1919.0
1933.0
2113.0
2000.0
1930.0
1882.0
1967.0
2311.0
2011.0
2038.0
2083.0
2085.0
2015.0
2036.0
2030.0
2088.0
2135.0
2028.0
1989.0
2399.0
2098.0
1998.0
1986.0
2207.0
1873.0
2172.0
2084.0
2157.0
1911.0
1980.0
1921.0
1946.0
1800.0
1944.0
2037.0
1959.0
1927.0
1906.0
2190.0
1975.0
2026.0
1875.0
2042.0
1915.0
2137.0
2078.0
2089.0
2137.0
2260.0
1897.0
2035.0
2209.0
1900.0
2128.0
2016.0
1966.0
1953.0
2145.0
2281.0
2167.0
2024.0
2063.0
1976.0
2063.0
2115.0
2172.0
2034.0
1969.0
1770.0
1960.0
2106.0
2018.0
1935.0
2004.0
1951.0
1851.0
2095.0
2003.0
1997.0
2002.0
1900.0
1937.0
2069.0
2074.0
2006.0
2193.0
2087.0
2093.0
2062.0
1950.0
2037.0
2119.0
1786.0
1988.0
2099.0
2136.0
1995.0
1915.0
2116.0
2124.0
2126.0
1948.0
1894.0
1953.0
1938.0
2036.0
2181.0
1922.0
2090.0
2170.0
2242.0
1945.0
1945.0
2015.0
1768.0
2226.0
2098.0
2039.0
2112.0
2100.0
2026.0
1991.0
2214.0
2054.0
1971.0
2201.0
1844.0
2115.0
1994.0
2004.0
2117.0
2064.0
2194.0
1889.0
1895.0
2186.0
1951.0
2114.0
2291.0
2043.0
2204.0
1909.0
1880.0
2142.0
2181.0
;
HBBS bestT : 1674.0
BEST_CONFIGURATIONS : 
0 0 0 0 0 0 0 0 0 0 
0 0 22 26 0 0 0 0 0 0 
0 0 22 26 0 0 4 0 0 0 
0 0 22 26 0 1 4 0 0 0 
0 0 22 26 0 1 4 26 0 0 
13 24 22 26 0 1 4 26 0 0 
13 24 22 26 0 1 0 26 0 0 
13 24 22 22 0 1 0 26 4 0 
13 24 22 22 0 1 0 20 4 0 
13 1 22 22 0 1 17 20 4 0 
13 1 1 26 0 1 17 20 4 0 
13 1 1 26 0 1 17 20 4 4 
13 1 1 26 0 1 27 25 4 4 
13 1 1 26 0 2 27 25 5 4 
13 1 2 26 0 2 27 25 5 4 
13 1 2 26 0 2 27 25 5 4 
17 1 2 4 0 2 27 25 5 4 
17 1 2 4 0 2 27 25 26 4 
17 1 2 4 0 6 27 25 26 4 
20 1 2 4 0 6 16 25 26 4 
20 1 2 4 0 6 16 25 5 4 
20 1 2 4 0 6 16 25 5 4 
20 1 2 8 0 6 16 25 27 4 
20 1 2 8 0 6 16 25 27 4 
20 1 2 8 0 6 16 25 27 22 
20 1 2 8 0 6 16 25 27 22 
20 1 2 8 0 21 16 25 27 22 
20 1 5 8 0 11 16 25 27 22 
20 1 5 8 0 11 16 25 27 26 
20 1 5 17 0 11 16 25 26 26 
20 17 5 17 0 24 16 25 26 26 
20 17 5 17 0 24 16 25 26 27 
20 17 5 17 0 24 16 25 26 5 
20 17 22 25 0 24 16 25 26 5 
20 17 22 25 0 3 16 25 26 18 
20 17 22 25 0 3 16 25 5 18 
20 17 22 14 0 3 16 25 24 18 
20 17 5 14 26 3 16 25 24 18 
20 17 5 14 26 3 16 25 24 18 
20 5 5 14 26 3 16 25 24 27 
20 5 5 14 5 3 16 25 24 27 
20 5 22 14 5 3 16 25 24 27 
20 5 22 14 5 3 16 19 24 27 
20 5 22 14 26 3 16 19 24 27 
20 5 25 14 26 3 16 19 9 27 
20 7 25 14 15 3 16 19 9 27 
20 7 25 9 15 3 16 19 9 27 
20 7 25 5 15 3 16 14 9 27 
20 7 25 5 15 3 20 14 25 27 
20 7 25 6 15 3 20 14 14 27 
20 7 25 6 15 3 20 9 14 27 
20 7 25 6 15 3 20 9 14 27 
20 7 18 6 15 6 20 9 14 27 
20 7 17 6 15 6 23 9 14 27 
20 7 17 6 15 12 23 9 14 1 
20 7 17 6 15 12 23 27 14 1 
20 7 17 6 15 12 23 27 14 1 
20 7 17 6 15 12 20 27 14 27 
23 7 17 6 15 12 20 0 14 27 
23 7 17 6 15 12 20 1 14 27 
23 7 18 2 15 12 20 1 14 27 
19 7 18 2 15 23 20 1 14 27 
19 7 18 2 15 23 20 1 18 27 
19 7 18 2 15 23 23 1 18 27 
19 7 18 2 15 23 23 1 18 27 
19 7 18 2 15 23 23 1 18 27 
19 7 18 2 15 23 23 1 14 27 
19 7 18 2 15 23 23 1 14 27 
19 7 18 2 15 23 23 1 14 27 
19 7 18 2 15 23 23 1 14 27 
19 7 18 2 15 23 23 1 14 27 
19 10 18 2 8 23 23 1 14 27 
19 10 18 2 8 20 23 1 14 27 
19 10 18 2 8 20 23 1 14 27 
9 10 18 2 8 20 11 1 14 27 
9 10 18 2 8 20 11 1 14 27 
9 10 18 2 8 20 11 22 9 27 
9 10 25 2 8 20 11 22 9 27 
9 10 25 2 8 20 11 22 9 1 
8 10 25 5 8 20 11 22 9 1 
8 20 25 5 5 20 11 22 9 1 
8 20 25 5 5 23 11 22 9 1 
8 20 25 5 5 23 11 22 9 27 
8 20 25 5 5 23 11 22 14 27 
8 20 14 5 5 23 11 22 14 27 
8 20 14 5 5 12 11 9 14 27 
8 20 14 5 5 12 24 9 14 27 
8 20 19 5 5 12 24 24 14 27 
8 20 19 5 5 12 24 24 14 27 
8 20 19 5 5 12 24 24 18 27 
8 20 19 5 5 3 24 24 18 27 
8 20 19 5 5 3 6 24 25 27 
8 20 19 5 5 3 6 24 25 27 
8 20 19 5 5 3 6 24 25 27 
8 20 19 5 1 3 6 11 25 27 
8 20 19 22 1 3 6 11 13 27 
8 20 19 13 1 3 6 11 13 9 
8 23 19 13 1 3 6 11 13 9 
8 23 19 13 1 3 6 11 13 9 
4 23 19 13 1 3 6 11 13 9 
4 23 15 13 1 3 21 11 13 9 
4 23 15 13 1 3 21 11 13 9 
26 12 15 13 1 3 21 11 13 9 
26 12 15 13 1 3 21 11 13 9 
26 12 15 13 1 3 21 11 10 9 
26 12 25 13 1 24 21 11 10 9 
26 12 25 13 1 24 21 11 10 9 
26 12 25 17 1 24 21 11 10 15 
26 12 25 17 1 24 21 11 10 15 
26 12 25 17 24 24 21 11 10 15 
26 12 25 17 24 24 21 11 10 15 
26 16 25 17 24 24 21 11 10 15 
26 16 25 17 24 24 21 11 10 15 
4 16 25 17 24 10 21 11 10 15 
4 16 25 17 6 10 21 21 10 15 
4 16 6 11 6 10 21 21 10 15 
4 12 6 11 6 10 21 21 15 15 
26 12 6 11 6 10 3 21 15 15 
26 12 6 11 6 10 3 21 15 15 
26 16 6 11 6 10 3 21 15 15 
26 16 6 11 6 10 3 21 15 14 
26 16 6 11 24 10 3 6 15 14 
26 16 6 11 24 10 3 6 15 14 
5 23 6 11 24 10 3 6 15 14 
5 23 6 11 24 11 21 6 15 14 
1 23 6 11 9 11 21 6 15 14 
1 23 6 11 9 11 21 6 15 14 
1 11 6 11 18 11 21 6 15 14 
1 11 6 11 18 11 21 6 10 14 
1 11 6 11 18 11 21 6 10 18 
1 11 6 11 18 11 7 6 10 17 
1 11 6 11 18 24 7 6 15 17 
1 11 6 11 18 24 7 2 15 17 
1 11 6 11 18 24 7 2 15 17 
1 11 6 11 18 24 7 2 15 17 
1 11 6 11 18 24 7 24 10 17 
1 11 6 11 18 24 7 24 10 17 
22 23 6 11 18 24 7 24 10 17 
22 23 6 11 18 15 7 24 10 22 
22 23 6 11 18 15 12 24 10 22 
22 23 6 11 18 15 12 24 14 22 
22 23 6 11 18 15 12 24 14 22 
22 23 7 11 18 15 12 24 14 22 
22 23 7 11 14 15 12 24 14 22 
22 23 7 11 14 15 12 24 18 22 
22 23 7 11 14 15 12 24 18 22 
22 23 7 25 14 15 19 24 18 22 
22 23 7 25 18 15 19 9 18 22 
22 23 7 25 18 14 19 9 25 22 
22 23 12 25 18 10 19 9 25 22 
22 23 12 25 18 10 19 9 25 22 
22 23 12 25 18 10 19 9 25 26 
22 20 12 25 18 15 19 9 25 26 
22 20 12 25 19 15 19 9 15 26 
22 20 12 25 19 15 19 10 15 26 
22 20 12 25 19 15 19 10 15 5 
22 20 12 25 19 15 19 10 15 5 
26 20 12 25 19 15 19 10 15 5 
26 20 12 25 19 15 19 10 15 5 
26 20 12 25 19 15 19 10 15 5 
17 20 10 25 19 15 19 10 15 5 
17 20 10 25 19 15 19 22 24 5 
17 20 10 25 19 15 19 22 24 5 
17 19 10 25 19 15 18 22 24 5 
17 19 10 20 7 15 18 22 24 5 
17 19 10 20 7 18 18 22 24 14 
25 19 10 20 7 18 18 13 24 14 
25 19 10 20 7 18 18 13 24 14 
25 19 10 20 7 18 18 13 11 14 
25 20 10 20 7 14 18 13 11 14 
25 20 10 20 7 14 25 13 11 18 
25 20 10 20 7 8 25 13 11 9 
25 20 15 20 7 8 25 8 11 9 
25 20 15 20 1 8 25 8 22 9 
25 20 15 20 1 8 17 8 22 9 
25 20 15 20 1 8 13 8 22 9 
25 20 15 20 1 8 13 13 5 9 
25 20 15 19 1 8 13 13 5 9 
25 20 11 19 1 0 13 13 5 9 
25 20 11 19 1 0 13 13 5 9 
25 20 11 17 1 0 13 13 9 9 
13 23 11 17 1 0 13 13 9 9 
17 23 11 17 1 0 22 13 9 9 
17 16 11 17 1 0 22 13 9 9 
17 16 11 17 1 0 22 13 9 27 
17 16 11 17 1 0 5 13 9 27 
17 16 21 17 1 0 5 13 9 27 
13 16 21 17 1 0 5 13 9 2 
25 7 21 17 1 0 5 13 9 2 
25 7 21 17 1 26 5 13 9 2 
25 21 21 17 1 26 5 25 9 2 
25 21 21 17 27 26 5 25 9 6 
19 21 2 17 27 26 5 25 9 6 
19 21 2 17 27 4 5 25 9 6 
19 21 2 17 27 4 26 25 9 6 
19 7 2 17 27 4 1 25 9 6 
19 7 2 17 2 4 1 25 10 6 
19 7 2 17 2 26 1 25 10 7 
19 7 2 17 2 26 1 14 10 7 
19 7 2 17 2 22 1 14 10 7 
19 7 2 13 2 22 1 14 10 7 
19 7 2 13 2 22 1 14 10 7 
18 7 2 13 2 22 1 8 10 7 
18 7 2 13 2 22 1 8 10 7 
18 7 2 13 2 5 1 8 10 7 
18 7 1 13 2 5 1 8 10 21 
18 7 1 8 2 5 0 8 10 21 
18 7 1 8 2 5 0 8 14 21 
18 7 1 8 27 5 0 8 14 21 
18 7 1 8 27 9 0 8 14 21 
18 7 1 8 27 9 0 8 14 21 
18 7 1 8 27 10 0 8 14 21 
18 7 1 8 27 10 0 8 14 21 
18 7 1 8 27 10 0 8 14 21 
18 7 1 8 27 10 0 8 14 21 
18 7 1 8 27 10 13 8 14 21 
18 7 4 8 27 10 13 8 14 16 
18 12 4 17 27 10 13 8 14 16 
8 12 4 17 6 10 13 8 14 16 
8 12 4 17 6 10 13 8 14 16 
8 12 4 17 6 10 13 13 14 16 
8 12 4 17 6 10 13 13 14 16 
8 12 4 17 6 10 13 13 14 16 
8 12 4 17 6 10 13 8 14 16 
8 12 4 17 6 10 15 9 14 16 
8 12 4 26 6 20 15 9 14 16 
8 16 5 26 6 20 15 9 14 16 
8 16 5 26 6 20 15 10 14 16 
8 16 5 2 6 20 15 10 16 16 
0 16 24 2 6 20 15 10 16 16 
0 11 24 2 6 20 10 10 16 16 
0 11 24 2 6 20 10 10 16 16 
0 11 24 2 6 20 10 10 16 16 
0 11 24 2 24 20 10 10 16 16 
0 11 24 2 24 20 9 10 16 16 
0 6 24 2 24 20 15 10 16 16 
0 6 24 2 24 20 15 9 16 23 
0 6 24 1 16 20 15 9 16 23 
0 6 24 1 16 20 15 9 16 23 
0 6 24 1 16 23 15 9 16 23 
21 6 24 1 7 23 15 9 16 23 
21 6 24 1 7 23 15 9 16 23 
21 6 24 1 7 23 25 10 16 23 
21 6 24 1 7 23 25 10 12 23 
21 6 24 1 7 20 25 10 12 23 
21 3 24 1 7 20 25 10 12 23 
21 3 24 1 7 23 25 10 12 23 
21 3 7 1 7 16 25 10 12 23 
21 3 7 1 7 16 25 10 12 20 
21 3 7 1 7 16 14 9 12 20 
21 3 7 1 7 16 14 9 12 23 
21 3 7 1 7 16 14 24 16 23 
21 3 7 1 7 16 14 24 16 23 
21 3 7 9 7 16 14 24 16 19 
21 3 7 9 7 16 14 24 16 19 
21 21 7 9 7 12 14 24 16 19 
2 21 7 9 7 12 9 24 16 19 
2 6 7 9 7 12 9 24 16 19 
2 0 7 9 7 12 9 24 16 19 
2 0 7 9 11 12 9 24 23 19 
2 0 16 9 11 12 9 24 23 19 
15 0 16 25 11 12 9 24 23 19 
15 0 16 25 11 12 9 21 23 20 
15 0 16 25 11 3 12 21 23 20 
15 0 16 25 11 3 12 21 23 20 
15 0 16 25 11 3 12 2 20 20 
15 0 19 25 27 3 12 2 20 20 
15 4 19 25 27 3 12 21 20 20 
15 4 19 25 9 3 12 21 20 20 
15 4 19 25 9 3 12 21 23 20 
15 4 19 25 9 3 12 21 23 20 
15 4 12 25 9 3 12 2 23 20 
10 0 12 25 9 3 12 2 23 20 
10 0 12 17 9 3 12 2 23 21 
10 0 12 25 9 3 12 2 23 21 
4 0 12 25 9 3 12 11 23 21 
4 0 12 25 10 3 12 11 20 21 
4 0 12 18 10 3 12 11 20 21 
4 0 12 18 10 3 12 11 20 21 
4 0 12 18 10 21 12 11 14 21 
4 5 12 18 9 21 12 11 14 21 
4 5 16 18 9 21 12 11 14 21 
5 5 16 18 9 21 12 11 14 21 
5 4 20 18 9 21 12 11 14 21 
5 4 20 13 9 21 12 11 14 3 
5 0 20 17 9 21 12 11 14 3 
5 0 20 17 27 21 12 11 14 3 
5 0 20 17 27 21 12 11 8 3 
5 0 20 17 27 21 12 11 8 3 
1 0 20 17 27 6 12 11 8 3 
1 0 23 17 1 6 12 11 8 3 
1 0 23 17 1 6 12 11 8 3 
1 0 23 17 2 6 12 11 8 3 
1 0 16 17 2 6 12 11 8 3 
1 0 16 17 2 6 12 11 8 3 
1 0 16 17 2 8 12 13 8 3 
1 0 16 17 2 8 6 13 22 3 
1 0 12 17 2 8 6 13 22 7 
1 0 23 10 2 8 6 13 22 7 
1 4 23 10 2 8 6 13 22 7 
27 4 23 10 2 8 6 13 22 7 
27 22 23 10 21 8 6 13 22 7 
27 22 23 10 21 8 6 13 22 7 
27 22 23 10 21 8 6 13 26 7 
27 22 23 10 21 8 4 13 26 26 
1 22 23 10 21 8 4 13 26 26 
1 22 23 10 21 8 4 13 26 26 
5 22 23 24 21 8 4 13 26 26 
5 22 20 24 21 8 4 13 26 26 
5 22 20 24 6 8 4 13 0 26 
5 22 20 11 6 22 4 13 0 26 
5 22 14 11 6 22 4 13 4 26 
5 22 15 11 6 22 4 13 4 26 
5 13 15 11 21 22 4 13 4 26 
4 13 15 11 21 22 4 8 4 26 
4 18 15 11 21 26 4 8 4 26 
4 18 15 9 6 26 4 8 4 26 
4 18 15 9 6 26 4 8 4 4 
4 18 15 9 27 26 4 8 4 4 
22 18 15 9 27 26 4 8 4 4 
26 18 15 9 27 26 4 8 4 4 
26 18 15 9 27 26 4 13 4 4 
26 18 15 9 27 26 4 17 13 4 
26 18 23 8 27 26 4 17 13 4 
26 18 23 8 27 26 4 17 13 0 
26 18 23 8 27 3 5 17 13 0 
27 18 23 8 27 3 5 13 13 0 
5 18 23 8 27 3 5 13 18 0 
5 18 23 8 27 3 5 13 18 0 
5 18 23 8 27 3 5 17 18 0 
5 18 23 8 27 3 5 17 18 0 
5 18 16 8 27 3 5 17 18 0 
5 25 16 8 27 3 5 17 18 26 
5 25 16 8 27 3 5 17 18 26 
5 25 16 8 27 3 5 17 18 26 
26 25 16 8 24 3 5 17 18 26 
26 25 7 0 24 3 5 17 18 26 
26 22 7 0 24 3 5 17 19 26 
26 22 7 0 6 3 5 17 19 26 
26 22 7 0 6 3 19 17 19 26 
3 22 7 0 6 3 15 17 19 26 
1 22 7 0 19 3 15 17 19 26 
1 22 7 0 19 3 15 8 19 26 
1 22 3 0 19 3 15 4 19 26 
1 22 3 0 19 3 15 4 19 26 
1 22 3 0 19 3 15 4 19 26 
1 22 3 0 19 3 15 0 15 26 
1 25 3 8 19 3 15 0 15 26 
1 25 11 8 19 3 15 27 15 26 
1 17 11 8 19 3 15 27 19 26 
1 17 11 8 19 24 15 27 19 26 
1 17 11 8 19 24 15 27 19 4 
1 17 11 8 19 24 15 11 19 15 
27 17 24 8 19 24 15 11 19 15 
14 17 24 8 19 24 15 11 16 15 
14 17 24 4 19 19 15 11 16 15 
14 17 24 4 19 9 15 11 10 15 
14 17 24 4 19 9 17 11 10 15 
14 17 24 4 19 9 17 11 10 10 
14 13 24 1 19 9 17 11 10 10 
14 13 24 1 19 9 17 11 10 10 
14 13 24 1 16 9 17 11 10 13 
14 13 24 1 16 9 17 3 10 24 
14 13 12 1 16 9 17 3 10 24 
14 8 16 1 16 9 17 3 10 24 
14 8 16 6 16 9 13 3 10 24 
14 8 16 6 11 9 13 3 2 24 
10 8 16 7 11 9 13 3 2 24 
10 8 16 7 11 9 18 7 2 24 
16 8 16 7 11 25 18 7 2 24 
16 11 3 7 11 25 18 7 2 24 
16 11 3 21 11 25 19 7 2 24 
12 11 3 21 11 25 19 7 2 24 
12 24 3 21 11 25 19 7 2 2 
12 24 3 21 11 25 20 7 1 2 
2 0 3 21 11 25 20 7 1 2 
2 0 3 21 11 25 20 12 22 2 
2 0 3 21 11 23 20 12 22 27 
2 0 3 11 20 23 20 12 22 27 
0 0 0 0 0 0 0 0 0 0 
;
ROBOT MOVING BEST:
0 0 0 0 0 0 0 0 0 0 
0 0 1 1 0 0 0 0 0 0 
1 0 0 0 0 0 1 0 0 0 
0 0 0 0 1 1 0 0 0 0 
1 0 0 0 0 0 0 1 0 0 
1 1 0 0 0 0 0 0 0 0 
0 0 1 0 0 0 1 0 0 0 
0 0 0 1 0 0 0 0 1 0 
0 0 0 0 1 0 0 1 0 0 
0 1 0 0 0 0 1 0 0 0 
0 0 1 1 0 0 0 0 0 0 
0 0 0 0 0 1 0 0 0 1 
0 0 0 0 0 0 1 1 0 0 
0 0 0 0 0 1 0 0 1 0 
0 0 1 0 0 0 0 0 0 1 
1 0 0 1 0 0 0 0 0 0 
1 0 0 1 0 0 0 0 0 0 
0 0 0 0 0 1 0 0 1 0 
1 0 0 0 0 1 0 0 0 0 
1 0 0 0 0 0 1 0 0 0 
0 0 0 1 0 0 0 0 1 0 
0 0 0 1 0 1 0 0 0 0 
0 0 0 1 0 0 0 0 1 0 
0 0 1 0 0 1 0 0 0 0 
0 0 0 0 0 0 0 0 1 1 
0 0 1 1 0 0 0 0 0 0 
0 0 1 0 0 1 0 0 0 0 
0 0 1 0 0 1 0 0 0 0 
0 0 0 1 0 0 0 0 0 1 
0 0 0 1 0 0 0 0 1 0 
0 1 0 0 0 1 0 0 0 0 
0 0 0 0 1 0 0 0 0 1 
0 1 0 0 0 0 0 0 0 1 
0 0 1 1 0 0 0 0 0 0 
0 0 0 0 0 1 0 0 0 1 
0 0 0 0 1 0 0 0 1 0 
0 0 0 1 0 0 0 0 1 0 
0 0 1 0 1 0 0 0 0 0 
0 1 0 0 0 0 0 1 0 0 
0 1 0 0 0 0 0 0 0 1 
0 0 0 0 1 0 0 1 0 0 
0 0 1 1 0 0 0 0 0 0 
0 0 0 0 0 1 0 1 0 0 
0 0 0 1 1 0 0 0 0 0 
0 0 1 0 0 0 0 0 1 0 
0 1 0 0 1 0 0 0 0 0 
0 0 0 1 0 1 0 0 0 0 
0 0 0 1 0 0 0 1 0 0 
0 0 0 0 0 0 1 0 1 0 
0 0 0 1 0 0 0 0 1 0 
1 0 0 0 0 0 0 1 0 0 
0 0 1 0 0 1 0 0 0 0 
0 0 1 0 0 1 0 0 0 0 
0 0 1 0 0 0 1 0 0 0 
0 0 0 0 0 1 0 0 0 1 
0 0 1 0 0 0 0 1 0 0 
0 0 0 0 0 0 1 0 1 0 
0 0 0 0 0 0 1 0 0 1 
1 0 0 0 0 0 0 1 0 0 
0 0 0 0 1 0 0 1 0 0 
0 0 1 1 0 0 0 0 0 0 
1 0 0 0 0 1 0 0 0 0 
0 0 0 0 0 0 1 0 1 0 
0 0 0 0 0 0 1 0 1 0 
0 1 0 1 0 0 0 0 0 0 
0 1 0 0 0 0 1 0 0 0 
0 0 0 0 0 0 0 1 1 0 
0 0 1 0 0 0 0 0 0 1 
0 0 0 1 0 0 1 0 0 0 
0 0 0 0 0 0 0 1 0 1 
0 0 0 0 1 0 0 0 0 1 
0 1 0 0 1 0 0 0 0 0 
0 0 0 0 0 1 1 0 0 0 
0 0 1 0 0 0 0 1 0 0 
1 0 0 0 0 0 1 0 0 0 
0 0 0 1 0 0 0 1 0 0 
0 0 0 0 0 0 0 1 1 0 
0 0 1 1 0 0 0 0 0 0 
0 0 1 0 0 0 0 0 0 1 
1 0 0 1 0 0 0 0 0 0 
0 1 0 0 1 0 0 0 0 0 
0 0 1 0 0 1 0 0 0 0 
0 0 0 0 0 0 0 0 1 1 
0 0 0 0 0 0 1 0 1 0 
0 0 1 0 0 0 0 0 0 1 
0 0 0 0 0 1 0 1 0 0 
0 0 0 0 0 0 1 1 0 0 
0 0 1 0 0 0 0 1 0 0 
0 0 0 0 0 1 0 0 0 1 
0 0 0 0 0 1 0 0 1 0 
0 0 0 0 0 1 0 0 0 1 
0 0 0 0 0 0 1 0 1 0 
0 0 0 0 1 0 1 0 0 0 
1 1 0 0 0 0 0 0 0 0 
0 0 0 0 1 0 0 1 0 0 
0 0 0 1 0 0 0 0 1 0 
0 0 0 1 0 0 0 0 0 1 
0 1 0 0 0 0 1 0 0 0 
1 0 1 0 0 0 0 0 0 0 
1 0 0 0 0 0 0 0 1 0 
0 0 1 0 0 0 1 0 0 0 
1 1 0 0 0 0 0 0 0 0 
1 1 0 0 0 0 0 0 0 0 
0 0 0 0 0 0 1 0 0 1 
0 0 0 0 0 0 1 0 1 0 
0 0 1 0 0 1 0 0 0 0 
0 0 0 1 0 0 0 1 0 0 
0 0 0 1 0 0 0 0 0 1 
1 0 0 0 0 0 0 1 0 0 
0 0 0 0 1 0 1 0 0 0 
0 1 0 0 0 0 0 1 0 0 
1 1 0 0 0 0 0 0 0 0 
0 0 0 0 0 1 0 1 0 0 
1 0 0 0 0 1 0 0 0 0 
0 0 0 0 1 0 0 1 0 0 
0 0 1 1 0 0 0 0 0 0 
0 1 0 0 0 0 0 0 1 0 
1 0 0 0 0 0 1 0 0 0 
0 0 0 0 0 1 0 0 1 0 
0 1 0 0 0 0 0 0 1 0 
0 0 0 0 0 1 0 0 0 1 
0 0 0 0 1 0 0 1 0 0 
0 1 0 0 0 0 1 0 0 0 
1 1 0 0 0 0 0 0 0 0 
0 0 0 0 0 1 1 0 0 0 
1 0 0 0 1 0 0 0 0 0 
0 0 0 0 0 0 0 0 1 1 
0 1 0 0 1 0 0 0 0 0 
0 0 0 0 0 0 0 1 1 0 
0 0 0 0 0 0 0 0 1 1 
0 0 0 0 0 0 1 0 0 1 
0 0 0 0 0 1 0 0 1 0 
0 0 0 0 0 0 0 1 0 1 
0 0 0 0 0 0 0 1 1 0 
0 0 0 0 0 1 1 0 0 0 
0 0 0 0 0 0 0 1 1 0 
1 0 0 0 0 1 0 0 0 0 
1 1 0 0 0 0 0 0 0 0 
0 0 0 0 0 1 0 0 0 1 
0 0 1 0 0 0 1 0 0 0 
0 0 0 0 0 0 1 0 1 0 
0 0 0 0 1 0 0 1 0 0 
0 0 1 1 0 0 0 0 0 0 
0 0 1 0 1 0 0 0 0 0 
0 0 0 0 0 1 0 0 1 0 
0 0 1 0 0 0 0 0 0 1 
0 0 0 1 0 0 1 0 0 0 
0 0 0 0 1 0 0 1 0 0 
0 0 0 0 0 1 0 0 1 0 
0 0 1 0 0 1 0 0 0 0 
0 0 0 0 1 0 0 0 0 1 
0 0 0 0 0 0 0 1 0 1 
0 1 0 0 0 1 0 0 0 0 
0 0 0 0 1 0 0 0 1 0 
1 0 0 0 0 0 0 1 0 0 
0 0 0 0 0 0 0 1 0 1 
1 0 0 0 0 0 0 0 0 1 
1 0 0 0 0 0 0 1 0 0 
0 0 0 0 0 0 0 0 1 1 
0 0 1 0 1 0 0 0 0 0 
1 0 1 0 0 0 0 0 0 0 
0 0 0 0 0 0 0 1 1 0 
0 0 0 0 1 0 0 0 0 1 
0 1 0 0 0 0 1 0 0 0 
0 0 0 1 1 0 0 0 0 0 
0 0 0 0 0 1 0 0 0 1 
1 0 0 0 0 0 0 1 0 0 
0 1 0 0 0 0 0 0 0 1 
1 0 0 0 0 0 0 0 1 0 
0 1 0 0 0 1 0 0 0 0 
0 0 0 0 0 0 1 0 0 1 
0 0 0 0 0 1 0 0 0 1 
0 0 1 0 0 0 0 1 0 0 
0 0 0 0 1 0 0 0 1 0 
0 1 0 0 0 0 1 0 0 0 
0 1 0 0 0 0 1 0 0 0 
0 0 0 0 0 0 0 1 1 0 
0 0 0 1 0 0 1 0 0 0 
0 0 1 0 0 1 0 0 0 0 
0 1 0 1 0 0 0 0 0 0 
0 0 0 1 0 0 0 0 1 0 
1 1 0 0 0 0 0 0 0 0 
1 0 0 0 0 0 1 0 0 0 
0 1 0 0 0 0 1 0 0 0 
0 1 0 0 0 0 0 0 0 1 
0 0 0 0 1 0 1 0 0 0 
0 0 1 0 0 0 1 0 0 0 
1 0 0 0 0 0 0 0 0 1 
1 1 0 0 0 0 0 0 0 0 
0 0 1 0 0 1 0 0 0 0 
0 1 0 0 0 0 0 1 0 0 
0 0 0 0 1 0 0 0 0 1 
1 0 1 0 0 0 0 0 0 0 
0 0 0 0 0 1 0 1 0 0 
0 0 0 0 1 0 1 0 0 0 
0 1 0 0 0 0 1 0 0 0 
0 0 0 0 1 0 0 0 1 0 
0 0 0 0 0 1 0 0 0 1 
0 0 1 0 0 0 0 1 0 0 
0 0 1 0 0 1 0 0 0 0 
0 0 0 1 0 0 0 1 0 0 
1 1 0 0 0 0 0 0 0 0 
1 0 0 0 0 0 0 1 0 0 
0 0 0 1 0 0 0 0 0 1 
0 1 0 0 0 1 0 0 0 0 
0 0 1 0 0 0 0 0 0 1 
0 0 0 1 0 0 1 0 0 0 
0 0 0 1 0 0 0 0 1 0 
0 1 0 0 1 0 0 0 0 0 
0 1 0 0 0 1 0 0 0 0 
0 0 0 0 0 0 1 0 1 0 
0 0 0 0 1 1 0 0 0 0 
0 0 0 0 0 0 1 0 0 1 
0 0 1 1 0 0 0 0 0 0 
0 0 0 1 0 0 0 0 0 1 
1 0 0 0 0 0 1 0 0 0 
0 0 1 0 0 0 0 0 0 1 
0 1 0 1 0 0 0 0 0 0 
1 0 0 0 1 0 0 0 0 0 
0 0 0 1 0 0 0 0 1 0 
0 0 0 0 0 1 0 1 0 0 
0 1 0 0 0 0 0 0 0 1 
0 1 1 0 0 0 0 0 0 0 
0 1 0 0 0 0 0 1 0 0 
0 0 0 0 0 0 1 1 0 0 
0 0 0 1 0 1 0 0 0 0 
0 1 1 0 0 0 0 0 0 0 
0 0 0 0 0 0 0 1 0 1 
0 0 0 1 0 0 0 0 1 0 
1 0 1 0 0 0 0 0 0 0 
0 1 0 0 0 0 1 0 0 0 
0 0 0 0 1 1 0 0 0 0 
0 0 0 0 1 0 0 0 0 1 
0 0 0 0 1 1 0 0 0 0 
0 0 0 0 0 0 1 0 0 1 
0 1 0 0 0 0 1 0 0 0 
0 0 0 0 0 0 0 1 0 1 
0 0 0 1 1 0 0 0 0 0 
1 0 0 0 0 0 0 1 0 0 
0 0 1 0 0 1 0 0 0 0 
1 0 0 0 1 0 0 0 0 0 
0 0 0 0 0 0 0 0 1 1 
0 0 0 0 0 0 1 1 0 0 
0 0 1 0 0 0 0 0 1 0 
0 0 0 0 0 1 0 0 1 0 
0 1 0 0 0 0 0 1 0 0 
0 0 0 0 0 1 0 0 1 0 
0 0 1 0 0 1 0 0 0 0 
0 1 0 0 0 0 0 0 0 1 
0 0 0 0 0 0 1 1 0 0 
0 1 0 0 0 0 0 0 0 1 
0 0 0 0 0 0 0 1 1 0 
0 1 0 0 0 0 1 0 0 0 
0 0 0 1 0 0 0 0 0 1 
0 1 1 0 0 0 0 0 0 0 
0 1 0 0 0 1 0 0 0 0 
1 0 0 0 0 0 1 0 0 0 
0 1 0 0 0 0 0 0 0 1 
0 1 0 0 0 1 0 0 0 0 
0 0 0 0 1 0 0 0 1 0 
0 0 1 0 0 0 0 0 0 1 
1 0 0 1 0 0 0 0 0 0 
0 0 0 0 0 0 0 1 0 1 
0 0 0 0 0 1 1 0 0 0 
0 0 1 0 1 0 0 0 0 0 
0 0 0 0 0 0 0 1 1 0 
0 0 1 0 1 0 0 0 0 0 
0 1 0 0 0 0 0 1 0 0 
0 1 0 0 1 0 0 0 0 0 
0 0 0 0 0 0 0 1 1 0 
1 0 0 0 0 0 0 0 1 0 
0 0 1 0 0 0 0 1 0 0 
1 1 0 0 0 0 0 0 0 0 
0 0 0 1 0 0 0 0 0 1 
0 1 0 1 0 0 0 0 0 0 
1 0 0 0 0 0 0 1 0 0 
0 0 0 0 1 0 0 0 1 0 
0 0 0 1 0 0 0 0 0 1 
0 1 0 0 0 1 0 0 0 0 
0 0 0 0 0 1 0 0 1 0 
0 1 0 0 1 0 0 0 0 0 
0 0 1 0 0 0 0 0 0 1 
1 0 0 0 0 0 1 0 0 0 
0 1 1 0 0 0 0 0 0 0 
0 0 0 1 0 0 0 0 0 1 
0 1 0 1 0 0 0 0 0 0 
0 0 0 0 1 1 0 0 0 0 
0 0 0 0 0 0 0 1 1 0 
0 0 0 0 0 1 0 0 0 1 
1 0 0 0 0 1 0 0 0 0 
0 0 1 0 1 0 0 0 0 0 
0 0 0 0 1 0 0 0 0 1 
0 0 0 0 1 0 0 0 0 1 
0 1 1 0 0 0 0 0 0 0 
0 0 1 1 0 0 0 0 0 0 
0 0 0 0 0 1 0 1 0 0 
0 0 0 0 0 0 1 0 1 0 
0 0 1 0 0 0 0 0 0 1 
0 0 1 1 0 0 0 0 0 0 
0 1 0 0 0 0 0 0 0 1 
1 0 0 0 1 0 0 0 0 0 
0 1 0 0 1 0 0 0 0 0 
0 0 0 0 0 0 1 0 0 1 
0 0 0 0 0 0 1 0 1 0 
0 0 0 0 0 0 1 0 0 1 
1 0 0 1 0 0 0 0 0 0 
0 0 1 0 0 0 0 0 1 0 
1 0 0 1 0 0 0 0 0 0 
0 1 1 0 0 0 0 0 0 0 
0 0 0 0 1 0 0 0 1 0 
0 0 0 1 0 1 0 0 0 0 
0 0 1 0 0 0 0 0 1 0 
0 0 1 0 0 0 1 0 0 0 
0 1 0 0 1 0 0 0 0 0 
1 0 0 0 0 0 0 1 0 0 
0 1 0 0 0 1 0 0 0 0 
0 0 0 1 1 0 0 0 0 0 
0 1 0 0 0 0 0 0 0 1 
0 0 0 0 1 0 1 0 0 0 
1 0 0 0 0 0 0 1 0 0 
1 0 1 0 0 0 0 0 0 0 
0 0 1 0 0 0 0 1 0 0 
0 0 0 0 0 0 0 1 1 0 
0 0 1 1 0 0 0 0 0 0 
0 1 0 0 0 0 0 0 0 1 
0 0 0 0 0 1 1 0 0 0 
1 0 0 0 0 0 0 1 0 0 
1 0 0 0 0 0 0 0 1 0 
0 0 0 0 0 0 0 1 0 1 
0 1 0 0 0 0 0 1 0 0 
0 0 0 1 0 0 0 1 0 0 
0 0 1 0 0 0 0 0 1 0 
0 1 0 0 0 0 0 0 0 1 
0 0 0 0 0 1 0 1 0 0 
0 0 0 1 0 1 0 0 0 0 
1 0 0 0 1 0 0 0 0 0 
0 0 1 1 0 0 0 0 0 0 
0 1 0 0 0 0 0 0 1 0 
0 0 0 0 1 1 0 0 0 0 
0 0 0 0 0 0 1 0 0 1 
1 0 0 0 0 0 1 0 0 0 
1 0 0 0 1 0 0 0 0 0 
0 0 1 0 0 0 0 1 0 0 
0 0 1 0 0 0 0 1 0 0 
0 0 0 1 0 0 0 0 1 0 
0 1 0 0 0 1 0 0 0 0 
0 0 0 0 0 0 0 1 1 0 
0 1 0 1 0 0 0 0 0 0 
0 0 1 0 0 0 0 1 0 0 
0 1 0 0 0 0 0 0 1 0 
0 0 0 1 0 1 0 0 0 0 
0 0 0 0 0 1 0 0 0 1 
0 0 0 0 0 0 0 1 0 1 
1 0 1 0 0 0 0 0 0 0 
1 0 0 0 0 0 0 0 1 0 
0 0 0 1 0 1 0 0 0 0 
0 0 0 0 0 1 0 0 1 0 
0 0 0 0 0 0 1 1 0 0 
0 0 0 0 1 0 0 0 0 1 
0 1 0 1 0 0 0 0 0 0 
0 0 0 0 1 0 0 1 0 0 
0 0 0 0 1 0 0 0 0 1 
0 0 0 0 0 0 0 1 0 1 
0 1 1 0 0 0 0 0 0 0 
0 1 1 0 0 0 0 0 0 0 
0 0 0 1 0 0 1 0 0 0 
0 0 0 0 1 0 0 0 1 0 
1 0 0 1 0 0 0 0 0 0 
0 0 0 0 0 0 1 1 0 0 
1 0 0 0 0 1 0 0 0 0 
0 1 1 0 0 0 0 0 0 0 
0 0 0 1 0 0 1 0 0 0 
1 0 0 0 0 1 0 0 0 0 
0 1 0 0 0 0 0 0 0 1 
0 0 0 0 0 0 1 0 1 0 
1 1 0 0 0 0 0 0 0 0 
0 0 0 0 0 0 0 1 1 0 
0 0 0 0 0 1 0 0 0 1 
0 0 0 1 1 0 0 0 0 0 
1 0 1 1 1 1 1 1 1 1 
;
TIMETABLE BEST: 
0.0 0.0 0.0 0.0 0.0 0.0 0.0 0.0 0.0 0.0 
0 0 24 24 0 0 0 0 0 0 
14 0 24 24 0 0 14 0 0 0 
14 0 24 24 18 18 14 0 0 0 
17 0 24 24 18 18 14 17 0 0 
56 56 24 24 18 18 14 17 0 0 
56 56 28 24 18 18 28 17 0 0 
56 56 28 35 18 18 28 17 35 0 
56 56 28 35 98 18 28 98 35 0 
56 93 28 35 98 18 93 98 35 0 
56 93 58 58 98 18 93 98 35 0 
56 93 58 58 98 18 93 98 35 18 
56 93 58 58 98 18 152 152 35 18 
56 93 58 58 98 49 152 152 49 18 
56 93 78 58 98 49 152 152 49 78 
58 93 78 58 98 49 152 152 49 78 
69 93 78 69 98 49 152 152 49 78 
69 93 78 69 98 58 152 152 58 78 
76 93 78 69 98 76 152 152 58 78 
220 93 78 69 98 76 220 152 58 78 
220 93 78 69 98 76 220 152 69 78 
220 93 78 76 98 76 220 152 69 78 
220 93 78 90 98 76 220 152 90 78 
220 93 78 90 98 78 220 152 90 78 
220 93 78 90 98 78 220 152 90 90 
220 93 90 90 98 78 220 152 90 90 
220 93 90 90 98 90 220 152 90 90 
220 93 128 90 98 128 220 152 90 90 
220 93 128 101 98 128 220 152 90 101 
220 93 128 125 98 128 220 152 125 101 
220 151 128 125 98 151 220 152 125 101 
220 151 128 125 123 151 220 152 125 123 
220 151 128 125 123 151 220 152 125 151 
220 151 140 140 123 151 220 152 125 151 
220 151 140 140 123 190 220 152 125 190 
220 151 140 140 134 190 220 152 134 190 
220 151 140 169 134 190 220 152 169 190 
220 151 152 169 152 190 220 152 169 190 
220 152 152 169 152 190 220 152 169 190 
220 232 152 169 152 190 220 152 169 232 
220 232 152 169 161 190 220 161 169 232 
220 232 169 169 161 190 220 161 169 232 
220 232 169 169 161 194 220 194 169 232 
220 232 169 170 170 194 220 194 169 232 
220 232 201 170 170 194 220 194 201 232 
220 298 201 170 298 194 220 194 201 232 
220 298 201 194 298 194 220 194 201 232 
220 298 201 223 298 194 220 223 201 232 
220 298 201 223 298 194 241 223 241 232 
220 298 201 271 298 194 241 223 271 232 
239 298 201 271 298 194 241 239 271 232 
239 298 201 271 298 201 241 239 271 232 
239 298 225 271 298 225 241 239 271 232 
239 298 251 271 298 225 251 239 271 232 
239 298 251 271 298 263 251 239 271 263 
239 298 254 271 298 263 251 254 271 263 
239 298 254 271 298 263 271 254 271 263 
239 298 254 271 298 263 281 254 271 281 
287 298 254 271 298 263 281 287 271 281 
287 298 254 271 305 263 281 305 271 281 
287 298 289 289 305 263 281 305 271 281 
310 298 289 289 305 310 281 305 271 281 
310 298 289 289 305 310 282 305 282 281 
310 298 289 289 305 310 292 305 292 281 
310 298 289 298 305 310 292 305 292 281 
310 298 289 298 305 310 298 305 292 281 
310 298 289 298 305 310 298 305 305 281 
310 298 289 298 305 310 298 305 305 289 
310 298 289 298 305 310 298 305 305 289 
310 298 289 298 305 310 298 305 305 305 
310 298 289 298 305 310 298 305 305 305 
310 348 289 298 348 310 298 305 305 305 
310 348 289 298 348 320 320 305 305 305 
310 348 305 298 348 320 320 305 305 305 
355 348 305 298 348 320 355 305 305 305 
355 348 305 305 348 320 355 305 305 305 
355 348 305 305 348 320 355 335 335 305 
355 348 318 318 348 320 355 335 335 305 
355 348 320 318 348 320 355 335 335 320 
387 348 320 387 348 320 355 335 335 320 
387 384 320 387 384 320 355 335 335 320 
387 384 330 387 384 330 355 335 335 320 
387 384 330 387 384 330 355 335 335 335 
387 384 330 387 384 330 355 335 355 335 
387 384 346 387 384 330 355 335 355 346 
387 384 346 387 384 359 355 359 355 346 
387 384 346 387 384 359 373 373 355 346 
387 384 388 387 384 359 373 388 355 346 
387 384 388 387 384 359 373 388 355 359 
387 384 388 387 384 366 373 388 366 359 
387 384 388 387 384 400 373 388 366 400 
387 384 388 387 384 400 386 388 386 400 
387 384 388 387 386 400 386 388 386 400 
387 387 388 387 386 400 386 388 386 400 
387 387 388 387 406 400 386 406 386 400 
387 387 388 399 406 400 386 406 399 400 
387 387 388 418 406 400 386 406 399 418 
387 397 388 418 406 400 397 406 399 418 
388 397 388 418 406 400 397 406 399 418 
402 397 388 418 406 400 397 406 402 418 
402 397 412 418 406 400 412 406 402 418 
402 402 412 418 406 400 412 406 402 418 
424 424 412 418 406 400 412 406 402 418 
424 424 412 418 406 400 418 406 402 418 
424 424 412 418 406 400 439 406 439 418 
424 424 437 418 406 437 439 406 439 418 
424 424 437 418 406 437 439 418 439 418 
424 424 437 439 406 437 439 418 439 439 
424 424 437 439 406 437 439 424 439 439 
424 424 437 439 443 437 443 424 439 439 
424 424 437 439 443 437 443 424 439 439 
435 435 437 439 443 437 443 424 439 439 
435 435 437 439 443 437 443 437 439 439 
450 435 437 439 443 450 443 437 439 439 
450 435 437 439 456 450 443 456 439 439 
450 435 504 504 456 450 443 456 439 439 
450 450 504 504 456 450 443 456 450 439 
461 450 504 504 456 450 461 456 450 439 
461 450 504 504 456 450 461 456 450 439 
461 461 504 504 456 450 461 456 461 439 
461 461 504 504 456 452 461 456 461 452 
461 461 504 504 469 452 461 469 461 452 
461 461 504 504 469 452 461 469 461 452 
472 472 504 504 469 452 461 469 461 452 
472 472 504 504 469 473 473 469 461 452 
490 472 504 504 490 473 473 469 461 452 
490 472 504 504 490 473 473 469 461 461 
490 517 504 504 517 473 473 469 461 461 
490 517 504 504 517 473 473 472 472 461 
490 517 504 504 517 473 473 472 472 472 
490 517 504 504 517 473 489 472 472 489 
490 517 504 504 517 491 489 472 491 489 
490 517 504 504 517 491 489 490 491 490 
490 517 504 504 517 491 489 491 491 490 
490 517 504 504 517 491 491 491 491 490 
490 517 504 504 517 491 491 510 510 490 
491 517 504 504 517 491 491 510 510 490 
552 552 504 504 517 491 491 510 510 490 
552 552 504 504 517 520 491 510 510 520 
552 552 509 504 517 520 509 510 510 520 
552 552 509 504 517 520 528 510 528 520 
552 552 509 504 517 520 528 517 528 520 
552 552 529 529 517 520 528 517 528 520 
552 552 529 529 529 520 528 517 528 520 
552 552 529 529 529 539 528 517 539 520 
552 552 529 529 529 539 528 517 539 529 
552 552 529 582 529 539 582 517 539 529 
552 552 529 582 540 539 582 540 539 529 
552 552 529 582 540 552 582 540 552 529 
552 552 570 582 540 570 582 540 552 529 
552 552 570 582 540 570 582 540 552 540 
552 552 570 582 540 570 582 551 552 551 
552 581 570 582 540 581 582 551 552 551 
552 581 570 582 575 581 582 551 575 551 
565 581 570 582 575 581 582 565 575 551 
565 581 570 582 575 581 582 565 575 565 
565 581 570 582 575 581 582 565 575 565 
576 581 570 582 575 581 582 576 575 565 
576 581 570 582 575 581 582 576 575 575 
576 581 575 582 575 581 582 576 575 575 
621 581 621 582 575 581 582 576 575 575 
621 581 621 582 575 581 582 614 614 575 
621 581 621 582 575 581 582 614 614 575 
621 602 621 582 575 581 602 614 614 575 
621 602 621 630 630 581 602 614 614 575 
621 602 621 630 630 605 602 614 614 605 
633 602 621 630 630 605 602 633 614 605 
633 605 621 630 630 605 602 633 614 605 
633 605 621 630 630 605 602 633 633 605 
633 618 621 630 630 618 602 633 633 605 
633 618 621 630 630 618 616 633 633 616 
633 618 621 630 630 648 616 633 633 648 
633 618 646 630 630 648 616 646 633 648 
633 618 646 630 686 648 616 646 686 648 
633 628 646 630 686 648 628 646 686 648 
633 639 646 630 686 648 639 646 686 648 
633 639 646 630 686 648 639 698 698 648 
633 639 646 643 686 648 643 698 698 648 
633 639 676 643 686 676 643 698 698 648 
633 643 676 643 686 676 643 698 698 648 
633 643 676 720 686 676 643 698 720 648 
653 653 676 720 686 676 643 698 720 648 
664 653 676 720 686 676 664 698 720 648 
664 664 676 720 686 676 664 698 720 648 
664 664 676 720 686 676 664 698 720 664 
664 664 676 720 686 676 686 698 720 664 
664 664 695 720 686 676 695 698 720 664 
683 664 695 720 686 676 695 698 720 683 
696 696 695 720 686 676 695 698 720 683 
696 696 695 720 686 695 695 698 720 683 
696 711 695 720 686 695 695 711 720 683 
696 711 695 720 701 695 695 711 720 701 
729 711 729 720 701 695 695 711 720 701 
729 711 729 720 701 711 695 711 720 701 
729 711 729 720 704 711 704 711 720 701 
729 723 729 720 704 711 723 711 720 701 
729 723 729 720 734 711 723 711 734 701 
729 723 729 720 734 722 723 711 734 722 
729 723 729 720 734 722 723 729 734 722 
729 723 733 720 734 733 723 729 734 722 
729 723 733 731 734 733 723 731 734 722 
729 729 733 731 734 733 723 731 734 722 
761 729 733 731 734 733 723 761 734 722 
761 729 733 731 734 733 723 761 734 731 
761 745 733 731 734 745 723 761 734 731 
761 745 753 731 734 745 723 761 734 753 
761 745 753 744 734 745 744 761 734 753 
761 745 753 752 734 745 744 761 752 753 
761 753 753 752 753 745 744 761 752 753 
761 767 753 752 753 767 744 761 752 753 
761 767 753 752 753 767 752 761 752 753 
761 767 753 752 781 781 752 761 752 753 
761 767 753 752 781 781 753 761 752 753 
761 767 753 753 781 781 753 761 752 753 
761 767 753 753 781 781 753 761 752 753 
792 767 753 753 781 781 792 761 752 753 
792 767 792 753 781 781 792 761 752 792 
792 785 792 785 781 781 792 761 752 792 
831 785 792 785 831 781 792 761 752 792 
831 785 792 785 831 781 792 761 785 792 
831 785 792 785 831 781 792 781 785 792 
831 792 792 785 831 781 792 781 785 792 
831 792 792 785 831 781 792 781 785 792 
831 794 792 785 831 781 792 794 785 792 
831 794 792 785 831 781 826 826 785 792 
831 794 792 826 831 826 826 826 785 792 
831 806 806 826 831 826 826 826 785 792 
831 806 806 826 831 826 826 840 785 840 
831 806 806 865 831 826 826 840 865 840 
857 806 857 865 831 826 826 840 865 840 
857 837 857 865 831 826 837 840 865 840 
857 837 857 865 831 831 837 840 865 840 
857 837 857 865 840 831 837 840 865 840 
857 837 857 865 853 853 837 840 865 840 
857 837 857 865 853 853 851 840 865 851 
857 872 857 865 853 853 872 840 865 851 
857 872 857 865 853 853 872 862 865 862 
857 872 857 901 901 853 872 862 865 862 
862 872 857 901 901 853 872 862 865 862 
862 872 863 901 901 863 872 862 865 862 
928 872 863 901 928 863 872 862 865 862 
928 872 863 901 928 863 872 862 865 865 
928 872 863 901 928 863 895 895 865 865 
928 872 876 901 928 863 895 895 876 865 
928 872 876 901 928 876 895 895 876 865 
928 896 876 901 928 876 895 896 876 865 
928 896 876 901 928 886 895 896 886 865 
928 896 907 901 928 907 895 896 886 865 
928 896 907 901 928 907 895 896 886 896 
928 896 907 901 928 907 911 911 886 896 
928 906 907 901 928 907 911 911 886 906 
928 906 907 901 928 907 911 926 926 906 
928 911 907 901 928 907 911 926 926 906 
928 911 907 929 928 907 911 926 926 929 
928 911 911 929 928 907 911 926 926 929 
928 923 911 929 928 923 911 926 926 929 
954 923 911 929 928 923 954 926 926 929 
954 935 911 929 928 923 954 926 926 935 
954 989 911 929 928 989 954 926 926 935 
954 989 911 929 953 989 954 926 953 935 
954 989 938 929 953 989 954 926 953 938 
997 989 938 997 953 989 954 926 953 938 
997 989 938 997 953 989 954 951 953 951 
997 989 938 997 953 1023 1023 951 953 951 
997 989 953 997 953 1023 1023 951 953 951 
997 989 953 997 953 1023 1023 977 977 951 
997 989 991 997 991 1023 1023 977 977 951 
997 1003 991 997 991 1023 1023 1003 977 951 
997 1006 991 997 1006 1023 1023 1003 977 951 
997 1006 991 997 1006 1023 1023 1003 1003 951 
1003 1006 991 997 1006 1023 1023 1003 1003 951 
1003 1006 1036 997 1006 1023 1023 1036 1003 951 
1020 1020 1036 997 1006 1023 1023 1036 1003 951 
1020 1020 1036 1009 1006 1023 1023 1036 1003 1009 
1020 1021 1036 1021 1006 1023 1023 1036 1003 1009 
1071 1021 1036 1021 1006 1023 1023 1071 1003 1009 
1071 1021 1036 1021 1020 1023 1023 1071 1020 1009 
1071 1021 1036 1034 1020 1023 1023 1071 1020 1034 
1071 1023 1036 1034 1020 1023 1023 1071 1020 1034 
1071 1023 1036 1034 1020 1062 1023 1071 1062 1034 
1071 1047 1036 1034 1047 1062 1023 1071 1062 1034 
1071 1047 1047 1034 1047 1062 1023 1071 1062 1047 
1085 1047 1047 1034 1047 1062 1085 1071 1062 1047 
1085 1068 1068 1034 1047 1062 1085 1071 1062 1047 
1085 1068 1068 1060 1047 1062 1085 1071 1062 1060 
1085 1082 1068 1082 1047 1062 1085 1071 1062 1060 
1085 1082 1068 1082 1062 1062 1085 1071 1062 1060 
1085 1082 1068 1082 1062 1062 1085 1092 1092 1060 
1085 1082 1068 1082 1062 1062 1085 1092 1092 1062 
1103 1082 1068 1082 1062 1103 1085 1092 1092 1062 
1103 1082 1078 1082 1078 1103 1085 1092 1092 1062 
1103 1082 1078 1082 1078 1103 1085 1092 1092 1078 
1103 1082 1078 1082 1098 1103 1085 1092 1092 1098 
1103 1089 1089 1082 1098 1103 1085 1092 1092 1098 
1103 1089 1089 1089 1098 1103 1085 1092 1092 1098 
1103 1089 1089 1089 1098 1161 1085 1161 1092 1098 
1103 1089 1089 1089 1098 1161 1123 1161 1123 1098 
1103 1089 1114 1089 1098 1161 1123 1161 1123 1114 
1103 1089 1136 1136 1098 1161 1123 1161 1123 1114 
1103 1114 1136 1136 1098 1161 1123 1161 1123 1114 
1118 1114 1136 1136 1118 1161 1123 1161 1123 1114 
1118 1144 1136 1136 1144 1161 1123 1161 1123 1114 
1118 1144 1136 1136 1144 1161 1123 1161 1123 1123 
1118 1144 1136 1136 1144 1161 1134 1161 1134 1123 
1118 1144 1136 1136 1144 1161 1198 1161 1134 1198 
1136 1144 1136 1136 1144 1161 1198 1161 1134 1198 
1136 1144 1136 1136 1144 1161 1198 1161 1136 1198 
1154 1144 1136 1154 1144 1161 1198 1161 1136 1198 
1154 1146 1146 1154 1144 1161 1198 1161 1136 1198 
1154 1146 1146 1154 1156 1161 1198 1161 1156 1198 
1154 1146 1146 1173 1156 1173 1198 1161 1156 1198 
1154 1146 1188 1173 1156 1173 1198 1161 1188 1198 
1154 1146 1201 1173 1156 1173 1201 1161 1188 1198 
1154 1168 1201 1173 1168 1173 1201 1161 1188 1198 
1174 1168 1201 1173 1168 1173 1201 1174 1188 1198 
1174 1194 1201 1173 1168 1194 1201 1174 1188 1198 
1174 1194 1201 1198 1198 1194 1201 1174 1188 1198 
1174 1209 1201 1198 1198 1194 1201 1174 1188 1209 
1174 1209 1201 1198 1233 1194 1233 1174 1188 1209 
1186 1209 1201 1198 1233 1194 1233 1186 1188 1209 
1201 1209 1201 1198 1233 1194 1233 1186 1188 1209 
1201 1209 1201 1198 1233 1194 1233 1201 1188 1209 
1201 1209 1201 1198 1233 1194 1233 1215 1215 1209 
1201 1209 1242 1242 1233 1194 1233 1215 1215 1209 
1201 1223 1242 1242 1233 1194 1233 1215 1215 1223 
1201 1223 1242 1242 1233 1253 1253 1215 1215 1223 
1226 1223 1242 1242 1233 1253 1253 1226 1215 1223 
1247 1223 1242 1242 1233 1253 1253 1226 1247 1223 
1247 1223 1242 1242 1233 1253 1253 1226 1247 1226 
1247 1237 1242 1242 1233 1253 1253 1237 1247 1226 
1247 1237 1242 1242 1233 1253 1253 1242 1247 1226 
1247 1237 1253 1242 1233 1253 1253 1242 1253 1226 
1247 1250 1253 1242 1233 1253 1253 1242 1253 1250 
1247 1250 1253 1242 1233 1253 1253 1253 1253 1250 
1247 1250 1253 1253 1233 1253 1253 1253 1253 1250 
1259 1250 1253 1253 1259 1253 1253 1253 1253 1250 
1259 1250 1280 1280 1259 1253 1253 1253 1253 1250 
1259 1282 1280 1280 1259 1253 1253 1253 1282 1250 
1259 1282 1280 1280 1272 1272 1253 1253 1282 1250 
1259 1282 1280 1280 1272 1272 1312 1253 1282 1312 
1336 1282 1280 1280 1272 1272 1336 1253 1282 1312 
1376 1282 1280 1280 1376 1272 1336 1253 1282 1312 
1376 1282 1280 1280 1376 1272 1336 1280 1282 1312 
1376 1282 1296 1280 1376 1272 1336 1296 1282 1312 
1376 1282 1296 1282 1376 1272 1336 1296 1282 1312 
1376 1282 1296 1282 1376 1282 1336 1296 1282 1312 
1376 1282 1296 1282 1376 1282 1336 1310 1310 1312 
1376 1314 1296 1314 1376 1282 1336 1310 1310 1312 
1376 1314 1343 1314 1376 1282 1336 1343 1310 1312 
1376 1334 1343 1314 1376 1282 1336 1343 1334 1312 
1376 1334 1343 1319 1376 1319 1336 1343 1334 1312 
1376 1334 1343 1319 1376 1323 1336 1343 1334 1323 
1376 1334 1343 1319 1376 1323 1336 1381 1334 1381 
1391 1334 1391 1319 1376 1323 1336 1381 1334 1381 
1422 1334 1391 1319 1376 1323 1336 1381 1422 1381 
1422 1334 1391 1361 1376 1361 1336 1381 1422 1381 
1422 1334 1391 1361 1376 1469 1336 1381 1469 1381 
1422 1334 1391 1361 1376 1469 1381 1381 1469 1381 
1422 1334 1391 1361 1392 1469 1381 1381 1469 1392 
1422 1391 1391 1391 1392 1469 1381 1381 1469 1392 
1422 1391 1391 1391 1392 1469 1381 1392 1469 1392 
1422 1391 1391 1391 1429 1469 1381 1392 1469 1429 
1422 1391 1391 1391 1429 1469 1381 1479 1469 1479 
1422 1436 1436 1391 1429 1469 1381 1479 1469 1479 
1422 1449 1449 1391 1429 1469 1381 1479 1469 1479 
1422 1449 1449 1427 1429 1469 1427 1479 1469 1479 
1422 1449 1449 1427 1501 1469 1427 1479 1501 1479 
1447 1449 1449 1447 1501 1469 1427 1479 1501 1479 
1447 1449 1449 1447 1501 1469 1495 1495 1501 1479 
1501 1449 1449 1447 1501 1501 1495 1495 1501 1479 
1501 1506 1506 1447 1501 1501 1495 1495 1501 1479 
1501 1506 1506 1515 1501 1501 1515 1495 1501 1479 
1512 1506 1506 1515 1501 1512 1515 1495 1501 1479 
1512 1524 1506 1515 1501 1512 1515 1495 1501 1524 
1512 1524 1506 1515 1501 1512 1528 1495 1528 1524 
1579 1579 1506 1515 1501 1512 1528 1495 1528 1524 
1579 1579 1506 1515 1501 1512 1528 1558 1558 1524 
1579 1579 1506 1515 1501 1568 1528 1558 1558 1568 
1579 1579 1506 1536 1536 1568 1528 1558 1558 1568 
1615.0 1579.0 1564.0 1607.0 1632.0 1674.0 1624.0 1650.0 1582.0 1601.0 
;
EXECUTION TIME HBSS: 16102.6384869 seconds 

-------------------------------------------------------------------
