DATFILE : bwopen0_9r_1000.dat
ENVIRONMENT : bwopen
ALGORITHM : HBSS - TAU 2
RANGE : 1000
STARTING_POS : 0
N_ROBOTS : 9
GREEDY SOLUTION : [ 2300.]
COMPUTATIONS D :
2922
2726
2620
2630
2808
3010
2778
2966
2902
2522
2940
2648
2556
2780
2834
2742
2936
2766
2684
2732
2770
2704
2540
2618
2418
2624
2596
2704
2822
2742
2574
3018
2766
2658
2632
2874
2976
2988
2752
3006
2910
2968
2596
2684
2806
2686
2994
2858
2656
2934
2550
2848
2698
3288
2922
2854
2870
2830
2506
3056
2824
2678
2788
2766
2852
2634
3048
2480
2608
2738
2606
2958
2686
2600
2722
2792
2720
2744
2836
2742
2698
2756
2866
2868
2644
2744
2948
2686
2918
2772
2544
3068
2656
3028
2576
2696
2706
2844
3042
2904
2856
2884
2712
2570
2676
3080
2876
2594
2580
2988
2912
2728
2548
2742
2746
2756
2808
2878
3104
2710
2894
2938
2956
2626
2734
2778
2704
2640
2932
2872
3046
2936
3006
2620
2646
2674
2840
2628
2830
2630
2912
2616
2652
2670
2586
2688
2980
2504
2824
2622
2802
2692
2748
2414
2656
2836
2910
2786
2626
2724
2522
2958
3006
2976
3158
2986
2576
2884
2668
2998
2884
2884
2702
2980
2830
2968
2594
2822
2564
3002
2734
2706
2742
2616
2648
2744
3194
2816
2706
2602
2992
2628
2784
2616
2992
2592
2538
2830
2662
2974
;
HBBS sumD : 2414
BEST_CONFIGURATIONS : 
0 0 0 0 0 0 0 0 0 
0 0 0 4 0 0 0 0 0 
0 26 0 4 0 0 0 0 0 
0 26 1 4 0 0 0 0 0 
0 26 1 4 0 0 5 0 0 
0 26 1 4 0 22 5 0 0 
26 26 1 4 0 22 5 0 0 
26 26 1 4 0 22 5 8 0 
26 26 1 4 0 22 5 8 0 
26 26 27 4 0 22 5 8 0 
26 26 27 4 1 22 5 8 0 
26 26 27 4 1 22 5 8 0 
26 26 27 4 1 22 5 13 0 
26 26 27 4 1 22 5 13 5 
26 26 27 8 1 22 5 13 5 
26 26 27 8 1 22 5 13 5 
26 26 27 8 1 22 5 13 5 
26 26 27 8 1 22 5 13 5 
26 26 27 8 1 22 5 13 5 
26 26 27 8 1 22 5 13 5 
26 26 27 8 1 22 5 13 5 
26 26 27 8 1 22 5 13 5 
26 26 27 8 1 22 5 13 5 
26 26 27 8 1 22 5 13 5 
26 26 27 8 1 22 5 13 5 
26 26 27 8 2 22 5 13 5 
4 26 27 8 2 22 5 13 5 
4 26 27 8 2 22 5 13 5 
4 26 27 8 2 22 5 13 5 
4 26 27 8 2 22 5 13 5 
4 26 27 8 2 22 5 13 5 
4 26 27 8 2 22 5 13 5 
4 4 27 8 2 22 5 13 5 
4 4 27 8 2 22 5 13 5 
4 4 27 8 2 22 5 13 5 
4 4 27 8 2 22 5 13 5 
4 4 27 8 2 22 5 13 5 
4 4 27 8 2 22 5 13 5 
4 4 27 8 2 22 5 13 9 
4 4 27 8 2 22 5 13 9 
4 4 27 8 2 22 5 13 9 
4 4 27 8 2 22 5 13 9 
4 4 27 8 2 22 5 13 9 
4 4 27 8 2 22 5 13 9 
4 4 27 8 2 22 9 13 9 
4 4 27 8 2 22 9 13 9 
4 4 27 17 2 22 9 13 9 
4 4 27 17 2 22 9 25 9 
4 4 27 17 2 22 9 25 9 
4 4 27 17 2 26 9 25 9 
4 4 27 17 2 26 9 25 9 
0 4 27 17 2 26 9 25 9 
0 4 27 17 2 26 9 25 9 
0 4 27 17 2 26 9 25 9 
0 4 27 17 2 26 9 25 9 
0 4 27 17 6 26 9 25 9 
0 4 24 17 6 26 9 25 9 
0 4 24 17 6 26 9 25 9 
0 4 24 17 6 26 9 25 9 
0 4 24 17 6 26 9 25 9 
0 4 24 17 6 26 10 25 9 
0 4 24 17 6 26 10 25 14 
0 4 24 17 6 26 10 25 14 
0 0 24 17 6 26 10 25 14 
0 0 24 17 6 26 10 25 14 
0 0 24 17 6 26 10 25 14 
0 0 24 17 6 26 10 25 14 
0 0 24 17 6 26 10 25 14 
0 0 24 17 6 5 10 25 14 
0 0 24 17 6 5 10 25 14 
0 0 24 17 6 5 10 25 14 
0 0 24 17 6 5 10 25 14 
0 0 24 17 6 5 10 25 14 
0 0 24 17 6 5 10 25 14 
0 0 24 17 6 5 10 25 14 
0 0 24 17 6 5 10 25 14 
0 0 24 17 6 5 10 25 14 
0 0 24 17 6 5 10 25 14 
0 0 24 17 6 5 10 25 14 
0 0 24 17 6 5 10 18 14 
0 0 24 17 6 5 10 18 14 
0 0 24 17 21 5 10 18 14 
0 0 24 17 21 5 10 18 14 
1 0 24 17 21 5 10 18 14 
1 0 24 17 21 5 10 18 14 
1 0 24 17 21 5 10 18 14 
1 0 24 17 21 5 10 18 14 
1 0 24 17 21 22 10 18 14 
1 0 24 17 21 22 15 18 14 
1 0 24 17 21 22 15 18 14 
1 0 24 17 21 22 15 18 14 
1 4 24 17 21 22 15 18 14 
1 4 24 17 21 22 15 18 14 
1 8 24 17 21 22 15 18 14 
1 8 24 17 21 22 15 18 15 
1 8 24 17 21 22 15 18 15 
1 8 24 17 21 22 15 18 15 
1 8 24 13 21 22 15 18 15 
1 8 24 13 21 22 15 18 15 
1 8 24 13 21 22 15 18 15 
1 8 24 13 21 22 15 18 15 
1 8 24 13 21 22 15 18 15 
1 8 24 13 21 22 15 18 15 
1 8 24 13 21 22 15 18 15 
1 8 24 13 21 8 15 18 15 
1 8 24 13 21 8 15 18 15 
1 8 24 13 21 8 15 18 15 
1 8 24 13 21 8 15 18 15 
1 8 24 13 21 8 15 18 15 
1 8 6 13 21 8 15 18 15 
1 8 6 13 21 8 15 18 15 
1 8 6 13 21 8 15 18 15 
1 8 6 13 21 8 15 18 15 
1 8 6 13 21 8 15 18 15 
1 8 6 13 21 8 15 18 15 
1 8 6 13 21 8 15 18 15 
1 8 6 25 21 8 15 18 15 
1 8 6 25 21 8 15 14 15 
1 8 6 25 21 8 15 14 15 
1 8 6 25 21 8 15 14 15 
1 8 6 25 21 8 15 14 15 
1 8 6 25 3 8 15 14 15 
1 8 6 25 3 8 15 14 15 
1 8 6 25 3 8 15 14 15 
27 8 6 25 3 8 15 14 15 
27 8 6 25 3 8 15 14 15 
27 8 6 25 3 8 15 14 15 
27 8 6 25 3 8 15 14 15 
27 8 6 25 3 8 15 14 15 
27 8 6 25 3 8 15 14 15 
27 8 6 25 3 8 15 14 15 
27 8 6 25 3 8 15 14 15 
27 8 6 25 3 8 15 14 15 
27 8 6 25 3 8 10 14 15 
27 8 6 25 3 8 10 14 15 
27 8 6 25 3 8 10 14 15 
27 8 6 25 3 8 10 14 15 
27 8 6 25 3 8 10 14 15 
27 8 6 25 3 22 10 14 15 
27 8 6 25 3 22 10 14 15 
27 8 6 25 3 22 10 14 15 
27 8 11 25 3 22 10 14 15 
27 8 11 25 3 22 10 14 15 
27 8 11 25 3 22 10 14 15 
27 8 11 25 3 22 10 14 15 
27 8 11 25 3 22 10 14 15 
27 13 11 25 3 22 10 14 15 
27 13 11 25 3 22 10 14 15 
27 13 11 25 3 22 10 14 15 
27 13 11 25 3 22 10 14 15 
27 13 11 25 3 22 10 14 15 
27 13 11 25 3 22 10 18 15 
27 13 11 25 3 22 10 18 15 
27 13 11 25 3 22 10 18 15 
27 13 11 25 3 22 10 18 15 
27 13 11 17 3 22 10 18 15 
27 13 11 17 3 22 10 18 15 
27 13 11 17 3 22 10 18 15 
9 13 11 17 3 22 10 18 15 
9 13 11 17 3 4 10 18 15 
9 13 11 17 3 4 10 18 15 
9 13 11 17 3 4 10 18 15 
9 13 11 17 3 4 10 18 15 
9 13 11 17 3 4 10 18 15 
9 13 11 17 3 4 9 18 15 
9 13 11 17 3 4 9 18 15 
9 13 11 17 3 4 9 18 15 
9 13 11 17 3 4 9 18 15 
9 13 11 17 7 4 9 18 15 
9 13 11 17 7 4 9 18 15 
9 13 11 17 7 4 9 18 15 
9 13 11 17 7 4 9 18 14 
9 13 11 17 7 4 9 18 14 
9 13 11 17 7 4 9 18 14 
9 13 11 17 7 4 9 18 14 
9 13 11 17 7 4 9 18 14 
9 13 11 17 7 4 9 18 14 
9 13 11 17 7 4 9 18 14 
9 25 11 17 7 4 9 18 14 
9 25 11 17 7 4 9 18 14 
9 25 11 17 7 4 9 18 14 
9 25 11 17 7 4 9 18 14 
9 25 11 17 7 4 9 18 14 
9 25 11 17 7 4 9 18 10 
9 25 11 17 7 4 9 18 10 
9 25 11 17 7 4 9 18 10 
9 25 11 17 7 4 9 18 10 
9 25 11 17 7 4 9 18 10 
9 25 11 17 7 4 9 18 10 
9 25 11 17 21 4 9 18 10 
9 25 11 17 21 26 9 18 10 
10 25 11 17 21 26 9 18 10 
10 25 11 17 21 26 9 18 10 
10 25 11 17 21 26 9 18 10 
10 25 6 17 21 26 9 18 10 
10 25 6 17 21 26 9 18 10 
10 25 6 17 21 26 9 18 10 
10 25 6 17 21 26 9 19 10 
10 25 6 17 21 26 9 19 10 
10 25 6 17 21 26 9 19 10 
10 25 6 13 21 26 9 19 10 
10 25 6 13 21 26 9 19 10 
10 25 6 13 21 26 24 19 10 
10 25 6 13 21 26 24 19 10 
10 25 6 13 21 26 24 19 10 
10 25 6 13 21 26 24 19 10 
10 25 6 13 21 26 24 19 10 
10 25 6 13 21 26 24 19 10 
10 25 6 13 21 26 24 19 10 
10 25 6 13 21 26 24 19 10 
10 25 6 13 21 26 24 19 10 
10 18 6 13 21 26 24 19 10 
10 18 6 13 21 26 24 19 10 
15 18 6 13 21 26 24 19 10 
15 18 6 13 21 26 24 19 10 
15 18 6 13 7 26 24 19 10 
15 18 6 13 7 26 24 20 10 
15 18 6 13 7 26 24 20 10 
15 18 6 13 7 26 24 20 10 
15 18 6 13 7 26 24 20 10 
15 18 2 13 7 26 24 20 10 
15 18 2 13 7 26 24 20 10 
15 18 2 17 7 26 24 20 10 
15 18 2 17 7 26 24 20 10 
15 18 2 17 7 5 24 20 10 
15 18 2 17 7 5 24 20 10 
15 18 2 17 7 5 24 20 10 
15 18 2 17 7 5 24 20 10 
15 14 2 17 7 5 24 20 10 
15 14 2 17 7 5 24 20 10 
15 14 2 17 7 5 24 20 10 
15 14 2 17 7 5 24 20 10 
15 14 2 17 7 5 24 20 10 
15 14 2 17 7 5 24 20 9 
15 14 2 17 7 5 24 20 9 
15 14 2 17 7 5 24 20 9 
15 14 2 17 7 5 11 20 9 
15 14 2 17 7 5 11 20 9 
15 14 2 17 7 5 11 20 9 
15 14 2 17 7 5 11 23 9 
15 14 2 25 7 5 11 23 9 
15 14 2 25 7 5 11 23 9 
15 14 2 25 7 5 11 23 9 
15 14 2 25 7 5 11 23 9 
15 14 2 25 7 5 11 23 9 
15 14 2 25 7 22 11 23 9 
15 14 2 25 7 22 11 23 9 
15 14 2 25 7 22 11 23 9 
15 14 2 25 7 22 11 23 9 
15 14 2 25 12 22 11 23 9 
15 14 2 25 12 22 11 23 9 
15 14 2 25 12 22 11 23 9 
15 14 2 25 12 22 11 23 9 
15 14 2 25 12 22 11 23 9 
15 14 2 25 12 22 11 23 9 
15 14 2 25 12 22 11 23 9 
15 14 2 25 12 22 11 23 9 
15 18 2 25 12 22 11 23 9 
10 18 2 25 12 22 11 23 9 
10 18 2 25 12 22 11 16 9 
10 18 1 25 12 22 11 16 9 
10 18 1 25 12 22 11 16 9 
10 18 1 25 12 22 11 16 9 
10 18 1 25 12 22 11 16 9 
10 18 1 25 12 22 11 16 9 
10 18 1 25 12 22 11 16 9 
10 18 1 25 12 22 11 16 24 
10 18 1 25 12 22 11 16 24 
10 18 1 25 12 22 11 16 24 
10 18 1 25 12 8 11 16 24 
10 18 1 25 12 8 11 16 24 
10 18 1 18 12 8 11 16 24 
10 18 1 18 12 8 11 16 24 
10 18 1 18 12 8 11 16 24 
10 18 1 18 12 8 11 16 24 
10 18 1 18 12 8 11 16 24 
10 18 1 18 12 8 11 16 24 
10 18 1 18 12 8 11 16 24 
10 18 1 18 12 8 11 16 6 
14 18 1 18 12 8 11 16 6 
14 18 1 18 12 8 11 16 6 
14 18 1 18 12 8 11 23 6 
14 18 1 19 12 8 11 23 6 
14 18 1 19 12 8 11 23 6 
14 18 1 19 12 8 6 23 6 
14 17 1 19 12 8 6 23 6 
14 17 1 19 12 4 6 23 6 
14 17 1 19 16 4 6 23 6 
14 17 1 19 16 4 6 23 6 
14 17 1 19 16 4 6 23 6 
14 17 1 19 16 4 6 23 6 
14 17 1 19 16 4 6 23 6 
14 17 1 19 16 4 6 23 6 
14 17 1 19 16 4 6 23 6 
14 17 1 19 16 4 6 23 6 
14 17 1 19 16 4 6 23 6 
14 17 1 19 16 4 6 23 6 
14 17 1 19 16 4 21 23 6 
14 17 1 19 16 4 21 23 6 
14 17 1 19 16 4 21 23 6 
15 17 1 19 16 4 21 23 6 
15 17 27 19 23 4 21 23 6 
15 17 27 19 23 4 21 23 6 
15 17 27 19 23 4 21 23 6 
15 17 27 19 23 4 21 23 6 
15 17 27 19 23 4 21 20 6 
15 17 27 19 23 4 21 20 6 
15 17 27 19 23 4 21 20 6 
15 17 27 19 23 4 21 20 21 
15 17 27 19 23 4 21 20 21 
15 13 27 19 23 4 21 20 21 
15 13 27 19 23 22 21 20 21 
15 13 27 19 23 22 21 20 21 
15 13 27 19 23 22 7 20 21 
15 13 27 19 23 22 7 20 21 
15 13 27 19 23 22 7 20 21 
15 13 27 19 23 22 7 20 21 
15 13 27 19 23 22 7 20 21 
15 13 27 19 23 22 7 20 21 
15 13 5 19 23 22 7 20 21 
15 13 5 19 23 8 7 20 21 
15 8 5 19 23 8 7 20 21 
15 8 5 19 23 8 7 20 21 
15 8 5 19 23 8 7 20 3 
15 8 5 19 23 8 7 20 3 
15 8 5 19 16 8 7 20 3 
15 8 5 19 16 8 7 20 3 
15 8 5 19 12 8 7 20 3 
9 8 5 19 12 8 7 20 3 
9 8 5 19 12 8 7 20 3 
9 8 5 19 12 8 7 20 3 
9 8 5 19 12 8 7 20 3 
9 8 5 19 12 8 7 20 2 
9 8 5 25 12 8 7 20 2 
9 8 5 25 12 8 11 20 2 
9 8 5 25 12 8 11 23 2 
9 8 26 25 12 8 11 23 2 
24 8 26 25 12 8 11 23 2 
24 8 26 25 12 8 11 16 2 
24 13 26 25 12 8 11 16 2 
24 13 26 25 12 8 11 16 2 
24 13 26 25 12 8 11 16 2 
24 13 5 25 12 8 11 16 2 
24 13 5 25 12 8 11 16 2 
24 13 5 25 12 8 11 16 2 
24 13 5 25 12 26 11 16 2 
24 13 5 25 12 26 11 16 2 
24 13 5 25 7 26 11 16 2 
24 13 5 25 7 26 11 16 2 
24 13 5 25 7 0 11 16 2 
24 13 5 25 7 0 11 12 2 
6 13 5 25 7 0 11 12 2 
6 13 5 25 21 0 11 12 2 
6 13 5 25 21 0 11 12 2 
6 13 5 25 21 0 11 12 27 
6 13 5 25 21 0 11 12 27 
6 13 5 25 21 0 11 12 27 
6 13 5 25 21 0 11 16 27 
6 13 5 25 21 0 11 16 27 
6 13 5 25 3 0 11 16 27 
6 13 5 25 3 0 24 16 27 
6 13 5 25 3 0 24 16 27 
6 13 5 25 3 0 24 23 27 
6 13 26 25 3 0 24 23 27 
6 13 26 19 3 0 24 23 27 
6 13 26 19 3 0 24 23 27 
7 13 26 19 3 0 24 23 27 
7 4 26 19 3 0 24 23 27 
7 4 26 19 3 0 24 23 27 
7 4 26 19 3 0 24 23 27 
7 4 0 19 3 0 24 20 27 
7 4 0 19 3 0 24 20 1 
7 4 0 19 3 0 24 20 1 
7 4 0 19 3 0 2 20 1 
7 4 0 19 3 0 2 20 1 
7 4 0 19 3 0 2 23 1 
7 4 0 19 3 0 2 23 1 
21 4 0 19 3 0 2 23 1 
21 4 0 19 3 0 2 12 1 
0 0 0 0 0 0 0 0 0 
;
ROBOT MOVING BEST:
0 0 0 0 0 0 0 0 0 
1 0 0 1 0 0 0 0 0 
1 1 0 0 0 0 0 0 0 
1 0 1 0 0 0 0 0 0 
0 0 0 0 0 1 1 0 0 
1 0 0 0 0 1 0 0 0 
1 0 0 1 0 0 0 0 0 
0 0 0 0 1 0 0 1 0 
0 0 1 1 0 0 0 0 0 
0 0 1 0 1 0 0 0 0 
1 0 0 0 1 0 0 0 0 
0 0 0 1 0 1 0 0 0 
0 0 0 0 0 0 0 1 1 
0 0 0 1 0 0 0 0 1 
0 0 0 1 0 1 0 0 0 
1 0 0 0 0 0 1 0 0 
0 1 0 0 0 1 0 0 0 
0 0 0 0 1 0 1 0 0 
0 0 0 0 1 1 0 0 0 
1 0 0 1 0 0 0 0 0 
0 0 0 1 1 0 0 0 0 
0 0 0 0 0 1 1 0 0 
1 0 1 0 0 0 0 0 0 
0 0 1 0 1 0 0 0 0 
0 0 0 1 0 0 1 0 0 
1 0 0 0 1 0 0 0 0 
1 0 0 1 0 0 0 0 0 
0 1 0 0 0 0 0 1 0 
0 0 1 0 0 0 1 0 0 
0 0 1 0 0 1 0 0 0 
1 0 1 0 0 0 0 0 0 
0 0 1 1 0 0 0 0 0 
0 1 0 0 0 0 0 1 0 
0 0 0 0 0 1 0 1 0 
0 0 0 0 1 1 0 0 0 
0 0 0 0 0 0 0 1 1 
0 0 0 0 1 0 1 0 0 
1 0 0 0 1 0 0 0 0 
0 0 0 0 0 0 1 0 1 
0 0 0 1 1 0 0 0 0 
0 0 0 1 0 0 0 1 0 
0 0 0 0 0 1 0 0 1 
0 0 1 0 1 0 0 0 0 
0 0 1 0 0 0 0 1 0 
0 1 0 0 0 0 1 0 0 
0 0 0 1 0 0 0 0 1 
0 0 0 1 0 1 0 0 0 
0 0 0 0 0 1 0 1 0 
0 0 1 0 0 0 1 0 0 
0 0 0 0 0 1 1 0 0 
1 0 0 1 0 0 0 0 0 
1 0 0 0 1 0 0 0 0 
0 0 0 0 1 0 0 0 1 
0 1 0 0 0 0 0 1 0 
0 0 1 0 0 0 0 1 0 
0 1 0 0 1 0 0 0 0 
0 1 1 0 0 0 0 0 0 
1 0 0 0 0 0 0 0 1 
0 0 0 1 0 1 0 0 0 
0 0 0 0 0 1 0 1 0 
0 1 0 0 0 0 1 0 0 
0 1 0 0 0 0 0 0 1 
0 0 0 0 1 1 0 0 0 
0 1 0 1 0 0 0 0 0 
1 0 0 0 0 0 0 1 0 
0 0 1 0 0 1 0 0 0 
0 0 0 0 0 1 0 0 1 
0 0 0 0 0 1 1 0 0 
0 0 0 1 0 1 0 0 0 
0 0 0 0 0 1 0 1 0 
1 0 0 0 1 0 0 0 0 
0 0 0 0 1 1 0 0 0 
1 0 1 0 0 0 0 0 0 
1 0 0 0 0 0 1 0 0 
1 0 0 0 0 0 0 0 1 
0 0 1 0 0 1 0 0 0 
0 0 0 1 0 0 0 1 0 
0 0 0 0 0 1 0 0 1 
0 0 0 0 0 1 1 0 0 
1 0 0 0 0 0 0 1 0 
0 0 0 0 0 1 0 1 0 
1 0 0 0 1 0 0 0 0 
0 0 0 1 0 0 1 0 0 
1 0 0 1 0 0 0 0 0 
0 0 1 1 0 0 0 0 0 
0 0 0 1 0 0 0 0 1 
0 0 0 0 1 1 0 0 0 
0 0 1 0 0 1 0 0 0 
0 1 0 0 0 0 1 0 0 
1 0 1 0 0 0 0 0 0 
0 0 0 1 0 0 0 1 0 
0 1 0 0 0 0 0 1 0 
0 0 0 0 0 1 0 0 1 
0 1 0 1 0 0 0 0 0 
1 0 0 0 0 0 0 0 1 
0 0 0 1 1 0 0 0 0 
0 0 0 0 0 1 0 1 0 
0 0 1 1 0 0 0 0 0 
0 0 1 0 0 0 0 1 0 
1 0 0 1 0 0 0 0 0 
0 0 0 0 1 1 0 0 0 
0 0 0 0 0 1 1 0 0 
1 0 0 0 0 0 0 1 0 
0 0 1 0 1 0 0 0 0 
0 0 1 0 0 1 0 0 0 
0 0 0 1 0 0 0 1 0 
1 0 0 0 1 0 0 0 0 
0 0 1 0 0 0 1 0 0 
0 0 0 1 1 0 0 0 0 
1 0 1 0 0 0 0 0 0 
0 0 0 0 1 0 0 1 0 
0 0 0 0 0 1 0 1 0 
0 0 0 1 0 0 1 0 0 
0 0 1 1 0 0 0 0 0 
0 0 0 0 0 0 1 1 0 
0 0 0 0 1 1 0 0 0 
1 0 0 1 0 0 0 0 0 
1 0 0 0 0 0 0 1 0 
0 0 0 0 1 0 1 0 0 
0 0 0 0 0 1 1 0 0 
0 0 0 1 1 0 0 0 0 
1 0 0 0 1 0 0 0 0 
0 0 1 0 0 1 0 0 0 
0 0 1 0 0 0 1 0 0 
1 0 0 0 0 0 1 0 0 
0 0 0 1 0 1 0 0 0 
0 0 0 0 0 1 0 1 0 
1 0 1 0 0 0 0 0 0 
0 0 0 1 0 0 1 0 0 
0 0 0 0 0 0 1 1 0 
0 0 1 1 0 0 0 0 0 
0 0 1 0 0 0 0 1 0 
0 0 0 0 1 1 0 0 0 
0 0 0 0 0 1 1 0 0 
0 0 1 0 1 0 0 0 0 
0 0 0 1 0 0 0 1 0 
1 0 0 0 0 0 0 1 0 
0 0 0 0 1 0 0 0 1 
0 0 1 0 0 1 0 0 0 
0 0 1 0 0 0 1 0 0 
1 0 0 0 1 0 0 0 0 
0 1 1 0 0 0 0 0 0 
0 0 0 1 1 0 0 0 0 
1 0 0 0 0 0 1 0 0 
0 0 0 0 0 0 1 0 1 
0 0 0 1 0 0 1 0 0 
0 1 0 0 0 0 0 1 0 
0 0 0 0 1 0 0 1 0 
0 0 0 0 0 0 1 1 0 
0 1 0 1 0 0 0 0 0 
0 0 0 0 1 1 0 0 0 
1 0 0 0 0 0 0 1 0 
0 0 0 0 1 0 1 0 0 
0 1 0 0 1 0 0 0 0 
0 0 0 0 0 1 1 0 0 
1 0 0 1 0 0 0 0 0 
0 0 0 1 0 0 0 0 1 
1 0 1 0 0 0 0 0 0 
1 0 0 0 0 0 0 0 1 
0 0 0 0 0 1 0 0 1 
0 0 1 0 0 0 0 0 1 
0 1 0 0 0 0 1 0 0 
0 0 0 0 1 0 0 1 0 
0 0 0 1 1 0 0 0 0 
0 0 0 0 1 0 1 0 0 
1 1 0 0 0 0 0 0 0 
0 0 1 0 1 0 0 0 0 
0 1 0 1 0 0 0 0 0 
0 0 0 0 1 0 0 0 1 
0 0 1 0 0 0 0 1 0 
0 1 1 0 0 0 0 0 0 
0 0 0 0 0 0 0 1 1 
1 0 0 0 0 0 0 1 0 
0 0 1 1 0 0 0 0 0 
0 0 1 0 0 0 0 0 1 
1 0 0 1 0 0 0 0 0 
0 0 0 0 1 0 0 1 0 
1 0 0 0 0 0 0 0 1 
0 1 0 0 0 0 0 1 0 
1 0 1 0 0 0 0 0 0 
0 0 1 0 0 1 0 0 0 
0 0 0 1 1 0 0 0 0 
0 0 0 0 1 0 0 0 1 
1 0 0 0 0 0 0 0 1 
0 1 1 0 0 0 0 0 0 
0 0 1 0 1 0 0 0 0 
1 1 0 0 0 0 0 0 0 
1 0 0 0 1 0 0 0 0 
0 0 0 0 1 1 0 0 0 
0 0 1 0 1 0 0 0 0 
0 0 0 0 0 1 0 1 0 
1 0 0 0 0 0 0 1 0 
0 0 1 0 0 1 0 0 0 
1 0 1 0 0 0 0 0 0 
0 0 1 0 0 0 0 1 0 
0 0 1 1 0 0 0 0 0 
0 0 1 0 0 0 1 0 0 
0 0 0 1 0 0 0 1 0 
0 1 0 0 0 0 0 1 0 
0 0 0 0 0 0 1 1 0 
0 0 0 1 0 0 0 1 0 
0 0 0 0 1 0 1 0 0 
0 1 0 0 0 0 1 0 0 
0 0 0 0 0 1 0 1 0 
1 0 0 0 0 0 0 1 0 
0 0 1 0 0 0 0 1 0 
0 0 0 0 1 1 0 0 0 
0 0 1 0 1 0 0 0 0 
1 0 0 0 0 0 1 0 0 
0 0 0 0 1 0 0 0 1 
0 0 0 0 1 0 0 1 0 
0 1 0 0 0 0 0 1 0 
0 0 1 0 0 0 1 0 0 
1 0 0 0 0 1 0 0 0 
0 0 0 0 0 0 1 1 0 
0 0 0 1 1 0 0 0 0 
0 0 0 1 0 0 0 1 0 
0 0 1 0 1 0 0 0 0 
0 0 0 0 0 1 0 1 0 
0 0 0 0 1 0 0 0 1 
0 0 1 1 0 0 0 0 0 
0 0 0 0 1 1 0 0 0 
0 0 1 1 0 0 0 0 0 
0 0 0 0 0 0 0 1 1 
1 0 0 0 0 1 0 0 0 
0 1 0 0 0 0 0 1 0 
0 0 0 1 0 0 0 1 0 
0 0 1 0 0 0 0 0 1 
0 1 0 0 0 0 1 0 0 
0 0 0 0 1 1 0 0 0 
0 0 0 0 0 0 1 1 0 
0 0 0 0 0 1 0 1 0 
0 0 0 0 1 0 1 0 0 
0 0 0 0 0 0 1 0 1 
1 0 0 0 0 0 0 1 0 
0 0 0 0 1 0 0 1 0 
0 0 0 0 0 1 1 0 0 
0 1 0 0 0 0 0 1 0 
1 0 1 0 0 0 0 0 0 
0 0 0 1 0 0 0 1 0 
0 0 0 1 1 0 0 0 0 
0 1 1 0 0 0 0 0 0 
0 0 0 0 0 1 0 1 0 
0 0 0 0 1 0 0 1 0 
0 0 1 0 1 0 0 0 0 
0 0 0 0 1 1 0 0 0 
1 0 0 0 0 0 0 1 0 
0 0 1 1 0 0 0 0 0 
0 1 0 0 0 0 0 1 0 
0 0 0 1 1 0 0 0 0 
0 0 0 0 0 0 0 1 1 
0 0 0 0 0 1 1 0 0 
0 0 0 1 0 0 0 1 0 
0 0 1 0 0 0 0 1 0 
1 0 0 0 1 0 0 0 0 
0 0 1 0 0 0 1 0 0 
0 0 0 0 0 1 0 1 0 
0 1 1 0 0 0 0 0 0 
1 0 0 0 0 0 0 1 0 
0 0 0 1 0 0 0 1 0 
0 0 1 0 0 0 0 0 1 
0 0 0 0 1 0 0 0 1 
0 0 0 0 0 0 0 1 1 
0 0 0 0 1 1 0 0 0 
1 0 0 0 1 0 0 0 0 
0 0 0 0 0 0 1 1 0 
0 0 0 0 0 0 1 0 1 
0 0 0 0 0 1 0 1 0 
1 0 0 0 0 0 0 1 0 
0 0 0 0 0 1 0 1 0 
0 0 0 0 1 0 1 0 0 
0 0 0 1 1 0 0 0 0 
1 0 1 0 0 0 0 0 0 
0 1 0 0 0 0 0 1 0 
0 0 0 0 1 1 0 0 0 
0 0 1 0 0 0 1 0 0 
0 0 0 0 1 0 0 0 1 
0 0 0 0 0 0 0 1 1 
0 0 0 0 0 0 1 0 1 
1 0 0 0 1 0 0 0 0 
0 0 1 0 1 0 0 0 0 
0 1 0 0 0 0 0 1 0 
0 0 0 1 0 0 1 0 0 
0 0 0 0 0 0 1 1 0 
0 0 0 0 1 0 1 0 0 
0 1 0 0 1 0 0 0 0 
0 0 0 0 1 1 0 0 0 
1 0 0 0 1 0 0 0 0 
0 0 1 0 1 0 0 0 0 
0 0 0 0 1 0 1 0 0 
0 0 1 0 0 0 0 1 0 
0 1 0 0 1 0 0 0 0 
0 0 1 1 0 0 0 0 0 
0 0 0 0 0 0 1 1 0 
1 0 0 1 0 0 0 0 0 
0 0 0 0 1 1 0 0 0 
0 0 0 0 1 0 0 1 0 
1 0 0 0 0 0 1 0 0 
0 0 0 0 0 1 0 1 0 
0 0 0 1 1 0 0 0 0 
1 0 0 0 1 0 0 0 0 
0 0 1 0 1 0 0 0 0 
0 0 0 1 0 1 0 0 0 
0 0 0 1 0 0 0 1 0 
0 0 0 0 0 1 1 0 0 
0 0 0 0 0 0 0 1 1 
1 0 0 1 0 0 0 0 0 
0 0 0 0 0 1 0 1 0 
0 0 1 0 0 0 0 0 1 
0 0 1 1 0 0 0 0 0 
0 1 0 0 1 0 0 0 0 
0 0 0 1 0 1 0 0 0 
0 0 0 1 0 0 0 1 0 
0 0 0 1 0 0 1 0 0 
0 0 0 0 1 0 0 1 0 
0 0 1 0 0 0 0 1 0 
0 0 0 0 0 0 0 1 1 
0 0 0 0 1 0 0 0 1 
0 0 0 0 0 1 0 1 0 
0 0 1 1 0 0 0 0 0 
0 0 0 0 1 1 0 0 0 
0 1 0 1 0 0 0 0 0 
0 0 0 0 0 0 1 0 1 
0 0 0 0 0 0 0 1 1 
0 0 0 1 0 0 0 0 1 
0 0 0 0 1 0 0 1 0 
0 1 0 0 0 0 0 1 0 
0 0 0 1 1 0 0 0 0 
1 0 0 0 0 0 0 1 0 
0 1 0 0 0 0 1 0 0 
0 0 0 0 1 0 0 1 0 
0 0 0 0 0 0 1 0 1 
0 0 0 1 0 0 0 0 1 
0 0 0 1 0 0 0 1 0 
0 0 0 0 0 0 1 1 0 
0 0 0 0 1 0 0 1 0 
0 0 1 0 0 0 0 1 0 
1 0 0 0 0 0 0 1 0 
0 0 0 0 1 0 0 1 0 
0 1 0 0 1 0 0 0 0 
0 1 0 0 0 0 0 1 0 
0 0 1 0 1 0 0 0 0 
0 0 1 0 0 0 0 1 0 
0 0 0 0 1 0 0 0 1 
0 0 1 0 1 0 0 0 0 
0 0 0 0 0 1 0 1 0 
0 0 0 0 0 0 0 1 1 
0 0 0 0 1 0 0 1 0 
1 0 0 0 0 0 0 0 1 
0 0 0 0 0 1 0 1 0 
0 0 0 0 1 0 0 1 0 
1 0 0 0 0 0 0 0 1 
0 0 0 0 1 0 0 1 0 
0 0 0 0 1 0 0 0 1 
0 0 0 0 0 0 0 1 1 
0 0 0 0 0 1 0 1 0 
0 0 0 0 0 1 1 0 0 
0 0 0 0 1 0 0 1 0 
0 0 0 0 0 0 0 1 1 
0 0 1 0 1 0 0 0 0 
0 0 0 0 0 0 1 0 1 
0 0 0 0 1 0 0 1 0 
0 0 0 0 0 1 0 1 0 
0 0 1 0 1 0 0 0 0 
0 0 0 1 0 1 0 0 0 
0 0 0 0 1 1 0 0 0 
1 0 0 0 0 1 0 0 0 
0 1 0 0 1 0 0 0 0 
0 0 0 0 1 0 1 0 0 
1 0 0 0 0 0 0 0 1 
0 0 1 0 0 0 0 1 0 
1 0 0 0 0 0 0 0 1 
0 0 0 0 0 0 0 1 1 
0 0 0 0 1 0 1 0 0 
0 0 0 0 0 0 1 1 0 
0 0 0 0 1 0 0 1 0 
0 0 0 0 0 0 1 0 1 
1 0 0 0 1 0 0 0 0 
0 0 0 0 1 0 0 1 0 
1 1 0 1 1 0 1 1 1 
;
TIMETABLE BEST: 
0.0 0.0 0.0 0.0 0.0 0.0 0.0 0.0 0.0 
0 0 0 14 0 0 0 0 0 
0 17 0 14 0 0 0 0 0 
0 17 18 14 0 0 0 0 0 
0 17 18 14 0 0 24 0 0 
0 17 18 14 0 24 24 0 0 
17 17 18 14 0 24 24 0 0 
17 17 18 14 0 24 24 26 0 
17 17 18 14 0 24 24 26 0 
17 17 33 14 0 24 24 26 0 
17 17 33 14 18 24 24 26 0 
17 17 33 14 18 24 24 26 0 
17 17 33 14 18 24 24 39 0 
17 17 33 14 18 24 24 39 24 
17 17 33 28 18 24 24 39 24 
17 17 33 28 18 24 24 39 24 
17 17 33 28 18 24 24 39 24 
17 17 33 28 18 24 24 39 24 
17 17 33 28 18 24 24 39 24 
17 17 33 28 18 24 24 39 24 
17 17 33 28 18 24 24 39 24 
17 17 33 28 18 24 24 39 24 
17 17 33 28 18 24 24 39 24 
17 17 33 28 18 24 24 39 24 
17 17 33 28 18 24 24 39 24 
17 17 33 28 38 24 24 39 24 
28 17 33 28 38 24 24 39 24 
28 17 33 28 38 24 24 39 24 
28 17 33 28 38 24 24 39 24 
28 17 33 28 38 24 24 39 24 
28 17 33 28 38 24 24 39 24 
28 17 33 28 38 24 24 39 24 
28 28 33 28 38 24 24 39 24 
28 28 33 28 38 24 24 39 24 
28 28 33 28 38 24 24 39 24 
28 28 33 28 38 24 24 39 24 
28 28 33 28 38 24 24 39 24 
28 28 33 28 38 24 24 39 24 
28 28 33 28 38 24 24 39 46 
28 28 33 28 38 24 24 39 46 
28 28 33 28 38 24 24 39 46 
28 28 33 28 38 24 24 39 46 
28 28 33 28 38 24 24 39 46 
28 28 33 28 38 24 24 39 46 
28 28 33 28 38 24 46 39 46 
28 28 33 28 38 24 46 39 46 
28 28 33 52 38 24 46 39 46 
28 28 33 52 38 24 46 52 46 
28 28 33 52 38 24 46 52 46 
28 28 33 52 38 35 46 52 46 
28 28 33 52 38 35 46 52 46 
42 28 33 52 38 35 46 52 46 
42 28 33 52 38 35 46 52 46 
42 28 33 52 38 35 46 52 46 
42 28 33 52 38 35 46 52 46 
42 28 33 52 56 35 46 52 46 
42 28 59 52 56 35 46 52 46 
42 28 59 52 56 35 46 52 46 
42 28 59 52 56 35 46 52 46 
42 28 59 52 56 35 46 52 46 
42 28 59 52 56 35 60 52 46 
42 28 59 52 56 35 60 52 62 
42 28 59 52 56 35 60 52 62 
42 42 59 52 56 35 60 52 62 
42 42 59 52 56 35 60 52 62 
42 42 59 52 56 35 60 52 62 
42 42 59 52 56 35 60 52 62 
42 42 59 52 56 35 60 52 62 
42 42 59 52 56 44 60 52 62 
42 42 59 52 56 44 60 52 62 
42 42 59 52 56 44 60 52 62 
42 42 59 52 56 44 60 52 62 
42 42 59 52 56 44 60 52 62 
42 42 59 52 56 44 60 52 62 
42 42 59 52 56 44 60 52 62 
42 42 59 52 56 44 60 52 62 
42 42 59 52 56 44 60 52 62 
42 42 59 52 56 44 60 52 62 
42 42 59 52 56 44 60 52 62 
42 42 59 52 56 44 60 65 62 
42 42 59 52 56 44 60 65 62 
42 42 59 52 68 44 60 65 62 
42 42 59 52 68 44 60 65 62 
60 42 59 52 68 44 60 65 62 
60 42 59 52 68 44 60 65 62 
60 42 59 52 68 44 60 65 62 
60 42 59 52 68 44 60 65 62 
60 42 59 52 68 56 60 65 62 
60 42 59 52 68 56 71 65 62 
60 42 59 52 68 56 71 65 62 
60 42 59 52 68 56 71 65 62 
60 56 59 52 68 56 71 65 62 
60 56 59 52 68 56 71 65 62 
60 70 59 52 68 56 71 65 62 
60 70 59 52 68 56 71 65 75 
60 70 59 52 68 56 71 65 75 
60 70 59 52 68 56 71 65 75 
60 70 59 63 68 56 71 65 75 
60 70 59 63 68 56 71 65 75 
60 70 59 63 68 56 71 65 75 
60 70 59 63 68 56 71 65 75 
60 70 59 63 68 56 71 65 75 
60 70 59 63 68 56 71 65 75 
60 70 59 63 68 56 71 65 75 
60 70 59 63 68 68 71 65 75 
60 70 59 63 68 68 71 65 75 
60 70 59 63 68 68 71 65 75 
60 70 59 63 68 68 71 65 75 
60 70 59 63 68 68 71 65 75 
60 70 72 63 68 68 71 65 75 
60 70 72 63 68 68 71 65 75 
60 70 72 63 68 68 71 65 75 
60 70 72 63 68 68 71 65 75 
60 70 72 63 68 68 71 65 75 
60 70 72 63 68 68 71 65 75 
60 70 72 63 68 68 71 65 75 
60 70 72 76 68 68 71 65 75 
60 70 72 76 68 68 71 76 75 
60 70 72 76 68 68 71 76 75 
60 70 72 76 68 68 71 76 75 
60 70 72 76 68 68 71 76 75 
60 70 72 76 80 68 71 76 75 
60 70 72 76 80 68 71 76 75 
60 70 72 76 80 68 71 76 75 
75 70 72 76 80 68 71 76 75 
75 70 72 76 80 68 71 76 75 
75 70 72 76 80 68 71 76 75 
75 70 72 76 80 68 71 76 75 
75 70 72 76 80 68 71 76 75 
75 70 72 76 80 68 71 76 75 
75 70 72 76 80 68 71 76 75 
75 70 72 76 80 68 71 76 75 
75 70 72 76 80 68 71 76 75 
75 70 72 76 80 68 82 76 75 
75 70 72 76 80 68 82 76 75 
75 70 72 76 80 68 82 76 75 
75 70 72 76 80 68 82 76 75 
75 70 72 76 80 68 82 76 75 
75 70 72 76 80 80 82 76 75 
75 70 72 76 80 80 82 76 75 
75 70 72 76 80 80 82 76 75 
75 70 89 76 80 80 82 76 75 
75 70 89 76 80 80 82 76 75 
75 70 89 76 80 80 82 76 75 
75 70 89 76 80 80 82 76 75 
75 70 89 76 80 80 82 76 75 
75 83 89 76 80 80 82 76 75 
75 83 89 76 80 80 82 76 75 
75 83 89 76 80 80 82 76 75 
75 83 89 76 80 80 82 76 75 
75 83 89 76 80 80 82 76 75 
75 83 89 76 80 80 82 87 75 
75 83 89 76 80 80 82 87 75 
75 83 89 76 80 80 82 87 75 
75 83 89 76 80 80 82 87 75 
75 83 89 88 80 80 82 87 75 
75 83 89 88 80 80 82 87 75 
75 83 89 88 80 80 82 87 75 
90 83 89 88 80 80 82 87 75 
90 83 89 88 80 92 82 87 75 
90 83 89 88 80 92 82 87 75 
90 83 89 88 80 92 82 87 75 
90 83 89 88 80 92 82 87 75 
90 83 89 88 80 92 82 87 75 
90 83 89 88 80 92 96 87 75 
90 83 89 88 80 92 96 87 75 
90 83 89 88 80 92 96 87 75 
90 83 89 88 80 92 96 87 75 
90 83 89 88 96 92 96 87 75 
90 83 89 88 96 92 96 87 75 
90 83 89 88 96 92 96 87 75 
90 83 89 88 96 92 96 87 88 
90 83 89 88 96 92 96 87 88 
90 83 89 88 96 92 96 87 88 
90 83 89 88 96 92 96 87 88 
90 83 89 88 96 92 96 87 88 
90 83 89 88 96 92 96 87 88 
90 83 89 88 96 92 96 87 88 
90 96 89 88 96 92 96 87 88 
90 96 89 88 96 92 96 87 88 
90 96 89 88 96 92 96 87 88 
90 96 89 88 96 92 96 87 88 
90 96 89 88 96 92 96 87 88 
90 96 89 88 96 92 96 87 106 
90 96 89 88 96 92 96 87 106 
90 96 89 88 96 92 96 87 106 
90 96 89 88 96 92 96 87 106 
90 96 89 88 96 92 96 87 106 
90 96 89 88 96 92 96 87 106 
90 96 89 88 108 92 96 87 106 
90 96 89 88 108 103 96 87 106 
104 96 89 88 108 103 96 87 106 
104 96 89 88 108 103 96 87 106 
104 96 89 88 108 103 96 87 106 
104 96 106 88 108 103 96 87 106 
104 96 106 88 108 103 96 87 106 
104 96 106 88 108 103 96 87 106 
104 96 106 88 108 103 96 107 106 
104 96 106 88 108 103 96 107 106 
104 96 106 88 108 103 96 107 106 
104 96 106 99 108 103 96 107 106 
104 96 106 99 108 103 96 107 106 
104 96 106 99 108 103 111 107 106 
104 96 106 99 108 103 111 107 106 
104 96 106 99 108 103 111 107 106 
104 96 106 99 108 103 111 107 106 
104 96 106 99 108 103 111 107 106 
104 96 106 99 108 103 111 107 106 
104 96 106 99 108 103 111 107 106 
104 96 106 99 108 103 111 107 106 
104 96 106 99 108 103 111 107 106 
104 109 106 99 108 103 111 107 106 
104 109 106 99 108 103 111 107 106 
115 109 106 99 108 103 111 107 106 
115 109 106 99 108 103 111 107 106 
115 109 106 99 120 103 111 107 106 
115 109 106 99 120 103 111 120 106 
115 109 106 99 120 103 111 120 106 
115 109 106 99 120 103 111 120 106 
115 109 106 99 120 103 111 120 106 
115 109 124 99 120 103 111 120 106 
115 109 124 99 120 103 111 120 106 
115 109 124 110 120 103 111 120 106 
115 109 124 110 120 103 111 120 106 
115 109 124 110 120 112 111 120 106 
115 109 124 110 120 112 111 120 106 
115 109 124 110 120 112 111 120 106 
115 109 124 110 120 112 111 120 106 
115 120 124 110 120 112 111 120 106 
115 120 124 110 120 112 111 120 106 
115 120 124 110 120 112 111 120 106 
115 120 124 110 120 112 111 120 106 
115 120 124 110 120 112 111 120 106 
115 120 124 110 120 112 111 120 120 
115 120 124 110 120 112 111 120 120 
115 120 124 110 120 112 111 120 120 
115 120 124 110 120 112 129 120 120 
115 120 124 110 120 112 129 120 120 
115 120 124 110 120 112 129 120 120 
115 120 124 110 120 112 129 130 120 
115 120 124 122 120 112 129 130 120 
115 120 124 122 120 112 129 130 120 
115 120 124 122 120 112 129 130 120 
115 120 124 122 120 112 129 130 120 
115 120 124 122 120 112 129 130 120 
115 120 124 122 120 124 129 130 120 
115 120 124 122 120 124 129 130 120 
115 120 124 122 120 124 129 130 120 
115 120 124 122 120 124 129 130 120 
115 120 124 122 138 124 129 130 120 
115 120 124 122 138 124 129 130 120 
115 120 124 122 138 124 129 130 120 
115 120 124 122 138 124 129 130 120 
115 120 124 122 138 124 129 130 120 
115 120 124 122 138 124 129 130 120 
115 120 124 122 138 124 129 130 120 
115 120 124 122 138 124 129 130 120 
115 131 124 122 138 124 129 130 120 
126 131 124 122 138 124 129 130 120 
126 131 124 122 138 124 129 141 120 
126 131 144 122 138 124 129 141 120 
126 131 144 122 138 124 129 141 120 
126 131 144 122 138 124 129 141 120 
126 131 144 122 138 124 129 141 120 
126 131 144 122 138 124 129 141 120 
126 131 144 122 138 124 129 141 120 
126 131 144 122 138 124 129 141 135 
126 131 144 122 138 124 129 141 135 
126 131 144 122 138 124 129 141 135 
126 131 144 122 138 136 129 141 135 
126 131 144 122 138 136 129 141 135 
126 131 144 135 138 136 129 141 135 
126 131 144 135 138 136 129 141 135 
126 131 144 135 138 136 129 141 135 
126 131 144 135 138 136 129 141 135 
126 131 144 135 138 136 129 141 135 
126 131 144 135 138 136 129 141 135 
126 131 144 135 138 136 129 141 135 
126 131 144 135 138 136 129 141 148 
144 131 144 135 138 136 129 141 148 
144 131 144 135 138 136 129 141 148 
144 131 144 135 138 136 129 152 148 
144 131 144 155 138 136 129 152 148 
144 131 144 155 138 136 129 152 148 
144 131 144 155 138 136 146 152 148 
144 148 144 155 138 136 146 152 148 
144 148 144 155 138 150 146 152 148 
144 148 144 155 149 150 146 152 148 
144 148 144 155 149 150 146 152 148 
144 148 144 155 149 150 146 152 148 
144 148 144 155 149 150 146 152 148 
144 148 144 155 149 150 146 152 148 
144 148 144 155 149 150 146 152 148 
144 148 144 155 149 150 146 152 148 
144 148 144 155 149 150 146 152 148 
144 148 144 155 149 150 146 152 148 
144 148 144 155 149 150 146 152 148 
144 148 144 155 149 150 158 152 148 
144 148 144 155 149 150 158 152 148 
144 148 144 155 149 150 158 152 148 
157 148 144 155 149 150 158 152 148 
157 148 159 155 160 150 158 152 148 
157 148 159 155 160 150 158 152 148 
157 148 159 155 160 150 158 152 148 
157 148 159 155 160 150 158 152 148 
157 148 159 155 160 150 158 162 148 
157 148 159 155 160 150 158 162 148 
157 148 159 155 160 150 158 162 148 
157 148 159 155 160 150 158 162 160 
157 148 159 155 160 150 158 162 160 
157 159 159 155 160 150 158 162 160 
157 159 159 155 160 162 158 162 160 
157 159 159 155 160 162 158 162 160 
157 159 159 155 160 162 170 162 160 
157 159 159 155 160 162 170 162 160 
157 159 159 155 160 162 170 162 160 
157 159 159 155 160 162 170 162 160 
157 159 159 155 160 162 170 162 160 
157 159 159 155 160 162 170 162 160 
157 159 180 155 160 162 170 162 160 
157 159 180 155 160 174 170 162 160 
157 172 180 155 160 174 170 162 160 
157 172 180 155 160 174 170 162 160 
157 172 180 155 160 174 170 162 172 
157 172 180 155 160 174 170 162 172 
157 172 180 155 171 174 170 162 172 
157 172 180 155 171 174 170 162 172 
157 172 180 155 182 174 170 162 172 
178 172 180 155 182 174 170 162 172 
178 172 180 155 182 174 170 162 172 
178 172 180 155 182 174 170 162 172 
178 172 180 155 182 174 170 162 172 
178 172 180 155 182 174 170 162 194 
178 172 180 188 182 174 170 162 194 
178 172 180 188 182 174 195 162 194 
178 172 180 188 182 174 195 172 194 
178 172 189 188 182 174 195 172 194 
193 172 189 188 182 174 195 172 194 
193 172 189 188 182 174 195 183 194 
193 185 189 188 182 174 195 183 194 
193 185 189 188 182 174 195 183 194 
193 185 189 188 182 174 195 183 194 
193 185 198 188 182 174 195 183 194 
193 185 198 188 182 174 195 183 194 
193 185 198 188 182 174 195 183 194 
193 185 198 188 182 197 195 183 194 
193 185 198 188 182 197 195 183 194 
193 185 198 188 200 197 195 183 194 
193 185 198 188 200 197 195 183 194 
193 185 198 188 200 214 195 183 194 
193 185 198 188 200 214 195 194 194 
206 185 198 188 200 214 195 194 194 
206 185 198 188 212 214 195 194 194 
206 185 198 188 212 214 195 194 194 
206 185 198 188 212 214 195 194 213 
206 185 198 188 212 214 195 194 213 
206 185 198 188 212 214 195 194 213 
206 185 198 188 212 214 195 205 213 
206 185 198 188 212 214 195 205 213 
206 185 198 188 224 214 195 205 213 
206 185 198 188 224 214 213 205 213 
206 185 198 188 224 214 213 205 213 
206 185 198 188 224 214 213 216 213 
206 185 207 188 224 214 213 216 213 
206 185 207 221 224 214 213 216 213 
206 185 207 221 224 214 213 216 213 
226 185 207 221 224 214 213 216 213 
226 212 207 221 224 214 213 216 213 
226 212 207 221 224 214 213 216 213 
226 212 207 221 224 214 213 216 213 
226 212 224 221 224 214 213 226 213 
226 212 224 221 224 214 213 226 228 
226 212 224 221 224 214 213 226 228 
226 212 224 221 224 214 232 226 228 
226 212 224 221 224 214 232 226 228 
226 212 224 221 224 214 232 236 228 
226 212 224 221 224 214 232 236 228 
238 212 224 221 224 214 232 236 228 
238 212 224 221 224 214 232 258 228 
300.0 226.0 224.0 304.0 282.0 214.0 268.0 350.0 246.0 
;
EXECUTION TIME HBSS: 13327.94087 seconds 

-------------------------------------------------------------------
