DATFILE : bwopen0_8r_1000.dat
ENVIRONMENT : bwopen
ALGORITHM : HBSS - TAU 7
RANGE : 1000
STARTING_POS : 0
N_ROBOTS : 8
GREEDY SOLUTION : 729.0
COMPUTATIONS T :
729.0
736.0
729.0
724.0
729.0
722.0
666.0
729.0
729.0
720.0
688.0
729.0
755.0
729.0
743.0
725.0
704.0
746.0
732.0
729.0
715.0
750.0
729.0
769.0
756.0
747.0
686.0
761.0
729.0
713.0
720.0
729.0
682.0
714.0
705.0
719.0
729.0
768.0
703.0
729.0
729.0
731.0
714.0
710.0
757.0
708.0
683.0
741.0
708.0
727.0
729.0
697.0
708.0
729.0
709.0
729.0
714.0
710.0
706.0
687.0
729.0
692.0
714.0
729.0
750.0
729.0
723.0
684.0
714.0
714.0
695.0
713.0
729.0
708.0
729.0
740.0
741.0
718.0
805.0
726.0
729.0
729.0
729.0
707.0
688.0
729.0
814.0
729.0
715.0
729.0
707.0
719.0
724.0
680.0
715.0
716.0
710.0
737.0
729.0
700.0
707.0
710.0
729.0
729.0
710.0
708.0
708.0
736.0
703.0
696.0
707.0
729.0
726.0
714.0
729.0
705.0
729.0
729.0
741.0
729.0
729.0
683.0
730.0
729.0
726.0
729.0
734.0
713.0
742.0
729.0
701.0
708.0
799.0
699.0
746.0
729.0
737.0
799.0
707.0
718.0
693.0
705.0
681.0
729.0
802.0
709.0
718.0
729.0
814.0
708.0
729.0
716.0
708.0
683.0
729.0
708.0
729.0
697.0
700.0
741.0
754.0
717.0
701.0
728.0
722.0
729.0
729.0
729.0
705.0
729.0
689.0
729.0
694.0
715.0
729.0
717.0
695.0
705.0
729.0
695.0
729.0
697.0
739.0
730.0
733.0
729.0
729.0
775.0
729.0
731.0
713.0
699.0
735.0
753.0
692.0
740.0
729.0
729.0
705.0
707.0
;
HBBS bestT : 666.0
BEST_CONFIGURATIONS : 
0 0 0 0 0 0 0 0 
0 4 0 0 0 0 0 0 
0 4 26 0 0 0 0 0 
0 4 26 0 0 0 0 0 
0 4 26 1 0 0 0 0 
0 4 26 1 0 0 0 0 
0 4 26 1 0 0 0 0 
0 4 26 1 5 0 0 0 
0 4 26 1 5 22 0 0 
0 4 26 1 5 22 0 0 
0 4 26 1 5 22 0 0 
0 4 26 1 5 22 0 0 
0 4 26 1 5 22 0 0 
0 4 26 1 5 22 0 0 
0 4 26 1 5 22 0 0 
0 4 26 1 5 22 0 0 
0 4 26 1 5 22 8 0 
0 4 26 1 5 22 8 0 
0 4 26 1 5 22 8 0 
0 4 26 1 5 22 8 0 
0 4 26 1 5 22 8 0 
0 4 26 1 5 22 8 0 
0 4 26 1 5 22 8 27 
0 4 26 1 5 22 8 27 
0 4 26 1 5 22 8 27 
0 4 26 1 5 22 8 27 
0 4 26 1 5 22 8 27 
0 4 26 1 5 22 8 27 
0 4 26 1 5 22 8 27 
0 4 26 1 5 22 13 27 
0 4 26 1 5 22 13 27 
0 4 5 1 5 22 13 27 
0 4 5 1 5 22 13 27 
0 4 5 1 22 22 13 27 
0 4 5 1 22 8 13 27 
0 4 5 1 22 8 13 27 
0 4 26 1 22 8 13 27 
0 4 26 1 22 8 13 9 
0 4 26 1 22 8 13 9 
0 4 26 1 22 8 13 9 
0 4 26 1 22 8 13 9 
0 4 26 1 5 8 13 9 
0 4 26 1 5 8 13 9 
0 4 26 1 5 8 13 9 
0 4 26 1 5 8 17 9 
0 4 26 1 5 8 17 9 
0 4 5 1 5 8 17 9 
0 4 5 1 5 8 17 9 
0 4 5 1 26 8 17 9 
0 4 5 1 26 8 17 9 
0 4 5 1 26 8 17 9 
0 4 5 1 22 8 17 9 
0 4 5 1 22 8 17 9 
0 4 5 1 22 13 17 9 
0 4 5 27 22 13 17 9 
0 4 5 27 22 13 17 9 
0 4 5 27 22 25 17 9 
0 4 5 27 22 25 17 9 
0 4 1 27 22 25 17 9 
0 4 1 27 22 25 17 9 
0 4 1 27 5 25 17 9 
0 4 1 27 5 25 13 9 
0 4 1 27 5 25 13 9 
0 4 1 27 26 25 13 9 
0 4 1 27 26 25 17 9 
0 22 1 27 26 25 17 9 
0 22 1 27 26 25 17 10 
0 22 1 27 26 25 17 10 
0 22 1 27 26 25 17 10 
0 22 1 27 26 25 17 10 
0 22 1 27 26 25 17 10 
0 22 1 27 26 25 17 10 
0 22 1 27 26 25 17 10 
0 22 1 27 5 25 17 10 
0 22 1 27 5 25 13 10 
0 8 1 27 5 25 13 10 
0 8 1 27 5 25 13 10 
4 8 1 27 5 25 13 10 
4 8 1 9 5 25 13 10 
4 8 2 9 5 25 13 10 
4 8 2 9 5 25 13 10 
4 8 2 9 5 25 13 10 
4 8 2 9 5 25 13 10 
4 8 2 9 5 25 13 10 
4 8 2 9 5 25 13 10 
4 8 2 9 5 25 13 10 
4 8 2 9 26 25 13 10 
4 8 2 9 26 25 13 15 
4 8 2 9 26 25 13 15 
4 8 2 9 26 25 17 15 
4 8 2 9 26 25 17 15 
4 8 2 9 26 25 17 15 
4 8 2 9 26 25 17 15 
4 8 2 9 26 25 17 15 
4 8 2 9 26 25 17 15 
4 8 2 9 5 25 17 15 
4 8 2 9 5 25 13 15 
22 8 2 9 5 25 13 15 
22 8 2 9 5 25 13 15 
22 8 2 9 5 18 13 15 
22 8 2 9 5 18 13 15 
22 8 2 9 5 18 13 15 
22 8 2 9 5 18 13 15 
22 8 2 9 5 18 13 15 
22 8 2 9 5 18 13 15 
22 8 2 9 5 18 13 15 
22 8 2 9 26 18 13 15 
22 8 2 9 26 18 17 15 
22 8 2 9 26 18 17 10 
4 8 2 9 26 18 17 10 
4 8 2 24 26 18 17 10 
4 8 2 24 26 18 17 10 
4 8 2 24 26 18 17 10 
4 8 2 24 26 18 17 10 
4 8 2 24 26 18 17 10 
4 8 2 24 26 18 17 10 
4 8 2 24 26 18 17 10 
4 8 2 24 5 18 17 10 
4 8 2 24 5 14 17 10 
4 8 2 24 5 14 17 10 
4 8 2 24 5 14 17 10 
4 8 2 24 5 14 17 10 
4 8 2 24 5 14 13 10 
4 8 2 24 5 14 13 15 
4 8 2 24 5 14 13 15 
4 8 2 24 5 14 13 15 
4 8 2 24 5 14 13 15 
4 8 2 24 26 14 13 15 
4 8 2 24 26 14 17 15 
4 8 2 24 26 14 17 10 
22 8 2 24 26 14 17 10 
22 8 2 24 26 14 17 10 
22 8 6 24 26 14 17 10 
22 4 6 24 26 14 17 10 
22 4 6 24 26 14 17 10 
22 4 6 24 5 14 17 10 
22 4 6 24 5 14 17 10 
22 4 6 24 5 14 17 10 
22 4 6 24 5 14 17 10 
22 4 6 24 26 14 17 10 
22 4 6 24 26 18 17 10 
22 4 6 24 26 18 13 10 
22 4 6 24 26 18 13 15 
8 4 6 24 26 18 13 15 
8 4 6 10 26 18 13 15 
8 0 6 10 26 18 13 15 
8 0 6 10 26 18 13 15 
8 0 6 10 26 18 13 15 
8 0 6 10 26 18 25 15 
8 0 6 10 26 18 25 15 
8 0 6 24 26 18 25 15 
8 0 6 24 26 18 25 15 
8 0 6 24 26 18 25 14 
8 0 6 24 26 18 25 14 
8 0 6 24 26 18 25 14 
8 0 6 24 1 18 25 14 
8 0 6 24 1 18 25 14 
8 0 6 24 1 18 25 14 
8 0 6 24 1 18 25 14 
0 0 21 24 1 18 25 14 
0 0 21 24 1 18 25 14 
0 0 21 24 1 18 25 14 
0 0 21 24 1 14 25 14 
0 0 21 24 1 14 13 14 
0 0 21 24 1 14 13 18 
0 4 21 24 1 14 13 18 
0 4 21 24 1 14 17 18 
0 26 21 24 1 14 17 18 
0 26 21 6 1 14 17 18 
0 26 21 6 1 15 17 18 
0 26 21 6 1 15 17 25 
0 26 21 6 1 15 17 25 
0 5 21 6 1 15 17 25 
22 5 21 6 1 15 17 25 
22 5 21 6 1 10 17 25 
22 5 21 6 27 10 17 25 
22 5 21 6 27 10 17 25 
22 5 21 6 27 10 18 25 
22 5 21 6 27 10 18 14 
22 5 21 6 27 15 18 14 
8 5 21 6 27 15 18 14 
8 5 21 24 27 15 18 14 
8 9 21 24 27 15 18 14 
8 9 21 24 27 15 18 14 
8 9 21 24 27 15 14 14 
4 9 3 24 27 15 14 14 
4 9 3 24 27 15 14 14 
4 9 3 24 27 15 14 14 
4 9 3 24 27 15 14 14 
4 9 3 24 27 10 14 14 
4 9 3 24 27 10 14 14 
4 9 3 24 27 10 14 13 
26 9 3 24 27 10 14 13 
26 9 3 24 27 15 14 13 
26 9 3 24 27 15 18 13 
26 9 3 24 27 15 18 17 
26 9 3 6 27 15 18 17 
26 9 3 6 27 15 18 17 
26 9 3 6 1 15 18 17 
5 9 3 6 1 15 18 17 
5 9 3 6 1 15 18 25 
5 9 3 21 1 15 18 25 
5 9 3 21 1 15 19 25 
5 9 3 21 1 15 19 25 
5 9 3 21 1 15 19 25 
5 9 3 21 1 15 19 25 
5 9 3 21 1 15 19 25 
5 9 3 21 1 10 19 25 
5 9 3 21 1 10 19 25 
26 9 3 21 1 10 19 25 
26 9 3 21 1 15 19 25 
26 9 3 7 1 15 19 25 
26 9 3 7 1 15 19 25 
26 9 3 7 1 15 19 25 
26 9 3 7 1 15 19 25 
26 9 3 7 1 15 19 25 
26 9 3 7 1 15 19 25 
26 9 3 7 1 15 19 17 
26 9 3 7 1 15 19 17 
5 9 3 7 1 15 19 17 
5 9 3 7 1 10 19 17 
5 9 3 7 1 10 19 13 
5 9 3 7 1 10 19 13 
5 9 21 7 1 10 19 13 
5 24 21 7 1 10 19 13 
5 24 21 7 1 10 19 13 
5 24 21 7 27 10 19 13 
5 24 21 7 27 10 19 13 
22 24 21 7 27 10 19 13 
22 24 21 7 27 10 19 13 
22 24 3 7 27 10 19 13 
22 24 3 7 27 10 19 8 
22 24 3 7 27 10 19 8 
22 24 3 7 27 10 19 8 
22 6 3 7 27 10 19 8 
22 6 3 7 27 10 19 8 
22 6 3 7 27 11 19 8 
22 6 3 7 27 11 19 8 
22 6 3 7 27 11 19 8 
22 6 3 7 27 11 19 8 
22 6 3 7 1 11 19 8 
22 6 3 7 1 11 19 8 
22 6 3 7 1 11 19 8 
26 6 3 7 1 11 19 8 
26 21 3 7 1 11 19 8 
26 21 3 7 1 11 20 8 
26 21 3 7 1 11 20 8 
26 21 3 7 1 11 20 8 
26 21 3 7 1 11 20 8 
26 21 3 7 1 11 20 8 
26 21 3 7 1 11 20 8 
26 21 3 7 1 11 20 13 
26 21 3 7 1 11 20 13 
5 21 3 7 1 11 20 13 
5 21 3 7 1 11 20 13 
5 21 3 7 1 11 20 17 
5 21 3 7 1 11 20 17 
5 6 3 7 1 11 20 17 
5 6 3 7 27 11 20 17 
5 6 3 7 27 11 20 17 
5 6 3 12 27 11 20 17 
5 6 3 12 27 11 20 17 
5 6 3 12 27 11 20 17 
5 6 3 12 27 11 20 17 
5 6 3 12 27 11 20 17 
5 6 3 12 27 11 20 17 
5 6 3 12 27 11 20 17 
26 6 3 12 27 11 20 17 
26 6 3 12 27 11 23 17 
26 6 3 12 27 11 23 17 
26 6 3 12 27 11 23 17 
26 6 3 12 27 11 23 17 
26 6 3 12 27 11 23 17 
26 6 3 12 27 11 23 17 
26 6 3 12 27 11 23 17 
5 6 3 12 27 11 23 17 
5 6 3 16 27 11 23 17 
5 6 3 16 27 11 23 17 
5 6 3 16 27 11 23 17 
5 6 3 16 27 11 23 17 
5 6 3 16 27 11 23 17 
5 6 3 16 27 11 23 17 
5 6 3 16 27 11 23 13 
5 6 3 16 27 11 23 13 
26 6 3 16 27 11 23 13 
26 6 3 16 27 11 20 13 
26 6 3 16 27 11 20 17 
26 21 3 16 27 11 20 17 
26 21 3 16 1 11 20 17 
26 21 7 16 1 11 20 17 
26 21 7 16 1 24 20 17 
26 21 7 16 1 24 20 17 
4 21 7 16 1 24 20 17 
4 21 7 16 1 24 20 17 
4 21 7 16 1 24 20 17 
4 21 7 16 1 24 20 25 
4 21 7 16 1 24 20 25 
4 21 7 16 1 24 20 25 
4 11 7 16 1 24 20 25 
4 11 7 16 1 10 20 25 
4 11 7 16 1 10 20 25 
4 11 7 16 1 10 20 25 
4 11 7 16 1 10 20 25 
4 11 7 16 0 10 20 25 
4 11 7 16 0 10 20 25 
4 11 7 16 0 10 20 25 
4 11 7 16 0 10 20 25 
4 11 7 16 0 15 20 25 
4 11 7 16 0 15 20 25 
4 11 7 16 0 15 20 25 
22 11 7 16 0 15 20 25 
22 11 7 16 0 15 20 25 
22 11 7 16 0 15 20 18 
22 11 7 16 0 15 20 18 
22 11 7 16 0 15 20 18 
22 11 7 16 0 15 20 18 
22 11 7 16 0 15 23 18 
22 11 7 16 0 15 23 18 
22 11 7 16 0 15 23 18 
22 11 7 16 0 10 23 18 
22 11 7 16 0 10 23 18 
22 11 7 12 0 10 23 18 
22 11 7 12 0 10 23 18 
22 11 7 12 0 10 23 18 
22 11 7 12 0 10 23 18 
22 11 7 12 0 10 23 18 
22 24 7 12 0 10 23 18 
22 24 7 12 0 10 23 18 
22 24 7 12 0 10 23 14 
22 24 7 12 0 15 23 14 
22 24 7 12 0 15 23 14 
22 24 7 12 0 15 23 14 
22 24 7 12 0 15 23 14 
4 24 7 12 0 15 23 14 
4 24 7 12 0 15 23 14 
4 24 7 12 1 15 23 14 
4 24 7 12 1 15 23 14 
4 9 7 12 1 15 23 14 
4 9 7 12 1 15 23 14 
4 9 21 12 1 15 23 14 
4 9 21 12 1 15 23 14 
8 9 21 12 1 15 23 14 
8 9 21 12 1 15 23 14 
8 9 21 12 1 15 23 25 
8 9 21 12 1 15 23 25 
8 9 21 12 1 19 23 25 
8 9 21 12 1 19 23 25 
8 9 3 12 0 19 23 25 
8 9 3 12 0 19 23 25 
8 14 3 12 0 19 23 25 
13 14 3 12 0 19 23 25 
13 14 3 12 0 19 23 18 
13 14 3 12 0 19 20 18 
13 14 3 12 0 19 20 18 
13 14 3 16 0 19 20 18 
13 14 3 16 0 19 20 18 
13 14 3 16 4 19 20 18 
8 14 3 16 4 19 20 18 
8 14 3 16 4 19 20 18 
8 14 2 16 4 19 20 18 
8 14 2 16 4 19 20 18 
8 14 2 16 4 19 20 18 
8 14 2 16 0 19 20 18 
8 9 2 16 0 19 20 18 
8 9 2 16 0 19 20 18 
8 9 2 16 0 19 23 18 
8 9 2 16 0 20 23 18 
8 9 2 12 0 20 23 18 
8 27 2 12 0 20 23 18 
8 27 2 12 1 20 23 18 
8 27 2 12 1 20 16 18 
9 27 2 12 1 20 16 11 
9 27 2 12 1 20 16 11 
24 27 2 12 1 20 16 11 
24 2 2 7 1 20 16 11 
24 2 6 7 1 20 16 11 
24 2 6 21 1 20 16 11 
24 2 6 21 1 14 11 11 
2 2 6 3 1 14 11 11 
0 0 0 0 0 0 0 0 
;
ROBOT MOVING BEST:
0 0 0 0 0 0 0 0 
1 1 0 0 0 0 0 0 
1 0 1 0 0 0 0 0 
0 1 1 0 0 0 0 0 
1 0 0 1 0 0 0 0 
0 1 0 1 0 0 0 0 
0 0 1 1 0 0 0 0 
1 0 0 0 1 0 0 0 
1 0 0 0 0 1 0 0 
0 1 0 0 1 0 0 0 
0 1 0 0 0 1 0 0 
0 0 1 0 1 0 0 0 
0 0 1 0 0 1 0 0 
0 0 0 1 1 0 0 0 
0 0 0 1 0 1 0 0 
0 0 0 0 1 1 0 0 
1 0 0 0 0 0 1 0 
0 1 0 0 0 0 1 0 
0 0 1 0 0 0 1 0 
0 0 0 1 0 0 1 0 
0 0 0 0 1 0 1 0 
0 0 0 0 0 1 1 0 
1 0 0 0 0 0 0 1 
0 1 0 0 0 0 0 1 
0 0 1 0 0 0 0 1 
0 0 0 1 0 0 0 1 
0 0 0 0 1 0 0 1 
0 0 0 0 0 1 0 1 
0 0 0 0 0 0 1 1 
1 0 0 0 0 0 1 0 
0 1 0 0 0 0 1 0 
0 0 1 0 0 0 1 0 
0 0 0 1 0 0 1 0 
0 0 0 0 1 0 1 0 
0 0 0 0 0 1 1 0 
0 0 0 0 0 0 1 1 
0 0 1 0 0 0 1 0 
1 0 0 0 0 0 0 1 
0 1 0 0 0 0 0 1 
0 0 1 0 0 0 0 1 
0 0 0 1 0 0 0 1 
0 0 0 0 1 0 0 1 
0 0 0 0 0 1 0 1 
0 0 0 0 0 0 1 1 
1 0 0 0 0 0 1 0 
0 1 0 0 0 0 1 0 
0 0 1 0 0 0 1 0 
0 0 0 1 0 0 1 0 
0 0 0 0 1 0 1 0 
0 0 0 0 0 1 1 0 
0 0 0 0 0 0 1 1 
0 0 0 0 1 0 1 0 
0 0 0 0 1 0 0 1 
0 0 0 0 0 1 1 0 
0 0 0 1 0 0 1 0 
0 0 0 1 0 0 0 1 
1 0 0 0 0 1 0 0 
0 1 0 0 0 1 0 0 
0 0 1 0 0 1 0 0 
0 0 0 1 0 1 0 0 
0 0 0 0 1 1 0 0 
0 0 0 0 0 1 1 0 
0 0 0 0 0 1 0 1 
0 0 0 0 1 1 0 0 
0 0 0 0 0 1 1 0 
0 1 0 0 0 1 0 0 
1 0 0 0 0 0 0 1 
0 1 0 0 0 0 0 1 
0 0 1 0 0 0 0 1 
0 0 0 1 0 0 0 1 
0 0 0 0 1 0 0 1 
0 0 0 0 0 1 0 1 
0 0 0 0 0 0 1 1 
0 0 0 0 1 0 0 1 
0 0 0 0 0 0 1 1 
0 1 0 0 0 1 0 0 
0 1 0 0 0 0 0 1 
1 0 0 0 0 0 0 1 
0 0 0 1 0 0 0 1 
1 0 1 0 0 0 0 0 
0 1 1 0 0 0 0 0 
0 0 1 1 0 0 0 0 
0 0 1 0 1 0 0 0 
0 0 1 0 0 1 0 0 
0 0 1 0 0 0 1 0 
0 0 1 0 0 0 0 1 
0 0 1 0 1 0 0 0 
1 0 0 0 0 0 0 1 
0 1 0 0 0 0 0 1 
0 0 1 0 0 0 1 0 
0 0 0 1 0 0 0 1 
0 0 1 0 0 0 0 1 
0 0 0 0 1 0 0 1 
0 0 0 0 0 1 0 1 
0 0 0 0 0 0 1 1 
0 0 0 0 1 0 0 1 
0 0 0 0 0 0 1 1 
1 0 1 0 0 0 0 0 
1 0 0 0 0 0 0 1 
1 0 0 0 0 1 0 0 
0 1 0 0 0 1 0 0 
0 0 1 0 0 1 0 0 
0 0 0 1 0 1 0 0 
0 0 0 0 1 1 0 0 
0 0 0 0 0 1 1 0 
0 0 0 0 0 1 0 1 
0 0 0 0 1 1 0 0 
0 0 0 0 0 1 1 0 
0 0 0 0 0 1 0 1 
1 0 0 0 0 1 0 0 
1 0 0 1 0 0 0 0 
0 1 0 1 0 0 0 0 
0 0 1 1 0 0 0 0 
0 0 0 1 1 0 0 0 
0 0 0 1 0 1 0 0 
0 0 0 1 0 0 1 0 
0 0 0 1 0 0 0 1 
0 0 0 1 1 0 0 0 
1 0 0 0 0 1 0 0 
0 1 0 0 0 1 0 0 
0 0 1 0 0 1 0 0 
0 0 0 1 0 1 0 0 
0 0 0 1 0 0 1 0 
0 0 0 1 0 0 0 1 
0 0 0 0 1 1 0 0 
0 0 0 0 0 1 1 0 
0 0 0 0 0 1 0 1 
0 0 0 0 1 1 0 0 
0 0 0 0 0 1 1 0 
0 0 0 0 0 1 0 1 
1 0 0 1 0 0 0 0 
1 0 0 0 0 1 0 0 
1 0 1 0 0 0 0 0 
0 1 1 0 0 0 0 0 
0 0 1 1 0 0 0 0 
0 0 1 0 1 0 0 0 
0 0 1 0 0 1 0 0 
0 0 1 0 0 0 1 0 
0 0 1 0 0 0 0 1 
0 0 1 0 1 0 0 0 
0 0 1 0 0 1 0 0 
0 0 1 0 0 0 1 0 
0 0 1 0 0 0 0 1 
1 0 1 0 0 0 0 0 
0 0 0 1 0 0 0 1 
0 1 1 0 0 0 0 0 
0 1 0 0 0 1 0 0 
0 1 0 0 0 0 0 1 
0 0 1 0 0 0 1 0 
0 0 0 0 0 1 1 0 
0 1 0 1 0 0 0 0 
0 0 0 1 0 0 1 0 
0 1 0 0 0 0 0 1 
0 0 0 0 0 1 0 1 
0 0 0 0 0 0 1 1 
0 0 1 0 1 0 0 0 
0 0 0 1 1 0 0 0 
0 0 0 0 1 1 0 0 
0 0 0 0 1 0 0 1 
1 0 1 0 0 0 0 0 
0 0 1 1 0 0 0 0 
0 0 1 0 1 0 0 0 
0 0 1 0 0 1 0 0 
0 0 1 0 0 0 1 0 
0 0 1 0 0 0 0 1 
0 1 1 0 0 0 0 0 
0 0 1 0 0 0 1 0 
0 1 1 0 0 0 0 0 
0 0 1 1 0 0 0 0 
0 0 1 0 0 1 0 0 
0 0 1 0 0 0 0 1 
0 0 0 0 1 1 0 0 
0 1 1 0 0 0 0 0 
1 0 1 0 0 0 0 0 
0 0 1 0 0 1 0 0 
0 0 1 0 1 0 0 0 
0 0 0 1 1 0 0 0 
0 0 0 0 1 0 1 0 
0 0 0 0 1 0 0 1 
0 0 0 0 1 1 0 0 
1 0 1 0 0 0 0 0 
0 0 0 1 1 0 0 0 
0 1 1 0 0 0 0 0 
0 1 0 1 0 0 0 0 
0 1 0 0 0 0 1 0 
1 0 1 0 0 0 0 0 
0 1 1 0 0 0 0 0 
0 0 1 1 0 0 0 0 
0 0 1 0 1 0 0 0 
0 0 1 0 0 1 0 0 
0 0 1 0 0 0 1 0 
0 0 1 0 0 0 0 1 
1 0 1 0 0 0 0 0 
0 0 1 0 0 1 0 0 
0 0 1 0 0 0 1 0 
0 0 1 0 0 0 0 1 
0 1 0 1 0 0 0 0 
0 0 1 1 0 0 0 0 
0 0 1 0 1 0 0 0 
1 0 1 0 0 0 0 0 
0 0 1 0 0 0 0 1 
0 0 1 1 0 0 0 0 
1 0 0 0 0 0 1 0 
0 1 0 0 0 0 1 0 
0 0 1 0 0 0 1 0 
0 0 0 1 0 0 1 0 
0 0 0 0 1 0 1 0 
0 0 0 0 0 1 1 0 
0 0 0 0 0 0 1 1 
1 0 0 0 0 0 1 0 
0 0 0 0 0 1 1 0 
1 0 0 1 0 0 0 0 
0 1 0 1 0 0 0 0 
0 0 1 1 0 0 0 0 
0 0 0 1 1 0 0 0 
0 0 0 1 0 1 0 0 
0 0 0 1 0 0 1 0 
0 0 0 1 0 0 0 1 
0 0 0 0 0 0 1 1 
1 0 0 1 0 0 0 0 
0 0 0 1 0 1 0 0 
0 0 0 1 0 0 0 1 
0 0 0 0 0 0 1 1 
0 0 1 1 0 0 0 0 
0 1 0 1 0 0 0 0 
0 1 0 0 0 0 1 0 
0 0 0 1 1 0 0 0 
0 0 0 0 1 0 1 0 
1 0 0 1 0 0 0 0 
1 0 0 0 0 0 1 0 
1 0 1 0 0 0 0 0 
0 0 1 0 0 0 0 1 
0 0 0 1 0 0 0 1 
0 0 0 0 0 0 1 1 
0 1 0 1 0 0 0 0 
0 1 0 0 0 0 1 0 
1 0 0 0 0 1 0 0 
0 1 0 0 0 1 0 0 
0 0 1 0 0 1 0 0 
0 0 0 1 0 1 0 0 
0 0 0 0 1 1 0 0 
0 0 0 0 0 1 1 0 
0 0 0 0 0 1 0 1 
1 0 0 0 0 1 0 0 
0 1 0 0 0 1 0 0 
1 0 0 0 0 0 1 0 
0 1 0 0 0 0 1 0 
0 0 1 0 0 0 1 0 
0 0 0 1 0 0 1 0 
0 0 0 0 1 0 1 0 
0 0 0 0 0 1 1 0 
0 0 0 0 0 1 0 1 
0 0 0 0 0 0 1 1 
1 0 0 0 0 1 0 0 
1 0 0 0 0 0 1 0 
0 0 0 0 0 1 0 1 
0 0 0 0 0 0 1 1 
0 1 0 0 0 0 1 0 
0 0 0 0 1 1 0 0 
0 0 0 0 1 0 1 0 
1 0 0 1 0 0 0 0 
0 1 0 1 0 0 0 0 
0 0 1 1 0 0 0 0 
0 0 0 1 1 0 0 0 
0 0 0 1 0 1 0 0 
0 0 0 1 0 0 1 0 
0 0 0 1 0 0 0 1 
1 0 0 1 0 0 0 0 
1 0 0 0 0 0 1 0 
0 1 0 0 0 0 1 0 
0 0 1 0 0 0 1 0 
0 0 0 1 0 0 1 0 
0 0 0 0 1 0 1 0 
0 0 0 0 0 1 1 0 
0 0 0 0 0 0 1 1 
1 0 0 0 0 0 1 0 
1 0 0 1 0 0 0 0 
0 1 0 1 0 0 0 0 
0 0 1 1 0 0 0 0 
0 0 0 1 1 0 0 0 
0 0 0 1 0 1 0 0 
0 0 0 1 0 0 1 0 
0 0 0 1 0 0 0 1 
0 0 0 0 0 0 1 1 
1 0 0 1 0 0 0 0 
0 0 0 1 0 0 1 0 
0 0 0 1 0 0 0 1 
0 1 0 1 0 0 0 0 
0 0 0 1 1 0 0 0 
0 0 1 1 0 0 0 0 
0 0 0 1 0 1 0 0 
0 0 0 0 0 1 1 0 
1 0 1 0 0 0 0 0 
1 0 0 1 0 0 0 0 
1 0 0 0 0 0 1 0 
0 0 1 0 0 0 0 1 
0 0 0 1 0 0 0 1 
0 0 0 0 0 0 1 1 
1 1 0 0 0 0 0 0 
0 1 0 0 0 1 0 0 
0 1 0 0 0 0 0 1 
0 0 0 1 0 1 0 0 
0 0 0 0 0 1 1 0 
0 1 0 0 1 0 0 0 
0 0 1 0 1 0 0 0 
0 0 0 1 1 0 0 0 
0 0 0 0 1 0 1 0 
0 1 0 0 0 1 0 0 
0 0 0 1 0 1 0 0 
0 0 0 0 0 1 1 0 
1 0 0 1 0 0 0 0 
1 0 0 0 0 0 1 0 
0 1 0 0 0 0 0 1 
0 0 1 0 0 0 0 1 
0 0 0 1 0 0 0 1 
0 0 0 0 0 0 1 1 
1 0 0 0 0 0 1 0 
0 0 1 0 0 0 1 0 
0 0 0 0 1 0 1 0 
0 0 0 0 0 1 1 0 
0 0 0 0 0 0 1 1 
1 0 0 1 0 0 0 0 
0 0 1 1 0 0 0 0 
0 0 0 1 1 0 0 0 
0 0 0 1 0 0 0 1 
0 0 0 1 0 1 0 0 
0 1 0 1 0 0 0 0 
0 1 0 0 0 0 1 0 
0 0 1 0 0 0 0 1 
0 0 0 1 0 1 0 0 
0 0 0 1 0 0 0 1 
0 0 0 0 0 1 1 0 
0 0 0 0 0 0 1 1 
1 0 0 1 0 0 0 0 
1 0 0 0 0 0 1 0 
0 0 0 1 1 0 0 0 
0 0 0 0 1 0 1 0 
0 1 0 1 0 0 0 0 
0 1 0 0 0 0 1 0 
0 0 1 1 0 0 0 0 
0 0 1 0 0 0 1 0 
1 0 0 1 0 0 0 0 
1 0 0 0 0 0 1 0 
0 0 0 1 0 0 0 1 
0 0 0 0 0 0 1 1 
0 0 0 1 0 1 0 0 
0 0 0 0 0 1 1 0 
0 0 1 0 1 0 0 0 
0 0 0 0 1 1 0 0 
0 1 0 0 0 1 0 0 
1 0 0 1 0 0 0 0 
0 0 0 0 0 1 0 1 
0 1 0 0 0 0 1 0 
0 0 0 0 0 1 1 0 
0 1 0 1 0 0 0 0 
0 0 0 1 0 1 0 0 
0 0 0 0 1 1 0 0 
1 0 0 1 0 0 0 0 
1 0 0 0 0 0 1 0 
0 0 1 1 0 0 0 0 
0 0 1 0 0 1 0 0 
0 0 1 0 0 0 1 0 
0 0 1 0 1 0 0 0 
0 1 0 1 0 0 0 0 
0 1 0 0 0 0 1 0 
0 0 1 0 0 0 1 0 
0 0 0 0 0 1 1 0 
0 0 1 1 0 0 0 0 
0 1 1 0 0 0 0 0 
0 0 1 0 1 0 0 0 
0 0 0 1 0 0 1 0 
1 0 0 0 0 0 0 1 
0 0 1 0 0 0 0 1 
1 0 0 0 0 0 0 1 
0 1 0 1 0 0 0 0 
0 1 1 0 0 0 0 0 
0 1 0 1 0 0 0 0 
0 0 0 0 0 1 1 0 
1 0 0 1 0 0 0 0 
1 1 1 1 1 1 1 1 
;
TIMETABLE BEST: 
0.0 0.0 0.0 0.0 0.0 0.0 0.0 0.0 
14 14 0 0 0 0 0 0 
17 14 17 0 0 0 0 0 
17 17 17 0 0 0 0 0 
18 17 17 18 0 0 0 0 
18 18 17 18 0 0 0 0 
18 18 18 18 0 0 0 0 
24 18 18 18 24 0 0 0 
24 18 18 18 24 24 0 0 
24 24 18 18 24 24 0 0 
24 24 18 18 24 24 0 0 
24 24 24 18 24 24 0 0 
24 24 24 18 24 24 0 0 
24 24 24 24 24 24 0 0 
24 24 24 24 24 24 0 0 
24 24 24 24 24 24 0 0 
26 24 24 24 24 24 26 0 
26 26 24 24 24 24 26 0 
26 26 26 24 24 24 26 0 
26 26 26 26 24 24 26 0 
26 26 26 26 26 24 26 0 
26 26 26 26 26 26 26 0 
33 26 26 26 26 26 26 33 
33 33 26 26 26 26 26 33 
33 33 33 26 26 26 26 33 
33 33 33 33 26 26 26 33 
33 33 33 33 33 26 26 33 
33 33 33 33 33 33 26 33 
33 33 33 33 33 33 33 33 
46 33 33 33 33 33 46 33 
46 46 33 33 33 33 46 33 
46 46 46 33 33 33 46 33 
46 46 46 46 33 33 46 33 
46 46 46 46 46 33 46 33 
46 46 46 46 46 46 46 33 
46 46 46 46 46 46 46 46 
46 46 55 46 46 46 55 46 
61 46 55 46 46 46 55 61 
61 61 55 46 46 46 55 61 
61 61 61 46 46 46 55 61 
61 61 61 61 46 46 55 61 
61 61 61 61 61 46 55 61 
61 61 61 61 61 61 55 61 
61 61 61 61 61 61 61 61 
72 61 61 61 61 61 72 61 
72 72 61 61 61 61 72 61 
72 72 72 61 61 61 72 61 
72 72 72 72 61 61 72 61 
72 72 72 72 72 61 72 61 
72 72 72 72 72 72 72 61 
72 72 72 72 72 72 72 72 
72 72 72 72 83 72 83 72 
72 72 72 72 83 72 83 83 
72 72 72 72 83 85 85 83 
72 72 72 87 83 85 87 83 
72 72 72 87 83 85 87 87 
98 72 72 87 83 98 87 87 
98 98 72 87 83 98 87 87 
98 98 98 87 83 98 87 87 
98 98 98 98 83 98 87 87 
98 98 98 98 98 98 87 87 
98 98 98 98 98 98 98 87 
98 98 98 98 98 98 98 98 
98 98 98 98 107 107 98 98 
98 98 98 98 107 109 109 98 
98 110 98 98 107 110 109 98 
112 110 98 98 107 110 109 112 
112 112 98 98 107 110 109 112 
112 112 112 98 107 110 109 112 
112 112 112 112 107 110 109 112 
112 112 112 112 112 110 109 112 
112 112 112 112 112 112 109 112 
112 112 112 112 112 112 112 112 
112 112 112 112 121 112 112 121 
112 112 112 112 121 112 123 123 
112 124 112 112 121 124 123 123 
112 124 112 112 121 124 123 124 
126 124 112 112 121 124 123 126 
126 124 112 127 121 124 123 127 
132 124 132 127 121 124 123 127 
132 132 132 127 121 124 123 127 
132 132 132 132 121 124 123 127 
132 132 132 132 132 124 123 127 
132 132 132 132 132 132 123 127 
132 132 132 132 132 132 132 127 
132 132 132 132 132 132 132 132 
132 132 141 132 141 132 132 132 
143 132 141 132 141 132 132 143 
143 143 141 132 141 132 132 143 
143 143 143 132 141 132 143 143 
143 143 143 143 141 132 143 143 
143 143 143 143 141 132 143 143 
143 143 143 143 143 132 143 143 
143 143 143 143 143 143 143 143 
143 143 143 143 143 143 143 143 
143 143 143 143 152 143 143 152 
143 143 143 143 152 143 154 154 
155 143 155 143 152 143 154 154 
155 143 155 143 152 143 154 155 
156 143 155 143 152 156 154 155 
156 156 155 143 152 156 154 155 
156 156 156 143 152 156 154 155 
156 156 156 156 152 156 154 155 
156 156 156 156 156 156 154 155 
156 156 156 156 156 156 156 155 
156 156 156 156 156 156 156 156 
156 156 156 156 165 165 156 156 
156 156 156 156 165 167 167 156 
156 156 156 156 165 167 167 167 
168 156 156 156 165 168 167 167 
171 156 156 171 165 168 167 167 
171 171 156 171 165 168 167 167 
171 171 171 171 165 168 167 167 
171 171 171 171 171 168 167 167 
171 171 171 171 171 171 167 167 
171 171 171 171 171 171 171 167 
171 171 171 171 171 171 171 171 
171 171 171 180 180 171 171 171 
182 171 171 180 180 182 171 171 
182 182 171 180 180 182 171 171 
182 182 182 180 180 182 171 171 
182 182 182 182 180 182 171 171 
182 182 182 182 180 182 182 171 
182 182 182 182 180 182 182 182 
182 182 182 182 182 182 182 182 
182 182 182 182 182 182 182 182 
182 182 182 182 182 182 182 182 
182 182 182 182 191 191 182 182 
182 182 182 182 191 193 193 182 
182 182 182 182 191 193 193 193 
194 182 182 194 191 193 193 193 
194 182 182 194 191 194 193 193 
200 182 200 194 191 194 193 193 
200 200 200 194 191 194 193 193 
200 200 200 200 191 194 193 193 
200 200 200 200 200 194 193 193 
200 200 200 200 200 200 193 193 
200 200 200 200 200 200 200 193 
200 200 200 200 200 200 200 200 
200 200 209 200 209 200 200 200 
200 200 211 200 209 211 200 200 
200 200 211 200 209 211 211 200 
200 200 211 200 209 211 211 211 
212 200 212 200 209 211 211 211 
212 200 212 213 209 211 211 213 
212 214 214 213 209 211 211 213 
212 214 214 213 209 214 211 213 
212 214 214 213 209 214 211 214 
212 214 224 213 209 214 224 214 
212 214 224 213 209 224 224 214 
212 226 224 226 209 224 224 214 
212 226 224 226 209 224 226 214 
212 227 224 226 209 224 226 227 
212 227 224 226 209 227 226 227 
212 227 224 226 209 227 227 227 
212 227 228 226 228 227 227 227 
212 227 228 228 228 227 227 227 
212 227 228 228 228 228 227 227 
212 227 228 228 228 228 227 228 
240 227 240 228 228 228 227 228 
240 227 240 240 228 228 227 228 
240 227 240 240 240 228 227 228 
240 227 240 240 240 240 227 228 
240 227 240 240 240 240 240 228 
240 227 240 240 240 240 240 240 
240 241 241 240 240 240 240 240 
240 241 251 240 240 240 251 240 
240 252 252 240 240 240 251 240 
240 252 253 253 240 240 251 240 
240 252 253 253 240 253 251 240 
240 252 253 253 240 253 251 253 
240 252 253 253 253 253 251 253 
240 261 261 253 253 253 251 253 
264 261 264 253 253 253 251 253 
264 261 264 253 253 264 251 253 
264 261 268 253 268 264 251 253 
264 261 268 268 268 264 251 253 
264 261 268 268 268 264 268 253 
264 261 268 268 269 264 268 269 
264 261 268 268 275 275 268 269 
276 261 276 268 275 275 268 269 
276 261 276 281 281 275 268 269 
276 283 283 281 281 275 268 269 
276 283 283 283 281 275 268 269 
276 283 283 283 281 275 283 269 
295 283 295 283 281 275 283 269 
295 295 295 283 281 275 283 269 
295 295 295 295 281 275 283 269 
295 295 295 295 295 275 283 269 
295 295 295 295 295 295 283 269 
295 295 295 295 295 295 295 269 
295 295 295 295 295 295 295 295 
306 295 306 295 295 295 295 295 
306 295 306 295 295 306 295 295 
306 295 306 295 295 306 306 295 
306 295 306 295 295 306 306 306 
306 308 306 308 295 306 306 306 
306 308 308 308 295 306 306 306 
306 308 310 308 310 306 306 306 
315 308 315 308 310 306 306 306 
315 308 318 308 310 306 306 318 
315 308 320 320 310 306 306 318 
326 308 320 320 310 306 326 318 
326 326 320 320 310 306 326 318 
326 326 326 320 310 306 326 318 
326 326 326 326 310 306 326 318 
326 326 326 326 326 306 326 318 
326 326 326 326 326 326 326 318 
326 326 326 326 326 326 326 326 
335 326 326 326 326 326 335 326 
335 326 326 326 326 337 337 326 
338 326 326 338 326 337 337 326 
338 338 326 338 326 337 337 326 
338 338 338 338 326 337 337 326 
338 338 338 338 338 337 337 326 
338 338 338 338 338 338 337 326 
338 338 338 338 338 338 338 326 
338 338 338 338 338 338 338 338 
338 338 338 338 338 338 338 338 
347 338 338 347 338 338 338 338 
347 338 338 349 338 349 338 338 
347 338 338 349 338 349 338 349 
347 338 338 349 338 349 349 349 
347 338 350 350 338 349 349 349 
347 353 350 353 338 349 349 349 
347 353 350 353 338 349 353 349 
347 353 350 353 353 349 353 349 
347 353 350 353 353 349 353 349 
359 353 350 359 353 349 353 349 
359 353 350 359 353 349 359 349 
362 353 362 359 353 349 359 349 
362 353 362 359 353 349 359 362 
362 353 362 362 353 349 359 362 
362 353 362 362 353 349 362 362 
362 366 362 366 353 349 362 362 
362 366 362 366 353 349 366 362 
370 366 362 366 353 370 366 362 
370 370 362 366 353 370 366 362 
370 370 370 366 353 370 366 362 
370 370 370 370 353 370 366 362 
370 370 370 370 370 370 366 362 
370 370 370 370 370 370 370 362 
370 370 370 370 370 370 370 370 
381 370 370 370 370 381 370 370 
381 382 370 370 370 382 370 370 
383 382 370 370 370 382 383 370 
383 383 370 370 370 382 383 370 
383 383 383 370 370 382 383 370 
383 383 383 383 370 382 383 370 
383 383 383 383 383 382 383 370 
383 383 383 383 383 383 383 370 
383 383 383 383 383 383 383 383 
383 383 383 383 383 383 383 383 
392 383 383 383 383 392 383 383 
392 383 383 383 383 392 392 383 
392 383 383 383 383 394 392 394 
392 383 383 383 383 394 394 394 
392 395 383 383 383 394 395 394 
392 395 383 383 398 398 395 394 
392 395 383 383 398 398 398 394 
401 395 383 401 398 398 398 394 
401 401 383 401 398 398 398 394 
401 401 401 401 398 398 398 394 
401 401 401 401 401 398 398 394 
401 401 401 401 401 401 398 394 
401 401 401 401 401 401 401 394 
401 401 401 401 401 401 401 401 
410 401 401 410 401 401 401 401 
411 401 401 410 401 401 411 401 
411 411 401 410 401 401 411 401 
411 411 411 410 401 401 411 401 
411 411 411 411 401 401 411 401 
411 411 411 411 411 401 411 401 
411 411 411 411 411 411 411 401 
411 411 411 411 411 411 411 411 
420 411 411 411 411 411 420 411 
422 411 411 422 411 411 420 411 
422 422 411 422 411 411 420 411 
422 422 422 422 411 411 420 411 
422 422 422 422 422 411 420 411 
422 422 422 422 422 422 420 411 
422 422 422 422 422 422 422 411 
422 422 422 422 422 422 422 422 
422 422 422 422 422 422 422 422 
431 422 422 431 422 422 422 422 
431 422 422 432 422 422 432 422 
431 422 422 433 422 422 432 433 
431 434 422 434 422 422 432 433 
431 434 422 437 437 422 432 433 
431 434 438 438 437 422 432 433 
431 434 438 440 437 440 432 433 
431 434 438 440 437 440 440 433 
442 434 442 440 437 440 440 433 
442 434 442 442 437 440 440 433 
442 434 442 442 437 440 442 433 
442 434 445 442 437 440 442 445 
442 434 445 445 437 440 442 445 
442 434 445 445 437 440 445 445 
453 453 445 445 437 440 445 445 
453 453 445 445 437 453 445 445 
453 453 445 445 437 453 445 453 
453 453 445 453 437 453 445 453 
453 453 445 453 437 453 453 453 
453 455 445 453 455 453 453 453 
453 455 455 453 455 453 453 453 
453 455 455 455 455 453 453 453 
453 455 455 455 455 453 455 453 
453 464 455 455 455 464 455 453 
453 464 455 464 455 464 455 453 
453 464 455 464 455 464 464 453 
465 464 455 465 455 464 464 453 
465 464 455 465 455 464 465 453 
465 466 455 465 455 464 465 466 
465 466 466 465 455 464 465 466 
465 466 466 466 455 464 465 466 
465 466 466 466 455 464 466 466 
476 466 466 466 455 464 476 466 
476 466 476 466 455 464 476 466 
476 466 476 466 476 464 476 466 
476 466 476 466 476 476 476 466 
476 466 476 466 476 476 476 476 
477 466 476 477 476 476 476 476 
477 466 477 477 476 476 476 476 
477 466 477 477 477 476 476 476 
477 466 477 477 477 476 476 477 
477 466 477 477 477 477 476 477 
477 484 477 484 477 477 476 477 
477 484 477 484 477 477 484 477 
477 484 488 484 477 477 484 488 
477 484 488 488 477 488 484 488 
477 484 488 488 477 488 484 488 
477 484 488 488 477 488 488 488 
477 484 488 488 477 488 488 488 
489 484 488 489 477 488 488 488 
489 484 488 489 477 488 489 488 
489 484 488 495 495 488 489 488 
489 484 488 495 495 488 495 488 
489 499 488 499 495 488 495 488 
489 499 488 499 495 488 499 488 
489 499 500 500 495 488 499 488 
489 499 500 500 495 488 500 488 
503 499 500 503 495 488 500 488 
503 499 500 503 495 488 503 488 
503 499 500 504 495 488 503 504 
503 499 500 504 495 488 504 504 
503 499 500 512 495 512 504 504 
503 499 500 512 495 512 512 504 
503 499 513 512 513 512 512 504 
503 499 513 512 513 513 512 504 
503 515 513 512 513 515 512 504 
516 515 513 516 513 515 512 504 
516 515 513 516 513 517 512 517 
516 522 513 516 513 517 522 517 
516 522 513 516 513 522 522 517 
516 527 513 527 513 522 522 517 
516 527 513 527 513 527 522 517 
516 527 513 527 527 527 522 517 
529 527 513 529 527 527 522 517 
529 527 513 529 527 527 529 517 
529 527 535 535 527 527 529 517 
529 527 535 535 527 535 529 517 
529 527 535 535 527 535 535 517 
529 527 541 535 541 535 535 517 
529 543 541 543 541 535 535 517 
529 543 541 543 541 535 543 517 
529 543 553 543 541 535 553 517 
529 543 553 543 541 553 553 517 
529 543 554 554 541 553 553 517 
529 558 558 554 541 553 553 517 
529 558 559 554 559 553 553 517 
529 558 559 564 559 553 564 517 
565 558 559 564 559 553 564 565 
565 558 565 564 559 553 564 565 
580 558 565 564 559 553 564 580 
580 582 565 582 559 553 564 580 
580 583 583 582 559 553 564 580 
580 594 583 594 559 553 564 580 
580 594 583 594 559 595 595 580 
606 594 583 606 559 595 595 580 
642.0 630.0 637.0 664.0 577.0 649.0 666.0 651.0 
;
EXECUTION TIME HBSS: 9813.20566821 seconds 

-------------------------------------------------------------------
