DATFILE : bwopen0_10r_1000.dat
ENVIRONMENT : bwopen
ALGORITHM : HBSS - TAU 2
RANGE : 1000
STARTING_POS : 0
N_ROBOTS : 10
GREEDY SOLUTION : [ 2346.]
COMPUTATIONS D :
2770
2666
2898
2920
2778
2528
2576
2732
2824
2730
2828
2848
2538
2864
2840
2698
2690
2762
2646
2708
2614
3034
3018
2696
2530
2722
2732
2542
2726
2700
2946
2568
2918
2536
2906
2728
2734
2708
2450
2870
2514
2960
2856
2930
2950
2724
2778
2852
2598
2846
2752
2610
2994
2672
2898
2686
2854
2678
2694
2664
2712
2688
2780
2932
2578
2688
3034
2940
2632
2592
2628
2602
2838
2942
2726
2652
2898
2682
2784
2656
2618
2660
2722
2796
2588
2500
2696
2986
2656
2948
2796
3058
2474
2742
2578
2640
3002
2994
2630
2906
2746
2942
2634
2978
3042
2632
2688
2790
2608
2834
2920
2756
2902
2654
2848
2918
3082
3128
2676
2830
2934
2916
2706
2554
2730
3070
2816
2678
2714
2612
2922
2720
3064
2850
2586
2580
2796
2714
2846
2702
2850
2936
2866
2702
2710
2664
3024
2378
2852
2626
2924
2732
2814
2824
2960
2744
2962
2554
2706
2598
2672
2818
2632
2766
2670
2732
2598
2804
2752
2460
2936
2586
2914
2802
2598
2396
3128
2766
2718
2594
2730
2744
2616
2430
2638
2710
2554
2842
2708
2446
2750
2908
3002
2722
2958
2626
2620
2858
2656
2630
;
HBBS sumD : 2378
BEST_CONFIGURATIONS : 
0 0 0 0 0 0 0 0 0 0 
0 0 0 4 0 0 0 0 0 0 
0 0 26 4 0 0 0 0 0 0 
0 0 26 4 1 0 0 0 0 0 
0 0 26 4 1 0 5 0 0 0 
0 0 26 4 1 0 5 0 22 0 
0 0 26 4 1 0 5 0 22 8 
4 26 26 4 1 0 5 0 22 8 
4 26 26 4 1 0 5 0 22 8 
4 26 26 4 27 0 5 0 22 8 
4 26 26 4 27 0 5 1 22 8 
4 26 26 4 27 5 5 1 22 8 
4 26 26 4 27 5 5 1 22 8 
4 26 26 4 27 5 5 1 22 8 
4 26 26 4 27 5 5 1 22 8 
4 26 26 4 27 5 5 1 22 8 
22 26 26 4 27 5 5 1 22 8 
22 26 26 4 27 5 5 1 22 8 
22 26 26 4 27 5 5 27 22 8 
22 26 26 4 27 5 5 27 22 8 
22 26 26 4 27 5 5 27 22 8 
22 26 26 4 27 5 5 27 22 8 
22 26 26 4 27 5 5 27 22 8 
22 26 26 4 27 5 5 27 22 8 
22 26 26 4 27 5 5 27 22 13 
22 26 26 4 27 5 5 27 22 13 
22 26 26 4 27 5 5 27 22 13 
22 26 26 4 27 5 5 27 22 13 
22 26 26 4 27 9 5 27 22 13 
22 26 26 8 27 9 5 27 22 13 
22 26 26 8 27 9 5 27 22 13 
22 26 26 8 27 9 5 27 22 13 
22 1 26 8 27 9 5 27 22 13 
22 1 5 8 27 9 5 27 22 13 
22 1 5 8 27 9 5 27 22 13 
22 1 5 8 27 9 5 27 22 13 
22 1 9 8 27 9 5 27 22 13 
22 1 9 8 27 9 5 27 22 13 
22 1 9 8 27 9 5 27 22 13 
22 1 9 8 27 9 5 27 22 13 
22 1 9 8 27 9 5 27 22 17 
22 1 9 8 2 9 5 27 22 17 
22 1 9 8 2 9 5 27 22 17 
22 1 9 8 2 9 5 2 22 17 
22 1 9 13 2 9 5 2 22 17 
22 1 9 13 2 9 5 2 8 17 
22 1 9 25 2 9 5 2 8 17 
22 1 9 25 2 9 5 2 8 17 
22 1 9 25 2 9 14 2 8 17 
22 1 9 25 2 9 14 2 8 17 
22 1 9 25 2 9 14 2 8 17 
22 1 9 25 2 9 14 2 8 17 
22 1 9 25 2 10 14 2 8 17 
26 1 9 25 2 10 14 2 8 17 
26 1 9 25 2 10 14 2 8 17 
26 1 9 25 2 10 14 2 8 17 
26 1 9 25 2 10 14 2 8 17 
26 1 9 25 2 10 14 2 8 17 
26 1 9 25 2 10 14 2 8 17 
26 1 9 25 2 10 14 2 8 17 
26 1 9 25 2 10 14 2 8 17 
26 1 9 25 2 10 14 2 8 17 
26 1 9 25 2 10 14 2 8 17 
26 1 9 25 2 10 14 2 8 17 
26 1 9 25 2 10 14 2 8 17 
26 1 24 25 2 10 14 2 8 17 
4 1 24 25 2 10 14 2 8 17 
4 1 24 25 2 10 14 2 8 17 
4 1 24 25 2 10 14 2 13 17 
4 1 24 25 2 10 14 2 13 17 
4 1 24 25 2 10 18 2 13 17 
4 1 24 25 2 10 18 2 13 17 
4 27 24 25 2 10 18 2 13 17 
4 27 24 25 2 10 18 2 13 17 
4 27 24 25 2 10 18 2 13 17 
4 27 24 25 2 10 18 2 13 17 
4 27 24 25 2 10 18 2 13 17 
4 27 24 25 2 10 18 2 13 17 
4 27 24 25 2 10 18 2 13 17 
4 27 24 25 2 10 18 2 13 17 
4 27 24 25 2 10 18 2 13 17 
4 27 24 25 2 10 18 2 13 17 
4 27 24 25 2 10 18 2 13 17 
4 27 24 25 2 10 18 2 13 17 
0 27 24 25 2 10 18 2 13 17 
0 27 24 25 2 10 18 2 13 17 
0 27 24 25 2 10 18 2 13 17 
0 27 24 25 2 10 18 2 13 17 
0 27 24 25 2 10 18 2 13 17 
0 27 24 25 2 10 18 2 13 17 
0 27 24 25 2 10 18 2 13 17 
0 27 24 25 2 10 18 2 13 17 
0 27 24 25 2 10 18 2 13 17 
0 27 24 25 2 10 18 2 13 17 
0 9 24 25 2 10 18 2 13 17 
0 9 24 25 2 10 18 2 13 17 
0 9 24 25 2 10 18 2 13 17 
0 9 24 25 2 10 18 2 13 17 
0 9 24 25 2 10 18 2 13 17 
0 9 24 25 2 10 18 2 13 17 
0 9 24 25 2 10 18 2 13 17 
0 9 24 25 2 10 18 6 13 17 
0 9 24 25 2 10 18 6 13 17 
0 9 24 14 2 10 18 6 13 17 
0 9 24 14 6 10 18 6 13 17 
0 9 24 14 6 10 18 6 13 17 
0 9 24 14 6 15 18 6 13 17 
0 9 24 14 6 15 18 6 13 17 
0 9 24 14 6 15 18 6 13 17 
0 9 24 14 6 15 18 6 13 17 
0 9 24 14 6 15 18 6 13 17 
0 9 24 14 6 15 18 6 8 17 
0 9 24 14 6 15 18 6 8 25 
0 9 24 14 6 15 18 6 8 25 
0 9 24 14 6 15 18 6 8 25 
0 9 24 14 6 15 18 6 8 25 
0 9 24 14 6 15 18 6 8 25 
0 9 24 14 6 15 18 6 8 25 
0 9 24 14 6 15 18 6 8 25 
0 9 24 14 6 15 18 6 8 25 
0 9 24 14 6 15 18 6 8 25 
0 9 6 14 6 15 18 6 8 25 
0 9 6 14 6 15 18 6 8 25 
0 9 6 14 6 15 18 6 8 25 
0 9 6 14 6 15 18 6 8 25 
0 9 6 14 6 15 18 6 8 25 
0 9 6 14 6 15 18 6 8 25 
0 9 6 14 6 15 18 6 8 25 
0 9 6 14 6 15 18 6 8 25 
0 9 6 14 6 15 18 6 8 25 
0 9 6 14 6 15 18 6 8 25 
0 9 6 14 6 15 18 6 8 25 
4 9 6 14 6 15 18 6 8 25 
4 9 6 14 6 15 18 6 22 25 
4 9 6 14 6 15 18 6 22 25 
4 9 6 14 6 15 18 6 22 25 
4 9 6 14 6 15 18 21 22 25 
4 9 6 14 6 15 18 21 22 25 
4 10 6 14 6 15 18 21 22 25 
4 10 6 14 6 15 18 21 22 25 
4 10 6 14 6 15 18 21 22 25 
4 10 6 14 6 15 18 21 22 25 
4 10 6 14 6 15 18 21 26 25 
4 10 6 14 6 15 18 21 26 25 
4 10 6 14 21 15 18 21 26 25 
4 10 6 14 21 15 19 21 26 25 
4 10 6 14 21 15 19 21 26 25 
4 10 6 14 21 15 19 21 26 25 
4 10 6 14 21 15 19 21 26 25 
4 10 11 14 21 15 19 21 26 25 
4 10 11 14 21 15 19 21 26 18 
4 10 11 14 21 15 19 21 26 18 
4 10 11 14 21 15 19 21 26 18 
4 10 11 14 21 15 19 21 26 18 
4 10 11 14 21 15 19 21 26 18 
4 10 11 14 21 15 19 21 26 18 
5 10 11 14 21 15 19 21 26 18 
5 10 11 14 21 15 19 21 26 18 
5 10 11 14 21 15 19 21 26 18 
5 24 11 14 21 15 19 21 26 18 
5 24 11 14 21 15 19 21 26 18 
5 24 11 14 3 15 19 21 26 18 
5 24 11 14 3 15 19 21 26 18 
5 24 11 14 3 15 19 21 26 18 
5 24 11 14 3 15 19 21 26 18 
5 24 11 14 3 15 19 7 26 18 
5 24 11 14 3 15 19 7 26 18 
5 24 11 14 3 15 19 7 26 18 
5 24 11 14 3 15 19 7 26 18 
5 24 11 14 3 15 20 7 26 18 
5 24 11 9 3 10 20 7 26 18 
5 24 11 9 3 10 20 7 26 18 
5 24 11 9 3 10 20 7 26 18 
5 24 11 9 3 10 20 7 26 18 
5 24 11 9 3 10 20 7 26 18 
5 24 11 9 3 10 20 7 26 18 
5 24 11 9 3 10 20 7 26 18 
5 24 11 9 3 10 20 7 26 19 
5 24 11 9 3 10 20 7 26 19 
5 24 11 9 3 10 20 7 26 19 
5 24 11 9 3 10 20 7 26 19 
5 24 11 9 3 10 20 7 26 19 
5 24 11 9 3 10 20 7 26 19 
5 24 11 9 3 10 20 7 26 19 
5 24 11 9 3 10 20 7 26 19 
5 24 11 9 3 10 20 7 26 19 
5 24 11 9 3 10 20 7 26 19 
5 24 11 9 3 10 20 7 26 19 
5 24 11 9 3 10 20 7 26 19 
5 24 11 9 3 10 20 7 26 19 
5 24 11 9 3 10 20 7 26 19 
5 24 11 9 3 10 20 7 26 19 
5 24 11 9 3 10 20 7 26 19 
5 24 11 9 3 10 20 7 26 19 
5 24 11 9 3 10 20 7 26 19 
5 24 11 9 3 10 20 7 26 19 
5 24 11 9 3 10 20 7 26 19 
5 24 11 9 3 10 20 7 26 19 
5 24 11 9 3 10 20 7 0 19 
5 24 11 9 3 10 20 7 0 19 
5 24 11 9 3 10 20 7 0 19 
5 24 11 9 3 10 20 7 0 19 
5 24 11 9 3 10 20 7 0 19 
5 24 11 9 3 10 20 7 0 19 
5 24 11 9 3 10 20 7 0 19 
5 24 11 9 3 10 20 7 0 19 
5 24 11 9 3 10 23 7 0 19 
5 24 11 9 3 10 23 7 0 19 
5 24 11 9 3 10 23 7 0 19 
5 6 11 9 3 10 23 7 0 19 
5 6 11 9 3 10 23 7 0 19 
5 6 11 9 3 10 23 7 0 19 
5 6 11 9 21 10 23 7 0 19 
5 6 11 27 21 10 23 7 0 19 
5 6 11 27 21 10 23 7 0 19 
5 6 11 27 21 15 23 7 0 19 
22 6 11 27 21 15 23 7 0 19 
22 6 11 27 21 15 23 7 0 19 
22 6 11 27 21 15 23 7 0 19 
22 6 11 27 21 15 23 7 0 19 
22 6 11 27 21 15 23 7 0 19 
22 6 11 27 21 15 23 7 0 19 
22 6 11 27 21 15 23 7 0 19 
22 6 11 27 21 15 23 7 0 19 
22 6 11 27 21 15 23 12 0 19 
22 6 11 27 21 15 23 12 0 19 
22 6 11 27 21 15 23 12 0 19 
22 6 11 27 21 15 23 12 0 19 
22 6 11 27 21 15 23 12 0 19 
22 6 11 27 21 15 23 12 0 19 
22 6 11 27 21 15 23 12 0 19 
22 6 11 27 21 15 23 12 0 20 
22 6 11 27 21 15 23 12 0 20 
4 6 11 27 21 15 23 12 0 20 
4 6 11 27 21 15 23 12 0 20 
4 6 11 27 21 14 23 12 0 20 
4 6 11 27 21 14 23 12 0 20 
4 6 11 27 21 14 23 12 0 20 
4 6 11 27 21 14 23 12 0 20 
4 6 11 1 21 14 23 12 0 20 
4 6 11 1 21 14 23 12 0 20 
4 6 11 1 21 14 23 12 0 20 
4 6 11 1 21 14 23 12 0 20 
4 6 11 1 21 14 23 12 0 20 
4 6 11 1 21 14 16 12 0 20 
4 6 11 1 21 14 16 12 0 20 
4 6 24 1 21 14 16 12 0 20 
4 6 24 1 3 14 16 12 0 20 
4 6 24 1 3 14 16 12 0 20 
4 6 24 1 3 14 16 12 0 20 
4 6 24 1 3 14 16 12 0 20 
4 6 24 1 3 14 16 12 0 20 
4 6 24 1 3 14 16 12 0 20 
4 6 24 1 3 14 16 12 0 20 
4 6 24 1 3 14 16 12 0 20 
4 6 24 1 3 14 16 12 0 20 
4 6 24 1 3 14 16 12 0 20 
4 6 24 1 3 14 16 12 0 20 
4 21 24 1 3 14 16 12 0 20 
4 21 24 1 3 14 16 12 0 23 
4 21 24 1 3 14 16 12 0 23 
4 21 24 1 3 14 16 12 0 23 
4 21 24 1 3 14 16 12 0 23 
4 21 24 1 3 14 16 12 0 23 
4 21 24 1 3 14 16 12 0 23 
4 21 24 1 3 14 16 12 0 23 
4 21 24 1 3 18 16 12 0 23 
4 21 24 1 3 18 16 16 0 23 
4 21 24 1 3 18 16 16 0 23 
4 21 24 1 3 18 16 16 0 23 
4 21 24 1 3 18 16 16 0 23 
4 21 24 1 3 18 16 16 0 23 
4 21 24 1 3 18 16 16 0 23 
4 21 24 1 3 18 16 16 0 23 
4 21 24 1 3 18 16 16 0 23 
4 21 24 1 3 18 16 16 0 23 
4 21 24 1 3 18 16 16 0 23 
4 21 24 1 3 18 16 16 0 23 
4 21 24 1 3 18 16 16 0 23 
4 21 24 1 3 18 16 16 0 23 
22 21 24 1 3 18 16 16 0 23 
22 21 24 1 3 18 16 16 0 23 
22 21 24 1 3 18 16 16 26 23 
22 21 24 1 3 18 16 16 26 23 
22 21 24 1 3 18 16 16 26 23 
22 21 24 1 3 18 16 16 26 23 
22 21 24 1 3 18 16 16 26 23 
22 21 6 1 3 18 16 16 26 23 
22 21 6 1 3 18 16 16 26 23 
22 21 6 1 3 18 16 16 26 23 
22 21 6 1 3 18 16 16 26 23 
22 21 6 1 3 18 16 16 26 23 
22 21 6 1 3 18 16 16 26 23 
22 7 6 1 3 18 16 16 26 23 
22 7 6 1 3 18 16 16 26 23 
22 7 6 1 3 18 16 16 26 20 
22 7 6 27 3 18 16 16 26 20 
22 7 6 27 3 18 16 16 5 20 
22 7 6 27 3 18 16 16 5 20 
22 7 6 27 3 25 16 16 5 20 
22 7 6 27 3 25 16 16 5 20 
22 7 6 27 3 25 16 16 5 20 
22 7 6 27 3 25 16 16 5 20 
22 7 6 27 3 25 16 16 5 20 
22 7 6 27 3 25 16 16 5 20 
22 7 6 27 3 25 12 16 5 20 
22 7 6 27 3 25 12 16 5 20 
22 7 6 27 3 25 12 16 5 20 
22 7 6 27 3 25 12 16 5 20 
8 7 6 27 3 25 12 16 5 20 
8 7 6 27 21 25 12 16 5 20 
8 7 6 27 21 25 12 16 5 20 
8 7 6 27 21 25 12 16 5 20 
8 7 6 27 21 25 12 16 5 20 
8 7 6 27 21 25 12 16 5 20 
8 7 6 27 21 25 12 16 5 20 
8 7 6 27 21 25 12 16 26 20 
8 7 6 27 21 25 12 23 26 20 
8 7 21 27 21 25 12 23 26 20 
8 7 21 27 21 25 12 23 26 20 
8 7 21 27 21 25 12 23 26 20 
8 7 21 27 21 25 12 23 26 20 
8 7 21 27 21 25 12 23 26 20 
8 7 21 27 21 25 12 23 26 20 
8 7 21 27 21 25 12 23 26 20 
8 7 21 27 21 25 12 23 26 20 
8 7 21 27 21 25 12 23 26 20 
8 7 21 27 21 25 12 23 26 20 
8 7 21 27 21 17 12 23 26 20 
8 7 21 27 21 17 12 23 26 20 
8 7 21 27 21 17 12 23 26 19 
8 7 21 27 21 17 12 23 26 19 
8 7 21 27 21 17 12 23 26 19 
8 7 21 27 21 17 12 23 26 19 
8 7 21 9 21 17 12 23 26 19 
8 7 21 9 21 17 12 23 26 19 
8 7 21 9 21 17 12 23 26 19 
8 7 21 9 21 13 23 23 26 19 
8 7 21 9 21 13 23 23 4 19 
8 7 21 9 21 13 23 23 4 19 
8 7 21 9 11 13 23 23 4 19 
13 7 21 9 11 13 23 23 4 19 
13 7 21 9 11 13 23 16 4 19 
13 7 21 9 11 13 23 16 4 19 
13 7 21 9 11 13 23 16 4 19 
13 7 21 9 11 13 23 16 4 19 
13 7 21 9 11 13 23 16 4 19 
13 7 2 9 11 13 23 16 4 19 
13 7 2 9 11 13 23 16 4 19 
13 3 2 9 11 13 23 16 4 19 
17 3 2 9 11 13 23 16 4 19 
17 3 2 9 11 13 23 16 4 19 
17 3 2 10 11 13 23 16 4 19 
17 3 2 10 11 13 23 16 4 19 
17 3 2 10 11 13 20 16 4 19 
17 3 2 10 11 13 20 16 4 19 
17 3 2 10 11 13 20 16 4 19 
17 3 2 10 11 13 20 16 4 20 
17 3 2 10 11 13 20 16 4 20 
17 3 2 10 11 13 20 16 4 20 
17 3 2 10 11 13 20 16 4 20 
17 3 2 10 11 17 20 16 4 20 
17 3 2 10 11 17 20 12 22 20 
17 3 2 10 11 17 20 12 22 20 
17 3 2 10 11 17 20 12 22 20 
17 3 2 10 11 17 20 12 22 20 
17 21 2 10 11 17 20 12 22 20 
17 21 2 10 11 17 20 12 22 23 
17 21 2 10 11 17 20 12 22 23 
13 21 2 10 11 17 20 12 22 23 
13 6 2 10 11 17 20 12 22 23 
13 6 2 15 11 17 20 16 22 23 
13 6 2 15 9 17 20 16 22 23 
13 6 2 15 9 17 20 16 22 23 
13 6 2 15 9 17 20 23 5 23 
13 6 2 15 9 14 20 23 5 23 
13 6 1 15 9 14 20 23 5 23 
13 6 1 15 9 14 19 23 5 23 
13 6 1 15 9 14 19 23 27 23 
0 0 0 0 0 0 0 0 0 0 
;
ROBOT MOVING BEST:
0 0 0 0 0 0 0 0 0 0 
1 0 0 1 0 0 0 0 0 0 
1 0 1 0 0 0 0 0 0 0 
1 0 0 0 1 0 0 0 0 0 
1 0 0 0 0 0 1 0 0 0 
0 1 0 0 0 0 0 0 1 0 
1 0 0 0 0 0 0 0 0 1 
1 1 0 0 0 0 0 0 0 0 
1 0 0 0 1 0 0 0 0 0 
0 0 0 0 1 1 0 0 0 0 
0 1 0 0 0 0 0 1 0 0 
1 0 0 0 0 1 0 0 0 0 
1 0 0 0 0 0 0 0 0 1 
1 0 0 0 0 0 0 0 1 0 
0 1 0 0 0 1 0 0 0 0 
0 0 0 0 0 0 1 1 0 0 
1 1 0 0 0 0 0 0 0 0 
0 0 0 0 0 0 0 1 1 0 
0 1 0 0 0 0 0 1 0 0 
0 1 0 0 0 0 0 0 0 1 
0 0 0 1 0 0 0 1 0 0 
0 0 0 0 0 1 0 0 1 0 
0 0 0 0 0 1 0 0 0 1 
0 0 0 0 0 0 0 0 1 1 
0 0 1 0 0 0 0 0 0 1 
0 0 0 0 1 1 0 0 0 0 
0 0 0 1 0 0 0 0 0 1 
0 0 0 0 0 0 0 1 1 0 
0 0 0 1 0 1 0 0 0 0 
0 0 0 1 1 0 0 0 0 0 
0 1 0 0 0 1 0 0 0 0 
0 0 0 0 0 0 0 0 1 1 
0 1 0 1 0 0 0 0 0 0 
0 0 1 0 0 0 0 0 0 1 
0 0 0 1 0 0 0 0 0 1 
0 1 0 0 1 0 0 0 0 0 
0 0 1 0 0 0 0 0 1 0 
0 0 0 0 0 1 1 0 0 0 
0 0 0 0 1 0 0 0 0 1 
0 0 0 1 0 1 0 0 0 0 
0 0 0 0 0 0 0 0 1 1 
0 0 0 0 1 0 0 0 1 0 
0 0 0 0 0 0 1 0 0 1 
0 0 0 0 0 0 1 1 0 0 
0 1 0 1 0 0 0 0 0 0 
0 0 0 0 1 0 0 0 1 0 
1 0 0 1 0 0 0 0 0 0 
0 0 0 1 0 0 1 0 0 0 
1 0 0 0 0 0 1 0 0 0 
0 1 0 0 0 1 0 0 0 0 
0 1 0 0 0 0 0 0 0 1 
0 0 0 0 0 0 0 0 1 1 
1 0 0 0 0 1 0 0 0 0 
1 0 0 0 0 0 0 0 0 1 
0 1 0 0 0 0 0 1 0 0 
0 1 0 0 0 0 1 0 0 0 
1 0 0 0 0 0 0 1 0 0 
1 0 0 0 0 0 1 0 0 0 
0 1 0 1 0 0 0 0 0 0 
0 0 0 1 0 0 0 0 1 0 
0 0 0 0 0 0 1 0 1 0 
1 0 0 1 0 0 0 0 0 0 
0 1 0 0 0 1 0 0 0 0 
0 0 0 0 0 1 0 0 1 0 
1 0 0 0 0 1 0 0 0 0 
0 0 1 0 0 0 0 0 1 0 
1 0 0 0 0 0 0 0 0 1 
0 1 1 0 0 0 0 0 0 0 
0 0 0 0 0 0 0 0 1 1 
1 0 0 0 1 0 0 0 0 0 
0 1 0 0 0 0 1 0 0 0 
0 0 0 0 1 0 0 0 1 0 
0 1 0 0 0 0 0 0 0 1 
0 0 0 0 1 0 0 0 0 1 
0 1 0 1 0 0 0 0 0 0 
0 0 0 1 1 0 0 0 0 0 
1 0 0 1 0 0 0 0 0 0 
0 0 0 1 0 0 0 0 1 0 
0 1 0 0 1 0 0 0 0 0 
0 0 0 0 0 1 0 0 1 0 
0 0 0 1 0 0 0 0 0 1 
1 0 0 0 0 1 0 0 0 0 
0 0 0 0 0 1 0 0 0 1 
1 0 1 0 0 0 0 0 0 0 
1 0 0 0 0 0 0 0 0 1 
0 0 0 0 1 1 0 0 0 0 
1 0 0 0 1 0 0 0 0 0 
1 0 0 0 0 0 0 0 1 0 
0 0 1 0 0 0 0 0 0 1 
0 1 1 0 0 0 0 0 0 0 
0 1 0 0 0 1 0 0 0 0 
0 0 1 0 0 0 0 0 1 0 
0 0 0 1 0 1 0 0 0 0 
0 0 0 0 0 0 1 0 1 0 
0 1 0 0 0 0 0 0 1 0 
0 0 1 0 1 0 0 0 0 0 
0 0 0 0 0 0 1 0 0 1 
1 0 0 1 0 0 0 0 0 0 
0 1 0 0 0 0 0 0 0 1 
0 0 1 1 0 0 0 0 0 0 
0 0 0 0 1 0 1 0 0 0 
0 0 0 0 0 0 0 1 1 0 
0 0 0 1 0 0 1 0 0 0 
0 0 0 1 0 0 0 0 1 0 
0 0 0 0 1 0 0 0 0 1 
0 0 0 1 0 0 0 0 0 1 
0 0 0 0 0 1 0 0 1 0 
0 0 0 0 0 1 0 0 0 1 
1 0 1 0 0 0 0 0 0 0 
1 0 0 0 0 0 1 0 0 0 
1 1 0 0 0 0 0 0 0 0 
0 0 0 0 0 0 1 0 1 0 
0 1 0 0 0 0 0 0 0 1 
0 0 1 0 0 0 1 0 0 0 
0 1 1 0 0 0 0 0 0 0 
0 0 1 0 0 0 0 1 0 0 
0 1 0 0 0 0 1 0 0 0 
1 0 0 1 0 0 0 0 0 0 
0 0 0 1 0 0 0 0 0 1 
1 0 0 0 1 0 0 0 0 0 
0 0 0 0 0 0 0 1 0 1 
0 0 1 0 0 0 0 0 1 0 
0 0 0 0 0 1 0 0 1 0 
0 0 0 0 1 0 1 0 0 0 
1 0 0 0 0 1 0 0 0 0 
0 1 0 1 0 0 0 0 0 0 
0 0 0 1 1 0 0 0 0 0 
0 0 0 0 0 1 0 0 0 1 
0 0 0 1 0 0 1 0 0 0 
0 1 0 0 1 0 0 0 0 0 
0 1 0 0 0 1 0 0 0 0 
0 0 0 0 0 1 1 0 0 0 
1 0 0 0 0 0 1 0 0 0 
0 0 0 0 0 0 1 0 1 0 
0 0 0 0 0 1 0 1 0 0 
0 0 0 0 1 0 0 0 1 0 
0 0 0 0 0 0 0 1 0 1 
0 0 0 1 0 1 0 0 0 0 
0 1 0 0 0 0 1 0 0 0 
1 0 0 1 0 0 0 0 0 0 
0 0 0 0 0 1 0 0 1 0 
1 0 0 0 0 1 0 0 0 0 
0 0 0 0 0 1 0 0 1 0 
1 0 0 0 1 0 0 0 0 0 
0 0 0 0 1 0 1 0 0 0 
0 0 0 0 0 0 1 0 0 1 
0 1 0 0 0 1 0 0 0 0 
0 1 0 1 0 0 0 0 0 0 
0 0 0 1 1 0 0 0 0 0 
0 0 1 0 0 0 0 0 0 1 
0 0 0 0 0 0 1 0 0 1 
0 0 0 0 1 1 0 0 0 0 
0 0 0 1 0 0 1 0 0 0 
0 0 0 0 0 1 1 0 0 0 
1 0 0 0 1 0 0 0 0 0 
0 0 0 0 0 0 0 0 1 1 
1 0 0 1 0 0 0 0 0 0 
1 0 0 0 0 1 0 0 0 0 
0 1 0 0 1 0 0 0 0 0 
0 1 0 0 0 1 0 0 0 0 
0 1 0 1 0 0 0 0 0 0 
0 0 0 1 1 0 0 0 0 0 
1 0 0 0 0 0 1 0 0 0 
0 0 1 1 0 0 0 0 0 0 
0 0 1 0 0 1 0 0 0 0 
0 0 0 1 0 0 0 1 0 0 
1 0 0 0 0 0 0 0 0 1 
0 0 0 0 1 1 0 0 0 0 
0 0 0 0 0 1 0 1 0 0 
0 0 0 1 0 0 1 0 0 0 
0 0 0 1 0 1 0 0 0 0 
0 0 0 0 1 0 0 0 0 1 
0 0 1 0 0 0 0 0 0 1 
0 0 0 0 0 0 0 1 0 1 
0 0 0 0 0 0 1 0 0 1 
1 0 0 0 0 1 0 0 0 0 
0 0 0 0 1 1 0 0 0 0 
0 0 0 0 0 1 0 0 0 1 
0 1 0 0 0 0 0 0 1 0 
0 1 0 0 0 1 0 0 0 0 
0 0 1 0 0 1 0 0 0 0 
0 0 0 0 0 1 0 1 0 0 
0 0 1 1 0 0 0 0 0 0 
1 0 0 0 0 0 0 1 0 0 
0 0 1 0 0 0 0 0 1 0 
0 0 0 0 1 0 0 0 1 0 
0 0 0 0 0 0 0 1 1 0 
0 0 0 1 1 0 0 0 0 0 
0 0 0 0 0 1 1 0 0 0 
1 0 0 0 1 0 0 0 0 0 
0 0 0 1 0 0 0 1 0 0 
0 0 0 0 0 0 0 0 1 1 
1 0 1 0 0 0 0 0 0 0 
0 0 0 1 0 0 0 0 0 1 
1 1 0 0 0 0 0 0 0 0 
0 0 0 0 0 0 1 0 1 0 
0 0 0 0 1 0 0 1 0 0 
0 0 0 1 0 0 1 0 0 0 
0 0 0 0 0 1 0 0 1 0 
0 1 1 0 0 0 0 0 0 0 
0 1 0 0 1 0 0 0 0 0 
0 1 0 0 0 0 0 1 0 0 
0 0 1 0 0 0 0 1 0 0 
0 0 1 0 0 0 1 0 0 0 
0 0 1 0 1 0 0 0 0 0 
1 0 0 0 0 0 1 0 0 0 
0 0 0 1 0 0 1 0 0 0 
0 0 0 0 0 0 0 1 0 1 
0 1 0 0 0 0 0 0 0 1 
0 1 0 0 0 1 0 0 0 0 
0 0 1 0 0 0 0 0 0 1 
0 0 0 0 1 0 0 0 0 1 
0 0 0 1 1 0 0 0 0 0 
0 0 1 1 0 0 0 0 0 0 
0 0 0 0 0 1 1 0 0 0 
0 0 0 1 0 1 0 0 0 0 
1 0 1 0 0 0 0 0 0 0 
0 0 1 0 0 0 0 0 1 0 
0 0 0 1 0 0 0 1 0 0 
1 0 0 0 0 0 0 1 0 0 
0 0 0 1 0 0 0 0 0 1 
0 0 0 0 0 0 0 1 1 0 
1 0 0 0 0 0 0 0 0 1 
0 0 0 0 0 0 0 0 1 1 
0 0 1 0 0 0 0 1 0 0 
0 1 1 0 0 0 0 0 0 0 
0 0 1 0 0 0 1 0 0 0 
0 0 1 0 1 0 0 0 0 0 
0 1 0 0 0 0 0 0 0 1 
0 0 0 0 1 0 0 0 0 1 
0 0 0 0 0 1 1 0 0 0 
0 0 0 0 0 1 0 0 0 1 
0 0 0 0 0 1 0 1 0 0 
1 0 1 0 0 0 0 0 0 0 
0 0 0 1 1 0 0 0 0 0 
0 0 0 1 0 1 0 0 0 0 
0 1 0 1 0 0 0 0 0 0 
0 0 0 0 0 0 0 0 1 1 
0 0 0 0 1 0 0 0 1 0 
0 0 1 1 0 0 0 0 0 0 
0 0 0 0 1 0 0 0 0 1 
0 0 0 0 0 0 1 0 1 0 
0 1 0 0 1 0 0 0 0 0 
0 1 0 0 0 0 1 0 0 0 
0 0 1 0 0 0 1 0 0 0 
0 0 0 0 0 0 0 1 1 0 
0 0 1 0 0 0 0 0 0 1 
0 0 0 0 1 0 0 0 1 0 
0 1 0 0 0 0 0 0 0 1 
0 0 0 0 0 1 0 1 0 0 
0 0 0 0 0 0 1 0 1 0 
0 1 0 0 0 0 0 1 0 0 
0 1 0 1 0 0 0 0 0 0 
0 0 0 0 0 0 0 1 0 1 
1 0 0 0 0 0 0 0 0 1 
0 0 1 0 0 0 0 1 0 0 
0 0 0 1 0 0 0 0 0 1 
0 0 0 1 0 0 0 1 0 0 
0 1 1 0 0 0 0 0 0 0 
0 0 0 0 0 1 0 0 0 1 
0 0 0 0 0 1 1 0 0 0 
1 0 0 0 0 0 0 1 0 0 
0 0 0 0 1 0 0 1 0 0 
0 1 0 0 0 0 0 1 0 0 
0 0 1 0 0 0 0 0 0 1 
0 0 0 0 0 0 0 1 0 1 
0 0 0 0 0 1 0 1 0 0 
0 0 1 0 0 0 0 1 0 0 
1 0 0 0 1 0 0 0 0 0 
1 0 0 0 0 0 0 0 0 1 
1 0 0 0 0 0 1 0 0 0 
0 1 0 1 0 0 0 0 0 0 
0 0 0 1 0 0 0 0 0 1 
0 0 0 1 1 0 0 0 0 0 
0 0 0 1 0 0 1 0 0 0 
0 0 0 0 0 1 0 0 0 1 
0 1 0 0 1 0 0 0 0 0 
0 1 0 0 0 0 0 0 0 1 
0 0 0 0 1 0 0 0 0 1 
0 0 0 0 0 1 1 0 0 0 
1 0 1 0 0 0 0 0 0 0 
0 1 0 0 0 0 1 0 0 0 
0 1 0 0 0 0 0 0 1 0 
0 0 0 0 1 0 1 0 0 0 
0 0 0 0 0 0 1 0 0 1 
0 0 0 0 0 0 0 0 1 1 
0 0 0 0 0 0 0 1 1 0 
0 0 1 0 1 0 0 0 0 0 
0 0 1 0 0 0 1 0 0 0 
1 0 0 0 1 0 0 0 0 0 
0 0 1 0 0 0 0 0 1 0 
1 0 0 0 0 0 1 0 0 0 
1 1 0 0 0 0 0 0 0 0 
0 1 0 1 0 0 0 0 0 0 
1 0 0 0 0 0 0 0 0 1 
0 0 0 0 1 0 0 0 0 1 
0 0 0 1 0 1 0 0 0 0 
0 0 0 0 0 0 1 0 1 0 
0 0 0 0 0 0 1 0 0 1 
0 0 0 0 1 1 0 0 0 0 
0 1 0 0 0 0 1 0 0 0 
0 0 0 0 0 1 0 1 0 0 
0 0 0 1 1 0 0 0 0 0 
0 0 0 1 0 0 1 0 0 0 
0 0 1 0 0 0 0 0 1 0 
0 0 0 0 0 0 1 1 0 0 
1 0 0 0 0 0 0 0 0 1 
0 1 1 0 0 0 0 0 0 0 
0 1 0 0 0 0 0 0 0 1 
1 0 0 0 1 0 0 0 0 0 
0 0 0 0 1 0 0 0 1 0 
0 0 0 0 0 1 0 0 0 1 
1 0 0 0 0 0 0 1 0 0 
0 1 0 0 1 0 0 0 0 0 
0 0 0 0 0 0 1 0 1 0 
0 0 0 1 0 0 0 0 0 1 
0 0 0 0 0 0 1 0 1 0 
0 0 0 0 0 0 0 1 0 1 
1 0 1 0 0 0 0 0 0 0 
0 1 0 0 0 1 0 0 0 0 
0 0 0 0 0 1 1 0 0 0 
0 1 0 0 0 0 1 0 0 0 
0 0 0 1 0 0 1 0 0 0 
1 0 0 0 0 0 0 0 0 1 
0 1 0 0 0 0 0 1 0 0 
0 0 0 0 0 1 0 1 0 0 
0 0 0 1 0 0 0 1 0 0 
1 1 0 0 0 0 0 0 0 0 
0 0 0 0 0 1 0 0 0 1 
1 0 0 0 0 0 1 0 0 0 
0 0 0 0 0 0 1 0 0 1 
1 0 0 0 0 0 0 1 0 0 
0 1 0 0 0 1 0 0 0 0 
0 0 0 0 1 1 0 0 0 0 
0 0 0 1 0 0 1 0 0 0 
0 0 0 0 0 1 1 0 0 0 
0 0 0 0 0 0 0 1 0 1 
0 0 0 0 0 1 1 0 0 0 
0 1 0 0 0 0 0 0 1 0 
1 0 0 0 0 0 0 0 0 1 
1 0 0 0 1 0 0 0 0 0 
1 1 0 0 0 0 0 0 0 0 
0 0 0 0 0 0 0 1 0 1 
0 0 1 0 0 1 0 0 0 0 
0 0 0 1 0 0 0 1 0 0 
1 0 0 0 0 0 0 0 0 1 
0 0 0 0 0 0 0 0 1 1 
0 1 1 0 0 0 0 0 0 0 
1 0 0 0 0 0 0 1 0 0 
1 1 0 0 0 0 0 0 0 0 
1 0 0 0 0 0 0 0 0 1 
0 0 1 0 0 0 0 0 0 1 
0 0 0 1 0 0 0 1 0 0 
0 0 0 0 1 1 0 0 0 0 
0 0 0 0 0 0 1 0 0 1 
0 0 1 0 0 0 0 1 0 0 
1 0 0 0 0 0 0 1 0 0 
0 0 0 0 0 1 0 0 0 1 
1 1 0 0 0 0 0 0 0 0 
0 1 1 0 0 0 0 0 0 0 
0 0 1 0 1 0 0 0 0 0 
0 0 0 0 1 1 0 0 0 0 
0 0 0 0 0 0 0 1 1 0 
0 0 1 0 0 0 0 0 0 1 
0 0 0 1 0 0 0 1 0 0 
0 0 1 0 0 0 0 1 0 0 
0 1 1 0 0 0 0 0 0 0 
1 0 0 0 0 0 0 0 0 1 
0 0 1 0 0 0 0 0 0 1 
1 0 0 0 0 0 0 1 0 0 
0 1 1 0 0 0 0 0 0 0 
0 0 0 1 0 0 0 1 0 0 
0 0 1 0 1 0 0 0 0 0 
0 0 1 1 0 0 0 0 0 0 
0 0 0 0 0 0 0 1 1 0 
0 0 1 0 0 1 0 0 0 0 
0 0 1 1 0 0 0 0 0 0 
0 0 1 0 0 0 1 0 0 0 
0 0 0 0 1 0 0 0 1 0 
1 1 1 1 1 1 1 1 1 1 
;
TIMETABLE BEST: 
0.0 0.0 0.0 0.0 0.0 0.0 0.0 0.0 0.0 0.0 
0 0 0 14 0 0 0 0 0 0 
0 0 17 14 0 0 0 0 0 0 
0 0 17 14 18 0 0 0 0 0 
0 0 17 14 18 0 24 0 0 0 
0 0 17 14 18 0 24 0 24 0 
0 0 17 14 18 0 24 0 24 26 
14 17 17 14 18 0 24 0 24 26 
14 17 17 14 18 0 24 0 24 26 
14 17 17 14 33 0 24 0 24 26 
14 17 17 14 33 0 24 18 24 26 
14 17 17 14 33 24 24 18 24 26 
14 17 17 14 33 24 24 18 24 26 
14 17 17 14 33 24 24 18 24 26 
14 17 17 14 33 24 24 18 24 26 
14 17 17 14 33 24 24 18 24 26 
26 17 17 14 33 24 24 18 24 26 
26 17 17 14 33 24 24 18 24 26 
26 17 17 14 33 24 24 33 24 26 
26 17 17 14 33 24 24 33 24 26 
26 17 17 14 33 24 24 33 24 26 
26 17 17 14 33 24 24 33 24 26 
26 17 17 14 33 24 24 33 24 26 
26 17 17 14 33 24 24 33 24 26 
26 17 17 14 33 24 24 33 24 39 
26 17 17 14 33 24 24 33 24 39 
26 17 17 14 33 24 24 33 24 39 
26 17 17 14 33 24 24 33 24 39 
26 17 17 14 33 46 24 33 24 39 
26 17 17 28 33 46 24 33 24 39 
26 17 17 28 33 46 24 33 24 39 
26 17 17 28 33 46 24 33 24 39 
26 36 17 28 33 46 24 33 24 39 
26 36 26 28 33 46 24 33 24 39 
26 36 26 28 33 46 24 33 24 39 
26 36 26 28 33 46 24 33 24 39 
26 36 48 28 33 46 24 33 24 39 
26 36 48 28 33 46 24 33 24 39 
26 36 48 28 33 46 24 33 24 39 
26 36 48 28 33 46 24 33 24 39 
26 36 48 28 33 46 24 33 24 50 
26 36 48 28 52 46 24 33 24 50 
26 36 48 28 52 46 24 33 24 50 
26 36 48 28 52 46 24 52 24 50 
26 36 48 41 52 46 24 52 24 50 
26 36 48 41 52 46 24 52 36 50 
26 36 48 54 52 46 24 52 36 50 
26 36 48 54 52 46 24 52 36 50 
26 36 48 54 52 46 54 52 36 50 
26 36 48 54 52 46 54 52 36 50 
26 36 48 54 52 46 54 52 36 50 
26 36 48 54 52 46 54 52 36 50 
26 36 48 54 52 60 54 52 36 50 
37 36 48 54 52 60 54 52 36 50 
37 36 48 54 52 60 54 52 36 50 
37 36 48 54 52 60 54 52 36 50 
37 36 48 54 52 60 54 52 36 50 
37 36 48 54 52 60 54 52 36 50 
37 36 48 54 52 60 54 52 36 50 
37 36 48 54 52 60 54 52 36 50 
37 36 48 54 52 60 54 52 36 50 
37 36 48 54 52 60 54 52 36 50 
37 36 48 54 52 60 54 52 36 50 
37 36 48 54 52 60 54 52 36 50 
37 36 48 54 52 60 54 52 36 50 
37 36 63 54 52 60 54 52 36 50 
48 36 63 54 52 60 54 52 36 50 
48 36 63 54 52 60 54 52 36 50 
48 36 63 54 52 60 54 52 49 50 
48 36 63 54 52 60 54 52 49 50 
48 36 63 54 52 60 65 52 49 50 
48 36 63 54 52 60 65 52 49 50 
48 51 63 54 52 60 65 52 49 50 
48 51 63 54 52 60 65 52 49 50 
48 51 63 54 52 60 65 52 49 50 
48 51 63 54 52 60 65 52 49 50 
48 51 63 54 52 60 65 52 49 50 
48 51 63 54 52 60 65 52 49 50 
48 51 63 54 52 60 65 52 49 50 
48 51 63 54 52 60 65 52 49 50 
48 51 63 54 52 60 65 52 49 50 
48 51 63 54 52 60 65 52 49 50 
48 51 63 54 52 60 65 52 49 50 
48 51 63 54 52 60 65 52 49 50 
62 51 63 54 52 60 65 52 49 50 
62 51 63 54 52 60 65 52 49 50 
62 51 63 54 52 60 65 52 49 50 
62 51 63 54 52 60 65 52 49 50 
62 51 63 54 52 60 65 52 49 50 
62 51 63 54 52 60 65 52 49 50 
62 51 63 54 52 60 65 52 49 50 
62 51 63 54 52 60 65 52 49 50 
62 51 63 54 52 60 65 52 49 50 
62 51 63 54 52 60 65 52 49 50 
62 66 63 54 52 60 65 52 49 50 
62 66 63 54 52 60 65 52 49 50 
62 66 63 54 52 60 65 52 49 50 
62 66 63 54 52 60 65 52 49 50 
62 66 63 54 52 60 65 52 49 50 
62 66 63 54 52 60 65 52 49 50 
62 66 63 54 52 60 65 52 49 50 
62 66 63 54 52 60 65 70 49 50 
62 66 63 54 52 60 65 70 49 50 
62 66 63 70 52 60 65 70 49 50 
62 66 63 70 70 60 65 70 49 50 
62 66 63 70 70 60 65 70 49 50 
62 66 63 70 70 71 65 70 49 50 
62 66 63 70 70 71 65 70 49 50 
62 66 63 70 70 71 65 70 49 50 
62 66 63 70 70 71 65 70 49 50 
62 66 63 70 70 71 65 70 49 50 
62 66 63 70 70 71 65 70 62 50 
62 66 63 70 70 71 65 70 62 62 
62 66 63 70 70 71 65 70 62 62 
62 66 63 70 70 71 65 70 62 62 
62 66 63 70 70 71 65 70 62 62 
62 66 63 70 70 71 65 70 62 62 
62 66 63 70 70 71 65 70 62 62 
62 66 63 70 70 71 65 70 62 62 
62 66 63 70 70 71 65 70 62 62 
62 66 63 70 70 71 65 70 62 62 
62 66 76 70 70 71 65 70 62 62 
62 66 76 70 70 71 65 70 62 62 
62 66 76 70 70 71 65 70 62 62 
62 66 76 70 70 71 65 70 62 62 
62 66 76 70 70 71 65 70 62 62 
62 66 76 70 70 71 65 70 62 62 
62 66 76 70 70 71 65 70 62 62 
62 66 76 70 70 71 65 70 62 62 
62 66 76 70 70 71 65 70 62 62 
62 66 76 70 70 71 65 70 62 62 
62 66 76 70 70 71 65 70 62 62 
76 66 76 70 70 71 65 70 62 62 
76 66 76 70 70 71 65 70 74 62 
76 66 76 70 70 71 65 70 74 62 
76 66 76 70 70 71 65 70 74 62 
76 66 76 70 70 71 65 82 74 62 
76 66 76 70 70 71 65 82 74 62 
76 80 76 70 70 71 65 82 74 62 
76 80 76 70 70 71 65 82 74 62 
76 80 76 70 70 71 65 82 74 62 
76 80 76 70 70 71 65 82 74 62 
76 80 76 70 70 71 65 82 85 62 
76 80 76 70 70 71 65 82 85 62 
76 80 76 70 82 71 65 82 85 62 
76 80 76 70 82 71 85 82 85 62 
76 80 76 70 82 71 85 82 85 62 
76 80 76 70 82 71 85 82 85 62 
76 80 76 70 82 71 85 82 85 62 
76 80 93 70 82 71 85 82 85 62 
76 80 93 70 82 71 85 82 85 75 
76 80 93 70 82 71 85 82 85 75 
76 80 93 70 82 71 85 82 85 75 
76 80 93 70 82 71 85 82 85 75 
76 80 93 70 82 71 85 82 85 75 
76 80 93 70 82 71 85 82 85 75 
90 80 93 70 82 71 85 82 85 75 
90 80 93 70 82 71 85 82 85 75 
90 80 93 70 82 71 85 82 85 75 
90 93 93 70 82 71 85 82 85 75 
90 93 93 70 82 71 85 82 85 75 
90 93 93 70 94 71 85 82 85 75 
90 93 93 70 94 71 85 82 85 75 
90 93 93 70 94 71 85 82 85 75 
90 93 93 70 94 71 85 82 85 75 
90 93 93 70 94 71 85 94 85 75 
90 93 93 70 94 71 85 94 85 75 
90 93 93 70 94 71 85 94 85 75 
90 93 93 70 94 71 85 94 85 75 
90 93 93 70 94 71 98 94 85 75 
90 93 93 86 94 82 98 94 85 75 
90 93 93 86 94 82 98 94 85 75 
90 93 93 86 94 82 98 94 85 75 
90 93 93 86 94 82 98 94 85 75 
90 93 93 86 94 82 98 94 85 75 
90 93 93 86 94 82 98 94 85 75 
90 93 93 86 94 82 98 94 85 75 
90 93 93 86 94 82 98 94 85 95 
90 93 93 86 94 82 98 94 85 95 
90 93 93 86 94 82 98 94 85 95 
90 93 93 86 94 82 98 94 85 95 
90 93 93 86 94 82 98 94 85 95 
90 93 93 86 94 82 98 94 85 95 
90 93 93 86 94 82 98 94 85 95 
90 93 93 86 94 82 98 94 85 95 
90 93 93 86 94 82 98 94 85 95 
90 93 93 86 94 82 98 94 85 95 
90 93 93 86 94 82 98 94 85 95 
90 93 93 86 94 82 98 94 85 95 
90 93 93 86 94 82 98 94 85 95 
90 93 93 86 94 82 98 94 85 95 
90 93 93 86 94 82 98 94 85 95 
90 93 93 86 94 82 98 94 85 95 
90 93 93 86 94 82 98 94 85 95 
90 93 93 86 94 82 98 94 85 95 
90 93 93 86 94 82 98 94 85 95 
90 93 93 86 94 82 98 94 85 95 
90 93 93 86 94 82 98 94 85 95 
90 93 93 86 94 82 98 94 102 95 
90 93 93 86 94 82 98 94 102 95 
90 93 93 86 94 82 98 94 102 95 
90 93 93 86 94 82 98 94 102 95 
90 93 93 86 94 82 98 94 102 95 
90 93 93 86 94 82 98 94 102 95 
90 93 93 86 94 82 98 94 102 95 
90 93 93 86 94 82 98 94 102 95 
90 93 93 86 94 82 108 94 102 95 
90 93 93 86 94 82 108 94 102 95 
90 93 93 86 94 82 108 94 102 95 
90 106 93 86 94 82 108 94 102 95 
90 106 93 86 94 82 108 94 102 95 
90 106 93 86 94 82 108 94 102 95 
90 106 93 86 106 82 108 94 102 95 
90 106 93 101 106 82 108 94 102 95 
90 106 93 101 106 82 108 94 102 95 
90 106 93 101 106 93 108 94 102 95 
102 106 93 101 106 93 108 94 102 95 
102 106 93 101 106 93 108 94 102 95 
102 106 93 101 106 93 108 94 102 95 
102 106 93 101 106 93 108 94 102 95 
102 106 93 101 106 93 108 94 102 95 
102 106 93 101 106 93 108 94 102 95 
102 106 93 101 106 93 108 94 102 95 
102 106 93 101 106 93 108 94 102 95 
102 106 93 101 106 93 108 112 102 95 
102 106 93 101 106 93 108 112 102 95 
102 106 93 101 106 93 108 112 102 95 
102 106 93 101 106 93 108 112 102 95 
102 106 93 101 106 93 108 112 102 95 
102 106 93 101 106 93 108 112 102 95 
102 106 93 101 106 93 108 112 102 95 
102 106 93 101 106 93 108 112 102 108 
102 106 93 101 106 93 108 112 102 108 
114 106 93 101 106 93 108 112 102 108 
114 106 93 101 106 93 108 112 102 108 
114 106 93 101 106 106 108 112 102 108 
114 106 93 101 106 106 108 112 102 108 
114 106 93 101 106 106 108 112 102 108 
114 106 93 101 106 106 108 112 102 108 
114 106 93 116 106 106 108 112 102 108 
114 106 93 116 106 106 108 112 102 108 
114 106 93 116 106 106 108 112 102 108 
114 106 93 116 106 106 108 112 102 108 
114 106 93 116 106 106 108 112 102 108 
114 106 93 116 106 106 119 112 102 108 
114 106 93 116 106 106 119 112 102 108 
114 106 111 116 106 106 119 112 102 108 
114 106 111 116 118 106 119 112 102 108 
114 106 111 116 118 106 119 112 102 108 
114 106 111 116 118 106 119 112 102 108 
114 106 111 116 118 106 119 112 102 108 
114 106 111 116 118 106 119 112 102 108 
114 106 111 116 118 106 119 112 102 108 
114 106 111 116 118 106 119 112 102 108 
114 106 111 116 118 106 119 112 102 108 
114 106 111 116 118 106 119 112 102 108 
114 106 111 116 118 106 119 112 102 108 
114 106 111 116 118 106 119 112 102 108 
114 118 111 116 118 106 119 112 102 108 
114 118 111 116 118 106 119 112 102 118 
114 118 111 116 118 106 119 112 102 118 
114 118 111 116 118 106 119 112 102 118 
114 118 111 116 118 106 119 112 102 118 
114 118 111 116 118 106 119 112 102 118 
114 118 111 116 118 106 119 112 102 118 
114 118 111 116 118 106 119 112 102 118 
114 118 111 116 118 117 119 112 102 118 
114 118 111 116 118 117 119 123 102 118 
114 118 111 116 118 117 119 123 102 118 
114 118 111 116 118 117 119 123 102 118 
114 118 111 116 118 117 119 123 102 118 
114 118 111 116 118 117 119 123 102 118 
114 118 111 116 118 117 119 123 102 118 
114 118 111 116 118 117 119 123 102 118 
114 118 111 116 118 117 119 123 102 118 
114 118 111 116 118 117 119 123 102 118 
114 118 111 116 118 117 119 123 102 118 
114 118 111 116 118 117 119 123 102 118 
114 118 111 116 118 117 119 123 102 118 
114 118 111 116 118 117 119 123 102 118 
126 118 111 116 118 117 119 123 102 118 
126 118 111 116 118 117 119 123 102 118 
126 118 111 116 118 117 119 123 119 118 
126 118 111 116 118 117 119 123 119 118 
126 118 111 116 118 117 119 123 119 118 
126 118 111 116 118 117 119 123 119 118 
126 118 111 116 118 117 119 123 119 118 
126 118 124 116 118 117 119 123 119 118 
126 118 124 116 118 117 119 123 119 118 
126 118 124 116 118 117 119 123 119 118 
126 118 124 116 118 117 119 123 119 118 
126 118 124 116 118 117 119 123 119 118 
126 118 124 116 118 117 119 123 119 118 
126 130 124 116 118 117 119 123 119 118 
126 130 124 116 118 117 119 123 119 118 
126 130 124 116 118 117 119 123 119 128 
126 130 124 131 118 117 119 123 119 128 
126 130 124 131 118 117 119 123 128 128 
126 130 124 131 118 117 119 123 128 128 
126 130 124 131 118 130 119 123 128 128 
126 130 124 131 118 130 119 123 128 128 
126 130 124 131 118 130 119 123 128 128 
126 130 124 131 118 130 119 123 128 128 
126 130 124 131 118 130 119 123 128 128 
126 130 124 131 118 130 119 123 128 128 
126 130 124 131 118 130 130 123 128 128 
126 130 124 131 118 130 130 123 128 128 
126 130 124 131 118 130 130 123 128 128 
126 130 124 131 118 130 130 123 128 128 
138 130 124 131 118 130 130 123 128 128 
138 130 124 131 130 130 130 123 128 128 
138 130 124 131 130 130 130 123 128 128 
138 130 124 131 130 130 130 123 128 128 
138 130 124 131 130 130 130 123 128 128 
138 130 124 131 130 130 130 123 128 128 
138 130 124 131 130 130 130 123 128 128 
138 130 124 131 130 130 130 123 137 128 
138 130 124 131 130 130 130 134 137 128 
138 130 136 131 130 130 130 134 137 128 
138 130 136 131 130 130 130 134 137 128 
138 130 136 131 130 130 130 134 137 128 
138 130 136 131 130 130 130 134 137 128 
138 130 136 131 130 130 130 134 137 128 
138 130 136 131 130 130 130 134 137 128 
138 130 136 131 130 130 130 134 137 128 
138 130 136 131 130 130 130 134 137 128 
138 130 136 131 130 130 130 134 137 128 
138 130 136 131 130 130 130 134 137 128 
138 130 136 131 130 142 130 134 137 128 
138 130 136 131 130 142 130 134 137 128 
138 130 136 131 130 142 130 134 137 141 
138 130 136 131 130 142 130 134 137 141 
138 130 136 131 130 142 130 134 137 141 
138 130 136 131 130 142 130 134 137 141 
138 130 136 146 130 142 130 134 137 141 
138 130 136 146 130 142 130 134 137 141 
138 130 136 146 130 142 130 134 137 141 
138 130 136 146 130 153 152 134 137 141 
138 130 136 146 130 153 152 134 148 141 
138 130 136 146 130 153 152 134 148 141 
138 130 136 146 149 153 152 134 148 141 
151 130 136 146 149 153 152 134 148 141 
151 130 136 146 149 153 152 145 148 141 
151 130 136 146 149 153 152 145 148 141 
151 130 136 146 149 153 152 145 148 141 
151 130 136 146 149 153 152 145 148 141 
151 130 136 146 149 153 152 145 148 141 
151 130 162 146 149 153 152 145 148 141 
151 130 162 146 149 153 152 145 148 141 
151 146 162 146 149 153 152 145 148 141 
162 146 162 146 149 153 152 145 148 141 
162 146 162 146 149 153 152 145 148 141 
162 146 162 160 149 153 152 145 148 141 
162 146 162 160 149 153 152 145 148 141 
162 146 162 160 149 153 162 145 148 141 
162 146 162 160 149 153 162 145 148 141 
162 146 162 160 149 153 162 145 148 141 
162 146 162 160 149 153 162 145 148 154 
162 146 162 160 149 153 162 145 148 154 
162 146 162 160 149 153 162 145 148 154 
162 146 162 160 149 153 162 145 148 154 
162 146 162 160 149 164 162 145 148 154 
162 146 162 160 149 164 162 156 160 154 
162 146 162 160 149 164 162 156 160 154 
162 146 162 160 149 164 162 156 160 154 
162 146 162 160 149 164 162 156 160 154 
162 158 162 160 149 164 162 156 160 154 
162 158 162 160 149 164 162 156 160 164 
162 158 162 160 149 164 162 156 160 164 
173 158 162 160 149 164 162 156 160 164 
173 170 162 160 149 164 162 156 160 164 
173 170 162 171 149 164 162 167 160 164 
173 170 162 171 174 164 162 167 160 164 
173 170 162 171 174 164 162 167 160 164 
173 170 162 171 174 164 162 178 172 164 
173 170 162 171 174 192 162 178 172 164 
173 170 182 171 174 192 162 178 172 164 
173 170 182 171 174 192 175 178 172 164 
173 170 182 171 174 192 175 178 193 164 
212.0 224.0 200.0 238.0 220.0 246.0 258.0 284.0 226.0 270.0 
;
EXECUTION TIME HBSS: 13876.7956259 seconds 

-------------------------------------------------------------------
