DATFILE : bwopen0_2r_1000.dat
ENVIRONMENT : bwopen
ALGORITHM : HBSS - TAU 4
RANGE : 1000
STARTING_POS : 0
N_ROBOTS : 2
GREEDY SOLUTION : [ 5074.]
COMPUTATIONS D :
5240
5218
5360
5152
5428
5208
5260
5354
5504
5302
5458
5288
5404
5374
5356
5260
5354
5258
5248
5588
5238
5192
5264
5124
5284
5316
5282
5286
5232
5322
5230
5414
5346
5218
5212
5328
5316
5396
5412
5264
5234
5304
5156
5162
5434
5420
5450
5386
5268
5486
5332
5192
5288
5356
5276
5148
5374
5288
5476
5244
5538
5316
5258
5414
5218
5300
5314
5210
5502
5470
5330
5304
5346
5394
5308
5436
5254
5316
5424
5366
5362
5194
5204
5240
5332
5306
5404
5386
5356
5280
5410
5518
5360
5392
5286
5430
5406
5358
5360
5384
5362
5318
5372
5166
5440
5350
5308
5370
5382
5396
5396
5526
5290
5240
5172
5164
5390
5360
5318
5478
5384
5520
5354
5404
5188
5406
5480
5336
5422
5328
5308
5256
5372
5240
5292
5292
5308
5410
5326
5306
5178
5348
5432
5236
5368
5318
5336
5310
5342
5296
5144
5304
5280
5242
5326
5438
5290
5412
5358
5252
5326
5186
5358
5182
5290
5164
5270
5228
5202
5402
5394
5134
5284
5310
5394
5456
5420
5108
5468
5450
5392
5368
5306
5522
5214
5560
5072
5210
5266
5252
5144
5390
5304
5348
5296
5112
5232
5204
5294
5150
;
HBBS sumD : 5072
BEST_CONFIGURATIONS : 
0 0 
0 4 
0 26 
0 5 
0 22 
0 8 
0 13 
0 17 
0 25 
0 18 
0 14 
0 15 
0 10 
0 24 
0 6 
0 21 
0 3 
4 3 
26 3 
5 3 
22 3 
8 3 
8 21 
8 6 
22 6 
26 6 
5 6 
5 21 
26 21 
4 21 
4 6 
4 24 
26 24 
5 24 
22 24 
8 24 
13 24 
17 24 
25 24 
25 6 
17 6 
13 6 
13 21 
17 21 
17 3 
13 3 
13 7 
17 7 
25 7 
25 21 
25 3 
18 3 
14 3 
14 21 
18 21 
18 6 
14 6 
15 6 
10 6 
10 21 
15 21 
15 3 
19 3 
19 21 
19 6 
20 6 
23 6 
16 6 
12 6 
12 21 
16 21 
23 21 
20 21 
20 3 
23 3 
16 3 
12 3 
12 7 
16 7 
23 7 
20 7 
19 7 
19 12 
19 16 
19 23 
19 20 
18 20 
18 23 
14 23 
14 20 
14 19 
18 19 
25 19 
17 19 
13 19 
8 19 
22 19 
26 19 
5 19 
5 20 
26 20 
26 23 
5 23 
5 16 
26 16 
4 16 
4 23 
4 20 
22 20 
22 23 
22 16 
22 12 
26 12 
5 12 
4 12 
0 12 
0 16 
1 16 
1 12 
27 12 
27 16 
27 23 
27 20 
27 19 
1 19 
1 20 
1 23 
0 23 
0 20 
0 19 
4 19 
4 18 
4 14 
22 14 
26 14 
5 14 
5 18 
26 18 
22 18 
8 18 
8 14 
8 15 
8 10 
22 10 
26 10 
26 15 
5 15 
5 10 
4 10 
4 15 
22 15 
13 15 
13 10 
17 10 
17 15 
25 15 
25 10 
25 9 
17 9 
13 9 
8 9 
22 9 
26 9 
5 9 
4 9 
0 9 
0 27 
4 27 
26 27 
5 27 
22 27 
8 27 
13 27 
17 27 
25 27 
18 27 
14 27 
14 1 
18 1 
25 1 
17 1 
13 1 
8 1 
22 1 
26 1 
5 1 
5 26 
5 4 
26 4 
22 4 
22 26 
8 26 
8 5 
22 5 
13 5 
13 26 
13 4 
17 4 
17 26 
17 5 
25 5 
25 26 
25 4 
25 8 
17 8 
13 8 
13 22 
17 22 
25 22 
25 13 
25 17 
13 17 
13 18 
13 14 
25 14 
25 18 
17 18 
17 14 
18 14 
18 15 
18 10 
18 24 
14 24 
14 10 
14 15 
9 15 
9 10 
9 24 
9 6 
9 21 
9 3 
10 3 
24 3 
24 21 
24 6 
24 11 
6 11 
21 11 
3 11 
7 11 
7 6 
21 6 
3 6 
3 21 
3 7 
21 7 
24 7 
10 7 
15 7 
14 7 
18 7 
18 12 
14 12 
14 16 
18 16 
25 16 
25 12 
17 12 
13 12 
8 12 
8 16 
8 23 
8 20 
13 20 
13 23 
13 16 
17 16 
17 23 
17 20 
25 20 
25 23 
15 23 
15 20 
10 20 
10 23 
10 16 
10 12 
15 12 
15 16 
9 16 
9 12 
24 12 
24 16 
24 23 
24 20 
24 19 
10 19 
15 19 
9 19 
9 20 
11 20 
11 23 
11 16 
11 12 
16 12 
23 12 
20 12 
20 16 
23 16 
20 23 
19 11 
18 11 
25 11 
17 11 
13 11 
8 11 
22 11 
26 11 
5 11 
4 11 
0 11 
1 11 
27 11 
9 11 
10 11 
15 11 
14 11 
14 9 
18 9 
15 10 
15 24 
10 24 
10 2 
15 2 
14 2 
18 2 
25 2 
17 2 
8 2 
13 2 
22 2 
26 2 
5 2 
4 2 
0 2 
1 2 
27 2 
9 2 
24 2 
6 2 
21 2 
3 2 
7 2 
12 2 
16 2 
23 2 
20 2 
19 2 
11 2 
6 27 
21 27 
3 27 
3 1 
21 1 
6 1 
10 1 
15 1 
15 27 
10 27 
24 27 
24 1 
9 1 
27 1 
27 9 
27 7 
1 7 
0 7 
4 7 
26 7 
5 7 
22 7 
8 7 
22 21 
9 7 
9 23 
22 8 
4 8 
4 1 
0 1 
0 0 
;
ROBOT MOVING BEST:
0 0 
1 1 
1 1 
1 1 
1 1 
1 1 
1 1 
1 1 
1 1 
1 1 
1 1 
1 1 
1 1 
1 1 
1 1 
1 1 
1 1 
1 1 
1 1 
1 1 
1 1 
1 1 
1 1 
1 1 
1 1 
1 1 
1 1 
1 1 
1 1 
1 1 
1 1 
1 1 
1 1 
1 1 
1 1 
1 1 
1 1 
1 1 
1 1 
1 1 
1 1 
1 1 
1 1 
1 1 
1 1 
1 1 
1 1 
1 1 
1 1 
1 1 
1 1 
1 1 
1 1 
1 1 
1 1 
1 1 
1 1 
1 1 
1 1 
1 1 
1 1 
1 1 
1 1 
1 1 
1 1 
1 1 
1 1 
1 1 
1 1 
1 1 
1 1 
1 1 
1 1 
1 1 
1 1 
1 1 
1 1 
1 1 
1 1 
1 1 
1 1 
1 1 
1 1 
1 1 
1 1 
1 1 
1 1 
1 1 
1 1 
1 1 
1 1 
1 1 
1 1 
1 1 
1 1 
1 1 
1 1 
1 1 
1 1 
1 1 
1 1 
1 1 
1 1 
1 1 
1 1 
1 1 
1 1 
1 1 
1 1 
1 1 
1 1 
1 1 
1 1 
1 1 
1 1 
1 1 
1 1 
1 1 
1 1 
1 1 
1 1 
1 1 
1 1 
1 1 
1 1 
1 1 
1 1 
1 1 
1 1 
1 1 
1 1 
1 1 
1 1 
1 1 
1 1 
1 1 
1 1 
1 1 
1 1 
1 1 
1 1 
1 1 
1 1 
1 1 
1 1 
1 1 
1 1 
1 1 
1 1 
1 1 
1 1 
1 1 
1 1 
1 1 
1 1 
1 1 
1 1 
1 1 
1 1 
1 1 
1 1 
1 1 
1 1 
1 1 
1 1 
1 1 
1 1 
1 1 
1 1 
1 1 
1 1 
1 1 
1 1 
1 1 
1 1 
1 1 
1 1 
1 1 
1 1 
1 1 
1 1 
1 1 
1 1 
1 1 
1 1 
1 1 
1 1 
1 1 
1 1 
1 1 
1 1 
1 1 
1 1 
1 1 
1 1 
1 1 
1 1 
1 1 
1 1 
1 1 
1 1 
1 1 
1 1 
1 1 
1 1 
1 1 
1 1 
1 1 
1 1 
1 1 
1 1 
1 1 
1 1 
1 1 
1 1 
1 1 
1 1 
1 1 
1 1 
1 1 
1 1 
1 1 
1 1 
1 1 
1 1 
1 1 
1 1 
1 1 
1 1 
1 1 
1 1 
1 1 
1 1 
1 1 
1 1 
1 1 
1 1 
1 1 
1 1 
1 1 
1 1 
1 1 
1 1 
1 1 
1 1 
1 1 
1 1 
1 1 
1 1 
1 1 
1 1 
1 1 
1 1 
1 1 
1 1 
1 1 
1 1 
1 1 
1 1 
1 1 
1 1 
1 1 
1 1 
1 1 
1 1 
1 1 
1 1 
1 1 
1 1 
1 1 
1 1 
1 1 
1 1 
1 1 
1 1 
1 1 
1 1 
1 1 
1 1 
1 1 
1 1 
1 1 
1 1 
1 1 
1 1 
1 1 
1 1 
1 1 
1 1 
1 1 
1 1 
1 1 
1 1 
1 1 
1 1 
1 1 
1 1 
1 1 
1 1 
1 1 
1 1 
1 1 
1 1 
1 1 
1 1 
1 1 
1 1 
1 1 
1 1 
1 1 
1 1 
1 1 
1 1 
1 1 
1 1 
1 1 
1 1 
1 1 
1 1 
1 1 
1 1 
1 1 
1 1 
1 1 
1 1 
1 1 
1 1 
1 1 
1 1 
1 1 
1 1 
1 1 
1 1 
1 1 
1 1 
1 1 
1 1 
1 1 
1 1 
1 1 
1 1 
1 1 
1 1 
1 1 
1 1 
1 1 
1 1 
1 1 
1 1 
1 1 
1 1 
1 1 
1 1 
1 1 
1 1 
1 1 
1 1 
1 1 
1 1 
1 1 
1 1 
1 1 
1 1 
1 1 
1 1 
1 1 
1 1 
1 1 
1 1 
1 1 
1 1 
1 1 
1 1 
1 1 
1 1 
1 1 
1 1 
1 1 
1 1 
0 1 
;
TIMETABLE BEST: 
0.0 0.0 
0 14 
0 25 
0 34 
0 46 
0 58 
0 71 
0 82 
0 94 
0 107 
0 118 
0 131 
0 142 
0 155 
0 168 
0 180 
0 192 
14 192 
25 192 
34 192 
46 192 
58 192 
58 204 
58 216 
70 216 
81 216 
90 216 
90 228 
99 228 
110 228 
110 240 
110 253 
121 253 
130 253 
142 253 
154 253 
167 253 
178 253 
190 253 
190 266 
202 266 
213 266 
213 278 
224 278 
224 290 
235 290 
235 306 
246 306 
258 306 
258 318 
258 330 
271 330 
282 330 
282 342 
293 342 
293 354 
304 354 
317 354 
328 354 
328 366 
339 366 
339 378 
363 378 
363 390 
363 402 
376 402 
386 402 
397 402 
408 402 
408 414 
419 414 
430 414 
440 414 
440 426 
450 426 
461 426 
472 426 
472 442 
483 442 
494 442 
504 442 
517 442 
517 460 
517 471 
517 482 
517 492 
537 492 
537 502 
548 502 
548 512 
548 525 
559 525 
572 525 
584 525 
595 525 
608 525 
620 525 
631 525 
640 525 
640 538 
649 538 
649 548 
658 548 
658 559 
667 559 
678 559 
678 570 
678 580 
690 580 
690 590 
690 601 
690 612 
701 612 
710 612 
724 612 
738 612 
738 623 
756 623 
756 634 
771 634 
771 645 
771 656 
771 666 
771 679 
786 679 
786 692 
786 702 
804 702 
804 712 
804 725 
818 725 
818 745 
818 756 
830 756 
841 756 
850 756 
850 767 
859 767 
870 767 
882 767 
882 778 
882 791 
882 802 
894 802 
905 802 
905 813 
914 813 
914 824 
928 824 
928 835 
940 835 
959 835 
959 846 
970 846 
970 857 
982 857 
982 868 
982 882 
994 882 
1005 882 
1018 882 
1030 882 
1041 882 
1050 882 
1064 882 
1078 882 
1078 897 
1092 897 
1103 897 
1112 897 
1124 897 
1136 897 
1149 897 
1160 897 
1172 897 
1185 897 
1196 897 
1196 912 
1207 912 
1220 912 
1232 912 
1243 912 
1256 912 
1268 912 
1279 912 
1288 912 
1288 931 
1288 942 
1297 942 
1308 942 
1308 953 
1320 953 
1320 962 
1332 962 
1351 962 
1351 971 
1351 982 
1362 982 
1362 993 
1362 1002 
1374 1002 
1374 1011 
1374 1022 
1374 1036 
1386 1036 
1397 1036 
1397 1048 
1408 1048 
1420 1048 
1420 1067 
1420 1078 
1433 1078 
1433 1095 
1433 1106 
1446 1106 
1446 1117 
1458 1117 
1458 1128 
1475 1128 
1475 1141 
1475 1152 
1475 1165 
1486 1165 
1486 1178 
1486 1189 
1502 1189 
1502 1200 
1502 1213 
1502 1226 
1502 1238 
1502 1250 
1516 1250 
1529 1250 
1529 1262 
1529 1274 
1529 1291 
1542 1291 
1554 1291 
1566 1291 
1582 1291 
1582 1308 
1594 1308 
1606 1308 
1606 1320 
1606 1332 
1618 1332 
1643 1332 
1656 1332 
1667 1332 
1680 1332 
1691 1332 
1691 1350 
1702 1350 
1702 1361 
1713 1361 
1726 1361 
1726 1372 
1738 1372 
1749 1372 
1762 1372 
1762 1383 
1762 1394 
1762 1404 
1775 1404 
1775 1414 
1775 1425 
1786 1425 
1786 1436 
1786 1446 
1798 1446 
1798 1456 
1821 1456 
1821 1466 
1832 1466 
1832 1476 
1832 1487 
1832 1498 
1843 1498 
1843 1509 
1864 1509 
1864 1520 
1879 1520 
1879 1531 
1879 1542 
1879 1552 
1879 1565 
1892 1565 
1903 1565 
1924 1565 
1924 1578 
1949 1578 
1949 1588 
1949 1599 
1949 1610 
1979 1610 
1990 1610 
2000 1610 
2000 1621 
2010 1621 
2020 1632 
2033 1667 
2053 1667 
2066 1667 
2078 1667 
2089 1667 
2102 1667 
2114 1667 
2125 1667 
2134 1667 
2148 1667 
2162 1667 
2180 1667 
2195 1667 
2210 1667 
2224 1667 
2235 1667 
2248 1667 
2248 1692 
2259 1692 
2277 1706 
2277 1719 
2288 1719 
2288 1738 
2299 1738 
2312 1738 
2323 1738 
2336 1738 
2348 1738 
2372 1738 
2385 1738 
2404 1738 
2415 1738 
2424 1738 
2438 1738 
2452 1738 
2470 1738 
2485 1738 
2500 1738 
2515 1738 
2528 1738 
2540 1738 
2552 1738 
2568 1738 
2586 1738 
2597 1738 
2608 1738 
2618 1738 
2631 1738 
2661 1738 
2678 1757 
2690 1757 
2702 1757 
2702 1772 
2714 1772 
2726 1772 
2752 1772 
2763 1772 
2763 1787 
2774 1787 
2787 1787 
2787 1802 
2802 1802 
2817 1802 
2817 1830 
2817 1876 
2832 1876 
2850 1876 
2864 1876 
2875 1876 
2884 1876 
2896 1876 
2908 1876 
2920 1888 
2944 1900 
2944 1936 
2968 2018 
2980 2018 
2980 2060 
2994 2060 
2994.0 2078.0 
;
EXECUTION TIME HBSS: 413.130788088 seconds 

-------------------------------------------------------------------
