DATFILE : bwopen0_8r_1000.dat
ENVIRONMENT : bwopen
ALGORITHM : HBSS - TAU 7
RANGE : 1000
STARTING_POS : 0
N_ROBOTS : 8
GREEDY SOLUTION : [ 2326.]
COMPUTATIONS D :
2326
2408
2432
2326
2326
2190
2354
2326
2326
2326
2326
2344
2402
2326
2326
2354
2326
2284
2326
2326
2352
2326
2394
2326
2326
2326
2352
2326
2546
2326
2334
2262
2448
2322
2326
2292
2326
2326
2326
2326
2422
2326
2326
2390
2464
2374
2324
2506
2326
2394
2326
2364
2380
2326
2326
2354
2326
2326
2326
2432
2326
2254
2414
2326
2324
2326
2326
2326
2348
2374
2326
2326
2326
2326
2326
2404
2444
2326
2260
2366
2414
2326
2326
2326
2326
2326
2326
2326
2448
2326
2388
2414
2326
2418
2326
2326
2442
2326
2326
2326
2326
2368
2360
2334
2404
2486
2326
2284
2258
2326
2326
2354
2326
2326
2326
2288
2326
2326
2324
2326
2326
2326
2326
2172
2382
2326
2326
2264
2484
2326
2326
2326
2326
2326
2388
2290
2378
2326
2172
2326
2330
2334
2326
2326
2414
2326
2394
2326
2352
2326
2494
2356
2326
2326
2388
2326
2312
2474
2326
2342
2354
2326
2374
2326
2374
2358
2326
2288
2326
2486
2392
2326
2326
2494
2326
2394
2326
2408
2326
2418
2326
2354
2350
2326
2438
2326
2404
2326
2326
2390
2262
2326
2494
2194
2326
2334
2326
2332
2326
2326
;
HBBS sumD : 2172
BEST_CONFIGURATIONS : 
0 0 0 0 0 0 0 0 
0 4 0 0 0 0 0 0 
0 4 26 0 0 0 0 0 
0 4 26 1 0 0 0 0 
0 4 26 1 5 0 0 0 
0 4 26 1 5 22 0 0 
0 4 26 1 5 22 8 0 
26 4 26 1 5 22 8 0 
26 4 26 1 5 22 8 0 
26 4 26 27 5 22 8 0 
26 4 26 27 5 22 8 1 
26 4 26 27 5 22 8 1 
26 4 26 27 5 22 8 1 
26 4 26 27 5 22 8 1 
26 4 26 27 5 22 8 1 
26 4 26 27 5 22 8 1 
26 4 26 27 5 22 8 1 
26 4 26 27 5 22 8 1 
26 4 26 27 5 22 8 1 
26 4 26 27 5 22 8 1 
26 4 26 27 5 22 8 1 
26 4 26 27 5 22 8 1 
26 4 26 27 5 22 8 1 
26 4 26 27 5 22 8 1 
26 4 26 27 5 22 8 1 
26 4 26 27 5 22 8 1 
26 4 26 27 5 22 8 2 
26 4 26 27 5 22 13 2 
26 4 26 27 5 22 13 2 
26 4 26 27 5 22 13 2 
26 4 26 27 5 22 13 2 
26 22 26 27 5 22 13 2 
26 22 26 27 5 22 13 2 
26 22 26 27 5 22 13 2 
26 22 26 27 9 22 13 2 
26 22 26 27 9 22 13 2 
5 22 26 27 9 22 13 2 
5 22 26 27 9 22 17 2 
5 22 26 27 9 8 17 2 
5 22 26 27 9 8 17 2 
5 22 26 27 9 8 17 2 
5 22 26 27 9 8 17 2 
5 22 0 27 9 8 17 2 
5 22 0 27 9 8 17 2 
5 22 0 27 9 8 17 2 
5 22 0 27 9 8 17 2 
5 13 0 27 9 8 17 2 
5 13 0 27 9 8 17 2 
5 13 0 27 9 8 17 2 
5 13 0 27 9 8 17 2 
5 13 0 27 9 8 17 2 
1 13 0 27 9 8 17 2 
1 13 0 27 9 8 17 2 
1 13 0 27 9 8 17 2 
1 13 0 27 9 8 17 2 
1 13 0 27 9 8 17 2 
1 13 0 27 9 8 17 2 
1 13 0 27 9 8 17 2 
1 13 0 27 9 8 17 2 
1 13 0 27 9 8 17 2 
1 13 0 27 9 8 17 6 
1 13 0 27 9 8 17 6 
1 13 0 27 9 8 17 6 
1 25 0 27 9 8 17 6 
1 25 0 27 9 8 17 6 
1 25 0 27 9 8 17 6 
1 25 0 24 9 8 17 6 
1 25 0 24 9 8 17 6 
1 25 0 24 9 8 17 6 
1 25 0 24 10 8 17 6 
1 25 0 24 10 8 17 6 
1 25 0 24 10 8 17 6 
1 25 4 24 10 8 17 6 
1 25 4 24 10 13 17 6 
1 25 4 24 10 13 17 6 
1 25 4 24 10 13 17 6 
1 25 4 24 10 13 17 6 
1 25 4 24 10 13 17 6 
1 25 4 24 10 13 17 6 
1 25 4 24 10 13 17 6 
1 25 4 24 10 13 17 6 
1 25 4 24 10 13 17 6 
1 25 4 24 10 13 17 6 
1 25 4 24 10 13 17 6 
1 25 4 24 10 13 17 6 
1 25 4 24 10 13 17 6 
1 25 4 24 10 13 17 6 
1 25 4 24 10 13 17 6 
1 25 4 24 10 13 17 6 
1 25 4 24 10 13 17 6 
1 25 4 24 10 13 18 6 
1 25 4 24 10 13 18 21 
1 25 4 24 15 13 18 21 
1 25 4 24 15 13 18 21 
1 25 4 24 15 13 18 21 
1 25 4 24 15 13 18 21 
1 25 26 24 15 13 18 21 
1 25 26 24 15 13 18 21 
1 25 26 24 15 13 18 21 
1 14 26 24 15 13 18 21 
27 14 26 24 15 13 18 21 
27 14 26 24 15 13 18 21 
27 14 26 24 15 13 18 21 
9 14 26 24 15 13 18 21 
9 14 26 24 15 13 18 21 
9 14 26 24 15 13 18 21 
9 14 26 11 15 13 18 21 
9 14 26 11 15 13 18 21 
9 14 26 11 15 17 18 21 
9 14 26 11 15 17 18 21 
9 14 26 11 15 17 18 21 
9 14 26 11 15 17 18 21 
9 14 26 11 15 17 18 21 
9 14 26 11 15 17 18 21 
9 14 26 11 15 17 18 21 
9 14 5 11 15 17 18 21 
9 14 5 11 15 17 18 21 
9 14 5 11 15 17 18 21 
9 14 5 11 15 17 18 21 
9 14 5 11 15 17 18 21 
9 14 5 11 15 17 18 21 
9 14 5 11 15 17 18 21 
9 14 5 11 15 25 18 21 
9 14 5 11 15 25 18 21 
9 14 5 11 15 25 18 21 
9 14 5 11 15 25 18 21 
9 14 5 11 15 25 18 21 
9 14 5 11 15 25 18 21 
9 14 5 11 15 25 18 21 
9 14 5 11 15 25 18 21 
9 14 5 11 15 25 18 21 
9 14 5 11 15 25 18 21 
9 14 5 11 15 25 18 21 
9 14 5 11 15 25 18 21 
9 14 5 11 15 25 18 21 
9 14 5 11 15 25 18 21 
9 14 5 11 15 25 18 21 
9 14 5 11 15 25 18 21 
9 14 22 11 15 25 18 21 
9 14 22 11 15 25 18 3 
9 14 22 11 15 25 18 3 
9 14 22 11 15 25 18 3 
9 14 22 11 15 25 18 3 
9 14 22 11 10 25 18 3 
9 14 22 11 10 25 18 3 
9 14 22 11 10 25 18 3 
9 14 22 11 10 25 18 3 
9 14 22 11 10 25 18 3 
9 14 22 11 10 25 18 3 
9 14 22 11 10 25 18 3 
9 14 22 11 10 25 18 3 
9 14 22 11 10 25 18 3 
9 14 22 11 10 25 18 3 
24 14 22 11 10 25 18 3 
24 14 22 11 10 25 18 3 
24 14 22 11 10 25 18 3 
24 14 22 11 10 25 18 3 
24 14 8 11 10 25 18 3 
24 14 8 11 10 25 18 3 
24 14 8 11 10 25 19 3 
24 14 8 11 10 25 19 3 
24 14 8 11 10 25 19 3 
24 14 8 11 10 25 19 3 
24 14 8 11 10 25 19 3 
24 14 8 11 10 17 19 3 
24 14 8 11 10 17 19 3 
24 14 8 11 10 17 19 3 
24 15 8 11 10 17 19 3 
24 15 8 11 10 17 19 3 
24 15 8 11 10 17 19 3 
24 15 8 11 10 17 19 3 
24 15 8 11 10 17 19 3 
24 15 8 11 10 17 19 3 
24 15 8 11 10 17 19 3 
24 15 8 11 10 17 19 3 
24 15 8 11 10 17 19 3 
24 15 8 11 10 17 19 7 
24 15 8 11 10 17 19 7 
24 15 8 11 10 17 19 7 
24 15 8 11 10 17 19 7 
24 15 8 6 10 17 19 7 
24 15 8 6 10 17 19 7 
24 15 8 6 10 17 19 7 
24 15 8 6 10 17 19 7 
24 15 8 6 10 17 19 7 
24 15 8 6 10 17 19 7 
24 15 8 6 10 17 19 7 
24 15 8 6 10 17 20 7 
24 15 8 6 10 17 20 7 
24 15 8 6 10 17 20 7 
24 15 8 6 10 17 20 7 
24 15 8 6 9 17 20 7 
24 15 8 6 9 17 20 7 
24 15 8 6 9 17 20 7 
24 15 8 6 9 17 20 7 
24 15 8 6 9 17 20 7 
24 15 8 6 9 17 20 7 
24 15 8 6 9 25 20 7 
24 15 8 6 9 25 20 7 
24 15 22 6 9 25 20 7 
24 15 22 6 9 25 20 7 
24 15 22 6 9 25 20 7 
24 15 22 6 9 25 20 7 
24 14 22 6 9 25 20 7 
24 14 22 6 9 25 20 7 
24 14 22 21 9 25 20 7 
24 14 22 21 9 25 20 7 
24 14 22 21 9 25 20 7 
24 14 22 21 9 25 20 7 
24 14 22 21 9 25 20 7 
24 14 22 21 9 25 23 7 
24 14 22 21 9 25 23 7 
24 14 22 21 9 25 23 7 
24 14 22 21 9 25 23 12 
2 14 22 21 9 25 23 12 
2 14 22 21 9 25 23 12 
2 14 22 21 9 25 23 12 
2 14 22 21 9 25 23 12 
2 14 22 21 9 25 23 12 
2 14 22 21 9 25 23 12 
2 14 22 21 9 25 23 12 
2 14 22 21 9 25 23 12 
2 14 22 21 27 25 23 12 
2 14 22 21 27 25 23 12 
2 14 22 21 27 25 23 12 
2 14 22 21 27 25 23 12 
2 14 4 21 27 25 23 12 
2 14 4 21 27 25 23 12 
2 14 4 21 27 18 23 12 
2 14 4 21 27 18 23 12 
2 14 4 21 27 18 23 12 
2 14 4 21 27 18 23 12 
2 14 4 21 27 18 20 12 
2 14 4 21 27 18 20 12 
2 15 4 21 27 18 20 12 
2 15 4 21 27 18 20 12 
2 15 4 21 27 18 20 12 
2 15 4 21 27 18 20 12 
2 15 4 21 27 18 20 12 
2 15 4 21 27 18 20 12 
2 15 4 3 27 18 20 12 
2 15 4 3 27 18 20 12 
2 15 4 3 27 18 20 12 
2 15 4 3 27 18 20 12 
2 15 4 3 27 18 20 12 
2 15 4 3 27 18 20 12 
2 15 4 3 27 18 20 12 
2 15 4 3 27 18 20 12 
2 10 4 3 27 18 20 12 
2 10 4 3 27 18 20 12 
2 10 4 3 27 18 20 16 
2 10 4 3 27 18 20 16 
2 10 4 3 27 18 20 16 
6 10 4 3 27 18 20 16 
6 10 4 3 27 18 20 16 
6 10 4 3 27 18 20 16 
6 10 4 3 27 18 20 16 
6 10 4 3 27 18 20 16 
6 10 0 3 27 18 20 16 
6 10 0 3 27 19 20 16 
6 10 0 3 27 19 23 16 
6 10 0 3 27 19 23 16 
6 10 0 3 27 19 23 16 
6 10 0 3 1 19 23 16 
6 10 0 3 1 19 23 16 
6 10 0 3 1 19 23 16 
6 10 0 3 1 19 23 16 
6 10 0 3 1 19 23 16 
6 10 0 3 1 19 23 16 
6 10 0 21 1 19 23 16 
6 10 0 21 1 19 23 16 
6 10 0 21 1 19 23 16 
6 10 0 21 1 19 23 16 
6 10 0 21 1 19 23 16 
6 10 0 21 1 19 23 16 
6 10 0 21 1 19 23 16 
6 10 0 21 1 19 23 16 
6 10 0 21 1 19 23 16 
6 10 0 21 1 19 23 16 
6 10 0 21 1 19 23 16 
6 10 0 21 1 19 23 16 
6 10 0 21 1 19 23 16 
6 10 0 21 1 19 23 12 
6 10 0 21 1 19 23 12 
6 10 0 21 1 19 23 12 
6 10 0 21 1 19 23 12 
6 10 0 21 1 19 23 12 
6 15 0 21 1 19 23 12 
6 15 0 21 1 19 23 12 
6 15 0 21 1 19 23 12 
6 15 0 21 1 19 23 12 
6 15 0 21 1 19 20 12 
6 15 0 7 1 19 20 12 
11 15 0 7 1 19 20 12 
11 15 0 7 1 19 20 12 
11 15 0 7 1 19 20 12 
11 15 0 7 1 19 20 12 
11 15 0 7 1 19 20 12 
11 15 0 7 1 19 20 12 
11 15 4 7 1 19 20 12 
11 15 4 7 5 19 20 12 
11 15 4 7 5 19 20 12 
11 15 4 7 5 19 20 12 
11 15 4 7 5 19 20 12 
11 15 4 7 5 19 20 12 
11 18 4 7 5 19 20 12 
11 18 4 7 26 19 20 12 
11 18 4 7 26 19 20 12 
11 18 22 7 26 19 20 12 
11 18 22 7 26 19 23 12 
11 18 22 7 26 19 23 16 
11 18 22 7 26 20 23 16 
11 18 22 7 26 20 23 16 
11 18 22 7 26 20 23 16 
11 18 22 7 26 20 23 16 
11 18 22 7 26 20 23 16 
11 18 22 7 26 20 23 16 
11 18 22 7 26 20 23 16 
11 18 22 7 26 20 23 16 
11 18 22 7 26 20 23 16 
11 18 22 21 26 20 23 16 
11 18 22 21 26 20 23 16 
11 18 22 21 26 20 23 16 
11 18 22 21 26 20 23 16 
11 18 22 21 26 20 23 16 
11 18 22 21 5 20 23 16 
24 18 22 21 5 20 23 16 
24 18 22 21 5 20 23 16 
24 18 8 21 5 20 23 16 
24 14 8 21 5 20 23 16 
24 14 8 21 5 20 23 16 
24 14 8 21 5 20 23 16 
24 14 8 21 5 20 23 16 
24 14 8 21 5 20 12 16 
24 14 8 21 5 15 12 16 
24 14 8 21 5 15 12 16 
24 14 8 21 5 15 12 16 
9 14 8 21 5 15 12 16 
9 14 8 21 4 15 12 16 
9 14 8 21 4 15 12 12 
9 14 22 21 4 15 12 12 
9 14 22 7 4 15 12 12 
9 14 22 7 26 15 12 12 
9 13 22 7 26 15 12 12 
9 13 22 7 26 15 12 12 
27 13 22 7 26 15 12 12 
27 17 22 7 26 15 12 12 
27 17 5 7 26 15 12 12 
27 17 5 3 26 15 12 7 
27 17 5 3 26 15 12 7 
27 17 5 3 26 15 12 21 
27 17 5 3 26 10 12 21 
27 17 5 3 26 10 12 21 
27 17 5 3 26 10 12 21 
27 17 5 3 22 10 12 21 
27 17 5 3 22 10 12 21 
27 17 5 3 22 10 16 21 
27 17 5 3 22 10 16 6 
27 13 5 3 22 10 16 6 
27 13 5 3 22 10 16 6 
27 13 5 3 22 11 16 6 
27 13 5 3 22 11 16 6 
27 13 4 3 22 11 23 6 
27 13 4 2 22 11 23 6 
27 13 4 2 22 11 23 6 
27 13 4 2 22 11 23 6 
27 13 4 2 22 11 23 6 
27 13 4 2 26 11 23 6 
27 13 4 2 26 11 23 6 
9 13 4 2 26 11 23 6 
9 13 4 2 26 11 20 6 
9 13 4 2 26 11 20 24 
9 13 4 2 26 11 19 24 
9 13 4 2 26 11 19 24 
9 13 4 2 26 11 19 24 
9 13 4 2 26 7 19 24 
14 13 0 2 26 7 19 24 
14 17 0 2 26 7 23 24 
14 25 0 2 26 7 16 24 
0 0 0 0 0 0 0 0 
;
ROBOT MOVING BEST:
0 0 0 0 0 0 0 0 
1 1 0 0 0 0 0 0 
1 0 1 0 0 0 0 0 
1 0 0 1 0 0 0 0 
1 0 0 0 1 0 0 0 
1 0 0 0 0 1 0 0 
1 0 0 0 0 0 1 0 
1 1 0 0 0 0 0 0 
0 1 0 1 0 0 0 0 
0 0 0 1 0 0 0 1 
1 0 0 0 0 0 0 1 
0 1 0 0 1 0 0 0 
0 1 0 0 0 1 0 0 
0 1 0 0 0 0 1 0 
1 0 0 0 1 0 0 0 
1 0 0 0 0 1 0 0 
0 0 0 0 1 0 0 1 
0 0 0 0 0 1 0 1 
1 0 0 0 0 0 1 0 
0 0 0 0 0 0 1 1 
0 1 0 1 0 0 0 0 
0 0 0 0 1 1 0 0 
1 0 0 1 0 0 0 0 
0 0 0 0 0 1 1 0 
0 0 0 0 1 0 1 0 
0 0 0 1 0 0 0 1 
0 1 0 0 0 0 0 1 
0 1 0 0 0 0 1 0 
1 0 0 0 0 0 0 1 
1 0 0 0 0 0 1 0 
0 0 0 1 1 0 0 0 
0 1 0 1 0 0 0 0 
0 0 0 0 1 0 0 1 
0 0 0 0 0 1 0 1 
1 0 0 0 1 0 0 0 
0 0 0 0 0 1 1 0 
1 0 0 0 0 0 1 0 
0 0 1 0 0 0 1 0 
0 0 0 1 0 1 0 0 
0 0 0 1 0 0 0 1 
1 0 0 0 1 0 0 0 
0 1 0 0 1 0 0 0 
0 0 1 0 0 0 0 1 
0 0 0 0 0 1 0 1 
1 0 0 0 0 0 1 0 
0 1 0 0 0 0 1 0 
0 1 0 1 0 0 0 0 
0 1 1 0 0 0 0 0 
0 0 0 1 1 0 0 0 
0 0 1 0 1 0 0 0 
0 1 0 0 0 1 0 0 
1 0 0 0 0 0 0 1 
0 0 0 0 1 1 0 0 
0 1 0 0 0 0 0 1 
0 0 0 1 0 0 1 0 
0 0 1 0 0 0 1 0 
0 0 0 0 1 0 0 1 
0 0 0 0 0 1 1 0 
0 0 0 0 0 0 1 1 
1 1 0 0 0 0 0 0 
0 0 0 1 0 0 0 1 
1 0 0 0 1 0 0 0 
0 0 1 0 0 0 0 1 
0 1 0 1 0 0 0 0 
0 1 1 0 0 0 0 0 
0 0 0 0 0 1 0 1 
0 0 1 1 0 0 0 0 
1 0 0 0 0 0 1 0 
0 1 0 0 0 1 0 0 
0 0 1 0 1 0 0 0 
0 0 0 1 0 1 0 0 
0 0 0 0 1 1 0 0 
0 0 1 0 0 0 1 0 
0 0 0 0 0 1 1 0 
1 0 0 0 0 0 0 1 
1 1 0 0 0 0 0 0 
1 0 0 1 0 0 0 0 
1 0 0 0 1 0 0 0 
0 0 1 0 0 0 0 1 
0 0 0 0 0 1 0 1 
0 1 1 0 0 0 0 0 
0 0 0 0 0 0 1 1 
0 1 0 0 0 1 0 0 
0 0 1 1 0 0 0 0 
0 1 0 0 0 0 1 0 
0 0 1 0 1 0 0 0 
0 0 0 1 0 1 0 0 
0 0 0 1 0 0 1 0 
0 0 0 0 1 1 0 0 
0 0 0 0 1 0 1 0 
1 0 0 0 0 0 1 0 
1 0 0 0 0 0 0 1 
1 0 0 0 1 0 0 0 
0 0 1 0 0 0 1 0 
0 0 1 0 0 0 0 1 
0 0 0 0 0 1 1 0 
0 1 1 0 0 0 0 0 
0 1 0 1 0 0 0 0 
0 0 0 0 0 1 0 1 
1 1 0 0 0 0 0 0 
1 0 0 1 0 0 0 0 
0 0 1 1 0 0 0 0 
0 0 0 0 1 1 0 0 
1 0 0 0 0 1 0 0 
0 1 0 0 0 1 0 0 
0 0 1 0 0 0 1 0 
0 0 0 1 0 1 0 0 
0 0 1 0 0 0 0 1 
0 0 0 0 0 1 1 0 
0 0 0 0 0 1 0 1 
0 0 1 0 1 0 0 0 
0 0 0 0 1 1 0 0 
0 1 1 0 0 0 0 0 
1 0 0 0 0 1 0 0 
0 1 0 0 0 1 0 0 
0 0 1 0 0 0 1 0 
0 0 0 0 0 0 1 1 
0 0 1 0 0 0 0 1 
0 0 0 1 0 1 0 0 
0 0 0 0 1 0 1 0 
0 0 1 0 1 0 0 0 
0 0 0 0 1 0 0 1 
0 0 0 0 0 1 1 0 
0 0 1 0 0 1 0 0 
0 0 0 0 0 1 0 1 
1 0 0 0 0 0 1 0 
0 1 0 0 0 0 1 0 
1 0 0 0 0 0 0 1 
0 1 1 0 0 0 0 0 
0 1 0 0 0 0 0 1 
0 0 0 0 1 1 0 0 
0 0 0 1 0 0 1 0 
1 0 0 0 1 0 0 0 
0 1 0 0 1 0 0 0 
0 0 1 1 0 0 0 0 
0 0 0 1 0 0 0 1 
1 0 0 0 0 1 0 0 
0 1 0 0 0 1 0 0 
0 0 1 0 0 0 1 0 
0 0 0 0 0 0 1 1 
1 1 0 0 0 0 0 0 
0 0 0 1 1 0 0 0 
0 0 0 1 0 1 0 0 
0 0 0 0 1 0 1 0 
1 0 0 1 0 0 0 0 
0 1 0 1 0 0 0 0 
0 0 1 0 0 1 0 0 
0 0 0 0 0 1 0 1 
1 0 0 0 0 0 0 1 
0 1 1 0 0 0 0 0 
0 1 0 0 0 0 0 1 
0 0 0 0 1 1 0 0 
1 0 0 0 1 0 0 0 
1 0 0 0 0 0 1 0 
0 1 0 0 1 0 0 0 
0 0 1 1 0 0 0 0 
0 0 0 1 0 0 0 1 
0 0 1 0 0 0 1 0 
0 0 0 1 1 0 0 0 
0 1 0 0 0 0 1 0 
0 0 0 0 0 1 1 0 
0 0 0 0 1 0 0 1 
1 1 0 0 0 0 0 0 
0 0 0 1 0 0 1 0 
0 0 0 0 0 1 0 1 
1 0 0 1 0 0 0 0 
0 1 1 0 0 0 0 0 
0 1 0 0 0 0 0 1 
0 0 0 0 0 0 1 1 
1 0 0 0 0 0 0 1 
0 1 0 0 1 0 0 0 
0 0 1 1 0 0 0 0 
0 0 0 0 1 0 1 0 
1 0 0 0 1 0 0 0 
0 0 1 0 0 0 0 1 
0 0 0 0 0 1 1 0 
0 0 0 1 0 0 0 1 
0 1 0 0 0 0 1 0 
1 1 0 0 0 0 0 0 
1 0 0 0 0 0 1 0 
0 0 0 1 1 0 0 0 
0 0 0 0 1 0 0 1 
0 1 1 0 0 0 0 0 
0 0 1 0 0 0 1 0 
0 0 0 0 0 1 0 1 
0 1 0 1 0 0 0 0 
0 0 0 1 0 0 1 0 
0 0 0 0 1 0 1 0 
1 0 0 1 0 0 0 0 
0 1 0 0 0 0 0 1 
0 0 0 0 0 1 1 0 
1 0 0 0 1 0 0 0 
1 0 0 0 0 0 0 1 
0 1 0 0 0 0 1 0 
0 0 1 0 0 0 0 1 
1 0 0 0 0 0 1 0 
0 0 0 1 1 0 0 0 
0 0 0 1 0 1 0 0 
0 0 0 1 0 0 0 1 
0 1 1 0 0 0 0 0 
0 0 0 0 1 0 0 1 
0 0 0 0 0 1 0 1 
1 0 1 0 0 0 0 0 
0 1 0 1 0 0 0 0 
0 0 0 1 0 0 1 0 
1 0 0 1 0 0 0 0 
0 1 0 0 0 0 0 1 
0 0 0 0 1 0 1 0 
0 0 0 0 0 1 1 0 
0 0 0 0 0 0 1 1 
1 0 0 0 0 0 1 0 
0 0 1 0 0 0 0 1 
0 0 0 1 0 0 0 1 
1 0 0 0 0 0 0 1 
1 0 0 0 0 1 0 0 
0 0 0 0 1 0 1 0 
0 0 0 0 0 1 1 0 
1 1 0 0 0 0 0 0 
0 1 0 0 0 0 1 0 
0 0 1 1 0 0 0 0 
0 0 0 0 1 0 0 1 
0 0 0 0 0 1 0 1 
0 1 0 0 1 0 0 0 
1 0 0 1 0 0 0 0 
0 1 0 0 0 0 0 1 
0 0 1 0 0 0 1 0 
0 1 1 0 0 0 0 0 
0 0 0 1 0 0 1 0 
1 0 0 0 0 1 0 0 
0 0 0 1 1 0 0 0 
1 0 0 0 0 0 1 0 
0 0 0 0 0 1 1 0 
0 1 0 0 0 0 1 0 
0 0 0 1 0 0 0 1 
1 1 0 0 0 0 0 0 
0 0 0 0 1 1 0 0 
1 0 0 0 0 0 0 1 
0 0 0 0 0 1 0 1 
0 1 0 0 1 0 0 0 
0 0 0 0 1 0 0 1 
1 0 0 1 0 0 0 0 
0 1 0 0 0 0 0 1 
1 0 0 0 0 0 1 0 
0 1 1 0 0 0 0 0 
0 0 0 1 1 0 0 0 
0 0 0 0 0 1 1 0 
0 0 1 0 0 0 0 1 
0 0 0 0 1 0 1 0 
1 1 0 0 0 0 0 0 
0 0 0 1 0 0 0 1 
1 0 0 0 0 0 0 1 
0 0 1 1 0 0 0 0 
0 0 0 0 0 1 0 1 
1 0 0 0 0 1 0 0 
0 1 0 0 1 0 0 0 
0 0 1 0 0 0 1 0 
0 0 0 0 1 0 0 1 
0 0 0 1 0 0 1 0 
0 0 1 0 0 1 0 0 
0 0 0 0 1 1 0 0 
0 0 0 0 1 0 1 0 
0 0 0 1 0 0 0 1 
1 0 0 1 0 0 0 0 
0 0 0 1 1 0 0 0 
0 0 1 1 0 0 0 0 
0 0 0 1 0 0 1 0 
0 1 0 0 0 0 0 1 
1 0 0 0 0 0 0 1 
0 0 0 0 1 0 0 1 
0 1 0 1 0 0 0 0 
0 1 0 0 0 0 1 0 
0 0 0 0 0 1 0 1 
0 0 1 0 0 0 0 1 
0 0 0 1 0 0 0 1 
0 0 0 0 1 1 0 0 
0 0 0 0 0 0 1 1 
1 0 0 1 0 0 0 0 
1 0 0 0 0 0 1 0 
0 0 0 0 1 0 1 0 
0 0 1 0 0 1 0 0 
0 0 0 1 0 1 0 0 
0 0 0 0 0 1 1 0 
0 1 0 0 0 0 0 1 
0 0 1 1 0 0 0 0 
0 0 1 0 0 0 1 0 
1 0 0 0 0 0 0 1 
0 0 0 0 1 0 0 1 
0 1 1 0 0 0 0 0 
0 1 0 0 0 0 1 0 
0 0 0 0 0 1 0 1 
0 0 1 0 0 0 0 1 
0 0 0 0 1 0 1 0 
0 0 0 1 1 0 0 0 
1 0 0 0 1 0 0 0 
0 0 0 0 0 1 1 0 
0 0 1 0 0 0 1 0 
0 0 0 1 0 1 0 0 
0 0 1 1 0 0 0 0 
1 0 1 0 0 0 0 0 
0 0 1 0 0 1 0 0 
0 0 0 0 1 1 0 0 
0 0 0 0 0 0 1 1 
0 0 0 1 0 0 0 1 
1 0 0 0 0 0 0 1 
0 0 0 0 1 0 0 1 
0 1 0 0 0 1 0 0 
0 0 0 0 1 1 0 0 
1 0 0 0 0 0 1 0 
0 0 1 0 0 1 0 0 
0 0 0 0 0 0 1 1 
0 0 0 1 0 0 0 1 
0 0 0 0 0 1 0 1 
1 0 0 0 0 0 0 1 
0 0 0 1 0 0 1 0 
0 1 0 1 0 0 0 0 
0 0 0 0 0 1 1 0 
1 0 0 0 0 0 1 0 
0 0 0 1 1 0 0 0 
0 0 0 0 1 1 0 0 
1 0 0 0 1 0 0 0 
0 0 0 1 0 1 0 0 
0 0 1 0 0 1 0 0 
0 0 0 0 1 0 0 1 
0 0 1 0 0 0 0 1 
0 0 0 0 1 0 1 0 
0 0 0 0 1 1 0 0 
1 0 0 0 0 0 0 1 
0 0 0 0 1 0 0 1 
0 0 1 0 0 1 0 0 
0 1 0 0 0 0 0 1 
0 0 0 0 1 0 1 0 
0 0 1 0 0 0 0 1 
0 0 1 0 0 0 1 0 
0 0 0 0 0 0 1 1 
0 0 0 0 0 1 0 1 
0 0 1 1 0 0 0 0 
1 0 0 0 1 0 0 0 
1 0 0 0 0 0 0 1 
0 0 0 0 1 0 0 1 
0 0 1 0 0 0 0 1 
0 0 1 0 0 0 0 1 
0 0 0 1 1 0 0 0 
0 0 0 0 1 0 0 1 
0 1 0 0 0 0 0 1 
0 1 0 1 0 0 0 0 
1 0 0 1 0 0 0 0 
0 1 0 0 0 0 0 1 
0 0 1 1 0 0 0 0 
0 0 0 1 0 0 0 1 
0 0 0 1 1 0 0 0 
0 0 0 1 0 0 0 1 
0 0 0 0 1 1 0 0 
0 0 1 1 0 0 0 0 
0 0 1 0 0 1 0 0 
0 0 0 1 1 0 0 0 
0 0 0 0 1 1 0 0 
0 1 0 0 0 0 1 0 
0 0 1 0 0 0 0 1 
0 1 0 1 0 0 0 0 
0 1 0 0 0 0 1 0 
1 0 0 0 0 1 0 0 
0 0 0 0 1 0 0 1 
0 0 1 0 0 0 1 0 
0 0 0 1 0 0 0 1 
0 1 0 0 0 0 1 0 
0 0 0 0 0 1 0 1 
0 0 0 1 0 1 0 0 
0 0 0 0 1 0 0 1 
0 0 1 0 0 1 0 0 
1 0 1 0 0 0 0 0 
0 1 0 0 0 0 1 0 
0 0 0 1 0 0 0 1 
0 0 0 1 0 0 1 0 
1 0 0 0 0 0 1 0 
0 1 0 0 0 0 1 0 
0 0 0 1 0 1 0 0 
1 0 1 0 0 0 0 0 
0 1 0 0 0 0 1 0 
0 1 0 0 0 0 1 0 
1 1 0 1 1 1 1 1 
;
TIMETABLE BEST: 
0.0 0.0 0.0 0.0 0.0 0.0 0.0 0.0 
0 14 0 0 0 0 0 0 
0 14 17 0 0 0 0 0 
0 14 17 18 0 0 0 0 
0 14 17 18 24 0 0 0 
0 14 17 18 24 24 0 0 
0 14 17 18 24 24 26 0 
17 14 17 18 24 24 26 0 
17 14 17 18 24 24 26 0 
17 14 17 33 24 24 26 0 
17 14 17 33 24 24 26 18 
17 14 17 33 24 24 26 18 
17 14 17 33 24 24 26 18 
17 14 17 33 24 24 26 18 
17 14 17 33 24 24 26 18 
17 14 17 33 24 24 26 18 
17 14 17 33 24 24 26 18 
17 14 17 33 24 24 26 18 
17 14 17 33 24 24 26 18 
17 14 17 33 24 24 26 18 
17 14 17 33 24 24 26 18 
17 14 17 33 24 24 26 18 
17 14 17 33 24 24 26 18 
17 14 17 33 24 24 26 18 
17 14 17 33 24 24 26 18 
17 14 17 33 24 24 26 18 
17 14 17 33 24 24 26 38 
17 14 17 33 24 24 39 38 
17 14 17 33 24 24 39 38 
17 14 17 33 24 24 39 38 
17 14 17 33 24 24 39 38 
17 26 17 33 24 24 39 38 
17 26 17 33 24 24 39 38 
17 26 17 33 24 24 39 38 
17 26 17 33 46 24 39 38 
17 26 17 33 46 24 39 38 
26 26 17 33 46 24 39 38 
26 26 17 33 46 24 50 38 
26 26 17 33 46 36 50 38 
26 26 17 33 46 36 50 38 
26 26 17 33 46 36 50 38 
26 26 17 33 46 36 50 38 
26 26 34 33 46 36 50 38 
26 26 34 33 46 36 50 38 
26 26 34 33 46 36 50 38 
26 26 34 33 46 36 50 38 
26 45 34 33 46 36 50 38 
26 45 34 33 46 36 50 38 
26 45 34 33 46 36 50 38 
26 45 34 33 46 36 50 38 
26 45 34 33 46 36 50 38 
44 45 34 33 46 36 50 38 
44 45 34 33 46 36 50 38 
44 45 34 33 46 36 50 38 
44 45 34 33 46 36 50 38 
44 45 34 33 46 36 50 38 
44 45 34 33 46 36 50 38 
44 45 34 33 46 36 50 38 
44 45 34 33 46 36 50 38 
44 45 34 33 46 36 50 38 
44 45 34 33 46 36 50 56 
44 45 34 33 46 36 50 56 
44 45 34 33 46 36 50 56 
44 58 34 33 46 36 50 56 
44 58 34 33 46 36 50 56 
44 58 34 33 46 36 50 56 
44 58 34 59 46 36 50 56 
44 58 34 59 46 36 50 56 
44 58 34 59 46 36 50 56 
44 58 34 59 60 36 50 56 
44 58 34 59 60 36 50 56 
44 58 34 59 60 36 50 56 
44 58 48 59 60 36 50 56 
44 58 48 59 60 49 50 56 
44 58 48 59 60 49 50 56 
44 58 48 59 60 49 50 56 
44 58 48 59 60 49 50 56 
44 58 48 59 60 49 50 56 
44 58 48 59 60 49 50 56 
44 58 48 59 60 49 50 56 
44 58 48 59 60 49 50 56 
44 58 48 59 60 49 50 56 
44 58 48 59 60 49 50 56 
44 58 48 59 60 49 50 56 
44 58 48 59 60 49 50 56 
44 58 48 59 60 49 50 56 
44 58 48 59 60 49 50 56 
44 58 48 59 60 49 50 56 
44 58 48 59 60 49 50 56 
44 58 48 59 60 49 50 56 
44 58 48 59 60 49 67 56 
44 58 48 59 60 49 67 68 
44 58 48 59 71 49 67 68 
44 58 48 59 71 49 67 68 
44 58 48 59 71 49 67 68 
44 58 48 59 71 49 67 68 
44 58 59 59 71 49 67 68 
44 58 59 59 71 49 67 68 
44 58 59 59 71 49 67 68 
44 74 59 59 71 49 67 68 
59 74 59 59 71 49 67 68 
59 74 59 59 71 49 67 68 
59 74 59 59 71 49 67 68 
74 74 59 59 71 49 67 68 
74 74 59 59 71 49 67 68 
74 74 59 59 71 49 67 68 
74 74 59 77 71 49 67 68 
74 74 59 77 71 49 67 68 
74 74 59 77 71 60 67 68 
74 74 59 77 71 60 67 68 
74 74 59 77 71 60 67 68 
74 74 59 77 71 60 67 68 
74 74 59 77 71 60 67 68 
74 74 59 77 71 60 67 68 
74 74 59 77 71 60 67 68 
74 74 68 77 71 60 67 68 
74 74 68 77 71 60 67 68 
74 74 68 77 71 60 67 68 
74 74 68 77 71 60 67 68 
74 74 68 77 71 60 67 68 
74 74 68 77 71 60 67 68 
74 74 68 77 71 60 67 68 
74 74 68 77 71 72 67 68 
74 74 68 77 71 72 67 68 
74 74 68 77 71 72 67 68 
74 74 68 77 71 72 67 68 
74 74 68 77 71 72 67 68 
74 74 68 77 71 72 67 68 
74 74 68 77 71 72 67 68 
74 74 68 77 71 72 67 68 
74 74 68 77 71 72 67 68 
74 74 68 77 71 72 67 68 
74 74 68 77 71 72 67 68 
74 74 68 77 71 72 67 68 
74 74 68 77 71 72 67 68 
74 74 68 77 71 72 67 68 
74 74 68 77 71 72 67 68 
74 74 68 77 71 72 67 68 
74 74 80 77 71 72 67 68 
74 74 80 77 71 72 67 80 
74 74 80 77 71 72 67 80 
74 74 80 77 71 72 67 80 
74 74 80 77 71 72 67 80 
74 74 80 77 82 72 67 80 
74 74 80 77 82 72 67 80 
74 74 80 77 82 72 67 80 
74 74 80 77 82 72 67 80 
74 74 80 77 82 72 67 80 
74 74 80 77 82 72 67 80 
74 74 80 77 82 72 67 80 
74 74 80 77 82 72 67 80 
74 74 80 77 82 72 67 80 
74 74 80 77 82 72 67 80 
89 74 80 77 82 72 67 80 
89 74 80 77 82 72 67 80 
89 74 80 77 82 72 67 80 
89 74 80 77 82 72 67 80 
89 74 92 77 82 72 67 80 
89 74 92 77 82 72 67 80 
89 74 92 77 82 72 87 80 
89 74 92 77 82 72 87 80 
89 74 92 77 82 72 87 80 
89 74 92 77 82 72 87 80 
89 74 92 77 82 72 87 80 
89 74 92 77 82 84 87 80 
89 74 92 77 82 84 87 80 
89 74 92 77 82 84 87 80 
89 87 92 77 82 84 87 80 
89 87 92 77 82 84 87 80 
89 87 92 77 82 84 87 80 
89 87 92 77 82 84 87 80 
89 87 92 77 82 84 87 80 
89 87 92 77 82 84 87 80 
89 87 92 77 82 84 87 80 
89 87 92 77 82 84 87 80 
89 87 92 77 82 84 87 80 
89 87 92 77 82 84 87 96 
89 87 92 77 82 84 87 96 
89 87 92 77 82 84 87 96 
89 87 92 77 82 84 87 96 
89 87 92 94 82 84 87 96 
89 87 92 94 82 84 87 96 
89 87 92 94 82 84 87 96 
89 87 92 94 82 84 87 96 
89 87 92 94 82 84 87 96 
89 87 92 94 82 84 87 96 
89 87 92 94 82 84 87 96 
89 87 92 94 82 84 100 96 
89 87 92 94 82 84 100 96 
89 87 92 94 82 84 100 96 
89 87 92 94 82 84 100 96 
89 87 92 94 96 84 100 96 
89 87 92 94 96 84 100 96 
89 87 92 94 96 84 100 96 
89 87 92 94 96 84 100 96 
89 87 92 94 96 84 100 96 
89 87 92 94 96 84 100 96 
89 87 92 94 96 96 100 96 
89 87 92 94 96 96 100 96 
89 87 104 94 96 96 100 96 
89 87 104 94 96 96 100 96 
89 87 104 94 96 96 100 96 
89 87 104 94 96 96 100 96 
89 100 104 94 96 96 100 96 
89 100 104 94 96 96 100 96 
89 100 104 106 96 96 100 96 
89 100 104 106 96 96 100 96 
89 100 104 106 96 96 100 96 
89 100 104 106 96 96 100 96 
89 100 104 106 96 96 100 96 
89 100 104 106 96 96 110 96 
89 100 104 106 96 96 110 96 
89 100 104 106 96 96 110 96 
89 100 104 106 96 96 110 114 
108 100 104 106 96 96 110 114 
108 100 104 106 96 96 110 114 
108 100 104 106 96 96 110 114 
108 100 104 106 96 96 110 114 
108 100 104 106 96 96 110 114 
108 100 104 106 96 96 110 114 
108 100 104 106 96 96 110 114 
108 100 104 106 96 96 110 114 
108 100 104 106 111 96 110 114 
108 100 104 106 111 96 110 114 
108 100 104 106 111 96 110 114 
108 100 104 106 111 96 110 114 
108 100 116 106 111 96 110 114 
108 100 116 106 111 96 110 114 
108 100 116 106 111 109 110 114 
108 100 116 106 111 109 110 114 
108 100 116 106 111 109 110 114 
108 100 116 106 111 109 110 114 
108 100 116 106 111 109 120 114 
108 100 116 106 111 109 120 114 
108 113 116 106 111 109 120 114 
108 113 116 106 111 109 120 114 
108 113 116 106 111 109 120 114 
108 113 116 106 111 109 120 114 
108 113 116 106 111 109 120 114 
108 113 116 106 111 109 120 114 
108 113 116 118 111 109 120 114 
108 113 116 118 111 109 120 114 
108 113 116 118 111 109 120 114 
108 113 116 118 111 109 120 114 
108 113 116 118 111 109 120 114 
108 113 116 118 111 109 120 114 
108 113 116 118 111 109 120 114 
108 113 116 118 111 109 120 114 
108 124 116 118 111 109 120 114 
108 124 116 118 111 109 120 114 
108 124 116 118 111 109 120 125 
108 124 116 118 111 109 120 125 
108 124 116 118 111 109 120 125 
126 124 116 118 111 109 120 125 
126 124 116 118 111 109 120 125 
126 124 116 118 111 109 120 125 
126 124 116 118 111 109 120 125 
126 124 116 118 111 109 120 125 
126 124 130 118 111 109 120 125 
126 124 130 118 111 129 120 125 
126 124 130 118 111 129 130 125 
126 124 130 118 111 129 130 125 
126 124 130 118 111 129 130 125 
126 124 130 118 126 129 130 125 
126 124 130 118 126 129 130 125 
126 124 130 118 126 129 130 125 
126 124 130 118 126 129 130 125 
126 124 130 118 126 129 130 125 
126 124 130 118 126 129 130 125 
126 124 130 130 126 129 130 125 
126 124 130 130 126 129 130 125 
126 124 130 130 126 129 130 125 
126 124 130 130 126 129 130 125 
126 124 130 130 126 129 130 125 
126 124 130 130 126 129 130 125 
126 124 130 130 126 129 130 125 
126 124 130 130 126 129 130 125 
126 124 130 130 126 129 130 125 
126 124 130 130 126 129 130 125 
126 124 130 130 126 129 130 125 
126 124 130 130 126 129 130 125 
126 124 130 130 126 129 130 125 
126 124 130 130 126 129 130 136 
126 124 130 130 126 129 130 136 
126 124 130 130 126 129 130 136 
126 124 130 130 126 129 130 136 
126 124 130 130 126 129 130 136 
126 135 130 130 126 129 130 136 
126 135 130 130 126 129 130 136 
126 135 130 130 126 129 130 136 
126 135 130 130 126 129 130 136 
126 135 130 130 126 129 140 136 
126 135 130 142 126 129 140 136 
143 135 130 142 126 129 140 136 
143 135 130 142 126 129 140 136 
143 135 130 142 126 129 140 136 
143 135 130 142 126 129 140 136 
143 135 130 142 126 129 140 136 
143 135 130 142 126 129 140 136 
143 135 144 142 126 129 140 136 
143 135 144 142 144 129 140 136 
143 135 144 142 144 129 140 136 
143 135 144 142 144 129 140 136 
143 135 144 142 144 129 140 136 
143 135 144 142 144 129 140 136 
143 153 144 142 144 129 140 136 
143 153 144 142 153 129 140 136 
143 153 144 142 153 129 140 136 
143 153 156 142 153 129 140 136 
143 153 156 142 153 129 150 136 
143 153 156 142 153 129 150 147 
143 153 156 142 153 142 150 147 
143 153 156 142 153 142 150 147 
143 153 156 142 153 142 150 147 
143 153 156 142 153 142 150 147 
143 153 156 142 153 142 150 147 
143 153 156 142 153 142 150 147 
143 153 156 142 153 142 150 147 
143 153 156 142 153 142 150 147 
143 153 156 142 153 142 150 147 
143 153 156 154 153 142 150 147 
143 153 156 154 153 142 150 147 
143 153 156 154 153 142 150 147 
143 153 156 154 153 142 150 147 
143 153 156 154 153 142 150 147 
143 153 156 154 162 142 150 147 
161 153 156 154 162 142 150 147 
161 153 156 154 162 142 150 147 
161 153 168 154 162 142 150 147 
161 164 168 154 162 142 150 147 
161 164 168 154 162 142 150 147 
161 164 168 154 162 142 150 147 
161 164 168 154 162 142 150 147 
161 164 168 154 162 142 172 147 
161 164 168 154 162 173 172 147 
161 164 168 154 162 173 172 147 
161 164 168 154 162 173 172 147 
176 164 168 154 162 173 172 147 
176 164 168 154 176 173 172 147 
176 164 168 154 176 173 172 158 
176 164 180 154 176 173 172 158 
176 164 180 166 176 173 172 158 
176 164 180 166 187 173 172 158 
176 189 180 166 187 173 172 158 
176 189 180 166 187 173 172 158 
191 189 180 166 187 173 172 158 
191 200 180 166 187 173 172 158 
191 200 192 166 187 173 172 158 
191 200 192 182 187 173 172 176 
191 200 192 182 187 173 172 176 
191 200 192 182 187 173 172 188 
191 200 192 182 187 184 172 188 
191 200 192 182 187 184 172 188 
191 200 192 182 187 184 172 188 
191 200 192 182 198 184 172 188 
191 200 192 182 198 184 172 188 
191 200 192 182 198 184 183 188 
191 200 192 182 198 184 183 200 
191 211 192 182 198 184 183 200 
191 211 192 182 198 184 183 200 
191 211 192 182 198 205 183 200 
191 211 192 182 198 205 183 200 
191 211 206 182 198 205 194 200 
191 211 206 204 198 205 194 200 
191 211 206 204 198 205 194 200 
191 211 206 204 198 205 194 200 
191 211 206 204 198 205 194 200 
191 211 206 204 209 205 194 200 
191 211 206 204 209 205 194 200 
206 211 206 204 209 205 194 200 
206 211 206 204 209 205 204 200 
206 211 206 204 209 205 204 213 
206 211 206 204 209 205 217 213 
206 211 206 204 209 205 217 213 
206 211 206 204 209 205 217 213 
206 211 206 204 209 230 217 213 
222 211 220 204 209 230 217 213 
222 222 220 204 209 230 240 213 
222 234 220 204 209 230 251 213 
276.0 286.0 220.0 240.0 226.0 304.0 352.0 268.0 
;
EXECUTION TIME HBSS: 11815.4287279 seconds 

-------------------------------------------------------------------
