DATFILE : bwopen0_2r_1000.dat
ENVIRONMENT : bwopen
ALGORITHM : HBSS - TAU 1
RANGE : 1000
STARTING_POS : 0
N_ROBOTS : 2
GREEDY SOLUTION : 4793.0
COMPUTATIONS T :
10202.0
10941.0
10271.0
10554.0
10622.0
11267.0
11157.0
10951.0
11017.0
10738.0
10658.0
10321.0
11163.0
10606.0
10017.0
10272.0
10851.0
11095.0
10616.0
10816.0
10465.0
10745.0
10565.0
10846.0
10378.0
10660.0
11001.0
10619.0
10645.0
10688.0
10985.0
10130.0
10938.0
10407.0
10821.0
10435.0
10653.0
10706.0
11078.0
11065.0
10622.0
10091.0
10704.0
10399.0
10371.0
10615.0
10768.0
10611.0
10750.0
11227.0
10587.0
11286.0
9976.0
10325.0
10178.0
10964.0
11151.0
10629.0
10768.0
10960.0
10714.0
10538.0
11043.0
10004.0
10950.0
10284.0
10476.0
10656.0
10289.0
10303.0
10235.0
10903.0
10794.0
11378.0
10223.0
10810.0
10734.0
11024.0
11215.0
11132.0
10019.0
10470.0
10657.0
10103.0
10449.0
11147.0
11257.0
10872.0
9942.0
10706.0
10541.0
10449.0
10884.0
10688.0
10070.0
10279.0
10813.0
10628.0
10821.0
10063.0
10074.0
10624.0
10045.0
11102.0
10709.0
10738.0
10961.0
10721.0
11093.0
10221.0
10424.0
10240.0
10092.0
10654.0
11010.0
10945.0
10159.0
10605.0
10673.0
10720.0
10815.0
10615.0
11028.0
10428.0
10370.0
10688.0
10982.0
10374.0
10865.0
10719.0
11226.0
10413.0
10771.0
10822.0
10763.0
10735.0
10414.0
10612.0
10567.0
11130.0
10476.0
10832.0
10876.0
10564.0
10603.0
10413.0
10514.0
10365.0
10483.0
10989.0
10923.0
10564.0
10707.0
10836.0
10811.0
10321.0
10643.0
10682.0
10571.0
10721.0
10617.0
10543.0
10085.0
10865.0
10820.0
10430.0
10702.0
10952.0
10379.0
11298.0
10485.0
10047.0
10090.0
10533.0
10260.0
10764.0
10575.0
10518.0
11041.0
10583.0
10829.0
10334.0
10833.0
10462.0
10071.0
10739.0
10999.0
10514.0
10631.0
10981.0
10923.0
10521.0
10170.0
10948.0
10325.0
10631.0
10920.0
10028.0
10486.0
10537.0
;
HBBS bestT : 9942.0
BEST_CONFIGURATIONS : 
0 0 
1 8 
26 13 
2 10 
6 10 
6 15 
21 10 
19 13 
19 22 
23 26 
19 2 
19 6 
25 27 
17 27 
17 9 
13 27 
17 1 
17 5 
15 22 
25 8 
17 22 
1 24 
0 6 
0 11 
2 23 
2 20 
6 20 
4 22 
9 24 
5 15 
27 24 
4 3 
4 6 
22 2 
26 2 
4 2 
0 2 
13 3 
25 21 
17 7 
13 7 
8 2 
22 24 
5 24 
26 24 
5 6 
5 10 
5 9 
2 15 
27 14 
24 18 
6 18 
10 23 
3 19 
7 20 
7 23 
23 18 
20 18 
23 14 
12 17 
16 13 
10 8 
24 13 
10 17 
11 19 
24 19 
11 20 
21 23 
12 16 
12 23 
7 19 
12 19 
23 15 
16 15 
12 10 
12 15 
7 10 
3 15 
2 25 
3 17 
21 17 
21 13 
11 15 
6 9 
6 8 
11 1 
24 2 
18 4 
14 4 
16 1 
23 1 
20 26 
16 0 
12 0 
7 1 
7 27 
3 9 
21 9 
21 2 
3 2 
3 6 
3 21 
2 6 
19 17 
2 9 
26 14 
13 14 
18 15 
14 15 
14 10 
18 10 
17 6 
15 1 
5 21 
26 3 
14 6 
18 12 
26 12 
6 11 
24 11 
24 6 
2 7 
2 12 
2 16 
7 12 
11 7 
6 21 
21 7 
25 20 
13 23 
17 16 
8 7 
4 21 
22 21 
1 3 
0 21 
4 24 
0 24 
27 2 
5 1 
4 1 
22 0 
8 22 
13 4 
20 3 
17 14 
17 18 
25 19 
14 19 
18 19 
14 18 
27 10 
26 11 
1 10 
1 9 
0 9 
9 19 
9 15 
9 10 
10 11 
22 11 
13 9 
25 24 
17 11 
13 11 
14 7 
6 16 
6 23 
21 16 
24 20 
24 16 
9 20 
13 17 
17 25 
25 18 
25 15 
13 18 
4 5 
13 8 
25 13 
10 26 
21 1 
11 27 
6 1 
21 27 
6 27 
7 24 
24 10 
10 15 
24 14 
2 14 
18 8 
20 0 
20 8 
25 1 
0 3 
8 3 
25 6 
18 21 
13 6 
8 24 
0 14 
5 14 
5 18 
26 18 
4 25 
22 14 
27 15 
27 9 
1 14 
26 9 
24 12 
10 16 
11 23 
20 23 
15 7 
18 16 
13 12 
14 11 
25 11 
17 24 
22 10 
5 27 
0 10 
26 6 
22 6 
0 7 
8 11 
22 18 
4 15 
5 11 
6 12 
3 7 
4 26 
26 5 
0 4 
26 22 
0 26 
1 0 
27 0 
27 4 
27 8 
2 1 
3 27 
3 5 
7 4 
11 4 
16 3 
18 27 
9 22 
9 4 
3 25 
3 14 
21 14 
3 18 
27 26 
19 0 
19 1 
19 27 
13 22 
17 8 
24 3 
19 10 
18 11 
14 9 
19 4 
16 26 
20 1 
23 27 
16 14 
20 15 
20 10 
19 15 
18 9 
17 15 
13 10 
5 19 
27 20 
9 7 
11 12 
9 12 
27 12 
27 16 
4 20 
5 12 
24 21 
19 23 
1 12 
26 7 
22 3 
8 21 
26 21 
5 7 
8 23 
8 16 
8 15 
17 23 
18 2 
23 5 
16 5 
12 22 
23 24 
23 9 
19 26 
17 26 
22 5 
25 26 
18 0 
17 0 
13 0 
8 0 
17 4 
25 22 
5 2 
1 27 
22 1 
26 1 
8 26 
8 4 
5 0 
9 8 
15 26 
25 5 
13 5 
12 3 
20 19 
16 19 
12 20 
16 20 
16 23 
0 15 
4 10 
8 14 
0 23 
22 7 
4 12 
8 12 
4 23 
4 16 
22 23 
1 18 
0 25 
9 25 
5 8 
1 13 
2 13 
19 8 
20 13 
16 25 
12 25 
27 22 
2 17 
21 11 
3 11 
2 11 
3 10 
7 6 
11 9 
7 18 
12 14 
16 9 
16 7 
20 21 
23 3 
15 21 
25 14 
11 16 
24 15 
20 17 
16 22 
15 13 
10 25 
20 5 
20 22 
20 14 
7 25 
21 19 
21 12 
23 25 
0 0 
;
ROBOT MOVING BEST:
0 0 
1 1 
1 1 
1 1 
1 1 
1 1 
1 1 
1 1 
1 1 
1 1 
1 1 
1 1 
1 1 
1 1 
1 1 
1 1 
1 1 
1 1 
1 1 
1 1 
1 1 
1 1 
1 1 
1 1 
1 1 
1 1 
1 1 
1 1 
1 1 
1 1 
1 1 
1 1 
1 1 
1 1 
1 1 
1 1 
1 1 
1 1 
1 1 
1 1 
1 1 
1 1 
1 1 
1 1 
1 1 
1 1 
1 1 
1 1 
1 1 
1 1 
1 1 
1 1 
1 1 
1 1 
1 1 
1 1 
1 1 
1 1 
1 1 
1 1 
1 1 
1 1 
1 1 
1 1 
1 1 
1 1 
1 1 
1 1 
1 1 
1 1 
1 1 
1 1 
1 1 
1 1 
1 1 
1 1 
1 1 
1 1 
1 1 
1 1 
1 1 
1 1 
1 1 
1 1 
1 1 
1 1 
1 1 
1 1 
1 1 
1 1 
1 1 
1 1 
1 1 
1 1 
1 1 
1 1 
1 1 
1 1 
1 1 
1 1 
1 1 
1 1 
1 1 
1 1 
1 1 
1 1 
1 1 
1 1 
1 1 
1 1 
1 1 
1 1 
1 1 
1 1 
1 1 
1 1 
1 1 
1 1 
1 1 
1 1 
1 1 
1 1 
1 1 
1 1 
1 1 
1 1 
1 1 
1 1 
1 1 
1 1 
1 1 
1 1 
1 1 
1 1 
1 1 
1 1 
1 1 
1 1 
1 1 
1 1 
1 1 
1 1 
1 1 
1 1 
1 1 
1 1 
1 1 
1 1 
1 1 
1 1 
1 1 
1 1 
1 1 
1 1 
1 1 
1 1 
1 1 
1 1 
1 1 
1 1 
1 1 
1 1 
1 1 
1 1 
1 1 
1 1 
1 1 
1 1 
1 1 
1 1 
1 1 
1 1 
1 1 
1 1 
1 1 
1 1 
1 1 
1 1 
1 1 
1 1 
1 1 
1 1 
1 1 
1 1 
1 1 
1 1 
1 1 
1 1 
1 1 
1 1 
1 1 
1 1 
1 1 
1 1 
1 1 
1 1 
1 1 
1 1 
1 1 
1 1 
1 1 
1 1 
1 1 
1 1 
1 1 
1 1 
1 1 
1 1 
1 1 
1 1 
1 1 
1 1 
1 1 
1 1 
1 1 
1 1 
1 1 
1 1 
1 1 
1 1 
1 1 
1 1 
1 1 
1 1 
1 1 
1 1 
1 1 
1 1 
1 1 
1 1 
1 1 
1 1 
1 1 
1 1 
1 1 
1 1 
1 1 
1 1 
1 1 
1 1 
1 1 
1 1 
1 1 
1 1 
1 1 
1 1 
1 1 
1 1 
1 1 
1 1 
1 1 
1 1 
1 1 
1 1 
1 1 
1 1 
1 1 
1 1 
1 1 
1 1 
1 1 
1 1 
1 1 
1 1 
1 1 
1 1 
1 1 
1 1 
1 1 
1 1 
1 1 
1 1 
1 1 
1 1 
1 1 
1 1 
1 1 
1 1 
1 1 
1 1 
1 1 
1 1 
1 1 
1 1 
1 1 
1 1 
1 1 
1 1 
1 1 
1 1 
1 1 
1 1 
1 1 
1 1 
1 1 
1 1 
1 1 
1 1 
1 1 
1 1 
1 1 
1 1 
1 1 
1 1 
1 1 
1 1 
1 1 
1 1 
1 1 
1 1 
1 1 
1 1 
1 1 
1 1 
1 1 
1 1 
1 1 
1 1 
1 1 
1 1 
1 1 
1 1 
1 1 
1 1 
1 1 
1 1 
1 1 
1 1 
1 1 
1 1 
1 1 
1 1 
1 1 
1 1 
1 1 
1 1 
1 1 
1 1 
1 1 
1 1 
1 1 
1 1 
1 1 
1 1 
1 1 
1 1 
1 1 
1 1 
1 1 
1 1 
1 1 
1 1 
1 1 
1 1 
1 1 
1 1 
1 1 
1 1 
1 1 
1 1 
1 1 
1 1 
1 1 
1 1 
1 1 
1 1 
1 1 
1 1 
1 1 
1 1 
1 1 
1 1 
1 1 
1 1 
1 1 
1 1 
1 1 
1 1 
1 1 
1 1 
;
TIMETABLE BEST: 
0.0 0.0 
26 26 
45 45 
84 84 
102 102 
113 113 
125 125 
174 174 
193 193 
216 216 
255 255 
273 273 
308 308 
320 320 
335 335 
350 350 
365 365 
383 383 
418 418 
441 441 
453 453 
511 511 
529 529 
546 546 
582 582 
592 592 
610 610 
684 684 
721 721 
745 745 
769 769 
806 806 
830 830 
848 848 
859 859 
870 870 
884 884 
923 923 
936 936 
948 948 
959 959 
997 997 
1016 1016 
1028 1028 
1037 1037 
1050 1050 
1076 1076 
1090 1090 
1128 1128 
1147 1147 
1173 1173 
1186 1186 
1229 1229 
1279 1279 
1295 1295 
1305 1305 
1348 1348 
1358 1358 
1369 1369 
1397 1397 
1408 1408 
1455 1455 
1468 1468 
1481 1481 
1516 1516 
1534 1534 
1552 1552 
1571 1571 
1601 1601 
1612 1612 
1635 1635 
1653 1653 
1677 1677 
1688 1688 
1699 1699 
1710 1710 
1728 1728 
1744 1744 
1767 1767 
1789 1789 
1801 1801 
1812 1812 
1846 1846 
1867 1867 
1899 1899 
1941 1941 
1961 1961 
2011 2011 
2022 2022 
2075 2075 
2086 2086 
2105 2105 
2126 2126 
2137 2137 
2155 2155 
2170 2170 
2186 2186 
2198 2198 
2232 2232 
2244 2244 
2262 2262 
2274 2274 
2296 2296 
2368 2368 
2425 2425 
2464 2464 
2494 2494 
2520 2520 
2531 2531 
2542 2542 
2553 2553 
2579 2579 
2615 2615 
2659 2659 
2671 2671 
2710 2710 
2748 2748 
2796 2796 
2851 2851 
2864 2864 
2881 2881 
2901 2901 
2919 2919 
2930 2930 
2968 2968 
2993 2993 
3010 3010 
3022 3022 
3094 3094 
3107 3107 
3118 3118 
3145 3145 
3159 3159 
3171 3171 
3201 3201 
3219 3219 
3244 3244 
3258 3258 
3291 3291 
3312 3312 
3326 3326 
3344 3344 
3368 3368 
3381 3381 
3451 3451 
3519 3519 
3530 3530 
3550 3550 
3566 3566 
3577 3577 
3597 3597 
3628 3628 
3650 3650 
3671 3671 
3685 3685 
3703 3703 
3749 3749 
3773 3773 
3784 3784 
3805 3805 
3843 3843 
3868 3868 
3883 3883 
3901 3901 
3912 3912 
3937 3937 
3981 3981 
3992 3992 
4004 4004 
4029 4029 
4050 4050 
4071 4071 
4119 4119 
4131 4131 
4144 4144 
4162 4162 
4180 4180 
4219 4219 
4246 4246 
4259 4259 
4293 4293 
4331 4331 
4350 4350 
4367 4367 
4382 4382 
4394 4394 
4420 4420 
4451 4451 
4464 4464 
4477 4477 
4496 4496 
4557 4557 
4590 4590 
4616 4616 
4662 4662 
4714 4714 
4740 4740 
4766 4766 
4779 4779 
4805 4805 
4818 4818 
4849 4849 
4873 4873 
4884 4884 
4893 4893 
4906 4906 
4922 4922 
4953 4953 
4974 4974 
4990 4990 
5009 5009 
5061 5061 
5074 5074 
5095 5095 
5130 5130 
5166 5166 
5193 5193 
5219 5219 
5246 5246 
5262 5262 
5280 5280 
5310 5310 
5337 5337 
5364 5364 
5390 5390 
5401 5401 
5425 5425 
5451 5451 
5499 5499 
5517 5517 
5547 5547 
5595 5595 
5619 5619 
5694 5694 
5705 5705 
5722 5722 
5739 5739 
5756 5756 
5774 5774 
5789 5789 
5803 5803 
5817 5817 
5859 5859 
5881 5881 
5902 5902 
5918 5918 
5943 5943 
6013 6013 
6065 6065 
6096 6096 
6108 6108 
6160 6160 
6176 6176 
6188 6188 
6200 6200 
6248 6248 
6298 6298 
6316 6316 
6331 6331 
6377 6377 
6389 6389 
6471 6471 
6521 6521 
6542 6542 
6567 6567 
6603 6603 
6637 6637 
6658 6658 
6673 6673 
6704 6704 
6725 6725 
6736 6736 
6749 6749 
6770 6770 
6791 6791 
6802 6802 
6833 6833 
6854 6854 
6900 6900 
6925 6925 
6950 6950 
6965 6965 
6976 6976 
7009 7009 
7041 7041 
7076 7076 
7124 7124 
7189 7189 
7208 7208 
7224 7224 
7236 7236 
7259 7259 
7271 7271 
7307 7307 
7318 7318 
7362 7362 
7403 7403 
7473 7473 
7516 7516 
7527 7527 
7539 7539 
7576 7576 
7591 7591 
7622 7622 
7657 7657 
7687 7687 
7719 7719 
7736 7736 
7753 7753 
7764 7764 
7777 7777 
7801 7801 
7813 7813 
7863 7863 
7882 7882 
7912 7912 
7923 7923 
7946 7946 
7957 7957 
7981 7981 
8007 8007 
8030 8030 
8053 8053 
8066 8066 
8143 8143 
8204 8204 
8225 8225 
8238 8238 
8249 8249 
8259 8259 
8360 8360 
8374 8374 
8392 8392 
8444 8444 
8480 8480 
8498 8498 
8512 8512 
8534 8534 
8545 8545 
8557 8557 
8600 8600 
8618 8618 
8664 8664 
8690 8690 
8708 8708 
8728 8728 
8785 8785 
8798 8798 
8819 8819 
8830 8830 
8895 8895 
8925 8925 
8990 8990 
9002 9002 
9024 9024 
9046 9046 
9072 9072 
9100 9100 
9127 9127 
9145 9145 
9161 9161 
9207 9207 
9228 9228 
9240 9240 
9281 9281 
9337 9337 
9390 9390 
9434 9434 
9477 9477 
9507 9507 
9551 9551 
9564 9564 
9600 9600 
9612 9612 
9644 9644 
9690 9690 
9723 9723 
9768 9768 
9836 9836 
9942.0 9888.0 
;
EXECUTION TIME HBSS: 436.914595127 seconds 

-------------------------------------------------------------------
