DATFILE : bwopen0_9r_1000.dat
ENVIRONMENT : bwopen
ALGORITHM : HBSS - TAU 4
RANGE : 1000
STARTING_POS : 0
N_ROBOTS : 9
GREEDY SOLUTION : [ 2300.]
COMPUTATIONS D :
2396
2388
2384
2252
2448
2472
2428
2332
2432
2216
2394
2498
2210
2490
2364
2288
2286
2278
2428
2512
2388
2298
2546
2498
2406
2490
2348
2408
2280
2428
2228
2404
2438
2242
2326
2456
2302
2454
2480
2400
2504
2418
2374
2166
2406
2364
2358
2250
2180
2222
2390
2236
2372
2448
2422
2268
2412
2320
2246
2628
2246
2402
2248
2280
2434
2394
2338
2350
2494
2274
2326
2412
2232
2226
2110
2502
2212
2242
2410
2460
2360
2442
2402
2310
2326
2384
2470
2378
2332
2400
2378
2246
2354
2338
2478
2404
2330
2330
2300
2266
2292
2292
2392
2354
2388
2538
2390
2234
2396
2358
2248
2206
2362
2268
2302
2164
2576
2336
2432
2394
2282
2204
2256
2404
2444
2324
2444
2342
2444
2390
2390
2288
2318
2384
2378
2478
2334
2386
2288
2438
2262
2264
2312
2120
2452
2206
2330
2356
2390
2376
2242
2378
2388
2184
2384
2326
2344
2348
2282
2456
2202
2256
2142
2282
2228
2266
2414
2460
2350
2382
2354
2268
2490
2308
2182
2400
2444
2214
2334
2290
2350
2356
2318
2374
2430
2460
2470
2402
2332
2234
2414
2360
2460
2324
2240
2214
2190
2316
2360
2532
;
HBBS sumD : 2110
BEST_CONFIGURATIONS : 
0 0 0 0 0 0 0 0 0 
0 4 0 0 0 0 0 0 0 
0 4 26 0 0 0 0 0 0 
0 4 26 1 0 0 0 0 0 
0 4 26 1 5 0 0 0 0 
0 4 26 1 5 22 0 0 0 
0 4 26 1 5 22 8 0 0 
26 4 26 1 5 22 8 0 0 
26 4 26 1 5 22 8 0 0 
26 4 26 27 5 22 8 0 0 
26 4 26 27 5 22 8 1 0 
26 4 26 27 5 22 8 1 0 
26 4 26 27 5 22 8 1 0 
26 4 26 27 5 22 8 2 0 
26 4 26 27 5 22 13 2 0 
26 4 26 27 5 22 13 2 8 
26 4 26 27 5 22 13 2 8 
26 4 26 27 5 22 13 2 8 
26 4 26 27 5 22 13 2 8 
26 4 26 27 5 22 13 2 8 
26 4 26 27 5 22 13 2 8 
26 4 26 27 5 22 13 2 8 
26 4 26 27 5 22 13 2 8 
26 4 26 27 5 22 13 2 8 
26 4 26 27 5 22 13 2 8 
26 4 26 27 5 22 13 2 8 
26 4 26 27 5 22 13 2 8 
26 4 26 27 5 22 13 2 8 
26 4 26 27 5 22 13 2 8 
26 4 26 27 5 22 13 2 8 
26 4 26 27 5 22 13 2 8 
1 4 26 27 5 22 13 2 8 
1 4 26 27 5 22 13 2 8 
1 4 26 27 9 22 13 2 8 
1 4 26 27 9 22 13 2 8 
1 4 26 27 9 22 13 2 8 
1 4 26 27 9 22 13 2 8 
1 4 26 27 9 22 13 2 8 
1 4 26 27 9 22 17 2 8 
1 4 5 27 9 22 17 2 8 
1 4 5 27 9 22 17 2 8 
1 4 5 27 9 22 17 2 25 
1 13 5 27 9 22 17 2 25 
1 13 5 27 9 22 17 2 25 
1 13 5 27 9 22 17 2 25 
1 13 5 27 9 22 17 2 25 
1 13 5 27 9 22 17 2 25 
1 13 5 27 9 22 17 2 25 
1 13 5 27 9 22 17 2 25 
1 13 5 27 9 22 17 2 25 
1 13 5 27 9 22 17 2 25 
1 13 5 27 9 22 17 2 25 
1 13 5 27 9 22 17 2 25 
1 13 5 27 9 8 17 2 25 
1 13 5 27 9 8 17 2 25 
1 13 5 27 9 8 17 2 25 
1 13 5 27 9 8 17 2 25 
1 13 5 27 9 8 17 2 25 
1 13 5 27 9 8 17 6 25 
1 13 5 27 9 8 17 6 25 
1 13 5 27 9 8 17 6 25 
1 13 26 27 9 8 17 6 25 
1 13 26 27 9 8 17 6 25 
1 13 26 27 9 8 17 6 25 
1 13 26 27 9 8 17 6 25 
1 13 26 27 9 8 17 6 25 
1 13 26 27 9 8 17 6 25 
1 13 26 27 9 8 17 6 25 
1 13 26 27 9 8 17 6 25 
1 13 26 27 9 8 17 6 25 
1 13 26 27 9 8 17 6 25 
1 13 26 27 9 8 17 6 25 
1 13 26 27 9 8 17 6 25 
1 13 26 27 9 8 17 6 25 
1 13 26 27 9 8 17 6 25 
1 13 26 27 10 8 17 6 25 
1 13 26 24 10 8 17 6 25 
1 13 26 24 10 8 17 6 25 
1 13 26 24 10 8 17 6 25 
1 13 26 24 10 8 17 6 25 
1 13 26 24 10 8 17 6 25 
1 13 26 24 10 8 17 6 25 
1 13 26 24 10 8 17 6 25 
1 13 26 24 10 8 17 6 25 
1 13 26 24 10 8 17 6 18 
1 13 26 24 10 8 17 6 18 
1 14 26 24 10 8 17 6 18 
1 14 26 24 10 8 17 6 18 
1 14 5 24 10 8 17 6 18 
1 14 5 24 10 8 17 6 18 
1 14 5 24 10 8 17 6 18 
0 14 5 24 10 8 17 6 18 
0 14 5 24 10 8 17 6 18 
0 14 5 24 10 4 17 6 18 
0 14 5 24 10 4 17 6 18 
0 14 5 24 10 4 17 6 18 
0 14 5 24 10 4 17 6 18 
0 14 5 24 10 4 17 6 18 
0 14 5 24 10 4 17 6 18 
0 14 5 24 10 4 17 6 18 
0 14 5 24 10 4 17 6 18 
0 14 5 24 10 4 17 6 18 
0 14 5 24 10 4 17 21 18 
0 14 5 24 10 4 17 21 18 
0 14 5 24 10 4 17 21 18 
0 14 22 24 10 4 17 21 18 
0 14 22 24 10 4 17 21 18 
0 14 22 24 10 4 17 21 18 
0 14 22 24 10 4 25 21 18 
0 14 22 24 10 4 25 21 18 
0 14 22 24 10 4 25 21 18 
0 14 22 24 10 4 25 21 18 
0 14 22 24 10 4 25 21 18 
0 14 22 24 10 4 25 21 18 
0 14 22 24 10 4 25 21 18 
0 14 22 24 10 4 25 21 18 
0 14 22 24 10 4 25 21 18 
0 14 22 24 15 4 25 21 18 
0 14 22 24 15 4 25 21 18 
0 14 22 24 15 4 25 21 18 
0 14 22 24 15 4 25 21 18 
0 14 22 11 15 4 25 21 18 
0 14 22 11 15 4 25 21 18 
0 14 22 11 15 4 25 21 18 
0 14 22 11 15 4 25 21 18 
0 14 22 11 15 4 25 21 18 
0 14 22 11 15 26 25 21 18 
0 14 22 11 15 26 25 21 18 
0 14 22 11 15 26 25 21 18 
0 14 22 11 15 26 25 21 18 
0 14 22 11 15 26 25 21 18 
0 14 22 11 15 26 25 21 18 
0 14 22 11 15 26 25 21 18 
0 14 22 11 15 26 25 21 18 
0 14 9 11 15 26 25 21 18 
0 14 9 11 15 26 25 3 18 
0 14 9 11 15 26 25 3 18 
0 14 9 11 15 26 25 3 18 
0 14 9 11 15 26 25 3 18 
0 14 9 11 15 26 25 3 19 
0 14 9 11 15 26 17 3 19 
0 14 9 11 15 5 17 3 19 
1 14 9 11 15 5 17 3 19 
1 14 9 11 15 5 17 3 19 
1 14 9 11 15 5 17 3 19 
1 14 9 11 15 5 17 3 19 
1 14 9 11 15 5 17 3 19 
1 14 9 11 15 5 17 3 19 
1 14 9 11 10 5 17 3 19 
1 14 9 11 10 5 17 3 19 
1 14 9 11 10 5 17 3 19 
1 14 9 11 10 5 13 3 19 
1 14 9 11 10 5 13 3 19 
1 14 9 11 10 5 13 3 19 
1 18 9 11 10 5 13 3 19 
1 18 9 11 10 5 13 3 19 
1 18 9 11 10 5 13 3 19 
1 18 9 11 10 5 13 3 19 
1 18 9 11 10 5 13 3 19 
1 18 9 11 10 5 13 3 19 
1 18 9 11 10 5 13 3 19 
1 18 9 11 10 5 13 3 19 
1 18 9 11 10 5 13 3 19 
1 18 9 11 10 5 13 3 19 
1 18 9 11 10 26 13 3 19 
1 18 9 11 10 26 13 3 19 
1 18 9 11 10 26 13 3 19 
1 18 9 11 10 26 13 3 19 
1 18 9 11 10 26 13 3 19 
1 18 9 11 10 26 13 3 19 
1 18 9 11 10 26 13 3 19 
27 18 9 11 10 26 13 3 19 
27 18 9 11 10 26 13 3 19 
27 18 9 11 10 26 13 3 19 
27 18 9 11 10 26 13 3 19 
27 18 9 11 10 26 13 3 19 
27 18 9 11 10 26 13 3 19 
27 18 9 11 10 26 13 3 19 
27 25 9 11 10 26 13 3 19 
27 25 9 11 10 26 13 3 19 
27 25 9 11 10 26 13 3 19 
27 25 9 11 10 26 13 21 19 
27 25 9 11 10 26 13 21 19 
27 25 9 11 15 26 13 21 19 
27 25 9 11 15 26 13 21 19 
27 25 24 11 15 26 13 21 19 
27 25 24 11 15 26 17 21 19 
27 25 24 11 15 26 17 21 19 
27 25 24 11 15 26 17 21 19 
27 25 24 11 15 4 17 21 19 
27 25 24 11 15 4 17 21 20 
27 25 24 11 15 4 17 21 20 
27 25 24 11 15 4 17 21 20 
27 25 24 11 15 8 17 21 20 
27 25 24 11 15 8 17 6 20 
27 25 24 11 15 8 17 6 20 
2 25 24 11 15 8 17 6 20 
2 25 24 6 15 8 17 6 20 
2 25 24 6 15 8 17 6 20 
2 25 24 6 15 8 17 6 20 
2 25 24 6 15 8 17 6 20 
2 25 24 6 15 8 17 6 20 
2 25 24 6 15 8 17 6 20 
2 25 24 6 15 8 17 6 20 
2 25 24 6 15 8 17 6 20 
2 25 24 6 15 8 17 6 20 
2 25 24 6 10 8 17 6 20 
2 25 24 6 10 8 17 6 20 
2 25 24 6 10 8 17 6 20 
2 18 24 6 10 8 17 6 20 
2 18 24 6 10 8 17 6 20 
2 18 24 6 10 8 17 6 20 
2 18 24 6 10 8 17 6 20 
2 18 24 6 10 8 17 6 20 
2 18 24 6 10 8 17 6 20 
2 18 24 21 10 8 17 6 20 
2 18 24 21 10 8 17 6 20 
2 18 24 21 10 8 17 6 20 
2 18 24 21 10 8 17 6 20 
2 18 24 21 10 8 17 6 20 
2 18 24 21 10 8 17 6 23 
2 18 9 21 10 8 17 6 23 
2 18 9 21 10 8 17 6 23 
2 18 9 21 10 8 17 6 23 
2 18 9 21 10 8 17 6 23 
2 18 9 21 10 8 17 6 23 
2 18 9 21 10 8 17 6 23 
2 18 9 21 10 8 17 6 23 
2 18 9 21 10 8 17 6 23 
2 18 9 21 10 8 17 6 23 
2 18 9 21 10 8 17 6 23 
2 18 9 21 10 8 13 6 23 
2 18 9 21 10 8 13 6 23 
2 18 9 21 10 8 13 6 23 
2 18 9 21 10 8 13 6 23 
2 18 9 21 10 8 13 6 23 
2 18 9 21 10 8 13 6 23 
2 18 9 21 10 8 13 6 23 
2 18 9 21 10 8 13 6 23 
2 18 9 21 10 8 13 6 23 
2 14 9 21 10 8 13 6 23 
2 14 9 21 10 8 13 6 23 
2 14 9 21 15 8 13 6 23 
2 14 9 3 15 8 13 6 23 
2 14 9 3 15 8 13 6 23 
2 14 9 3 15 22 13 6 23 
2 14 9 3 15 22 13 6 23 
2 14 9 3 15 22 13 6 23 
2 14 9 3 15 22 13 6 23 
2 14 9 3 15 22 13 6 23 
2 14 9 3 15 22 13 6 23 
2 14 9 3 15 22 13 6 16 
2 14 9 3 15 22 13 6 16 
2 14 9 3 15 22 13 6 16 
2 14 9 3 15 22 13 6 16 
2 14 9 3 15 22 13 6 16 
2 14 9 3 15 22 13 24 16 
2 14 9 3 15 22 13 24 16 
2 14 9 3 15 22 13 24 16 
2 14 9 3 15 22 13 24 16 
2 14 9 3 15 22 13 24 16 
2 14 9 3 15 22 13 24 16 
2 14 9 3 15 22 13 24 16 
2 14 9 3 15 22 13 24 16 
2 14 9 3 15 22 13 24 16 
2 14 9 3 15 22 13 24 12 
2 14 9 3 15 22 17 24 12 
27 14 9 3 15 22 17 24 12 
27 14 10 3 15 22 17 24 12 
27 14 10 21 15 22 17 24 12 
27 14 10 21 15 22 17 24 12 
27 14 10 21 15 22 17 24 12 
27 14 10 21 15 22 17 24 12 
27 14 10 21 15 22 17 24 12 
27 14 10 21 15 22 17 24 12 
27 14 10 21 15 22 17 24 12 
27 14 10 21 15 22 17 24 12 
27 14 10 21 15 22 17 24 12 
27 18 10 21 15 22 17 24 12 
27 18 10 21 19 22 17 24 12 
27 18 10 21 19 22 17 24 12 
27 18 10 21 19 22 17 24 12 
27 18 10 21 19 26 17 24 12 
27 18 10 21 19 26 17 24 16 
27 18 10 7 19 26 17 24 16 
27 18 10 7 19 26 17 24 16 
27 18 10 7 19 26 17 24 16 
27 18 10 7 19 26 17 24 16 
27 18 10 7 19 26 17 24 16 
27 18 10 7 19 26 17 24 16 
27 18 10 7 19 26 17 24 16 
27 18 10 7 19 26 17 24 16 
27 18 10 7 19 26 17 24 16 
27 18 10 7 19 26 17 6 16 
27 18 10 7 19 26 17 6 16 
27 18 10 7 19 26 17 6 16 
27 18 10 7 19 26 13 6 16 
27 18 10 7 19 26 13 6 16 
27 18 15 7 19 26 13 6 16 
27 18 15 7 20 26 13 6 16 
27 18 15 7 20 26 13 6 23 
27 14 15 7 20 26 13 6 23 
27 14 15 7 20 26 13 6 23 
27 14 15 7 20 5 13 6 23 
27 14 15 7 20 5 13 6 23 
9 14 15 7 20 5 13 6 23 
9 14 15 7 20 5 8 6 23 
9 14 15 7 20 5 8 21 23 
9 14 15 7 20 5 8 21 23 
9 14 15 7 20 5 8 21 23 
9 14 15 7 20 5 8 21 23 
9 14 15 7 20 22 8 21 23 
9 14 15 7 20 22 8 21 23 
9 25 15 7 20 22 8 21 23 
9 25 15 7 20 22 8 21 23 
9 25 15 7 20 22 8 21 23 
9 25 15 7 20 22 8 21 23 
9 25 15 7 20 22 8 3 23 
9 25 15 7 20 22 4 3 23 
9 25 15 12 20 22 4 3 23 
9 25 15 12 20 22 4 3 23 
9 25 15 12 20 22 4 3 23 
9 25 15 12 20 22 4 3 23 
9 25 15 12 20 22 4 3 23 
9 25 15 12 20 22 4 3 23 
9 25 15 12 20 22 4 3 23 
9 25 15 12 20 22 4 3 23 
9 25 15 12 20 22 4 3 23 
9 25 15 12 20 22 4 3 23 
9 25 15 12 20 22 4 3 23 
9 25 19 12 20 22 4 3 23 
9 25 19 12 20 22 4 3 23 
9 25 19 12 20 26 4 3 23 
9 25 19 12 20 26 4 3 23 
9 25 19 12 20 26 4 3 23 
9 25 19 12 20 26 4 3 23 
9 25 19 12 20 26 4 3 23 
9 25 19 12 20 26 4 3 23 
9 25 19 12 20 26 4 3 16 
9 25 19 12 20 26 4 3 16 
9 25 19 12 20 26 4 3 16 
9 25 19 12 20 26 4 3 16 
9 25 19 12 20 26 4 3 16 
9 25 19 12 20 26 4 3 16 
1 25 19 12 20 26 4 3 16 
1 25 19 12 20 26 4 3 16 
1 25 19 12 20 26 0 3 16 
1 25 19 12 20 26 0 3 16 
1 13 19 12 20 26 0 3 16 
1 13 19 12 20 26 0 21 16 
1 13 19 12 20 26 0 21 16 
1 13 19 12 23 26 0 21 16 
1 13 19 12 23 26 0 21 16 
1 13 19 12 23 5 0 21 16 
1 13 19 12 23 5 0 21 16 
1 13 19 12 23 5 0 21 16 
1 13 19 12 23 5 0 21 16 
1 13 19 12 23 5 0 21 16 
1 13 19 12 23 5 0 21 16 
1 13 19 12 23 5 0 21 16 
1 13 19 12 23 5 0 21 16 
1 8 19 12 23 5 0 21 16 
1 8 19 12 23 5 0 21 16 
1 8 19 7 23 5 0 21 16 
1 8 19 7 23 5 0 21 16 
1 8 19 7 23 5 0 21 16 
1 8 19 7 23 5 0 21 16 
2 8 19 7 23 5 0 21 16 
2 8 19 7 23 5 0 11 16 
2 8 19 7 23 5 0 11 16 
2 8 19 7 23 5 0 11 16 
2 8 19 7 23 5 0 11 12 
2 8 19 7 23 5 0 11 12 
2 8 20 7 23 5 0 11 12 
2 8 20 7 23 5 0 11 12 
2 8 20 7 23 5 0 11 12 
2 8 20 7 23 5 0 11 12 
2 8 20 6 23 5 0 11 12 
2 8 20 6 23 5 0 21 3 
0 0 0 0 0 0 0 0 0 
;
ROBOT MOVING BEST:
0 0 0 0 0 0 0 0 0 
1 1 0 0 0 0 0 0 0 
1 0 1 0 0 0 0 0 0 
1 0 0 1 0 0 0 0 0 
1 0 0 0 1 0 0 0 0 
1 0 0 0 0 1 0 0 0 
1 0 0 0 0 0 1 0 0 
1 1 0 0 0 0 0 0 0 
0 1 0 1 0 0 0 0 0 
0 0 0 1 0 0 0 1 0 
1 0 0 0 0 0 0 1 0 
0 1 0 0 1 0 0 0 0 
0 1 0 0 0 1 0 0 0 
0 0 0 0 0 0 0 1 1 
0 0 0 0 0 0 1 0 1 
0 1 0 0 0 0 0 0 1 
1 0 0 0 1 0 0 0 0 
1 0 0 0 0 1 0 0 0 
1 0 0 0 0 0 0 0 1 
0 1 0 1 0 0 0 0 0 
0 0 0 0 1 1 0 0 0 
1 0 0 1 0 0 0 0 0 
0 0 0 0 1 0 0 0 1 
0 0 0 0 0 1 0 0 1 
0 1 0 0 0 0 0 1 0 
0 1 0 0 0 0 1 0 0 
1 0 0 0 0 0 0 1 0 
1 0 0 0 0 0 1 0 0 
0 0 0 1 1 0 0 0 0 
0 0 0 1 0 1 0 0 0 
0 0 0 1 0 0 0 0 1 
1 0 0 0 1 0 0 0 0 
1 0 0 0 0 1 0 0 0 
0 1 0 0 1 0 0 0 0 
1 0 0 0 0 0 0 0 1 
0 0 0 0 0 1 0 1 0 
0 0 1 0 1 0 0 0 0 
0 0 0 0 0 1 1 0 0 
0 1 0 0 0 0 1 0 0 
0 0 1 0 0 0 0 1 0 
0 0 0 0 0 0 0 1 1 
0 1 0 0 0 0 0 0 1 
0 1 1 0 0 0 0 0 0 
1 0 0 1 0 0 0 0 0 
0 0 0 0 1 1 0 0 0 
0 0 0 1 0 0 0 1 0 
0 0 1 0 1 0 0 0 0 
1 0 0 0 0 0 0 1 0 
0 1 0 1 0 0 0 0 0 
0 0 0 0 0 1 1 0 0 
0 0 1 0 0 0 1 0 0 
0 0 0 0 0 1 0 0 1 
1 1 0 0 0 0 0 0 0 
0 1 0 0 0 1 0 0 0 
0 0 1 0 0 0 0 0 1 
0 1 0 0 0 0 0 1 0 
0 0 0 1 1 0 0 0 0 
1 0 0 0 1 0 0 0 0 
0 0 1 0 0 0 0 1 0 
0 0 0 0 1 1 0 0 0 
0 0 0 1 0 0 1 0 0 
0 0 1 0 0 0 1 0 0 
0 0 0 1 0 0 0 0 1 
1 0 0 0 0 0 1 0 0 
0 0 0 0 0 1 1 0 0 
0 1 0 0 1 0 0 0 0 
0 0 1 0 0 0 0 0 1 
1 0 0 0 0 0 0 0 1 
0 0 0 0 0 1 0 0 1 
0 0 0 1 0 0 0 1 0 
0 1 0 0 0 0 1 0 0 
0 0 1 0 0 0 0 1 0 
1 0 0 0 0 0 0 1 0 
0 0 0 0 0 1 0 1 0 
0 1 0 0 0 0 0 0 1 
0 0 0 1 1 0 0 0 0 
0 0 1 1 0 0 0 0 0 
1 0 0 1 0 0 0 0 0 
0 0 1 0 1 0 0 0 0 
0 0 0 1 0 1 0 0 0 
1 0 0 0 1 0 0 0 0 
0 0 0 0 1 1 0 0 0 
0 1 0 0 0 0 0 1 0 
0 1 0 1 0 0 0 0 0 
0 0 1 0 0 0 0 0 1 
1 0 0 0 0 0 0 0 1 
0 1 1 0 0 0 0 0 0 
0 0 0 0 0 1 0 0 1 
0 0 1 1 0 0 0 0 0 
1 1 0 0 0 0 0 0 0 
0 1 0 0 0 1 0 0 0 
1 0 0 0 0 0 1 0 0 
0 0 1 0 1 0 0 0 0 
0 0 0 0 0 1 0 1 0 
0 0 0 0 0 0 1 1 0 
0 0 1 0 0 0 0 0 1 
0 0 0 1 0 1 0 0 0 
0 0 0 1 0 0 1 0 0 
1 0 0 0 0 0 0 1 0 
0 1 1 0 0 0 0 0 0 
0 0 0 0 1 1 0 0 0 
0 0 0 0 1 0 1 0 0 
0 0 1 0 0 0 0 1 0 
1 0 0 0 1 0 0 0 0 
1 0 0 1 0 0 0 0 0 
0 0 1 1 0 0 0 0 0 
0 0 0 0 0 1 0 0 1 
0 0 0 0 0 0 1 0 1 
1 0 0 0 0 0 1 0 0 
0 1 0 0 0 1 0 0 0 
0 0 1 0 1 0 0 0 0 
0 0 0 0 0 1 0 1 0 
1 0 0 0 0 0 0 0 1 
0 0 0 1 1 0 0 0 0 
1 1 0 0 0 0 0 0 0 
0 0 1 0 0 0 0 0 1 
0 0 0 1 0 0 1 0 0 
0 0 0 0 1 1 0 0 0 
1 0 0 0 0 0 0 1 0 
0 1 1 0 0 0 0 0 0 
0 0 1 0 0 0 0 1 0 
0 0 0 1 0 1 0 0 0 
1 0 0 0 1 0 0 0 0 
0 0 1 0 1 0 0 0 0 
0 0 0 0 0 0 1 0 1 
0 1 0 0 0 0 1 0 0 
0 0 0 0 0 1 0 1 0 
0 0 0 0 0 0 1 1 0 
1 0 0 1 0 0 0 0 0 
0 1 0 0 0 0 0 0 1 
0 0 1 1 0 0 0 0 0 
0 0 0 0 1 1 0 0 0 
0 0 0 0 1 0 1 0 0 
0 0 0 0 0 0 0 1 1 
1 0 1 0 0 0 0 0 0 
1 0 0 0 0 0 0 1 0 
0 0 0 0 1 0 0 0 1 
0 1 0 0 1 0 0 0 0 
0 0 0 1 0 1 0 0 0 
1 0 0 0 0 0 0 0 1 
0 1 0 0 0 0 1 0 0 
0 0 0 0 1 1 0 0 0 
1 0 0 0 1 0 0 0 0 
0 1 0 1 0 0 0 0 0 
0 0 0 0 1 0 1 0 0 
0 1 1 0 0 0 0 0 0 
0 1 0 0 0 0 0 1 0 
0 0 0 1 0 1 0 0 0 
0 1 0 0 1 0 0 0 0 
1 0 0 1 0 0 0 0 0 
0 0 0 0 0 1 0 1 0 
0 1 0 0 0 0 1 0 0 
0 1 0 0 0 0 0 0 1 
1 0 0 0 0 0 0 1 0 
0 1 0 1 0 0 0 0 0 
0 0 0 0 0 1 0 0 1 
1 0 0 0 0 0 0 0 1 
0 1 1 0 0 0 0 0 0 
0 1 0 0 0 0 0 1 0 
0 0 1 1 0 0 0 0 0 
0 0 0 1 0 0 0 1 0 
0 1 0 0 1 0 0 0 0 
0 0 0 1 1 0 0 0 0 
0 0 1 0 0 0 0 1 0 
0 0 0 0 0 1 0 1 0 
0 1 0 0 0 0 1 0 0 
0 0 1 0 1 0 0 0 0 
0 1 0 0 0 0 0 0 1 
0 0 0 1 0 0 1 0 0 
0 0 0 1 0 0 0 0 1 
0 0 0 0 1 0 0 1 0 
1 1 0 0 0 0 0 0 0 
1 0 0 1 0 0 0 0 0 
0 0 0 0 0 1 0 0 1 
0 0 1 0 0 0 0 0 1 
0 0 0 0 0 0 1 1 0 
0 0 0 0 0 0 0 1 1 
1 0 0 0 0 0 0 1 0 
0 1 0 1 0 0 0 0 0 
0 0 0 0 1 0 1 0 0 
0 0 0 0 1 0 0 0 1 
0 0 0 1 0 0 0 1 0 
0 1 1 0 0 0 0 0 0 
0 0 0 1 1 0 0 0 0 
0 0 0 0 0 0 1 0 1 
0 0 1 1 0 0 0 0 0 
0 0 0 1 0 0 1 0 0 
1 0 0 0 0 0 0 0 1 
0 1 0 0 0 0 0 0 1 
0 0 0 0 0 1 0 0 1 
0 0 0 1 0 0 0 0 1 
1 0 0 0 0 0 0 1 0 
1 0 0 0 1 0 0 0 0 
0 0 0 1 0 1 0 0 0 
0 0 0 1 0 0 0 1 0 
1 0 1 0 0 0 0 0 0 
1 0 0 1 0 0 0 0 0 
0 1 0 1 0 0 0 0 0 
0 1 0 0 0 0 1 0 0 
0 0 1 1 0 0 0 0 0 
0 0 0 1 1 0 0 0 0 
0 1 0 0 0 0 0 0 1 
0 0 1 0 1 0 0 0 0 
0 0 0 0 1 0 0 0 1 
0 0 0 1 0 0 0 0 1 
0 0 1 0 0 0 0 0 1 
0 1 0 0 1 0 0 0 0 
0 0 0 0 0 0 1 0 1 
1 1 0 0 0 0 0 0 0 
0 1 0 1 0 0 0 0 0 
0 1 1 0 0 0 0 0 0 
0 0 0 1 1 0 0 0 0 
1 0 1 0 0 0 0 0 0 
1 0 0 1 0 0 0 0 0 
0 1 0 0 0 0 0 0 1 
0 0 1 1 0 0 0 0 0 
1 0 0 0 0 0 1 0 0 
0 0 0 1 0 0 1 0 0 
0 0 0 0 1 0 0 0 1 
0 0 0 0 0 1 0 0 1 
0 0 1 0 0 0 0 0 1 
0 0 1 0 0 0 1 0 0 
0 0 0 0 0 0 1 0 1 
1 1 0 0 0 0 0 0 0 
0 0 0 1 1 0 0 0 0 
1 0 0 0 1 0 0 0 0 
0 0 0 1 0 1 0 0 0 
0 0 0 1 0 0 0 1 0 
0 1 0 0 0 0 0 0 1 
1 0 0 1 0 0 0 0 0 
0 0 0 0 1 0 0 0 1 
0 0 0 1 0 0 1 0 0 
0 0 0 0 0 1 0 0 1 
0 0 0 0 0 0 0 1 1 
1 0 0 0 0 0 0 0 1 
0 0 1 0 0 0 0 1 0 
0 0 0 1 0 0 0 0 1 
0 0 0 0 0 0 1 0 1 
0 0 1 1 0 0 0 0 0 
1 0 1 0 0 0 0 0 0 
0 1 0 0 0 0 0 1 0 
0 0 1 0 0 0 0 0 1 
0 0 0 0 1 1 0 0 0 
0 0 0 1 0 1 0 0 0 
1 1 0 0 0 0 0 0 0 
0 0 0 0 0 1 0 1 0 
1 0 0 0 1 0 0 0 0 
0 1 0 0 0 0 0 0 1 
0 0 0 1 0 0 0 1 0 
0 0 0 0 1 0 1 0 0 
0 0 0 0 1 0 0 0 1 
0 0 0 0 0 0 0 1 1 
1 0 0 1 0 0 0 0 0 
1 0 0 0 0 0 0 0 1 
0 0 1 0 1 0 0 0 0 
0 0 0 0 0 0 1 0 1 
0 0 1 0 0 0 0 1 0 
0 0 1 0 0 0 0 0 1 
0 1 0 0 0 0 0 1 0 
0 1 0 0 0 0 0 0 1 
0 0 0 1 1 0 0 0 0 
0 0 0 0 1 0 0 0 1 
0 0 0 1 0 1 0 0 0 
0 0 0 1 0 0 0 1 0 
0 0 0 0 0 1 0 0 1 
1 0 0 0 0 0 0 0 1 
0 0 0 1 0 0 1 0 0 
1 1 0 0 0 0 0 0 0 
0 0 1 0 1 0 0 0 0 
0 1 0 1 0 0 0 0 0 
0 1 0 0 0 0 0 0 1 
0 0 0 1 1 0 0 0 0 
0 0 0 0 1 0 0 0 1 
0 0 0 0 0 1 0 0 1 
0 0 0 0 0 0 0 1 1 
0 0 0 0 0 0 1 0 1 
0 0 1 0 0 0 0 0 1 
1 0 0 0 0 0 0 0 1 
0 1 0 0 0 0 0 0 1 
0 0 0 0 1 1 0 0 0 
0 0 0 0 1 0 0 1 0 
0 0 0 0 1 0 1 0 0 
0 0 0 0 0 1 0 0 1 
0 0 0 0 0 0 0 1 1 
0 0 0 1 0 0 0 1 0 
0 0 0 0 0 0 1 0 1 
0 0 0 1 0 0 1 0 0 
0 0 1 0 0 0 0 0 1 
1 0 0 0 0 0 0 0 1 
0 1 0 0 0 0 0 0 1 
0 0 1 1 0 0 0 0 0 
1 0 0 1 0 0 0 0 0 
0 1 0 1 0 0 0 0 0 
0 0 0 0 1 0 0 1 0 
0 0 0 0 0 1 0 0 1 
0 0 0 1 0 1 0 0 0 
0 0 0 1 0 0 1 0 0 
0 0 0 1 0 0 0 1 0 
0 0 1 0 1 0 0 0 0 
1 0 0 0 1 0 0 0 0 
1 0 0 0 0 0 0 0 1 
0 1 0 1 0 0 0 0 0 
0 0 1 1 0 0 0 0 0 
0 0 0 1 0 1 0 0 0 
0 0 0 0 1 0 1 0 0 
1 0 0 1 0 0 0 0 0 
0 0 0 1 0 0 1 0 0 
0 0 0 1 0 0 0 1 0 
0 1 0 0 1 0 0 0 0 
0 0 0 0 1 1 0 0 0 
0 0 0 0 0 1 0 0 1 
0 0 0 1 0 1 0 0 0 
1 0 0 0 1 0 0 0 0 
0 1 0 1 0 0 0 0 0 
0 0 0 1 1 0 0 0 0 
0 0 0 1 0 0 0 0 1 
0 0 0 0 1 0 0 1 0 
0 0 0 1 0 0 0 1 0 
0 0 0 1 0 0 1 0 0 
1 0 0 1 0 0 0 0 0 
0 0 0 0 1 1 0 0 0 
0 0 0 0 0 1 0 0 1 
0 0 0 0 1 0 0 0 1 
0 1 0 0 0 0 0 0 1 
0 1 0 0 0 0 0 1 0 
0 0 0 0 1 0 0 1 0 
0 0 0 0 0 0 0 1 1 
0 0 0 0 1 0 1 0 0 
0 0 0 0 0 0 1 0 1 
0 0 0 0 0 0 1 1 0 
0 0 1 0 1 0 0 0 0 
0 0 1 0 0 0 0 0 1 
0 0 0 0 1 1 0 0 0 
0 0 0 0 0 1 0 0 1 
0 1 0 1 0 0 0 0 0 
0 0 0 1 1 0 0 0 0 
0 0 0 1 0 0 0 0 1 
0 0 0 1 0 0 0 1 0 
0 1 0 0 0 0 0 0 1 
0 0 0 0 1 0 0 0 1 
0 0 0 1 0 0 1 0 0 
0 0 0 0 0 0 0 1 1 
0 0 1 1 0 0 0 0 0 
0 0 0 0 0 0 1 0 1 
1 0 0 0 1 0 0 0 0 
0 0 1 0 0 0 0 0 1 
0 0 0 0 1 0 1 0 0 
0 0 0 1 0 0 0 0 1 
0 1 0 1 0 0 0 0 0 
0 0 1 0 0 0 0 1 0 
0 0 0 1 0 0 0 1 0 
0 0 0 0 1 0 0 0 1 
1 0 0 1 0 0 0 0 0 
0 0 0 1 0 1 0 0 0 
0 0 0 0 0 0 0 1 1 
1 0 0 0 1 0 0 0 0 
0 0 0 1 0 0 1 0 0 
1 0 0 0 0 0 0 0 1 
0 0 0 0 0 1 0 0 1 
0 0 0 0 1 0 1 0 0 
0 0 0 0 0 0 1 0 1 
0 1 1 0 0 0 0 0 0 
1 0 0 0 0 0 0 1 0 
0 0 1 1 0 0 0 0 0 
0 1 0 0 0 0 0 0 1 
0 0 0 1 0 0 0 0 1 
1 0 0 1 0 0 0 0 0 
1 0 1 0 0 0 0 0 0 
0 0 0 0 1 0 0 1 0 
0 0 0 1 0 0 1 0 0 
0 0 0 0 0 0 0 1 1 
0 1 0 0 0 0 0 0 1 
0 0 0 1 0 0 0 0 1 
1 0 1 0 0 0 0 0 0 
0 0 0 1 0 0 0 1 0 
0 0 0 0 0 0 0 1 1 
1 0 0 1 0 0 0 0 0 
0 0 0 1 0 0 0 0 1 
0 0 0 0 0 0 0 1 1 
1 1 1 1 1 1 0 1 1 
;
TIMETABLE BEST: 
0.0 0.0 0.0 0.0 0.0 0.0 0.0 0.0 0.0 
0 14 0 0 0 0 0 0 0 
0 14 17 0 0 0 0 0 0 
0 14 17 18 0 0 0 0 0 
0 14 17 18 24 0 0 0 0 
0 14 17 18 24 24 0 0 0 
0 14 17 18 24 24 26 0 0 
17 14 17 18 24 24 26 0 0 
17 14 17 18 24 24 26 0 0 
17 14 17 33 24 24 26 0 0 
17 14 17 33 24 24 26 18 0 
17 14 17 33 24 24 26 18 0 
17 14 17 33 24 24 26 18 0 
17 14 17 33 24 24 26 38 0 
17 14 17 33 24 24 39 38 0 
17 14 17 33 24 24 39 38 26 
17 14 17 33 24 24 39 38 26 
17 14 17 33 24 24 39 38 26 
17 14 17 33 24 24 39 38 26 
17 14 17 33 24 24 39 38 26 
17 14 17 33 24 24 39 38 26 
17 14 17 33 24 24 39 38 26 
17 14 17 33 24 24 39 38 26 
17 14 17 33 24 24 39 38 26 
17 14 17 33 24 24 39 38 26 
17 14 17 33 24 24 39 38 26 
17 14 17 33 24 24 39 38 26 
17 14 17 33 24 24 39 38 26 
17 14 17 33 24 24 39 38 26 
17 14 17 33 24 24 39 38 26 
17 14 17 33 24 24 39 38 26 
36 14 17 33 24 24 39 38 26 
36 14 17 33 24 24 39 38 26 
36 14 17 33 46 24 39 38 26 
36 14 17 33 46 24 39 38 26 
36 14 17 33 46 24 39 38 26 
36 14 17 33 46 24 39 38 26 
36 14 17 33 46 24 39 38 26 
36 14 17 33 46 24 50 38 26 
36 14 26 33 46 24 50 38 26 
36 14 26 33 46 24 50 38 26 
36 14 26 33 46 24 50 38 52 
36 41 26 33 46 24 50 38 52 
36 41 26 33 46 24 50 38 52 
36 41 26 33 46 24 50 38 52 
36 41 26 33 46 24 50 38 52 
36 41 26 33 46 24 50 38 52 
36 41 26 33 46 24 50 38 52 
36 41 26 33 46 24 50 38 52 
36 41 26 33 46 24 50 38 52 
36 41 26 33 46 24 50 38 52 
36 41 26 33 46 24 50 38 52 
36 41 26 33 46 24 50 38 52 
36 41 26 33 46 36 50 38 52 
36 41 26 33 46 36 50 38 52 
36 41 26 33 46 36 50 38 52 
36 41 26 33 46 36 50 38 52 
36 41 26 33 46 36 50 38 52 
36 41 26 33 46 36 50 56 52 
36 41 26 33 46 36 50 56 52 
36 41 26 33 46 36 50 56 52 
36 41 35 33 46 36 50 56 52 
36 41 35 33 46 36 50 56 52 
36 41 35 33 46 36 50 56 52 
36 41 35 33 46 36 50 56 52 
36 41 35 33 46 36 50 56 52 
36 41 35 33 46 36 50 56 52 
36 41 35 33 46 36 50 56 52 
36 41 35 33 46 36 50 56 52 
36 41 35 33 46 36 50 56 52 
36 41 35 33 46 36 50 56 52 
36 41 35 33 46 36 50 56 52 
36 41 35 33 46 36 50 56 52 
36 41 35 33 46 36 50 56 52 
36 41 35 33 46 36 50 56 52 
36 41 35 33 60 36 50 56 52 
36 41 35 59 60 36 50 56 52 
36 41 35 59 60 36 50 56 52 
36 41 35 59 60 36 50 56 52 
36 41 35 59 60 36 50 56 52 
36 41 35 59 60 36 50 56 52 
36 41 35 59 60 36 50 56 52 
36 41 35 59 60 36 50 56 52 
36 41 35 59 60 36 50 56 52 
36 41 35 59 60 36 50 56 65 
36 41 35 59 60 36 50 56 65 
36 66 35 59 60 36 50 56 65 
36 66 35 59 60 36 50 56 65 
36 66 44 59 60 36 50 56 65 
36 66 44 59 60 36 50 56 65 
36 66 44 59 60 36 50 56 65 
54 66 44 59 60 36 50 56 65 
54 66 44 59 60 36 50 56 65 
54 66 44 59 60 50 50 56 65 
54 66 44 59 60 50 50 56 65 
54 66 44 59 60 50 50 56 65 
54 66 44 59 60 50 50 56 65 
54 66 44 59 60 50 50 56 65 
54 66 44 59 60 50 50 56 65 
54 66 44 59 60 50 50 56 65 
54 66 44 59 60 50 50 56 65 
54 66 44 59 60 50 50 56 65 
54 66 44 59 60 50 50 68 65 
54 66 44 59 60 50 50 68 65 
54 66 44 59 60 50 50 68 65 
54 66 56 59 60 50 50 68 65 
54 66 56 59 60 50 50 68 65 
54 66 56 59 60 50 50 68 65 
54 66 56 59 60 50 62 68 65 
54 66 56 59 60 50 62 68 65 
54 66 56 59 60 50 62 68 65 
54 66 56 59 60 50 62 68 65 
54 66 56 59 60 50 62 68 65 
54 66 56 59 60 50 62 68 65 
54 66 56 59 60 50 62 68 65 
54 66 56 59 60 50 62 68 65 
54 66 56 59 60 50 62 68 65 
54 66 56 59 71 50 62 68 65 
54 66 56 59 71 50 62 68 65 
54 66 56 59 71 50 62 68 65 
54 66 56 59 71 50 62 68 65 
54 66 56 77 71 50 62 68 65 
54 66 56 77 71 50 62 68 65 
54 66 56 77 71 50 62 68 65 
54 66 56 77 71 50 62 68 65 
54 66 56 77 71 50 62 68 65 
54 66 56 77 71 61 62 68 65 
54 66 56 77 71 61 62 68 65 
54 66 56 77 71 61 62 68 65 
54 66 56 77 71 61 62 68 65 
54 66 56 77 71 61 62 68 65 
54 66 56 77 71 61 62 68 65 
54 66 56 77 71 61 62 68 65 
54 66 56 77 71 61 62 68 65 
54 66 80 77 71 61 62 68 65 
54 66 80 77 71 61 62 80 65 
54 66 80 77 71 61 62 80 65 
54 66 80 77 71 61 62 80 65 
54 66 80 77 71 61 62 80 65 
54 66 80 77 71 61 62 80 85 
54 66 80 77 71 61 74 80 85 
54 66 80 77 71 70 74 80 85 
72 66 80 77 71 70 74 80 85 
72 66 80 77 71 70 74 80 85 
72 66 80 77 71 70 74 80 85 
72 66 80 77 71 70 74 80 85 
72 66 80 77 71 70 74 80 85 
72 66 80 77 71 70 74 80 85 
72 66 80 77 82 70 74 80 85 
72 66 80 77 82 70 74 80 85 
72 66 80 77 82 70 74 80 85 
72 66 80 77 82 70 85 80 85 
72 66 80 77 82 70 85 80 85 
72 66 80 77 82 70 85 80 85 
72 77 80 77 82 70 85 80 85 
72 77 80 77 82 70 85 80 85 
72 77 80 77 82 70 85 80 85 
72 77 80 77 82 70 85 80 85 
72 77 80 77 82 70 85 80 85 
72 77 80 77 82 70 85 80 85 
72 77 80 77 82 70 85 80 85 
72 77 80 77 82 70 85 80 85 
72 77 80 77 82 70 85 80 85 
72 77 80 77 82 70 85 80 85 
72 77 80 77 82 79 85 80 85 
72 77 80 77 82 79 85 80 85 
72 77 80 77 82 79 85 80 85 
72 77 80 77 82 79 85 80 85 
72 77 80 77 82 79 85 80 85 
72 77 80 77 82 79 85 80 85 
72 77 80 77 82 79 85 80 85 
87 77 80 77 82 79 85 80 85 
87 77 80 77 82 79 85 80 85 
87 77 80 77 82 79 85 80 85 
87 77 80 77 82 79 85 80 85 
87 77 80 77 82 79 85 80 85 
87 77 80 77 82 79 85 80 85 
87 77 80 77 82 79 85 80 85 
87 90 80 77 82 79 85 80 85 
87 90 80 77 82 79 85 80 85 
87 90 80 77 82 79 85 80 85 
87 90 80 77 82 79 85 92 85 
87 90 80 77 82 79 85 92 85 
87 90 80 77 93 79 85 92 85 
87 90 80 77 93 79 85 92 85 
87 90 95 77 93 79 85 92 85 
87 90 95 77 93 79 96 92 85 
87 90 95 77 93 79 96 92 85 
87 90 95 77 93 79 96 92 85 
87 90 95 77 93 90 96 92 85 
87 90 95 77 93 90 96 92 98 
87 90 95 77 93 90 96 92 98 
87 90 95 77 93 90 96 92 98 
87 90 95 77 93 104 96 92 98 
87 90 95 77 93 104 96 104 98 
87 90 95 77 93 104 96 104 98 
106 90 95 77 93 104 96 104 98 
106 90 95 94 93 104 96 104 98 
106 90 95 94 93 104 96 104 98 
106 90 95 94 93 104 96 104 98 
106 90 95 94 93 104 96 104 98 
106 90 95 94 93 104 96 104 98 
106 90 95 94 93 104 96 104 98 
106 90 95 94 93 104 96 104 98 
106 90 95 94 93 104 96 104 98 
106 90 95 94 93 104 96 104 98 
106 90 95 94 104 104 96 104 98 
106 90 95 94 104 104 96 104 98 
106 90 95 94 104 104 96 104 98 
106 103 95 94 104 104 96 104 98 
106 103 95 94 104 104 96 104 98 
106 103 95 94 104 104 96 104 98 
106 103 95 94 104 104 96 104 98 
106 103 95 94 104 104 96 104 98 
106 103 95 94 104 104 96 104 98 
106 103 95 106 104 104 96 104 98 
106 103 95 106 104 104 96 104 98 
106 103 95 106 104 104 96 104 98 
106 103 95 106 104 104 96 104 98 
106 103 95 106 104 104 96 104 98 
106 103 95 106 104 104 96 104 108 
106 103 110 106 104 104 96 104 108 
106 103 110 106 104 104 96 104 108 
106 103 110 106 104 104 96 104 108 
106 103 110 106 104 104 96 104 108 
106 103 110 106 104 104 96 104 108 
106 103 110 106 104 104 96 104 108 
106 103 110 106 104 104 96 104 108 
106 103 110 106 104 104 96 104 108 
106 103 110 106 104 104 96 104 108 
106 103 110 106 104 104 96 104 108 
106 103 110 106 104 104 107 104 108 
106 103 110 106 104 104 107 104 108 
106 103 110 106 104 104 107 104 108 
106 103 110 106 104 104 107 104 108 
106 103 110 106 104 104 107 104 108 
106 103 110 106 104 104 107 104 108 
106 103 110 106 104 104 107 104 108 
106 103 110 106 104 104 107 104 108 
106 103 110 106 104 104 107 104 108 
106 114 110 106 104 104 107 104 108 
106 114 110 106 104 104 107 104 108 
106 114 110 106 115 104 107 104 108 
106 114 110 118 115 104 107 104 108 
106 114 110 118 115 104 107 104 108 
106 114 110 118 115 116 107 104 108 
106 114 110 118 115 116 107 104 108 
106 114 110 118 115 116 107 104 108 
106 114 110 118 115 116 107 104 108 
106 114 110 118 115 116 107 104 108 
106 114 110 118 115 116 107 104 108 
106 114 110 118 115 116 107 104 119 
106 114 110 118 115 116 107 104 119 
106 114 110 118 115 116 107 104 119 
106 114 110 118 115 116 107 104 119 
106 114 110 118 115 116 107 104 119 
106 114 110 118 115 116 107 117 119 
106 114 110 118 115 116 107 117 119 
106 114 110 118 115 116 107 117 119 
106 114 110 118 115 116 107 117 119 
106 114 110 118 115 116 107 117 119 
106 114 110 118 115 116 107 117 119 
106 114 110 118 115 116 107 117 119 
106 114 110 118 115 116 107 117 119 
106 114 110 118 115 116 107 117 119 
106 114 110 118 115 116 107 117 130 
106 114 110 118 115 116 118 117 130 
125 114 110 118 115 116 118 117 130 
125 114 124 118 115 116 118 117 130 
125 114 124 130 115 116 118 117 130 
125 114 124 130 115 116 118 117 130 
125 114 124 130 115 116 118 117 130 
125 114 124 130 115 116 118 117 130 
125 114 124 130 115 116 118 117 130 
125 114 124 130 115 116 118 117 130 
125 114 124 130 115 116 118 117 130 
125 114 124 130 115 116 118 117 130 
125 114 124 130 115 116 118 117 130 
125 125 124 130 115 116 118 117 130 
125 125 124 130 139 116 118 117 130 
125 125 124 130 139 116 118 117 130 
125 125 124 130 139 116 118 117 130 
125 125 124 130 139 127 118 117 130 
125 125 124 130 139 127 118 117 141 
125 125 124 142 139 127 118 117 141 
125 125 124 142 139 127 118 117 141 
125 125 124 142 139 127 118 117 141 
125 125 124 142 139 127 118 117 141 
125 125 124 142 139 127 118 117 141 
125 125 124 142 139 127 118 117 141 
125 125 124 142 139 127 118 117 141 
125 125 124 142 139 127 118 117 141 
125 125 124 142 139 127 118 117 141 
125 125 124 142 139 127 118 130 141 
125 125 124 142 139 127 118 130 141 
125 125 124 142 139 127 118 130 141 
125 125 124 142 139 127 129 130 141 
125 125 124 142 139 127 129 130 141 
125 125 135 142 139 127 129 130 141 
125 125 135 142 152 127 129 130 141 
125 125 135 142 152 127 129 130 152 
125 136 135 142 152 127 129 130 152 
125 136 135 142 152 127 129 130 152 
125 136 135 142 152 136 129 130 152 
125 136 135 142 152 136 129 130 152 
140 136 135 142 152 136 129 130 152 
140 136 135 142 152 136 142 130 152 
140 136 135 142 152 136 142 142 152 
140 136 135 142 152 136 142 142 152 
140 136 135 142 152 136 142 142 152 
140 136 135 142 152 136 142 142 152 
140 136 135 142 152 148 142 142 152 
140 136 135 142 152 148 142 142 152 
140 152 135 142 152 148 142 142 152 
140 152 135 142 152 148 142 142 152 
140 152 135 142 152 148 142 142 152 
140 152 135 142 152 148 142 142 152 
140 152 135 142 152 148 142 154 152 
140 152 135 142 152 148 156 154 152 
140 152 135 160 152 148 156 154 152 
140 152 135 160 152 148 156 154 152 
140 152 135 160 152 148 156 154 152 
140 152 135 160 152 148 156 154 152 
140 152 135 160 152 148 156 154 152 
140 152 135 160 152 148 156 154 152 
140 152 135 160 152 148 156 154 152 
140 152 135 160 152 148 156 154 152 
140 152 135 160 152 148 156 154 152 
140 152 135 160 152 148 156 154 152 
140 152 135 160 152 148 156 154 152 
140 152 159 160 152 148 156 154 152 
140 152 159 160 152 148 156 154 152 
140 152 159 160 152 159 156 154 152 
140 152 159 160 152 159 156 154 152 
140 152 159 160 152 159 156 154 152 
140 152 159 160 152 159 156 154 152 
140 152 159 160 152 159 156 154 152 
140 152 159 160 152 159 156 154 152 
140 152 159 160 152 159 156 154 163 
140 152 159 160 152 159 156 154 163 
140 152 159 160 152 159 156 154 163 
140 152 159 160 152 159 156 154 163 
140 152 159 160 152 159 156 154 163 
140 152 159 160 152 159 156 154 163 
168 152 159 160 152 159 156 154 163 
168 152 159 160 152 159 156 154 163 
168 152 159 160 152 159 170 154 163 
168 152 159 160 152 159 170 154 163 
168 165 159 160 152 159 170 154 163 
168 165 159 160 152 159 170 166 163 
168 165 159 160 152 159 170 166 163 
168 165 159 160 162 159 170 166 163 
168 165 159 160 162 159 170 166 163 
168 165 159 160 162 168 170 166 163 
168 165 159 160 162 168 170 166 163 
168 165 159 160 162 168 170 166 163 
168 165 159 160 162 168 170 166 163 
168 165 159 160 162 168 170 166 163 
168 165 159 160 162 168 170 166 163 
168 165 159 160 162 168 170 166 163 
168 165 159 160 162 168 170 166 163 
168 178 159 160 162 168 170 166 163 
168 178 159 160 162 168 170 166 163 
168 178 159 178 162 168 170 166 163 
168 178 159 178 162 168 170 166 163 
168 178 159 178 162 168 170 166 163 
168 178 159 178 162 168 170 166 163 
188 178 159 178 162 168 170 166 163 
188 178 159 178 162 168 170 185 163 
188 178 159 178 162 168 170 185 163 
188 178 159 178 162 168 170 185 163 
188 178 159 178 162 168 170 185 174 
188 178 159 178 162 168 170 185 174 
188 178 172 178 162 168 170 185 174 
188 178 172 178 162 168 170 185 174 
188 178 172 178 162 168 170 185 174 
188 178 172 178 162 168 170 185 174 
188 178 172 198 162 168 170 185 174 
188 178 172 198 162 168 170 204 208 
224.0 204.0 268.0 252.0 268.0 192.0 170.0 266.0 266.0 
;
EXECUTION TIME HBSS: 12141.7769771 seconds 

-------------------------------------------------------------------
