DATFILE : bwopen0_2r_1000.dat
ENVIRONMENT : bwopen
ALGORITHM : HBSS - TAU 2
RANGE : 1000
STARTING_POS : 0
N_ROBOTS : 2
GREEDY SOLUTION : [ 5074.]
COMPUTATIONS D :
7620
7092
7106
6862
6522
7530
6906
6876
6994
6884
7468
7072
7232
7158
6828
6686
7234
6968
6950
7094
7132
7426
7220
6848
7060
6712
7106
7102
7334
7220
7060
7226
6906
7238
6850
7020
7132
7462
7496
7172
6710
7380
7124
6934
7600
6958
7034
6940
6968
6906
7230
6742
6954
7092
6978
7684
7054
7034
6638
7060
6844
6936
6858
6914
7222
6876
7182
7002
7196
7212
7072
7306
7536
7026
7012
6972
7496
7354
7094
6880
7340
7068
7436
7204
7188
6978
6872
7032
7064
7208
7428
7050
6828
6796
7288
6922
7088
6870
6666
7580
6958
6796
7304
6770
7236
7182
6888
7026
7136
6692
6934
7330
6916
7010
7068
6816
6858
7372
7226
7104
6762
7250
7026
6928
7212
6912
6590
6854
7360
7154
6978
7186
7254
7170
6848
7126
6984
6872
7026
7646
7226
7412
7236
6996
7104
6772
7232
7026
6662
7090
7212
6856
6614
7182
7154
7230
7002
7178
7494
6884
6992
6836
7238
7020
7510
6962
7030
6912
7290
6888
6700
7136
7648
6960
7338
6762
7224
7084
7420
7326
7396
7062
6916
7140
7138
7284
6896
6680
6832
6966
7280
6896
7366
6864
7230
7028
7192
6936
7044
6804
;
HBBS sumD : 6522
BEST_CONFIGURATIONS : 
0 0 
0 4 
0 26 
4 5 
4 22 
4 26 
22 26 
22 5 
8 5 
13 5 
13 26 
13 4 
8 4 
8 26 
8 22 
8 27 
13 27 
17 27 
17 5 
17 26 
17 4 
25 4 
18 4 
14 4 
14 0 
18 0 
25 0 
17 0 
13 0 
8 1 
26 1 
0 1 
4 1 
22 1 
22 0 
5 0 
5 1 
5 27 
26 27 
4 27 
22 27 
5 9 
26 9 
26 24 
22 24 
8 24 
8 10 
13 10 
25 10 
25 24 
17 24 
13 24 
13 6 
17 6 
18 6 
14 6 
14 21 
25 21 
25 3 
18 3 
14 3 
15 3 
15 21 
10 21 
10 7 
14 7 
9 7 
9 21 
9 3 
10 3 
11 3 
11 21 
12 21 
12 3 
12 7 
16 7 
23 7 
20 7 
19 7 
19 21 
16 24 
16 15 
16 10 
20 10 
20 9 
23 10 
23 6 
20 6 
19 6 
19 24 
19 10 
15 10 
15 9 
15 22 
10 22 
10 26 
10 5 
15 5 
14 5 
18 5 
18 26 
14 26 
14 22 
18 22 
18 8 
19 8 
19 13 
19 17 
19 25 
20 25 
23 25 
16 25 
12 25 
12 17 
12 13 
16 13 
16 8 
12 8 
12 22 
12 26 
16 26 
23 11 
20 11 
19 11 
15 11 
10 11 
24 11 
6 11 
2 11 
2 6 
2 21 
2 3 
2 7 
21 7 
3 7 
3 21 
7 6 
7 24 
21 24 
3 24 
3 6 
21 6 
6 24 
6 10 
6 15 
2 15 
2 10 
2 24 
6 9 
24 9 
10 9 
10 24 
15 24 
14 24 
25 6 
25 2 
13 3 
13 21 
17 21 
8 7 
8 21 
8 6 
22 6 
5 6 
5 21 
26 21 
4 21 
4 6 
26 6 
0 6 
0 21 
0 3 
26 3 
4 3 
22 3 
5 3 
5 7 
26 7 
4 7 
22 7 
22 21 
22 11 
26 11 
5 11 
4 11 
4 24 
0 24 
4 10 
22 9 
4 9 
27 9 
27 10 
27 15 
27 14 
1 14 
1 18 
1 25 
1 13 
1 17 
2 17 
2 13 
2 22 
2 26 
2 5 
2 4 
2 0 
2 1 
2 27 
2 9 
2 14 
2 19 
2 20 
2 23 
2 16 
2 12 
27 16 
27 12 
1 12 
1 16 
1 23 
0 23 
0 20 
26 20 
26 23 
22 16 
8 23 
8 20 
22 20 
4 20 
4 23 
4 16 
4 12 
0 12 
0 7 
1 7 
27 7 
27 21 
27 3 
1 3 
1 21 
1 11 
27 11 
27 6 
27 24 
1 10 
1 27 
1 9 
1 24 
1 15 
0 15 
0 10 
0 9 
4 15 
26 15 
8 15 
8 14 
13 14 
13 18 
17 18 
17 14 
17 15 
17 10 
17 9 
13 9 
8 9 
8 11 
9 11 
14 11 
18 11 
25 11 
25 9 
14 9 
18 9 
18 10 
14 10 
14 15 
18 15 
18 14 
25 14 
25 15 
13 15 
13 25 
13 17 
8 13 
8 17 
8 25 
22 25 
26 25 
5 25 
27 25 
18 25 
17 25 
17 22 
19 22 
19 26 
19 5 
19 1 
20 1 
20 27 
23 9 
16 9 
12 9 
12 10 
12 14 
16 14 
23 14 
20 18 
23 18 
16 18 
12 18 
16 17 
23 17 
23 13 
20 13 
20 5 
23 5 
16 5 
23 22 
23 27 
19 27 
19 9 
19 15 
19 14 
20 14 
20 15 
23 15 
12 15 
7 15 
7 18 
7 17 
7 13 
11 13 
11 17 
3 17 
3 8 
2 8 
0 8 
0 27 
0 11 
0 16 
11 16 
11 12 
11 7 
6 12 
6 16 
21 16 
21 23 
3 20 
3 23 
3 16 
21 20 
3 19 
21 18 
7 25 
24 18 
2 18 
24 5 
12 5 
20 24 
23 24 
12 24 
12 19 
16 23 
16 20 
23 20 
16 19 
12 16 
12 23 
12 20 
23 19 
20 19 
20 17 
19 18 
27 18 
26 5 
13 22 
19 4 
19 0 
6 1 
0 0 
;
ROBOT MOVING BEST:
0 0 
1 1 
1 1 
1 1 
1 1 
1 1 
1 1 
1 1 
1 1 
1 1 
1 1 
1 1 
1 1 
1 1 
1 1 
1 1 
1 1 
1 1 
1 1 
1 1 
1 1 
1 1 
1 1 
1 1 
1 1 
1 1 
1 1 
1 1 
1 1 
1 1 
1 1 
1 1 
1 1 
1 1 
1 1 
1 1 
1 1 
1 1 
1 1 
1 1 
1 1 
1 1 
1 1 
1 1 
1 1 
1 1 
1 1 
1 1 
1 1 
1 1 
1 1 
1 1 
1 1 
1 1 
1 1 
1 1 
1 1 
1 1 
1 1 
1 1 
1 1 
1 1 
1 1 
1 1 
1 1 
1 1 
1 1 
1 1 
1 1 
1 1 
1 1 
1 1 
1 1 
1 1 
1 1 
1 1 
1 1 
1 1 
1 1 
1 1 
1 1 
1 1 
1 1 
1 1 
1 1 
1 1 
1 1 
1 1 
1 1 
1 1 
1 1 
1 1 
1 1 
1 1 
1 1 
1 1 
1 1 
1 1 
1 1 
1 1 
1 1 
1 1 
1 1 
1 1 
1 1 
1 1 
1 1 
1 1 
1 1 
1 1 
1 1 
1 1 
1 1 
1 1 
1 1 
1 1 
1 1 
1 1 
1 1 
1 1 
1 1 
1 1 
1 1 
1 1 
1 1 
1 1 
1 1 
1 1 
1 1 
1 1 
1 1 
1 1 
1 1 
1 1 
1 1 
1 1 
1 1 
1 1 
1 1 
1 1 
1 1 
1 1 
1 1 
1 1 
1 1 
1 1 
1 1 
1 1 
1 1 
1 1 
1 1 
1 1 
1 1 
1 1 
1 1 
1 1 
1 1 
1 1 
1 1 
1 1 
1 1 
1 1 
1 1 
1 1 
1 1 
1 1 
1 1 
1 1 
1 1 
1 1 
1 1 
1 1 
1 1 
1 1 
1 1 
1 1 
1 1 
1 1 
1 1 
1 1 
1 1 
1 1 
1 1 
1 1 
1 1 
1 1 
1 1 
1 1 
1 1 
1 1 
1 1 
1 1 
1 1 
1 1 
1 1 
1 1 
1 1 
1 1 
1 1 
1 1 
1 1 
1 1 
1 1 
1 1 
1 1 
1 1 
1 1 
1 1 
1 1 
1 1 
1 1 
1 1 
1 1 
1 1 
1 1 
1 1 
1 1 
1 1 
1 1 
1 1 
1 1 
1 1 
1 1 
1 1 
1 1 
1 1 
1 1 
1 1 
1 1 
1 1 
1 1 
1 1 
1 1 
1 1 
1 1 
1 1 
1 1 
1 1 
1 1 
1 1 
1 1 
1 1 
1 1 
1 1 
1 1 
1 1 
1 1 
1 1 
1 1 
1 1 
1 1 
1 1 
1 1 
1 1 
1 1 
1 1 
1 1 
1 1 
1 1 
1 1 
1 1 
1 1 
1 1 
1 1 
1 1 
1 1 
1 1 
1 1 
1 1 
1 1 
1 1 
1 1 
1 1 
1 1 
1 1 
1 1 
1 1 
1 1 
1 1 
1 1 
1 1 
1 1 
1 1 
1 1 
1 1 
1 1 
1 1 
1 1 
1 1 
1 1 
1 1 
1 1 
1 1 
1 1 
1 1 
1 1 
1 1 
1 1 
1 1 
1 1 
1 1 
1 1 
1 1 
1 1 
1 1 
1 1 
1 1 
1 1 
1 1 
1 1 
1 1 
1 1 
1 1 
1 1 
1 1 
1 1 
1 1 
1 1 
1 1 
1 1 
1 1 
1 1 
1 1 
1 1 
1 1 
1 1 
1 1 
1 1 
1 1 
1 1 
1 1 
1 1 
1 1 
1 1 
1 1 
1 1 
1 1 
1 1 
1 1 
1 1 
1 1 
1 1 
1 1 
1 1 
1 1 
1 1 
1 1 
1 1 
1 1 
1 1 
1 1 
1 1 
1 1 
1 1 
1 1 
1 1 
1 1 
1 1 
1 1 
1 1 
1 1 
1 1 
1 1 
1 1 
1 1 
1 1 
1 1 
1 1 
1 1 
1 1 
1 1 
1 1 
1 1 
1 1 
1 1 
1 1 
1 1 
1 1 
1 1 
1 1 
;
TIMETABLE BEST: 
0.0 0.0 
0 14 
0 25 
14 34 
14 46 
14 57 
26 57 
26 66 
38 66 
51 66 
51 75 
51 86 
64 86 
64 97 
64 108 
64 139 
77 139 
88 139 
88 160 
88 169 
88 180 
100 180 
113 180 
124 180 
124 194 
135 194 
148 194 
160 194 
171 194 
184 212 
207 212 
224 212 
238 212 
250 212 
250 230 
262 230 
262 248 
262 263 
271 263 
282 263 
294 263 
306 278 
315 278 
315 293 
326 293 
338 293 
338 306 
351 306 
364 306 
364 319 
376 319 
387 319 
387 332 
398 332 
415 332 
426 332 
426 344 
442 344 
442 356 
455 356 
466 356 
479 356 
479 368 
490 368 
490 380 
508 380 
524 380 
524 392 
524 404 
538 404 
559 404 
559 416 
586 416 
586 428 
586 444 
597 444 
608 444 
618 444 
631 444 
631 456 
665 481 
665 505 
665 516 
686 516 
686 530 
696 544 
696 570 
706 570 
719 570 
719 583 
719 596 
743 596 
743 610 
743 634 
754 634 
754 645 
754 654 
765 654 
778 654 
789 654 
789 663 
800 663 
800 674 
811 674 
811 686 
831 686 
831 699 
831 710 
831 722 
844 722 
854 722 
865 722 
876 722 
876 734 
876 745 
887 745 
887 758 
898 758 
898 770 
898 781 
909 781 
920 837 
930 837 
943 837 
967 837 
978 837 
991 837 
1004 837 
1022 837 
1022 854 
1022 866 
1022 878 
1022 894 
1048 894 
1060 894 
1060 906 
1076 918 
1076 931 
1088 931 
1100 931 
1100 944 
1112 944 
1124 957 
1124 970 
1124 981 
1142 981 
1142 992 
1142 1005 
1160 1020 
1173 1020 
1186 1020 
1186 1035 
1197 1035 
1210 1035 
1226 1048 
1226 1066 
1239 1088 
1239 1100 
1250 1100 
1274 1112 
1274 1124 
1274 1136 
1286 1136 
1298 1136 
1298 1148 
1307 1148 
1318 1148 
1318 1160 
1329 1160 
1346 1160 
1346 1172 
1346 1184 
1363 1184 
1374 1184 
1386 1184 
1398 1184 
1398 1200 
1407 1200 
1418 1200 
1430 1200 
1430 1212 
1430 1231 
1441 1231 
1450 1231 
1464 1231 
1464 1249 
1478 1249 
1492 1262 
1504 1276 
1516 1276 
1549 1276 
1549 1290 
1549 1301 
1549 1314 
1564 1314 
1564 1325 
1564 1338 
1564 1351 
1564 1362 
1584 1362 
1584 1373 
1584 1392 
1584 1403 
1584 1412 
1584 1426 
1584 1440 
1584 1458 
1584 1473 
1584 1488 
1584 1504 
1584 1533 
1584 1546 
1584 1556 
1584 1567 
1584 1578 
1603 1589 
1603 1600 
1618 1600 
1618 1611 
1618 1622 
1636 1622 
1636 1632 
1653 1632 
1653 1642 
1664 1653 
1676 1664 
1676 1674 
1688 1674 
1700 1674 
1700 1684 
1700 1695 
1700 1706 
1714 1706 
1714 1724 
1732 1724 
1747 1724 
1747 1736 
1747 1748 
1762 1748 
1762 1760 
1762 1779 
1777 1779 
1777 1796 
1777 1809 
1792 1822 
1792 1849 
1792 1864 
1792 1879 
1792 1903 
1810 1903 
1810 1914 
1810 1928 
1824 1949 
1835 1949 
1858 1949 
1858 1962 
1871 1962 
1871 1973 
1882 1973 
1882 1984 
1882 1997 
1882 2008 
1882 2022 
1893 2022 
1906 2022 
1906 2047 
1938 2047 
1954 2047 
1965 2047 
1978 2047 
1978 2072 
1994 2072 
2005 2072 
2005 2086 
2016 2086 
2016 2097 
2027 2097 
2027 2110 
2040 2110 
2040 2123 
2053 2123 
2053 2146 
2053 2158 
2066 2169 
2066 2180 
2066 2192 
2078 2192 
2089 2192 
2098 2192 
2119 2192 
2161 2192 
2178 2192 
2178 2224 
2213 2224 
2213 2235 
2213 2244 
2213 2262 
2226 2262 
2226 2277 
2236 2292 
2247 2292 
2258 2292 
2258 2306 
2258 2324 
2269 2324 
2280 2324 
2290 2335 
2300 2335 
2311 2335 
2322 2335 
2333 2352 
2344 2352 
2344 2363 
2354 2363 
2354 2394 
2364 2394 
2375 2394 
2386 2406 
2386 2437 
2409 2437 
2409 2452 
2409 2473 
2409 2486 
2422 2486 
2422 2499 
2432 2499 
2454 2499 
2472 2499 
2472 2517 
2472 2534 
2472 2545 
2497 2545 
2497 2556 
2528 2556 
2528 2580 
2550 2580 
2586 2580 
2586 2623 
2586 2661 
2586 2691 
2657 2691 
2657 2702 
2657 2720 
2674 2738 
2674 2749 
2686 2749 
2686 2760 
2698 2770 
2698 2780 
2698 2791 
2710 2812 
2722 2825 
2734 2845 
2746 2858 
2777 2871 
2796 2871 
2815 2910 
2860 2910 
2892 2945 
2902 2945 
2924 2945 
2924 2983 
2935 3006 
2935 3016 
2946 3016 
2957 3029 
2968 3063 
2968 3074 
2968 3084 
2990 3097 
3000 3097 
3000 3132 
3013 3149 
3063 3149 
3085 3188 
3115 3200 
3161 3212 
3161 3226 
3206 3244 
3260.0 3262.0 
;
EXECUTION TIME HBSS: 407.605153084 seconds 

-------------------------------------------------------------------
