DATFILE : bwopen0_5r_1000.dat
ENVIRONMENT : bwopen
ALGORITHM : HBSS - TAU 3
RANGE : 1000
STARTING_POS : 0
N_ROBOTS : 5
GREEDY SOLUTION : [ 2892.]
COMPUTATIONS D :
3232
3076
3442
3210
2974
3194
3402
3144
3036
2932
3238
3246
3170
3106
3268
3114
3286
3128
3210
3274
3272
3258
3136
3192
3200
3156
3270
3252
3150
3142
3184
3302
3046
3180
3520
3506
3362
3226
3314
3056
3332
3290
3746
3274
3040
2844
3120
3360
3232
3316
3246
3214
3142
3420
3348
3096
3182
3448
3492
3354
3128
3184
3452
3064
3176
3136
3094
3074
3142
3198
3272
3478
3394
3380
3536
3312
3360
3148
3580
3444
3236
3446
3218
3180
3398
3356
3298
3290
3396
3074
3348
3408
3138
3054
3356
3400
3356
3274
3056
3254
3108
3098
3076
3378
3268
3376
3054
3058
3600
3010
2938
3044
3038
3178
3200
3228
3288
3270
3166
3130
3130
3404
3514
3276
3144
3586
3160
3542
3328
3090
3136
3182
3394
3222
3058
3104
3198
3042
3200
3224
3244
3286
3084
3174
3146
3028
3230
3336
3390
3088
3378
3368
3260
3316
3356
3034
3218
3250
3146
3212
3134
3304
3302
3316
3354
3434
3192
3294
3158
3090
3184
3298
3410
3210
2942
2888
3244
3218
3262
3368
3328
3066
3400
3278
3250
3142
3278
3272
3196
3276
3288
3256
3186
3294
3260
3218
3210
3290
3284
3184
;
HBBS sumD : 2844
BEST_CONFIGURATIONS : 
0 0 0 0 0 
0 4 0 0 0 
0 4 26 0 0 
0 4 26 1 0 
0 4 26 1 5 
0 22 26 1 5 
4 22 26 1 5 
4 22 26 1 5 
4 22 26 1 5 
4 22 26 1 5 
4 22 26 1 5 
4 22 26 1 5 
4 22 26 1 5 
22 22 26 1 5 
22 22 26 1 5 
22 22 26 1 5 
22 22 26 2 5 
8 22 26 2 5 
8 22 26 2 5 
8 13 26 2 5 
8 13 26 2 27 
8 13 5 2 27 
8 13 5 2 27 
8 13 5 2 27 
8 13 4 2 27 
8 13 4 2 27 
8 13 4 2 27 
8 13 4 2 27 
8 13 4 2 27 
8 13 4 2 27 
8 13 4 2 27 
8 13 4 2 27 
8 13 4 2 27 
22 13 4 2 27 
22 13 4 2 27 
22 13 0 2 27 
22 17 0 2 27 
22 17 0 2 27 
22 17 0 2 27 
22 17 0 2 1 
22 17 0 2 1 
22 17 0 6 1 
22 17 0 6 1 
22 17 0 6 1 
22 17 0 6 1 
8 17 0 6 1 
8 17 0 6 1 
8 17 0 6 1 
8 17 0 6 1 
8 13 0 6 1 
8 13 0 6 1 
8 13 0 6 1 
8 13 0 21 1 
8 13 0 21 1 
8 13 0 21 1 
8 13 0 21 1 
8 25 0 21 1 
8 25 0 3 1 
8 25 22 3 1 
8 25 22 3 1 
8 25 22 3 1 
8 25 22 3 1 
8 25 22 3 1 
8 25 22 3 9 
13 25 22 3 9 
13 25 22 3 9 
13 25 22 3 9 
13 25 22 3 9 
13 25 22 3 9 
13 25 22 3 9 
17 25 22 3 9 
17 25 22 3 9 
17 25 22 3 9 
17 25 22 3 9 
17 25 22 3 9 
17 25 26 3 9 
17 25 26 3 9 
17 25 26 21 9 
17 25 26 21 9 
17 25 26 21 9 
17 25 26 21 9 
17 25 26 21 9 
17 25 5 21 9 
17 13 5 21 9 
17 13 5 21 9 
17 13 5 21 9 
17 13 5 21 9 
17 13 5 21 9 
17 13 5 21 9 
17 13 5 21 10 
17 13 5 7 10 
17 13 5 7 10 
18 13 5 7 10 
18 13 5 7 10 
18 13 5 7 10 
18 13 5 7 10 
18 13 5 7 10 
18 13 5 7 10 
18 13 5 7 10 
18 13 5 7 15 
14 13 5 7 15 
14 8 5 7 15 
14 8 26 7 15 
14 8 26 7 15 
14 8 26 7 15 
14 8 26 7 15 
14 8 26 7 15 
14 8 26 7 15 
14 22 26 7 15 
14 22 26 7 15 
14 22 4 7 15 
14 22 4 7 15 
14 22 4 7 10 
14 22 4 21 10 
14 22 4 21 10 
14 22 4 21 10 
14 22 4 21 10 
14 22 4 21 10 
14 22 4 21 10 
14 22 4 21 10 
14 22 4 3 10 
14 22 4 3 10 
14 22 4 3 10 
18 22 4 3 10 
18 22 4 3 10 
18 22 4 3 10 
18 26 4 3 10 
18 26 4 3 10 
18 26 4 3 10 
18 26 4 3 15 
18 26 4 3 15 
25 26 4 3 15 
25 26 4 3 15 
25 26 5 3 15 
25 26 5 3 15 
25 26 5 21 15 
25 26 5 21 15 
25 26 5 21 15 
25 22 5 21 15 
25 22 5 21 15 
25 22 5 21 14 
25 22 5 6 14 
25 22 5 6 14 
25 22 5 6 14 
25 22 27 6 14 
25 22 27 6 18 
17 4 27 6 18 
17 4 27 6 18 
17 4 27 6 18 
17 4 27 6 18 
17 4 27 6 18 
17 4 27 6 18 
13 4 27 6 18 
13 4 27 6 18 
13 4 27 24 18 
13 4 27 24 18 
13 22 27 24 18 
13 22 27 24 18 
13 22 27 24 14 
13 22 27 24 14 
13 22 27 10 14 
13 22 27 10 15 
13 9 27 10 15 
25 9 2 10 15 
25 9 2 10 15 
25 9 2 10 15 
25 9 2 10 15 
18 9 2 10 15 
18 9 2 10 15 
18 9 6 10 15 
18 9 6 10 15 
18 9 6 10 15 
18 9 6 10 15 
18 9 6 10 15 
18 9 6 10 15 
18 9 6 10 15 
18 9 6 24 15 
18 9 6 24 15 
18 9 6 24 15 
18 9 6 24 15 
18 9 6 24 14 
18 9 6 24 14 
18 9 6 24 14 
18 9 6 24 14 
18 9 21 24 14 
25 9 21 24 14 
25 9 21 11 14 
25 9 7 11 14 
25 9 7 11 14 
17 9 7 11 14 
17 10 7 11 14 
17 10 7 11 18 
17 10 7 11 18 
17 15 7 11 18 
17 15 7 11 18 
17 15 7 11 18 
17 15 7 11 25 
13 15 7 11 25 
13 15 7 11 25 
13 15 21 11 25 
8 15 21 11 25 
8 19 21 11 25 
8 19 3 11 25 
4 19 3 11 25 
4 19 3 12 25 
4 19 3 12 25 
4 19 3 16 25 
4 19 3 16 17 
4 19 3 16 17 
4 19 3 16 17 
4 19 3 16 13 
4 19 3 16 13 
4 19 3 16 13 
4 20 3 16 13 
4 20 3 16 13 
4 20 3 16 13 
4 20 3 12 13 
4 20 3 12 13 
4 23 3 12 13 
4 23 3 12 13 
4 23 3 12 13 
4 23 3 12 13 
4 23 21 12 13 
4 23 21 12 13 
4 23 21 12 13 
4 23 21 12 17 
4 23 21 12 17 
4 23 21 12 17 
4 23 21 16 17 
4 23 21 16 17 
4 20 21 16 17 
26 20 6 16 17 
26 20 24 16 17 
26 20 24 16 17 
26 20 24 16 17 
26 20 24 16 17 
26 20 24 16 17 
26 20 24 16 25 
5 20 24 16 25 
5 20 24 16 25 
5 20 24 16 25 
5 20 24 16 25 
5 20 24 16 25 
5 20 24 16 25 
5 23 24 16 25 
5 23 24 23 25 
5 23 24 23 25 
26 23 24 23 25 
26 23 24 23 18 
26 20 24 23 18 
26 20 6 23 18 
22 20 6 23 18 
22 20 6 23 18 
22 20 6 23 14 
22 20 6 23 14 
22 20 6 16 14 
22 20 6 16 14 
22 20 6 16 14 
22 20 6 16 14 
22 20 6 16 14 
22 20 6 12 14 
22 19 6 12 14 
22 19 6 12 14 
22 19 6 12 14 
22 19 6 12 14 
22 19 6 12 14 
22 19 2 12 14 
26 19 2 12 14 
26 19 2 12 18 
26 19 2 12 18 
26 19 2 12 18 
26 19 2 12 18 
26 19 2 12 18 
26 19 2 16 18 
26 19 2 16 18 
26 19 2 16 18 
5 19 2 16 18 
5 20 2 16 18 
1 20 2 16 18 
1 20 2 23 18 
1 20 2 23 15 
1 20 27 23 15 
1 20 27 23 15 
1 20 27 23 15 
1 20 27 23 10 
1 20 27 23 10 
1 20 27 23 10 
1 20 27 23 10 
1 19 27 23 10 
1 19 27 23 10 
1 19 27 23 10 
1 19 27 23 10 
1 19 27 23 10 
1 19 27 23 10 
1 19 27 16 10 
1 19 27 16 10 
1 19 27 16 10 
1 19 9 16 10 
1 19 9 16 15 
1 19 9 16 15 
1 19 9 16 15 
1 19 9 12 15 
0 19 9 12 15 
0 20 9 12 15 
0 20 9 12 15 
0 20 9 12 15 
0 20 9 12 15 
0 20 9 12 15 
0 20 9 12 15 
0 20 9 12 15 
0 23 9 12 15 
0 23 9 12 15 
0 23 9 12 15 
0 23 9 16 15 
0 23 9 16 15 
0 23 24 16 15 
0 23 24 16 10 
0 23 24 16 10 
0 23 24 16 10 
0 23 24 16 10 
0 23 24 16 14 
0 23 11 16 14 
8 23 11 16 14 
8 23 11 16 14 
8 23 11 16 14 
8 23 11 16 14 
8 12 11 16 14 
8 7 11 16 14 
8 7 11 12 14 
8 7 11 12 14 
8 7 11 12 18 
22 7 11 12 18 
22 7 24 12 18 
22 7 24 12 18 
5 7 24 12 18 
5 7 10 12 18 
5 7 10 23 18 
5 7 10 20 18 
5 7 10 20 19 
5 7 10 20 19 
5 21 10 20 19 
4 21 10 20 19 
4 11 10 20 19 
8 11 10 20 19 
8 11 24 20 19 
8 11 24 20 19 
8 11 6 20 19 
8 11 6 20 10 
8 24 6 20 10 
8 24 6 11 10 
26 24 6 11 10 
26 24 21 11 10 
5 24 21 11 10 
5 24 21 6 10 
5 24 3 6 10 
5 24 3 6 10 
5 2 3 6 24 
5 2 7 6 24 
5 2 7 6 24 
1 2 7 6 24 
1 2 7 6 24 
1 2 7 6 11 
1 2 7 7 11 
1 2 7 7 11 
1 2 21 7 11 
1 27 21 7 11 
1 27 21 7 11 
1 27 21 7 11 
1 27 21 7 11 
1 27 3 7 11 
1 27 3 7 21 
0 27 3 7 21 
0 27 3 3 21 
0 2 3 3 21 
0 2 3 3 21 
0 27 3 3 12 
4 9 3 3 12 
4 14 3 1 12 
0 18 3 1 12 
0 0 0 0 0 
;
ROBOT MOVING BEST:
0 0 0 0 0 
1 1 0 0 0 
1 0 1 0 0 
1 0 0 1 0 
1 0 0 0 1 
1 1 0 0 0 
1 0 1 0 0 
1 0 0 1 0 
0 0 1 1 0 
1 0 0 0 1 
1 1 0 0 0 
0 0 1 0 1 
0 0 0 1 1 
1 0 1 0 0 
1 0 0 1 0 
1 0 0 0 1 
0 0 1 1 0 
1 0 1 0 0 
1 0 0 0 1 
0 1 1 0 0 
0 0 1 0 1 
0 0 1 1 0 
0 1 1 0 0 
0 0 1 0 1 
1 0 1 0 0 
1 0 0 1 0 
0 0 1 1 0 
1 1 0 0 0 
1 0 0 0 1 
0 1 0 1 0 
0 0 0 1 1 
0 1 1 0 0 
0 0 1 0 1 
1 0 0 1 0 
0 1 0 0 1 
0 0 1 1 0 
0 1 0 1 0 
1 0 0 0 1 
0 0 1 0 1 
0 0 0 1 1 
1 1 0 0 0 
1 0 0 1 0 
0 1 0 1 0 
0 1 1 0 0 
0 0 1 1 0 
1 0 1 0 0 
0 1 0 0 1 
0 0 0 1 1 
1 1 0 0 0 
0 1 1 0 0 
1 0 0 0 1 
1 0 0 1 0 
0 0 1 1 0 
0 1 0 0 1 
0 0 0 1 1 
1 0 0 1 0 
0 1 1 0 0 
0 0 1 1 0 
1 0 1 0 0 
0 1 0 0 1 
0 0 0 1 1 
1 1 0 0 0 
1 0 0 1 0 
1 0 0 0 1 
1 0 1 0 0 
1 1 0 0 0 
1 0 0 1 0 
0 0 1 1 0 
0 1 1 0 0 
0 1 0 1 0 
1 1 0 0 0 
1 0 0 1 0 
0 0 1 0 1 
0 1 0 0 1 
0 0 0 1 1 
0 1 1 0 0 
0 0 1 1 0 
0 1 0 1 0 
1 0 0 0 1 
0 0 1 0 1 
1 0 1 0 0 
1 0 0 1 0 
0 1 1 0 0 
1 1 0 0 0 
0 1 0 0 1 
0 0 0 1 1 
1 0 1 0 0 
0 1 0 1 0 
0 0 1 0 1 
1 0 0 0 1 
1 0 0 1 0 
0 1 0 0 1 
1 1 0 0 0 
0 1 0 1 0 
0 0 1 0 1 
1 0 1 0 0 
1 0 0 0 1 
0 0 1 1 0 
1 0 0 1 0 
0 1 0 0 1 
1 1 0 0 0 
0 1 0 1 0 
0 0 1 1 0 
1 0 0 1 0 
0 0 0 1 1 
0 1 0 0 1 
1 1 0 0 0 
1 0 1 0 0 
0 1 0 1 0 
0 0 1 0 1 
0 0 1 1 0 
1 0 0 0 1 
0 0 0 1 1 
1 0 0 1 0 
1 1 0 0 0 
1 0 1 0 0 
0 1 0 1 0 
0 0 1 1 0 
1 0 0 0 1 
0 0 0 1 1 
1 0 0 1 0 
0 0 1 0 1 
0 1 0 0 1 
1 1 0 0 0 
1 0 1 0 0 
0 0 1 1 0 
0 1 0 0 1 
0 0 0 1 1 
1 0 0 1 0 
0 0 1 0 1 
1 1 0 0 0 
1 0 1 0 0 
0 0 0 1 1 
0 0 1 1 0 
0 0 1 0 1 
0 1 0 1 0 
0 0 1 1 0 
1 0 0 0 1 
0 1 0 0 1 
0 0 0 1 1 
0 0 1 0 1 
0 0 1 1 0 
1 0 0 0 1 
1 0 0 1 0 
1 0 1 0 0 
1 0 0 0 1 
1 1 0 0 0 
0 0 1 1 0 
1 0 1 0 0 
0 1 0 1 0 
1 0 0 0 1 
0 0 0 1 1 
1 0 0 1 0 
0 0 1 0 1 
0 0 1 1 0 
0 1 0 1 0 
0 1 0 1 0 
0 0 0 1 1 
0 0 1 0 1 
1 0 0 1 0 
0 0 1 1 0 
0 0 1 0 1 
0 1 1 0 0 
1 0 1 0 0 
0 0 1 1 0 
1 0 0 1 0 
0 0 1 0 1 
1 0 1 0 0 
0 1 1 0 0 
0 0 1 1 0 
0 0 0 1 1 
0 1 0 1 0 
1 0 0 0 1 
0 1 0 0 1 
1 1 0 0 0 
0 0 1 0 1 
0 0 0 1 1 
0 1 1 0 0 
0 1 0 1 0 
0 0 1 1 0 
0 1 0 0 1 
0 0 1 0 1 
1 0 0 0 1 
0 0 0 1 1 
1 0 1 0 0 
1 0 0 1 0 
0 1 0 1 0 
0 1 1 0 0 
0 0 0 1 1 
1 0 0 0 1 
0 1 0 1 0 
0 0 0 1 1 
1 0 0 1 0 
0 1 0 1 0 
0 0 1 1 0 
1 1 0 0 0 
0 0 0 1 1 
1 0 0 1 0 
0 0 1 0 1 
0 0 1 1 0 
1 0 0 1 0 
0 1 0 1 0 
0 0 1 1 0 
1 0 0 1 0 
0 0 0 1 1 
0 1 0 0 1 
0 0 0 1 1 
0 1 0 0 1 
0 1 1 0 0 
0 0 0 1 1 
0 1 0 0 1 
0 1 0 1 0 
0 0 1 1 0 
0 1 1 0 0 
0 0 0 1 1 
0 1 0 0 1 
0 0 1 1 0 
1 1 0 0 0 
0 1 1 0 0 
0 0 0 1 1 
0 1 0 0 1 
1 0 0 1 0 
0 0 1 1 0 
0 1 1 0 0 
1 1 0 0 0 
0 0 0 1 1 
0 1 0 0 1 
0 1 0 1 0 
1 0 0 1 0 
0 0 1 1 0 
0 1 1 0 0 
1 0 1 0 0 
0 0 1 0 1 
1 1 0 0 0 
0 1 0 0 1 
1 0 0 1 0 
1 0 1 0 0 
0 1 0 0 1 
1 0 0 1 0 
0 1 0 1 0 
1 1 0 0 0 
0 0 1 1 0 
1 0 1 0 0 
0 1 1 0 0 
0 1 0 0 1 
1 0 0 1 0 
0 1 1 0 0 
1 1 0 0 0 
0 1 0 0 1 
0 1 0 0 1 
0 0 1 1 0 
1 0 0 1 0 
0 1 0 1 0 
0 0 0 1 1 
0 1 1 0 0 
0 0 1 1 0 
1 1 0 0 0 
0 1 0 0 1 
1 0 0 1 0 
0 0 0 1 1 
0 0 1 1 0 
0 1 1 0 0 
1 0 0 1 0 
0 0 0 1 1 
1 1 0 0 0 
0 1 0 0 1 
0 0 1 0 1 
1 0 0 1 0 
0 0 0 1 1 
1 1 0 0 0 
0 1 0 0 1 
0 1 0 1 0 
0 0 1 1 0 
0 0 0 1 1 
0 1 1 0 0 
0 0 1 1 0 
1 1 0 0 0 
0 1 1 0 0 
1 0 0 0 1 
0 0 1 1 0 
0 1 0 0 1 
0 1 1 0 0 
0 0 0 1 1 
1 1 0 0 0 
0 1 0 0 1 
0 0 1 1 0 
1 0 0 1 0 
1 0 1 0 0 
0 1 0 1 0 
0 1 1 0 0 
0 0 0 1 1 
1 1 0 0 0 
0 1 0 0 1 
1 0 0 0 1 
1 0 0 1 0 
0 0 1 1 0 
0 0 0 1 1 
1 0 1 0 0 
1 0 0 0 1 
0 1 1 0 0 
0 1 0 0 1 
1 0 0 1 0 
1 1 0 0 0 
0 1 1 0 0 
1 0 1 0 0 
0 0 1 1 0 
1 0 0 0 1 
0 0 0 1 1 
1 1 0 0 0 
0 1 0 1 0 
1 1 0 0 0 
1 0 0 1 0 
0 1 1 0 0 
0 0 1 1 0 
0 0 0 1 1 
1 0 1 0 0 
1 0 0 0 1 
1 0 0 1 0 
0 0 1 0 1 
0 1 0 1 0 
1 0 0 0 1 
1 0 1 0 0 
1 1 0 0 0 
0 1 1 0 0 
1 0 0 1 0 
0 0 1 1 0 
0 1 0 1 0 
0 1 0 1 0 
0 0 1 1 0 
1 0 0 1 0 
1 0 0 0 1 
1 0 1 0 0 
0 0 1 1 0 
0 1 0 1 0 
1 0 0 1 0 
0 0 1 1 0 
0 1 0 1 0 
0 1 0 1 0 
0 0 0 1 1 
0 1 0 0 1 
0 1 0 0 1 
1 0 0 0 1 
0 1 0 1 0 
1 0 0 1 0 
0 0 1 0 1 
1 0 0 0 1 
0 1 1 0 0 
1 0 0 0 1 
1 1 0 0 0 
0 1 0 1 0 
1 0 0 1 0 
0 1 1 0 0 
1 0 0 1 0 
0 0 1 1 0 
0 1 1 0 0 
0 0 1 1 0 
0 1 0 0 1 
0 0 1 0 1 
0 1 0 1 0 
1 0 0 0 1 
0 0 1 1 0 
0 1 0 0 1 
0 1 0 1 0 
1 0 0 0 1 
0 1 1 0 0 
0 1 0 0 1 
1 0 0 1 0 
0 1 0 1 0 
0 0 1 1 0 
0 0 1 1 0 
0 1 0 0 1 
1 0 0 1 0 
0 1 0 1 0 
0 1 0 1 0 
0 0 0 1 1 
0 1 0 0 1 
1 1 0 0 0 
0 1 0 1 0 
1 1 0 0 0 
0 1 1 1 1 
;
TIMETABLE BEST: 
0.0 0.0 0.0 0.0 0.0 
0 14 0 0 0 
0 14 17 0 0 
0 14 17 18 0 
0 14 17 18 24 
0 26 17 18 24 
14 26 17 18 24 
14 26 17 18 24 
14 26 17 18 24 
14 26 17 18 24 
14 26 17 18 24 
14 26 17 18 24 
14 26 17 18 24 
26 26 17 18 24 
26 26 17 18 24 
26 26 17 18 24 
26 26 17 38 24 
38 26 17 38 24 
38 26 17 38 24 
38 45 17 38 24 
38 45 17 38 45 
38 45 26 38 45 
38 45 26 38 45 
38 45 26 38 45 
38 45 40 38 45 
38 45 40 38 45 
38 45 40 38 45 
38 45 40 38 45 
38 45 40 38 45 
38 45 40 38 45 
38 45 40 38 45 
38 45 40 38 45 
38 45 40 38 45 
50 45 40 38 45 
50 45 40 38 45 
50 45 54 38 45 
50 56 54 38 45 
50 56 54 38 45 
50 56 54 38 45 
50 56 54 38 60 
50 56 54 38 60 
50 56 54 56 60 
50 56 54 56 60 
50 56 54 56 60 
50 56 54 56 60 
62 56 54 56 60 
62 56 54 56 60 
62 56 54 56 60 
62 56 54 56 60 
62 67 54 56 60 
62 67 54 56 60 
62 67 54 56 60 
62 67 54 68 60 
62 67 54 68 60 
62 67 54 68 60 
62 67 54 68 60 
62 80 54 68 60 
62 80 54 80 60 
62 80 78 80 60 
62 80 78 80 60 
62 80 78 80 60 
62 80 78 80 60 
62 80 78 80 60 
62 80 78 80 88 
75 80 78 80 88 
75 80 78 80 88 
75 80 78 80 88 
75 80 78 80 88 
75 80 78 80 88 
75 80 78 80 88 
86 80 78 80 88 
86 80 78 80 88 
86 80 78 80 88 
86 80 78 80 88 
86 80 78 80 88 
86 80 89 80 88 
86 80 89 80 88 
86 80 89 92 88 
86 80 89 92 88 
86 80 89 92 88 
86 80 89 92 88 
86 80 89 92 88 
86 80 98 92 88 
86 93 98 92 88 
86 93 98 92 88 
86 93 98 92 88 
86 93 98 92 88 
86 93 98 92 88 
86 93 98 92 88 
86 93 98 92 102 
86 93 98 104 102 
86 93 98 104 102 
103 93 98 104 102 
103 93 98 104 102 
103 93 98 104 102 
103 93 98 104 102 
103 93 98 104 102 
103 93 98 104 102 
103 93 98 104 102 
103 93 98 104 113 
114 93 98 104 113 
114 106 98 104 113 
114 106 107 104 113 
114 106 107 104 113 
114 106 107 104 113 
114 106 107 104 113 
114 106 107 104 113 
114 106 107 104 113 
114 118 107 104 113 
114 118 107 104 113 
114 118 118 104 113 
114 118 118 104 113 
114 118 118 104 124 
114 118 118 116 124 
114 118 118 116 124 
114 118 118 116 124 
114 118 118 116 124 
114 118 118 116 124 
114 118 118 116 124 
114 118 118 116 124 
114 118 118 128 124 
114 118 118 128 124 
114 118 118 128 124 
125 118 118 128 124 
125 118 118 128 124 
125 118 118 128 124 
125 129 118 128 124 
125 129 118 128 124 
125 129 118 128 124 
125 129 118 128 135 
125 129 118 128 135 
138 129 118 128 135 
138 129 118 128 135 
138 129 132 128 135 
138 129 132 128 135 
138 129 132 140 135 
138 129 132 140 135 
138 129 132 140 135 
138 140 132 140 135 
138 140 132 140 135 
138 140 132 140 148 
138 140 132 152 148 
138 140 132 152 148 
138 140 132 152 148 
138 140 153 152 148 
138 140 153 152 159 
150 152 153 152 159 
150 152 153 152 159 
150 152 153 152 159 
150 152 153 152 159 
150 152 153 152 159 
150 152 153 152 159 
161 152 153 152 159 
161 152 153 152 159 
161 152 153 165 159 
161 152 153 165 159 
161 164 153 165 159 
161 164 153 165 159 
161 164 153 165 170 
161 164 153 165 170 
161 164 153 178 170 
161 164 153 178 183 
161 188 153 178 183 
174 188 172 178 183 
174 188 172 178 183 
174 188 172 178 183 
174 188 172 178 183 
187 188 172 178 183 
187 188 172 178 183 
187 188 190 178 183 
187 188 190 178 183 
187 188 190 178 183 
187 188 190 178 183 
187 188 190 178 183 
187 188 190 178 183 
187 188 190 178 183 
187 188 190 191 183 
187 188 190 191 183 
187 188 190 191 183 
187 188 190 191 183 
187 188 190 191 196 
187 188 190 191 196 
187 188 190 191 196 
187 188 190 191 196 
187 188 202 191 196 
200 188 202 191 196 
200 188 202 209 196 
200 188 214 209 196 
200 188 214 209 196 
212 188 214 209 196 
212 202 214 209 196 
212 202 214 209 207 
212 202 214 209 207 
212 213 214 209 207 
212 213 214 209 207 
212 213 214 209 207 
212 213 214 209 220 
223 213 214 209 220 
223 213 214 209 220 
223 213 226 209 220 
236 213 226 209 220 
236 237 226 209 220 
236 237 238 209 220 
250 237 238 209 220 
250 237 238 236 220 
250 237 238 236 220 
250 237 238 247 220 
250 237 238 247 232 
250 237 238 247 232 
250 237 238 247 232 
250 237 238 247 243 
250 237 238 247 243 
250 237 238 247 243 
250 250 238 247 243 
250 250 238 247 243 
250 250 238 247 243 
250 250 238 258 243 
250 250 238 258 243 
250 260 238 258 243 
250 260 238 258 243 
250 260 238 258 243 
250 260 238 258 243 
250 260 250 258 243 
250 260 250 258 243 
250 260 250 258 243 
250 260 250 258 254 
250 260 250 258 254 
250 260 250 258 254 
250 260 250 269 254 
250 260 250 269 254 
250 270 250 269 254 
261 270 262 269 254 
261 270 275 269 254 
261 270 275 269 254 
261 270 275 269 254 
261 270 275 269 254 
261 270 275 269 254 
261 270 275 269 266 
270 270 275 269 266 
270 270 275 269 266 
270 270 275 269 266 
270 270 275 269 266 
270 270 275 269 266 
270 270 275 269 266 
270 280 275 269 266 
270 280 275 280 266 
270 280 275 280 266 
279 280 275 280 266 
279 280 275 280 279 
279 290 275 280 279 
279 290 288 280 279 
290 290 288 280 279 
290 290 288 280 279 
290 290 288 280 290 
290 290 288 280 290 
290 290 288 291 290 
290 290 288 291 290 
290 290 288 291 290 
290 290 288 291 290 
290 290 288 291 290 
290 290 288 302 290 
290 303 288 302 290 
290 303 288 302 290 
290 303 288 302 290 
290 303 288 302 290 
290 303 288 302 290 
290 303 306 302 290 
301 303 306 302 290 
301 303 306 302 301 
301 303 306 302 301 
301 303 306 302 301 
301 303 306 302 301 
301 303 306 302 301 
301 303 306 313 301 
301 303 306 313 301 
301 303 306 313 301 
310 303 306 313 301 
310 316 306 313 301 
328 316 306 313 301 
328 316 306 324 301 
328 316 306 324 319 
328 316 325 324 319 
328 316 325 324 319 
328 316 325 324 319 
328 316 325 324 330 
328 316 325 324 330 
328 316 325 324 330 
328 316 325 324 330 
328 329 325 324 330 
328 329 325 324 330 
328 329 325 324 330 
328 329 325 324 330 
328 329 325 324 330 
328 329 325 324 330 
328 329 325 335 330 
328 329 325 335 330 
328 329 325 335 330 
328 329 340 335 330 
328 329 340 335 341 
328 329 340 335 341 
328 329 340 335 341 
328 329 340 346 341 
346 329 340 346 341 
346 342 340 346 341 
346 342 340 346 341 
346 342 340 346 341 
346 342 340 346 341 
346 342 340 346 341 
346 342 340 346 341 
346 342 340 346 341 
346 352 340 346 341 
346 352 340 346 341 
346 352 340 346 341 
346 352 340 357 341 
346 352 340 357 341 
346 352 355 357 341 
346 352 355 357 352 
346 352 355 357 352 
346 352 355 357 352 
346 352 355 357 352 
346 352 355 357 370 
346 352 373 357 370 
372 352 373 357 370 
372 352 373 357 370 
372 352 373 357 370 
372 352 373 357 370 
372 374 373 357 370 
372 392 373 357 370 
372 392 373 368 370 
372 392 373 368 370 
372 392 373 368 381 
384 392 373 368 381 
384 392 391 368 381 
384 392 391 368 381 
396 392 391 368 381 
396 392 404 368 381 
396 392 404 390 381 
396 392 404 400 381 
396 392 404 400 401 
396 392 404 400 401 
396 404 404 400 401 
410 404 404 400 401 
410 423 404 400 401 
424 423 404 400 401 
424 423 417 400 401 
424 423 417 400 401 
424 423 430 400 401 
424 423 430 400 432 
424 441 430 400 432 
424 441 430 435 432 
447 441 430 435 432 
447 441 442 435 432 
456 441 442 435 432 
456 441 442 452 432 
456 441 454 452 432 
456 441 454 452 432 
456 460 454 452 445 
456 460 470 452 445 
456 460 470 452 445 
474 460 470 452 445 
474 460 470 452 445 
474 460 470 452 463 
474 460 470 472 463 
474 460 470 472 463 
474 460 482 472 463 
474 479 482 472 463 
474 479 482 472 463 
474 479 482 472 463 
474 479 482 472 463 
474 479 494 472 463 
474 479 494 472 482 
492 479 494 472 482 
492 479 494 488 482 
492 498 494 488 482 
492 498 494 488 482 
492 517 494 488 512 
506 532 494 488 512 
506 548 494 528 512 
520 559 494 528 512 
520.0 622.0 552.0 546.0 604.0 
;
EXECUTION TIME HBSS: 3596.91382694 seconds 

-------------------------------------------------------------------
