DATFILE : bwopen0_4r_1000.dat
ENVIRONMENT : bwopen
ALGORITHM : HBSS - TAU 3
RANGE : 1000
STARTING_POS : 0
N_ROBOTS : 4
GREEDY SOLUTION : [ 3444.]
COMPUTATIONS D :
3982
3930
3884
3948
3652
3866
3880
3778
3610
3882
3744
3962
3596
3900
3852
3732
3896
3704
3704
3906
3806
3686
3794
4126
3634
4008
3984
3986
4082
3854
3834
3376
3788
3848
3700
3798
3476
3926
3890
3514
4082
3718
3692
3674
4044
3592
3534
3804
3858
3764
3836
3826
4056
3762
3764
3726
3746
3782
3758
3730
3742
3794
3590
3832
3738
3812
3716
4192
3586
3690
3880
3636
3604
3944
3702
3964
4092
3804
3720
3932
3570
3946
3914
3834
3812
3758
3854
3788
3928
3816
3672
3868
3680
3802
3750
3642
3852
3592
3760
3884
3912
3690
3710
4190
3712
4026
3824
3982
3628
3928
3816
3950
3758
3886
3730
3748
3702
3516
3718
3590
3724
3766
3940
3856
3990
4018
3730
3838
4022
3796
3678
3732
3852
4026
3656
3884
3590
3530
3650
3858
4008
3734
3608
3830
3884
3656
3688
3732
3858
3616
3808
3782
3556
3702
3698
3682
3550
3874
3796
3794
3770
3854
3828
3634
4092
3944
3528
3774
3912
3626
3494
3920
3750
3636
3850
3924
4028
3780
3892
3494
4030
3760
3612
3844
3662
3498
3954
3802
3894
3958
3774
4044
3790
3786
3862
3670
3792
3928
3572
3906
;
HBBS sumD : 3376
BEST_CONFIGURATIONS : 
0 0 0 0 
0 4 0 0 
0 4 26 0 
0 4 26 1 
0 22 26 1 
0 22 5 1 
4 22 5 1 
4 22 5 1 
4 22 5 1 
26 22 5 1 
26 22 5 1 
26 22 5 1 
26 22 5 1 
26 22 5 1 
26 22 5 1 
26 8 5 1 
26 8 5 27 
26 8 5 27 
26 8 5 27 
26 8 5 27 
26 8 4 27 
22 8 4 27 
22 8 4 27 
22 8 4 27 
22 8 4 27 
22 13 4 27 
22 13 4 27 
22 13 4 9 
22 13 4 9 
8 13 4 9 
8 13 4 9 
8 13 4 9 
8 13 4 9 
8 13 4 9 
8 13 26 9 
8 25 26 9 
8 25 5 9 
8 25 5 10 
13 25 5 10 
13 25 5 10 
13 25 5 10 
13 25 5 10 
13 25 5 10 
13 25 5 10 
13 25 5 15 
13 25 26 15 
13 25 26 15 
13 25 26 15 
17 25 26 15 
17 17 26 15 
17 17 26 15 
17 17 26 15 
17 17 5 15 
17 17 5 10 
17 18 5 10 
17 18 22 10 
17 18 22 24 
17 18 4 24 
13 18 4 24 
8 18 4 24 
8 18 4 24 
8 18 4 24 
8 18 4 24 
8 18 4 24 
8 14 4 24 
8 14 4 24 
8 14 4 6 
8 14 4 6 
22 14 4 6 
22 14 4 6 
22 14 4 6 
22 14 26 6 
22 14 26 6 
22 18 26 6 
22 18 26 6 
22 18 26 6 
22 18 26 6 
5 18 26 6 
5 18 26 6 
5 18 26 21 
5 18 0 21 
5 18 0 21 
5 14 0 21 
5 14 0 21 
5 14 0 21 
5 14 0 21 
5 14 0 3 
5 14 0 3 
26 14 0 3 
26 14 0 3 
26 14 0 3 
26 18 0 3 
4 18 0 3 
4 25 0 3 
4 25 0 7 
8 25 0 7 
8 17 0 7 
8 17 4 7 
8 17 4 7 
8 17 4 7 
8 17 26 7 
8 17 5 7 
8 17 5 7 
22 17 5 7 
22 13 5 7 
22 13 5 21 
22 13 5 21 
22 13 5 3 
22 13 27 3 
22 13 27 3 
8 13 27 3 
8 17 27 3 
8 17 27 21 
8 17 27 21 
8 17 27 21 
8 17 27 21 
13 17 27 21 
13 25 27 21 
13 25 27 6 
13 25 27 6 
13 25 1 6 
13 25 1 6 
13 25 1 6 
13 25 1 6 
17 25 1 6 
17 25 1 6 
17 25 1 21 
17 18 1 21 
17 18 1 21 
17 14 1 21 
17 14 2 21 
17 14 2 21 
17 14 2 21 
17 14 2 11 
13 14 2 11 
13 14 2 11 
25 14 2 11 
25 14 2 11 
25 14 2 11 
25 14 2 11 
25 14 2 11 
25 18 2 11 
25 18 2 11 
25 18 2 11 
25 18 2 11 
25 18 24 11 
13 18 24 11 
13 18 24 11 
13 18 24 11 
13 15 24 11 
8 15 24 11 
8 15 10 11 
22 15 10 11 
22 15 10 6 
22 15 10 6 
22 15 10 6 
22 15 10 21 
22 15 10 21 
22 15 10 21 
22 15 24 21 
22 15 24 3 
22 10 24 3 
22 10 24 3 
22 10 24 3 
22 10 24 3 
26 10 24 3 
26 9 24 3 
26 9 24 3 
26 9 24 3 
26 9 24 3 
26 9 6 3 
26 9 6 21 
26 9 6 21 
26 9 6 21 
0 9 6 21 
0 9 6 7 
0 24 6 7 
0 24 6 7 
0 24 21 7 
0 24 21 7 
0 24 21 7 
0 24 21 7 
0 10 21 7 
0 10 21 7 
4 10 21 7 
4 10 3 7 
4 15 3 7 
4 15 3 21 
4 15 3 21 
4 15 3 11 
4 10 3 11 
4 10 2 11 
4 10 2 11 
22 10 2 11 
22 10 2 11 
26 10 2 11 
26 10 2 11 
26 15 2 11 
5 15 2 11 
5 15 2 11 
5 15 2 6 
5 15 27 6 
5 10 27 6 
5 24 27 6 
5 24 27 24 
1 24 27 24 
1 24 27 24 
1 24 27 9 
1 24 9 9 
1 10 9 9 
1 10 9 9 
2 10 9 9 
2 15 9 9 
2 15 24 9 
2 15 11 9 
2 15 11 27 
2 15 11 1 
1 15 11 1 
1 15 11 1 
0 15 11 1 
0 19 11 1 
0 19 11 1 
0 19 11 1 
0 19 11 27 
0 20 11 27 
0 23 11 27 
0 23 11 27 
0 23 7 27 
0 23 7 27 
0 23 7 27 
0 23 7 27 
0 23 7 1 
0 23 12 1 
4 23 12 1 
4 23 12 1 
4 23 12 1 
4 23 12 1 
4 23 12 1 
4 23 16 1 
4 20 16 1 
4 20 16 1 
4 20 16 1 
26 20 16 1 
26 20 16 1 
26 20 16 1 
26 23 16 1 
26 23 16 27 
5 23 16 27 
5 23 16 27 
5 23 12 27 
5 23 12 27 
5 16 12 27 
5 16 12 27 
22 16 12 27 
22 16 12 2 
22 16 12 2 
22 16 16 2 
22 23 16 2 
8 23 16 2 
8 23 16 2 
8 23 16 2 
8 23 16 2 
8 20 16 2 
8 20 16 24 
8 20 12 24 
8 20 12 24 
8 20 12 24 
8 20 12 24 
8 20 12 24 
13 20 12 24 
13 20 12 6 
13 20 12 6 
13 19 12 6 
17 19 12 6 
17 19 16 6 
17 19 16 6 
17 19 16 6 
25 19 16 6 
25 19 16 6 
25 19 23 6 
25 19 23 6 
25 19 23 24 
25 19 23 24 
25 19 20 24 
17 19 20 24 
17 19 20 9 
17 18 20 9 
17 18 23 9 
17 18 23 9 
17 18 23 9 
17 18 23 9 
17 18 23 9 
17 25 23 9 
17 25 23 9 
17 25 20 9 
17 25 20 9 
17 25 20 9 
17 14 20 9 
17 14 20 27 
13 14 23 27 
13 14 23 27 
13 14 16 27 
13 14 16 27 
18 14 16 27 
18 14 12 27 
18 14 12 27 
18 19 12 27 
18 19 12 9 
18 19 12 10 
18 19 12 10 
18 19 12 10 
18 19 16 10 
14 19 16 10 
14 19 16 10 
14 19 16 10 
14 19 16 10 
14 19 23 10 
14 19 23 15 
14 19 23 15 
14 20 23 15 
18 20 23 15 
18 20 23 15 
18 20 23 15 
18 20 23 15 
25 20 23 15 
25 20 23 10 
25 20 23 10 
25 20 23 24 
25 20 12 24 
25 20 12 6 
13 19 12 6 
8 19 12 6 
8 19 7 6 
8 19 7 21 
22 19 7 21 
22 20 7 21 
22 20 7 21 
22 20 7 21 
22 20 3 21 
22 23 3 21 
22 16 3 21 
22 12 3 21 
22 12 3 21 
22 12 3 7 
26 12 3 7 
1 12 3 7 
1 16 3 7 
1 16 3 7 
1 23 3 7 
1 23 2 7 
0 23 2 7 
0 23 2 3 
0 19 2 3 
0 19 6 7 
0 19 6 7 
0 19 11 7 
0 19 11 16 
0 20 11 16 
0 20 11 16 
5 20 11 16 
5 19 11 16 
5 19 11 12 
26 19 11 12 
26 19 10 12 
4 19 10 12 
4 15 10 12 
4 15 15 16 
8 15 15 16 
8 15 9 16 
8 14 9 7 
25 14 9 7 
25 18 9 7 
25 18 9 3 
25 18 22 3 
25 18 4 3 
25 19 4 2 
13 19 0 2 
13 11 0 6 
13 11 0 21 
0 0 0 0 
;
ROBOT MOVING BEST:
0 0 0 0 
1 1 0 0 
1 0 1 0 
1 0 0 1 
1 1 0 0 
1 0 1 0 
1 0 0 1 
1 1 0 0 
1 0 1 0 
1 0 0 1 
0 1 0 1 
0 0 1 1 
1 1 0 0 
1 0 1 0 
0 1 1 0 
0 1 0 1 
1 0 0 1 
0 0 1 1 
1 1 0 0 
0 1 1 0 
1 0 1 0 
1 0 0 1 
0 1 0 1 
0 0 1 1 
1 1 0 0 
0 1 0 1 
1 1 0 0 
1 0 0 1 
0 0 1 1 
1 0 1 0 
0 1 1 0 
1 0 0 1 
1 1 0 0 
0 1 0 1 
0 0 1 1 
1 1 0 0 
0 0 1 1 
1 0 0 1 
1 0 1 0 
0 0 1 1 
0 1 1 0 
1 0 0 1 
1 1 0 0 
0 1 0 1 
0 0 1 1 
1 0 1 0 
0 1 1 0 
1 0 0 1 
1 1 0 0 
0 1 1 0 
0 0 1 1 
0 1 0 1 
1 0 1 0 
1 0 0 1 
1 1 0 0 
1 0 1 0 
1 0 0 1 
1 0 1 0 
1 1 0 0 
1 1 0 0 
1 0 0 1 
0 1 0 1 
0 1 1 0 
0 0 1 1 
1 1 0 0 
0 1 0 1 
1 0 0 1 
0 1 1 0 
1 1 0 0 
0 0 1 1 
0 1 0 1 
0 1 1 0 
1 0 0 1 
1 1 0 0 
0 0 1 1 
0 1 0 1 
0 1 1 0 
1 0 0 1 
1 1 0 0 
0 0 1 1 
0 1 1 0 
0 1 0 1 
1 1 0 0 
1 0 0 1 
0 1 0 1 
0 0 1 1 
1 0 0 1 
0 1 1 0 
1 0 0 1 
0 1 0 1 
0 0 1 1 
0 1 0 1 
1 0 0 1 
0 1 1 0 
0 0 1 1 
1 0 1 0 
0 1 1 0 
0 0 1 1 
1 0 0 1 
0 1 0 1 
0 0 1 1 
0 0 1 1 
1 1 0 0 
1 0 0 1 
0 1 0 1 
1 0 0 1 
0 1 0 1 
1 0 0 1 
0 0 1 1 
0 1 0 1 
1 0 0 1 
0 1 0 1 
1 0 0 1 
0 1 1 0 
0 1 0 1 
0 0 1 1 
1 1 0 0 
0 1 1 0 
0 0 1 1 
1 0 0 1 
1 0 1 0 
0 1 0 1 
0 0 1 1 
0 1 1 0 
1 0 0 1 
1 0 1 0 
0 1 0 1 
0 1 1 0 
0 0 1 1 
0 1 1 0 
1 0 1 0 
1 1 0 0 
0 0 1 1 
1 0 0 1 
1 1 0 0 
1 0 1 0 
1 1 0 0 
1 0 1 0 
0 1 1 0 
0 1 0 1 
0 0 1 1 
0 1 1 0 
1 0 0 1 
1 1 0 0 
0 1 0 1 
1 0 1 0 
1 0 0 1 
0 0 1 1 
1 0 1 0 
0 1 0 1 
1 0 0 1 
0 0 1 1 
1 0 0 1 
0 1 0 1 
0 0 1 1 
0 1 1 0 
0 1 0 1 
1 1 0 0 
0 0 1 1 
0 1 1 0 
0 1 0 1 
1 1 0 0 
0 1 1 0 
0 1 0 1 
1 0 1 0 
1 1 0 0 
0 1 1 0 
0 0 1 1 
1 0 1 0 
0 1 0 1 
0 0 1 1 
0 1 0 1 
0 1 1 0 
0 0 1 1 
1 1 0 0 
0 1 0 1 
0 1 1 0 
1 0 1 0 
0 1 1 0 
1 1 0 0 
0 0 1 1 
0 1 0 1 
1 1 0 0 
0 1 0 1 
1 0 1 0 
0 0 1 1 
0 1 0 1 
0 0 1 1 
1 1 0 0 
0 0 1 1 
1 1 0 0 
1 0 1 0 
1 0 0 1 
1 0 1 0 
0 1 1 0 
1 0 1 0 
1 0 0 1 
0 1 1 0 
1 0 1 0 
1 0 0 1 
0 0 1 1 
0 1 1 0 
0 1 1 0 
1 1 0 0 
0 0 1 1 
1 0 1 0 
1 0 0 1 
0 0 1 1 
1 0 1 0 
1 1 0 0 
0 1 1 0 
1 0 1 0 
0 1 1 0 
1 0 1 0 
0 0 1 1 
1 0 0 1 
1 0 0 1 
1 1 0 0 
1 0 1 0 
1 1 0 0 
0 1 1 0 
1 0 1 0 
0 1 0 1 
0 0 1 1 
0 1 1 0 
0 1 1 0 
1 0 0 1 
0 0 1 1 
1 1 0 0 
0 1 0 1 
0 1 1 0 
0 0 1 1 
1 0 1 0 
1 1 0 0 
0 1 0 1 
1 0 1 0 
0 1 1 0 
0 0 1 1 
1 0 1 0 
1 1 0 0 
0 0 1 1 
0 1 0 1 
1 1 0 0 
1 0 1 0 
0 1 1 0 
1 1 0 0 
0 0 1 1 
1 0 1 0 
0 1 1 0 
0 0 1 1 
1 1 0 0 
0 1 1 0 
1 0 1 0 
1 0 1 0 
0 0 1 1 
0 1 0 1 
1 0 1 0 
1 1 0 0 
1 0 0 1 
0 1 0 1 
1 0 1 0 
1 1 0 0 
0 1 0 1 
0 0 1 1 
1 0 1 0 
1 1 0 0 
0 1 0 1 
0 0 1 1 
0 1 1 0 
1 0 1 0 
0 0 1 1 
1 1 0 0 
0 1 1 0 
1 0 1 0 
1 0 1 0 
0 0 1 1 
0 1 1 0 
1 0 1 0 
0 1 0 1 
0 0 1 1 
0 1 1 0 
0 1 0 1 
1 1 0 0 
0 1 1 0 
1 1 0 0 
0 1 0 1 
0 1 1 0 
0 1 1 0 
0 1 0 1 
1 0 1 0 
1 0 0 1 
0 0 1 1 
0 1 0 1 
0 1 1 0 
1 0 1 0 
0 0 1 1 
0 1 1 0 
0 1 0 1 
0 0 1 1 
1 0 1 0 
0 1 0 1 
1 0 1 0 
0 1 1 0 
1 0 0 1 
0 1 1 0 
1 1 0 0 
0 1 0 1 
0 0 1 1 
1 0 0 1 
1 0 1 0 
1 1 0 0 
1 0 1 0 
1 0 0 1 
1 1 0 0 
0 1 0 1 
0 0 1 1 
1 0 1 0 
1 0 0 1 
0 1 0 1 
1 1 0 0 
1 0 0 1 
0 0 1 1 
0 1 1 0 
0 1 0 1 
1 0 0 1 
0 0 1 1 
0 1 0 1 
0 0 1 1 
1 0 1 0 
0 1 0 1 
1 1 0 0 
1 1 0 0 
0 1 1 0 
0 1 0 1 
1 1 0 0 
0 1 1 0 
0 1 0 1 
1 1 0 0 
0 1 1 0 
0 1 0 1 
0 1 0 1 
0 1 0 1 
0 1 1 0 
0 1 0 1 
1 1 0 0 
1 0 1 0 
0 1 1 0 
0 1 0 1 
0 1 1 0 
0 0 1 1 
1 0 1 0 
0 0 1 1 
0 1 0 1 
0 0 1 1 
1 1 0 0 
0 0 1 1 
1 0 0 1 
1 1 0 0 
0 0 1 1 
1 1 0 0 
1 1 0 0 
0 0 1 1 
1 1 0 0 
0 0 1 1 
1 1 0 0 
0 1 0 1 
0 0 1 1 
1 0 1 0 
0 0 1 1 
0 1 0 1 
1 0 0 1 
0 1 0 1 
1 0 0 1 
1 0 1 0 
1 0 1 0 
0 1 0 1 
1 0 1 0 
0 1 0 1 
0 1 0 1 
1 1 0 1 
;
TIMETABLE BEST: 
0.0 0.0 0.0 0.0 
0 14 0 0 
0 14 17 0 
0 14 17 18 
0 26 17 18 
0 26 26 18 
14 26 26 18 
14 26 26 18 
14 26 26 18 
25 26 26 18 
25 26 26 18 
25 26 26 18 
25 26 26 18 
25 26 26 18 
25 26 26 18 
25 38 26 18 
25 38 26 33 
25 38 26 33 
25 38 26 33 
25 38 26 33 
25 38 40 33 
36 38 40 33 
36 38 40 33 
36 38 40 33 
36 38 40 33 
36 51 40 33 
36 51 40 33 
36 51 40 48 
36 51 40 48 
48 51 40 48 
48 51 40 48 
48 51 40 48 
48 51 40 48 
48 51 40 48 
48 51 51 48 
48 64 51 48 
48 64 60 48 
48 64 60 62 
61 64 60 62 
61 64 60 62 
61 64 60 62 
61 64 60 62 
61 64 60 62 
61 64 60 62 
61 64 60 73 
61 64 69 73 
61 64 69 73 
61 64 69 73 
72 64 69 73 
72 76 69 73 
72 76 69 73 
72 76 69 73 
72 76 78 73 
72 76 78 84 
72 93 78 84 
72 93 90 84 
72 93 90 97 
72 93 102 97 
83 93 102 97 
96 93 102 97 
96 93 102 97 
96 93 102 97 
96 93 102 97 
96 93 102 97 
96 104 102 97 
96 104 102 97 
96 104 102 110 
96 104 102 110 
108 104 102 110 
108 104 102 110 
108 104 102 110 
108 104 113 110 
108 104 113 110 
108 115 113 110 
108 115 113 110 
108 115 113 110 
108 115 113 110 
120 115 113 110 
120 115 113 110 
120 115 113 122 
120 115 130 122 
120 115 130 122 
120 126 130 122 
120 126 130 122 
120 126 130 122 
120 126 130 122 
120 126 130 134 
120 126 130 134 
129 126 130 134 
129 126 130 134 
129 126 130 134 
129 137 130 134 
140 137 130 134 
140 150 130 134 
140 150 130 150 
154 150 130 150 
154 162 130 150 
154 162 144 150 
154 162 144 150 
154 162 144 150 
154 162 155 150 
154 162 164 150 
154 162 164 150 
166 162 164 150 
166 173 164 150 
166 173 164 162 
166 173 164 162 
166 173 164 174 
166 173 185 174 
166 173 185 174 
178 173 185 174 
178 184 185 174 
178 184 185 186 
178 184 185 186 
178 184 185 186 
178 184 185 186 
191 184 185 186 
191 196 185 186 
191 196 185 198 
191 196 185 198 
191 196 200 198 
191 196 200 198 
191 196 200 198 
191 196 200 198 
202 196 200 198 
202 196 200 198 
202 196 200 210 
202 209 200 210 
202 209 200 210 
202 220 200 210 
202 220 220 210 
202 220 220 210 
202 220 220 210 
202 220 220 229 
213 220 220 229 
213 220 220 229 
226 220 220 229 
226 220 220 229 
226 220 220 229 
226 220 220 229 
226 220 220 229 
226 231 220 229 
226 231 220 229 
226 231 220 229 
226 231 220 229 
226 231 239 229 
239 231 239 229 
239 231 239 229 
239 231 239 229 
239 249 239 229 
252 249 239 229 
252 249 252 229 
264 249 252 229 
264 249 252 246 
264 249 252 246 
264 249 252 246 
264 249 252 258 
264 249 252 258 
264 249 252 258 
264 249 265 258 
264 249 265 270 
264 260 265 270 
264 260 265 270 
264 260 265 270 
264 260 265 270 
275 260 265 270 
275 274 265 270 
275 274 265 270 
275 274 265 270 
275 274 265 270 
275 274 278 270 
275 274 278 282 
275 274 278 282 
275 274 278 282 
292 274 278 282 
292 274 278 294 
292 289 278 294 
292 289 278 294 
292 289 290 294 
292 289 290 294 
292 289 290 294 
292 289 290 294 
292 302 290 294 
292 302 290 294 
306 302 290 294 
306 302 302 294 
306 313 302 294 
306 313 302 306 
306 313 302 306 
306 313 302 325 
306 324 302 325 
306 324 324 325 
306 324 324 325 
318 324 324 325 
318 324 324 325 
329 324 324 325 
329 324 324 325 
329 335 324 325 
338 335 324 325 
338 335 324 325 
338 335 324 342 
338 335 343 342 
338 346 343 342 
338 359 343 342 
338 359 343 355 
356 359 343 355 
356 359 343 355 
356 359 343 370 
356 359 358 370 
356 372 358 370 
356 372 358 370 
376 372 358 370 
376 383 358 370 
376 383 373 370 
376 383 391 370 
376 383 391 385 
376 383 391 400 
396 383 391 400 
396 383 391 400 
414 383 391 400 
414 407 391 400 
414 407 391 400 
414 407 391 400 
414 407 391 415 
414 420 391 415 
414 430 391 415 
414 430 391 415 
414 430 416 415 
414 430 416 415 
414 430 416 415 
414 430 416 415 
414 430 416 430 
414 430 434 430 
428 430 434 430 
428 430 434 430 
428 430 434 430 
428 430 434 430 
428 430 434 430 
428 430 445 430 
428 440 445 430 
428 440 445 430 
428 440 445 430 
439 440 445 430 
439 440 445 430 
439 440 445 430 
439 450 445 430 
439 450 445 445 
448 450 445 445 
448 450 445 445 
448 450 456 445 
448 450 456 445 
448 461 456 445 
448 461 456 445 
460 461 456 445 
460 461 456 464 
460 461 456 464 
460 461 467 464 
460 472 467 464 
472 472 467 464 
472 472 467 464 
472 472 467 464 
472 472 467 464 
472 482 467 464 
472 482 467 483 
472 482 478 483 
472 482 478 483 
472 482 478 483 
472 482 478 483 
472 482 478 483 
485 482 478 483 
485 482 478 496 
485 482 478 496 
485 495 478 496 
496 495 478 496 
496 495 489 496 
496 495 489 496 
496 495 489 496 
508 495 489 496 
508 495 489 496 
508 495 500 496 
508 495 500 496 
508 495 500 509 
508 495 500 509 
508 495 510 509 
520 495 510 509 
520 495 510 524 
520 515 510 524 
520 515 520 524 
520 515 520 524 
520 515 520 524 
520 515 520 524 
520 515 520 524 
520 528 520 524 
520 528 520 524 
520 528 530 524 
520 528 530 524 
520 528 530 524 
520 544 530 524 
520 544 530 539 
531 544 540 539 
531 544 540 539 
531 544 551 539 
531 544 551 539 
557 544 551 539 
557 544 562 539 
557 544 562 539 
557 573 562 539 
557 573 562 554 
557 573 562 568 
557 573 562 568 
557 573 562 568 
557 573 573 568 
568 573 573 568 
568 573 573 568 
568 573 573 568 
568 573 573 568 
568 573 584 568 
568 573 584 579 
568 573 584 579 
568 586 584 579 
579 586 584 579 
579 586 584 579 
579 586 584 579 
579 586 584 579 
592 586 584 579 
592 586 584 590 
592 586 584 590 
592 586 584 603 
592 586 606 603 
592 586 606 616 
605 599 606 616 
618 599 606 616 
618 599 624 616 
618 599 624 628 
630 599 624 628 
630 612 624 628 
630 612 624 628 
630 612 624 628 
630 612 640 628 
630 622 640 628 
630 633 640 628 
630 644 640 628 
630 644 640 628 
630 644 640 640 
641 644 640 640 
660 644 640 640 
660 655 640 640 
660 655 640 640 
660 666 640 640 
660 666 662 640 
678 666 662 640 
678 666 662 656 
678 689 662 656 
678 689 680 672 
678 689 680 672 
678 689 697 672 
678 689 697 699 
678 702 697 699 
678 702 697 699 
702 702 697 699 
702 715 697 699 
702 715 697 710 
711 715 697 710 
711 715 718 710 
722 715 718 710 
722 739 718 710 
722 739 729 721 
736 739 729 721 
736 739 750 721 
736 752 750 748 
762 752 750 748 
762 763 750 748 
762 763 750 764 
762 763 774 764 
762 763 786 764 
762 783 786 786 
775 783 800 786 
775 813 800 804 
775 813 800 816 
814.0 884.0 800.0 878.0 
;
EXECUTION TIME HBSS: 2131.7542181 seconds 

-------------------------------------------------------------------
