DATFILE : bwopen0_6r_1000.dat
ENVIRONMENT : bwopen
ALGORITHM : HBSS - TAU 5
RANGE : 1000
STARTING_POS : 0
N_ROBOTS : 6
GREEDY SOLUTION : 914.0
COMPUTATIONS T :
1007.0
1004.0
937.0
995.0
978.0
977.0
1003.0
871.0
941.0
1011.0
1044.0
967.0
907.0
966.0
939.0
986.0
1019.0
967.0
956.0
969.0
983.0
1011.0
974.0
981.0
986.0
946.0
967.0
920.0
986.0
922.0
947.0
967.0
944.0
994.0
999.0
929.0
904.0
938.0
995.0
956.0
976.0
943.0
1006.0
1055.0
993.0
970.0
1014.0
954.0
895.0
1003.0
999.0
994.0
966.0
1014.0
952.0
1025.0
993.0
961.0
1013.0
956.0
979.0
1000.0
1056.0
976.0
957.0
992.0
972.0
960.0
929.0
978.0
931.0
922.0
936.0
979.0
985.0
1041.0
919.0
976.0
973.0
914.0
982.0
935.0
990.0
1000.0
942.0
1012.0
978.0
960.0
989.0
1027.0
992.0
993.0
965.0
1042.0
941.0
922.0
1024.0
966.0
959.0
966.0
884.0
1006.0
1025.0
975.0
946.0
965.0
967.0
941.0
945.0
1006.0
971.0
949.0
937.0
951.0
974.0
957.0
951.0
985.0
965.0
979.0
952.0
920.0
959.0
1000.0
955.0
950.0
968.0
961.0
939.0
937.0
1001.0
1035.0
1011.0
936.0
948.0
961.0
979.0
1021.0
993.0
937.0
924.0
1015.0
942.0
993.0
956.0
981.0
972.0
888.0
957.0
950.0
933.0
942.0
980.0
933.0
948.0
1053.0
957.0
1025.0
934.0
901.0
933.0
1051.0
987.0
917.0
1008.0
914.0
972.0
984.0
966.0
948.0
1014.0
968.0
997.0
984.0
977.0
997.0
991.0
967.0
1018.0
946.0
975.0
1030.0
1001.0
926.0
988.0
989.0
941.0
957.0
950.0
952.0
921.0
1018.0
946.0
955.0
952.0
1008.0
986.0
1021.0
991.0
971.0
;
HBBS bestT : 871.0
BEST_CONFIGURATIONS : 
0 0 0 0 0 0 
0 4 0 0 0 0 
0 4 26 0 0 0 
0 4 26 0 0 0 
0 4 26 1 0 0 
0 4 26 1 0 0 
0 4 26 1 0 0 
0 4 26 1 5 0 
0 4 26 1 5 22 
0 4 26 1 5 22 
0 4 26 1 5 22 
0 4 26 1 5 22 
0 4 26 1 5 22 
0 4 26 1 5 22 
0 4 26 1 5 22 
0 4 26 1 5 22 
0 4 26 1 5 8 
0 4 26 1 5 8 
0 4 5 1 5 8 
0 4 5 1 5 8 
0 4 5 1 22 8 
0 4 26 1 22 8 
0 4 26 27 22 8 
0 4 26 27 22 8 
0 4 26 27 22 8 
0 4 26 27 5 8 
0 4 26 27 5 8 
0 4 22 27 5 8 
0 4 22 27 5 13 
0 4 22 27 5 13 
0 4 22 27 5 13 
0 4 22 27 5 13 
0 4 22 27 5 13 
0 4 22 27 26 13 
0 4 8 27 26 13 
0 4 8 9 26 13 
0 4 8 9 26 13 
0 4 8 9 26 13 
0 4 8 9 26 13 
0 4 8 9 26 13 
0 4 8 9 5 13 
0 4 8 9 5 17 
0 4 8 9 5 17 
0 4 8 9 5 17 
0 4 8 9 5 17 
0 4 8 9 5 17 
0 4 8 9 26 17 
0 22 8 9 26 17 
0 22 8 9 26 17 
0 22 13 9 26 17 
1 22 13 9 26 17 
1 22 13 9 26 17 
1 22 13 9 26 25 
1 4 13 9 26 25 
1 4 13 9 26 25 
1 4 13 9 26 25 
1 4 13 9 5 25 
1 4 13 9 26 25 
1 4 17 9 26 25 
1 4 17 9 26 25 
1 22 17 9 26 25 
1 22 17 10 26 25 
1 22 17 10 26 25 
1 22 17 10 26 25 
1 22 17 10 26 25 
1 22 17 10 26 25 
1 22 17 10 5 25 
1 22 13 10 5 25 
1 4 13 10 5 25 
1 4 13 10 5 18 
1 4 13 10 5 18 
1 4 13 10 5 18 
1 4 13 10 5 18 
1 4 13 10 5 18 
1 4 13 10 26 18 
1 4 13 15 26 18 
1 4 13 15 26 18 
1 4 17 15 26 18 
1 4 17 15 26 18 
1 4 17 15 26 18 
1 4 17 15 26 18 
1 4 17 15 5 18 
1 4 17 15 5 14 
1 4 17 15 5 14 
1 4 13 15 5 14 
1 4 13 15 5 14 
1 4 13 15 5 14 
1 4 13 15 5 14 
1 4 13 15 26 14 
1 4 17 15 26 14 
1 4 17 10 26 14 
1 22 17 10 26 14 
27 22 17 10 26 14 
27 22 17 10 26 14 
27 22 17 10 26 14 
27 8 17 10 26 14 
27 8 17 10 26 14 
27 8 17 10 0 14 
27 8 17 10 0 14 
27 8 25 10 0 14 
27 8 25 10 0 14 
27 8 25 10 0 14 
27 8 25 10 0 14 
27 8 25 15 0 14 
27 8 25 15 0 14 
27 8 25 15 0 14 
27 8 25 15 0 14 
27 8 25 15 0 18 
27 8 25 15 0 18 
27 8 25 15 0 18 
27 8 25 15 0 18 
27 22 25 15 0 18 
27 22 25 15 0 18 
9 22 18 15 0 18 
9 22 18 15 0 18 
9 22 18 15 0 14 
9 22 18 15 0 14 
9 22 18 10 0 14 
9 22 18 10 27 14 
9 22 18 10 27 15 
9 1 18 10 27 15 
9 1 19 10 27 15 
9 1 19 10 27 15 
9 1 19 10 27 15 
9 1 19 10 27 15 
9 1 19 10 27 15 
9 1 20 10 27 15 
9 1 20 24 27 15 
9 1 20 24 27 15 
9 1 20 24 27 15 
9 1 20 24 27 15 
9 1 20 24 27 15 
9 1 20 24 27 10 
9 1 20 24 27 10 
9 1 20 24 27 10 
9 1 23 24 27 10 
9 1 23 24 27 10 
9 1 23 24 27 10 
9 1 23 24 27 10 
9 1 23 24 27 10 
9 1 16 24 27 10 
9 1 16 24 27 10 
9 1 16 24 27 10 
9 1 16 24 27 10 
9 1 16 24 27 15 
9 1 16 24 27 15 
9 1 12 24 27 15 
9 1 12 24 27 15 
9 1 12 24 27 15 
9 1 12 24 27 15 
9 1 12 24 27 10 
9 1 16 24 27 10 
9 1 16 6 27 10 
9 1 16 6 27 10 
9 1 16 6 27 10 
9 1 16 6 27 10 
9 1 16 6 27 10 
9 1 12 6 27 10 
9 1 12 6 27 15 
24 1 12 6 27 15 
24 1 12 6 27 15 
24 0 12 6 27 15 
24 0 12 6 27 15 
24 0 12 6 27 15 
24 0 12 6 2 15 
24 0 12 6 2 15 
24 0 12 6 2 15 
24 0 12 6 2 15 
24 0 12 6 2 15 
24 0 16 6 2 15 
24 0 16 6 2 15 
24 0 16 6 2 10 
24 0 16 21 2 10 
24 0 16 21 2 10 
24 0 16 21 2 10 
24 0 16 21 2 10 
24 0 16 21 2 10 
24 0 23 21 2 10 
24 0 23 21 2 10 
24 0 23 21 2 10 
24 0 23 21 2 15 
24 0 23 21 2 15 
6 0 23 21 2 15 
6 0 23 21 2 15 
6 0 20 21 2 15 
6 0 20 21 2 15 
6 0 20 21 2 15 
6 0 20 21 2 15 
6 0 20 21 2 15 
6 0 20 3 2 15 
6 0 20 3 2 15 
6 0 23 3 2 15 
6 0 23 3 2 15 
6 0 23 3 2 10 
6 0 20 3 2 10 
6 0 20 3 2 15 
21 0 20 3 2 15 
21 4 20 3 2 15 
21 4 20 3 2 15 
21 4 20 3 2 15 
21 4 20 3 2 15 
21 4 20 3 2 14 
21 4 23 3 2 14 
21 4 23 3 2 14 
21 4 23 3 2 14 
21 4 23 3 2 14 
21 4 20 3 2 14 
21 26 20 3 2 14 
21 26 20 3 2 14 
21 26 20 3 2 14 
21 26 20 3 2 14 
21 5 20 3 2 14 
21 5 20 3 2 14 
21 5 20 3 2 14 
21 5 20 3 2 14 
21 5 20 3 2 18 
21 5 20 3 2 18 
21 5 20 3 2 18 
21 5 20 3 2 18 
21 5 23 3 2 18 
21 5 23 3 2 18 
6 5 23 3 2 18 
6 5 23 3 2 18 
6 5 23 7 2 18 
6 5 23 7 2 18 
6 5 23 7 2 18 
6 5 23 7 2 18 
6 5 23 7 2 18 
6 26 23 7 2 18 
6 26 23 7 2 18 
6 26 23 7 2 18 
6 26 23 7 2 14 
6 26 23 7 2 14 
6 5 23 7 24 14 
6 5 20 7 24 14 
24 5 20 7 24 18 
24 5 20 7 24 18 
24 26 20 7 24 18 
24 26 19 7 24 18 
24 26 19 7 24 18 
24 26 19 7 24 18 
24 26 19 7 6 18 
24 26 19 7 6 18 
24 5 19 7 6 18 
24 5 19 7 6 14 
24 5 19 7 6 14 
24 5 19 21 6 14 
24 5 19 21 11 14 
24 5 19 21 11 14 
24 5 19 21 11 14 
24 5 19 21 11 14 
24 5 19 21 11 14 
24 26 19 21 11 14 
24 26 19 21 11 18 
24 26 19 3 11 18 
24 26 19 3 11 18 
24 26 19 3 11 18 
24 4 19 3 11 18 
24 4 19 3 11 18 
24 4 19 3 11 25 
24 4 19 3 11 25 
24 4 19 3 11 25 
24 4 19 3 11 25 
24 4 19 3 11 25 
24 22 19 3 11 25 
24 22 19 3 11 25 
24 22 19 3 11 25 
24 22 19 3 11 25 
24 22 19 3 11 17 
24 22 19 3 11 17 
24 22 19 3 11 17 
24 22 19 3 11 17 
24 8 19 3 11 17 
24 8 19 3 11 17 
24 8 19 3 11 17 
24 8 19 3 11 17 
24 8 19 3 11 13 
24 8 19 3 11 13 
24 8 19 3 11 13 
24 8 19 3 11 13 
24 8 19 21 11 13 
24 8 19 21 11 13 
6 8 19 21 11 13 
6 8 19 21 11 13 
6 8 19 21 11 13 
6 8 20 21 11 13 
6 8 20 21 11 13 
6 8 23 21 11 13 
6 8 23 21 11 13 
6 8 23 21 11 13 
6 8 23 7 11 13 
6 8 23 7 11 13 
6 8 23 7 11 13 
21 8 23 7 11 13 
21 8 20 7 11 13 
21 22 20 7 11 13 
21 22 20 7 11 13 
21 22 20 7 11 13 
21 22 20 7 6 13 
21 22 20 7 6 17 
21 22 20 7 6 17 
21 22 20 7 6 17 
21 22 20 7 6 17 
21 4 20 7 6 17 
21 4 20 7 6 17 
21 4 23 7 6 17 
3 4 23 7 6 17 
3 4 16 7 6 17 
3 4 16 7 6 17 
3 4 16 7 6 17 
3 4 16 7 6 13 
3 4 16 7 11 13 
3 26 16 7 11 13 
3 26 16 7 11 17 
3 26 16 12 11 17 
3 26 16 12 11 17 
3 26 16 12 11 17 
3 26 16 12 11 17 
3 26 16 12 11 17 
3 5 16 12 11 17 
3 5 16 12 11 17 
3 5 16 12 11 13 
21 5 16 12 11 13 
21 5 23 12 11 13 
21 22 23 12 11 13 
21 22 23 12 11 13 
7 22 23 12 11 13 
7 22 23 12 10 13 
7 22 23 12 10 25 
7 22 23 12 10 25 
7 22 23 12 10 25 
7 4 23 12 10 25 
7 4 20 12 10 25 
7 4 20 12 10 25 
7 4 20 12 15 25 
7 22 20 16 15 25 
7 22 20 16 15 25 
7 22 20 16 15 25 
21 22 20 16 15 25 
21 22 20 16 14 25 
21 22 23 16 14 25 
21 8 23 16 14 25 
6 8 23 16 14 25 
6 8 23 16 18 25 
6 8 23 12 18 25 
6 8 23 12 14 25 
6 8 23 12 14 18 
2 8 23 12 14 18 
2 8 19 12 14 18 
2 8 19 12 14 18 
2 8 19 12 14 25 
2 8 19 12 9 25 
2 22 19 12 9 25 
2 22 19 16 9 25 
2 22 19 16 9 17 
2 22 19 23 9 17 
2 22 19 23 27 17 
2 13 19 23 27 17 
2 13 19 20 27 17 
2 13 19 20 1 17 
2 13 20 23 1 17 
2 13 20 23 0 19 
21 9 20 23 0 19 
21 9 20 23 1 19 
21 27 20 23 1 19 
21 27 11 23 1 19 
21 27 11 23 1 19 
21 27 11 23 1 15 
21 27 11 7 1 15 
21 27 11 7 1 15 
21 27 11 7 1 10 
3 27 11 7 1 10 
3 27 11 7 1 10 
3 27 11 7 1 9 
3 27 11 7 1 9 
3 27 11 7 1 9 
3 27 11 7 0 9 
3 27 11 7 0 9 
3 2 11 7 0 9 
0 0 0 0 0 0 
;
ROBOT MOVING BEST:
0 0 0 0 0 0 
1 1 0 0 0 0 
1 0 1 0 0 0 
0 1 1 0 0 0 
1 0 0 1 0 0 
0 1 0 1 0 0 
0 0 1 1 0 0 
1 0 0 0 1 0 
1 0 0 0 0 1 
0 1 0 0 1 0 
0 1 0 0 0 1 
0 0 1 0 1 0 
0 0 1 0 0 1 
0 0 0 1 1 0 
0 0 0 1 0 1 
0 0 0 0 1 1 
1 0 0 0 0 1 
0 1 0 0 0 1 
0 0 1 0 0 1 
0 0 0 1 0 1 
0 0 0 0 1 1 
0 0 1 0 0 1 
1 0 0 1 0 0 
0 1 0 1 0 0 
0 0 1 1 0 0 
0 0 0 1 1 0 
0 0 0 1 0 1 
0 0 1 1 0 0 
1 0 0 0 0 1 
0 1 0 0 0 1 
0 0 1 0 0 1 
0 0 0 1 0 1 
0 0 0 0 1 1 
0 0 0 0 1 1 
0 0 1 0 0 1 
1 0 0 1 0 0 
0 1 0 1 0 0 
0 0 1 1 0 0 
0 0 0 1 1 0 
0 0 0 1 0 1 
0 0 0 1 1 0 
1 0 0 0 0 1 
0 1 0 0 0 1 
0 0 0 1 0 1 
0 0 1 0 0 1 
0 0 0 0 1 1 
0 0 0 0 1 1 
0 1 0 1 0 0 
0 1 0 0 0 1 
0 0 1 0 0 1 
1 0 0 1 0 0 
1 0 1 0 0 0 
1 0 0 0 0 1 
0 1 0 0 0 1 
0 0 1 0 0 1 
0 0 0 1 0 1 
0 0 0 0 1 1 
0 0 0 0 1 1 
1 0 1 0 0 0 
0 0 1 0 0 1 
0 1 0 0 0 1 
1 0 0 1 0 0 
0 1 0 1 0 0 
0 0 1 1 0 0 
0 0 0 1 1 0 
0 0 0 1 0 1 
0 0 0 1 1 0 
0 0 1 1 0 0 
0 1 0 1 0 0 
1 0 0 0 0 1 
0 1 0 0 0 1 
0 0 1 0 0 1 
0 0 0 1 0 1 
0 0 0 0 1 1 
0 0 0 0 1 1 
1 0 0 1 0 0 
0 1 0 1 0 0 
0 0 1 1 0 0 
0 0 1 0 0 1 
0 0 0 1 1 0 
0 0 0 1 0 1 
0 0 0 1 1 0 
1 0 0 0 0 1 
0 1 0 0 0 1 
0 0 1 0 0 1 
0 0 1 1 0 0 
0 0 0 0 1 1 
0 0 0 1 0 1 
0 0 0 0 1 1 
0 0 1 0 0 1 
0 0 0 1 0 1 
0 1 0 0 0 1 
1 0 1 0 0 0 
1 0 0 1 0 0 
1 0 0 0 0 1 
0 1 0 1 0 0 
0 1 0 0 0 1 
0 0 0 1 1 0 
0 0 0 0 1 1 
0 1 1 0 0 0 
1 0 1 0 0 0 
0 0 1 0 1 0 
0 0 1 0 0 1 
1 0 0 1 0 0 
0 1 0 1 0 0 
0 0 1 1 0 0 
0 0 0 1 1 0 
1 0 0 0 0 1 
0 1 0 0 0 1 
0 0 1 0 0 1 
0 0 0 0 1 1 
0 1 0 1 0 0 
0 1 0 0 0 1 
1 0 1 0 0 0 
1 0 0 1 0 0 
1 0 0 0 0 1 
0 0 1 0 0 1 
1 0 0 1 0 0 
1 0 0 0 1 0 
0 0 0 1 0 1 
0 1 0 0 1 0 
0 1 1 0 0 0 
1 0 1 0 0 0 
0 0 1 1 0 0 
0 0 1 0 1 0 
0 0 1 0 0 1 
1 0 1 0 0 0 
1 0 0 1 0 0 
0 1 1 0 0 0 
0 1 0 1 0 0 
0 0 1 1 0 0 
0 0 1 0 1 0 
0 0 1 0 0 1 
0 0 0 1 1 0 
0 0 0 1 0 1 
1 0 1 0 0 0 
0 1 1 0 0 0 
0 0 1 1 0 0 
0 0 1 0 1 0 
0 0 1 0 0 1 
1 0 1 0 0 0 
0 1 1 0 0 0 
0 0 1 1 0 0 
0 0 1 0 1 0 
0 0 1 0 0 1 
0 0 0 1 0 1 
1 0 1 0 0 0 
0 1 1 0 0 0 
0 0 1 1 0 0 
0 0 1 0 1 0 
0 0 1 0 0 1 
0 0 1 0 0 1 
1 0 0 1 0 0 
0 1 0 1 0 0 
0 0 1 1 0 0 
0 0 0 1 1 0 
0 0 0 1 0 1 
0 0 1 1 0 0 
0 0 1 0 0 1 
1 0 0 1 0 0 
0 0 0 1 0 1 
1 1 0 0 0 0 
0 1 1 0 0 0 
0 1 0 1 0 0 
1 0 0 0 1 0 
0 1 0 0 1 0 
0 0 1 0 1 0 
0 0 0 1 1 0 
0 0 0 0 1 1 
0 1 1 0 0 0 
0 0 1 0 1 0 
0 0 0 0 1 1 
1 0 0 1 0 0 
0 1 0 1 0 0 
0 0 1 1 0 0 
0 0 0 1 1 0 
0 0 0 1 0 1 
0 1 1 0 0 0 
0 0 1 1 0 0 
0 0 1 0 1 0 
0 0 1 0 0 1 
0 0 0 1 0 1 
1 0 1 0 0 0 
1 0 0 1 0 0 
1 0 1 0 0 0 
0 1 1 0 0 0 
0 0 1 1 0 0 
0 0 1 0 1 0 
0 0 1 0 0 1 
1 0 0 1 0 0 
0 1 0 1 0 0 
0 0 1 1 0 0 
0 0 0 1 1 0 
0 0 0 1 0 1 
0 0 1 1 0 0 
0 0 0 1 0 1 
1 0 0 1 0 0 
1 1 0 0 0 0 
0 1 1 0 0 0 
0 1 0 1 0 0 
0 1 0 0 1 0 
1 0 0 0 0 1 
0 1 1 0 0 0 
0 0 1 0 0 1 
0 0 0 1 0 1 
0 0 0 0 1 1 
0 0 1 0 0 1 
1 1 0 0 0 0 
0 1 1 0 0 0 
0 1 0 1 0 0 
0 1 0 0 1 0 
1 1 0 0 0 0 
0 1 1 0 0 0 
0 1 0 1 0 0 
0 1 0 0 1 0 
1 0 0 0 0 1 
0 0 1 0 0 1 
0 0 0 1 0 1 
0 0 0 0 1 1 
0 1 1 0 0 0 
0 0 1 0 0 1 
1 1 0 0 0 0 
1 0 0 0 0 1 
1 0 0 1 0 0 
0 1 0 1 0 0 
0 0 1 1 0 0 
0 0 0 1 1 0 
0 0 0 1 0 1 
1 1 0 0 0 0 
0 1 1 0 0 0 
0 1 0 1 0 0 
1 0 0 0 0 1 
0 0 0 1 0 1 
0 1 0 0 1 0 
0 0 1 1 0 0 
1 0 0 0 0 1 
0 0 0 1 1 0 
1 1 0 0 0 0 
1 0 1 0 0 0 
0 1 1 0 0 0 
0 0 1 1 0 0 
0 0 1 0 1 0 
0 0 1 0 0 1 
0 1 1 0 0 0 
0 0 1 0 0 1 
1 0 0 0 0 1 
0 0 1 1 0 0 
1 0 0 0 1 0 
0 1 0 0 1 0 
0 0 1 0 1 0 
0 0 0 1 1 0 
0 0 0 0 1 1 
0 1 0 0 1 0 
0 0 0 0 1 1 
1 0 0 1 0 0 
0 0 1 1 0 0 
0 0 0 1 1 0 
1 1 0 0 0 0 
0 1 1 0 0 0 
1 0 0 0 0 1 
0 1 0 0 1 0 
0 0 1 0 0 1 
0 0 0 1 0 1 
0 0 0 0 1 1 
1 1 0 0 0 0 
0 1 1 0 0 0 
0 1 0 1 0 0 
0 1 0 0 1 0 
1 0 0 0 0 1 
0 0 1 0 0 1 
0 0 0 1 0 1 
0 0 0 0 1 1 
1 1 0 0 0 0 
0 1 1 0 0 0 
0 1 0 1 0 0 
0 1 0 0 1 0 
1 0 0 0 0 1 
0 0 1 0 0 1 
0 0 0 1 0 1 
0 0 0 0 1 1 
0 1 0 1 0 0 
0 0 0 1 0 1 
1 1 0 0 0 0 
1 0 0 0 1 0 
1 0 0 0 0 1 
0 1 1 0 0 0 
0 0 1 0 1 0 
0 1 1 0 0 0 
0 0 1 0 1 0 
0 0 1 0 0 1 
0 1 0 1 0 0 
0 0 0 1 1 0 
0 0 0 1 0 1 
1 0 0 1 0 0 
0 0 1 0 0 1 
1 1 0 0 0 0 
0 1 1 0 0 0 
0 1 0 1 0 0 
0 1 0 0 1 0 
1 0 0 0 0 1 
0 0 1 0 0 1 
0 0 0 1 0 1 
0 0 0 0 1 1 
0 1 0 1 0 0 
0 1 0 0 1 0 
0 0 1 0 0 1 
1 0 0 1 0 0 
1 0 1 0 0 0 
0 1 1 0 0 0 
0 0 1 1 0 0 
0 0 1 0 0 1 
0 0 1 0 1 0 
0 1 1 0 0 0 
0 0 1 0 0 1 
1 0 0 1 0 0 
0 1 0 1 0 0 
0 0 1 1 0 0 
0 0 0 1 1 0 
0 0 0 1 0 1 
0 1 1 0 0 0 
0 1 0 1 0 0 
0 0 0 1 0 1 
1 0 0 1 0 0 
0 0 1 1 0 0 
0 1 1 0 0 0 
0 1 0 1 0 0 
1 0 0 1 0 0 
1 0 0 0 1 0 
1 0 0 0 0 1 
0 0 1 0 0 1 
0 0 0 1 0 1 
0 1 0 1 0 0 
0 0 1 1 0 0 
0 0 1 0 0 1 
1 0 0 0 1 0 
0 1 0 1 0 0 
0 0 1 1 0 0 
0 0 0 1 0 1 
1 0 0 0 0 1 
0 0 0 1 1 0 
0 0 1 1 0 0 
0 1 0 1 0 0 
1 0 0 0 0 1 
0 0 0 1 1 0 
0 1 0 1 0 0 
0 0 0 1 1 0 
0 0 0 1 0 1 
1 1 0 0 0 0 
1 0 1 0 0 0 
0 0 1 1 0 0 
1 0 0 0 0 1 
1 0 0 0 1 0 
1 1 0 0 0 0 
0 0 1 1 0 0 
1 0 0 0 0 1 
0 0 1 1 0 0 
1 0 0 0 1 0 
1 1 0 0 0 0 
0 0 1 1 0 0 
1 0 0 0 1 0 
0 0 1 1 0 0 
0 0 0 0 1 1 
1 1 0 0 0 0 
1 0 0 0 1 0 
1 1 0 0 0 0 
0 1 1 0 0 0 
0 0 1 0 1 0 
0 0 1 0 0 1 
0 1 0 1 0 0 
0 0 0 1 1 0 
0 0 1 0 0 1 
1 1 0 0 0 0 
1 0 0 0 1 0 
1 0 0 0 0 1 
0 0 1 0 0 1 
0 0 0 1 0 1 
0 0 1 0 1 0 
0 0 0 1 1 0 
0 1 1 0 0 0 
1 1 1 1 0 1 
;
TIMETABLE BEST: 
0.0 0.0 0.0 0.0 0.0 0.0 
14 14 0 0 0 0 
17 14 17 0 0 0 
17 17 17 0 0 0 
18 17 17 18 0 0 
18 18 17 18 0 0 
18 18 18 18 0 0 
24 18 18 18 24 0 
24 18 18 18 24 24 
24 24 18 18 24 24 
24 24 18 18 24 24 
24 24 24 18 24 24 
24 24 24 18 24 24 
24 24 24 24 24 24 
24 24 24 24 24 24 
24 24 24 24 24 24 
36 24 24 24 24 36 
36 36 24 24 24 36 
36 36 36 24 24 36 
36 36 36 36 24 36 
36 36 36 36 36 36 
36 36 45 36 36 45 
51 36 45 51 36 45 
51 51 45 51 36 45 
51 51 51 51 36 45 
51 51 51 51 51 45 
51 51 51 51 51 51 
51 51 62 62 51 51 
64 51 62 62 51 64 
64 64 62 62 51 64 
64 64 64 62 51 64 
64 64 64 64 51 64 
64 64 64 64 64 64 
64 64 64 64 73 73 
64 64 76 64 73 76 
79 64 76 79 73 76 
79 79 76 79 73 76 
79 79 79 79 73 76 
79 79 79 79 79 76 
79 79 79 79 79 79 
79 79 79 88 88 79 
90 79 79 88 88 90 
90 90 79 88 88 90 
90 90 79 90 88 90 
90 90 90 90 88 90 
90 90 90 90 90 90 
90 90 90 90 99 99 
90 102 90 102 99 99 
90 102 90 102 99 102 
90 102 103 102 99 103 
108 102 103 108 99 103 
108 102 108 108 99 103 
115 102 108 108 99 115 
115 115 108 108 99 115 
115 115 115 108 99 115 
115 115 115 115 99 115 
115 115 115 115 115 115 
115 115 115 115 124 124 
126 115 126 115 124 124 
126 115 126 115 124 126 
126 127 126 115 124 127 
129 127 126 129 124 127 
129 129 126 129 124 127 
129 129 129 129 124 127 
129 129 129 129 129 127 
129 129 129 129 129 129 
129 129 129 138 138 129 
129 129 140 140 138 129 
129 141 140 141 138 129 
142 141 140 141 138 142 
142 142 140 141 138 142 
142 142 142 141 138 142 
142 142 142 142 138 142 
142 142 142 142 142 142 
142 142 142 142 151 151 
153 142 142 153 151 151 
153 153 142 153 151 151 
153 153 153 153 151 151 
153 153 153 153 151 153 
153 153 153 153 153 153 
153 153 153 153 153 153 
153 153 153 162 162 153 
164 153 153 162 162 164 
164 164 153 162 162 164 
164 164 164 162 162 164 
164 164 164 164 162 164 
164 164 164 164 164 164 
164 164 164 164 164 164 
164 164 164 164 173 173 
164 164 175 164 173 175 
164 164 175 175 173 175 
164 176 175 175 173 176 
179 176 179 175 173 176 
179 176 179 179 173 176 
179 176 179 179 173 179 
179 188 179 188 173 179 
179 188 179 188 173 188 
179 188 179 190 190 188 
179 188 179 190 190 190 
179 191 191 190 190 190 
191 191 191 190 190 190 
191 191 191 190 191 190 
191 191 191 190 191 191 
201 191 191 201 191 191 
201 201 191 201 191 191 
201 201 201 201 191 191 
201 201 201 201 201 191 
202 201 201 201 201 202 
202 202 201 201 201 202 
202 202 202 201 201 202 
202 202 202 201 202 202 
202 214 202 214 202 202 
202 214 202 214 202 214 
217 214 217 214 202 214 
217 214 217 217 202 214 
225 214 217 217 202 225 
225 214 225 217 202 225 
228 214 225 228 202 225 
235 214 225 228 235 225 
235 214 225 238 235 238 
235 244 225 238 244 238 
235 245 245 238 244 238 
245 245 245 238 244 238 
245 245 245 245 244 238 
245 245 245 245 245 238 
245 245 245 245 245 245 
258 245 258 245 245 245 
258 245 258 258 245 245 
258 258 258 258 245 245 
258 258 258 258 245 245 
258 258 258 258 245 245 
258 258 258 258 258 245 
258 258 258 258 258 258 
258 258 258 258 258 258 
258 258 258 258 258 258 
268 258 268 258 258 258 
268 268 268 258 258 258 
268 268 268 268 258 258 
268 268 268 268 268 258 
268 268 268 268 268 268 
279 268 279 268 268 268 
279 279 279 268 268 268 
279 279 279 279 268 268 
279 279 279 279 279 268 
279 279 279 279 279 279 
279 279 279 279 279 279 
290 279 290 279 279 279 
290 290 290 279 279 279 
290 290 290 290 279 279 
290 290 290 290 290 279 
290 290 290 290 290 290 
290 290 301 290 290 301 
303 290 301 303 290 301 
303 303 301 303 290 301 
303 303 303 303 290 301 
303 303 303 303 303 301 
303 303 303 303 303 303 
303 303 314 314 303 303 
303 303 314 314 303 314 
318 303 314 318 303 314 
318 303 314 318 303 318 
321 321 314 318 303 318 
321 321 321 318 303 318 
321 321 321 321 303 318 
322 321 321 321 322 318 
322 322 321 321 322 318 
322 322 322 321 322 318 
322 322 322 322 322 318 
322 322 322 322 322 322 
322 333 333 322 322 322 
322 333 333 322 333 322 
322 333 333 322 333 333 
334 333 333 334 333 333 
334 334 333 334 333 333 
334 334 334 334 333 333 
334 334 334 334 334 333 
334 334 334 334 334 334 
334 345 345 334 334 334 
334 345 345 345 334 334 
334 345 345 345 345 334 
334 345 345 345 345 345 
334 345 345 345 345 345 
347 345 347 345 345 345 
347 345 347 347 345 345 
357 345 357 347 345 345 
357 357 357 347 345 345 
357 357 357 357 345 345 
357 357 357 357 357 345 
357 357 357 357 357 357 
369 357 357 369 357 357 
369 369 357 369 357 357 
369 369 369 369 357 357 
369 369 369 369 369 357 
369 369 369 369 369 369 
369 369 379 379 369 369 
369 369 379 380 369 380 
381 369 379 381 369 380 
383 383 379 381 369 380 
383 383 383 381 369 380 
383 383 383 383 369 380 
383 383 383 383 383 380 
393 383 383 383 383 393 
393 393 393 383 383 393 
393 393 393 383 383 393 
393 393 393 393 383 393 
393 393 393 393 393 393 
393 393 403 393 393 403 
404 404 403 393 393 403 
404 404 404 393 393 403 
404 404 404 404 393 403 
404 404 404 404 404 403 
413 413 404 404 404 403 
413 413 413 404 404 403 
413 413 413 413 404 403 
413 413 413 413 413 403 
414 413 413 413 413 414 
414 413 414 413 413 414 
414 413 414 414 413 414 
414 413 414 414 414 414 
414 424 424 414 414 414 
414 424 424 414 414 424 
426 426 424 414 414 424 
426 426 424 414 414 426 
430 426 424 430 414 426 
430 430 424 430 414 426 
430 430 430 430 414 426 
430 430 430 430 430 426 
430 430 430 430 430 430 
439 439 430 430 430 430 
439 439 439 430 430 430 
439 439 439 439 430 430 
441 439 439 439 430 441 
441 439 439 441 430 441 
441 449 439 441 449 441 
441 449 449 449 449 441 
454 449 449 449 449 454 
454 449 449 449 449 454 
458 458 449 449 449 454 
462 458 462 449 449 454 
462 462 462 449 449 454 
462 462 462 462 449 454 
462 462 462 462 462 454 
462 462 462 462 462 462 
462 471 471 462 462 462 
462 471 473 462 462 473 
473 471 473 462 462 473 
473 471 474 474 462 473 
479 471 474 474 479 473 
479 479 474 474 479 473 
479 479 479 474 479 473 
479 479 479 479 479 473 
479 479 479 479 479 479 
479 488 479 479 488 479 
479 488 479 479 490 490 
491 488 479 491 490 490 
491 488 491 491 490 490 
491 488 491 491 491 490 
499 499 491 491 491 490 
499 499 499 491 491 490 
503 499 499 491 491 503 
503 499 499 491 499 503 
503 499 503 491 499 503 
503 499 503 503 499 503 
503 499 503 503 503 503 
511 511 503 503 503 503 
511 511 511 503 503 503 
511 511 511 511 503 503 
511 511 511 511 511 503 
515 511 511 511 511 515 
515 511 515 511 511 515 
515 511 515 515 511 515 
515 511 515 515 515 515 
523 523 515 515 515 515 
523 523 523 515 515 515 
523 523 523 523 515 515 
523 523 523 523 523 515 
526 523 523 523 523 526 
526 523 526 523 523 526 
526 523 526 526 523 526 
526 523 526 526 526 526 
526 538 526 538 526 526 
526 538 526 538 526 538 
539 539 526 538 526 538 
539 539 526 538 539 538 
539 539 526 538 539 539 
539 539 539 538 539 539 
539 539 539 538 539 539 
539 549 549 538 539 539 
539 549 549 538 549 539 
539 549 549 538 549 549 
539 550 549 550 549 549 
539 550 549 550 550 549 
539 550 549 550 550 550 
551 550 549 551 550 550 
551 550 559 551 550 559 
562 562 559 551 550 559 
562 562 562 551 550 559 
562 562 562 562 550 559 
562 567 562 562 567 559 
570 567 562 562 567 570 
570 567 570 562 567 570 
570 567 570 570 567 570 
570 567 570 570 570 570 
570 579 570 579 570 570 
570 579 570 579 579 570 
570 579 580 579 579 580 
582 579 580 582 579 580 
591 579 591 582 579 580 
591 591 591 582 579 580 
591 591 591 591 579 580 
591 591 591 591 579 591 
591 591 596 591 596 591 
591 602 602 591 596 591 
591 602 602 591 596 602 
609 602 602 609 596 602 
609 609 602 609 596 602 
609 609 609 609 596 602 
609 609 609 609 609 602 
609 609 609 609 609 609 
609 618 618 609 609 609 
609 618 618 618 609 609 
609 618 618 620 609 620 
621 618 618 621 609 620 
621 618 629 629 609 620 
621 630 630 629 609 620 
621 630 630 630 609 620 
633 630 630 633 609 620 
633 630 630 633 633 620 
633 630 630 633 633 633 
633 630 633 633 633 633 
633 630 633 633 633 633 
633 642 633 642 633 633 
633 642 643 643 633 633 
633 642 643 643 633 643 
644 642 643 643 644 643 
644 654 643 654 644 643 
644 654 654 654 644 643 
644 654 654 654 644 654 
656 654 654 654 644 656 
656 654 654 657 657 656 
656 654 664 664 657 656 
656 666 664 666 657 656 
668 666 664 666 657 668 
668 666 664 668 668 668 
668 679 664 679 668 668 
668 679 664 679 679 668 
668 679 664 681 679 681 
686 686 664 681 679 681 
687 686 687 681 679 681 
687 686 687 687 679 681 
694 686 687 687 679 694 
695 686 687 687 695 694 
698 698 687 687 695 694 
698 698 698 698 695 694 
706 698 698 698 695 706 
706 698 709 709 695 706 
710 698 709 709 710 706 
717 717 709 709 710 706 
717 717 719 719 710 706 
725 717 719 719 725 706 
725 717 732 732 725 706 
725 717 732 732 743 743 
752 752 732 732 743 743 
761 752 732 732 761 743 
767 767 732 732 761 743 
767 767 767 732 761 743 
767 767 767 732 767 743 
767 767 767 732 767 767 
767 768 767 768 767 767 
767 768 767 768 768 767 
767 768 778 768 768 778 
779 779 778 768 768 778 
779 779 778 768 779 778 
792 779 778 768 779 792 
792 779 792 768 779 792 
792 779 792 792 779 792 
792 779 797 792 797 792 
792 779 797 797 797 792 
792 798 798 797 797 792 
850.0 834.0 869.0 871.0 797.0 838.0 
;
EXECUTION TIME HBSS: 4864.72196388 seconds 

-------------------------------------------------------------------
