DATFILE : bwopen0_3r_1000.dat
ENVIRONMENT : bwopen
ALGORITHM : HBSS - TAU 4
RANGE : 1000
STARTING_POS : 0
N_ROBOTS : 3
GREEDY SOLUTION : 2491.0
COMPUTATIONS T :
2703.0
2584.0
2457.0
2501.0
2536.0
2581.0
2542.0
2533.0
2572.0
2625.0
2499.0
2643.0
2539.0
2576.0
2518.0
2595.0
2586.0
2644.0
2523.0
2631.0
2495.0
2476.0
2600.0
2524.0
2518.0
2629.0
2532.0
2508.0
2594.0
2423.0
2524.0
2613.0
2553.0
2589.0
2584.0
2638.0
2637.0
2533.0
2531.0
2497.0
2576.0
2577.0
2597.0
2511.0
2543.0
2519.0
2699.0
2544.0
2565.0
2621.0
2542.0
2569.0
2603.0
2543.0
2651.0
2594.0
2568.0
2622.0
2504.0
2525.0
2619.0
2575.0
2502.0
2496.0
2624.0
2544.0
2560.0
2494.0
2595.0
2518.0
2609.0
2626.0
2475.0
2619.0
2675.0
2568.0
2469.0
2626.0
2562.0
2603.0
2682.0
2478.0
2531.0
2483.0
2641.0
2585.0
2492.0
2514.0
2615.0
2485.0
2645.0
2584.0
2661.0
2520.0
2659.0
2555.0
2644.0
2557.0
2537.0
2584.0
2500.0
2676.0
2597.0
2575.0
2610.0
2485.0
2562.0
2586.0
2609.0
2536.0
2491.0
2623.0
2482.0
2636.0
2564.0
2555.0
2597.0
2565.0
2535.0
2498.0
2618.0
2552.0
2533.0
2657.0
2565.0
2453.0
2548.0
2427.0
2551.0
2618.0
2496.0
2505.0
2642.0
2574.0
2646.0
2533.0
2543.0
2490.0
2653.0
2582.0
2583.0
2586.0
2575.0
2666.0
2583.0
2527.0
2510.0
2528.0
2637.0
2604.0
2433.0
2602.0
2605.0
2523.0
2465.0
2450.0
2547.0
2553.0
2514.0
2489.0
2602.0
2513.0
2677.0
2583.0
2525.0
2555.0
2549.0
2557.0
2642.0
2579.0
2576.0
2537.0
2594.0
2630.0
2619.0
2570.0
2616.0
2546.0
2585.0
2538.0
2570.0
2580.0
2594.0
2495.0
2480.0
2629.0
2639.0
2603.0
2539.0
2500.0
2475.0
2531.0
2633.0
2459.0
2630.0
2660.0
2629.0
2593.0
2552.0
2579.0
;
HBBS bestT : 2423.0
BEST_CONFIGURATIONS : 
0 0 0 
0 4 0 
0 4 1 
0 4 1 
0 26 1 
0 26 1 
0 5 1 
0 5 1 
0 22 1 
0 22 27 
0 22 27 
0 26 27 
4 26 27 
4 26 27 
4 5 27 
4 5 27 
26 5 27 
26 5 9 
26 5 9 
22 5 9 
22 5 9 
22 26 9 
22 26 10 
22 26 10 
22 5 10 
8 5 10 
8 5 10 
8 5 15 
8 26 15 
8 26 15 
8 5 15 
13 5 10 
13 5 10 
13 26 10 
13 26 15 
13 4 15 
13 4 15 
17 4 10 
17 4 10 
17 4 10 
17 26 10 
17 26 15 
17 5 15 
17 5 14 
17 5 14 
17 26 14 
13 26 14 
13 22 14 
13 22 14 
17 22 14 
17 22 18 
17 22 18 
13 22 18 
13 26 18 
13 5 18 
25 5 18 
25 5 18 
25 5 14 
25 26 14 
25 4 14 
25 4 14 
25 22 14 
25 22 15 
25 22 15 
25 22 10 
25 8 10 
17 8 24 
17 8 24 
17 8 24 
13 8 24 
13 8 24 
13 22 24 
8 22 24 
8 26 24 
4 26 24 
4 5 24 
0 5 24 
0 5 6 
0 1 6 
0 1 21 
0 1 21 
0 1 3 
0 1 3 
4 1 3 
4 27 3 
26 27 3 
26 9 3 
5 9 3 
5 10 3 
22 10 3 
22 15 3 
8 15 3 
8 14 3 
8 14 3 
8 18 3 
8 18 3 
8 18 21 
8 14 21 
8 18 21 
22 18 21 
26 18 21 
26 15 21 
5 15 21 
5 10 21 
1 10 21 
1 10 7 
1 10 7 
1 15 7 
1 15 7 
1 14 7 
1 14 7 
1 18 7 
1 18 7 
1 25 7 
1 25 7 
1 17 7 
1 17 7 
1 13 7 
1 13 7 
1 13 21 
27 13 21 
27 13 6 
27 17 6 
27 17 6 
27 13 6 
9 13 6 
9 13 6 
9 17 6 
9 17 21 
9 17 21 
9 25 21 
9 25 7 
9 25 21 
24 25 21 
24 25 3 
24 25 3 
24 25 21 
24 18 21 
24 14 21 
24 14 6 
24 14 6 
24 18 6 
10 18 6 
10 18 6 
10 14 6 
10 14 24 
10 15 24 
10 15 24 
15 14 24 
15 14 6 
15 18 6 
15 18 11 
15 18 11 
10 18 11 
10 14 11 
24 14 11 
24 9 11 
24 9 11 
10 9 11 
15 9 11 
15 9 12 
15 9 12 
10 9 12 
10 27 12 
10 27 12 
15 27 12 
15 27 16 
15 27 16 
10 27 16 
10 1 16 
24 1 16 
24 1 16 
24 1 12 
24 1 12 
6 1 12 
6 5 12 
6 5 12 
6 26 12 
6 26 12 
6 4 12 
6 4 16 
6 4 16 
6 4 23 
6 4 23 
6 4 20 
6 4 20 
6 26 20 
21 26 20 
21 5 20 
7 5 20 
7 5 20 
7 26 20 
7 26 23 
7 26 23 
7 5 23 
21 5 23 
21 22 23 
6 22 23 
6 22 20 
24 22 20 
24 8 20 
6 8 20 
6 8 23 
24 8 23 
24 13 23 
10 13 20 
10 13 20 
10 13 23 
10 17 23 
15 17 20 
15 17 20 
15 17 23 
15 25 23 
15 25 20 
14 25 20 
14 25 23 
14 18 23 
14 18 23 
18 18 16 
18 14 16 
14 14 12 
18 14 12 
18 9 12 
14 9 12 
14 9 16 
14 9 23 
9 9 20 
9 27 20 
9 27 20 
9 27 19 
9 27 19 
9 1 19 
9 1 19 
9 1 20 
9 1 23 
27 1 23 
27 1 23 
9 0 23 
9 0 16 
9 0 12 
10 0 12 
15 0 12 
15 0 23 
14 0 23 
18 0 20 
18 0 20 
18 0 20 
25 0 20 
25 0 19 
25 0 19 
17 0 19 
13 0 19 
13 0 19 
17 0 19 
17 4 19 
17 26 19 
18 26 19 
18 5 19 
14 5 19 
14 22 19 
15 22 19 
15 8 19 
10 8 19 
24 8 19 
6 25 19 
6 25 19 
21 25 19 
3 13 19 
3 17 19 
3 17 19 
3 17 20 
7 8 20 
7 8 19 
7 22 19 
7 4 19 
7 4 18 
21 4 18 
21 8 9 
11 8 9 
11 8 27 
11 8 27 
11 22 27 
11 22 1 
11 22 1 
11 26 1 
11 26 0 
11 5 0 
11 5 4 
11 22 4 
11 8 4 
11 13 4 
11 17 4 
11 17 13 
11 25 13 
11 25 13 
11 25 17 
12 13 17 
12 17 17 
12 17 8 
16 13 8 
16 13 8 
16 17 8 
16 17 22 
12 25 22 
12 25 22 
16 25 22 
16 25 26 
16 25 5 
12 25 4 
12 9 4 
7 9 0 
7 27 0 
21 27 0 
21 1 8 
2 1 8 
2 1 8 
2 1 22 
2 27 22 
2 27 26 
2 9 26 
2 9 5 
2 10 5 
2 10 4 
2 15 4 
2 15 0 
2 14 0 
2 18 0 
2 14 27 
24 14 27 
24 18 27 
6 18 2 
6 17 2 
6 13 2 
21 13 2 
3 13 2 
3 25 2 
7 25 2 
7 19 2 
12 19 2 
12 19 2 
16 19 2 
16 19 2 
23 19 2 
23 19 2 
20 19 2 
20 19 2 
23 20 2 
23 23 3 
16 23 3 
16 23 3 
16 20 3 
16 20 7 
12 20 7 
12 20 7 
12 23 7 
12 23 21 
12 16 21 
12 16 21 
12 12 3 
7 12 3 
21 7 3 
3 21 3 
3 21 6 
21 6 6 
21 6 11 
21 6 11 
7 6 11 
7 6 11 
7 24 11 
3 24 11 
3 2 11 
2 24 11 
2 11 12 
2 11 16 
11 11 23 
11 11 20 
11 19 20 
27 25 20 
0 8 20 
0 0 0 
;
ROBOT MOVING BEST:
0 0 0 
1 1 0 
1 0 1 
0 1 1 
1 1 0 
0 1 1 
1 1 0 
0 1 1 
1 1 0 
1 0 1 
0 1 1 
0 1 1 
1 1 0 
1 0 1 
1 1 0 
0 1 1 
1 1 0 
1 0 1 
0 1 1 
1 1 0 
1 0 1 
1 1 0 
1 0 1 
0 1 1 
0 1 1 
1 1 0 
1 0 1 
1 0 1 
1 1 0 
0 1 1 
0 1 1 
1 0 1 
1 1 0 
1 1 0 
1 0 1 
1 1 0 
0 1 1 
1 0 1 
1 1 0 
0 1 1 
1 1 0 
1 0 1 
1 1 0 
1 0 1 
0 1 1 
0 1 1 
1 0 1 
1 1 0 
0 1 1 
1 1 0 
1 0 1 
0 1 1 
1 0 1 
0 1 1 
0 1 1 
1 1 0 
1 0 1 
1 0 1 
1 1 0 
1 1 0 
0 1 1 
1 1 0 
1 0 1 
0 1 1 
1 0 1 
1 1 0 
1 0 1 
1 1 0 
0 1 1 
1 1 0 
1 0 1 
0 1 1 
1 1 0 
0 1 1 
1 0 1 
0 1 1 
1 0 1 
1 0 1 
0 1 1 
1 0 1 
0 1 1 
1 0 1 
0 1 1 
1 0 1 
0 1 1 
1 0 1 
0 1 1 
1 0 1 
0 1 1 
1 0 1 
0 1 1 
1 0 1 
1 1 0 
0 1 1 
1 1 0 
0 1 1 
1 0 1 
0 1 1 
0 1 1 
1 0 1 
1 0 1 
0 1 1 
1 0 1 
0 1 1 
1 1 0 
1 0 1 
0 1 1 
1 1 0 
0 1 1 
1 1 0 
0 1 1 
1 1 0 
0 1 1 
1 1 0 
0 1 1 
1 1 0 
0 1 1 
1 1 0 
0 1 1 
0 1 1 
1 1 0 
1 0 1 
1 1 0 
0 1 1 
0 1 1 
1 1 0 
1 0 1 
1 1 0 
1 0 1 
0 1 1 
1 1 0 
1 0 1 
0 1 1 
1 1 0 
1 0 1 
0 1 1 
1 0 1 
1 1 0 
1 1 0 
1 0 1 
0 1 1 
0 1 1 
1 1 0 
1 0 1 
1 1 0 
1 0 1 
1 1 0 
0 1 1 
1 1 0 
1 0 1 
1 1 0 
1 0 1 
0 1 1 
1 0 1 
0 1 1 
1 0 1 
0 1 1 
1 1 0 
1 1 0 
1 1 0 
1 0 1 
0 1 1 
1 0 1 
1 1 0 
0 1 1 
1 1 0 
1 0 1 
0 1 1 
1 0 1 
0 1 1 
1 1 0 
1 0 1 
1 0 1 
0 1 1 
1 0 1 
1 1 0 
0 1 1 
1 1 0 
0 1 1 
1 1 0 
1 0 1 
0 1 1 
1 0 1 
0 1 1 
1 0 1 
0 1 1 
0 1 1 
1 0 1 
0 1 1 
1 1 0 
1 0 1 
1 1 0 
1 0 1 
0 1 1 
0 1 1 
1 0 1 
0 1 1 
1 1 0 
0 1 1 
1 0 1 
0 1 1 
1 1 0 
0 1 1 
1 0 1 
0 1 1 
1 0 1 
0 1 1 
1 0 1 
0 1 1 
1 0 1 
0 1 1 
1 0 1 
0 1 1 
0 1 1 
1 0 1 
1 0 1 
1 1 0 
0 1 1 
1 0 1 
0 1 1 
1 0 1 
1 0 1 
1 1 0 
1 1 0 
0 1 1 
0 1 1 
1 0 1 
1 1 0 
0 1 1 
1 0 1 
0 1 1 
1 1 0 
0 1 1 
0 1 1 
0 1 1 
1 1 0 
1 0 1 
1 1 0 
0 1 1 
0 1 1 
1 1 0 
1 1 0 
0 1 1 
1 1 0 
1 0 1 
1 1 0 
0 1 1 
1 1 0 
1 0 1 
0 1 1 
1 1 0 
1 0 1 
1 1 0 
1 0 1 
0 1 1 
0 1 1 
1 0 1 
0 1 1 
1 0 1 
0 1 1 
1 0 1 
0 1 1 
1 0 1 
1 0 1 
1 1 0 
1 0 1 
1 0 1 
1 1 0 
1 1 0 
1 0 1 
1 0 1 
1 1 0 
1 0 1 
1 1 0 
1 1 0 
0 1 1 
1 1 0 
0 1 1 
1 1 0 
1 0 1 
0 1 1 
1 1 0 
1 0 1 
0 1 1 
1 1 0 
1 0 1 
1 1 0 
1 0 1 
0 1 1 
0 1 1 
1 1 0 
1 1 0 
0 1 1 
1 1 0 
0 1 1 
0 1 1 
1 1 0 
1 1 0 
1 0 1 
1 1 0 
1 0 1 
1 1 0 
1 0 1 
1 1 0 
1 0 1 
1 1 0 
1 0 1 
1 0 1 
1 0 1 
0 1 1 
1 0 1 
1 1 0 
1 1 0 
0 1 1 
1 1 0 
1 0 1 
1 0 1 
1 1 0 
1 0 1 
1 1 0 
1 0 1 
1 1 0 
1 0 1 
1 1 0 
1 0 1 
1 1 0 
1 1 0 
0 1 1 
1 0 1 
0 1 1 
1 0 1 
0 1 1 
0 1 1 
1 0 1 
1 0 1 
0 1 1 
1 0 1 
0 1 1 
1 1 0 
1 0 1 
1 1 0 
1 0 1 
1 1 0 
1 0 1 
1 1 0 
1 0 1 
1 1 0 
0 1 1 
1 1 0 
1 0 1 
1 1 0 
1 0 1 
1 1 0 
1 0 1 
1 1 0 
1 0 1 
1 1 0 
0 1 1 
0 1 1 
1 0 1 
1 1 0 
1 1 0 
1 0 1 
1 1 0 
1 0 1 
0 1 1 
1 1 0 
1 0 1 
1 1 0 
1 0 1 
0 1 1 
1 1 0 
0 1 1 
0 1 1 
1 0 1 
1 0 1 
1 1 0 
1 1 0 
1 1 0 
0 1 1 
;
TIMETABLE BEST: 
0.0 0.0 0.0 
14 14 0 
18 14 18 
18 18 18 
29 29 18 
29 29 29 
38 38 29 
38 38 38 
50 50 38 
53 50 53 
53 53 53 
53 64 64 
67 67 64 
67 67 67 
76 76 67 
76 76 76 
87 87 76 
91 87 91 
91 91 91 
102 102 91 
102 102 102 
111 111 102 
116 111 116 
116 116 116 
116 125 125 
128 128 125 
128 128 128 
139 128 139 
139 139 139 
139 139 139 
139 148 148 
159 148 159 
159 159 159 
168 168 159 
170 168 170 
179 179 170 
179 179 179 
190 179 190 
190 190 190 
190 190 190 
201 201 190 
201 201 201 
210 210 201 
214 210 214 
214 214 214 
214 223 223 
225 223 225 
234 234 225 
234 234 234 
245 245 234 
245 245 245 
245 245 245 
256 245 256 
256 256 256 
256 265 265 
269 269 265 
269 269 269 
280 269 280 
280 280 280 
291 291 280 
291 291 291 
303 303 291 
304 303 304 
304 304 304 
315 304 315 
316 316 315 
328 316 328 
328 328 328 
328 328 328 
339 339 328 
339 339 339 
339 351 351 
352 352 351 
352 363 363 
366 363 366 
366 372 372 
380 372 380 
393 372 393 
393 393 393 
405 393 405 
405 405 405 
417 405 417 
417 417 417 
431 417 431 
431 432 432 
442 432 442 
442 447 447 
451 447 451 
451 461 461 
463 461 463 
463 472 472 
475 472 475 
485 485 475 
485 485 485 
496 496 485 
496 496 496 
508 496 508 
508 508 508 
508 519 519 
520 519 520 
531 519 531 
531 537 537 
540 537 540 
540 548 548 
558 558 548 
560 558 560 
560 560 560 
571 571 560 
571 571 571 
584 584 571 
584 584 584 
595 595 584 
595 595 595 
608 608 595 
608 608 608 
620 620 608 
620 620 620 
631 631 620 
631 631 631 
631 643 643 
646 646 643 
655 646 655 
657 657 655 
657 657 657 
657 668 668 
672 672 668 
672 672 672 
683 683 672 
684 683 684 
684 684 684 
696 696 684 
696 696 696 
696 708 708 
711 711 708 
720 711 720 
720 720 720 
732 720 732 
733 733 732 
744 744 732 
744 744 744 
744 744 744 
744 755 755 
757 757 755 
757 757 757 
768 768 757 
770 768 770 
781 781 770 
781 781 781 
794 794 781 
794 794 794 
805 805 794 
811 805 811 
811 811 811 
822 811 822 
822 822 822 
835 822 835 
835 838 838 
838 838 838 
851 851 838 
862 862 838 
865 862 865 
865 865 865 
876 865 876 
880 880 876 
880 880 880 
891 891 880 
891 891 891 
891 891 891 
902 891 902 
902 906 906 
915 915 906 
915 915 915 
926 915 926 
926 926 926 
939 926 939 
944 944 939 
944 944 944 
953 953 944 
953 953 953 
964 964 953 
964 964 964 
964 964 964 
975 964 975 
975 975 975 
985 975 985 
985 985 985 
985 996 996 
997 996 997 
997 1005 1005 
1009 1009 1005 
1009 1009 1009 
1018 1018 1009 
1019 1018 1019 
1019 1019 1019 
1019 1028 1028 
1031 1028 1031 
1031 1040 1040 
1043 1043 1040 
1043 1050 1050 
1056 1050 1056 
1056 1062 1062 
1069 1069 1062 
1069 1072 1072 
1082 1072 1082 
1082 1085 1085 
1095 1085 1095 
1095 1095 1095 
1105 1095 1105 
1105 1106 1106 
1116 1106 1116 
1116 1116 1116 
1126 1116 1126 
1126 1128 1128 
1126 1138 1138 
1139 1138 1139 
1149 1138 1149 
1151 1151 1149 
1151 1151 1151 
1162 1151 1162 
1162 1162 1162 
1173 1162 1173 
1184 1162 1184 
1184 1184 1184 
1195 1195 1184 
1195 1195 1195 
1195 1206 1206 
1216 1206 1216 
1221 1221 1216 
1221 1221 1221 
1234 1221 1234 
1234 1234 1234 
1249 1249 1234 
1249 1249 1249 
1249 1262 1262 
1249 1272 1272 
1272 1272 1272 
1272 1272 1272 
1290 1290 1272 
1290 1290 1290 
1290 1301 1301 
1304 1304 1301 
1315 1315 1301 
1315 1323 1323 
1328 1328 1323 
1339 1328 1339 
1339 1339 1339 
1339 1339 1339 
1352 1352 1339 
1352 1352 1352 
1352 1352 1352 
1364 1364 1352 
1375 1364 1375 
1375 1375 1375 
1386 1375 1386 
1386 1389 1389 
1386 1400 1400 
1403 1400 1403 
1403 1409 1409 
1414 1409 1414 
1414 1421 1421 
1427 1421 1427 
1427 1433 1433 
1438 1433 1438 
1451 1433 1451 
1464 1464 1451 
1464 1464 1464 
1476 1464 1476 
1488 1488 1476 
1499 1499 1476 
1499 1499 1499 
1512 1499 1512 
1528 1528 1512 
1528 1528 1528 
1540 1540 1528 
1552 1552 1528 
1552 1552 1552 
1564 1564 1552 
1564 1579 1579 
1583 1583 1579 
1594 1583 1594 
1594 1594 1594 
1606 1606 1594 
1609 1606 1609 
1609 1609 1609 
1620 1620 1609 
1627 1620 1627 
1629 1629 1627 
1641 1629 1641 
1641 1641 1641 
1641 1653 1653 
1666 1666 1653 
1677 1677 1653 
1677 1680 1680 
1692 1692 1680 
1692 1692 1692 
1692 1703 1703 
1719 1719 1703 
1730 1730 1703 
1730 1730 1730 
1741 1741 1730 
1741 1741 1741 
1752 1752 1741 
1753 1752 1753 
1764 1764 1753 
1764 1764 1764 
1775 1775 1764 
1775 1775 1775 
1784 1775 1784 
1798 1775 1798 
1798 1807 1807 
1821 1807 1821 
1822 1822 1821 
1834 1834 1821 
1834 1849 1849 
1860 1860 1849 
1860 1860 1860 
1872 1860 1872 
1875 1875 1872 
1883 1875 1883 
1890 1890 1883 
1892 1890 1892 
1904 1904 1892 
1906 1904 1906 
1915 1915 1906 
1920 1915 1920 
1928 1928 1920 
1939 1939 1920 
1939 1953 1953 
1958 1953 1958 
1958 1964 1964 
1983 1964 1983 
1983 1983 1983 
1983 1994 1994 
1995 1994 1995 
2007 1994 2007 
2007 2007 2007 
2023 2007 2023 
2023 2040 2040 
2041 2041 2040 
2041 2041 2041 
2052 2052 2041 
2052 2052 2052 
2063 2063 2052 
2063 2063 2063 
2073 2073 2063 
2073 2073 2073 
2086 2086 2073 
2086 2096 2096 
2097 2097 2096 
2097 2097 2097 
2107 2107 2097 
2113 2107 2113 
2124 2124 2113 
2124 2124 2124 
2134 2134 2124 
2136 2134 2136 
2145 2145 2136 
2145 2145 2145 
2145 2157 2157 
2163 2157 2163 
2175 2175 2163 
2187 2187 2163 
2187 2187 2187 
2199 2199 2187 
2204 2199 2204 
2204 2204 2204 
2216 2216 2204 
2216 2216 2216 
2229 2229 2216 
2245 2229 2245 
2245 2248 2248 
2267 2267 2248 
2267 2285 2285 
2267 2296 2296 
2307 2296 2307 
2317 2296 2317 
2326 2326 2317 
2364 2364 2317 
2397 2397 2317 
2397.0 2423.0 2413.0 
;
EXECUTION TIME HBSS: 1169.74049592 seconds 

-------------------------------------------------------------------
