DATFILE : bwopen0_2r_1000.dat
ENVIRONMENT : bwopen
ALGORITHM : HBSS - TAU 7
RANGE : 1000
STARTING_POS : 0
N_ROBOTS : 2
GREEDY SOLUTION : [ 5074.]
COMPUTATIONS D :
4996
5186
5052
5106
5004
5162
5074
5134
5116
5064
5026
5074
5044
5058
5100
5154
5166
5144
5038
5050
5136
5088
5120
4964
5074
5146
5118
5098
5122
5100
5066
5216
5142
5056
5178
5172
5150
5084
5120
5082
5188
5062
5074
5052
5090
5080
5076
5194
5118
5116
5142
5100
5106
5108
5112
5072
5190
5228
5178
4968
5146
5092
5220
5058
5174
5026
5186
5072
5050
5154
5064
5036
5138
5082
5258
5182
5074
5034
5202
5074
5028
5070
5066
5160
5080
5090
5098
5138
5040
4984
5060
5000
5172
5148
5134
5068
5042
5074
5086
5134
5082
5122
5138
5078
5208
5102
5128
5172
5114
5006
5028
5030
5118
5094
5160
5262
5050
5158
5074
5210
5196
4966
5300
5062
5090
5026
5004
5154
5060
4992
5034
5074
5082
5108
5182
5172
5102
5042
5136
5032
5150
5062
5254
5150
5130
5074
5170
5060
5050
5134
5034
5064
5126
5096
4894
5166
5052
5130
5246
5074
5244
5108
5074
5006
5108
5118
5088
5070
5226
5102
5078
5082
5050
5074
5120
5212
5074
5258
5078
5040
5104
5214
5136
5174
5150
5010
5028
5046
5034
5110
5120
5106
5192
5272
5008
5120
5158
5034
5212
5010
;
HBBS sumD : 4894
BEST_CONFIGURATIONS : 
0 0 
0 4 
0 26 
0 5 
0 22 
0 8 
0 13 
0 17 
0 25 
0 18 
0 14 
0 15 
0 10 
0 24 
0 6 
0 21 
0 3 
4 3 
26 3 
5 3 
22 3 
8 3 
8 21 
8 6 
22 6 
26 6 
5 6 
5 21 
26 21 
4 21 
4 6 
4 24 
26 24 
5 24 
22 24 
8 24 
8 10 
8 15 
22 15 
22 10 
4 10 
4 15 
26 15 
5 15 
5 10 
26 10 
26 9 
5 9 
22 9 
4 9 
0 9 
0 27 
4 27 
26 27 
5 27 
22 27 
8 27 
13 27 
17 27 
25 27 
18 27 
14 27 
15 27 
10 27 
24 27 
6 27 
21 27 
3 27 
3 1 
21 1 
6 1 
24 1 
10 1 
15 1 
14 1 
18 1 
25 1 
17 1 
13 1 
8 1 
22 1 
26 1 
5 1 
4 1 
0 1 
0 2 
4 2 
26 2 
5 2 
22 2 
8 2 
13 2 
17 2 
25 2 
18 2 
14 2 
15 2 
10 2 
24 2 
6 2 
21 2 
3 2 
7 2 
12 2 
16 2 
23 2 
20 2 
19 2 
19 6 
19 21 
19 3 
20 3 
23 3 
16 3 
12 3 
12 21 
16 21 
23 21 
20 21 
20 6 
23 6 
16 6 
12 6 
12 24 
16 24 
23 24 
20 24 
20 10 
23 10 
16 10 
12 10 
12 15 
16 15 
23 15 
20 15 
20 14 
23 14 
16 14 
12 14 
12 18 
16 18 
23 18 
20 18 
19 18 
19 14 
19 15 
19 10 
19 24 
19 9 
20 9 
23 9 
16 9 
12 9 
12 27 
16 27 
23 27 
20 27 
19 27 
19 1 
20 1 
23 1 
16 1 
12 1 
12 0 
16 0 
23 0 
20 0 
19 0 
19 4 
19 26 
19 5 
19 22 
19 8 
20 8 
23 8 
16 8 
12 8 
12 22 
12 26 
12 5 
16 5 
16 26 
16 4 
12 4 
7 4 
7 26 
7 5 
7 22 
7 8 
7 13 
7 17 
7 25 
21 25 
3 25 
3 17 
3 13 
21 13 
21 17 
6 17 
6 13 
6 25 
6 18 
6 14 
21 14 
21 18 
3 18 
3 14 
3 15 
3 10 
21 10 
21 15 
6 15 
6 10 
6 24 
21 24 
3 24 
3 6 
3 21 
3 7 
21 7 
6 7 
6 21 
11 21 
11 3 
11 7 
24 7 
10 7 
15 7 
14 7 
18 7 
19 7 
20 7 
23 7 
16 7 
12 7 
12 11 
16 11 
23 11 
20 11 
19 11 
18 11 
14 11 
15 11 
10 11 
24 11 
6 11 
2 11 
27 11 
1 11 
0 11 
4 11 
26 11 
5 11 
22 11 
8 11 
13 11 
17 11 
25 11 
25 24 
17 24 
13 24 
13 10 
17 10 
17 15 
13 15 
13 14 
13 18 
17 18 
17 14 
25 14 
25 18 
14 18 
15 18 
10 18 
10 25 
15 25 
15 14 
10 14 
10 15 
24 15 
24 10 
24 9 
6 9 
21 9 
3 9 
7 9 
7 27 
7 1 
7 0 
21 22 
16 22 
23 22 
20 22 
20 26 
20 5 
23 5 
23 26 
23 4 
20 4 
20 13 
23 13 
16 13 
12 13 
12 17 
16 17 
23 17 
20 17 
20 25 
23 25 
16 25 
12 25 
12 19 
16 19 
23 19 
20 19 
20 23 
20 16 
23 16 
23 12 
20 12 
16 12 
9 11 
9 10 
9 15 
9 14 
9 18 
9 25 
9 17 
9 13 
9 8 
14 8 
18 8 
18 22 
14 22 
14 26 
14 5 
18 5 
18 26 
18 4 
14 4 
25 4 
25 26 
25 5 
17 5 
17 26 
17 4 
13 4 
13 26 
13 5 
13 22 
17 22 
17 8 
13 8 
25 8 
25 22 
25 13 
25 17 
13 17 
13 19 
17 19 
25 19 
18 24 
14 24 
9 2 
27 2 
1 2 
1 27 
1 9 
27 9 
26 5 
4 5 
4 26 
4 22 
26 22 
5 22 
5 8 
26 8 
4 8 
22 8 
0 0 
;
ROBOT MOVING BEST:
0 0 
1 1 
1 1 
1 1 
1 1 
1 1 
1 1 
1 1 
1 1 
1 1 
1 1 
1 1 
1 1 
1 1 
1 1 
1 1 
1 1 
1 1 
1 1 
1 1 
1 1 
1 1 
1 1 
1 1 
1 1 
1 1 
1 1 
1 1 
1 1 
1 1 
1 1 
1 1 
1 1 
1 1 
1 1 
1 1 
1 1 
1 1 
1 1 
1 1 
1 1 
1 1 
1 1 
1 1 
1 1 
1 1 
1 1 
1 1 
1 1 
1 1 
1 1 
1 1 
1 1 
1 1 
1 1 
1 1 
1 1 
1 1 
1 1 
1 1 
1 1 
1 1 
1 1 
1 1 
1 1 
1 1 
1 1 
1 1 
1 1 
1 1 
1 1 
1 1 
1 1 
1 1 
1 1 
1 1 
1 1 
1 1 
1 1 
1 1 
1 1 
1 1 
1 1 
1 1 
1 1 
1 1 
1 1 
1 1 
1 1 
1 1 
1 1 
1 1 
1 1 
1 1 
1 1 
1 1 
1 1 
1 1 
1 1 
1 1 
1 1 
1 1 
1 1 
1 1 
1 1 
1 1 
1 1 
1 1 
1 1 
1 1 
1 1 
1 1 
1 1 
1 1 
1 1 
1 1 
1 1 
1 1 
1 1 
1 1 
1 1 
1 1 
1 1 
1 1 
1 1 
1 1 
1 1 
1 1 
1 1 
1 1 
1 1 
1 1 
1 1 
1 1 
1 1 
1 1 
1 1 
1 1 
1 1 
1 1 
1 1 
1 1 
1 1 
1 1 
1 1 
1 1 
1 1 
1 1 
1 1 
1 1 
1 1 
1 1 
1 1 
1 1 
1 1 
1 1 
1 1 
1 1 
1 1 
1 1 
1 1 
1 1 
1 1 
1 1 
1 1 
1 1 
1 1 
1 1 
1 1 
1 1 
1 1 
1 1 
1 1 
1 1 
1 1 
1 1 
1 1 
1 1 
1 1 
1 1 
1 1 
1 1 
1 1 
1 1 
1 1 
1 1 
1 1 
1 1 
1 1 
1 1 
1 1 
1 1 
1 1 
1 1 
1 1 
1 1 
1 1 
1 1 
1 1 
1 1 
1 1 
1 1 
1 1 
1 1 
1 1 
1 1 
1 1 
1 1 
1 1 
1 1 
1 1 
1 1 
1 1 
1 1 
1 1 
1 1 
1 1 
1 1 
1 1 
1 1 
1 1 
1 1 
1 1 
1 1 
1 1 
1 1 
1 1 
1 1 
1 1 
1 1 
1 1 
1 1 
1 1 
1 1 
1 1 
1 1 
1 1 
1 1 
1 1 
1 1 
1 1 
1 1 
1 1 
1 1 
1 1 
1 1 
1 1 
1 1 
1 1 
1 1 
1 1 
1 1 
1 1 
1 1 
1 1 
1 1 
1 1 
1 1 
1 1 
1 1 
1 1 
1 1 
1 1 
1 1 
1 1 
1 1 
1 1 
1 1 
1 1 
1 1 
1 1 
1 1 
1 1 
1 1 
1 1 
1 1 
1 1 
1 1 
1 1 
1 1 
1 1 
1 1 
1 1 
1 1 
1 1 
1 1 
1 1 
1 1 
1 1 
1 1 
1 1 
1 1 
1 1 
1 1 
1 1 
1 1 
1 1 
1 1 
1 1 
1 1 
1 1 
1 1 
1 1 
1 1 
1 1 
1 1 
1 1 
1 1 
1 1 
1 1 
1 1 
1 1 
1 1 
1 1 
1 1 
1 1 
1 1 
1 1 
1 1 
1 1 
1 1 
1 1 
1 1 
1 1 
1 1 
1 1 
1 1 
1 1 
1 1 
1 1 
1 1 
1 1 
1 1 
1 1 
1 1 
1 1 
1 1 
1 1 
1 1 
1 1 
1 1 
1 1 
1 1 
1 1 
1 1 
1 1 
1 1 
1 1 
1 1 
1 1 
1 1 
1 1 
1 1 
1 1 
1 1 
1 1 
1 1 
1 1 
1 1 
1 1 
1 1 
1 1 
1 1 
1 1 
1 1 
1 1 
1 1 
1 1 
1 1 
1 1 
1 1 
1 1 
1 1 
1 1 
1 1 
1 1 
1 1 
1 1 
1 1 
1 1 
;
TIMETABLE BEST: 
0.0 0.0 
0 14 
0 25 
0 34 
0 46 
0 58 
0 71 
0 82 
0 94 
0 107 
0 118 
0 131 
0 142 
0 155 
0 168 
0 180 
0 192 
14 192 
25 192 
34 192 
46 192 
58 192 
58 204 
58 216 
70 216 
81 216 
90 216 
90 228 
99 228 
110 228 
110 240 
110 253 
121 253 
130 253 
142 253 
154 253 
154 266 
154 277 
166 277 
166 288 
178 288 
178 299 
189 299 
198 299 
198 310 
207 310 
207 324 
216 324 
228 324 
240 324 
254 324 
254 339 
268 339 
279 339 
288 339 
300 339 
312 339 
325 339 
336 339 
348 339 
361 339 
372 339 
385 339 
396 339 
409 339 
422 339 
434 339 
446 339 
446 354 
458 354 
470 354 
483 354 
496 354 
507 354 
520 354 
531 354 
544 354 
556 354 
567 354 
580 354 
592 354 
603 354 
612 354 
626 354 
640 354 
640 374 
654 374 
665 374 
674 374 
686 374 
698 374 
711 374 
722 374 
734 374 
747 374 
758 374 
771 374 
782 374 
795 374 
808 374 
820 374 
832 374 
848 374 
866 374 
877 374 
888 374 
898 374 
911 374 
911 392 
911 404 
911 416 
924 416 
934 416 
945 416 
956 416 
956 428 
967 428 
978 428 
988 428 
988 440 
998 440 
1009 440 
1020 440 
1020 453 
1031 453 
1042 453 
1052 453 
1052 466 
1062 466 
1073 466 
1084 466 
1084 477 
1095 477 
1106 477 
1116 477 
1116 490 
1126 490 
1137 490 
1148 490 
1148 501 
1159 501 
1170 501 
1180 501 
1193 501 
1193 512 
1193 525 
1193 536 
1193 549 
1193 564 
1206 564 
1216 564 
1227 564 
1238 564 
1238 579 
1249 579 
1260 579 
1270 579 
1283 579 
1283 594 
1296 594 
1306 594 
1317 594 
1328 594 
1328 612 
1339 612 
1350 612 
1360 612 
1373 612 
1373 626 
1373 637 
1373 646 
1373 658 
1373 670 
1386 670 
1396 670 
1407 670 
1418 670 
1418 682 
1418 693 
1418 702 
1429 702 
1429 711 
1429 722 
1440 722 
1458 722 
1458 733 
1458 742 
1458 754 
1458 766 
1458 779 
1458 790 
1458 802 
1470 802 
1482 802 
1482 814 
1482 825 
1494 825 
1494 836 
1506 836 
1506 847 
1506 860 
1506 873 
1506 884 
1518 884 
1518 895 
1530 895 
1530 906 
1530 919 
1530 930 
1542 930 
1542 941 
1554 941 
1554 952 
1554 965 
1566 965 
1578 965 
1578 978 
1578 990 
1578 1002 
1590 1002 
1602 1002 
1602 1014 
1619 1014 
1619 1026 
1619 1042 
1637 1042 
1650 1042 
1661 1042 
1674 1042 
1685 1042 
1705 1042 
1718 1042 
1728 1042 
1739 1042 
1750 1042 
1750 1067 
1761 1067 
1772 1067 
1782 1067 
1795 1067 
1815 1067 
1826 1067 
1839 1067 
1850 1067 
1863 1067 
1876 1067 
1894 1067 
1913 1067 
1928 1067 
1946 1067 
1960 1067 
1971 1067 
1980 1067 
1992 1067 
2004 1067 
2017 1067 
2028 1067 
2040 1067 
2040 1085 
2052 1085 
2063 1085 
2063 1098 
2074 1098 
2074 1109 
2085 1109 
2085 1122 
2085 1133 
2096 1133 
2096 1144 
2108 1144 
2108 1155 
2124 1155 
2137 1155 
2148 1155 
2148 1168 
2159 1168 
2159 1184 
2170 1184 
2170 1197 
2183 1197 
2183 1208 
2183 1222 
2196 1222 
2208 1222 
2220 1222 
2236 1222 
2236 1237 
2236 1252 
2236 1270 
2248 1294 
2287 1294 
2298 1294 
2308 1294 
2308 1305 
2308 1314 
2318 1314 
2318 1323 
2318 1334 
2328 1334 
2328 1361 
2338 1361 
2349 1361 
2360 1361 
2360 1372 
2371 1372 
2382 1372 
2392 1372 
2392 1384 
2402 1384 
2413 1384 
2424 1384 
2424 1417 
2435 1417 
2446 1417 
2456 1417 
2456 1440 
2456 1451 
2466 1451 
2466 1462 
2476 1462 
2497 1462 
2552 1489 
2552 1510 
2552 1521 
2552 1534 
2552 1545 
2552 1558 
2552 1570 
2552 1581 
2552 1594 
2568 1594 
2579 1594 
2579 1606 
2590 1606 
2590 1617 
2590 1626 
2601 1626 
2601 1635 
2601 1646 
2612 1646 
2628 1646 
2628 1657 
2628 1666 
2640 1666 
2640 1675 
2640 1686 
2651 1686 
2651 1697 
2651 1706 
2651 1718 
2662 1718 
2662 1730 
2673 1730 
2686 1730 
2686 1742 
2686 1761 
2686 1772 
2699 1772 
2699 1807 
2710 1807 
2722 1807 
2735 1845 
2746 1845 
2762 1864 
2777 1864 
2792 1864 
2792 1883 
2792 1898 
2807 1898 
2829 1920 
2840 1920 
2840 1929 
2840 1940 
2851 1940 
2860 1940 
2860 1952 
2869 1952 
2880 1952 
2892 1952 
2916.0 1978.0 
;
EXECUTION TIME HBSS: 423.699033976 seconds 

-------------------------------------------------------------------
