DATFILE : bwopen0_3r_1000.dat
ENVIRONMENT : bwopen
ALGORITHM : HBSS - TAU 2
RANGE : 1000
STARTING_POS : 0
N_ROBOTS : 3
GREEDY SOLUTION : [ 4418.]
COMPUTATIONS D :
5476
5802
5984
5438
5278
5142
5460
5732
5928
5292
5624
5666
5646
5612
5824
5718
5918
5436
5762
5160
5608
5442
5568
5610
5404
5448
5562
5574
5330
5606
5336
5604
5802
5914
5976
5868
5530
5602
5960
5200
5312
5662
5778
5602
5996
6234
5546
5276
5500
5620
5746
5730
5606
5540
5402
5384
5490
5552
5494
5954
5578
5674
5972
5570
5494
5438
5544
6052
5336
5502
5604
5930
5344
5650
5338
6008
5578
5984
5734
5926
5596
5484
5684
5670
5484
4982
5248
5712
5374
5842
5876
5710
5774
5830
5530
5622
5906
5970
5800
5414
5674
5572
5480
5548
5752
5662
5610
5686
5874
5806
5616
5896
6008
5592
5324
5720
5254
5736
5848
5760
5710
5814
5504
5570
5502
5714
5888
5872
5958
5686
5698
6044
5740
5586
5746
6164
5758
5706
5692
5826
5430
5124
5764
5816
5964
5250
5564
5528
5588
5686
5494
5780
5590
5796
5810
5940
5648
5660
5508
6130
5798
5590
5538
5598
5674
5982
5764
5846
5422
5724
5670
5598
5456
5612
5570
5670
5456
5830
5716
5716
5402
6086
5492
5870
5500
5610
5720
5878
5780
5734
5776
5630
5596
5760
5502
5546
5890
5340
5802
5652
;
HBBS sumD : 4982
BEST_CONFIGURATIONS : 
0 0 0 
0 4 0 
0 4 26 
0 22 26 
1 22 26 
1 22 26 
1 22 4 
1 22 4 
1 22 5 
1 8 5 
27 8 5 
27 8 5 
27 8 5 
27 13 5 
27 13 26 
2 13 26 
2 13 26 
2 13 26 
2 13 5 
2 13 5 
2 13 27 
2 25 27 
2 17 27 
2 18 27 
2 14 27 
2 14 1 
2 14 0 
2 15 0 
6 15 0 
6 15 0 
21 15 0 
21 15 0 
3 15 0 
3 15 0 
3 10 0 
3 10 4 
2 10 4 
2 10 4 
2 10 8 
6 10 8 
6 10 8 
21 10 8 
21 15 8 
21 15 8 
21 14 8 
21 14 8 
3 14 8 
3 14 13 
3 14 13 
3 14 13 
3 25 13 
3 25 13 
3 25 17 
21 25 18 
21 25 18 
7 25 18 
7 25 14 
12 25 14 
12 25 18 
12 18 18 
12 14 18 
12 14 18 
16 14 18 
16 15 18 
7 15 18 
7 10 18 
7 10 14 
7 15 14 
7 15 14 
7 15 14 
7 15 9 
7 15 10 
12 15 10 
12 10 10 
12 10 24 
12 9 24 
12 9 24 
12 9 24 
16 9 24 
16 9 6 
23 9 6 
23 9 21 
23 27 21 
23 27 21 
20 27 21 
20 27 7 
23 2 7 
23 2 21 
16 2 21 
12 2 21 
12 2 6 
12 2 24 
7 2 24 
7 2 11 
7 6 11 
21 6 11 
21 6 11 
3 6 11 
3 6 24 
3 21 24 
3 21 24 
3 7 24 
21 7 24 
21 3 24 
21 3 9 
11 3 9 
11 21 9 
11 7 9 
11 7 9 
11 7 10 
24 7 10 
24 7 5 
24 16 5 
24 23 5 
10 23 5 
10 20 5 
10 20 5 
10 19 5 
10 19 5 
10 19 5 
15 19 5 
15 19 26 
15 20 26 
15 20 26 
15 20 26 
15 20 4 
15 23 4 
15 23 0 
10 16 0 
15 16 0 
15 16 0 
15 12 0 
14 12 0 
18 12 0 
18 7 0 
25 7 0 
25 7 4 
25 7 4 
25 7 26 
25 7 26 
25 7 5 
13 7 5 
13 21 5 
13 21 5 
13 21 4 
17 21 4 
17 21 26 
17 3 26 
17 3 4 
17 3 22 
17 7 22 
17 12 22 
17 12 22 
13 12 22 
13 12 22 
13 16 22 
13 16 4 
13 23 4 
8 23 4 
8 23 4 
8 23 0 
8 20 0 
13 20 0 
13 20 0 
17 20 0 
17 20 4 
17 20 4 
17 23 4 
17 23 26 
17 16 26 
25 16 26 
18 16 26 
14 16 26 
14 16 26 
14 16 5 
14 16 5 
18 16 5 
18 23 5 
18 23 5 
18 23 5 
18 23 26 
18 20 26 
14 20 4 
14 23 4 
14 23 4 
18 23 4 
18 16 4 
18 16 8 
18 16 8 
18 16 22 
19 16 22 
19 16 22 
19 12 22 
19 12 26 
20 12 26 
20 12 5 
23 12 5 
23 12 22 
16 12 22 
16 23 22 
16 23 22 
16 20 22 
16 20 22 
16 19 22 
12 19 4 
12 19 4 
12 19 8 
12 19 8 
7 19 8 
7 19 13 
21 19 13 
3 19 13 
3 19 17 
3 20 17 
3 20 25 
3 23 25 
3 23 25 
3 16 25 
3 12 25 
21 12 25 
21 16 25 
6 12 25 
6 12 25 
6 12 17 
6 12 13 
11 12 13 
11 12 17 
11 16 17 
11 23 17 
11 23 18 
11 20 18 
11 20 14 
11 19 14 
11 19 15 
6 19 15 
6 20 15 
24 20 15 
24 20 14 
24 19 14 
24 19 18 
9 19 18 
9 20 18 
9 20 25 
14 20 25 
18 20 13 
18 19 13 
18 19 17 
14 19 17 
25 19 17 
25 15 17 
25 15 17 
25 15 17 
13 15 17 
13 15 17 
13 10 17 
8 10 25 
8 10 25 
8 10 13 
22 10 13 
22 24 13 
22 24 13 
22 24 17 
26 24 17 
26 24 25 
26 10 25 
0 10 25 
0 11 25 
0 11 8 
0 11 8 
4 11 8 
4 11 22 
4 9 22 
4 24 22 
4 24 26 
4 24 5 
4 10 5 
26 10 5 
22 10 5 
22 10 4 
22 15 4 
22 15 8 
5 15 8 
1 15 8 
1 10 8 
27 10 17 
1 9 17 
1 9 17 
1 9 17 
1 9 13 
1 27 13 
1 27 25 
0 27 25 
0 1 25 
0 1 25 
0 1 14 
0 5 14 
0 5 24 
0 9 24 
26 9 24 
22 9 24 
8 9 24 
8 9 24 
8 9 10 
5 9 10 
5 24 10 
5 24 15 
5 6 15 
26 6 15 
4 6 15 
4 6 14 
22 6 14 
22 6 18 
22 21 18 
22 7 18 
9 7 18 
1 7 18 
1 3 18 
1 3 18 
1 3 5 
1 3 5 
1 11 5 
1 11 26 
1 6 26 
1 21 26 
27 21 4 
27 21 22 
27 3 22 
2 3 22 
2 3 22 
2 3 9 
27 3 9 
27 6 9 
27 6 10 
27 6 15 
27 24 15 
27 24 14 
22 24 14 
22 9 14 
22 9 25 
5 11 25 
5 11 17 
27 11 17 
9 11 17 
9 11 13 
10 11 13 
10 7 8 
10 6 8 
17 6 8 
13 6 8 
13 1 13 
13 26 8 
13 27 18 
17 27 14 
17 27 19 
17 2 19 
19 2 20 
19 2 20 
19 0 20 
19 0 23 
20 0 23 
20 0 23 
20 0 7 
20 1 7 
23 1 7 
23 1 7 
16 1 7 
16 1 7 
12 1 7 
12 1 7 
12 27 7 
16 27 6 
23 27 21 
23 6 21 
20 6 21 
19 6 1 
11 24 1 
11 24 1 
16 24 27 
16 0 27 
0 0 0 
;
ROBOT MOVING BEST:
0 0 0 
1 1 0 
1 0 1 
1 1 0 
1 0 1 
0 1 1 
1 0 1 
1 1 0 
1 0 1 
1 1 0 
1 0 1 
1 1 0 
0 1 1 
1 1 0 
1 0 1 
1 1 0 
0 1 1 
1 0 1 
0 1 1 
1 0 1 
1 0 1 
1 1 0 
1 1 0 
1 1 0 
1 1 0 
1 0 1 
1 0 1 
1 1 0 
1 0 1 
1 1 0 
1 0 1 
1 1 0 
1 0 1 
1 1 0 
1 1 0 
1 0 1 
1 0 1 
1 1 0 
1 0 1 
1 1 0 
0 1 1 
1 1 0 
0 1 1 
1 0 1 
0 1 1 
1 1 0 
1 0 1 
0 1 1 
1 1 0 
1 0 1 
1 1 0 
0 1 1 
1 0 1 
1 0 1 
1 1 0 
1 1 0 
0 1 1 
1 1 0 
0 1 1 
1 1 0 
1 1 0 
0 1 1 
1 1 0 
0 1 1 
1 0 1 
0 1 1 
0 1 1 
0 1 1 
1 1 0 
1 0 1 
0 1 1 
0 1 1 
1 1 0 
1 1 0 
0 1 1 
1 1 0 
0 1 1 
1 0 1 
1 1 0 
0 1 1 
1 1 0 
0 1 1 
1 1 0 
0 1 1 
1 1 0 
0 1 1 
1 1 0 
0 1 1 
1 1 0 
1 1 0 
0 1 1 
0 1 1 
1 1 0 
0 1 1 
1 1 0 
1 1 0 
0 1 1 
1 1 0 
0 1 1 
1 1 0 
0 1 1 
1 1 0 
1 1 0 
0 1 1 
0 1 1 
1 1 0 
1 1 0 
1 1 0 
0 1 1 
0 1 1 
1 1 0 
0 1 1 
1 1 0 
1 1 0 
1 1 0 
1 1 0 
0 1 1 
1 1 0 
0 1 1 
1 0 1 
1 1 0 
0 1 1 
1 1 0 
0 1 1 
1 0 1 
1 0 1 
1 1 0 
0 1 1 
1 1 0 
1 1 0 
1 0 1 
0 1 1 
1 0 1 
1 0 1 
0 1 1 
1 0 1 
1 0 1 
0 1 1 
0 1 1 
1 0 1 
1 0 1 
1 1 0 
1 1 0 
0 1 1 
0 1 1 
1 1 0 
0 1 1 
0 1 1 
1 0 1 
0 1 1 
1 1 0 
1 1 0 
1 0 1 
1 1 0 
1 0 1 
1 1 0 
1 0 1 
1 1 0 
1 0 1 
1 1 0 
1 0 1 
1 1 0 
1 0 1 
1 1 0 
1 0 1 
0 1 1 
1 1 0 
1 1 0 
1 0 1 
1 1 0 
1 1 0 
1 0 1 
1 0 1 
0 1 1 
1 0 1 
0 1 1 
1 1 0 
0 1 1 
1 0 1 
1 1 0 
0 1 1 
1 1 0 
1 0 1 
1 1 0 
0 1 1 
1 0 1 
0 1 1 
1 0 1 
0 1 1 
1 0 1 
1 1 0 
0 1 1 
1 1 0 
0 1 1 
1 1 0 
0 1 1 
1 1 0 
0 1 1 
1 1 0 
1 1 0 
0 1 1 
0 1 1 
1 1 0 
0 1 1 
1 0 1 
0 1 1 
1 0 1 
0 1 1 
1 1 0 
0 1 1 
1 1 0 
1 1 0 
0 1 1 
1 1 0 
0 1 1 
1 1 0 
0 1 1 
1 1 0 
1 1 0 
1 1 0 
1 1 0 
1 1 0 
1 0 1 
1 0 1 
1 0 1 
1 1 0 
1 0 1 
1 1 0 
1 1 0 
1 0 1 
1 1 0 
1 0 1 
1 1 0 
1 0 1 
1 1 0 
1 1 0 
1 1 0 
1 0 1 
1 1 0 
1 0 1 
1 1 0 
1 1 0 
1 0 1 
1 1 0 
1 0 1 
1 1 0 
1 0 1 
1 1 0 
1 1 0 
1 1 0 
1 0 1 
0 1 1 
1 0 1 
1 1 0 
0 1 1 
1 0 1 
0 1 1 
0 1 1 
1 1 0 
0 1 1 
1 1 0 
0 1 1 
1 1 0 
0 1 1 
1 1 0 
1 1 0 
0 1 1 
0 1 1 
1 1 0 
1 1 0 
0 1 1 
1 1 0 
1 1 0 
1 0 1 
1 0 1 
1 1 0 
1 0 1 
1 0 1 
1 0 1 
1 1 0 
1 0 1 
1 1 0 
1 1 0 
1 1 0 
1 0 1 
1 1 0 
0 1 1 
1 0 1 
0 1 1 
1 1 0 
0 1 1 
1 1 0 
1 1 0 
0 1 1 
0 1 1 
1 1 0 
1 0 1 
1 1 0 
1 1 0 
1 1 0 
1 1 0 
1 0 1 
0 1 1 
1 1 0 
1 1 0 
0 1 1 
1 1 0 
1 1 0 
1 1 0 
0 1 1 
1 1 0 
0 1 1 
1 1 0 
1 1 0 
1 0 1 
1 1 0 
0 1 1 
1 0 1 
0 1 1 
1 1 0 
1 1 0 
0 1 1 
1 1 0 
1 1 0 
1 0 1 
1 0 1 
1 1 0 
1 0 1 
1 1 0 
1 0 1 
1 0 1 
1 1 0 
1 0 1 
1 0 1 
1 1 0 
1 0 1 
1 0 1 
0 1 1 
1 0 1 
1 1 0 
1 0 1 
1 1 0 
1 1 0 
0 1 1 
1 1 0 
0 1 1 
0 1 1 
1 0 1 
1 0 1 
0 1 1 
0 1 1 
0 1 1 
1 0 1 
0 1 1 
0 1 1 
1 0 1 
0 1 1 
1 1 0 
1 0 1 
1 1 0 
1 0 1 
1 0 1 
1 1 0 
1 0 1 
1 1 0 
1 0 1 
1 1 0 
1 0 1 
1 1 0 
1 1 0 
1 0 1 
1 0 1 
1 1 0 
1 0 1 
1 0 1 
1 1 0 
0 1 1 
1 0 1 
1 1 0 
1 0 1 
;
TIMETABLE BEST: 
0.0 0.0 0.0 
0 14 0 
0 14 17 
0 26 17 
18 26 17 
18 26 17 
18 26 28 
18 26 28 
18 26 42 
18 38 42 
33 38 42 
33 38 42 
33 38 42 
33 51 42 
33 51 51 
52 51 51 
52 51 51 
52 51 51 
52 51 60 
52 51 60 
52 51 81 
52 64 81 
52 76 81 
52 93 81 
52 104 81 
52 104 96 
52 104 114 
52 117 114 
70 117 114 
70 117 114 
82 117 114 
82 117 114 
94 117 114 
94 117 114 
94 128 114 
94 128 128 
116 128 128 
116 128 128 
116 128 142 
134 128 142 
134 128 142 
146 128 142 
146 139 142 
146 139 142 
146 152 142 
146 152 142 
158 152 142 
158 152 155 
158 152 155 
158 152 155 
158 168 155 
158 168 155 
158 168 166 
170 168 183 
170 168 183 
182 168 183 
182 168 194 
200 168 194 
200 168 205 
200 181 205 
200 192 205 
200 192 205 
211 192 205 
211 205 205 
238 205 205 
238 216 205 
238 216 216 
238 227 216 
238 227 216 
238 227 216 
238 227 232 
238 227 246 
256 227 246 
256 238 246 
256 238 259 
256 252 259 
256 252 259 
256 252 259 
267 252 259 
267 252 272 
278 252 272 
278 252 284 
278 267 284 
278 267 284 
288 267 284 
288 267 296 
298 286 296 
298 286 308 
309 286 308 
320 286 308 
320 286 320 
320 286 333 
338 286 333 
338 286 351 
338 304 351 
350 304 351 
350 304 351 
362 304 351 
362 304 369 
362 316 369 
362 316 369 
362 328 369 
374 328 369 
374 344 369 
374 344 384 
393 344 384 
393 356 384 
393 368 384 
393 368 384 
393 368 398 
411 368 398 
411 368 434 
411 395 434 
411 406 434 
424 406 434 
424 416 434 
424 416 434 
424 429 434 
424 429 434 
424 429 434 
435 429 434 
435 429 443 
435 442 443 
435 442 443 
435 442 443 
435 442 454 
435 452 454 
435 452 468 
446 463 468 
457 463 468 
457 463 468 
457 474 468 
470 474 468 
481 474 468 
481 492 468 
494 492 468 
494 492 482 
494 492 482 
494 492 493 
494 492 493 
494 492 502 
507 492 502 
507 504 502 
507 504 502 
507 504 516 
518 504 516 
518 504 527 
518 516 527 
518 516 538 
518 516 550 
518 532 550 
518 550 550 
518 550 550 
529 550 550 
529 550 550 
529 561 550 
529 561 562 
529 572 562 
542 572 562 
542 572 562 
542 572 576 
542 582 576 
555 582 576 
555 582 576 
566 582 576 
566 582 590 
566 582 590 
566 592 590 
566 592 601 
566 603 601 
578 603 601 
591 603 601 
602 603 601 
602 603 601 
602 603 610 
602 603 610 
613 603 610 
613 614 610 
613 614 610 
613 614 610 
613 614 619 
613 624 619 
624 624 630 
624 634 630 
624 634 630 
635 634 630 
635 645 630 
635 645 644 
635 645 644 
635 645 656 
655 645 656 
655 645 656 
655 656 656 
655 656 667 
668 656 667 
668 656 676 
678 656 676 
678 656 688 
689 656 688 
689 678 688 
689 678 688 
689 688 688 
689 688 688 
689 701 688 
700 701 700 
700 701 700 
700 701 714 
700 701 714 
718 701 714 
718 701 727 
730 701 727 
742 701 727 
742 701 738 
742 714 738 
742 714 750 
742 724 750 
742 724 750 
742 735 750 
742 746 750 
754 746 750 
754 757 750 
766 768 750 
766 768 750 
766 768 762 
766 768 773 
783 768 773 
783 768 784 
783 779 784 
783 790 784 
783 790 801 
783 800 801 
783 800 812 
783 813 812 
783 813 825 
800 813 825 
800 826 825 
813 826 825 
813 826 838 
813 839 838 
813 839 849 
828 839 849 
828 852 849 
828 852 862 
844 852 862 
855 852 875 
855 865 875 
855 865 886 
866 865 886 
882 865 886 
882 889 886 
882 889 886 
882 889 886 
895 889 886 
895 889 886 
895 900 886 
908 900 898 
908 900 898 
908 900 911 
920 900 911 
920 913 911 
920 913 911 
920 913 922 
931 913 922 
931 913 934 
931 926 934 
948 926 934 
948 947 934 
948 947 960 
948 947 960 
962 947 960 
962 947 972 
962 972 972 
962 987 972 
962 987 983 
962 987 992 
962 1000 992 
973 1000 992 
984 1000 992 
984 1000 1006 
984 1011 1006 
984 1011 1020 
996 1011 1020 
1014 1011 1020 
1014 1022 1020 
1029 1022 1044 
1044 1036 1044 
1044 1036 1044 
1044 1036 1044 
1044 1036 1055 
1044 1051 1055 
1044 1051 1068 
1062 1051 1068 
1062 1066 1068 
1062 1066 1068 
1062 1066 1084 
1062 1084 1084 
1062 1084 1115 
1062 1106 1115 
1079 1106 1115 
1090 1106 1115 
1102 1106 1115 
1102 1106 1115 
1102 1106 1128 
1126 1106 1128 
1126 1121 1128 
1126 1121 1139 
1126 1134 1139 
1135 1134 1139 
1146 1134 1139 
1146 1134 1152 
1158 1134 1152 
1158 1134 1163 
1158 1146 1163 
1158 1158 1163 
1182 1158 1163 
1210 1158 1163 
1210 1174 1163 
1210 1174 1163 
1210 1174 1202 
1210 1174 1202 
1210 1205 1202 
1210 1205 1211 
1210 1222 1211 
1210 1234 1211 
1225 1234 1222 
1225 1234 1234 
1225 1246 1234 
1244 1246 1234 
1244 1246 1234 
1244 1246 1258 
1263 1246 1258 
1263 1270 1258 
1263 1270 1272 
1263 1270 1283 
1263 1283 1283 
1263 1283 1296 
1294 1283 1296 
1294 1298 1296 
1294 1298 1312 
1306 1323 1312 
1306 1323 1324 
1327 1323 1324 
1342 1323 1324 
1342 1323 1335 
1356 1323 1335 
1356 1348 1348 
1356 1368 1348 
1402 1368 1348 
1413 1368 1348 
1413 1404 1361 
1413 1423 1374 
1413 1445 1413 
1424 1445 1424 
1424 1445 1453 
1424 1464 1453 
1459 1464 1466 
1459 1464 1466 
1459 1500 1466 
1459 1500 1476 
1472 1500 1476 
1472 1500 1476 
1472 1500 1512 
1472 1518 1512 
1482 1518 1512 
1482 1518 1512 
1493 1518 1512 
1493 1518 1512 
1504 1518 1512 
1504 1518 1512 
1504 1533 1512 
1515 1533 1532 
1526 1533 1544 
1526 1568 1544 
1536 1568 1544 
1549 1568 1588 
1579 1581 1588 
1579 1581 1588 
1609 1581 1603 
1609 1636 1603 
1710.0 1636.0 1636.0 
;
EXECUTION TIME HBSS: 1134.15392613 seconds 

-------------------------------------------------------------------
