N_ROBOTS: 2
;

CONFIGURATIONS:
16 8 
13 11 
12 11 
12 10 
11 8 
10 8 
9 8 
10 9 
11 9 
11 10 
13 12 
14 12 
15 12 
14 13 
15 13 
15 14 
16 13 
16 14 
16 15 
6 11 
6 12 
6 13 
6 14 
6 15 
7 11 
7 10 
7 9 
7 8 
0 7 
1 6 
2 6 
3 6 
4 6 
3 2 
4 2 
4 3 
5 3 
5 4 
3 1 
2 1 
1 0 
2 0 
16 8 
;

COORDINATES_LIST:
577 236 | 137 247 | 
423 247 | 280 236 | 
379 247 | 280 236 | 
379 247 | 225 247 | 
280 236 | 137 247 | 
225 247 | 137 247 | 
181 247 | 137 247 | 
225 247 | 181 247 | 
280 236 | 181 247 | 
280 236 | 225 247 | 
423 247 | 379 247 | 
478 247 | 379 247 | 
522 247 | 379 247 | 
478 247 | 423 247 | 
522 247 | 423 247 | 
522 247 | 478 247 | 
577 236 | 423 247 | 
577 236 | 478 247 | 
577 236 | 522 247 | 
379 170 | 280 236 | 
379 170 | 379 247 | 
379 170 | 423 247 | 
379 170 | 478 247 | 
379 170 | 522 247 | 
137 170 | 280 236 | 
137 170 | 225 247 | 
137 170 | 181 247 | 
137 170 | 137 247 | 
214 49 | 137 170 | 
291 60 | 379 170 | 
357 49 | 379 170 | 
423 60 | 379 170 | 
478 60 | 379 170 | 
423 60 | 357 49 | 
478 60 | 357 49 | 
478 60 | 423 60 | 
555 60 | 423 60 | 
555 60 | 478 60 | 
423 60 | 291 60 | 
357 49 | 291 60 | 
291 60 | 214 49 | 
357 49 | 214 49 | 
577 236 | 137 247 | 
;

ROBOT_MOVING:
0 0 
1 1 
1 1 
1 1 
1 1 
1 1 
1 1 
1 1 
1 1 
1 1 
1 1 
1 1 
1 1 
1 1 
1 1 
1 1 
1 1 
1 1 
1 1 
1 1 
1 1 
1 1 
1 1 
1 1 
1 1 
1 1 
1 1 
1 1 
1 1 
1 1 
1 1 
1 1 
1 1 
1 1 
1 1 
1 1 
1 1 
1 1 
1 1 
1 1 
1 1 
1 1 
1 1 
;

TIMETABLE:
0.0 0.0 
19.0 19.0 
27.0 27.0 
37.0 37.0 
51.0 51.0 
61.0 61.0 
69.0 69.0 
77.0 77.0 
87.0 87.0 
95.0 95.0 
113.0 113.0 
122.0 122.0 
130.0 130.0 
138.0 138.0 
146.0 146.0 
155.0 155.0 
165.0 165.0 
174.0 174.0 
182.0 182.0 
210.0 210.0 
224.0 224.0 
232.0 232.0 
241.0 241.0 
249.0 249.0 
276.0 276.0 
286.0 286.0 
294.0 294.0 
302.0 302.0 
328.0 328.0 
350.0 350.0 
365.0 365.0 
380.0 380.0 
393.0 393.0 
410.0 410.0 
423.0 423.0 
438.0 438.0 
453.0 453.0 
466.0 466.0 
491.0 491.0 
506.0 506.0 
522.0 522.0 
537.0 537.0 
578.0 574.0 
;
