N_ROBOTS: 2
;

CONFIGURATIONS:
25 3 
24 3 
23 3 
22 3 
23 22 
4 22 
4 23 
4 24 
23 24 
22 24 
3 4 
23 25 
4 25 
24 25 
24 27 
24 5 
4 5 
25 5 
25 27 
25 28 
25 6 
27 6 
28 6 
29 6 
30 6 
29 28 
29 27 
30 27 
30 28 
30 29 
7 6 
31 6 
7 28 
7 29 
7 30 
31 29 
31 30 
31 7 
32 7 
16 7 
16 31 
32 31 
16 30 
16 29 
16 28 
16 6 
15 6 
14 6 
13 6 
12 6 
26 6 
12 28 
12 27 
13 27 
13 28 
14 27 
14 28 
15 27 
15 28 
14 29 
13 29 
12 29 
13 30 
14 30 
15 29 
15 30 
14 7 
15 7 
15 31 
14 32 
15 32 
14 16 
13 16 
12 15 
12 14 
12 13 
13 14 
13 15 
14 15 
15 16 
16 32 
32 33 
16 33 
7 33 
31 33 
30 32 
29 32 
6 21 
29 21 
30 21 
7 21 
31 21 
32 21 
16 21 
15 21 
14 21 
13 21 
12 21 
12 20 
13 20 
14 20 
15 20 
16 20 
15 19 
14 19 
13 19 
12 19 
26 19 
11 19 
10 19 
9 18 
9 26 
8 11 
8 10 
8 9 
9 10 
9 11 
10 26 
11 26 
10 11 
10 12 
11 12 
11 13 
26 12 
26 13 
26 14 
18 13 
18 12 
18 26 
18 11 
18 10 
17 9 
17 8 
0 8 
0 9 
0 10 
0 11 
0 26 
0 18 
0 17 
17 18 
17 26 
17 11 
17 10 
17 12 
19 25 
19 27 
19 28 
19 6 
20 6 
18 5 
26 5 
11 5 
10 5 
11 27 
26 28 
26 27 
12 5 
13 25 
12 25 
26 25 
11 25 
10 25 
9 24 
9 23 
9 22 
8 3 
9 3 
10 3 
11 3 
10 22 
11 22 
10 23 
11 23 
10 4 
11 4 
26 4 
26 23 
11 24 
10 24 
9 4 
8 4 
8 23 
8 22 
8 24 
26 24 
12 24 
14 25 
13 5 
14 5 
15 5 
18 4 
17 4 
17 23 
17 24 
19 5 
20 5 
1 26 
1 11 
1 12 
1 13 
1 14 
18 14 
1 18 
1 17 
1 0 
19 17 
19 18 
20 19 
20 18 
20 26 
2 12 
2 13 
2 14 
2 15 
2 16 
2 21 
2 20 
2 19 
2 1 
20 1 
19 1 
21 19 
21 20 
33 21 
29 25 
28 27 
6 5 
28 5 
27 5 
29 5 
25 3 
;

COORDINATES_LIST:
335 269 | 126 236 | 
258 269 | 126 236 | 
203 269 | 126 236 | 
159 269 | 126 236 | 
203 269 | 159 269 | 
225 236 | 159 269 | 
225 236 | 203 269 | 
225 236 | 258 269 | 
203 269 | 258 269 | 
159 269 | 258 269 | 
126 236 | 225 236 | 
203 269 | 335 269 | 
225 236 | 335 269 | 
258 269 | 335 269 | 
258 269 | 401 269 | 
258 269 | 379 236 | 
225 236 | 379 236 | 
335 269 | 379 236 | 
335 269 | 401 269 | 
335 269 | 445 269 | 
335 269 | 467 236 | 
401 269 | 467 236 | 
445 269 | 467 236 | 
500 269 | 467 236 | 
544 269 | 467 236 | 
500 269 | 445 269 | 
500 269 | 401 269 | 
544 269 | 401 269 | 
544 269 | 445 269 | 
544 269 | 500 269 | 
577 236 | 467 236 | 
610 258 | 467 236 | 
577 236 | 445 269 | 
577 236 | 500 269 | 
577 236 | 544 269 | 
610 258 | 500 269 | 
610 258 | 544 269 | 
610 258 | 577 236 | 
621 159 | 577 236 | 
566 159 | 577 236 | 
566 159 | 610 258 | 
621 159 | 610 258 | 
566 159 | 544 269 | 
566 159 | 500 269 | 
566 159 | 445 269 | 
566 159 | 467 236 | 
511 170 | 467 236 | 
467 170 | 467 236 | 
423 170 | 467 236 | 
379 170 | 467 236 | 
324 170 | 467 236 | 
379 170 | 445 269 | 
379 170 | 401 269 | 
423 170 | 401 269 | 
423 170 | 445 269 | 
467 170 | 401 269 | 
467 170 | 445 269 | 
511 170 | 401 269 | 
511 170 | 445 269 | 
467 170 | 500 269 | 
423 170 | 500 269 | 
379 170 | 500 269 | 
423 170 | 544 269 | 
467 170 | 544 269 | 
511 170 | 500 269 | 
511 170 | 544 269 | 
467 170 | 577 236 | 
511 170 | 577 236 | 
511 170 | 610 258 | 
467 170 | 621 159 | 
511 170 | 621 159 | 
467 170 | 566 159 | 
423 170 | 566 159 | 
379 170 | 511 170 | 
379 170 | 467 170 | 
379 170 | 423 170 | 
423 170 | 467 170 | 
423 170 | 511 170 | 
467 170 | 511 170 | 
511 170 | 566 159 | 
566 159 | 621 159 | 
621 159 | 687 115 | 
566 159 | 687 115 | 
577 236 | 687 115 | 
610 258 | 687 115 | 
544 269 | 621 159 | 
500 269 | 621 159 | 
467 236 | 533 115 | 
500 269 | 533 115 | 
544 269 | 533 115 | 
577 236 | 533 115 | 
610 258 | 533 115 | 
621 159 | 533 115 | 
566 159 | 533 115 | 
511 170 | 533 115 | 
467 170 | 533 115 | 
423 170 | 533 115 | 
379 170 | 533 115 | 
379 170 | 456 104 | 
423 170 | 456 104 | 
467 170 | 456 104 | 
511 170 | 456 104 | 
566 159 | 456 104 | 
511 170 | 390 115 | 
467 170 | 390 115 | 
423 170 | 390 115 | 
379 170 | 390 115 | 
324 170 | 390 115 | 
269 170 | 390 115 | 
236 170 | 390 115 | 
181 159 | 324 104 | 
181 159 | 324 170 | 
126 170 | 269 170 | 
126 170 | 236 170 | 
126 170 | 181 159 | 
181 159 | 236 170 | 
181 159 | 269 170 | 
236 170 | 324 170 | 
269 170 | 324 170 | 
236 170 | 269 170 | 
236 170 | 379 170 | 
269 170 | 379 170 | 
269 170 | 423 170 | 
324 170 | 379 170 | 
324 170 | 423 170 | 
324 170 | 467 170 | 
324 104 | 423 170 | 
324 104 | 379 170 | 
324 104 | 324 170 | 
324 104 | 269 170 | 
324 104 | 236 170 | 
258 115 | 181 159 | 
258 115 | 126 170 | 
225 49 | 126 170 | 
225 49 | 181 159 | 
225 49 | 236 170 | 
225 49 | 269 170 | 
225 49 | 324 170 | 
225 49 | 324 104 | 
225 49 | 258 115 | 
258 115 | 324 104 | 
258 115 | 324 170 | 
258 115 | 269 170 | 
258 115 | 236 170 | 
258 115 | 379 170 | 
390 115 | 335 269 | 
390 115 | 401 269 | 
390 115 | 445 269 | 
390 115 | 467 236 | 
456 104 | 467 236 | 
324 104 | 379 236 | 
324 170 | 379 236 | 
269 170 | 379 236 | 
236 170 | 379 236 | 
269 170 | 401 269 | 
324 170 | 445 269 | 
324 170 | 401 269 | 
379 170 | 379 236 | 
423 170 | 335 269 | 
379 170 | 335 269 | 
324 170 | 335 269 | 
269 170 | 335 269 | 
236 170 | 335 269 | 
181 159 | 258 269 | 
181 159 | 203 269 | 
181 159 | 159 269 | 
126 170 | 126 236 | 
181 159 | 126 236 | 
236 170 | 126 236 | 
269 170 | 126 236 | 
236 170 | 159 269 | 
269 170 | 159 269 | 
236 170 | 203 269 | 
269 170 | 203 269 | 
236 170 | 225 236 | 
269 170 | 225 236 | 
324 170 | 225 236 | 
324 170 | 203 269 | 
269 170 | 258 269 | 
236 170 | 258 269 | 
181 159 | 225 236 | 
126 170 | 225 236 | 
126 170 | 203 269 | 
126 170 | 159 269 | 
126 170 | 258 269 | 
324 170 | 258 269 | 
379 170 | 258 269 | 
467 170 | 335 269 | 
423 170 | 379 236 | 
467 170 | 379 236 | 
511 170 | 379 236 | 
324 104 | 225 236 | 
258 115 | 225 236 | 
258 115 | 203 269 | 
258 115 | 258 269 | 
390 115 | 379 236 | 
456 104 | 379 236 | 
357 49 | 324 170 | 
357 49 | 269 170 | 
357 49 | 379 170 | 
357 49 | 423 170 | 
357 49 | 467 170 | 
324 104 | 467 170 | 
357 49 | 324 104 | 
357 49 | 258 115 | 
357 49 | 225 49 | 
390 115 | 258 115 | 
390 115 | 324 104 | 
456 104 | 390 115 | 
456 104 | 324 104 | 
456 104 | 324 170 | 
489 49 | 379 170 | 
489 49 | 423 170 | 
489 49 | 467 170 | 
489 49 | 511 170 | 
489 49 | 566 159 | 
489 49 | 533 115 | 
489 49 | 456 104 | 
489 49 | 390 115 | 
489 49 | 357 49 | 
456 104 | 357 49 | 
390 115 | 357 49 | 
533 115 | 390 115 | 
533 115 | 456 104 | 
687 115 | 533 115 | 
500 269 | 335 269 | 
445 269 | 401 269 | 
467 236 | 379 236 | 
445 269 | 379 236 | 
401 269 | 379 236 | 
500 269 | 379 236 | 
335 269 | 126 236 | 
;

ROBOT_MOVING:
0 0 
1 1 
1 1 
1 1 
1 1 
1 1 
1 1 
1 1 
1 1 
1 1 
1 1 
1 1 
1 1 
1 1 
1 1 
1 1 
1 1 
1 1 
1 1 
1 1 
1 1 
1 1 
1 1 
1 1 
1 1 
1 1 
1 1 
1 1 
1 1 
1 1 
1 1 
1 1 
1 1 
1 1 
1 1 
1 1 
1 1 
1 1 
1 1 
1 1 
1 1 
1 1 
1 1 
1 1 
1 1 
1 1 
1 1 
1 1 
1 1 
1 1 
1 1 
1 1 
1 1 
1 1 
1 1 
1 1 
1 1 
1 1 
1 1 
1 1 
1 1 
1 1 
1 1 
1 1 
1 1 
1 1 
1 1 
1 1 
1 1 
1 1 
1 1 
1 1 
1 1 
1 1 
1 1 
1 1 
1 1 
1 1 
1 1 
1 1 
1 1 
1 1 
1 1 
1 1 
1 1 
1 1 
1 1 
1 1 
1 1 
1 1 
1 1 
1 1 
1 1 
1 1 
1 1 
1 1 
1 1 
1 1 
1 1 
1 1 
1 1 
1 1 
1 1 
1 1 
1 1 
1 1 
1 1 
1 1 
1 1 
1 1 
1 1 
1 1 
1 1 
1 1 
1 1 
1 1 
1 1 
1 1 
1 1 
1 1 
1 1 
1 1 
1 1 
1 1 
1 1 
1 1 
1 1 
1 1 
1 1 
1 1 
1 1 
1 1 
1 1 
1 1 
1 1 
1 1 
1 1 
1 1 
1 1 
1 1 
1 1 
1 1 
1 1 
1 1 
1 1 
1 1 
1 1 
1 1 
1 1 
1 1 
1 1 
1 1 
1 1 
1 1 
1 1 
1 1 
1 1 
1 1 
1 1 
1 1 
1 1 
1 1 
1 1 
1 1 
1 1 
1 1 
1 1 
1 1 
1 1 
1 1 
1 1 
1 1 
1 1 
1 1 
1 1 
1 1 
1 1 
1 1 
1 1 
1 1 
1 1 
1 1 
1 1 
1 1 
1 1 
1 1 
1 1 
1 1 
1 1 
1 1 
1 1 
1 1 
1 1 
1 1 
1 1 
1 1 
1 1 
1 1 
1 1 
1 1 
1 1 
1 1 
1 1 
1 1 
1 1 
1 1 
1 1 
1 1 
1 1 
1 1 
1 1 
1 1 
1 1 
1 1 
1 1 
1 1 
1 1 
1 1 
1 1 
1 1 
1 1 
1 1 
1 1 
1 1 
1 1 
1 1 
1 1 
1 1 
1 1 
1 1 
1 1 
1 1 
;

TIMETABLE:
0.0 0.0 
7.0 7.0 
12.0 12.0 
16.0 16.0 
22.0 22.0 
27.0 27.0 
31.0 31.0 
36.0 36.0 
41.0 41.0 
45.0 45.0 
51.0 51.0 
64.0 64.0 
69.0 69.0 
75.0 75.0 
81.0 81.0 
86.0 86.0 
92.0 92.0 
105.0 105.0 
110.0 110.0 
114.0 114.0 
119.0 119.0 
125.0 125.0 
129.0 129.0 
134.0 134.0 
138.0 138.0 
143.0 143.0 
147.0 147.0 
151.0 151.0 
155.0 155.0 
160.0 160.0 
166.0 166.0 
171.0 171.0 
176.0 176.0 
181.0 181.0 
185.0 185.0 
190.0 190.0 
194.0 194.0 
200.0 200.0 
210.0 210.0 
215.0 215.0 
220.0 220.0 
225.0 225.0 
232.0 232.0 
236.0 236.0 
241.0 241.0 
246.0 246.0 
252.0 252.0 
256.0 256.0 
260.0 260.0 
264.0 264.0 
269.0 269.0 
274.0 274.0 
278.0 278.0 
282.0 282.0 
286.0 286.0 
290.0 290.0 
294.0 294.0 
298.0 298.0 
302.0 302.0 
307.0 307.0 
311.0 311.0 
315.0 315.0 
319.0 319.0 
323.0 323.0 
327.0 327.0 
331.0 331.0 
337.0 337.0 
341.0 341.0 
346.0 346.0 
356.0 356.0 
360.0 360.0 
365.0 365.0 
369.0 369.0 
375.0 375.0 
379.0 379.0 
383.0 383.0 
387.0 387.0 
391.0 391.0 
395.0 395.0 
401.0 401.0 
407.0 407.0 
417.0 417.0 
422.0 422.0 
434.0 434.0 
439.0 439.0 
449.0 449.0 
453.0 453.0 
465.0 465.0 
471.0 471.0 
475.0 475.0 
481.0 481.0 
486.0 486.0 
496.0 496.0 
501.0 501.0 
507.0 507.0 
511.0 511.0 
515.0 515.0 
519.0 519.0 
527.0 527.0 
531.0 531.0 
535.0 535.0 
539.0 539.0 
545.0 545.0 
552.0 552.0 
556.0 556.0 
560.0 560.0 
564.0 564.0 
569.0 569.0 
574.0 574.0 
577.0 577.0 
584.0 584.0 
590.0 590.0 
596.0 596.0 
599.0 599.0 
605.0 605.0 
611.0 611.0 
614.0 614.0 
620.0 620.0 
623.0 623.0 
628.0 628.0 
638.0 638.0 
641.0 641.0 
645.0 645.0 
650.0 650.0 
654.0 654.0 
658.0 658.0 
664.0 664.0 
668.0 668.0 
673.0 673.0 
678.0 678.0 
681.0 681.0 
688.0 688.0 
694.0 694.0 
703.0 703.0 
709.0 709.0 
715.0 715.0 
718.0 718.0 
723.0 723.0 
729.0 729.0 
736.0 736.0 
745.0 745.0 
751.0 751.0 
756.0 756.0 
759.0 759.0 
772.0 772.0 
785.0 785.0 
791.0 791.0 
795.0 795.0 
800.0 800.0 
807.0 807.0 
821.0 821.0 
827.0 827.0 
832.0 832.0 
835.0 835.0 
840.0 840.0 
845.0 845.0 
849.0 849.0 
854.0 854.0 
861.0 861.0 
865.0 865.0 
870.0 870.0 
875.0 875.0 
878.0 878.0 
885.0 885.0 
890.0 890.0 
894.0 894.0 
900.0 900.0 
906.0 906.0 
912.0 912.0 
915.0 915.0 
921.0 921.0 
924.0 924.0 
928.0 928.0 
931.0 931.0 
936.0 936.0 
939.0 939.0 
944.0 944.0 
949.0 949.0 
954.0 954.0 
957.0 957.0 
963.0 963.0 
969.0 969.0 
974.0 974.0 
978.0 978.0 
987.0 987.0 
1005.0 1005.0 
1010.0 1010.0 
1018.0 1018.0 
1025.0 1025.0 
1029.0 1029.0 
1033.0 1033.0 
1056.0 1056.0 
1063.0 1063.0 
1068.0 1068.0 
1073.0 1073.0 
1087.0 1087.0 
1094.0 1094.0 
1111.0 1111.0 
1116.0 1116.0 
1126.0 1126.0 
1130.0 1130.0 
1134.0 1134.0 
1142.0 1142.0 
1161.0 1161.0 
1168.0 1168.0 
1177.0 1177.0 
1186.0 1186.0 
1193.0 1193.0 
1200.0 1200.0 
1207.0 1207.0 
1213.0 1213.0 
1221.0 1221.0 
1225.0 1225.0 
1229.0 1229.0 
1233.0 1233.0 
1239.0 1239.0 
1252.0 1252.0 
1260.0 1260.0 
1267.0 1267.0 
1276.0 1276.0 
1284.0 1284.0 
1291.0 1291.0 
1304.0 1304.0 
1311.0 1311.0 
1329.0 1329.0 
1361.0 1361.0 
1367.0 1367.0 
1372.0 1372.0 
1377.0 1377.0 
1381.0 1381.0 
1390.0 1390.0 
1405.0 1419.0 
;
