DATFILE : bwopen0_9r_100.dat
ENVIRONMENT : bwopen
ALGORITHM : HBSS - TAU 4
RANGE : 100
STARTING_POS : 0
N_ROBOTS : 9
GREEDY SOLUTION : [ 852.]
COMPUTATIONS D :
852
968
852
874
852
852
852
844
852
852
852
968
852
1004
968
852
952
968
852
852
852
852
852
852
852
852
852
852
852
852
852
968
852
852
852
968
852
852
852
852
968
852
852
852
852
968
886
852
900
852
968
852
968
852
852
852
852
852
852
852
852
852
852
852
852
852
844
852
886
852
852
920
852
852
876
852
968
852
968
852
968
852
852
852
852
852
852
844
852
828
852
852
900
852
852
968
852
852
852
968
900
844
852
852
844
852
852
852
852
852
852
968
852
852
852
890
852
852
968
852
968
968
852
900
852
852
852
968
852
852
852
886
852
852
852
852
852
852
852
852
852
852
828
852
852
852
852
852
852
852
852
904
852
844
852
968
852
852
852
968
852
852
852
844
844
852
852
968
852
852
852
968
844
852
844
968
852
852
852
852
952
852
900
852
852
852
892
852
852
852
852
852
844
852
852
852
852
852
844
852
;
HBBS sumD : 828
BEST_CONFIGURATIONS : 
0 0 0 0 0 0 0 0 0 
4 26 0 0 0 0 0 0 0 
4 26 22 0 0 0 0 0 0 
4 26 22 5 0 0 0 0 0 
4 26 22 5 0 0 0 0 0 
4 26 22 5 8 0 0 0 0 
4 26 22 5 17 25 0 0 0 
4 3 22 5 17 25 21 0 0 
4 3 22 23 17 25 16 0 0 
0 0 0 0 0 0 0 0 0 
;
ROBOT MOVING BEST:
0 0 0 0 0 0 0 0 0 
1 1 0 0 0 0 0 0 0 
1 0 1 0 0 0 0 0 0 
0 1 0 1 0 0 0 0 0 
0 0 1 1 0 0 0 0 0 
0 0 1 0 1 0 0 0 0 
0 0 0 0 1 1 0 0 0 
0 1 0 0 0 0 1 0 0 
0 0 0 1 0 0 1 0 0 
1 1 1 1 1 1 1 0 0 
;
TIMETABLE BEST: 
0.0 0.0 0.0 0.0 0.0 0.0 0.0 0.0 0.0 
14 17 0 0 0 0 0 0 0 
14 17 24 0 0 0 0 0 0 
14 17 24 24 0 0 0 0 0 
14 17 24 24 0 0 0 0 0 
14 17 24 24 26 0 0 0 0 
14 17 24 24 50 52 0 0 0 
14 76 24 24 50 52 62 0 0 
14 76 24 106 50 52 101 0 0 
28.0 134.0 48.0 212.0 100.0 104.0 202.0 0.0 0.0 
;
EXECUTION TIME HBSS: 3.55499720573 seconds 

-------------------------------------------------------------------
