DATFILE : bwopen0_2r_100.dat
ENVIRONMENT : bwopen
ALGORITHM : HBSS - TAU 4
RANGE : 100
STARTING_POS : 0
N_ROBOTS : 2
GREEDY SOLUTION : [ 492.]
COMPUTATIONS D :
506
526
492
492
502
492
488
492
508
474
492
492
630
492
502
492
492
492
492
492
638
474
606
624
492
492
490
492
492
562
504
492
492
624
492
492
492
502
492
492
492
492
492
492
492
492
624
630
492
492
606
492
492
634
492
492
492
492
616
492
502
492
502
492
492
492
492
624
492
492
558
492
530
624
492
492
502
558
620
488
638
492
492
492
558
620
492
558
558
492
474
492
492
492
492
492
558
492
492
474
526
492
492
624
492
492
492
638
492
492
624
492
492
644
502
492
558
492
492
488
492
492
492
492
624
492
492
492
618
492
522
492
558
492
492
492
526
624
492
492
492
492
492
492
492
474
622
492
492
624
492
492
492
492
492
638
638
492
492
654
492
492
624
492
492
492
492
492
492
492
492
492
492
624
492
620
630
492
492
492
492
624
492
624
492
492
492
492
492
520
492
492
488
492
492
502
492
502
558
474
;
HBBS sumD : 474
BEST_CONFIGURATIONS : 
0 0 
4 26 
5 26 
5 22 
4 22 
8 22 
17 25 
23 16 
3 21 
0 0 
;
ROBOT MOVING BEST:
0 0 
1 1 
1 1 
1 1 
1 1 
1 1 
1 1 
1 1 
1 1 
1 1 
;
TIMETABLE BEST: 
0.0 0.0 
14 17 
28 17 
28 28 
42 28 
56 28 
80 60 
138 125 
190 164 
248.0 226.0 
;
EXECUTION TIME HBSS: 0.329566955566 seconds 

-------------------------------------------------------------------
