DATFILE : bwopen0_5r_100.dat
ENVIRONMENT : bwopen
ALGORITHM : HBSS - TAU 4
RANGE : 100
STARTING_POS : 0
N_ROBOTS : 5
GREEDY SOLUTION : [ 800.]
COMPUTATIONS D :
800
800
804
806
804
800
800
800
800
800
800
800
804
808
800
800
834
800
800
800
806
846
800
800
800
800
800
800
762
806
800
800
800
800
800
800
808
804
800
806
800
800
800
786
800
800
800
800
806
800
800
816
844
800
800
806
808
804
800
808
804
800
802
818
800
800
800
730
806
800
800
800
800
800
800
800
806
808
804
804
800
790
800
800
800
800
802
800
800
806
800
804
800
800
800
800
800
800
822
800
800
800
806
800
800
800
800
800
804
800
800
800
814
806
800
800
806
800
814
800
800
800
800
804
800
800
800
800
808
800
806
800
806
806
800
804
812
800
810
806
800
800
800
800
800
814
800
800
800
808
800
800
800
800
800
800
800
800
800
800
810
808
816
800
800
800
800
808
800
800
800
800
800
800
800
804
800
818
804
800
814
800
800
800
800
800
806
800
800
800
808
800
800
806
806
804
800
808
804
800
;
HBBS sumD : 730
BEST_CONFIGURATIONS : 
0 0 0 0 0 
4 26 0 0 0 
4 26 22 0 0 
4 26 22 5 0 
4 26 22 5 0 
4 26 22 5 8 
17 26 22 5 25 
17 3 22 21 25 
17 16 22 21 23 
0 0 0 0 0 
;
ROBOT MOVING BEST:
0 0 0 0 0 
1 1 0 0 0 
1 0 1 0 0 
0 1 0 1 0 
0 0 1 1 0 
0 0 1 0 1 
1 0 0 0 1 
0 1 0 1 0 
0 1 0 0 1 
1 1 1 1 1 
;
TIMETABLE BEST: 
0.0 0.0 0.0 0.0 0.0 
14 17 0 0 0 
14 17 24 0 0 
14 17 24 24 0 
14 17 24 24 0 
14 17 24 24 26 
52 17 24 24 52 
52 76 24 84 52 
52 119 24 84 108 
102.0 220.0 48.0 146.0 214.0 
;
EXECUTION TIME HBSS: 1.17168498039 seconds 

-------------------------------------------------------------------
