DATFILE : bwopen0_7r_100.dat
ENVIRONMENT : bwopen
ALGORITHM : HBSS - TAU 5
RANGE : 100
STARTING_POS : 0
N_ROBOTS : 7
GREEDY SOLUTION : [ 828.]
COMPUTATIONS D :
828
828
828
828
828
828
842
828
828
828
828
828
828
828
928
828
828
828
828
828
828
828
828
828
828
828
828
928
828
906
828
828
828
828
828
828
906
828
828
828
828
828
828
828
828
842
828
828
828
828
828
828
828
828
828
828
828
828
828
828
828
828
828
828
828
828
928
928
828
828
828
828
828
828
828
828
828
828
906
828
828
828
828
828
828
828
906
828
828
828
828
828
828
828
828
828
828
828
828
828
828
828
828
828
828
828
828
828
828
828
828
828
828
828
828
828
828
828
926
828
828
828
828
828
828
828
828
828
828
828
828
828
828
828
828
828
828
842
928
828
828
828
828
828
828
828
828
930
828
828
842
828
828
828
828
828
828
828
828
828
828
828
828
828
828
828
828
828
828
828
828
828
828
828
828
828
842
828
828
928
828
828
828
828
828
828
828
828
828
828
906
828
828
906
828
828
828
828
828
828
;
HBBS sumD : 828
BEST_CONFIGURATIONS : 
0 0 0 0 0 0 0 
4 26 0 0 0 0 0 
4 26 22 0 0 0 0 
4 26 22 5 0 0 0 
4 26 22 5 0 0 0 
4 26 22 5 8 0 0 
4 26 22 5 17 25 0 
4 3 22 5 17 25 21 
4 3 22 23 17 25 16 
0 0 0 0 0 0 0 
;
ROBOT MOVING BEST:
0 0 0 0 0 0 0 
1 1 0 0 0 0 0 
1 0 1 0 0 0 0 
0 1 0 1 0 0 0 
0 0 1 1 0 0 0 
0 0 1 0 1 0 0 
0 0 0 0 1 1 0 
0 1 0 0 0 0 1 
0 0 0 1 0 0 1 
1 1 1 1 1 1 1 
;
TIMETABLE BEST: 
0.0 0.0 0.0 0.0 0.0 0.0 0.0 
14.0 17.0 0.0 0.0 0.0 0.0 0.0 
14.0 17.0 24.0 0.0 0.0 0.0 0.0 
14.0 17.0 24.0 24.0 0.0 0.0 0.0 
14.0 17.0 24.0 24.0 0.0 0.0 0.0 
14.0 17.0 24.0 24.0 26.0 0.0 0.0 
14.0 17.0 24.0 24.0 50.0 52.0 0.0 
14.0 76.0 24.0 24.0 50.0 52.0 62.0 
14.0 76.0 24.0 106.0 50.0 52.0 101.0 
28.0 134.0 48.0 212.0 100.0 104.0 202.0 
;
EXECUTION TIME HBSS: 2.19366407394 seconds 

-------------------------------------------------------------------
