DATFILE : bwopen0_5r_100.dat
ENVIRONMENT : bwopen
ALGORITHM : HBSS - TAU 7
RANGE : 100
STARTING_POS : 0
N_ROBOTS : 5
GREEDY SOLUTION : 224.0
COMPUTATIONS T :
222.0
224.0
224.0
224.0
224.0
224.0
224.0
224.0
224.0
224.0
224.0
224.0
224.0
224.0
224.0
224.0
224.0
224.0
224.0
224.0
224.0
224.0
224.0
224.0
224.0
224.0
224.0
224.0
226.0
224.0
224.0
224.0
224.0
224.0
224.0
224.0
224.0
224.0
224.0
224.0
224.0
224.0
224.0
224.0
224.0
224.0
224.0
224.0
224.0
224.0
224.0
224.0
224.0
226.0
224.0
224.0
224.0
224.0
224.0
224.0
224.0
224.0
224.0
224.0
224.0
224.0
224.0
224.0
224.0
224.0
224.0
224.0
224.0
224.0
224.0
224.0
224.0
224.0
224.0
224.0
224.0
224.0
224.0
224.0
224.0
224.0
224.0
224.0
224.0
224.0
224.0
226.0
224.0
224.0
224.0
224.0
224.0
224.0
224.0
224.0
224.0
224.0
224.0
224.0
224.0
224.0
224.0
224.0
224.0
224.0
224.0
224.0
224.0
224.0
224.0
224.0
224.0
224.0
224.0
224.0
226.0
224.0
224.0
224.0
224.0
224.0
224.0
224.0
224.0
224.0
224.0
224.0
224.0
224.0
224.0
224.0
224.0
224.0
224.0
224.0
224.0
224.0
224.0
224.0
224.0
224.0
224.0
224.0
224.0
224.0
224.0
224.0
224.0
224.0
224.0
224.0
224.0
224.0
224.0
224.0
224.0
224.0
224.0
224.0
224.0
224.0
224.0
224.0
224.0
224.0
224.0
224.0
224.0
224.0
224.0
224.0
224.0
224.0
224.0
224.0
224.0
224.0
224.0
224.0
224.0
224.0
224.0
224.0
224.0
224.0
224.0
224.0
226.0
224.0
224.0
224.0
224.0
224.0
224.0
224.0
;
HBBS bestT : 222.0
BEST_CONFIGURATIONS : 
0 0 0 0 0 
4 26 0 0 0 
4 26 5 22 0 
4 26 5 22 0 
4 26 5 22 0 
22 26 5 8 0 
22 26 25 17 0 
22 3 25 17 21 
16 3 23 17 21 
0 0 0 0 0 
;
ROBOT MOVING BEST:
0 0 0 0 0 
1 1 0 0 0 
0 0 1 1 0 
1 0 0 1 0 
0 1 1 0 0 
1 0 0 1 0 
0 0 1 1 0 
0 1 0 0 1 
1 0 1 0 0 
1 1 1 1 1 
;
TIMETABLE BEST: 
0.0 0.0 0.0 0.0 0.0 
17.0 17.0 0.0 0.0 0.0 
17.0 17.0 24.0 24.0 0.0 
24.0 17.0 24.0 24.0 0.0 
24.0 24.0 24.0 24.0 0.0 
36.0 24.0 24.0 36.0 0.0 
36.0 24.0 60.0 60.0 0.0 
36.0 83.0 60.0 60.0 83.0 
116.0 83.0 116.0 60.0 83.0 
217.0 141.0 222.0 110.0 145.0 
;
EXECUTION TIME HBSS: 1.34450793266 seconds 

-------------------------------------------------------------------
