DATFILE : bwopen0_4r_100.dat
ENVIRONMENT : bwopen
ALGORITHM : HBSS - TAU 4
RANGE : 100
STARTING_POS : 0
N_ROBOTS : 4
GREEDY SOLUTION : 235.0
COMPUTATIONS T :
235.0
235.0
235.0
235.0
235.0
235.0
226.0
239.0
235.0
235.0
235.0
235.0
239.0
235.0
239.0
235.0
235.0
235.0
235.0
235.0
235.0
235.0
235.0
235.0
235.0
220.0
245.0
235.0
235.0
239.0
235.0
235.0
239.0
235.0
235.0
235.0
240.0
235.0
235.0
235.0
235.0
228.0
235.0
235.0
235.0
235.0
235.0
235.0
235.0
235.0
235.0
235.0
235.0
228.0
239.0
235.0
235.0
227.0
235.0
235.0
235.0
235.0
235.0
235.0
235.0
231.0
235.0
226.0
235.0
235.0
235.0
235.0
231.0
235.0
240.0
239.0
235.0
235.0
235.0
226.0
235.0
235.0
235.0
235.0
235.0
235.0
253.0
239.0
235.0
239.0
224.0
235.0
235.0
235.0
254.0
231.0
235.0
235.0
235.0
222.0
249.0
239.0
235.0
235.0
235.0
235.0
235.0
241.0
235.0
235.0
239.0
235.0
235.0
235.0
235.0
235.0
239.0
247.0
235.0
235.0
220.0
235.0
235.0
235.0
239.0
235.0
235.0
235.0
235.0
245.0
235.0
235.0
235.0
235.0
246.0
235.0
235.0
226.0
241.0
239.0
235.0
235.0
235.0
226.0
235.0
235.0
235.0
235.0
235.0
226.0
237.0
235.0
235.0
235.0
235.0
235.0
235.0
235.0
254.0
235.0
235.0
235.0
224.0
231.0
235.0
235.0
239.0
226.0
235.0
235.0
235.0
231.0
239.0
235.0
235.0
235.0
235.0
235.0
235.0
235.0
235.0
235.0
233.0
240.0
235.0
235.0
231.0
235.0
239.0
235.0
226.0
235.0
235.0
226.0
245.0
224.0
235.0
235.0
235.0
235.0
;
HBBS bestT : 220.0
BEST_CONFIGURATIONS : 
0 0 0 0 
0 4 26 0 
4 4 26 22 
4 4 5 22 
4 26 5 22 
22 26 5 8 
17 26 5 25 
17 16 23 25 
21 16 23 3 
0 0 0 0 
;
ROBOT MOVING BEST:
0 0 0 0 
0 1 1 0 
1 0 0 1 
0 0 1 1 
0 1 1 0 
1 0 0 1 
1 0 0 1 
0 1 1 0 
1 0 0 1 
1 1 1 1 
;
TIMETABLE BEST: 
0.0 0.0 0.0 0.0 
0 17 17 0 
24 17 17 24 
24 17 26 26 
24 28 28 26 
38 28 28 38 
68 28 28 68 
68 114 114 68 
152 114 114 152 
214.0 215.0 220.0 210.0 
;
EXECUTION TIME HBSS: 0.817730903625 seconds 

-------------------------------------------------------------------
