DATFILE : bwopen0_5r_100.dat
ENVIRONMENT : bwopen
ALGORITHM : HBSS - TAU 1
RANGE : 100
STARTING_POS : 0
N_ROBOTS : 5
GREEDY SOLUTION : 224.0
COMPUTATIONS T :
319.0
225.0
223.0
236.0
250.0
220.0
212.0
360.0
223.0
275.0
223.0
248.0
279.0
226.0
272.0
234.0
273.0
322.0
321.0
234.0
253.0
319.0
236.0
233.0
243.0
240.0
317.0
317.0
238.0
232.0
234.0
318.0
231.0
251.0
297.0
276.0
259.0
276.0
241.0
257.0
235.0
226.0
242.0
236.0
230.0
231.0
225.0
344.0
229.0
237.0
251.0
252.0
376.0
253.0
235.0
245.0
230.0
240.0
232.0
218.0
262.0
235.0
228.0
235.0
233.0
243.0
222.0
274.0
245.0
251.0
293.0
238.0
241.0
253.0
224.0
275.0
241.0
256.0
256.0
255.0
228.0
218.0
234.0
287.0
304.0
236.0
221.0
257.0
341.0
261.0
243.0
225.0
259.0
231.0
299.0
298.0
230.0
223.0
228.0
286.0
239.0
240.0
240.0
282.0
239.0
255.0
243.0
237.0
255.0
261.0
309.0
264.0
289.0
227.0
230.0
246.0
260.0
234.0
248.0
280.0
264.0
283.0
256.0
308.0
257.0
243.0
235.0
243.0
281.0
243.0
222.0
250.0
230.0
243.0
232.0
250.0
318.0
246.0
241.0
285.0
330.0
224.0
242.0
228.0
229.0
306.0
216.0
247.0
220.0
341.0
248.0
332.0
255.0
232.0
286.0
290.0
328.0
250.0
224.0
334.0
252.0
227.0
246.0
235.0
293.0
285.0
228.0
238.0
238.0
250.0
224.0
229.0
216.0
243.0
287.0
333.0
237.0
270.0
316.0
272.0
225.0
256.0
216.0
266.0
324.0
245.0
233.0
274.0
226.0
244.0
249.0
250.0
349.0
239.0
236.0
263.0
251.0
243.0
238.0
232.0
;
HBBS bestT : 212.0
BEST_CONFIGURATIONS : 
0 0 0 0 0 
16 0 0 0 23 
16 4 26 0 23 
16 4 5 26 23 
16 8 5 22 23 
16 17 25 22 23 
16 22 25 5 23 
3 22 21 5 23 
3 4 21 22 23 
0 0 0 0 0 
;
ROBOT MOVING BEST:
0 0 0 0 0 
1 0 0 0 1 
0 1 1 0 0 
0 0 1 1 0 
0 1 0 1 0 
0 1 1 0 0 
0 1 0 1 0 
1 0 1 0 0 
0 1 0 1 0 
1 1 1 1 1 
;
TIMETABLE BEST: 
0.0 0.0 0.0 0.0 0.0 
106 0 0 0 106 
106 17 17 0 106 
106 17 26 26 106 
106 37 26 37 106 
106 62 62 37 106 
106 92 62 92 106 
149 92 149 92 106 
149 104 149 104 106 
207.0 118.0 211.0 128.0 212.0 
;
EXECUTION TIME HBSS: 1.19842410088 seconds 

-------------------------------------------------------------------
