DATFILE : bwopen0_10r_100.dat
ENVIRONMENT : bwopen
ALGORITHM : HBSS - TAU 2
RANGE : 100
STARTING_POS : 0
N_ROBOTS : 10
GREEDY SOLUTION : [ 852.]
COMPUTATIONS D :
968
930
906
968
892
926
1000
900
1028
942
1000
968
968
936
968
886
844
852
1014
960
968
904
904
920
852
998
1048
1002
892
1052
852
904
912
996
900
934
878
900
1052
900
890
1016
968
1016
876
1042
900
1002
1016
900
1016
948
932
900
900
936
844
1038
890
892
1016
1016
878
940
852
900
968
978
926
962
928
952
852
900
876
972
924
1002
934
1012
1000
844
886
966
990
968
866
948
852
954
940
918
860
874
982
1020
952
1016
876
996
950
970
986
930
900
878
944
852
912
968
874
1034
886
900
928
938
968
968
900
1052
886
922
904
914
968
880
968
852
952
852
968
934
852
968
896
946
968
892
904
908
1016
896
900
958
926
854
920
1004
904
968
968
852
926
1054
1016
1052
844
1018
968
990
844
844
852
968
910
1028
934
852
942
1048
984
900
1042
852
904
968
968
878
874
1008
886
922
900
900
892
1066
1002
900
952
852
970
958
968
852
968
968
872
886
944
934
;
HBBS sumD : 844
BEST_CONFIGURATIONS : 
0 0 0 0 0 0 0 0 0 0 
4 0 0 0 26 0 0 0 0 0 
4 22 0 0 26 0 0 0 0 0 
4 22 5 0 26 0 0 0 0 0 
4 22 5 0 26 0 0 0 0 0 
4 22 5 0 26 8 0 0 0 0 
4 22 5 17 26 25 0 0 0 0 
4 22 5 17 26 25 3 21 0 0 
4 22 23 17 26 25 3 16 0 0 
0 0 0 0 0 0 0 0 0 0 
;
ROBOT MOVING BEST:
0 0 0 0 0 0 0 0 0 0 
1 0 0 0 1 0 0 0 0 0 
1 1 0 0 0 0 0 0 0 0 
0 0 1 0 1 0 0 0 0 0 
0 1 1 0 0 0 0 0 0 0 
0 1 0 0 0 1 0 0 0 0 
0 0 0 1 0 1 0 0 0 0 
0 0 0 0 0 0 1 1 0 0 
0 0 1 0 0 0 0 1 0 0 
1 1 1 1 1 1 1 1 0 0 
;
TIMETABLE BEST: 
0.0 0.0 0.0 0.0 0.0 0.0 0.0 0.0 0.0 0.0 
14 0 0 0 17 0 0 0 0 0 
14 24 0 0 17 0 0 0 0 0 
14 24 24 0 17 0 0 0 0 0 
14 24 24 0 17 0 0 0 0 0 
14 24 24 0 17 26 0 0 0 0 
14 24 24 50 17 52 0 0 0 0 
14 24 24 50 17 52 58 62 0 0 
14 24 106 50 17 52 58 101 0 0 
28.0 48.0 212.0 100.0 34.0 104.0 116.0 202.0 0.0 0.0 
;
EXECUTION TIME HBSS: 4.46234607697 seconds 

-------------------------------------------------------------------
