DATFILE : bwopen0_7r_100.dat
ENVIRONMENT : bwopen
ALGORITHM : HBSS - TAU 7
RANGE : 100
STARTING_POS : 0
N_ROBOTS : 7
GREEDY SOLUTION : 218.0
COMPUTATIONS T :
218.0
218.0
218.0
218.0
218.0
218.0
218.0
218.0
218.0
218.0
218.0
220.0
218.0
218.0
218.0
218.0
218.0
218.0
218.0
218.0
218.0
218.0
218.0
218.0
218.0
218.0
218.0
218.0
218.0
218.0
218.0
218.0
218.0
218.0
218.0
218.0
218.0
218.0
218.0
218.0
218.0
218.0
218.0
218.0
218.0
218.0
218.0
218.0
218.0
218.0
218.0
218.0
218.0
218.0
218.0
218.0
218.0
218.0
214.0
218.0
218.0
218.0
218.0
218.0
218.0
218.0
218.0
218.0
218.0
218.0
218.0
218.0
218.0
218.0
218.0
218.0
218.0
218.0
218.0
218.0
218.0
218.0
218.0
218.0
218.0
218.0
218.0
218.0
218.0
218.0
218.0
218.0
218.0
218.0
218.0
218.0
218.0
218.0
218.0
218.0
218.0
218.0
218.0
218.0
218.0
218.0
218.0
218.0
218.0
218.0
218.0
218.0
218.0
218.0
218.0
218.0
218.0
220.0
218.0
218.0
218.0
220.0
220.0
218.0
218.0
218.0
218.0
218.0
218.0
218.0
218.0
218.0
218.0
218.0
218.0
218.0
218.0
218.0
214.0
218.0
220.0
218.0
218.0
218.0
218.0
218.0
218.0
218.0
218.0
218.0
219.0
218.0
218.0
218.0
218.0
218.0
218.0
218.0
218.0
218.0
218.0
218.0
218.0
218.0
218.0
219.0
218.0
218.0
218.0
218.0
218.0
218.0
218.0
218.0
218.0
218.0
218.0
218.0
218.0
218.0
218.0
218.0
218.0
218.0
218.0
218.0
218.0
218.0
218.0
219.0
218.0
218.0
218.0
218.0
218.0
218.0
218.0
218.0
220.0
218.0
;
HBBS bestT : 214.0
BEST_CONFIGURATIONS : 
0 0 0 0 0 0 0 
4 26 0 0 0 0 0 
4 26 5 22 0 0 0 
4 26 5 22 0 0 0 
4 26 5 22 0 0 0 
4 26 5 22 8 22 0 
4 26 5 22 25 22 17 
4 3 21 22 25 22 17 
4 3 21 16 23 22 17 
0 0 0 0 0 0 0 
;
ROBOT MOVING BEST:
0 0 0 0 0 0 0 
1 1 0 0 0 0 0 
0 0 1 1 0 0 0 
1 0 0 1 0 0 0 
0 1 1 0 0 0 0 
0 0 0 0 1 1 0 
0 0 0 0 1 0 1 
0 1 1 0 0 0 0 
0 0 0 1 1 0 0 
1 1 1 1 1 1 1 
;
TIMETABLE BEST: 
0.0 0.0 0.0 0.0 0.0 0.0 0.0 
17 17 0 0 0 0 0 
17 17 24 24 0 0 0 
24 17 24 24 0 0 0 
24 24 24 24 0 0 0 
24 24 24 24 26 26 0 
24 24 24 24 52 26 52 
24 84 84 24 52 26 52 
24 84 84 108 108 26 52 
38.0 142.0 146.0 209.0 214.0 50.0 102.0 
;
EXECUTION TIME HBSS: 2.31064009666 seconds 

-------------------------------------------------------------------
