DATFILE : bwopen0_2r_100.dat
ENVIRONMENT : bwopen
ALGORITHM : HBSS - TAU 6
RANGE : 100
STARTING_POS : 0
N_ROBOTS : 2
GREEDY SOLUTION : 279.0
COMPUTATIONS T :
268.0
279.0
279.0
279.0
279.0
274.0
279.0
279.0
279.0
279.0
279.0
279.0
274.0
279.0
279.0
279.0
279.0
279.0
279.0
279.0
279.0
279.0
279.0
279.0
342.0
279.0
279.0
279.0
279.0
279.0
279.0
279.0
279.0
346.0
291.0
279.0
279.0
279.0
279.0
279.0
279.0
279.0
279.0
279.0
279.0
279.0
279.0
279.0
325.0
279.0
279.0
279.0
309.0
279.0
279.0
279.0
279.0
279.0
279.0
279.0
279.0
279.0
279.0
279.0
279.0
279.0
279.0
279.0
279.0
279.0
279.0
279.0
279.0
279.0
279.0
279.0
279.0
279.0
279.0
279.0
279.0
279.0
279.0
279.0
279.0
279.0
279.0
279.0
279.0
279.0
279.0
279.0
279.0
279.0
279.0
342.0
274.0
279.0
279.0
279.0
279.0
279.0
279.0
279.0
268.0
279.0
279.0
279.0
279.0
279.0
279.0
279.0
279.0
279.0
279.0
279.0
342.0
309.0
346.0
279.0
279.0
279.0
279.0
279.0
279.0
279.0
268.0
279.0
274.0
279.0
279.0
279.0
279.0
279.0
279.0
279.0
279.0
342.0
279.0
279.0
279.0
279.0
279.0
279.0
279.0
268.0
279.0
279.0
279.0
279.0
268.0
279.0
279.0
279.0
279.0
279.0
279.0
279.0
279.0
279.0
279.0
279.0
279.0
279.0
279.0
279.0
279.0
279.0
279.0
279.0
279.0
279.0
279.0
279.0
279.0
279.0
279.0
279.0
279.0
279.0
279.0
279.0
279.0
279.0
279.0
279.0
279.0
279.0
279.0
279.0
279.0
279.0
279.0
279.0
268.0
279.0
279.0
279.0
279.0
274.0
;
HBBS bestT : 268.0
BEST_CONFIGURATIONS : 
0 0 
4 26 
26 5 
22 5 
4 22 
22 8 
17 25 
23 16 
21 3 
0 0 
;
ROBOT MOVING BEST:
0 0 
1 1 
1 1 
1 1 
1 1 
1 1 
1 1 
1 1 
1 1 
1 1 
;
TIMETABLE BEST: 
0.0 0.0 
17.0 17.0 
28.0 28.0 
39.0 39.0 
51.0 51.0 
63.0 63.0 
93.0 93.0 
158.0 158.0 
206.0 206.0 
268.0 264.0 
;
EXECUTION TIME HBSS: 0.291146993637 seconds 

-------------------------------------------------------------------
