DATFILE : bwopen0_3r_100.dat
ENVIRONMENT : bwopen
ALGORITHM : HBSS - TAU 1
RANGE : 100
STARTING_POS : 0
N_ROBOTS : 3
GREEDY SOLUTION : [ 634.]
COMPUTATIONS D :
706
800
868
570
858
880
628
804
752
602
694
824
754
850
650
676
622
840
740
632
682
694
598
672
824
740
712
808
666
788
734
786
680
784
666
694
808
814
668
576
562
774
650
736
840
700
614
650
738
672
822
888
808
762
808
644
690
624
572
666
794
844
708
714
750
744
670
796
786
746
700
718
814
874
688
722
726
738
640
798
846
748
656
776
666
828
828
822
710
730
728
838
798
750
708
734
690
790
668
650
778
862
752
750
764
654
636
590
756
760
750
662
760
794
644
830
748
730
672
768
766
746
786
726
670
732
692
836
742
668
650
832
758
644
562
766
872
706
846
786
622
660
838
670
746
648
780
690
652
712
666
656
678
850
770
682
788
722
692
690
818
778
684
682
786
644
742
686
704
534
676
622
808
714
778
622
658
802
778
700
838
770
680
850
764
662
682
724
752
738
556
706
756
642
828
816
714
732
844
680
;
HBBS sumD : 534
BEST_CONFIGURATIONS : 
0 0 0 
4 0 26 
4 22 5 
4 22 5 
4 26 5 
8 26 22 
8 17 25 
8 23 16 
8 3 21 
0 0 0 
;
ROBOT MOVING BEST:
0 0 0 
1 0 1 
0 1 1 
1 1 0 
0 1 1 
1 0 1 
0 1 1 
0 1 1 
0 1 1 
1 1 1 
;
TIMETABLE BEST: 
0.0 0.0 0.0 
14 0 17 
14 24 26 
14 24 26 
14 35 26 
28 35 38 
28 76 70 
28 134 135 
28 186 174 
54.0 244.0 236.0 
;
EXECUTION TIME HBSS: 0.471137046814 seconds 

-------------------------------------------------------------------
