DATFILE : bwopen0_10r_100.dat
ENVIRONMENT : bwopen
ALGORITHM : HBSS - TAU 3
RANGE : 100
STARTING_POS : 0
N_ROBOTS : 10
GREEDY SOLUTION : [ 852.]
COMPUTATIONS D :
968
968
852
852
1002
852
852
852
852
844
852
852
900
852
852
968
900
852
852
852
852
852
900
852
852
886
968
968
968
968
904
844
852
968
852
852
852
844
852
852
852
852
852
886
852
852
852
900
968
968
968
852
852
968
852
844
968
900
904
852
886
852
1020
1016
852
852
852
852
852
904
900
968
968
852
852
968
1016
968
968
952
968
900
852
852
904
852
944
852
968
852
968
904
968
852
968
904
852
852
852
844
852
1016
900
904
952
852
900
846
886
844
948
952
852
852
852
900
952
900
844
852
852
968
852
844
892
844
852
968
968
852
990
852
852
852
852
852
852
904
852
852
968
944
968
852
930
852
852
852
852
852
900
844
852
852
968
1020
968
852
852
928
952
852
852
968
852
968
852
900
968
968
968
944
852
852
968
902
852
852
852
852
844
852
852
968
900
904
852
968
852
852
852
968
886
852
968
852
852
886
900
968
;
HBBS sumD : 844
BEST_CONFIGURATIONS : 
0 0 0 0 0 0 0 0 0 0 
4 26 0 0 0 0 0 0 0 0 
4 26 22 0 0 0 0 0 0 0 
4 26 22 5 0 0 0 0 0 0 
4 26 22 5 0 0 0 0 0 0 
4 26 22 5 8 0 0 0 0 0 
4 26 22 5 17 0 25 0 0 0 
4 26 22 5 17 3 25 21 0 0 
4 26 22 23 17 3 25 16 0 0 
0 0 0 0 0 0 0 0 0 0 
;
ROBOT MOVING BEST:
0 0 0 0 0 0 0 0 0 0 
1 1 0 0 0 0 0 0 0 0 
1 0 1 0 0 0 0 0 0 0 
0 1 0 1 0 0 0 0 0 0 
0 0 1 1 0 0 0 0 0 0 
0 0 1 0 1 0 0 0 0 0 
0 0 0 0 1 0 1 0 0 0 
0 0 0 0 0 1 0 1 0 0 
0 0 0 1 0 0 0 1 0 0 
1 1 1 1 1 1 1 1 0 0 
;
TIMETABLE BEST: 
0.0 0.0 0.0 0.0 0.0 0.0 0.0 0.0 0.0 0.0 
14 17 0 0 0 0 0 0 0 0 
14 17 24 0 0 0 0 0 0 0 
14 17 24 24 0 0 0 0 0 0 
14 17 24 24 0 0 0 0 0 0 
14 17 24 24 26 0 0 0 0 0 
14 17 24 24 50 0 52 0 0 0 
14 17 24 24 50 58 52 62 0 0 
14 17 24 106 50 58 52 101 0 0 
28.0 34.0 48.0 212.0 100.0 116.0 104.0 202.0 0.0 0.0 
;
EXECUTION TIME HBSS: 4.68274712563 seconds 

-------------------------------------------------------------------
