DATFILE : bwopen0_7r_100.dat
ENVIRONMENT : bwopen
ALGORITHM : HBSS - TAU 3
RANGE : 100
STARTING_POS : 0
N_ROBOTS : 7
GREEDY SOLUTION : 218.0
COMPUTATIONS T :
218.0
218.0
219.0
218.0
218.0
214.0
220.0
219.0
218.0
219.0
219.0
212.0
219.0
214.0
219.0
218.0
219.0
218.0
214.0
218.0
216.0
219.0
218.0
218.0
220.0
219.0
218.0
218.0
220.0
212.0
216.0
221.0
219.0
219.0
218.0
219.0
218.0
219.0
219.0
218.0
220.0
221.0
216.0
218.0
214.0
218.0
218.0
219.0
218.0
218.0
214.0
218.0
214.0
218.0
218.0
218.0
221.0
218.0
216.0
220.0
218.0
219.0
218.0
220.0
218.0
216.0
216.0
219.0
221.0
220.0
219.0
218.0
218.0
220.0
219.0
220.0
218.0
214.0
222.0
219.0
225.0
218.0
218.0
218.0
218.0
218.0
214.0
222.0
219.0
219.0
218.0
218.0
219.0
218.0
219.0
212.0
221.0
218.0
214.0
218.0
218.0
218.0
214.0
218.0
218.0
219.0
218.0
218.0
219.0
221.0
218.0
218.0
219.0
218.0
218.0
218.0
218.0
214.0
216.0
216.0
218.0
219.0
218.0
218.0
220.0
221.0
218.0
219.0
218.0
219.0
219.0
218.0
218.0
220.0
212.0
214.0
218.0
216.0
220.0
220.0
218.0
219.0
218.0
218.0
214.0
219.0
218.0
218.0
219.0
218.0
218.0
219.0
214.0
218.0
218.0
219.0
216.0
220.0
216.0
218.0
220.0
218.0
218.0
214.0
218.0
218.0
216.0
219.0
218.0
218.0
218.0
218.0
218.0
218.0
216.0
219.0
219.0
220.0
218.0
212.0
214.0
219.0
218.0
214.0
218.0
218.0
219.0
218.0
218.0
214.0
218.0
218.0
218.0
214.0
218.0
218.0
222.0
216.0
220.0
218.0
;
HBBS bestT : 212.0
BEST_CONFIGURATIONS : 
0 0 0 0 0 0 0 
4 26 0 0 0 0 0 
4 26 5 0 22 0 0 
4 26 5 0 22 0 0 
4 26 5 0 22 0 0 
4 26 5 8 22 22 0 
4 26 5 25 17 22 0 
4 3 5 25 17 22 21 
4 3 23 25 17 16 21 
0 0 0 0 0 0 0 
;
ROBOT MOVING BEST:
0 0 0 0 0 0 0 
1 1 0 0 0 0 0 
0 0 1 0 1 0 0 
1 0 0 0 1 0 0 
0 1 1 0 0 0 0 
0 0 0 1 0 1 0 
0 0 0 1 1 0 0 
0 1 0 0 0 0 1 
0 0 1 0 0 1 0 
1 1 1 1 1 1 1 
;
TIMETABLE BEST: 
0.0 0.0 0.0 0.0 0.0 0.0 0.0 
17 17 0 0 0 0 0 
17 17 24 0 24 0 0 
24 17 24 0 24 0 0 
24 24 24 0 24 0 0 
24 24 24 26 24 26 0 
24 24 24 54 54 26 0 
24 83 24 54 54 26 83 
24 83 106 54 54 106 83 
38.0 141.0 212.0 106.0 104.0 207.0 145.0 
;
EXECUTION TIME HBSS: 2.32516908646 seconds 

-------------------------------------------------------------------
