DATFILE : bwopen0_9r_100.dat
ENVIRONMENT : bwopen
ALGORITHM : HBSS - TAU 3
RANGE : 100
STARTING_POS : 0
N_ROBOTS : 9
GREEDY SOLUTION : 214.0
COMPUTATIONS T :
214.0
214.0
214.0
214.0
214.0
214.0
214.0
212.0
214.0
212.0
214.0
212.0
214.0
212.0
214.0
214.0
216.0
214.0
214.0
214.0
214.0
214.0
212.0
214.0
214.0
214.0
214.0
212.0
212.0
214.0
214.0
212.0
212.0
214.0
214.0
214.0
212.0
214.0
216.0
212.0
214.0
212.0
212.0
214.0
214.0
214.0
212.0
214.0
212.0
214.0
212.0
214.0
214.0
214.0
214.0
214.0
216.0
212.0
212.0
214.0
214.0
214.0
214.0
212.0
214.0
212.0
214.0
214.0
214.0
212.0
212.0
212.0
212.0
214.0
214.0
212.0
214.0
214.0
212.0
214.0
214.0
212.0
214.0
214.0
214.0
214.0
212.0
212.0
214.0
214.0
214.0
214.0
212.0
214.0
214.0
212.0
212.0
212.0
212.0
214.0
212.0
214.0
216.0
212.0
214.0
212.0
212.0
214.0
214.0
212.0
214.0
214.0
212.0
218.0
212.0
214.0
212.0
214.0
214.0
212.0
214.0
212.0
214.0
214.0
214.0
214.0
214.0
214.0
214.0
214.0
212.0
214.0
214.0
214.0
214.0
214.0
214.0
214.0
214.0
214.0
212.0
212.0
212.0
216.0
214.0
214.0
214.0
214.0
214.0
214.0
212.0
214.0
214.0
212.0
212.0
212.0
212.0
214.0
212.0
212.0
214.0
214.0
214.0
214.0
214.0
214.0
214.0
212.0
212.0
212.0
212.0
214.0
214.0
214.0
212.0
212.0
212.0
214.0
212.0
214.0
221.0
214.0
212.0
214.0
218.0
216.0
214.0
214.0
214.0
212.0
214.0
214.0
216.0
214.0
214.0
214.0
212.0
214.0
212.0
214.0
;
HBBS bestT : 212.0
BEST_CONFIGURATIONS : 
0 0 0 0 0 0 0 0 0 
4 26 0 0 0 0 0 0 0 
4 26 4 22 0 0 0 0 0 
4 26 4 22 5 22 0 0 0 
4 26 4 22 5 22 5 0 26 
8 22 4 22 5 22 5 0 26 
8 22 4 17 5 25 5 0 26 
8 22 4 17 5 25 5 21 3 
8 22 4 17 16 25 23 21 3 
0 0 0 0 0 0 0 0 0 
;
ROBOT MOVING BEST:
0 0 0 0 0 0 0 0 0 
1 1 0 0 0 0 0 0 0 
0 0 1 1 0 0 0 0 0 
0 0 0 0 1 1 0 0 0 
0 0 0 0 0 0 1 0 1 
1 1 0 0 0 0 0 0 0 
0 0 0 1 0 1 0 0 0 
0 0 0 0 0 0 0 1 1 
0 0 0 0 1 0 1 0 0 
1 1 1 1 1 1 1 1 1 
;
TIMETABLE BEST: 
0.0 0.0 0.0 0.0 0.0 0.0 0.0 0.0 0.0 
17 17 0 0 0 0 0 0 0 
17 17 24 24 0 0 0 0 0 
17 17 24 24 24 24 0 0 0 
17 17 24 24 24 24 24 0 24 
31 31 24 24 24 24 24 0 24 
31 31 24 56 24 56 24 0 24 
31 31 24 56 24 56 24 83 83 
31 31 24 56 106 56 106 83 83 
57.0 55.0 38.0 106.0 207.0 108.0 212.0 145.0 141.0 
;
EXECUTION TIME HBSS: 3.7919049263 seconds 

-------------------------------------------------------------------
