DATFILE : bwopen0_3r_100.dat
ENVIRONMENT : bwopen
ALGORITHM : HBSS - TAU 5
RANGE : 100
STARTING_POS : 0
N_ROBOTS : 3
GREEDY SOLUTION : [ 634.]
COMPUTATIONS D :
644
634
634
634
628
634
650
634
634
634
634
634
634
634
634
634
634
634
634
634
634
634
634
634
634
634
634
638
630
634
634
634
634
634
634
634
634
634
634
630
634
634
634
634
634
654
634
634
644
634
650
634
634
634
634
634
634
634
634
634
630
634
640
640
640
634
634
634
634
638
634
644
634
634
634
634
634
634
634
634
630
634
640
634
634
634
654
634
634
634
634
638
634
634
634
634
630
664
634
634
634
644
638
634
634
634
634
634
634
634
634
634
630
634
644
634
648
634
634
634
634
658
634
634
634
634
634
634
634
634
634
634
634
634
634
634
634
634
634
634
634
634
634
658
634
644
634
644
634
634
638
634
634
634
634
630
634
634
528
634
634
634
634
634
634
634
634
634
638
634
646
634
634
634
634
634
634
634
630
634
634
634
638
634
634
644
630
634
634
634
634
634
634
634
634
634
634
634
634
634
;
HBBS sumD : 528
BEST_CONFIGURATIONS : 
0 0 0 
4 26 0 
4 26 22 
5 26 22 
5 5 22 
5 8 22 
25 8 17 
16 8 23 
3 8 21 
0 0 0 
;
ROBOT MOVING BEST:
0 0 0 
1 1 0 
1 0 1 
1 1 0 
0 1 1 
0 1 1 
1 0 1 
1 0 1 
1 0 1 
1 1 1 
;
TIMETABLE BEST: 
0.0 0.0 0.0 
14 17 0 
14 17 24 
28 17 24 
28 26 24 
28 50 24 
64 50 54 
129 50 112 
172 50 160 
230.0 76.0 222.0 
;
EXECUTION TIME HBSS: 0.496819972992 seconds 

-------------------------------------------------------------------
