DATFILE : bwopen0_5r_100.dat
ENVIRONMENT : bwopen
ALGORITHM : HBSS - TAU 2
RANGE : 100
STARTING_POS : 0
N_ROBOTS : 5
GREEDY SOLUTION : 224.0
COMPUTATIONS T :
229.0
223.0
228.0
224.0
237.0
247.0
222.0
226.0
226.0
224.0
228.0
237.0
224.0
228.0
224.0
221.0
227.0
239.0
226.0
243.0
224.0
224.0
222.0
222.0
222.0
235.0
227.0
223.0
222.0
228.0
246.0
226.0
236.0
222.0
223.0
226.0
224.0
235.0
221.0
240.0
245.0
223.0
222.0
224.0
222.0
226.0
224.0
231.0
237.0
228.0
243.0
233.0
233.0
219.0
232.0
222.0
242.0
230.0
283.0
233.0
243.0
222.0
222.0
228.0
226.0
224.0
226.0
224.0
228.0
238.0
224.0
226.0
233.0
221.0
248.0
226.0
221.0
240.0
224.0
220.0
227.0
221.0
224.0
224.0
226.0
220.0
245.0
224.0
242.0
224.0
228.0
232.0
224.0
230.0
262.0
232.0
224.0
233.0
226.0
224.0
226.0
237.0
228.0
226.0
229.0
242.0
223.0
226.0
224.0
228.0
236.0
222.0
233.0
229.0
222.0
234.0
218.0
222.0
231.0
225.0
262.0
224.0
224.0
227.0
226.0
224.0
222.0
228.0
245.0
229.0
228.0
242.0
245.0
228.0
253.0
233.0
231.0
228.0
224.0
236.0
224.0
245.0
243.0
231.0
240.0
232.0
228.0
239.0
224.0
226.0
224.0
235.0
224.0
235.0
221.0
229.0
226.0
222.0
224.0
244.0
237.0
224.0
224.0
223.0
243.0
224.0
233.0
224.0
233.0
224.0
223.0
220.0
237.0
243.0
224.0
224.0
224.0
229.0
223.0
224.0
253.0
224.0
233.0
240.0
224.0
226.0
224.0
226.0
243.0
233.0
228.0
244.0
243.0
237.0
224.0
229.0
239.0
228.0
226.0
226.0
;
HBBS bestT : 218.0
BEST_CONFIGURATIONS : 
0 0 0 0 0 
4 0 26 0 0 
4 4 26 22 0 
5 22 26 22 0 
5 22 5 22 26 
22 8 5 22 26 
22 17 25 22 26 
22 17 25 23 16 
3 17 21 23 16 
0 0 0 0 0 
;
ROBOT MOVING BEST:
0 0 0 0 0 
1 0 1 0 0 
0 1 0 1 0 
1 1 0 0 0 
0 0 1 0 1 
1 1 0 0 0 
0 1 1 0 0 
0 0 0 1 1 
1 0 1 0 0 
1 1 1 1 1 
;
TIMETABLE BEST: 
0.0 0.0 0.0 0.0 0.0 
17 0 17 0 0 
17 24 17 24 0 
36 36 17 24 0 
36 36 26 24 26 
48 48 26 24 26 
48 72 72 24 26 
48 72 72 112 112 
144 72 144 112 112 
202.0 122.0 206.0 218.0 213.0 
;
EXECUTION TIME HBSS: 1.22559189796 seconds 

-------------------------------------------------------------------
