DATFILE : bwopen0_7r_100.dat
ENVIRONMENT : bwopen
ALGORITHM : HBSS - TAU 3
RANGE : 100
STARTING_POS : 0
N_ROBOTS : 7
GREEDY SOLUTION : [ 828.]
COMPUTATIONS D :
828
932
830
928
828
928
828
930
828
828
828
828
906
828
828
828
828
928
928
854
930
828
930
828
830
828
828
934
888
828
828
828
876
828
956
828
928
842
906
828
858
828
874
828
828
920
828
932
828
828
928
918
842
842
928
828
928
828
906
928
872
828
928
828
854
928
828
828
824
842
828
928
828
854
826
928
950
906
928
828
876
828
906
842
868
924
828
878
828
928
828
860
842
954
842
828
828
906
934
828
882
850
848
828
944
950
906
872
878
828
926
828
906
854
924
828
828
850
828
944
874
828
950
828
848
928
836
928
832
928
844
828
930
930
828
850
930
954
828
828
828
930
828
828
828
828
842
904
828
828
828
828
928
928
910
906
828
828
926
928
828
928
926
828
878
906
828
842
830
828
828
828
828
828
828
828
924
828
828
828
828
828
828
828
828
928
828
828
924
828
928
924
828
828
944
828
828
882
828
898
;
HBBS sumD : 824
BEST_CONFIGURATIONS : 
0 0 0 0 0 0 0 
4 0 0 0 26 0 0 
4 22 0 0 26 0 0 
4 22 5 26 26 0 0 
4 22 5 26 26 0 0 
4 22 5 26 26 8 0 
4 22 25 26 26 17 0 
4 22 25 3 26 17 21 
4 23 25 3 26 17 16 
0 0 0 0 0 0 0 
;
ROBOT MOVING BEST:
0 0 0 0 0 0 0 
1 0 0 0 1 0 0 
1 1 0 0 0 0 0 
0 0 1 1 0 0 0 
0 1 1 0 0 0 0 
0 1 0 0 0 1 0 
0 0 1 0 0 1 0 
0 0 0 1 0 0 1 
0 1 0 0 0 0 1 
1 1 1 1 1 1 1 
;
TIMETABLE BEST: 
0.0 0.0 0.0 0.0 0.0 0.0 0.0 
14 0 0 0 17 0 0 
14 24 0 0 17 0 0 
14 24 24 17 17 0 0 
14 24 24 17 17 0 0 
14 24 24 17 17 26 0 
14 24 60 17 17 50 0 
14 24 60 76 17 50 62 
14 108 60 76 17 50 101 
28.0 214.0 112.0 134.0 34.0 100.0 202.0 
;
EXECUTION TIME HBSS: 2.31426000595 seconds 

-------------------------------------------------------------------
