DATFILE : bwopen0_8r_100.dat
ENVIRONMENT : bwopen
ALGORITHM : HBSS - TAU 2
RANGE : 100
STARTING_POS : 0
N_ROBOTS : 8
GREEDY SOLUTION : [ 852.]
COMPUTATIONS D :
878
954
926
972
852
902
876
828
916
828
984
864
852
890
828
992
876
840
1004
862
878
876
920
976
876
914
966
974
952
992
852
954
876
952
862
852
874
976
958
968
926
874
962
962
974
876
976
1000
844
828
852
954
918
862
960
876
924
988
952
828
978
852
882
874
876
944
980
972
902
880
924
852
920
952
978
952
960
852
876
930
954
896
1010
862
876
880
852
930
880
876
940
928
852
874
920
980
970
908
982
992
922
972
984
976
972
876
862
980
926
866
876
972
988
876
952
882
952
904
876
846
852
852
946
876
852
828
842
984
928
944
888
938
958
852
890
954
944
876
924
876
890
1002
852
810
856
898
844
918
852
992
1016
900
876
962
952
928
916
870
880
974
866
852
906
814
974
980
968
886
984
870
978
1004
876
884
900
874
852
878
868
960
968
852
860
876
990
984
880
966
886
920
898
948
986
1004
876
986
888
862
952
842
;
HBBS sumD : 810
BEST_CONFIGURATIONS : 
0 0 0 0 0 0 0 0 
0 4 0 0 0 26 0 0 
22 4 0 0 0 26 0 0 
22 4 5 26 0 26 0 0 
22 4 5 26 0 26 0 0 
22 4 5 26 8 26 0 0 
22 4 5 26 17 26 25 0 
22 4 21 26 17 26 25 3 
22 4 21 26 23 26 25 16 
0 0 0 0 0 0 0 0 
;
ROBOT MOVING BEST:
0 0 0 0 0 0 0 0 
0 1 0 0 0 1 0 0 
1 1 0 0 0 0 0 0 
0 0 1 1 0 0 0 0 
1 0 1 0 0 0 0 0 
1 0 0 0 1 0 0 0 
0 0 0 0 1 0 1 0 
0 0 1 0 0 0 0 1 
0 0 0 0 1 0 0 1 
1 1 1 1 1 1 1 1 
;
TIMETABLE BEST: 
0.0 0.0 0.0 0.0 0.0 0.0 0.0 0.0 
0 14 0 0 0 17 0 0 
24 14 0 0 0 17 0 0 
24 14 24 17 0 17 0 0 
24 14 24 17 0 17 0 0 
24 14 24 17 26 17 0 0 
24 14 24 17 50 17 52 0 
24 14 84 17 50 17 52 58 
24 14 84 17 108 17 52 101 
48.0 28.0 146.0 34.0 214.0 34.0 104.0 202.0 
;
EXECUTION TIME HBSS: 2.78483009338 seconds 

-------------------------------------------------------------------
