DATFILE : bwopen0_2r_100.dat
ENVIRONMENT : bwopen
ALGORITHM : HBSS - TAU 5
RANGE : 100
STARTING_POS : 0
N_ROBOTS : 2
GREEDY SOLUTION : [ 492.]
COMPUTATIONS D :
502
492
492
488
492
492
492
492
492
492
492
492
526
522
624
492
492
492
638
526
492
492
558
492
492
492
492
492
492
492
488
624
492
502
624
492
492
492
492
492
492
492
492
502
492
474
502
492
624
624
492
492
492
492
492
492
492
624
492
492
492
624
558
492
492
492
492
492
474
492
492
638
492
492
492
492
492
492
492
492
492
638
492
492
492
474
492
492
492
492
492
492
492
488
492
492
492
492
492
492
492
498
492
492
492
492
492
492
624
492
492
492
492
492
492
492
492
492
492
492
634
492
492
492
492
492
492
492
492
492
492
492
492
492
492
492
502
498
492
492
492
506
492
492
492
492
502
492
502
492
492
492
492
474
492
492
502
492
492
492
492
492
492
492
492
620
492
492
492
490
490
492
492
492
492
492
492
492
492
492
492
492
492
492
488
492
492
492
492
492
492
492
492
492
558
492
492
492
502
492
;
HBBS sumD : 474
BEST_CONFIGURATIONS : 
0 0 
4 26 
5 26 
5 22 
4 22 
8 22 
17 25 
23 16 
3 21 
0 0 
;
ROBOT MOVING BEST:
0 0 
1 1 
1 1 
1 1 
1 1 
1 1 
1 1 
1 1 
1 1 
1 1 
;
TIMETABLE BEST: 
0.0 0.0 
14 17 
28 17 
28 28 
42 28 
56 28 
80 60 
138 125 
190 164 
248.0 226.0 
;
EXECUTION TIME HBSS: 0.31201505661 seconds 

-------------------------------------------------------------------
