DATFILE : bwopen0_6r_100.dat
ENVIRONMENT : bwopen
ALGORITHM : HBSS - TAU 1
RANGE : 100
STARTING_POS : 0
N_ROBOTS : 6
GREEDY SOLUTION : [ 830.]
COMPUTATIONS D :
848
890
746
864
786
810
866
858
924
916
836
840
864
870
866
854
892
912
870
834
660
764
906
832
832
876
964
868
844
776
912
864
864
890
934
800
858
856
782
902
880
844
872
862
906
962
928
850
886
868
882
870
938
922
846
902
750
906
894
920
762
940
920
856
722
916
840
862
920
872
830
806
932
888
900
904
804
944
916
868
890
904
950
908
862
868
868
808
812
886
840
844
868
942
760
882
868
934
904
832
902
912
912
844
886
862
900
878
766
862
818
964
712
806
912
882
758
962
862
866
830
936
934
924
944
924
932
944
890
768
872
908
912
748
802
832
834
854
920
808
792
930
846
870
814
850
910
924
916
758
876
848
948
816
846
766
926
874
908
780
816
978
874
776
918
846
782
888
880
858
736
898
934
854
884
858
880
850
938
960
786
838
860
834
956
924
856
900
922
868
854
920
824
916
892
880
954
988
780
870
;
HBBS sumD : 660
BEST_CONFIGURATIONS : 
0 0 0 0 0 0 
0 4 26 0 0 0 
22 4 26 0 0 0 
22 4 26 5 0 0 
22 4 26 5 0 0 
22 4 26 5 8 0 
17 4 26 5 25 0 
23 4 26 5 16 0 
23 3 26 5 21 0 
0 0 0 0 0 0 
;
ROBOT MOVING BEST:
0 0 0 0 0 0 
0 1 1 0 0 0 
1 1 0 0 0 0 
1 0 0 1 0 0 
0 0 1 1 0 0 
1 0 0 0 1 0 
1 0 0 0 1 0 
1 0 0 0 1 0 
0 1 0 0 1 0 
1 1 1 1 1 0 
;
TIMETABLE BEST: 
0.0 0.0 0.0 0.0 0.0 0.0 
0 14 17 0 0 0 
24 14 17 0 0 0 
24 14 17 24 0 0 
24 14 17 24 0 0 
24 14 17 24 26 0 
54 14 17 24 52 0 
112 14 17 24 117 0 
112 84 17 24 156 0 
218.0 142.0 34.0 48.0 218.0 0.0 
;
EXECUTION TIME HBSS: 1.59851503372 seconds 

-------------------------------------------------------------------
