DATFILE : bwopen0_5r_100.dat
ENVIRONMENT : bwopen
ALGORITHM : HBSS - TAU 5
RANGE : 100
STARTING_POS : 0
N_ROBOTS : 5
GREEDY SOLUTION : [ 800.]
COMPUTATIONS D :
800
800
808
800
800
804
800
800
808
804
800
800
800
800
800
800
800
800
800
800
800
800
800
800
800
800
800
800
800
800
800
800
800
800
806
800
800
800
800
800
800
800
800
800
800
800
800
800
800
800
800
800
800
800
806
800
800
800
800
800
800
800
800
762
806
800
800
810
804
808
800
800
800
800
800
800
800
800
800
800
800
800
804
834
800
800
800
800
800
800
800
788
800
800
806
810
800
800
800
800
800
800
800
800
800
806
800
800
800
800
800
800
800
804
800
800
800
802
800
800
806
800
800
800
800
762
800
800
800
800
800
804
804
800
800
800
800
800
800
806
800
800
800
800
800
800
800
800
804
800
806
800
800
800
800
804
800
800
800
800
800
804
800
800
806
800
800
800
800
804
800
800
800
804
800
800
800
800
800
800
806
808
800
800
800
800
800
800
800
804
806
800
800
800
800
800
800
800
800
800
;
HBBS sumD : 762
BEST_CONFIGURATIONS : 
0 0 0 0 0 
4 0 26 0 0 
4 22 26 0 0 
4 22 26 5 0 
4 22 26 5 0 
4 22 26 5 8 
17 22 26 5 25 
17 22 3 21 25 
23 22 3 21 16 
0 0 0 0 0 
;
ROBOT MOVING BEST:
0 0 0 0 0 
1 0 1 0 0 
1 1 0 0 0 
0 0 1 1 0 
0 1 0 1 0 
0 1 0 0 1 
1 0 0 0 1 
0 0 1 1 0 
1 0 0 0 1 
1 1 1 1 1 
;
TIMETABLE BEST: 
0.0 0.0 0.0 0.0 0.0 
14 0 17 0 0 
14 24 17 0 0 
14 24 17 24 0 
14 24 17 24 0 
14 24 17 24 26 
52 24 17 24 52 
52 24 76 84 52 
110 24 76 84 117 
216.0 48.0 134.0 146.0 218.0 
;
EXECUTION TIME HBSS: 1.16194295883 seconds 

-------------------------------------------------------------------
