DATFILE : offices1_8r_250.dat
ENVIRONMENT : office
ALGORITHM : HBSS - TAU 3
RANGE : 250
STARTING_POS : 42
N_ROBOTS : 8
GREEDY SOLUTION : 630.0
COMPUTATIONS T :
667.0
679.0
662.0
665.0
695.0
626.0
643.0
718.0
719.0
668.0
655.0
695.0
678.0
695.0
662.0
716.0
652.0
709.0
685.0
672.0
684.0
695.0
654.0
673.0
620.0
648.0
642.0
689.0
698.0
700.0
719.0
630.0
655.0
696.0
707.0
650.0
688.0
668.0
661.0
693.0
674.0
702.0
652.0
694.0
697.0
709.0
670.0
667.0
695.0
687.0
732.0
678.0
674.0
694.0
669.0
673.0
709.0
660.0
690.0
666.0
648.0
685.0
650.0
694.0
694.0
694.0
668.0
724.0
645.0
671.0
684.0
684.0
697.0
702.0
678.0
671.0
699.0
660.0
672.0
704.0
696.0
631.0
680.0
703.0
670.0
670.0
712.0
703.0
673.0
723.0
704.0
678.0
623.0
674.0
665.0
687.0
711.0
669.0
672.0
698.0
641.0
628.0
686.0
696.0
709.0
664.0
684.0
713.0
720.0
723.0
705.0
682.0
682.0
652.0
703.0
682.0
683.0
685.0
644.0
645.0
672.0
700.0
659.0
674.0
682.0
687.0
666.0
686.0
668.0
654.0
665.0
722.0
673.0
669.0
646.0
725.0
684.0
690.0
629.0
712.0
585.0
678.0
620.0
711.0
748.0
702.0
669.0
705.0
700.0
686.0
712.0
667.0
664.0
700.0
697.0
661.0
643.0
649.0
641.0
696.0
665.0
661.0
741.0
682.0
707.0
703.0
688.0
719.0
648.0
634.0
667.0
686.0
723.0
700.0
688.0
780.0
685.0
673.0
694.0
677.0
668.0
624.0
700.0
665.0
707.0
698.0
664.0
678.0
666.0
699.0
745.0
695.0
667.0
679.0
650.0
663.0
701.0
707.0
703.0
694.0
;
HBBS bestT : 585.0
BEST_CONFIGURATIONS : 
42 42 42 42 42 42 42 42 
41 42 42 42 42 42 42 42 
41 42 5 24 42 42 42 42 
41 42 5 24 42 42 42 42 
41 42 5 24 42 42 42 42 
41 42 5 24 42 42 42 42 
41 42 5 24 42 42 42 42 
41 42 5 24 36 42 42 42 
41 42 5 24 36 42 42 42 
41 42 5 24 36 42 40 42 
41 42 5 24 36 42 40 42 
41 42 5 24 36 42 40 42 
41 42 5 24 36 42 40 42 
41 42 5 24 36 36 40 42 
41 42 5 24 36 36 40 40 
41 42 5 24 36 36 40 40 
41 42 5 4 36 36 40 40 
41 42 5 4 36 36 40 40 
41 42 5 4 36 36 40 40 
41 42 5 4 36 36 40 40 
41 42 5 4 36 36 40 40 
41 42 5 4 36 35 40 40 
41 42 5 4 36 35 40 40 
41 42 5 4 36 35 40 40 
41 42 5 4 36 35 40 40 
41 42 5 4 36 35 40 40 
41 42 5 4 36 35 40 40 
41 42 5 4 36 35 40 39 
41 42 5 4 36 35 40 39 
41 42 5 4 36 35 40 39 
41 42 5 4 36 35 40 39 
41 42 5 4 36 35 40 39 
41 42 5 4 36 35 40 39 
41 42 5 24 36 35 40 39 
41 42 24 24 36 35 40 26 
41 42 24 24 36 35 40 26 
41 42 24 24 36 35 39 26 
40 42 24 24 36 35 39 26 
40 42 24 24 36 35 39 26 
40 42 24 24 34 35 39 26 
40 42 24 24 34 35 39 26 
40 42 24 24 34 35 39 26 
40 42 24 24 34 35 39 26 
40 42 24 24 34 35 39 26 
40 42 24 24 34 35 39 26 
40 42 4 24 34 35 39 26 
40 42 4 24 34 35 39 26 
40 42 4 24 34 35 39 26 
40 41 4 24 34 35 39 26 
40 41 4 24 34 35 23 26 
40 41 4 24 34 35 23 26 
40 41 4 24 34 33 23 26 
40 41 4 24 34 33 23 26 
40 41 4 24 34 33 23 26 
40 41 4 24 34 33 23 26 
40 41 4 24 34 33 23 26 
40 41 4 24 34 33 23 26 
40 41 4 24 34 33 23 26 
40 41 4 24 34 33 23 26 
40 41 4 24 34 33 23 27 
40 41 4 24 34 33 23 27 
40 41 4 24 34 33 23 27 
40 41 4 24 34 33 23 27 
40 41 4 24 34 33 23 27 
40 41 4 5 34 33 23 27 
40 41 4 5 34 33 23 27 
40 41 4 5 34 33 23 27 
40 36 4 5 34 33 23 27 
40 36 4 5 34 33 23 32 
40 36 4 5 34 33 23 32 
40 36 4 5 34 33 23 32 
40 36 4 5 34 33 23 32 
40 36 4 5 34 33 23 32 
40 36 4 5 34 33 23 32 
40 36 4 5 34 33 23 32 
40 36 4 24 34 33 23 32 
40 36 4 24 34 33 2 32 
40 36 4 24 34 33 2 32 
40 36 4 24 34 33 2 32 
40 36 4 24 34 33 2 32 
40 36 4 24 34 33 2 32 
40 36 4 24 34 33 2 32 
40 35 4 24 34 33 2 32 
40 35 4 24 34 33 2 32 
40 35 4 24 34 33 2 27 
40 35 4 24 34 33 2 27 
40 35 4 5 34 33 2 27 
39 35 4 5 33 33 2 27 
39 35 4 5 33 33 2 27 
39 35 4 5 33 33 2 27 
39 35 4 5 33 32 2 27 
39 35 4 5 33 32 2 27 
39 35 4 5 33 32 2 27 
39 35 3 5 33 32 2 27 
39 35 3 5 33 32 2 27 
39 35 3 5 33 32 2 27 
39 35 3 5 33 32 2 27 
39 35 3 5 33 32 2 27 
39 35 3 5 33 32 2 27 
39 35 3 5 33 32 2 27 
39 35 3 5 33 32 23 27 
39 35 3 5 33 32 23 31 
39 35 3 5 33 32 23 31 
39 35 3 5 33 32 23 31 
39 35 3 5 33 32 23 31 
39 35 3 5 33 32 23 31 
39 35 3 5 33 27 23 31 
39 35 3 5 33 27 23 31 
39 35 3 24 33 27 23 31 
39 35 3 24 33 26 23 31 
39 35 3 24 33 26 23 31 
39 35 3 24 33 26 2 31 
39 35 3 24 33 26 2 31 
39 35 3 24 33 26 2 31 
39 34 3 24 33 26 2 31 
39 34 3 24 33 26 2 31 
39 34 3 4 33 26 2 31 
23 34 3 4 33 26 2 31 
23 34 3 4 33 38 2 31 
23 34 3 4 33 38 2 31 
23 34 3 4 33 38 2 31 
23 34 3 4 33 38 2 31 
23 34 3 4 33 38 2 31 
23 34 3 4 33 38 2 30 
23 34 3 4 33 38 2 30 
23 34 3 4 33 38 2 30 
23 34 3 4 33 38 2 30 
26 34 3 4 33 38 2 30 
26 34 3 4 33 38 2 29 
26 33 3 4 33 38 2 29 
26 33 3 4 33 38 2 29 
26 33 3 4 32 38 2 29 
26 33 3 4 32 38 23 29 
26 33 3 4 32 38 23 29 
26 33 3 4 32 38 23 29 
26 33 3 4 27 38 23 29 
26 33 3 41 27 38 23 29 
26 33 3 41 27 38 23 29 
26 33 3 41 27 38 23 29 
26 33 3 41 27 38 1 29 
26 32 3 41 27 38 1 29 
26 32 3 41 27 38 1 29 
26 32 3 41 27 38 1 29 
26 32 3 41 27 38 1 29 
26 32 3 41 27 38 1 29 
39 32 3 41 27 38 1 29 
39 32 3 41 31 38 1 29 
39 32 3 36 31 38 1 29 
39 32 3 36 31 38 1 29 
39 32 3 36 31 38 1 29 
39 32 3 36 31 38 1 29 
39 32 3 36 31 38 1 29 
39 32 3 36 31 38 1 29 
39 27 3 36 30 38 1 29 
26 27 3 36 30 38 1 29 
26 27 3 36 30 38 1 29 
26 27 3 36 30 38 1 29 
26 27 3 36 30 37 1 29 
26 27 3 36 30 37 1 29 
26 27 3 36 30 37 1 29 
26 27 3 36 30 37 1 29 
26 27 3 36 30 37 1 29 
26 27 23 36 30 37 1 29 
26 27 23 36 30 37 1 29 
26 32 23 36 30 37 1 29 
26 32 23 36 30 37 1 29 
39 32 23 36 30 37 1 29 
39 32 23 33 30 37 1 29 
39 32 23 33 30 37 1 29 
39 32 23 33 30 37 1 28 
39 32 2 33 30 37 1 28 
39 32 2 33 30 37 1 28 
39 32 2 33 30 37 1 28 
39 32 2 33 30 37 1 28 
39 32 2 33 30 37 1 28 
39 27 2 33 30 37 1 28 
39 27 2 33 30 43 1 28 
39 27 2 33 30 43 1 28 
39 27 2 33 30 43 1 28 
26 27 2 33 30 43 1 28 
26 27 2 33 30 43 1 28 
26 27 23 33 30 43 1 28 
26 27 23 33 30 43 1 28 
26 31 23 33 30 43 1 28 
26 31 23 33 30 37 1 28 
26 31 38 33 30 37 1 28 
26 31 38 33 30 37 1 28 
38 31 38 33 30 37 1 28 
38 31 38 33 30 37 0 28 
38 27 38 33 30 37 0 28 
38 27 38 26 30 37 0 28 
38 27 38 26 30 37 0 28 
38 27 38 26 30 37 0 28 
38 27 38 26 30 37 0 28 
38 27 38 26 30 43 0 28 
38 32 38 26 30 43 0 28 
38 32 38 26 30 43 0 28 
38 32 37 26 30 43 0 28 
38 32 37 23 30 43 0 28 
38 32 37 23 29 43 0 28 
38 32 37 23 29 43 0 28 
38 32 37 23 29 43 0 17 
38 32 37 23 29 43 0 17 
38 32 43 23 29 43 0 17 
38 27 43 23 29 43 0 17 
38 27 43 23 29 37 0 17 
38 27 43 2 29 37 0 17 
38 27 43 2 30 37 0 17 
26 27 43 2 30 37 0 17 
26 31 43 2 30 37 0 17 
26 31 43 2 30 37 0 17 
26 31 43 2 30 37 0 17 
39 31 43 2 30 37 0 17 
39 31 43 1 30 37 0 17 
39 27 43 1 30 25 0 17 
39 27 37 1 30 25 0 17 
39 27 37 1 30 25 0 17 
39 27 37 1 28 25 0 17 
39 27 37 1 28 25 0 17 
39 27 37 1 28 25 0 17 
39 27 37 1 28 25 0 17 
26 27 37 1 28 25 0 17 
26 31 37 1 28 25 0 17 
26 31 38 1 28 25 0 17 
26 31 38 1 29 25 0 17 
26 31 38 23 29 25 0 17 
26 31 38 23 29 25 0 28 
26 30 38 23 29 25 25 28 
26 30 38 2 29 25 25 28 
30 30 38 2 29 25 25 19 
30 29 38 2 29 25 25 19 
30 29 43 2 29 25 25 19 
30 29 43 2 29 25 25 19 
30 29 43 2 28 25 25 19 
30 29 43 3 28 25 0 19 
30 29 37 3 28 25 0 19 
31 29 37 3 28 25 0 19 
31 29 37 3 17 25 0 19 
31 29 37 24 17 1 0 19 
27 29 37 24 17 1 0 16 
27 17 37 24 17 1 0 16 
27 17 37 24 19 1 0 16 
27 17 28 24 19 1 0 16 
27 17 28 4 19 1 0 16 
31 17 28 4 19 1 0 16 
31 17 29 4 19 1 0 16 
30 17 29 4 16 1 0 16 
30 17 29 4 16 1 0 6 
30 17 29 4 16 1 0 6 
30 17 29 4 16 1 19 6 
30 17 29 42 16 3 19 6 
17 17 29 42 16 3 19 22 
17 19 29 42 16 3 19 22 
17 19 29 42 16 3 19 22 
17 19 29 42 16 3 19 22 
17 19 29 42 16 3 19 7 
17 19 29 42 16 3 19 7 
17 19 29 42 16 3 16 7 
17 19 29 40 16 3 16 7 
17 19 30 40 16 3 16 22 
17 19 30 40 6 3 16 22 
17 19 31 40 6 3 16 22 
17 6 31 40 6 3 7 22 
17 6 31 40 22 3 7 22 
17 6 27 40 22 3 7 22 
16 6 27 40 22 3 7 10 
16 6 27 40 22 3 7 10 
16 6 27 40 7 3 7 10 
16 6 27 40 7 3 22 10 
16 6 33 18 7 3 22 10 
16 6 33 18 7 36 22 10 
16 6 33 18 7 36 15 10 
16 6 33 18 7 36 15 11 
16 6 33 18 7 36 15 11 
16 6 33 18 7 36 15 11 
16 6 33 18 7 36 15 11 
16 6 33 18 7 36 15 11 
16 6 33 18 7 36 15 11 
16 6 33 18 7 36 15 11 
16 6 33 18 22 36 15 11 
16 6 33 18 22 36 15 11 
16 6 33 18 22 41 15 11 
16 6 27 18 22 41 15 11 
19 6 27 18 22 41 15 11 
19 6 27 18 22 41 15 21 
19 6 27 18 22 41 15 21 
19 6 27 18 7 41 15 21 
19 6 27 18 7 40 15 21 
19 6 27 18 7 40 15 21 
19 6 32 18 7 40 15 21 
19 6 32 18 7 40 15 21 
19 6 32 18 22 40 15 21 
17 6 32 18 22 40 15 21 
17 22 32 18 22 40 15 8 
17 22 32 18 7 40 15 8 
17 22 32 18 7 39 15 8 
17 22 32 18 7 39 15 8 
17 22 26 18 7 39 15 8 
28 22 26 18 7 39 15 8 
28 22 26 20 7 39 15 8 
28 22 26 20 7 38 15 8 
28 10 26 20 7 38 15 8 
28 10 26 20 7 38 15 8 
28 10 26 20 7 38 15 8 
29 10 26 20 7 38 15 8 
29 10 26 20 7 38 15 21 
29 10 31 20 15 38 15 21 
29 10 31 20 15 38 15 21 
29 10 31 20 15 37 15 21 
30 10 31 20 15 37 15 21 
30 10 31 20 15 43 15 21 
30 10 31 9 15 43 15 8 
30 10 31 9 15 43 13 8 
30 10 31 9 15 43 13 8 
30 10 27 9 15 43 13 8 
30 10 27 9 15 43 13 8 
30 10 27 9 15 43 13 8 
30 10 32 9 15 43 13 8 
30 10 32 9 15 43 13 21 
30 10 32 9 15 43 13 21 
29 10 32 9 15 43 13 21 
29 10 32 9 15 38 13 21 
29 11 32 9 15 38 13 21 
29 11 32 9 14 38 13 21 
29 11 32 9 14 38 13 21 
29 11 32 9 14 38 13 21 
29 11 32 9 14 38 13 21 
29 11 32 9 14 38 13 21 
29 11 32 9 14 38 13 21 
29 11 32 9 14 38 13 21 
29 11 32 9 14 26 13 21 
29 11 32 9 14 26 13 21 
29 11 27 9 14 26 13 21 
29 11 27 9 14 26 13 21 
29 11 27 9 14 26 13 8 
29 11 27 9 14 26 13 8 
30 11 27 9 14 26 13 8 
30 11 27 20 14 26 13 8 
30 11 27 20 14 26 13 8 
30 11 27 20 14 26 13 8 
30 11 31 20 14 26 13 8 
30 11 31 20 14 26 13 8 
30 11 31 20 14 23 13 8 
30 11 31 12 14 23 13 8 
30 11 31 12 14 23 13 8 
30 11 31 12 14 23 13 8 
30 11 31 12 14 23 13 8 
30 11 31 12 14 39 13 8 
30 11 31 12 14 39 13 21 
30 11 31 12 14 39 13 21 
17 11 31 12 14 39 13 21 
17 11 31 12 14 39 13 21 
17 21 33 12 14 39 13 21 
17 21 33 12 14 39 13 21 
17 21 33 12 14 39 13 21 
17 21 33 12 14 40 13 21 
17 8 33 12 14 40 13 21 
17 8 34 20 14 40 13 21 
17 8 34 20 14 40 13 21 
17 8 34 20 14 40 13 21 
17 8 35 20 14 40 13 21 
17 8 35 20 14 40 13 21 
17 8 35 20 14 40 13 21 
17 8 35 20 14 36 13 21 
17 8 35 20 14 36 13 10 
17 8 35 20 14 36 13 10 
17 12 35 20 14 36 13 10 
17 12 35 20 14 36 13 10 
16 12 35 20 14 36 13 10 
16 12 35 20 14 36 13 10 
16 12 35 9 14 36 13 10 
16 12 35 9 14 36 13 22 
16 12 35 9 14 36 13 22 
16 12 35 9 14 18 13 22 
6 12 35 9 14 18 13 22 
6 12 34 9 14 18 13 22 
6 12 34 9 14 18 13 22 
6 12 34 9 14 18 13 7 
6 12 35 9 14 18 13 7 
6 12 35 20 14 18 13 7 
6 12 35 20 14 18 15 7 
6 20 35 9 14 18 15 7 
11 20 35 9 14 18 10 7 
42 42 42 42 42 42 42 42 
;
ROBOT MOVING BEST:
0 0 0 0 0 0 0 0 
1 1 0 0 0 0 0 0 
0 0 1 1 0 0 0 0 
1 0 1 0 0 0 0 0 
1 0 0 1 0 0 0 0 
0 1 1 0 0 0 0 0 
0 1 0 1 0 0 0 0 
0 0 1 0 1 0 0 0 
1 0 0 0 1 0 0 0 
0 0 1 0 0 0 1 0 
0 1 0 0 1 0 0 0 
1 0 0 0 0 0 1 0 
0 1 0 0 0 0 1 0 
0 0 0 1 0 1 0 0 
0 0 0 1 0 0 0 1 
0 0 0 0 1 0 1 0 
1 0 0 1 0 0 0 0 
0 1 0 1 0 0 0 0 
0 0 0 1 1 0 0 0 
0 0 0 1 0 0 1 0 
0 0 1 1 0 0 0 0 
1 0 0 0 0 1 0 0 
0 1 0 0 0 1 0 0 
0 0 1 0 0 1 0 0 
0 0 0 1 0 1 0 0 
0 0 0 0 1 1 0 0 
0 0 0 0 0 1 1 0 
1 0 0 0 0 0 0 1 
0 0 1 0 0 0 0 1 
0 0 0 1 0 0 0 1 
0 0 0 0 1 0 0 1 
0 0 0 0 0 1 0 1 
0 0 0 0 0 0 1 1 
0 0 0 1 0 1 0 0 
0 0 1 0 0 0 0 1 
0 0 0 0 0 1 0 1 
0 0 1 0 0 0 1 0 
1 0 0 0 0 0 0 1 
0 0 0 0 0 0 1 1 
1 0 0 0 1 0 0 0 
0 0 0 1 1 0 0 0 
0 1 0 0 1 0 0 0 
0 0 0 0 1 1 0 0 
0 0 0 0 1 0 1 0 
0 0 0 0 1 0 0 1 
0 0 1 1 0 0 0 0 
0 0 1 0 1 0 0 0 
0 0 1 0 0 0 0 1 
0 1 0 0 1 0 0 0 
1 0 0 0 0 0 1 0 
0 0 1 0 0 0 1 0 
0 0 1 0 0 1 0 0 
0 0 0 1 0 0 1 0 
0 0 0 0 1 0 1 0 
0 0 0 0 0 0 1 1 
1 0 0 0 0 1 0 0 
0 1 0 0 0 1 0 0 
0 0 0 1 0 1 0 0 
0 0 0 0 1 1 0 0 
1 0 0 0 0 0 0 1 
0 0 0 0 0 1 1 0 
0 0 0 0 1 0 0 1 
0 0 0 0 0 1 0 1 
0 0 0 0 0 0 1 1 
0 0 0 1 0 1 0 0 
0 0 0 1 1 0 0 0 
0 0 0 1 0 0 1 0 
0 1 0 0 1 0 0 0 
1 0 0 0 0 0 0 1 
0 1 0 0 0 1 0 0 
0 1 0 0 0 0 0 1 
0 0 1 0 0 0 0 1 
0 0 0 0 1 0 0 1 
0 0 0 0 0 1 0 1 
0 0 0 0 0 0 1 1 
0 0 0 1 0 0 0 1 
1 0 0 0 0 0 1 0 
0 0 1 0 0 0 1 0 
0 0 0 1 0 0 1 0 
0 0 0 0 1 0 1 0 
0 0 0 0 0 1 1 0 
0 0 0 0 0 0 1 1 
0 1 0 0 0 1 0 0 
0 1 0 0 0 0 1 0 
0 1 0 0 0 0 0 1 
0 0 0 0 0 0 1 1 
0 0 0 1 0 0 1 0 
1 0 0 0 1 0 0 0 
1 0 0 0 0 0 0 1 
1 0 0 0 0 0 1 0 
1 0 0 0 0 1 0 0 
0 1 0 0 0 1 0 0 
0 0 0 0 0 1 0 1 
1 0 1 0 0 0 0 0 
0 1 1 0 0 0 0 0 
0 0 1 1 0 0 0 0 
0 0 1 0 1 0 0 0 
0 0 1 0 0 1 0 0 
0 0 1 0 0 0 1 0 
0 0 1 0 0 0 0 1 
1 0 0 0 0 0 1 0 
1 0 0 0 0 0 0 1 
0 1 0 0 0 0 1 0 
0 0 1 0 0 0 1 0 
0 0 1 0 0 0 0 1 
0 0 0 0 1 0 0 1 
0 0 0 0 0 1 0 1 
0 0 0 0 0 0 1 1 
0 0 1 1 0 0 0 0 
0 0 1 0 0 1 0 0 
0 0 0 0 1 1 0 0 
0 0 0 0 0 1 1 0 
0 0 0 0 0 1 0 1 
0 0 0 0 0 0 1 1 
0 1 1 0 0 0 0 0 
0 1 0 0 0 0 0 1 
0 0 1 1 0 0 0 0 
1 0 0 0 0 0 1 0 
1 0 0 0 0 1 0 0 
0 1 0 0 0 1 0 0 
0 0 1 0 0 1 0 0 
0 0 0 0 1 1 0 0 
0 0 0 0 0 1 1 0 
0 0 0 0 0 0 1 1 
1 0 0 0 0 0 0 1 
0 0 0 0 0 1 0 1 
0 0 0 0 1 0 0 1 
1 0 0 0 0 1 0 0 
1 0 0 0 0 0 0 1 
0 1 0 0 0 0 0 1 
0 0 0 0 0 1 0 1 
1 0 0 0 1 0 0 0 
0 0 0 0 0 0 1 1 
0 0 0 0 1 1 0 0 
0 0 0 0 1 0 0 1 
1 0 0 0 1 0 0 0 
0 0 1 1 0 0 0 0 
0 0 0 0 1 1 0 0 
0 0 0 0 1 0 0 1 
1 0 0 0 0 0 1 0 
0 1 0 0 0 0 1 0 
0 0 1 0 0 0 1 0 
0 0 0 0 0 0 1 1 
0 0 0 0 0 1 1 0 
0 0 0 0 1 0 1 0 
1 0 0 0 0 1 0 0 
0 1 0 0 1 0 0 0 
0 0 1 1 0 0 0 0 
0 0 0 0 1 0 1 0 
0 0 0 0 1 1 0 0 
1 0 0 0 0 0 1 0 
1 0 0 0 0 0 0 1 
0 0 0 0 1 0 0 1 
0 1 0 0 1 0 0 0 
1 0 0 0 1 0 0 0 
0 0 0 0 1 0 1 0 
0 0 0 0 1 0 0 1 
1 0 0 0 0 1 0 0 
0 1 0 0 0 1 0 0 
0 0 0 0 0 1 0 1 
0 0 0 0 1 1 0 0 
0 0 0 0 0 1 1 0 
0 0 1 0 0 1 0 0 
0 0 1 0 0 0 1 0 
0 1 0 0 1 0 0 0 
0 1 0 0 0 1 0 0 
1 0 0 0 1 0 0 0 
0 0 0 1 0 0 1 0 
1 0 0 0 0 1 0 0 
0 1 0 0 0 0 0 1 
0 0 1 0 0 1 0 0 
0 0 1 0 0 0 1 0 
0 0 0 0 1 0 0 1 
0 0 0 0 0 1 0 1 
0 0 0 0 0 0 1 1 
0 1 0 0 0 0 0 1 
0 0 0 0 1 1 0 0 
0 0 0 0 0 1 1 0 
0 0 0 0 0 1 0 1 
1 0 0 0 0 0 0 1 
1 0 0 0 0 1 0 0 
0 0 1 0 0 1 0 0 
0 0 1 0 0 0 0 1 
0 1 0 0 1 0 0 0 
0 1 0 0 0 1 0 0 
0 0 1 0 0 1 0 0 
0 1 0 0 0 0 0 1 
1 0 0 0 0 0 0 1 
1 0 0 0 0 0 1 0 
0 1 0 0 0 0 1 0 
0 0 0 1 0 0 1 0 
0 0 0 0 1 0 1 0 
0 0 0 0 0 1 1 0 
0 0 0 0 0 0 1 1 
1 0 0 0 0 1 0 0 
0 1 0 0 0 0 1 0 
0 0 0 0 0 1 1 0 
0 0 1 0 0 1 0 0 
0 0 0 1 0 0 1 0 
0 0 0 0 1 1 0 0 
0 0 0 0 1 0 1 0 
0 0 0 0 1 0 0 1 
1 0 0 0 0 0 0 1 
0 0 1 0 0 0 0 1 
0 1 0 0 0 0 0 1 
0 0 0 0 0 1 0 1 
0 0 0 1 0 0 1 0 
0 0 0 0 1 0 0 1 
1 0 0 0 0 0 0 1 
0 1 1 0 0 0 0 0 
0 1 0 0 0 0 1 0 
0 1 0 0 0 0 0 1 
1 0 0 0 0 0 1 0 
0 0 0 1 0 0 1 0 
0 1 0 0 0 1 0 0 
0 0 1 0 0 1 0 0 
0 0 0 1 0 1 0 0 
0 0 0 0 1 1 0 0 
0 0 0 0 1 0 0 1 
0 0 0 0 0 1 1 0 
0 0 0 0 0 1 0 1 
1 0 0 0 0 1 0 0 
0 1 0 0 0 1 0 0 
0 0 1 0 0 1 0 0 
0 0 0 0 1 1 0 0 
0 0 0 1 0 1 0 0 
0 0 0 0 1 0 0 1 
0 1 0 0 0 0 1 0 
0 0 0 1 0 1 0 0 
1 0 0 0 0 0 0 1 
0 1 0 0 0 0 0 1 
0 0 1 0 0 1 0 0 
0 0 1 0 0 0 0 1 
0 0 0 0 1 0 0 1 
0 0 0 1 0 0 1 0 
0 0 1 0 0 0 0 1 
1 0 0 0 0 0 0 1 
0 0 0 0 1 0 0 1 
0 0 0 1 0 1 0 0 
1 0 0 0 0 0 0 1 
0 1 0 0 0 0 0 1 
0 0 0 0 1 0 0 1 
0 0 1 0 0 0 0 1 
0 0 0 1 0 1 0 0 
1 0 0 0 0 0 0 1 
0 0 1 0 0 0 0 1 
1 0 0 0 1 0 0 0 
0 1 0 0 0 0 0 1 
0 0 0 0 1 0 0 1 
0 0 0 0 0 0 1 1 
0 0 0 1 0 1 0 0 
1 0 0 0 0 0 0 1 
0 1 0 0 0 0 0 1 
0 0 1 0 0 0 0 1 
0 0 0 0 1 0 0 1 
1 0 0 0 0 0 0 1 
0 1 0 0 0 0 0 1 
0 0 0 0 0 0 1 1 
0 0 0 1 0 1 0 0 
0 0 1 0 0 0 0 1 
0 0 0 0 1 0 0 1 
0 0 1 0 0 0 0 1 
0 1 0 0 0 0 1 0 
0 0 0 0 1 0 1 0 
0 0 1 0 1 0 0 0 
1 0 0 0 0 0 0 1 
0 1 0 0 0 0 0 1 
0 0 0 0 1 0 0 1 
0 0 0 0 0 0 1 1 
0 0 1 1 0 0 0 0 
0 0 0 1 0 1 0 0 
1 0 0 0 0 0 1 0 
1 0 0 0 0 0 0 1 
0 1 0 0 0 0 1 0 
0 0 1 0 0 0 1 0 
0 1 0 0 0 0 0 1 
0 0 0 0 1 0 1 0 
0 0 0 0 1 0 0 1 
0 0 0 0 0 0 1 1 
0 0 0 0 1 0 1 0 
0 0 0 0 1 0 0 1 
0 0 0 1 0 1 0 0 
0 0 1 0 0 0 1 0 
1 0 0 0 0 0 1 0 
0 1 0 0 0 0 0 1 
0 0 1 0 0 0 0 1 
0 0 0 0 1 0 0 1 
0 0 0 1 0 1 0 0 
0 0 0 0 0 0 1 1 
0 0 1 0 0 0 1 0 
0 0 1 0 0 0 0 1 
0 0 0 0 1 0 0 1 
1 0 0 0 0 0 1 0 
0 1 0 0 0 0 0 1 
0 0 0 0 1 0 0 1 
0 0 0 0 0 1 1 0 
0 0 0 0 0 0 1 1 
0 0 1 0 0 0 1 0 
1 0 0 0 0 0 1 0 
0 0 0 1 0 0 0 1 
0 0 0 0 0 1 1 0 
0 1 0 1 0 0 0 0 
0 1 0 0 0 0 1 0 
0 1 0 0 0 0 0 1 
1 0 0 0 0 0 1 0 
0 1 0 0 0 0 0 1 
0 0 1 0 1 0 0 0 
0 0 0 1 0 0 0 1 
0 0 0 0 1 1 0 0 
1 0 0 0 1 0 0 0 
0 0 0 0 1 1 0 0 
0 0 0 1 0 0 0 1 
1 0 0 0 0 0 1 0 
0 1 0 0 0 0 1 0 
0 0 1 0 0 0 1 0 
0 0 0 0 1 0 1 0 
0 0 0 0 0 0 1 1 
0 0 1 0 0 0 1 0 
0 0 0 1 0 0 0 1 
0 0 0 0 0 0 1 1 
1 0 0 0 0 0 1 0 
0 0 0 0 0 1 1 0 
0 1 0 1 0 0 0 0 
0 0 1 0 1 0 0 0 
0 1 0 0 0 0 0 1 
0 1 0 0 0 0 1 0 
1 0 0 0 1 0 0 0 
0 1 0 0 1 0 0 0 
0 0 0 1 1 0 0 0 
0 0 0 0 1 0 1 0 
0 0 0 0 0 1 1 0 
0 0 0 0 1 0 0 1 
0 0 1 0 1 0 0 0 
0 0 0 0 1 1 0 0 
0 1 0 0 0 0 0 1 
0 0 0 0 1 0 0 1 
1 0 0 0 1 0 0 0 
0 1 0 1 0 0 0 0 
0 0 0 1 1 0 0 0 
0 0 0 1 0 0 1 0 
0 0 1 0 1 0 0 0 
0 0 1 0 0 0 1 0 
0 0 0 0 0 1 1 0 
0 1 0 1 0 0 0 0 
0 0 0 1 1 0 0 0 
0 0 0 1 0 0 1 0 
0 0 0 1 0 0 0 1 
0 0 0 0 1 1 0 0 
0 0 0 1 0 0 0 1 
0 0 0 0 0 1 1 0 
1 0 0 0 1 0 0 0 
1 0 0 0 0 0 1 0 
0 1 1 0 0 0 0 0 
0 0 1 0 1 0 0 0 
0 0 1 0 0 0 1 0 
0 0 0 0 0 1 1 0 
0 1 0 0 0 0 0 1 
0 0 1 1 0 0 0 0 
0 0 1 0 1 0 0 0 
0 0 1 0 0 0 1 0 
0 0 1 1 0 0 0 0 
0 0 1 0 1 0 0 0 
0 0 1 0 0 0 1 0 
0 0 0 1 0 1 0 0 
0 0 0 0 1 0 0 1 
0 0 0 0 0 1 1 0 
0 1 0 1 0 0 0 0 
0 1 0 0 0 0 0 1 
1 0 0 0 1 0 0 0 
1 0 0 0 0 0 1 0 
0 1 0 1 0 0 0 0 
0 0 0 0 0 0 1 1 
0 0 0 0 1 0 0 1 
0 1 0 0 0 1 0 0 
1 0 0 0 1 0 0 0 
0 0 1 0 0 1 0 0 
0 0 0 1 0 1 0 0 
0 0 0 0 1 0 0 1 
0 0 1 0 0 1 0 0 
0 0 0 1 0 1 0 0 
0 0 0 0 1 0 1 0 
0 1 0 1 0 0 0 0 
1 0 0 0 0 0 1 0 
1 1 1 1 1 1 1 1 
;
TIMETABLE BEST: 
0.0 0.0 0.0 0.0 0.0 0.0 0.0 0.0 
10 10 0 0 0 0 0 0 
10 10 18 18 0 0 0 0 
18 10 18 18 0 0 0 0 
18 10 18 18 0 0 0 0 
18 18 18 18 0 0 0 0 
18 18 18 18 0 0 0 0 
18 18 19 18 19 0 0 0 
19 18 19 18 19 0 0 0 
19 18 19 18 19 0 19 0 
19 19 19 18 19 0 19 0 
19 19 19 18 19 0 19 0 
19 19 19 18 19 0 19 0 
19 19 19 19 19 19 19 0 
19 19 19 19 19 19 19 19 
19 19 19 19 19 19 19 19 
26 19 19 26 19 19 19 19 
26 26 19 26 19 19 19 19 
26 26 19 26 26 19 19 19 
26 26 19 26 26 19 26 19 
26 26 26 26 26 19 26 19 
29 26 26 26 26 29 26 19 
29 29 26 26 26 29 26 19 
29 29 29 26 26 29 26 19 
29 29 29 29 26 29 26 19 
29 29 29 29 29 29 26 19 
29 29 29 29 29 29 29 19 
30 29 29 29 29 29 29 30 
30 29 30 29 29 29 29 30 
30 29 30 30 29 29 29 30 
30 29 30 30 30 29 29 30 
30 29 30 30 30 30 29 30 
30 29 30 30 30 30 30 30 
30 29 30 37 30 37 30 30 
30 29 38 37 30 37 30 38 
30 29 38 37 30 38 30 38 
30 29 41 37 30 38 41 38 
41 29 41 37 30 38 41 41 
41 29 41 37 30 38 41 41 
44 29 41 37 44 38 41 41 
44 29 41 44 44 38 41 41 
44 44 41 44 44 38 41 41 
44 44 41 44 44 44 41 41 
44 44 41 44 44 44 44 41 
44 44 41 44 44 44 44 44 
44 44 48 48 44 44 44 44 
44 44 48 48 48 44 44 44 
44 44 48 48 48 44 44 48 
44 54 48 48 54 44 44 48 
54 54 48 48 54 44 54 48 
54 54 54 48 54 44 54 48 
54 54 57 48 54 57 54 48 
54 54 57 54 54 57 54 48 
54 54 57 54 54 57 54 48 
54 54 57 54 54 57 54 54 
57 54 57 54 54 57 54 54 
57 57 57 54 54 57 54 54 
57 57 57 57 54 57 54 54 
57 57 57 57 57 57 54 54 
61 57 57 57 57 57 54 61 
61 57 57 57 57 57 57 61 
61 57 57 57 61 57 57 61 
61 57 57 57 61 61 57 61 
61 57 57 57 61 61 61 61 
61 57 57 65 61 65 61 61 
61 57 57 65 65 65 61 61 
61 57 57 65 65 65 65 61 
61 66 57 65 66 65 65 61 
67 66 57 65 66 65 65 67 
67 66 57 65 66 66 65 67 
67 67 57 65 66 66 65 67 
67 67 67 65 66 66 65 67 
67 67 67 65 67 66 65 67 
67 67 67 65 67 67 65 67 
67 67 67 65 67 67 67 67 
67 67 67 73 67 67 67 73 
74 67 67 73 67 67 74 73 
74 67 74 73 67 67 74 73 
74 67 74 74 67 67 74 73 
74 67 74 74 74 67 74 73 
74 67 74 74 74 74 74 73 
74 67 74 74 74 74 74 74 
74 77 74 74 74 77 74 74 
74 77 74 74 74 77 77 74 
74 80 74 74 74 77 77 80 
74 80 74 74 74 77 80 80 
74 80 74 82 74 77 82 80 
85 80 74 82 85 77 82 80 
85 80 74 82 85 77 82 85 
85 80 74 82 85 77 85 85 
86 80 74 82 85 86 85 85 
86 86 74 82 85 86 85 85 
86 86 74 82 85 86 85 86 
88 86 88 82 85 86 85 86 
88 88 88 82 85 86 85 86 
88 88 88 88 85 86 85 86 
88 88 88 88 88 86 85 86 
88 88 88 88 88 88 85 86 
88 88 88 88 88 88 88 86 
88 88 88 88 88 88 88 88 
95 88 88 88 88 88 95 88 
95 88 88 88 88 88 95 95 
95 95 88 88 88 88 95 95 
95 95 95 88 88 88 95 95 
95 95 95 88 88 88 95 95 
95 95 95 88 95 88 95 95 
95 95 95 88 95 95 95 95 
95 95 95 88 95 95 95 95 
95 95 96 96 95 95 95 95 
95 95 102 96 95 102 95 95 
95 95 102 96 102 102 95 95 
95 95 102 96 102 102 102 95 
95 95 102 96 102 102 102 102 
95 95 102 96 102 102 102 102 
95 103 103 96 102 102 102 102 
95 103 103 96 102 102 102 103 
95 103 103 103 102 102 102 103 
105 103 103 103 102 102 105 103 
110 103 103 103 102 110 105 103 
110 110 103 103 102 110 105 103 
110 110 110 103 102 110 105 103 
110 110 110 103 110 110 105 103 
110 110 110 103 110 110 110 103 
110 110 110 103 110 110 111 111 
111 110 110 103 110 110 111 111 
111 110 110 103 110 111 111 111 
111 110 110 103 111 111 111 111 
119 110 110 103 111 119 111 111 
119 110 110 103 111 119 111 119 
119 119 110 103 111 119 111 119 
119 119 110 103 111 119 111 119 
120 119 110 103 120 119 111 119 
120 119 110 103 120 119 119 119 
120 119 110 103 120 120 119 119 
120 119 110 103 120 120 119 120 
126 119 110 103 126 120 119 120 
126 119 126 126 126 120 119 120 
126 119 126 126 126 126 119 120 
126 119 126 126 126 126 119 126 
129 119 126 126 126 126 129 126 
129 129 126 126 126 126 129 126 
129 129 129 126 126 126 129 126 
129 129 129 126 126 126 129 129 
129 129 129 126 126 129 129 129 
129 129 129 126 129 129 129 129 
137 129 129 126 129 137 129 129 
137 136 129 126 136 137 129 129 
137 136 135 135 136 137 129 129 
137 136 135 135 136 137 136 129 
137 136 135 135 137 137 136 129 
137 136 135 135 137 137 137 129 
137 136 135 135 137 137 137 137 
137 136 135 135 137 137 137 137 
137 145 135 135 145 137 137 137 
145 145 135 135 145 137 137 137 
145 145 135 135 145 137 145 137 
145 145 135 135 145 137 145 145 
146 145 135 135 145 146 145 145 
146 146 135 135 145 146 145 145 
146 146 135 135 145 146 145 146 
146 146 135 135 146 146 145 146 
146 146 135 135 146 146 146 146 
146 146 148 135 146 148 146 146 
146 146 148 135 146 148 148 146 
146 152 148 135 152 148 148 146 
146 152 148 135 152 152 148 146 
154 152 148 135 154 152 148 146 
154 152 148 154 154 152 154 146 
154 152 148 154 154 154 154 146 
154 155 148 154 154 154 154 155 
154 155 155 154 154 155 154 155 
154 155 155 154 154 155 155 155 
154 155 155 154 155 155 155 155 
154 155 155 154 155 155 155 155 
154 155 155 154 155 155 155 155 
154 161 155 154 155 155 155 161 
154 161 155 154 161 161 155 161 
154 161 155 154 161 161 161 161 
154 161 155 154 161 161 161 161 
162 161 155 154 161 161 161 162 
162 161 155 154 161 162 161 162 
162 161 162 154 161 162 161 162 
162 161 162 154 161 162 161 162 
162 168 162 154 168 162 161 162 
162 168 162 154 168 168 161 162 
162 168 174 154 168 174 161 162 
162 168 174 154 168 174 161 168 
170 168 174 154 168 174 161 170 
175 168 174 154 168 174 175 170 
175 175 174 154 168 174 175 170 
175 175 174 175 168 174 175 170 
175 175 174 175 175 174 175 170 
175 175 174 175 175 175 175 170 
175 175 174 175 175 175 175 175 
181 175 174 175 175 181 175 175 
181 181 174 175 175 181 181 175 
181 181 174 175 175 181 181 175 
181 181 183 175 175 183 181 175 
181 181 183 183 175 183 183 175 
181 181 183 183 183 183 183 175 
181 181 183 183 183 183 183 175 
181 181 183 183 185 183 183 185 
185 181 183 183 185 183 183 185 
185 181 189 183 185 183 183 189 
185 189 189 183 185 183 183 189 
185 189 189 183 185 189 183 189 
185 189 189 190 185 189 190 189 
185 189 189 190 193 189 190 193 
193 189 189 190 193 189 190 193 
193 196 196 190 193 189 190 193 
193 196 196 190 193 189 196 193 
193 196 196 190 193 189 196 196 
201 196 196 190 193 189 201 196 
201 196 196 205 193 189 205 196 
201 206 196 205 193 206 205 196 
201 206 206 205 193 206 205 196 
201 206 206 206 193 206 205 196 
201 206 206 206 206 206 205 196 
201 206 206 206 206 206 205 206 
201 206 206 206 206 206 206 206 
201 206 206 206 206 206 206 206 
209 206 206 206 206 209 206 206 
209 213 206 206 206 213 206 206 
209 213 215 206 206 215 206 206 
209 213 215 206 215 215 206 206 
209 213 215 216 215 216 206 206 
209 213 215 216 216 216 206 216 
209 221 215 216 216 216 221 216 
209 221 215 223 216 223 221 216 
230 221 215 223 216 223 221 230 
230 230 215 223 216 223 221 230 
230 230 230 223 216 230 221 230 
230 230 230 223 216 230 221 230 
230 230 230 223 230 230 221 230 
230 230 230 237 230 230 237 230 
230 230 236 237 230 230 237 236 
238 230 236 237 230 230 237 238 
238 230 236 237 240 230 237 240 
238 230 236 250 240 250 237 240 
254 230 236 250 240 250 237 254 
254 254 236 250 240 250 237 254 
254 254 236 250 254 250 237 254 
254 254 256 250 254 250 237 256 
254 254 256 257 254 257 237 256 
261 254 256 257 254 257 237 261 
261 254 265 257 254 257 237 265 
269 254 265 257 269 257 237 265 
269 279 265 257 269 257 237 279 
269 279 265 257 279 257 237 279 
269 279 265 257 279 257 279 279 
269 279 265 282 279 282 279 279 
291 279 265 282 279 282 279 291 
291 291 265 282 279 282 279 291 
291 291 291 282 279 282 279 291 
291 291 291 282 291 282 279 291 
297 291 291 282 291 282 279 297 
297 297 291 282 291 282 279 297 
297 297 291 282 291 282 297 297 
297 297 291 301 291 301 297 297 
297 297 303 301 291 301 297 303 
297 297 303 301 305 301 297 305 
297 297 311 301 305 301 297 311 
297 317 311 301 305 301 317 311 
297 317 311 301 317 301 317 311 
297 317 318 301 318 301 317 311 
324 317 318 301 318 301 317 324 
324 324 318 301 318 301 317 324 
324 324 318 301 324 301 317 324 
324 324 318 301 324 301 324 324 
324 324 331 331 324 301 324 324 
324 324 331 335 324 335 324 324 
337 324 331 335 324 335 337 324 
337 324 331 335 324 335 337 337 
337 337 331 335 324 335 337 337 
337 337 337 335 324 335 337 337 
337 337 337 335 324 335 337 337 
337 337 337 335 337 335 337 337 
337 337 337 335 337 335 337 337 
337 337 337 335 337 335 337 337 
337 337 337 335 343 335 343 337 
337 337 337 335 343 335 343 343 
337 337 337 344 343 344 343 343 
337 337 348 344 343 344 348 343 
351 337 348 344 343 344 351 343 
351 353 348 344 343 344 351 353 
351 353 353 344 343 344 351 353 
351 353 353 344 353 344 351 353 
351 353 353 355 353 355 351 353 
351 353 353 355 353 355 353 353 
351 353 359 355 353 355 359 353 
351 353 359 355 353 355 359 359 
351 353 359 355 359 355 359 359 
363 353 359 355 359 355 363 359 
363 366 359 355 359 355 363 366 
363 366 359 355 366 355 363 366 
363 366 359 355 366 366 366 366 
363 366 359 355 366 366 366 366 
363 366 372 355 366 366 372 366 
373 366 372 355 366 366 373 366 
373 366 372 374 366 366 373 374 
373 366 372 374 366 378 378 374 
373 379 372 379 366 378 378 374 
373 379 372 379 366 378 379 374 
373 379 372 379 366 378 379 379 
382 379 372 379 366 378 382 379 
382 386 372 379 366 378 382 386 
382 386 386 379 386 378 382 386 
382 386 386 386 386 378 382 386 
382 386 386 386 387 387 382 386 
390 386 386 386 390 387 382 386 
390 386 386 386 393 393 382 386 
390 386 386 395 393 393 382 395 
396 386 386 395 393 393 396 395 
396 396 386 395 393 393 396 395 
396 396 396 395 393 393 396 395 
396 396 396 395 396 393 396 395 
396 396 396 395 396 393 396 396 
396 396 402 395 396 393 402 396 
396 396 402 403 396 393 402 403 
396 396 402 403 396 393 403 403 
404 396 402 403 396 393 404 403 
404 396 402 403 396 408 408 403 
404 409 402 409 396 408 408 403 
404 409 410 409 410 408 408 403 
404 409 410 409 410 408 408 409 
404 409 410 409 410 408 409 409 
410 409 410 409 410 408 409 409 
410 410 410 409 410 408 409 409 
410 410 410 410 410 408 409 409 
410 410 410 410 410 408 410 409 
410 410 410 410 410 416 416 409 
410 410 410 410 410 416 416 410 
410 410 416 410 416 416 416 410 
410 410 416 410 416 416 416 410 
410 417 416 410 416 416 416 417 
410 417 416 410 417 416 416 417 
418 417 416 410 418 416 416 417 
418 419 416 419 418 416 416 417 
418 419 416 419 419 416 416 417 
418 419 416 419 419 416 419 417 
418 419 423 419 423 416 419 417 
418 419 423 419 423 416 423 417 
418 419 423 419 423 424 424 417 
418 429 423 429 423 424 424 417 
418 429 423 429 429 424 424 417 
418 429 423 429 429 424 429 417 
418 429 423 429 429 424 429 429 
418 429 423 429 434 434 429 429 
418 429 423 436 434 434 429 436 
418 429 423 436 434 434 434 436 
437 429 423 436 437 434 434 436 
437 429 423 436 437 434 437 436 
437 441 441 436 437 434 437 436 
437 441 441 436 441 434 437 436 
437 441 441 436 441 434 441 436 
437 441 441 436 441 445 445 436 
437 448 441 436 441 445 445 448 
437 448 450 450 441 445 445 448 
437 448 450 450 450 445 445 448 
437 448 450 450 450 445 450 448 
437 448 458 458 450 445 450 448 
437 448 458 458 458 445 450 448 
437 448 458 458 458 445 458 448 
437 448 458 461 458 461 458 448 
437 448 458 461 461 461 458 461 
437 448 458 461 461 461 461 461 
437 462 458 462 461 461 461 461 
437 462 458 462 461 461 461 462 
463 462 458 462 463 461 461 462 
463 462 458 462 463 461 463 462 
463 471 458 471 463 461 463 462 
463 471 458 471 463 461 475 475 
463 471 458 471 475 461 475 475 
463 479 458 471 475 479 475 475 
477 479 458 471 477 479 475 475 
477 479 479 471 477 479 475 475 
477 479 479 479 477 479 475 475 
477 479 479 479 481 479 475 481 
477 479 487 479 481 487 475 481 
477 479 487 488 481 488 475 481 
477 479 487 488 489 488 489 481 
477 497 487 497 489 488 489 481 
513 497 487 497 489 488 513 481 
582.0 543.0 516.0 546.0 579.0 515.0 585.0 560.0 
;
EXECUTION TIME HBSS: 9267.98421693 seconds 

-------------------------------------------------------------------
