DATFILE : offices1_8r_250.dat
ENVIRONMENT : office
ALGORITHM : HBSS - TAU 3
RANGE : 250
STARTING_POS : 42
N_ROBOTS : 8
GREEDY SOLUTION : [ 2668.]
COMPUTATIONS D :
2898
2792
2652
2690
2702
3078
3160
3156
2820
2610
2948
2860
2740
2606
2796
2552
2882
3006
2626
3054
2932
2812
2990
2828
2892
2844
2996
2926
2674
2730
2966
3116
2892
2684
2818
2648
2930
2560
2708
2734
2532
2918
3010
2754
2782
2864
3002
3030
2878
2798
2638
2842
2648
3054
2766
2826
2704
2930
2976
2608
2886
2890
2656
2670
2790
2680
3342
2970
2560
2698
2944
3092
2926
2662
2674
2722
2706
2536
2896
2838
2976
3032
2518
2916
2706
2960
3024
2692
2718
2986
2598
3180
2796
2976
2748
2846
2924
2658
2654
2836
2954
3002
2662
2960
2670
2780
2610
2906
3010
2480
2944
2916
2562
2778
2788
3004
2860
2816
2856
2668
2476
3138
3028
2930
2784
3204
2570
2902
2788
2936
2764
2710
2874
2812
2816
2978
2916
2912
2884
2730
2630
2670
2632
2908
2836
2960
2696
3120
2816
2882
2736
2790
2752
3168
3136
2982
2684
2604
2822
2736
2894
2884
2804
2710
2896
2886
2984
2728
2826
3008
2972
2634
2872
2584
2914
3108
3170
2542
2834
3006
2876
2928
3122
2686
2580
2670
2736
2716
2776
2640
2714
2948
2834
2554
2586
2754
2690
2814
2888
2806
;
HBBS sumD : 2476
BEST_CONFIGURATIONS : 
42 42 42 42 42 42 42 42 
41 42 42 42 42 42 42 42 
41 42 5 42 42 42 42 42 
41 24 5 42 42 42 42 42 
36 24 5 42 42 42 42 42 
36 24 5 40 42 42 42 42 
36 4 5 40 42 42 42 42 
36 4 5 40 41 42 42 42 
36 4 5 40 41 24 42 42 
36 4 5 40 41 24 42 42 
35 4 5 40 41 24 42 42 
35 4 5 40 41 24 42 42 
35 4 5 40 41 3 42 42 
35 4 5 40 34 3 42 42 
35 4 5 40 34 3 41 42 
35 4 5 40 34 3 41 24 
35 4 5 40 34 3 41 24 
35 4 5 40 34 3 41 24 
35 4 5 40 34 3 36 24 
35 4 5 40 34 3 36 24 
35 4 5 40 34 3 36 24 
35 4 5 40 34 3 36 24 
35 4 5 40 34 3 36 24 
35 4 5 40 34 3 36 24 
35 4 5 40 34 3 36 24 
35 4 5 40 34 3 36 24 
35 4 5 40 34 3 36 24 
35 4 5 40 34 3 36 24 
35 4 5 40 34 3 36 24 
35 4 5 39 34 3 36 24 
35 4 5 39 34 3 36 24 
35 4 5 39 34 3 36 24 
35 4 5 39 34 3 36 24 
35 4 5 39 34 3 36 24 
35 4 5 39 34 3 36 24 
35 4 5 39 34 3 36 24 
35 4 5 39 34 3 36 24 
35 4 5 39 34 3 36 24 
35 4 5 39 34 3 36 24 
35 4 5 39 34 3 36 23 
35 4 5 39 34 3 36 23 
35 4 5 39 34 3 36 23 
35 4 5 39 34 3 33 23 
35 4 5 39 34 3 33 23 
35 4 5 39 34 3 33 23 
35 4 5 39 34 3 33 23 
35 4 5 39 34 3 33 23 
35 4 5 39 34 3 33 23 
35 4 5 39 34 3 33 2 
35 4 5 39 34 3 33 2 
35 4 41 39 34 3 33 2 
35 4 41 26 34 3 33 2 
35 4 41 26 34 3 33 2 
35 4 41 26 34 3 33 2 
35 4 41 26 34 3 33 2 
35 4 41 26 34 3 33 2 
35 4 41 26 34 3 33 2 
35 24 41 26 34 3 33 2 
35 24 41 26 34 3 33 2 
35 24 41 26 34 3 33 2 
35 24 41 26 34 3 33 2 
35 24 41 26 34 3 33 2 
35 24 41 26 34 3 33 2 
35 24 41 26 34 3 33 2 
35 24 41 26 34 3 33 2 
35 24 41 26 34 3 33 2 
35 24 41 26 34 23 33 2 
35 24 41 27 34 23 33 2 
35 24 41 27 32 23 33 2 
35 24 41 27 32 23 33 2 
35 24 41 27 32 23 33 2 
36 24 41 27 32 23 33 2 
36 24 41 27 32 23 33 2 
36 24 41 27 32 23 33 2 
36 4 41 27 32 23 33 2 
36 4 41 27 32 23 33 2 
36 4 40 27 32 23 33 2 
36 4 40 27 32 23 33 2 
36 4 40 27 32 23 33 2 
36 4 40 27 32 23 33 2 
36 4 40 27 32 23 33 2 
36 4 40 27 32 23 33 2 
36 4 40 27 32 23 33 2 
36 4 40 27 32 23 33 2 
36 4 40 27 32 23 33 2 
36 4 40 27 32 23 33 2 
36 4 40 27 32 23 33 2 
36 4 40 26 32 23 33 2 
36 4 40 26 32 23 33 2 
36 4 40 26 32 23 34 2 
36 4 40 26 32 23 34 2 
36 4 40 26 32 23 34 2 
36 4 40 26 32 23 34 2 
36 4 40 26 32 23 34 2 
36 4 40 26 32 23 34 2 
36 4 40 26 32 1 34 2 
36 4 40 26 32 1 34 2 
36 3 40 26 32 1 34 2 
36 3 40 26 32 1 34 2 
36 3 40 26 32 1 34 2 
36 3 40 26 32 1 34 2 
36 3 40 26 32 1 34 2 
36 3 39 26 32 1 34 2 
36 3 39 26 32 1 34 2 
36 3 39 26 27 1 34 2 
36 3 39 26 27 1 34 23 
36 3 39 26 27 1 34 23 
36 3 39 26 27 1 34 23 
41 3 39 26 27 1 34 23 
41 3 39 26 27 1 34 23 
41 3 39 26 27 1 34 23 
41 3 39 26 27 1 34 23 
41 3 39 26 27 1 34 23 
41 3 39 26 27 1 34 23 
41 3 39 38 27 1 34 23 
41 3 39 38 27 1 34 23 
41 3 39 38 31 1 34 23 
41 3 39 38 31 1 34 23 
41 3 39 38 31 1 33 23 
41 3 39 38 31 1 33 23 
41 3 39 38 31 1 33 23 
41 3 39 38 31 1 33 23 
41 3 39 38 31 1 33 23 
41 3 39 38 31 1 33 26 
41 3 39 38 31 1 33 26 
40 3 39 38 31 1 33 26 
40 3 39 38 31 1 33 26 
40 3 39 38 31 1 33 26 
40 3 39 38 31 1 33 26 
40 3 39 38 31 1 33 26 
40 3 39 38 31 1 33 26 
40 3 39 38 31 1 33 26 
40 3 39 38 31 1 33 26 
40 3 39 38 31 1 33 26 
40 3 39 38 31 1 32 26 
40 3 39 38 31 1 32 27 
40 24 39 38 31 1 32 27 
40 24 39 38 31 1 32 27 
40 24 39 38 31 1 32 27 
40 24 39 38 31 1 32 27 
40 24 39 38 30 1 32 27 
40 24 39 37 30 1 32 27 
40 24 39 37 30 1 32 27 
40 24 39 37 30 1 32 27 
40 24 39 37 30 0 32 27 
40 24 39 37 30 0 32 27 
40 24 26 37 30 0 32 27 
40 24 26 37 30 0 32 27 
40 24 26 37 30 0 32 27 
40 24 26 37 30 0 32 27 
40 24 26 37 30 0 32 27 
40 24 26 37 30 0 32 27 
40 24 26 37 30 0 32 27 
40 24 26 37 30 0 32 27 
40 24 26 37 30 0 32 27 
40 24 26 37 30 0 32 27 
40 24 38 37 30 0 32 27 
40 24 38 37 30 0 32 27 
40 24 38 37 30 0 32 27 
40 24 38 37 30 0 32 27 
40 24 38 37 30 0 32 31 
40 24 38 37 30 0 32 31 
40 24 38 37 30 0 32 31 
40 24 38 37 29 0 32 31 
40 24 38 37 29 0 32 31 
40 24 38 37 29 0 32 31 
40 24 38 37 29 0 32 31 
40 24 38 43 29 0 32 31 
40 24 38 43 29 0 32 31 
40 24 38 43 29 0 27 31 
39 24 38 43 29 0 27 31 
39 3 38 43 29 0 27 31 
39 3 38 43 29 0 27 31 
39 3 38 43 29 0 27 31 
39 3 38 43 29 0 27 31 
39 3 38 43 29 0 27 31 
23 3 38 43 29 0 27 31 
23 3 38 43 29 0 27 31 
23 3 38 43 29 25 27 31 
23 3 38 43 29 25 27 31 
23 3 38 43 29 25 27 31 
23 3 38 43 29 25 27 31 
23 3 38 43 29 25 27 31 
23 3 38 43 29 25 27 31 
23 3 38 43 29 25 26 31 
23 3 38 43 29 25 26 31 
23 3 38 43 29 25 26 31 
23 3 38 43 29 25 26 31 
23 3 37 43 29 25 26 31 
23 3 37 43 29 25 26 30 
23 3 37 43 29 25 26 30 
23 3 37 43 29 25 26 30 
23 3 37 43 29 25 26 30 
23 3 37 43 29 25 26 30 
23 3 37 43 29 25 26 30 
23 3 37 43 29 25 26 30 
23 3 37 43 29 25 26 30 
23 3 37 43 28 25 26 30 
23 3 37 43 28 25 26 30 
23 3 37 43 28 25 26 30 
23 3 37 43 28 25 26 30 
1 3 37 43 28 25 26 30 
1 3 37 43 28 25 26 30 
1 3 37 43 28 25 26 30 
1 3 37 43 28 25 26 30 
1 3 37 43 28 25 31 30 
1 3 37 43 17 25 31 30 
1 2 37 43 17 25 31 30 
1 2 37 17 17 25 31 30 
1 2 37 17 17 25 31 30 
1 2 37 17 17 25 31 30 
1 2 37 17 17 25 31 30 
1 2 37 17 17 25 31 30 
1 2 37 17 17 0 31 30 
1 2 37 17 17 0 31 29 
1 2 37 17 17 0 31 29 
1 2 37 17 17 0 31 29 
1 2 38 17 17 0 31 29 
1 2 38 17 17 0 31 29 
1 2 38 17 17 0 31 29 
1 2 38 17 17 0 31 28 
1 2 38 17 17 0 31 28 
1 2 38 17 17 0 31 28 
1 2 38 17 17 0 31 28 
1 2 38 17 17 0 31 28 
1 23 38 17 17 0 31 28 
1 23 38 17 17 0 31 28 
1 23 26 17 17 0 31 28 
25 23 26 17 17 0 31 28 
25 23 26 17 17 0 27 28 
25 23 26 17 17 0 27 28 
25 23 26 17 19 0 27 28 
25 23 26 17 19 0 32 28 
25 23 26 19 19 0 32 28 
25 23 26 19 19 0 32 29 
25 23 26 19 19 43 32 29 
25 23 31 19 19 43 32 29 
25 23 31 19 19 43 33 29 
25 23 31 19 19 43 33 30 
25 23 31 19 19 37 33 30 
25 23 31 16 19 37 33 30 
25 23 31 16 19 37 33 30 
25 23 31 16 19 37 33 30 
25 23 31 16 16 37 33 30 
25 27 31 16 16 37 33 30 
25 27 31 16 16 37 33 29 
25 27 31 22 16 37 33 29 
25 27 28 22 16 37 33 29 
25 27 28 22 16 37 33 29 
25 27 28 22 22 37 33 29 
25 27 28 22 22 37 33 29 
25 27 28 15 22 37 33 29 
25 30 28 15 22 37 33 29 
25 30 28 15 22 37 33 29 
43 30 28 15 22 37 33 29 
43 30 28 15 21 37 33 29 
43 30 28 15 21 37 33 29 
43 30 28 15 21 38 33 29 
43 30 28 15 21 38 32 29 
43 30 28 15 21 38 32 29 
43 30 28 15 21 38 32 29 
43 30 28 15 21 38 32 29 
43 30 28 15 21 38 27 29 
43 30 28 15 21 26 27 29 
43 30 28 15 21 26 27 29 
43 30 28 15 21 26 27 31 
19 30 28 15 21 26 27 31 
16 30 17 15 21 26 27 31 
16 30 17 15 21 26 27 31 
16 30 17 15 21 26 27 31 
16 30 17 13 21 26 27 31 
16 30 17 13 21 26 27 31 
16 30 17 13 21 26 31 31 
16 30 17 13 21 26 31 31 
16 29 17 13 21 26 31 31 
6 29 17 13 21 26 31 31 
6 29 17 13 21 39 31 31 
6 29 17 13 21 39 31 31 
6 29 17 13 22 39 31 31 
6 29 17 13 22 39 31 32 
6 29 17 13 7 39 31 32 
6 29 19 13 7 39 31 32 
6 29 19 13 7 40 31 32 
6 29 19 14 7 40 31 32 
6 29 19 14 7 40 31 32 
6 30 19 14 7 40 31 32 
6 30 19 14 7 40 27 32 
22 30 19 14 7 40 27 32 
7 30 19 14 7 40 27 32 
7 30 19 14 7 40 27 32 
7 30 19 14 7 40 26 32 
7 30 19 14 7 40 26 18 
7 30 16 14 7 40 26 18 
7 30 16 14 7 40 39 18 
7 17 16 14 7 40 39 18 
7 17 16 14 7 41 39 18 
7 17 16 14 22 41 39 18 
7 17 16 14 22 41 39 18 
7 17 15 14 22 41 39 18 
7 17 15 14 22 36 39 18 
7 17 15 14 22 36 39 18 
7 17 15 14 22 36 39 18 
7 17 15 14 22 36 39 18 
7 17 15 14 22 35 39 18 
7 17 15 14 22 35 33 18 
7 17 15 14 22 35 33 18 
7 17 15 14 22 35 33 18 
7 17 15 14 22 34 33 18 
7 17 15 14 22 34 33 18 
7 17 15 14 11 34 33 18 
7 6 15 14 11 34 33 18 
7 6 15 14 11 34 33 18 
7 6 15 14 11 34 33 18 
7 6 15 14 11 34 33 18 
7 6 15 14 11 34 33 18 
7 6 15 13 11 34 33 18 
22 6 15 13 11 34 33 18 
22 6 15 13 11 34 33 18 
22 6 15 13 11 34 33 18 
22 6 15 13 11 34 33 18 
22 6 15 13 11 34 33 18 
22 6 15 13 11 34 33 18 
22 6 15 13 11 34 33 18 
22 6 15 13 11 34 33 18 
10 6 15 13 11 34 33 18 
10 6 15 13 11 34 33 20 
10 6 15 13 11 34 33 20 
10 6 15 13 11 34 33 20 
10 6 15 13 11 35 33 20 
10 6 15 13 11 35 33 20 
10 6 15 13 11 35 33 20 
10 6 15 13 11 35 35 20 
10 6 15 13 21 35 35 20 
10 6 15 13 21 35 35 20 
10 6 15 13 21 35 35 20 
10 6 15 13 21 35 35 20 
10 6 15 13 21 35 35 20 
10 22 15 13 21 35 35 20 
10 22 15 13 21 35 36 20 
10 22 15 13 21 35 36 20 
10 22 15 13 21 35 36 20 
10 22 14 13 21 35 36 20 
10 22 14 13 21 35 36 20 
10 22 14 13 21 35 36 20 
10 22 14 13 21 35 36 20 
10 22 14 13 21 35 36 20 
10 7 14 13 21 35 36 20 
10 7 14 13 21 35 36 12 
10 7 14 13 21 35 36 12 
10 7 14 13 8 35 36 12 
10 7 14 13 8 35 36 12 
21 7 14 13 8 35 36 12 
21 7 14 13 8 35 36 12 
21 7 14 13 8 35 36 12 
21 7 14 13 8 35 36 12 
21 7 14 13 8 35 36 12 
21 7 14 13 8 35 36 12 
21 7 14 13 8 35 36 12 
21 7 14 15 8 35 36 12 
21 7 14 15 8 35 36 12 
21 22 14 15 8 35 36 12 
21 22 14 15 8 35 36 12 
21 22 14 15 8 18 36 12 
11 22 14 15 8 18 36 12 
11 22 14 15 8 18 36 20 
11 22 14 15 8 18 36 20 
11 22 14 15 8 18 36 9 
11 22 14 15 8 18 36 9 
11 22 14 15 21 18 36 9 
11 22 14 15 21 18 36 9 
11 22 14 15 21 18 36 9 
11 22 14 15 21 18 36 9 
11 22 14 15 20 18 36 9 
11 16 14 15 20 18 36 9 
11 16 14 15 20 18 36 9 
11 16 14 13 20 18 36 9 
11 16 14 13 20 18 36 9 
11 16 13 13 20 18 23 9 
10 16 13 13 20 18 23 9 
10 16 13 13 12 18 23 9 
10 16 13 13 12 18 38 9 
10 16 13 13 12 20 38 9 
6 16 13 13 12 20 38 9 
42 42 42 42 42 42 42 42 
;
ROBOT MOVING BEST:
0 0 0 0 0 0 0 0 
1 1 0 0 0 0 0 0 
0 0 1 0 1 0 0 0 
0 1 0 1 0 0 0 0 
1 0 0 1 0 0 0 0 
0 0 0 1 1 0 0 0 
0 1 0 0 1 0 0 0 
0 0 1 0 1 0 0 0 
0 0 0 0 1 1 0 0 
1 0 0 0 1 0 0 0 
1 0 0 0 0 0 0 1 
0 0 0 1 1 0 0 0 
0 0 0 0 0 1 1 0 
0 0 0 0 1 0 1 0 
0 1 0 0 0 0 1 0 
0 0 1 0 0 0 0 1 
0 0 0 1 0 0 0 1 
0 0 1 1 0 0 0 0 
0 0 1 0 0 0 1 0 
0 0 0 0 0 0 1 1 
0 0 0 1 0 0 1 0 
0 1 1 0 0 0 0 0 
0 1 0 0 0 0 0 1 
0 1 0 1 0 0 0 0 
0 1 0 0 0 0 1 0 
1 0 1 0 0 0 0 0 
1 0 0 0 0 0 0 1 
1 0 0 1 0 0 0 0 
1 0 0 0 0 0 1 0 
0 0 1 1 0 0 0 0 
0 0 0 1 0 0 0 1 
0 0 1 0 0 1 0 0 
0 0 0 1 0 0 1 0 
0 0 0 0 0 1 0 1 
0 0 0 0 0 1 1 0 
0 0 1 0 1 0 0 0 
0 0 0 0 1 0 0 1 
0 0 0 0 1 0 1 0 
1 1 0 0 0 0 0 0 
0 0 1 0 0 0 0 1 
0 1 0 1 0 0 0 0 
0 1 0 0 0 1 0 0 
0 0 1 0 0 0 1 0 
0 1 0 0 1 0 0 0 
0 1 0 0 0 0 0 1 
1 0 0 1 0 0 0 0 
1 0 0 0 0 1 0 0 
0 0 0 1 0 1 0 0 
0 0 1 0 0 0 0 1 
1 0 0 0 1 0 0 0 
1 0 1 0 0 0 0 0 
0 1 0 1 0 0 0 0 
0 1 0 0 0 0 1 0 
0 0 0 0 1 1 0 0 
1 0 0 1 0 0 0 0 
1 0 0 0 0 0 1 0 
0 0 1 0 0 1 0 0 
0 1 0 0 0 0 1 0 
0 0 1 0 1 0 0 0 
0 0 0 1 0 1 0 0 
0 0 0 0 0 1 1 0 
0 1 0 1 0 0 0 0 
0 0 0 1 1 0 0 0 
0 0 0 0 1 0 1 0 
1 0 0 0 0 0 0 1 
0 0 1 0 0 0 1 0 
1 0 0 0 0 1 0 0 
1 0 0 1 0 0 0 0 
1 0 0 0 1 0 0 0 
0 1 0 0 0 0 0 1 
0 1 0 0 0 1 0 0 
1 0 0 0 0 0 1 0 
0 1 0 0 1 0 0 0 
0 0 0 0 0 0 1 1 
0 1 0 0 0 0 0 1 
0 0 0 0 0 1 1 0 
0 0 1 0 0 0 1 0 
0 0 0 1 0 0 1 0 
0 0 0 0 1 0 1 0 
1 0 0 0 1 0 0 0 
0 0 0 1 0 0 0 1 
0 1 0 0 1 0 0 0 
0 0 0 0 0 1 0 1 
0 0 1 0 0 0 0 1 
0 0 1 0 0 1 0 0 
0 0 0 1 0 1 0 0 
0 0 1 1 0 0 0 0 
0 0 0 1 0 0 1 0 
0 0 0 0 1 0 0 1 
0 0 0 0 0 0 1 1 
0 0 0 0 1 1 0 0 
0 0 0 0 0 1 1 0 
0 0 0 1 1 0 0 0 
0 0 1 0 1 0 0 0 
0 0 1 0 0 0 1 0 
0 1 0 0 0 1 0 0 
0 0 0 0 1 0 1 0 
0 1 0 0 0 0 0 1 
0 0 0 1 0 0 0 1 
0 0 1 1 0 0 0 0 
0 0 0 0 0 1 0 1 
0 1 1 0 0 0 0 0 
0 0 1 0 0 0 0 1 
0 1 0 0 1 0 0 0 
0 0 0 0 1 0 1 0 
0 0 0 1 0 0 0 1 
0 1 0 0 0 0 0 1 
0 0 1 0 0 0 1 0 
1 0 1 0 0 0 0 0 
0 0 0 0 0 1 0 1 
0 0 0 1 1 0 0 0 
0 1 0 0 1 0 0 0 
0 0 1 0 0 0 0 1 
0 0 0 1 0 1 0 0 
0 0 0 1 0 0 1 0 
0 1 0 0 0 1 0 0 
0 0 0 0 1 0 1 0 
0 0 1 0 0 1 0 0 
0 0 1 0 0 0 1 0 
0 0 0 0 1 0 0 1 
0 0 0 1 0 0 0 1 
0 0 0 0 0 1 1 0 
0 1 0 1 0 0 0 0 
0 0 1 0 0 0 0 1 
0 1 0 0 1 0 0 0 
1 0 1 0 0 0 0 0 
0 0 0 1 0 1 0 0 
0 0 1 1 0 0 0 0 
0 0 0 0 1 1 0 0 
0 0 1 0 1 0 0 0 
0 0 0 1 0 0 1 0 
0 0 0 0 1 0 1 0 
0 0 0 1 0 0 0 1 
0 0 0 0 1 0 0 1 
0 0 0 0 0 1 1 0 
0 0 0 0 0 1 0 1 
0 1 0 0 0 1 0 0 
0 0 0 1 1 0 0 0 
0 0 1 0 0 0 1 0 
0 0 1 0 0 0 0 1 
0 0 0 0 1 1 0 0 
0 0 0 1 0 1 0 0 
0 0 1 0 1 0 0 0 
0 0 1 1 0 0 0 0 
0 0 1 0 0 1 0 0 
0 0 0 0 0 0 1 1 
0 0 1 0 1 0 0 0 
0 0 1 1 0 0 0 0 
0 0 1 0 0 1 0 0 
0 0 0 0 0 1 1 0 
0 0 0 0 1 0 1 0 
0 0 0 0 1 0 0 1 
0 0 0 1 0 0 1 0 
0 0 0 1 0 0 0 1 
0 0 0 0 0 1 0 1 
0 0 0 0 1 1 0 0 
0 0 1 0 0 0 1 0 
0 0 1 0 0 0 0 1 
0 0 0 1 1 0 0 0 
0 0 0 1 0 1 0 0 
0 0 0 0 0 0 1 1 
0 0 1 0 1 0 0 0 
0 0 1 0 0 1 0 0 
0 0 0 0 1 0 1 0 
0 0 0 0 0 1 0 1 
0 0 0 1 0 0 0 1 
0 0 1 1 0 0 0 0 
0 0 0 1 0 1 0 0 
0 0 0 0 1 1 0 0 
0 0 0 0 0 0 1 1 
1 0 0 0 1 0 0 0 
0 1 0 0 0 1 0 0 
0 0 1 1 0 0 0 0 
0 0 1 0 1 0 0 0 
0 0 0 1 0 0 0 1 
0 0 0 0 1 0 1 0 
1 0 0 0 0 1 0 0 
0 0 0 0 1 0 0 1 
0 0 1 0 0 1 0 0 
0 0 0 0 0 1 1 0 
0 0 0 0 0 1 0 1 
0 0 0 1 1 0 0 0 
0 0 0 1 0 1 0 0 
0 0 0 0 1 1 0 0 
0 0 0 1 0 0 1 0 
0 0 0 0 1 0 1 0 
1 0 0 1 0 0 0 0 
1 0 0 0 1 0 0 0 
0 0 1 1 0 0 0 0 
0 0 0 1 0 0 0 1 
0 0 0 0 1 0 0 1 
0 0 0 0 0 1 1 0 
0 0 1 0 1 0 0 0 
1 0 0 0 0 1 0 0 
0 0 0 0 0 1 0 1 
0 0 1 0 0 1 0 0 
1 0 0 0 0 0 0 1 
0 0 0 1 1 0 0 0 
1 0 1 0 0 0 0 0 
0 0 0 0 1 1 0 0 
0 0 0 0 1 0 1 0 
1 0 0 1 0 0 0 0 
0 0 0 0 1 0 0 1 
0 0 1 0 1 0 0 0 
1 0 0 0 0 1 0 0 
0 0 0 0 0 0 1 1 
0 0 0 1 1 0 0 0 
0 1 0 0 0 1 0 0 
0 0 0 1 0 1 0 0 
0 1 0 0 0 0 0 1 
0 1 1 0 0 0 0 0 
0 0 0 1 0 0 0 1 
0 0 1 1 0 0 0 0 
1 0 0 0 0 1 0 0 
1 0 0 0 0 0 0 1 
0 0 0 1 0 0 0 1 
0 1 0 0 0 1 0 0 
0 1 1 0 0 0 0 0 
0 1 0 0 0 0 1 0 
0 0 1 1 0 0 0 0 
1 0 0 0 0 0 0 1 
0 0 0 0 0 1 0 1 
0 0 1 0 0 0 0 1 
0 0 0 1 0 0 1 0 
0 0 0 0 0 0 1 1 
0 1 0 0 0 0 0 1 
0 0 0 1 0 0 0 1 
0 0 1 1 0 0 0 0 
1 0 0 0 0 1 0 0 
0 0 0 1 0 0 1 0 
0 0 0 0 0 0 1 1 
0 0 0 1 1 0 0 0 
0 0 0 0 0 0 1 1 
0 0 0 1 0 0 0 1 
0 0 0 1 0 0 0 1 
0 0 0 1 0 1 0 0 
0 0 1 1 0 0 0 0 
0 0 0 0 0 0 1 1 
0 0 0 1 0 0 0 1 
0 0 0 1 0 1 0 0 
0 0 0 1 1 0 0 0 
0 0 0 0 0 0 1 1 
0 0 1 1 0 0 0 0 
0 0 0 0 1 0 0 1 
0 1 0 1 0 0 0 0 
0 0 0 1 0 0 0 1 
0 0 1 1 0 0 0 0 
0 0 1 0 0 0 0 1 
0 0 1 0 1 0 0 0 
0 1 0 0 1 0 0 0 
0 0 0 1 0 0 0 1 
0 0 0 1 0 0 1 0 
0 1 0 0 1 0 0 0 
0 0 0 1 0 1 0 0 
1 0 0 1 0 0 0 0 
0 0 0 0 1 0 1 0 
0 0 0 1 0 0 0 1 
0 0 0 1 0 1 0 0 
0 0 0 1 0 0 1 0 
0 1 0 1 0 0 0 0 
0 0 0 0 1 0 1 0 
0 0 1 1 0 0 0 0 
0 0 0 1 0 0 1 0 
0 0 0 1 0 1 0 0 
0 0 0 0 1 0 1 0 
0 0 0 1 0 0 0 1 
1 0 0 1 0 0 0 0 
1 0 1 0 0 0 0 0 
1 0 0 1 0 0 0 0 
0 0 1 1 0 0 0 0 
0 1 0 1 0 0 0 0 
0 0 0 1 0 0 1 0 
0 0 0 1 0 0 1 0 
0 0 0 1 0 1 0 0 
0 1 0 1 0 0 0 0 
1 0 1 0 0 0 0 0 
0 0 0 1 0 1 0 0 
0 0 1 1 0 0 0 0 
0 0 1 0 1 0 0 0 
0 0 0 1 0 0 0 1 
0 0 1 0 1 0 0 0 
1 0 1 0 0 0 0 0 
0 0 0 1 0 1 0 0 
0 1 0 1 0 0 0 0 
0 0 0 1 0 0 1 0 
0 1 0 1 0 0 0 0 
0 0 0 1 0 0 1 0 
1 0 1 0 0 0 0 0 
1 0 1 0 0 0 0 0 
0 0 0 1 0 0 0 1 
0 0 0 1 0 0 1 0 
0 0 0 0 0 1 0 1 
0 0 1 0 1 0 0 0 
0 0 0 1 0 0 1 0 
0 1 0 1 0 0 0 0 
0 0 0 0 0 1 0 1 
0 0 1 0 1 0 0 0 
0 0 1 1 0 0 0 0 
0 0 1 0 0 0 1 0 
0 0 0 0 0 1 0 1 
1 0 0 0 1 0 0 0 
1 0 0 1 0 0 0 0 
0 0 0 1 1 0 0 0 
0 0 0 1 0 1 0 0 
0 0 0 1 0 0 1 0 
0 0 0 0 0 1 0 1 
0 0 0 0 0 0 1 1 
0 0 0 0 0 1 0 1 
0 0 0 1 0 1 0 0 
1 0 0 0 1 0 0 0 
1 1 0 0 0 0 0 0 
1 0 1 0 0 0 0 0 
0 1 0 1 0 0 0 0 
0 0 1 1 0 0 0 0 
0 0 0 1 1 0 0 0 
0 0 0 1 0 0 1 0 
1 0 1 0 0 0 0 0 
1 1 0 0 0 0 0 0 
1 0 0 0 1 0 0 0 
1 0 0 1 0 0 0 0 
0 1 1 0 0 0 0 0 
0 0 0 1 0 1 0 0 
0 1 0 0 1 0 0 0 
0 0 1 0 1 0 0 0 
1 1 0 0 0 0 0 0 
0 0 0 0 0 1 0 1 
1 0 1 0 0 0 0 0 
0 0 1 1 0 0 0 0 
0 0 0 1 0 1 0 0 
1 0 0 0 1 0 0 0 
0 0 0 1 1 0 0 0 
0 0 0 0 0 0 1 1 
0 1 0 0 1 0 0 0 
1 0 0 1 0 0 0 0 
0 0 1 0 1 0 0 0 
0 0 0 1 0 0 0 1 
1 0 0 0 0 0 0 1 
1 1 0 0 0 0 0 0 
0 0 0 1 0 0 1 0 
1 0 0 0 1 0 0 0 
0 0 0 1 1 0 0 0 
1 0 1 0 0 0 0 0 
0 0 0 0 0 0 1 1 
0 0 1 1 0 0 0 0 
0 0 0 0 1 0 0 1 
0 0 1 0 0 0 0 1 
1 1 0 0 0 0 0 0 
1 0 0 0 0 0 0 1 
0 0 0 1 0 0 0 1 
0 0 0 1 1 0 0 0 
1 0 0 0 1 0 0 0 
1 0 1 0 0 0 0 0 
0 0 1 0 0 0 0 1 
0 0 1 0 1 0 0 0 
1 1 0 0 0 0 0 0 
1 0 0 0 0 0 0 1 
0 1 0 0 1 0 0 0 
1 0 0 0 1 0 0 0 
0 0 0 1 1 0 0 0 
0 0 0 0 1 0 0 1 
0 1 0 0 1 0 0 0 
1 1 0 0 0 0 0 0 
0 0 0 0 0 1 0 1 
1 0 0 0 0 0 0 1 
0 0 0 0 1 0 0 1 
1 0 0 0 1 0 0 0 
0 0 1 0 0 0 0 1 
0 0 0 0 1 0 0 1 
1 0 0 0 1 0 0 0 
0 0 0 0 0 1 0 1 
0 0 0 0 1 0 0 1 
1 0 0 0 0 0 0 1 
0 0 0 0 1 1 0 0 
1 1 0 0 0 0 0 0 
1 0 0 0 1 0 0 0 
0 1 0 1 0 0 0 0 
0 0 0 0 1 0 0 1 
0 0 1 0 0 0 1 0 
1 1 0 0 0 0 0 0 
0 0 0 0 1 0 0 1 
0 0 1 0 0 0 1 0 
0 0 0 0 1 1 0 0 
1 1 0 0 0 0 0 0 
1 1 1 1 1 1 1 1 
;
TIMETABLE BEST: 
0.0 0.0 0.0 0.0 0.0 0.0 0.0 0.0 
10 0 0 0 0 0 0 0 
10 0 18 0 0 0 0 0 
10 18 18 0 0 0 0 0 
19 18 18 0 0 0 0 0 
19 18 18 19 0 0 0 0 
19 25 18 19 0 0 0 0 
19 25 18 19 10 0 0 0 
19 25 18 19 10 18 0 0 
19 25 18 19 10 18 0 0 
29 25 18 19 10 18 0 0 
29 25 18 19 10 18 0 0 
29 25 18 19 10 31 0 0 
29 25 18 19 33 31 0 0 
29 25 18 19 33 31 10 0 
29 25 18 19 33 31 10 18 
29 25 18 19 33 31 10 18 
29 25 18 19 33 31 10 18 
29 25 18 19 33 31 19 18 
29 25 18 19 33 31 19 18 
29 25 18 19 33 31 19 18 
29 25 18 19 33 31 19 18 
29 25 18 19 33 31 19 18 
29 25 18 19 33 31 19 18 
29 25 18 19 33 31 19 18 
29 25 18 19 33 31 19 18 
29 25 18 19 33 31 19 18 
29 25 18 19 33 31 19 18 
29 25 18 19 33 31 19 18 
29 25 18 30 33 31 19 18 
29 25 18 30 33 31 19 18 
29 25 18 30 33 31 19 18 
29 25 18 30 33 31 19 18 
29 25 18 30 33 31 19 18 
29 25 18 30 33 31 19 18 
29 25 18 30 33 31 19 18 
29 25 18 30 33 31 19 18 
29 25 18 30 33 31 19 18 
29 25 18 30 33 31 19 18 
29 25 18 30 33 31 19 36 
29 25 18 30 33 31 19 36 
29 25 18 30 33 31 19 36 
29 25 18 30 33 31 38 36 
29 25 18 30 33 31 38 36 
29 25 18 30 33 31 38 36 
29 25 18 30 33 31 38 36 
29 25 18 30 33 31 38 36 
29 25 18 30 33 31 38 36 
29 25 18 30 33 31 38 43 
29 25 18 30 33 31 38 43 
29 25 34 30 33 31 38 43 
29 25 34 38 33 31 38 43 
29 25 34 38 33 31 38 43 
29 25 34 38 33 31 38 43 
29 25 34 38 33 31 38 43 
29 25 34 38 33 31 38 43 
29 25 34 38 33 31 38 43 
29 32 34 38 33 31 38 43 
29 32 34 38 33 31 38 43 
29 32 34 38 33 31 38 43 
29 32 34 38 33 31 38 43 
29 32 34 38 33 31 38 43 
29 32 34 38 33 31 38 43 
29 32 34 38 33 31 38 43 
29 32 34 38 33 31 38 43 
29 32 34 38 33 31 38 43 
29 32 34 38 33 44 38 43 
29 32 34 45 33 44 38 43 
29 32 34 45 47 44 38 43 
29 32 34 45 47 44 38 43 
29 32 34 45 47 44 38 43 
39 32 34 45 47 44 38 43 
39 32 34 45 47 44 38 43 
39 32 34 45 47 44 38 43 
39 39 34 45 47 44 38 43 
39 39 34 45 47 44 38 43 
39 39 45 45 47 44 38 43 
39 39 45 45 47 44 38 43 
39 39 45 45 47 44 38 43 
39 39 45 45 47 44 38 43 
39 39 45 45 47 44 38 43 
39 39 45 45 47 44 38 43 
39 39 45 45 47 44 38 43 
39 39 45 45 47 44 38 43 
39 39 45 45 47 44 38 43 
39 39 45 45 47 44 38 43 
39 39 45 45 47 44 38 43 
39 39 45 52 47 44 38 43 
39 39 45 52 47 44 38 43 
39 39 45 52 47 44 47 43 
39 39 45 52 47 44 47 43 
39 39 45 52 47 44 47 43 
39 39 45 52 47 44 47 43 
39 39 45 52 47 44 47 43 
39 39 45 52 47 44 47 43 
39 39 45 52 47 54 47 43 
39 39 45 52 47 54 47 43 
39 53 45 52 47 54 47 43 
39 53 45 52 47 54 47 43 
39 53 45 52 47 54 47 43 
39 53 45 52 47 54 47 43 
39 53 45 52 47 54 47 43 
39 53 56 52 47 54 47 43 
39 53 56 52 47 54 47 43 
39 53 56 52 53 54 47 43 
39 53 56 52 53 54 47 50 
39 53 56 52 53 54 47 50 
39 53 56 52 53 54 47 50 
48 53 56 52 53 54 47 50 
48 53 56 52 53 54 47 50 
48 53 56 52 53 54 47 50 
48 53 56 52 53 54 47 50 
48 53 56 52 53 54 47 50 
48 53 56 52 53 54 47 50 
48 53 56 60 53 54 47 50 
48 53 56 60 53 54 47 50 
48 53 56 60 60 54 47 50 
48 53 56 60 60 54 47 50 
48 53 56 60 60 54 56 50 
48 53 56 60 60 54 56 50 
48 53 56 60 60 54 56 50 
48 53 56 60 60 54 56 50 
48 53 56 60 60 54 56 50 
48 53 56 60 60 54 56 58 
48 53 56 60 60 54 56 58 
59 53 56 60 60 54 56 58 
59 53 56 60 60 54 56 58 
59 53 56 60 60 54 56 58 
59 53 56 60 60 54 56 58 
59 53 56 60 60 54 56 58 
59 53 56 60 60 54 56 58 
59 53 56 60 60 54 56 58 
59 53 56 60 60 54 56 58 
59 53 56 60 60 54 56 58 
59 53 56 60 60 54 65 58 
59 53 56 60 60 54 65 65 
59 66 56 60 60 54 65 65 
59 66 56 60 60 54 65 65 
59 66 56 60 60 54 65 65 
59 66 56 60 60 54 65 65 
59 66 56 60 68 54 65 65 
59 66 56 69 68 54 65 65 
59 66 56 69 68 54 65 65 
59 66 56 69 68 54 65 65 
59 66 56 69 68 68 65 65 
59 66 56 69 68 68 65 65 
59 66 64 69 68 68 65 65 
59 66 64 69 68 68 65 65 
59 66 64 69 68 68 65 65 
59 66 64 69 68 68 65 65 
59 66 64 69 68 68 65 65 
59 66 64 69 68 68 65 65 
59 66 64 69 68 68 65 65 
59 66 64 69 68 68 65 65 
59 66 64 69 68 68 65 65 
59 66 64 69 68 68 65 65 
59 66 72 69 68 68 65 65 
59 66 72 69 68 68 65 65 
59 66 72 69 68 68 65 65 
59 66 72 69 68 68 65 65 
59 66 72 69 68 68 65 72 
59 66 72 69 68 68 65 72 
59 66 72 69 68 68 65 72 
59 66 72 69 76 68 65 72 
59 66 72 69 76 68 65 72 
59 66 72 69 76 68 65 72 
59 66 72 69 76 68 65 72 
59 66 72 75 76 68 65 72 
59 66 72 75 76 68 65 72 
59 66 72 75 76 68 71 72 
70 66 72 75 76 68 71 72 
70 79 72 75 76 68 71 72 
70 79 72 75 76 68 71 72 
70 79 72 75 76 68 71 72 
70 79 72 75 76 68 71 72 
70 79 72 75 76 68 71 72 
80 79 72 75 76 68 71 72 
80 79 72 75 76 68 71 72 
80 79 72 75 76 78 71 72 
80 79 72 75 76 78 71 72 
80 79 72 75 76 78 71 72 
80 79 72 75 76 78 71 72 
80 79 72 75 76 78 71 72 
80 79 72 75 76 78 71 72 
80 79 72 75 76 78 78 72 
80 79 72 75 76 78 78 72 
80 79 72 75 76 78 78 72 
80 79 72 75 76 78 78 72 
80 79 81 75 76 78 78 72 
80 79 81 75 76 78 78 80 
80 79 81 75 76 78 78 80 
80 79 81 75 76 78 78 80 
80 79 81 75 76 78 78 80 
80 79 81 75 76 78 78 80 
80 79 81 75 76 78 78 80 
80 79 81 75 76 78 78 80 
80 79 81 75 76 78 78 80 
80 79 81 75 85 78 78 80 
80 79 81 75 85 78 78 80 
80 79 81 75 85 78 78 80 
80 79 81 75 85 78 78 80 
90 79 81 75 85 78 78 80 
90 79 81 75 85 78 78 80 
90 79 81 75 85 78 78 80 
90 79 81 75 85 78 78 80 
90 79 81 75 85 78 92 80 
90 79 81 75 95 78 92 80 
90 93 81 75 95 78 92 80 
90 93 81 95 95 78 92 80 
90 93 81 95 95 78 92 80 
90 93 81 95 95 78 92 80 
90 93 81 95 95 78 92 80 
90 93 81 95 95 78 92 80 
90 93 81 95 95 88 92 80 
90 93 81 95 95 88 92 88 
90 93 81 95 95 88 92 88 
90 93 81 95 95 88 92 88 
90 93 90 95 95 88 92 88 
90 93 90 95 95 88 92 88 
90 93 90 95 95 88 92 88 
90 93 90 95 95 88 92 97 
90 93 90 95 95 88 92 97 
90 93 90 95 95 88 92 97 
90 93 90 95 95 88 92 97 
90 93 90 95 95 88 92 97 
90 100 90 95 95 88 92 97 
90 100 90 95 95 88 92 97 
90 100 98 95 95 88 92 97 
106 100 98 95 95 88 92 97 
106 100 98 95 95 88 99 97 
106 100 98 95 95 88 99 97 
106 100 98 95 107 88 99 97 
106 100 98 95 107 88 105 97 
106 100 98 107 107 88 105 97 
106 100 98 107 107 88 105 106 
106 100 98 107 107 109 105 106 
106 100 112 107 107 109 105 106 
106 100 112 107 107 109 114 106 
106 100 112 107 107 109 114 114 
106 100 112 107 107 115 114 114 
106 100 112 121 107 115 114 114 
106 100 112 121 107 115 114 114 
106 100 112 121 107 115 114 114 
106 100 112 121 121 115 114 114 
106 115 112 121 121 115 114 114 
106 115 112 121 121 115 114 122 
106 115 112 137 121 115 114 122 
106 115 129 137 121 115 114 122 
106 115 129 137 121 115 114 122 
106 115 129 137 137 115 114 122 
106 115 129 137 137 115 114 122 
106 115 129 150 137 115 114 122 
106 126 129 150 137 115 114 122 
106 126 129 150 137 115 114 122 
117 126 129 150 137 115 114 122 
117 126 129 150 153 115 114 122 
117 126 129 150 153 115 114 122 
117 126 129 150 153 124 114 122 
117 126 129 150 153 124 123 122 
117 126 129 150 153 124 123 122 
117 126 129 150 153 124 123 122 
117 126 129 150 153 124 123 122 
117 126 129 150 153 124 129 122 
117 126 129 150 153 132 129 122 
117 126 129 150 153 132 129 122 
117 126 129 150 153 132 129 134 
135 126 129 150 153 132 129 134 
149 126 139 150 153 132 129 134 
149 126 139 150 153 132 129 134 
149 126 139 150 153 132 129 134 
149 126 139 164 153 132 129 134 
149 126 139 164 153 132 129 134 
149 126 139 164 153 132 136 134 
149 126 139 164 153 132 136 134 
149 134 139 164 153 132 136 134 
163 134 139 164 153 132 136 134 
163 134 139 164 153 140 136 134 
163 134 139 164 153 140 136 134 
163 134 139 164 169 140 136 134 
163 134 139 164 169 140 136 147 
163 134 139 164 175 140 136 147 
163 134 151 164 175 140 136 147 
163 134 151 164 175 151 136 147 
163 134 151 182 175 151 136 147 
163 134 151 182 175 151 136 147 
163 142 151 182 175 151 136 147 
163 142 151 182 175 151 143 147 
175 142 151 182 175 151 143 147 
181 142 151 182 175 151 143 147 
181 142 151 182 175 151 143 147 
181 142 151 182 175 151 150 147 
181 142 151 182 175 151 150 183 
181 142 165 182 175 151 150 183 
181 142 165 182 175 151 158 183 
181 161 165 182 175 151 158 183 
181 161 165 182 175 162 158 183 
181 161 165 182 181 162 158 183 
181 161 165 182 181 162 158 183 
181 161 194 182 181 162 158 183 
181 161 194 182 181 171 158 183 
181 161 194 182 181 171 158 183 
181 161 194 182 181 171 158 183 
181 161 194 182 181 171 158 183 
181 161 194 182 181 181 158 183 
181 161 194 182 181 181 182 183 
181 161 194 182 181 181 182 183 
181 161 194 182 181 181 182 183 
181 161 194 182 181 189 182 183 
181 161 194 182 181 189 182 183 
181 161 194 182 197 189 182 183 
181 193 194 182 197 189 182 183 
181 193 194 182 197 189 182 183 
181 193 194 182 197 189 182 183 
181 193 194 182 197 189 182 183 
181 193 194 182 197 189 182 183 
181 193 194 200 197 189 182 183 
187 193 194 200 197 189 182 183 
187 193 194 200 197 189 182 183 
187 193 194 200 197 189 182 183 
187 193 194 200 197 189 182 183 
187 193 194 200 197 189 182 183 
187 193 194 200 197 189 182 183 
187 193 194 200 197 189 182 183 
187 193 194 200 197 189 182 183 
200 193 194 200 197 189 182 183 
200 193 194 200 197 189 182 202 
200 193 194 200 197 189 182 202 
200 193 194 200 197 189 182 202 
200 193 194 200 197 197 182 202 
200 193 194 200 197 197 182 202 
200 193 194 200 197 197 182 202 
200 193 194 200 197 197 195 202 
200 193 194 200 207 197 195 202 
200 193 194 200 207 197 195 202 
200 193 194 200 207 197 195 202 
200 193 194 200 207 197 195 202 
200 193 194 200 207 197 195 202 
200 205 194 200 207 197 195 202 
200 205 194 200 207 197 205 202 
200 205 194 200 207 197 205 202 
200 205 194 200 207 197 205 202 
200 205 208 200 207 197 205 202 
200 205 208 200 207 197 205 202 
200 205 208 200 207 197 205 202 
200 205 208 200 207 197 205 202 
200 205 208 200 207 197 205 202 
200 211 208 200 207 197 205 202 
200 211 208 200 207 197 205 212 
200 211 208 200 207 197 205 212 
200 211 208 200 214 197 205 212 
200 211 208 200 214 197 205 212 
213 211 208 200 214 197 205 212 
213 211 208 200 214 197 205 212 
213 211 208 200 214 197 205 212 
213 211 208 200 214 197 205 212 
213 211 208 200 214 197 205 212 
213 211 208 200 214 197 205 212 
213 211 208 200 214 197 205 212 
213 211 208 214 214 197 205 212 
213 211 208 214 214 197 205 212 
213 217 208 214 214 197 205 212 
213 217 208 214 214 197 205 212 
213 217 208 214 214 219 205 212 
223 217 208 214 214 219 205 212 
223 217 208 214 214 219 205 222 
223 217 208 214 214 219 205 222 
223 217 208 214 214 219 205 231 
223 217 208 214 214 219 205 231 
223 217 208 214 221 219 205 231 
223 217 208 214 221 219 205 231 
223 217 208 214 221 219 205 231 
223 217 208 214 221 219 205 231 
223 217 208 214 234 219 205 231 
223 233 208 214 234 219 205 231 
223 233 208 214 234 219 205 231 
223 233 208 228 234 219 205 231 
223 233 208 228 234 219 205 231 
223 233 226 228 234 219 242 231 
236 233 226 228 234 219 242 231 
236 233 226 228 244 219 242 231 
236 233 226 228 244 219 254 231 
236 233 226 228 244 238 254 231 
259 233 226 228 244 238 254 231 
344.0 322.0 324.0 326.0 300.0 284.0 296.0 280.0 
;
EXECUTION TIME HBSS: 10684.4405501 seconds 

-------------------------------------------------------------------
 464 456 
458 466 464 456 455 462 464 466 
458 466 464 466 455 462 464 466 
458 466 464 466 466 462 464 466 
470 470 464 466 466 462 464 466 
470 470 472 466 466 462 472 466 
470 470 472 466 466 462 472 472 
470 470 472 466 474 462 472 474 
470 470 472 479 474 462 472 479 
485 485 472 479 474 462 472 479 
485 485 472 479 474 462 485 479 
485 488 472 479 474 462 485 488 
485 488 472 489 474 462 485 489 
485 488 472 489 474 494 485 494 
485 488 472 496 474 494 485 496 
485 488 500 496 500 494 485 496 
485 488 500 496 500 494 485 500 
485 499 500 496 500 494 499 500 
485 499 509 496 509 494 499 500 
485 499 509 509 509 494 499 509 
485 499 509 509 509 494 499 509 
485 499 509 509 509 509 499 509 
485 499 509 519 509 509 499 519 
485 499 517 519 517 509 499 519 
485 499 517 519 519 509 499 519 
485 499 517 519 519 519 499 519 
485 499 517 519 519 519 526 526 
485 499 527 519 527 519 526 526 
485 499 532 532 527 519 526 526 
537 499 532 532 537 519 526 526 
537 499 532 532 537 519 526 532 
537 499 541 532 541 519 526 532 
537 499 541 541 541 541 526 532 
537 499 541 542 541 541 526 542 
556.0 589.0 551.0 591.0 568.0 597.0 595.0 588.0 
;
EXECUTION TIME HBSS: 11184.5684471 seconds 

-------------------------------------------------------------------
