DATFILE : offices1_7r_250.dat
ENVIRONMENT : office
ALGORITHM : HBSS - TAU 9
RANGE : 250
STARTING_POS : 42
N_ROBOTS : 7
GREEDY SOLUTION : 790.0
COMPUTATIONS T :
689.0
790.0
796.0
819.0
790.0
773.0
790.0
790.0
813.0
790.0
738.0
800.0
790.0
782.0
790.0
804.0
790.0
790.0
790.0
790.0
790.0
775.0
790.0
778.0
790.0
807.0
790.0
794.0
790.0
790.0
799.0
823.0
743.0
760.0
790.0
790.0
790.0
754.0
790.0
790.0
790.0
790.0
790.0
790.0
790.0
784.0
790.0
790.0
790.0
790.0
790.0
790.0
790.0
790.0
790.0
790.0
790.0
790.0
790.0
813.0
770.0
780.0
790.0
790.0
790.0
790.0
790.0
790.0
790.0
790.0
790.0
790.0
790.0
790.0
790.0
790.0
768.0
790.0
795.0
790.0
790.0
821.0
790.0
790.0
790.0
790.0
790.0
790.0
762.0
772.0
790.0
790.0
790.0
783.0
790.0
790.0
790.0
790.0
790.0
790.0
790.0
765.0
786.0
790.0
790.0
790.0
764.0
790.0
689.0
790.0
790.0
790.0
790.0
812.0
745.0
790.0
790.0
790.0
790.0
790.0
782.0
790.0
790.0
790.0
788.0
790.0
757.0
790.0
790.0
790.0
790.0
790.0
799.0
790.0
790.0
790.0
790.0
790.0
790.0
790.0
790.0
790.0
790.0
790.0
790.0
790.0
790.0
790.0
794.0
751.0
765.0
790.0
782.0
790.0
776.0
790.0
790.0
790.0
790.0
790.0
790.0
790.0
790.0
790.0
790.0
771.0
790.0
790.0
784.0
790.0
790.0
820.0
792.0
790.0
790.0
790.0
790.0
790.0
790.0
799.0
790.0
790.0
790.0
790.0
790.0
790.0
744.0
790.0
790.0
790.0
790.0
790.0
790.0
790.0
790.0
785.0
790.0
783.0
790.0
790.0
;
HBBS bestT : 689.0
BEST_CONFIGURATIONS : 
42 42 42 42 42 42 42 
41 42 42 42 42 42 42 
41 42 5 24 42 42 42 
41 42 5 24 42 42 42 
41 42 5 24 42 42 42 
41 42 5 24 42 42 42 
41 42 5 24 42 42 42 
41 42 5 24 36 42 42 
41 42 5 24 36 42 42 
41 42 5 24 36 42 42 
41 42 5 24 36 40 42 
41 42 5 24 36 40 42 
41 42 5 24 36 40 42 
41 42 5 24 36 40 42 
41 42 5 24 36 40 42 
41 42 5 24 36 40 42 
41 42 5 24 36 40 4 
41 42 5 24 36 40 4 
41 42 5 24 36 40 4 
41 42 5 24 36 40 4 
41 42 5 24 36 40 4 
41 42 5 24 36 40 4 
36 42 5 24 35 40 4 
36 41 5 24 35 40 4 
36 41 5 24 35 40 4 
36 41 5 4 35 40 4 
36 41 5 4 35 40 4 
36 41 5 4 35 40 24 
36 41 5 4 34 40 24 
36 41 5 4 34 40 24 
36 41 5 4 34 40 24 
36 41 5 4 34 40 24 
36 41 5 4 34 40 24 
36 41 5 4 34 40 24 
36 41 5 4 33 40 24 
36 41 5 4 33 40 24 
36 41 5 4 33 40 24 
36 41 5 4 33 40 24 
36 41 5 4 33 40 24 
36 41 5 4 33 40 24 
36 41 5 4 32 40 24 
36 41 24 4 32 40 24 
36 41 24 4 32 40 24 
36 41 24 4 32 40 24 
36 41 24 4 32 40 3 
36 40 24 4 32 40 3 
36 40 24 4 32 40 3 
36 40 24 4 32 40 3 
36 40 24 4 32 40 3 
36 40 24 4 27 40 3 
36 40 24 4 27 40 3 
36 40 24 4 27 39 3 
36 40 24 4 27 39 3 
36 40 4 4 27 39 3 
36 40 4 24 27 39 3 
36 40 4 24 27 39 3 
36 40 4 24 27 39 3 
36 40 4 24 32 39 3 
36 40 4 5 32 39 3 
36 40 4 5 32 39 3 
41 40 4 5 32 39 3 
41 40 4 5 32 39 3 
41 39 4 5 33 39 3 
41 39 4 5 33 39 3 
41 39 3 5 33 26 3 
41 39 3 5 33 26 3 
41 39 3 24 33 26 3 
41 39 3 24 33 26 3 
42 39 3 24 33 26 3 
42 39 3 4 33 26 3 
42 39 3 4 34 26 3 
42 26 3 4 34 26 3 
42 26 3 4 34 26 3 
42 26 3 4 34 26 23 
42 26 3 4 34 26 23 
42 26 3 4 34 26 23 
42 26 3 4 34 26 23 
42 26 3 4 34 27 23 
42 26 3 4 34 27 23 
42 26 3 4 34 27 23 
42 26 3 24 34 27 23 
42 26 3 24 34 32 23 
42 26 3 24 34 32 23 
42 26 3 24 34 32 23 
42 26 2 24 34 32 23 
42 26 2 4 34 32 23 
42 26 2 4 34 32 23 
42 26 2 4 34 32 23 
42 26 2 4 34 32 23 
5 26 2 4 34 32 23 
5 26 2 4 34 32 23 
5 26 2 4 34 27 23 
5 26 2 24 34 27 23 
5 38 2 24 34 27 23 
5 38 2 24 34 27 23 
5 38 2 24 34 27 23 
5 38 2 24 34 27 23 
5 38 2 24 34 32 23 
5 38 2 24 34 32 26 
5 38 2 24 35 32 26 
5 38 2 24 35 32 26 
5 38 2 24 35 32 26 
42 38 2 24 35 32 26 
42 38 2 3 35 32 26 
42 38 2 3 35 32 26 
42 38 2 3 35 32 26 
42 38 2 3 35 27 26 
42 38 2 3 35 27 39 
42 38 2 3 35 27 39 
42 38 2 3 35 27 39 
42 38 2 3 35 31 39 
42 38 2 3 35 31 39 
42 38 2 3 35 31 39 
42 38 2 3 35 31 39 
42 38 2 3 34 31 39 
42 38 2 3 34 31 39 
42 38 23 3 34 31 39 
42 38 23 3 34 31 39 
42 26 23 3 34 31 39 
40 26 23 3 34 31 39 
40 26 23 3 34 31 39 
40 26 23 3 35 31 39 
40 26 23 2 35 31 39 
40 26 23 2 35 30 39 
40 26 23 2 35 30 39 
40 26 23 2 35 30 39 
40 26 23 2 35 30 39 
40 27 23 2 35 30 39 
40 27 23 2 33 30 39 
40 27 2 2 33 30 39 
40 27 2 23 33 30 39 
40 27 2 23 33 30 39 
40 27 2 23 33 30 38 
40 27 2 23 33 30 38 
40 32 2 23 33 30 38 
40 32 2 23 33 30 38 
26 32 2 1 33 30 38 
26 32 2 1 33 30 38 
26 32 2 1 33 30 38 
26 32 2 1 33 30 38 
26 32 2 1 33 30 38 
26 32 2 1 33 30 38 
26 27 2 1 33 30 38 
26 27 23 1 33 30 38 
39 27 23 1 33 30 38 
39 27 23 1 33 29 38 
39 27 23 1 33 29 38 
39 27 23 1 33 29 38 
39 27 23 1 33 29 38 
39 27 23 1 33 29 38 
39 27 23 1 33 29 26 
39 32 23 1 33 29 26 
39 32 23 1 33 29 27 
38 32 23 1 33 29 27 
38 32 3 1 33 29 27 
38 27 3 1 33 29 31 
38 27 3 1 33 29 31 
38 27 3 1 32 29 31 
38 27 3 1 32 29 31 
37 26 3 1 32 29 31 
37 26 3 1 32 29 31 
37 26 3 1 27 29 31 
37 26 3 1 27 29 31 
37 26 3 1 27 29 31 
37 26 23 1 27 29 31 
37 26 23 1 32 29 31 
37 38 23 1 32 29 31 
37 38 23 1 32 30 31 
37 38 23 1 32 30 31 
37 38 2 1 32 30 31 
37 38 2 0 32 30 31 
37 38 2 0 32 30 31 
37 38 2 0 32 30 31 
37 38 2 0 27 30 31 
37 38 2 0 27 30 31 
37 38 2 0 27 30 31 
43 38 2 0 27 30 31 
43 38 2 0 27 30 31 
43 38 2 0 27 30 31 
43 38 2 0 27 30 31 
43 38 2 0 32 30 31 
43 38 23 0 32 30 31 
43 38 23 0 32 30 31 
43 26 23 0 32 30 31 
43 26 23 0 32 29 31 
43 26 23 0 32 29 31 
43 26 23 0 32 29 31 
43 26 23 0 32 29 30 
43 26 1 0 32 29 30 
43 26 1 0 32 29 30 
43 39 1 0 32 29 30 
43 39 1 0 33 29 31 
37 39 1 0 33 29 31 
37 39 1 0 33 28 31 
37 39 1 0 33 28 31 
37 39 1 0 33 28 31 
37 39 1 0 33 28 31 
43 39 1 0 33 28 31 
43 39 1 0 33 28 27 
43 26 1 0 33 28 27 
43 26 1 0 32 28 27 
43 26 1 25 32 28 27 
43 26 1 25 32 28 27 
43 26 1 25 32 28 27 
43 26 1 25 32 28 27 
43 26 1 25 32 28 27 
37 26 1 25 32 28 27 
37 26 1 25 32 28 31 
37 23 1 25 32 28 31 
37 23 1 25 32 28 31 
37 23 0 25 32 28 31 
38 23 0 25 32 28 31 
38 23 0 25 32 28 31 
38 2 0 25 32 28 31 
38 2 0 25 30 28 31 
38 2 0 25 30 28 31 
38 2 0 25 30 28 29 
38 2 0 25 30 28 29 
26 2 0 25 30 17 29 
26 3 0 25 30 17 29 
26 3 0 25 30 17 29 
26 3 0 25 27 17 29 
26 3 0 25 27 17 28 
26 3 0 25 31 17 28 
38 3 0 25 31 17 28 
38 3 0 25 31 17 29 
38 3 0 43 31 17 29 
38 4 1 43 31 17 29 
38 4 1 43 30 17 29 
37 4 1 43 30 17 29 
37 4 1 43 30 17 29 
37 24 1 43 30 17 29 
37 24 1 43 30 17 19 
37 24 1 43 30 17 19 
37 24 1 43 28 17 19 
37 24 1 43 28 17 19 
37 24 1 43 29 17 19 
37 24 1 43 30 19 19 
37 24 31 19 30 19 19 
28 24 31 19 30 19 16 
28 24 31 19 30 19 16 
28 24 31 19 30 19 16 
28 24 31 19 30 19 16 
28 27 31 19 30 19 16 
28 27 31 19 30 17 16 
28 27 31 19 29 17 16 
28 34 33 19 29 17 16 
17 34 33 6 29 17 16 
17 34 33 6 29 19 16 
17 34 33 6 29 19 16 
17 35 33 6 29 19 16 
17 35 33 22 29 19 16 
17 35 33 22 19 19 16 
17 35 33 22 19 19 16 
17 35 34 22 19 19 16 
17 35 34 7 19 19 16 
17 35 34 7 19 19 16 
17 35 34 7 19 16 16 
17 35 34 7 19 16 6 
17 35 27 22 19 16 6 
17 35 27 22 19 6 6 
29 35 27 22 19 6 6 
29 35 31 22 19 6 6 
29 35 31 22 22 6 7 
30 35 31 22 22 6 7 
27 35 31 22 15 6 7 
27 26 31 22 15 6 7 
27 26 29 22 15 6 7 
27 26 29 6 15 6 7 
27 26 29 6 15 7 7 
27 26 29 6 15 7 22 
32 26 29 6 15 7 22 
32 38 29 6 15 7 22 
32 38 30 6 15 7 22 
32 38 30 6 15 7 10 
32 38 30 6 15 7 10 
32 38 30 6 15 7 10 
33 38 30 6 15 7 10 
33 38 31 6 15 7 10 
33 37 31 6 15 7 10 
33 37 31 6 15 22 10 
33 43 31 6 15 22 10 
33 43 31 16 15 22 10 
33 43 31 16 15 22 10 
33 43 28 16 15 22 10 
27 43 28 16 15 21 10 
27 43 28 16 15 21 10 
27 43 28 16 15 21 10 
32 43 28 16 15 21 10 
32 19 28 16 15 21 10 
32 19 28 6 15 21 10 
32 19 17 6 15 21 10 
32 19 17 6 15 21 11 
32 19 17 6 15 8 11 
32 19 17 6 15 8 11 
32 19 17 6 15 8 11 
33 19 17 6 15 21 11 
33 16 17 6 15 21 11 
33 16 17 6 15 21 11 
33 16 17 22 15 21 11 
33 16 17 22 15 21 11 
33 16 17 22 13 21 11 
33 16 17 22 13 21 11 
33 16 17 22 13 21 11 
33 16 17 22 13 21 11 
33 16 17 22 13 21 11 
33 16 17 22 13 21 11 
33 16 17 7 13 21 11 
33 16 17 7 13 21 11 
32 16 17 7 13 21 11 
32 16 17 7 13 8 11 
32 16 17 7 13 8 11 
27 16 17 7 13 8 11 
27 16 29 7 13 8 11 
27 22 29 7 13 8 11 
27 22 29 7 13 8 21 
26 22 29 7 13 8 21 
26 22 30 7 13 8 21 
26 10 30 7 13 8 21 
26 10 30 7 13 8 21 
26 10 30 7 13 8 11 
23 10 30 7 13 8 11 
23 10 31 7 13 8 11 
23 10 31 15 13 8 11 
39 10 31 15 13 8 11 
39 10 31 15 13 8 11 
39 10 31 15 13 12 11 
39 10 31 15 13 12 11 
39 10 31 15 13 12 11 
40 10 31 15 13 12 11 
40 10 38 15 13 12 11 
40 10 38 15 13 20 11 
40 10 38 15 13 20 11 
40 10 38 15 13 20 11 
40 10 38 14 13 20 11 
40 10 38 14 13 20 11 
40 10 38 14 13 20 11 
40 10 38 14 13 20 11 
40 10 26 14 13 20 11 
39 10 26 14 13 20 11 
39 10 26 14 13 9 11 
39 10 26 14 13 9 11 
39 10 27 14 13 9 11 
39 21 27 14 13 9 11 
39 21 27 14 13 9 11 
39 21 27 14 15 9 11 
39 21 32 14 15 9 11 
39 8 32 14 15 9 11 
39 8 32 14 15 9 11 
39 8 32 14 15 9 22 
39 8 33 14 15 9 22 
39 8 33 14 15 20 22 
31 8 33 14 15 20 22 
31 8 33 14 15 20 7 
31 21 33 14 15 20 7 
31 21 34 14 15 20 7 
31 21 34 14 13 20 7 
31 21 34 14 13 20 7 
30 21 34 14 13 20 7 
30 21 35 14 13 20 7 
30 21 35 14 13 20 7 
30 21 35 14 13 20 7 
30 21 35 14 13 20 6 
29 21 35 14 13 20 6 
29 12 35 14 13 20 6 
29 12 35 14 13 20 6 
29 12 36 14 13 20 6 
29 12 36 14 13 20 6 
29 12 36 14 13 20 16 
17 12 36 14 13 20 16 
17 12 36 14 13 9 16 
17 12 18 14 13 9 16 
17 12 18 14 13 9 16 
17 12 18 14 13 20 16 
17 20 18 14 13 9 16 
33 20 18 14 13 9 16 
33 12 18 21 13 9 16 
33 12 18 21 13 9 8 
34 12 18 21 13 9 8 
35 12 18 21 13 9 8 
36 12 18 21 13 9 8 
36 18 18 21 13 41 8 
36 18 18 21 13 40 8 
42 42 42 42 42 42 42 
;
ROBOT MOVING BEST:
0 0 0 0 0 0 0 
1 1 0 0 0 0 0 
0 0 1 1 0 0 0 
1 0 1 0 0 0 0 
1 0 0 1 0 0 0 
0 1 1 0 0 0 0 
0 1 0 1 0 0 0 
0 0 1 0 1 0 0 
1 0 0 0 1 0 0 
0 1 0 0 1 0 0 
0 0 1 0 0 1 0 
1 0 0 0 0 1 0 
0 1 0 0 0 1 0 
0 0 0 1 1 0 0 
0 0 0 1 0 1 0 
0 0 0 0 1 1 0 
0 0 0 0 1 0 1 
1 0 0 0 0 0 1 
0 1 0 0 0 0 1 
0 0 1 0 0 0 1 
0 0 0 1 0 0 1 
0 0 0 0 0 1 1 
1 0 0 0 1 0 0 
0 1 0 0 1 0 0 
0 0 1 0 1 0 0 
0 0 0 1 1 0 0 
0 0 0 0 1 1 0 
0 0 0 0 1 0 1 
1 0 0 0 1 0 0 
0 1 0 0 1 0 0 
0 0 1 0 1 0 0 
0 0 0 1 1 0 0 
0 0 0 0 1 1 0 
0 0 0 0 1 0 1 
1 0 0 0 1 0 0 
0 1 0 0 1 0 0 
0 0 1 0 1 0 0 
0 0 0 1 1 0 0 
0 0 0 0 1 1 0 
0 0 0 0 1 0 1 
1 0 0 0 1 0 0 
0 0 1 0 1 0 0 
0 0 0 1 1 0 0 
0 0 0 0 1 1 0 
1 0 0 0 0 0 1 
0 1 0 0 0 0 1 
0 0 1 0 0 0 1 
0 0 0 1 0 0 1 
0 0 0 0 1 0 1 
0 1 0 0 1 0 0 
0 0 0 0 1 0 1 
1 0 0 0 0 1 0 
0 1 0 0 0 1 0 
0 0 1 0 0 1 0 
0 0 0 1 0 1 0 
0 0 0 0 1 1 0 
0 0 0 0 0 1 1 
0 0 0 0 1 1 0 
0 0 0 1 0 1 0 
0 0 0 1 0 0 1 
1 0 0 0 0 1 0 
1 0 0 0 0 0 1 
0 1 0 0 1 0 0 
0 0 0 0 1 0 1 
0 0 1 0 0 1 0 
0 1 0 0 0 1 0 
0 0 0 1 0 1 0 
0 0 0 0 1 1 0 
1 0 1 0 0 0 0 
0 0 0 1 0 1 0 
1 0 0 0 1 0 0 
0 1 0 0 1 0 0 
0 0 1 0 1 0 0 
0 1 0 0 0 0 1 
0 0 1 0 0 0 1 
0 0 0 1 0 0 1 
0 0 0 0 1 0 1 
0 1 0 0 0 1 0 
0 0 0 0 1 1 0 
0 0 0 0 0 1 1 
0 0 0 1 0 0 1 
0 1 0 0 0 1 0 
0 0 0 0 1 1 0 
0 0 0 0 0 1 1 
0 1 1 0 0 0 0 
0 0 1 1 0 0 0 
0 0 1 0 1 0 0 
0 0 1 0 0 1 0 
0 0 1 0 0 0 1 
1 0 1 0 0 0 0 
1 0 0 0 0 0 1 
0 0 1 0 0 1 0 
0 0 1 1 0 0 0 
0 1 1 0 0 0 0 
0 1 0 0 1 0 0 
0 1 0 0 0 1 0 
0 1 0 0 0 0 1 
0 1 0 0 0 1 0 
0 1 0 0 0 0 1 
0 0 1 0 1 0 0 
0 0 0 0 1 1 0 
0 0 0 0 1 0 1 
1 0 0 0 1 0 0 
0 1 0 1 0 0 0 
0 0 1 1 0 0 0 
0 0 0 1 1 0 0 
0 0 0 0 1 1 0 
0 1 0 0 0 0 1 
0 0 1 0 0 0 1 
0 0 0 0 1 0 1 
0 1 0 0 0 1 0 
0 0 1 0 0 1 0 
0 0 0 1 0 1 0 
0 0 0 0 0 1 1 
0 0 0 0 1 1 0 
0 0 0 0 1 0 1 
0 0 1 0 0 1 0 
0 0 1 0 0 0 1 
0 1 0 0 0 1 0 
1 1 0 0 0 0 0 
1 0 1 0 0 0 0 
0 0 1 0 1 0 0 
1 0 0 1 0 0 0 
0 1 0 0 0 1 0 
0 0 1 0 0 1 0 
0 0 0 1 0 1 0 
0 0 0 0 0 1 1 
0 1 0 0 0 1 0 
0 1 0 0 1 0 0 
0 0 1 0 1 0 0 
0 0 0 1 1 0 0 
0 0 0 0 1 1 0 
0 0 0 0 1 0 1 
0 0 0 0 0 1 1 
0 1 0 0 1 0 0 
0 1 0 0 0 1 0 
1 0 0 1 0 0 0 
0 1 0 1 0 0 0 
0 0 1 1 0 0 0 
0 0 0 1 1 0 0 
0 0 0 1 0 1 0 
0 0 0 1 0 0 1 
0 1 0 1 0 0 0 
0 0 1 1 0 0 0 
1 0 0 1 0 0 0 
1 0 0 0 0 1 0 
0 1 0 0 0 1 0 
0 0 1 0 0 1 0 
0 0 0 1 0 1 0 
0 0 0 0 1 1 0 
0 0 0 0 0 1 1 
0 1 0 0 0 1 0 
0 1 0 0 0 0 1 
1 0 0 0 0 1 0 
0 0 1 1 0 0 0 
0 1 0 0 0 0 1 
0 0 0 1 0 0 1 
0 0 0 0 1 0 1 
0 0 0 0 0 1 1 
1 1 0 0 0 0 0 
1 0 0 1 0 0 0 
1 0 0 0 1 0 0 
1 0 0 0 0 1 0 
1 0 0 0 0 0 1 
1 0 1 0 0 0 0 
1 0 0 0 1 0 0 
1 1 0 0 0 0 0 
1 0 0 0 0 1 0 
0 0 0 0 0 1 1 
1 0 1 0 0 0 0 
1 0 0 1 0 0 0 
0 1 0 1 0 0 0 
0 0 1 1 0 0 0 
0 0 0 1 1 0 0 
0 0 0 1 0 1 0 
0 0 0 1 0 0 1 
1 1 0 0 0 0 0 
1 0 0 1 0 0 0 
1 0 0 0 0 1 0 
1 0 0 0 0 0 1 
0 0 0 1 1 0 0 
1 0 1 0 0 0 0 
0 0 1 1 0 0 0 
1 1 0 0 0 0 0 
1 0 0 0 0 1 0 
0 1 0 1 0 0 0 
0 0 0 1 0 1 0 
0 0 0 0 0 1 1 
1 0 1 0 0 0 0 
0 0 1 1 0 0 0 
0 1 0 1 0 0 0 
0 0 0 0 1 0 1 
1 1 0 0 0 0 0 
1 0 0 0 0 1 0 
0 0 1 0 0 1 0 
0 0 0 1 0 1 0 
0 0 0 0 0 1 1 
1 0 0 0 0 1 0 
0 0 0 0 0 1 1 
0 1 0 0 0 1 0 
0 0 0 0 1 1 0 
1 0 0 1 0 0 0 
0 1 0 1 0 0 0 
0 0 1 1 0 0 0 
0 0 0 1 0 1 0 
0 0 0 1 0 0 1 
1 0 0 1 0 0 0 
0 0 0 1 0 0 1 
0 1 0 1 0 0 0 
0 1 0 0 0 1 0 
0 0 1 1 0 0 0 
1 0 0 1 0 0 0 
1 0 0 0 0 1 0 
0 1 0 1 0 0 0 
0 0 0 1 1 0 0 
0 0 0 0 1 1 0 
0 0 0 1 0 0 1 
0 0 0 0 0 1 1 
1 0 0 0 0 1 0 
0 1 1 0 0 0 0 
0 0 0 1 0 1 0 
0 0 0 0 1 1 0 
0 0 0 0 0 1 1 
0 0 0 0 1 1 0 
1 0 0 0 0 1 0 
0 0 0 0 0 1 1 
0 0 0 1 0 1 0 
0 1 1 0 0 0 0 
0 0 0 0 1 1 0 
1 0 0 1 0 0 0 
1 0 0 0 0 1 0 
0 1 1 0 0 0 0 
1 0 0 0 0 0 1 
0 0 0 1 0 0 1 
0 0 0 0 1 0 1 
0 0 0 0 0 1 1 
0 0 0 0 1 0 1 
0 0 0 0 1 1 0 
0 0 1 1 0 0 0 
1 0 0 0 0 0 1 
0 0 1 0 0 0 1 
0 0 0 1 0 0 1 
0 0 0 0 1 0 1 
0 1 0 0 0 0 1 
0 0 0 0 0 1 1 
0 0 0 0 1 0 1 
0 1 1 0 0 0 0 
1 0 0 1 0 0 0 
0 0 0 1 0 1 0 
0 0 0 1 0 0 1 
0 1 1 0 0 0 0 
1 0 0 1 0 0 0 
0 0 0 1 1 0 0 
0 0 0 1 0 0 1 
0 1 1 0 0 0 0 
1 0 0 1 0 0 0 
0 0 0 1 1 0 0 
0 0 0 1 0 1 0 
0 0 0 1 0 0 1 
0 0 1 1 0 0 0 
0 0 0 1 0 1 0 
1 0 0 1 0 0 0 
0 0 1 1 0 0 0 
0 0 0 0 1 0 1 
1 0 0 1 0 0 0 
1 0 0 0 1 0 0 
0 1 0 0 1 0 0 
0 0 1 0 1 0 0 
0 0 0 1 1 0 0 
0 0 0 0 1 1 0 
0 0 0 0 1 0 1 
1 0 0 0 1 0 0 
0 1 0 0 1 0 0 
0 0 1 0 1 0 0 
0 0 0 1 0 0 1 
0 0 0 0 1 0 1 
0 0 0 0 0 1 1 
1 0 0 0 1 0 0 
0 0 1 0 1 0 0 
0 1 0 0 1 0 0 
0 0 0 0 0 1 1 
0 1 0 0 1 0 0 
0 0 0 1 1 0 0 
0 0 0 1 0 0 1 
0 0 1 0 1 0 0 
1 0 0 0 0 1 0 
0 0 0 0 1 1 0 
0 0 0 0 0 1 1 
1 0 0 0 0 1 0 
0 1 0 0 1 0 0 
0 0 0 1 0 1 0 
0 0 1 0 1 0 0 
0 0 0 1 0 0 1 
0 0 0 0 1 1 0 
0 0 0 0 1 0 1 
0 0 0 0 0 1 1 
1 0 0 0 0 1 0 
0 1 0 0 0 0 1 
0 0 0 0 0 1 1 
0 0 0 1 0 1 0 
0 0 0 1 0 0 1 
1 0 0 0 1 0 0 
0 1 0 0 1 0 0 
0 0 1 0 1 0 0 
0 0 0 1 1 0 0 
0 0 0 0 1 1 0 
0 0 0 0 1 0 1 
0 0 0 1 0 1 0 
0 0 0 1 0 0 1 
1 0 0 0 1 0 0 
0 0 0 1 0 1 0 
0 0 0 0 1 1 0 
1 0 0 0 1 0 0 
0 0 1 0 1 0 0 
0 1 0 0 0 1 0 
0 0 0 0 0 1 1 
1 0 0 0 1 0 0 
0 0 1 0 1 0 0 
0 1 0 0 1 0 0 
0 1 0 0 0 1 0 
0 1 0 0 0 0 1 
1 0 0 0 1 0 0 
0 0 1 0 1 0 0 
0 0 0 1 1 0 0 
1 0 0 1 0 0 0 
1 0 0 0 1 0 0 
0 1 0 0 0 1 0 
0 0 0 0 1 1 0 
0 0 0 0 0 1 1 
1 0 0 0 1 0 0 
0 0 1 0 1 0 0 
0 1 0 0 0 1 0 
0 0 0 0 1 1 0 
0 0 0 0 0 1 1 
0 1 0 1 0 0 0 
0 0 0 1 1 0 0 
0 0 0 1 0 1 0 
0 0 0 1 0 0 1 
0 0 1 1 0 0 0 
1 0 0 1 0 0 0 
0 0 0 1 0 1 0 
0 0 0 0 0 1 1 
0 0 1 1 0 0 0 
0 1 0 1 0 0 0 
0 1 0 0 0 1 0 
0 0 0 1 1 0 0 
0 0 1 1 0 0 0 
0 1 0 1 0 0 0 
0 1 0 0 0 1 0 
0 0 0 1 0 0 1 
0 0 1 1 0 0 0 
0 1 0 0 0 1 0 
1 0 0 1 0 0 0 
0 0 0 1 0 0 1 
0 1 0 0 0 1 0 
0 0 1 1 0 0 0 
0 0 1 0 1 0 0 
0 0 1 0 0 1 0 
1 0 0 1 0 0 0 
0 0 1 1 0 0 0 
0 0 1 0 1 0 0 
0 0 1 0 0 1 0 
0 0 0 1 0 0 1 
1 0 0 1 0 0 0 
0 1 0 1 0 0 0 
0 1 0 0 0 1 0 
0 0 1 0 1 0 0 
0 0 1 0 0 1 0 
0 0 0 1 0 0 1 
1 0 0 1 0 0 0 
0 1 0 0 0 1 0 
0 1 1 0 0 0 0 
0 0 1 0 0 1 0 
0 0 1 0 0 1 0 
0 1 0 0 0 1 0 
1 0 1 0 0 0 0 
0 1 0 1 0 0 0 
0 1 0 0 0 0 1 
1 0 1 0 0 0 0 
1 0 1 0 0 0 0 
1 0 1 0 0 0 0 
0 1 0 0 0 1 0 
0 1 0 0 0 1 0 
1 1 1 1 1 1 1 
;
TIMETABLE BEST: 
0.0 0.0 0.0 0.0 0.0 0.0 0.0 
10.0 10.0 0.0 0.0 0.0 0.0 0.0 
10.0 10.0 18.0 18.0 0.0 0.0 0.0 
18.0 10.0 18.0 18.0 0.0 0.0 0.0 
18.0 10.0 18.0 18.0 0.0 0.0 0.0 
18.0 18.0 18.0 18.0 0.0 0.0 0.0 
18.0 18.0 18.0 18.0 0.0 0.0 0.0 
18.0 18.0 19.0 18.0 19.0 0.0 0.0 
19.0 18.0 19.0 18.0 19.0 0.0 0.0 
19.0 19.0 19.0 18.0 19.0 0.0 0.0 
19.0 19.0 19.0 18.0 19.0 19.0 0.0 
19.0 19.0 19.0 18.0 19.0 19.0 0.0 
19.0 19.0 19.0 18.0 19.0 19.0 0.0 
19.0 19.0 19.0 19.0 19.0 19.0 0.0 
19.0 19.0 19.0 19.0 19.0 19.0 0.0 
19.0 19.0 19.0 19.0 19.0 19.0 0.0 
19.0 19.0 19.0 19.0 25.0 19.0 25.0 
25.0 19.0 19.0 19.0 25.0 19.0 25.0 
25.0 25.0 19.0 19.0 25.0 19.0 25.0 
25.0 25.0 25.0 19.0 25.0 19.0 25.0 
25.0 25.0 25.0 25.0 25.0 19.0 25.0 
25.0 25.0 25.0 25.0 25.0 25.0 25.0 
35.0 25.0 25.0 25.0 35.0 25.0 25.0 
35.0 35.0 25.0 25.0 35.0 25.0 25.0 
35.0 35.0 35.0 25.0 35.0 25.0 25.0 
35.0 35.0 35.0 35.0 35.0 25.0 25.0 
35.0 35.0 35.0 35.0 35.0 35.0 25.0 
35.0 35.0 35.0 35.0 35.0 35.0 35.0 
43.0 35.0 35.0 35.0 43.0 35.0 35.0 
43.0 43.0 35.0 35.0 43.0 35.0 35.0 
43.0 43.0 43.0 35.0 43.0 35.0 35.0 
43.0 43.0 43.0 43.0 43.0 35.0 35.0 
43.0 43.0 43.0 43.0 43.0 43.0 35.0 
43.0 43.0 43.0 43.0 43.0 43.0 43.0 
52.0 43.0 43.0 43.0 52.0 43.0 43.0 
52.0 52.0 43.0 43.0 52.0 43.0 43.0 
52.0 52.0 52.0 43.0 52.0 43.0 43.0 
52.0 52.0 52.0 52.0 52.0 43.0 43.0 
52.0 52.0 52.0 52.0 52.0 52.0 43.0 
52.0 52.0 52.0 52.0 52.0 52.0 52.0 
61.0 52.0 52.0 52.0 61.0 52.0 52.0 
61.0 52.0 61.0 52.0 61.0 52.0 52.0 
61.0 52.0 61.0 61.0 61.0 52.0 52.0 
61.0 52.0 61.0 61.0 61.0 61.0 52.0 
65.0 52.0 61.0 61.0 61.0 61.0 65.0 
65.0 65.0 61.0 61.0 61.0 61.0 65.0 
65.0 65.0 65.0 61.0 61.0 61.0 65.0 
65.0 65.0 65.0 65.0 61.0 61.0 65.0 
65.0 65.0 65.0 65.0 65.0 61.0 65.0 
65.0 71.0 65.0 65.0 71.0 61.0 65.0 
65.0 71.0 65.0 65.0 71.0 61.0 71.0 
72.0 71.0 65.0 65.0 71.0 72.0 71.0 
72.0 72.0 65.0 65.0 71.0 72.0 71.0 
72.0 72.0 72.0 65.0 71.0 72.0 71.0 
72.0 72.0 72.0 72.0 71.0 72.0 71.0 
72.0 72.0 72.0 72.0 72.0 72.0 71.0 
72.0 72.0 72.0 72.0 72.0 72.0 72.0 
72.0 72.0 72.0 72.0 78.0 78.0 72.0 
72.0 72.0 72.0 80.0 78.0 80.0 72.0 
72.0 72.0 72.0 80.0 78.0 80.0 80.0 
81.0 72.0 72.0 80.0 78.0 81.0 80.0 
81.0 72.0 72.0 80.0 78.0 81.0 81.0 
81.0 87.0 72.0 80.0 87.0 81.0 81.0 
81.0 87.0 72.0 80.0 87.0 81.0 87.0 
81.0 87.0 89.0 80.0 87.0 89.0 87.0 
81.0 89.0 89.0 80.0 87.0 89.0 87.0 
81.0 89.0 89.0 89.0 87.0 89.0 87.0 
81.0 89.0 89.0 89.0 89.0 89.0 87.0 
91.0 89.0 91.0 89.0 89.0 89.0 87.0 
91.0 89.0 91.0 96.0 89.0 96.0 87.0 
98.0 89.0 91.0 96.0 98.0 96.0 87.0 
98.0 98.0 91.0 96.0 98.0 96.0 87.0 
98.0 98.0 98.0 96.0 98.0 96.0 87.0 
98.0 100.0 98.0 96.0 98.0 96.0 100.0 
98.0 100.0 100.0 96.0 98.0 96.0 100.0 
98.0 100.0 100.0 100.0 98.0 96.0 100.0 
98.0 100.0 100.0 100.0 100.0 96.0 100.0 
98.0 103.0 100.0 100.0 100.0 103.0 100.0 
98.0 103.0 100.0 100.0 103.0 103.0 100.0 
98.0 103.0 100.0 100.0 103.0 103.0 103.0 
98.0 103.0 100.0 107.0 103.0 103.0 107.0 
98.0 109.0 100.0 107.0 103.0 109.0 107.0 
98.0 109.0 100.0 107.0 109.0 109.0 107.0 
98.0 109.0 100.0 107.0 109.0 109.0 109.0 
98.0 114.0 114.0 107.0 109.0 109.0 109.0 
98.0 114.0 114.0 114.0 109.0 109.0 109.0 
98.0 114.0 114.0 114.0 114.0 109.0 109.0 
98.0 114.0 114.0 114.0 114.0 114.0 109.0 
98.0 114.0 114.0 114.0 114.0 114.0 114.0 
116.0 114.0 116.0 114.0 114.0 114.0 114.0 
116.0 114.0 116.0 114.0 114.0 114.0 116.0 
116.0 114.0 120.0 114.0 114.0 120.0 116.0 
116.0 114.0 121.0 121.0 114.0 120.0 116.0 
116.0 122.0 122.0 121.0 114.0 120.0 116.0 
116.0 122.0 122.0 121.0 122.0 120.0 116.0 
116.0 122.0 122.0 121.0 122.0 122.0 116.0 
116.0 122.0 122.0 121.0 122.0 122.0 122.0 
116.0 128.0 122.0 121.0 122.0 128.0 122.0 
116.0 130.0 122.0 121.0 122.0 128.0 130.0 
116.0 130.0 130.0 121.0 130.0 128.0 130.0 
116.0 130.0 130.0 121.0 130.0 130.0 130.0 
116.0 130.0 130.0 121.0 130.0 130.0 130.0 
134.0 130.0 130.0 121.0 134.0 130.0 130.0 
134.0 134.0 130.0 134.0 134.0 130.0 130.0 
134.0 134.0 134.0 134.0 134.0 130.0 130.0 
134.0 134.0 134.0 134.0 134.0 130.0 130.0 
134.0 134.0 134.0 134.0 136.0 136.0 130.0 
134.0 138.0 134.0 134.0 136.0 136.0 138.0 
134.0 138.0 138.0 134.0 136.0 136.0 138.0 
134.0 138.0 138.0 134.0 138.0 136.0 138.0 
134.0 143.0 138.0 134.0 138.0 143.0 138.0 
134.0 143.0 143.0 134.0 138.0 143.0 138.0 
134.0 143.0 143.0 143.0 138.0 143.0 138.0 
134.0 143.0 143.0 143.0 138.0 143.0 143.0 
134.0 143.0 143.0 143.0 146.0 146.0 143.0 
134.0 143.0 143.0 143.0 146.0 146.0 146.0 
134.0 143.0 150.0 143.0 146.0 150.0 146.0 
134.0 143.0 150.0 143.0 146.0 150.0 150.0 
134.0 151.0 150.0 143.0 146.0 151.0 150.0 
153.0 153.0 150.0 143.0 146.0 151.0 150.0 
153.0 153.0 153.0 143.0 146.0 151.0 150.0 
153.0 153.0 154.0 143.0 154.0 151.0 150.0 
157.0 153.0 154.0 157.0 154.0 151.0 150.0 
157.0 159.0 154.0 157.0 154.0 159.0 150.0 
157.0 159.0 159.0 157.0 154.0 159.0 150.0 
157.0 159.0 159.0 159.0 154.0 159.0 150.0 
157.0 159.0 159.0 159.0 154.0 159.0 159.0 
157.0 166.0 159.0 159.0 154.0 166.0 159.0 
157.0 167.0 159.0 159.0 167.0 166.0 159.0 
157.0 167.0 167.0 159.0 167.0 166.0 159.0 
157.0 167.0 167.0 167.0 167.0 166.0 159.0 
157.0 167.0 167.0 167.0 167.0 167.0 159.0 
157.0 167.0 167.0 167.0 171.0 167.0 171.0 
157.0 167.0 167.0 167.0 171.0 171.0 171.0 
157.0 173.0 167.0 167.0 173.0 171.0 171.0 
157.0 173.0 167.0 167.0 173.0 173.0 171.0 
177.0 173.0 167.0 177.0 173.0 173.0 171.0 
177.0 177.0 167.0 177.0 173.0 173.0 171.0 
177.0 177.0 177.0 177.0 173.0 173.0 171.0 
177.0 177.0 177.0 177.0 177.0 173.0 171.0 
177.0 177.0 177.0 177.0 177.0 177.0 171.0 
177.0 177.0 177.0 177.0 177.0 177.0 177.0 
177.0 183.0 177.0 183.0 177.0 177.0 177.0 
177.0 183.0 184.0 184.0 177.0 177.0 177.0 
185.0 183.0 184.0 185.0 177.0 177.0 177.0 
185.0 183.0 184.0 185.0 177.0 185.0 177.0 
185.0 185.0 184.0 185.0 177.0 185.0 177.0 
185.0 185.0 185.0 185.0 177.0 185.0 177.0 
185.0 185.0 185.0 185.0 177.0 185.0 177.0 
185.0 185.0 185.0 185.0 185.0 185.0 177.0 
185.0 185.0 185.0 185.0 185.0 185.0 185.0 
185.0 191.0 185.0 185.0 185.0 191.0 185.0 
185.0 192.0 185.0 185.0 185.0 191.0 192.0 
197.0 192.0 185.0 185.0 185.0 197.0 192.0 
197.0 192.0 198.0 198.0 185.0 197.0 192.0 
197.0 199.0 198.0 198.0 185.0 197.0 199.0 
197.0 199.0 198.0 199.0 185.0 197.0 199.0 
197.0 199.0 198.0 199.0 199.0 197.0 199.0 
197.0 199.0 198.0 199.0 199.0 199.0 199.0 
206.0 206.0 198.0 199.0 199.0 199.0 199.0 
206.0 206.0 198.0 206.0 199.0 199.0 199.0 
206.0 206.0 198.0 206.0 206.0 199.0 199.0 
206.0 206.0 198.0 206.0 206.0 206.0 199.0 
206.0 206.0 198.0 206.0 206.0 206.0 206.0 
211.0 206.0 211.0 206.0 206.0 206.0 206.0 
212.0 206.0 211.0 206.0 212.0 206.0 206.0 
214.0 214.0 211.0 206.0 212.0 206.0 206.0 
214.0 214.0 211.0 206.0 212.0 214.0 206.0 
214.0 214.0 211.0 206.0 212.0 214.0 214.0 
218.0 214.0 218.0 206.0 212.0 214.0 214.0 
220.0 214.0 218.0 220.0 212.0 214.0 214.0 
220.0 220.0 218.0 220.0 212.0 214.0 214.0 
220.0 220.0 220.0 220.0 212.0 214.0 214.0 
220.0 220.0 220.0 220.0 220.0 214.0 214.0 
220.0 220.0 220.0 220.0 220.0 220.0 214.0 
220.0 220.0 220.0 220.0 220.0 220.0 220.0 
226.0 226.0 220.0 220.0 220.0 220.0 220.0 
226.0 226.0 220.0 226.0 220.0 220.0 220.0 
226.0 226.0 220.0 226.0 220.0 226.0 220.0 
226.0 226.0 220.0 226.0 220.0 226.0 226.0 
226.0 226.0 220.0 226.0 226.0 226.0 226.0 
227.0 226.0 227.0 226.0 226.0 226.0 226.0 
227.0 226.0 227.0 227.0 226.0 226.0 226.0 
234.0 234.0 227.0 227.0 226.0 226.0 226.0 
234.0 234.0 227.0 227.0 226.0 234.0 226.0 
234.0 234.0 227.0 234.0 226.0 234.0 226.0 
234.0 234.0 227.0 234.0 226.0 234.0 226.0 
234.0 234.0 227.0 234.0 226.0 234.0 234.0 
237.0 234.0 237.0 234.0 226.0 234.0 234.0 
237.0 234.0 237.0 237.0 226.0 234.0 234.0 
237.0 242.0 237.0 242.0 226.0 234.0 234.0 
237.0 242.0 237.0 242.0 242.0 234.0 242.0 
243.0 243.0 237.0 242.0 242.0 234.0 242.0 
243.0 243.0 237.0 242.0 242.0 243.0 242.0 
243.0 243.0 243.0 242.0 242.0 243.0 242.0 
243.0 243.0 243.0 243.0 242.0 243.0 242.0 
243.0 243.0 243.0 243.0 242.0 243.0 243.0 
249.0 243.0 243.0 243.0 242.0 249.0 243.0 
249.0 243.0 243.0 243.0 242.0 250.0 250.0 
249.0 251.0 243.0 243.0 242.0 251.0 250.0 
249.0 251.0 243.0 243.0 251.0 251.0 250.0 
253.0 251.0 243.0 253.0 251.0 251.0 250.0 
253.0 253.0 243.0 253.0 251.0 251.0 250.0 
253.0 253.0 253.0 253.0 251.0 251.0 250.0 
253.0 253.0 253.0 253.0 251.0 253.0 250.0 
253.0 253.0 253.0 253.0 251.0 253.0 253.0 
259.0 253.0 253.0 259.0 251.0 253.0 253.0 
259.0 253.0 253.0 260.0 251.0 253.0 260.0 
259.0 261.0 253.0 261.0 251.0 253.0 260.0 
259.0 261.0 253.0 261.0 251.0 261.0 260.0 
259.0 261.0 267.0 267.0 251.0 261.0 260.0 
268.0 261.0 267.0 268.0 251.0 261.0 260.0 
268.0 261.0 267.0 268.0 251.0 268.0 260.0 
268.0 268.0 267.0 268.0 251.0 268.0 260.0 
268.0 268.0 267.0 268.0 268.0 268.0 260.0 
268.0 268.0 267.0 268.0 268.0 268.0 260.0 
268.0 268.0 267.0 272.0 268.0 268.0 272.0 
268.0 268.0 267.0 272.0 268.0 272.0 272.0 
282.0 268.0 267.0 272.0 268.0 282.0 272.0 
282.0 282.0 282.0 272.0 268.0 282.0 272.0 
282.0 282.0 282.0 282.0 268.0 282.0 272.0 
282.0 282.0 282.0 282.0 282.0 282.0 272.0 
282.0 282.0 282.0 282.0 282.0 282.0 282.0 
282.0 282.0 282.0 282.0 289.0 289.0 282.0 
290.0 282.0 282.0 282.0 289.0 290.0 282.0 
290.0 282.0 282.0 282.0 289.0 291.0 291.0 
290.0 282.0 282.0 293.0 289.0 293.0 291.0 
290.0 296.0 296.0 293.0 289.0 293.0 291.0 
290.0 296.0 296.0 293.0 297.0 297.0 291.0 
299.0 296.0 296.0 299.0 297.0 297.0 291.0 
299.0 296.0 296.0 299.0 297.0 299.0 291.0 
299.0 303.0 303.0 299.0 297.0 299.0 291.0 
310.0 303.0 303.0 299.0 297.0 299.0 310.0 
310.0 303.0 303.0 310.0 297.0 299.0 310.0 
310.0 303.0 303.0 310.0 310.0 299.0 310.0 
310.0 303.0 303.0 310.0 310.0 310.0 310.0 
310.0 303.0 303.0 310.0 319.0 310.0 319.0 
310.0 303.0 303.0 310.0 327.0 327.0 319.0 
310.0 303.0 331.0 331.0 327.0 327.0 319.0 
333.0 303.0 331.0 331.0 327.0 327.0 333.0 
333.0 303.0 333.0 331.0 327.0 327.0 333.0 
333.0 303.0 333.0 333.0 327.0 327.0 333.0 
333.0 303.0 333.0 333.0 333.0 327.0 333.0 
333.0 336.0 333.0 333.0 333.0 327.0 336.0 
333.0 336.0 333.0 333.0 333.0 339.0 339.0 
333.0 336.0 333.0 333.0 341.0 339.0 341.0 
333.0 352.0 352.0 333.0 341.0 339.0 341.0 
353.0 352.0 352.0 353.0 341.0 339.0 341.0 
353.0 352.0 352.0 353.0 341.0 353.0 341.0 
353.0 352.0 352.0 353.0 341.0 353.0 353.0 
353.0 360.0 360.0 353.0 341.0 353.0 353.0 
365.0 360.0 360.0 365.0 341.0 353.0 353.0 
365.0 360.0 360.0 365.0 365.0 353.0 353.0 
365.0 360.0 360.0 365.0 365.0 353.0 365.0 
365.0 369.0 369.0 365.0 365.0 353.0 365.0 
371.0 369.0 369.0 371.0 365.0 353.0 365.0 
371.0 369.0 369.0 371.0 371.0 353.0 365.0 
371.0 369.0 369.0 371.0 371.0 371.0 365.0 
371.0 369.0 369.0 379.0 371.0 371.0 379.0 
371.0 369.0 385.0 385.0 371.0 371.0 379.0 
371.0 369.0 385.0 385.0 371.0 385.0 379.0 
386.0 369.0 385.0 386.0 371.0 385.0 379.0 
386.0 369.0 392.0 392.0 371.0 385.0 379.0 
386.0 369.0 392.0 392.0 393.0 385.0 393.0 
394.0 369.0 392.0 394.0 393.0 385.0 393.0 
406.0 369.0 392.0 394.0 406.0 385.0 393.0 
406.0 406.0 392.0 394.0 406.0 385.0 393.0 
406.0 406.0 406.0 394.0 406.0 385.0 393.0 
406.0 406.0 406.0 406.0 406.0 385.0 393.0 
406.0 406.0 406.0 406.0 406.0 406.0 393.0 
406.0 406.0 406.0 406.0 406.0 406.0 406.0 
412.0 406.0 406.0 406.0 412.0 406.0 406.0 
412.0 414.0 406.0 406.0 414.0 406.0 406.0 
412.0 414.0 414.0 406.0 414.0 406.0 406.0 
412.0 414.0 414.0 419.0 414.0 406.0 419.0 
412.0 414.0 414.0 419.0 419.0 406.0 419.0 
412.0 414.0 414.0 419.0 419.0 419.0 419.0 
421.0 414.0 414.0 419.0 421.0 419.0 419.0 
421.0 414.0 422.0 419.0 422.0 419.0 419.0 
421.0 423.0 422.0 419.0 423.0 419.0 419.0 
421.0 423.0 422.0 419.0 423.0 425.0 425.0 
421.0 429.0 422.0 419.0 429.0 425.0 425.0 
421.0 429.0 422.0 433.0 433.0 425.0 425.0 
421.0 429.0 422.0 433.0 433.0 425.0 433.0 
421.0 429.0 439.0 433.0 439.0 425.0 433.0 
441.0 429.0 439.0 433.0 439.0 441.0 433.0 
441.0 429.0 439.0 433.0 441.0 441.0 433.0 
441.0 429.0 439.0 433.0 441.0 441.0 441.0 
447.0 429.0 439.0 433.0 441.0 447.0 441.0 
447.0 447.0 439.0 433.0 447.0 447.0 441.0 
447.0 447.0 439.0 447.0 447.0 447.0 441.0 
447.0 447.0 449.0 447.0 449.0 447.0 441.0 
447.0 447.0 449.0 454.0 449.0 447.0 454.0 
447.0 447.0 449.0 454.0 454.0 454.0 454.0 
447.0 447.0 449.0 454.0 454.0 454.0 454.0 
447.0 447.0 449.0 454.0 454.0 454.0 454.0 
461.0 447.0 449.0 454.0 454.0 461.0 454.0 
461.0 461.0 449.0 454.0 454.0 461.0 461.0 
461.0 461.0 449.0 454.0 454.0 461.0 461.0 
461.0 461.0 449.0 466.0 454.0 466.0 461.0 
461.0 461.0 449.0 466.0 454.0 466.0 466.0 
468.0 461.0 449.0 466.0 468.0 466.0 466.0 
468.0 468.0 449.0 466.0 468.0 466.0 466.0 
468.0 468.0 468.0 466.0 468.0 466.0 466.0 
468.0 468.0 468.0 468.0 468.0 466.0 466.0 
468.0 468.0 468.0 468.0 468.0 468.0 466.0 
468.0 468.0 468.0 468.0 468.0 468.0 468.0 
468.0 468.0 468.0 474.0 468.0 474.0 468.0 
468.0 468.0 468.0 474.0 468.0 474.0 474.0 
477.0 468.0 468.0 474.0 477.0 474.0 474.0 
477.0 468.0 468.0 481.0 477.0 481.0 474.0 
477.0 468.0 468.0 481.0 481.0 481.0 474.0 
483.0 468.0 468.0 481.0 483.0 481.0 474.0 
483.0 468.0 483.0 481.0 483.0 481.0 474.0 
483.0 484.0 483.0 481.0 483.0 484.0 474.0 
483.0 484.0 483.0 481.0 483.0 484.0 484.0 
490.0 484.0 483.0 481.0 490.0 484.0 484.0 
490.0 484.0 491.0 481.0 491.0 484.0 484.0 
490.0 497.0 491.0 481.0 497.0 484.0 484.0 
490.0 497.0 491.0 481.0 497.0 497.0 484.0 
490.0 497.0 491.0 481.0 497.0 497.0 497.0 
498.0 497.0 491.0 481.0 498.0 497.0 497.0 
498.0 497.0 499.0 481.0 499.0 497.0 497.0 
498.0 497.0 499.0 500.0 500.0 497.0 497.0 
508.0 497.0 499.0 508.0 500.0 497.0 497.0 
508.0 497.0 499.0 508.0 508.0 497.0 497.0 
508.0 511.0 499.0 508.0 508.0 511.0 497.0 
508.0 511.0 499.0 508.0 511.0 511.0 497.0 
508.0 511.0 499.0 508.0 511.0 511.0 511.0 
519.0 511.0 499.0 508.0 519.0 511.0 511.0 
519.0 511.0 519.0 508.0 519.0 511.0 511.0 
519.0 521.0 519.0 508.0 519.0 521.0 511.0 
519.0 521.0 519.0 508.0 521.0 521.0 511.0 
519.0 521.0 519.0 508.0 521.0 521.0 521.0 
519.0 522.0 519.0 522.0 521.0 521.0 521.0 
519.0 522.0 519.0 522.0 522.0 521.0 521.0 
519.0 522.0 519.0 522.0 522.0 522.0 521.0 
519.0 522.0 519.0 522.0 522.0 522.0 522.0 
519.0 522.0 527.0 527.0 522.0 522.0 522.0 
530.0 522.0 527.0 530.0 522.0 522.0 522.0 
530.0 522.0 527.0 531.0 522.0 531.0 522.0 
530.0 522.0 527.0 531.0 522.0 531.0 531.0 
530.0 522.0 534.0 534.0 522.0 531.0 531.0 
530.0 535.0 534.0 535.0 522.0 531.0 531.0 
530.0 535.0 534.0 535.0 522.0 535.0 531.0 
530.0 535.0 534.0 536.0 536.0 535.0 531.0 
530.0 535.0 540.0 540.0 536.0 535.0 531.0 
530.0 542.0 540.0 542.0 536.0 535.0 531.0 
530.0 542.0 540.0 542.0 536.0 542.0 531.0 
530.0 542.0 540.0 547.0 536.0 542.0 547.0 
530.0 542.0 549.0 549.0 536.0 542.0 547.0 
530.0 551.0 549.0 549.0 536.0 551.0 547.0 
552.0 551.0 549.0 552.0 536.0 551.0 547.0 
552.0 551.0 549.0 553.0 536.0 551.0 553.0 
552.0 558.0 549.0 553.0 536.0 558.0 553.0 
552.0 558.0 558.0 558.0 536.0 558.0 553.0 
552.0 558.0 558.0 558.0 558.0 558.0 553.0 
552.0 558.0 558.0 558.0 558.0 558.0 553.0 
560.0 558.0 558.0 560.0 558.0 558.0 553.0 
560.0 558.0 566.0 566.0 558.0 558.0 553.0 
560.0 558.0 566.0 566.0 566.0 558.0 553.0 
560.0 558.0 566.0 566.0 566.0 566.0 553.0 
560.0 558.0 566.0 567.0 566.0 566.0 567.0 
568.0 558.0 566.0 568.0 566.0 566.0 567.0 
568.0 571.0 566.0 571.0 566.0 566.0 567.0 
568.0 571.0 566.0 571.0 566.0 571.0 567.0 
568.0 571.0 576.0 571.0 576.0 571.0 567.0 
568.0 571.0 576.0 571.0 576.0 576.0 567.0 
568.0 571.0 576.0 581.0 576.0 576.0 581.0 
583.0 571.0 576.0 583.0 576.0 576.0 581.0 
583.0 585.0 576.0 583.0 576.0 585.0 581.0 
583.0 594.0 594.0 583.0 576.0 585.0 581.0 
583.0 594.0 594.0 583.0 576.0 594.0 581.0 
583.0 594.0 603.0 583.0 576.0 603.0 581.0 
583.0 612.0 603.0 583.0 576.0 612.0 581.0 
620.0 612.0 620.0 583.0 576.0 612.0 581.0 
620.0 622.0 620.0 622.0 576.0 612.0 581.0 
620.0 622.0 620.0 622.0 576.0 612.0 622.0 
629.0 622.0 629.0 622.0 576.0 612.0 622.0 
637.0 622.0 637.0 622.0 576.0 612.0 622.0 
647.0 622.0 647.0 622.0 576.0 612.0 622.0 
647.0 651.0 647.0 622.0 576.0 651.0 622.0 
647.0 662.0 647.0 622.0 576.0 662.0 622.0 
666.0 689.0 674.0 681.0 674.0 681.0 682.0 
;
EXECUTION TIME HBSS: 6797.59566188 seconds 

-------------------------------------------------------------------
