DATFILE : offices1_10r_250.dat
ENVIRONMENT : office
ALGORITHM : HBSS - TAU 5
RANGE : 250
STARTING_POS : 42
N_ROBOTS : 10
GREEDY SOLUTION : 495.0
COMPUTATIONS T :
545.0
502.0
523.0
500.0
561.0
542.0
572.0
567.0
526.0
588.0
559.0
568.0
558.0
550.0
538.0
552.0
569.0
494.0
561.0
539.0
522.0
503.0
521.0
526.0
559.0
558.0
557.0
566.0
519.0
569.0
610.0
547.0
568.0
513.0
571.0
550.0
557.0
569.0
567.0
545.0
552.0
567.0
523.0
560.0
571.0
520.0
545.0
559.0
579.0
530.0
549.0
543.0
557.0
524.0
544.0
524.0
545.0
544.0
541.0
555.0
565.0
538.0
534.0
547.0
524.0
561.0
502.0
542.0
518.0
554.0
526.0
557.0
572.0
534.0
556.0
552.0
542.0
568.0
596.0
564.0
564.0
537.0
562.0
556.0
512.0
498.0
523.0
568.0
543.0
514.0
543.0
500.0
557.0
496.0
569.0
570.0
546.0
549.0
565.0
568.0
546.0
511.0
569.0
559.0
552.0
550.0
542.0
506.0
563.0
567.0
543.0
572.0
577.0
530.0
591.0
545.0
555.0
516.0
537.0
582.0
559.0
550.0
525.0
562.0
567.0
564.0
568.0
535.0
558.0
534.0
510.0
551.0
563.0
569.0
493.0
519.0
542.0
515.0
542.0
553.0
511.0
567.0
557.0
584.0
553.0
562.0
570.0
522.0
557.0
557.0
547.0
589.0
505.0
554.0
557.0
539.0
573.0
553.0
546.0
539.0
533.0
587.0
552.0
498.0
518.0
555.0
557.0
561.0
555.0
556.0
528.0
550.0
509.0
520.0
575.0
545.0
533.0
571.0
559.0
537.0
563.0
552.0
553.0
549.0
506.0
576.0
562.0
579.0
537.0
546.0
549.0
558.0
563.0
559.0
512.0
552.0
512.0
564.0
548.0
568.0
;
HBBS bestT : 493.0
BEST_CONFIGURATIONS : 
42 42 42 42 42 42 42 42 42 42 
41 42 42 42 42 42 42 42 42 42 
41 42 5 24 42 42 42 42 42 42 
41 42 5 24 42 42 42 42 42 42 
41 42 5 24 42 42 42 42 42 42 
41 42 5 24 42 42 42 42 42 42 
41 42 5 24 42 42 42 42 42 42 
41 42 5 24 36 42 42 42 42 42 
41 42 5 24 36 42 42 42 42 42 
41 42 5 24 36 42 42 42 42 42 
41 42 5 24 36 40 42 42 42 42 
41 42 5 24 36 40 42 42 42 42 
41 42 5 24 36 40 42 42 42 42 
41 42 5 24 36 40 42 42 42 42 
41 42 5 24 36 40 42 42 42 42 
41 42 5 24 36 40 42 42 42 42 
41 42 5 24 36 40 4 42 42 42 
41 42 5 24 36 40 4 42 42 42 
41 42 5 24 36 40 4 42 42 42 
41 42 5 24 36 40 4 42 42 42 
41 42 5 24 36 40 4 42 42 42 
41 42 5 24 36 40 4 42 42 42 
41 42 5 24 36 40 4 18 42 42 
41 42 5 24 36 40 4 18 42 42 
41 42 5 24 36 40 4 18 42 42 
41 42 5 24 36 40 4 18 35 42 
41 42 5 24 36 40 4 18 35 42 
41 42 5 24 36 40 4 18 35 42 
41 42 5 24 36 40 4 18 35 42 
41 42 5 24 36 40 4 18 35 42 
41 42 5 24 36 40 4 18 35 42 
41 42 5 24 36 40 4 18 35 42 
41 42 5 24 36 40 4 18 35 42 
41 42 5 24 36 40 4 18 35 39 
41 42 5 24 36 40 4 18 35 39 
41 42 5 24 36 40 4 18 35 39 
41 42 5 24 36 40 4 18 35 39 
41 42 5 24 36 40 4 18 35 39 
41 42 5 24 36 40 4 18 35 39 
41 42 5 24 36 40 4 18 35 39 
41 42 5 24 36 40 4 18 34 39 
41 42 5 24 36 40 4 18 34 39 
41 42 5 24 36 40 4 18 34 39 
41 42 5 4 36 40 4 18 34 39 
41 42 5 4 36 40 4 18 34 26 
41 42 5 4 36 40 4 18 34 26 
41 42 5 4 36 40 4 18 34 26 
41 42 5 4 36 40 4 18 34 26 
41 42 5 4 36 40 24 18 34 26 
41 42 5 4 36 40 24 18 34 26 
41 42 5 4 36 40 24 18 34 26 
41 42 5 4 36 40 24 18 34 26 
41 42 5 4 36 40 24 18 34 27 
41 42 5 4 36 40 24 18 34 27 
41 42 5 4 35 40 24 18 34 27 
41 42 5 4 35 40 24 18 34 27 
36 42 5 4 35 40 3 18 34 27 
36 41 5 4 35 40 3 18 34 27 
36 41 5 4 35 40 3 18 34 27 
36 41 5 4 35 40 3 18 34 27 
36 41 5 4 35 40 3 18 34 27 
36 41 5 4 35 40 3 18 34 27 
36 41 5 4 35 40 3 18 34 27 
36 41 5 4 35 40 3 18 34 27 
36 41 5 4 35 40 3 20 34 27 
36 41 5 4 35 40 3 20 34 32 
36 41 5 4 35 40 3 20 34 32 
36 41 5 4 35 40 3 20 34 32 
36 41 5 4 35 40 3 20 34 32 
36 41 5 4 35 40 3 20 34 32 
36 41 5 4 35 40 3 20 34 32 
36 41 5 4 35 40 3 20 34 32 
36 41 5 4 35 40 3 20 34 32 
36 41 24 4 35 40 3 20 34 32 
36 41 24 4 35 40 3 20 34 32 
36 42 24 4 35 40 3 20 34 32 
41 42 24 4 35 40 3 20 33 32 
41 42 4 4 35 40 3 20 33 32 
41 42 4 4 34 40 3 20 33 32 
41 42 4 24 34 40 3 20 33 32 
41 42 4 24 34 40 3 20 33 32 
41 42 4 24 34 40 3 20 33 32 
41 42 4 24 34 40 3 20 33 27 
41 42 4 24 34 40 3 21 33 27 
41 42 4 24 34 40 3 21 33 27 
41 42 4 5 34 40 3 21 33 27 
41 42 4 5 35 40 3 21 33 27 
36 42 4 5 35 40 3 21 33 27 
36 42 4 5 35 40 3 21 33 32 
36 42 4 5 35 40 3 21 33 32 
36 42 4 5 35 39 3 21 33 32 
36 42 4 5 35 39 3 21 33 32 
36 42 4 5 35 39 3 21 33 32 
36 42 4 5 34 39 3 21 33 32 
36 42 4 5 34 39 3 21 33 27 
35 42 23 5 34 39 3 21 33 27 
35 5 23 5 34 39 3 21 33 27 
35 5 23 24 34 39 3 21 33 27 
35 5 23 24 34 39 3 21 33 27 
35 5 23 24 34 39 3 21 33 27 
35 5 23 24 34 39 3 21 33 27 
35 5 23 24 34 39 3 21 33 27 
35 5 23 24 34 39 3 21 33 27 
35 5 23 24 34 39 3 21 33 32 
35 5 23 4 34 39 3 21 33 32 
35 5 23 4 34 26 3 21 33 32 
35 5 23 4 34 26 3 21 33 32 
35 5 23 4 34 26 3 21 33 32 
35 5 23 4 34 26 3 21 33 32 
35 5 23 4 34 26 3 21 33 32 
35 5 23 4 32 26 3 21 33 27 
35 5 23 4 32 26 3 21 33 27 
35 5 23 4 32 26 3 22 33 27 
35 5 2 4 32 26 3 22 33 27 
35 4 2 4 32 26 3 22 33 27 
35 4 2 24 32 26 3 22 33 27 
35 4 2 24 32 26 3 22 33 27 
35 4 2 24 32 26 3 22 33 27 
35 4 2 24 32 26 3 22 33 27 
35 4 2 24 32 26 3 22 33 27 
35 4 2 24 32 26 3 22 33 27 
35 4 2 24 32 26 3 22 33 31 
35 4 2 24 27 26 3 22 33 31 
35 4 2 24 27 26 3 22 33 31 
35 4 2 24 27 26 3 22 33 31 
35 4 2 24 27 26 3 22 33 31 
35 4 2 24 27 26 3 22 33 31 
34 4 2 24 27 26 3 22 33 31 
34 4 2 24 27 26 3 22 33 31 
34 4 2 5 27 26 3 22 33 31 
34 4 2 5 32 26 3 22 33 31 
34 4 2 5 32 38 3 22 33 31 
34 3 2 5 32 38 3 22 33 31 
34 3 2 5 32 38 3 22 33 31 
34 3 2 5 32 38 3 22 33 31 
34 3 2 5 32 38 3 22 33 31 
34 3 2 5 32 38 3 22 33 31 
34 3 2 5 32 38 23 22 33 31 
34 3 2 5 32 38 23 15 33 31 
34 3 2 5 32 38 23 15 33 31 
34 3 2 5 32 38 23 15 33 31 
34 3 2 5 32 38 23 15 33 31 
34 3 2 5 32 38 23 15 33 31 
34 3 2 5 32 38 23 15 33 31 
34 3 2 5 27 38 23 15 33 31 
34 3 2 5 27 38 23 15 33 31 
33 3 2 5 27 38 23 15 33 30 
33 23 2 5 27 38 23 15 33 30 
33 23 2 5 27 38 23 15 33 30 
33 23 2 5 27 38 23 15 33 30 
33 23 2 5 27 38 26 15 33 30 
33 23 2 5 27 38 26 15 33 30 
33 23 2 5 27 38 26 15 33 30 
33 23 2 5 27 38 26 15 33 30 
33 23 2 5 27 38 26 15 33 30 
33 23 2 40 27 38 26 15 33 30 
33 23 2 40 27 38 26 15 33 30 
33 23 2 40 27 38 26 15 32 30 
33 23 2 40 31 38 26 15 32 30 
33 2 2 40 31 38 39 15 32 30 
33 2 2 40 31 38 39 15 32 30 
33 2 2 40 31 26 39 15 32 30 
33 2 2 40 31 26 39 15 32 30 
33 2 2 40 31 26 39 15 32 30 
27 2 1 40 31 26 39 15 32 30 
27 2 1 40 31 26 39 15 32 29 
27 23 1 40 31 26 39 15 32 29 
27 23 1 40 31 26 39 15 32 29 
27 23 1 39 31 26 39 15 32 29 
27 23 1 39 30 26 39 15 32 29 
27 23 1 39 30 26 39 15 32 29 
27 23 1 39 30 26 39 15 31 29 
27 23 1 39 30 26 39 15 31 29 
27 23 1 39 30 26 39 15 31 29 
27 23 1 39 30 26 39 15 31 29 
27 23 1 39 30 26 39 15 31 29 
27 23 1 39 30 26 39 15 31 29 
27 23 1 39 30 26 39 15 31 29 
27 23 1 39 30 26 38 15 31 29 
27 23 1 39 30 26 38 15 31 29 
27 23 1 39 30 26 38 15 31 29 
32 23 1 39 30 26 38 15 31 29 
32 23 1 39 30 26 38 15 31 29 
32 2 1 39 30 26 38 15 31 29 
27 2 1 39 28 26 38 15 31 29 
27 2 1 39 28 26 37 15 31 29 
27 2 1 39 28 26 37 15 31 29 
27 2 1 39 28 26 37 15 31 29 
27 2 1 39 28 26 37 15 31 29 
27 2 1 26 28 26 37 15 31 29 
27 2 1 26 28 26 37 15 31 29 
27 2 1 26 28 23 37 15 31 29 
27 2 1 26 28 23 37 15 31 29 
27 2 1 26 28 23 37 15 31 29 
27 2 1 26 28 23 37 15 29 29 
27 2 1 26 28 23 37 15 29 29 
27 2 1 26 28 23 37 15 29 29 
27 2 1 26 28 23 37 15 29 29 
27 2 1 26 28 23 37 15 29 30 
27 2 1 26 28 23 37 15 29 30 
32 2 1 26 28 23 37 15 29 30 
32 2 1 26 28 23 37 15 29 30 
32 2 1 38 28 23 37 15 29 30 
32 2 1 38 28 23 37 15 29 30 
32 2 1 38 28 23 37 15 29 31 
32 2 1 38 28 23 37 15 29 31 
32 2 1 38 28 39 37 15 29 31 
32 2 1 38 28 39 37 22 29 31 
27 2 0 38 28 39 37 22 29 31 
27 2 0 38 28 39 37 22 29 31 
27 2 0 38 28 39 37 22 29 31 
27 2 0 38 28 39 37 22 29 31 
27 2 0 38 28 39 37 22 29 31 
27 2 0 38 28 39 37 22 29 31 
27 2 0 38 28 39 37 22 29 31 
27 2 0 38 28 39 37 22 29 31 
32 2 0 38 28 39 37 22 29 31 
32 2 0 38 28 39 43 22 29 31 
32 2 0 38 28 39 43 22 29 31 
32 2 0 38 28 39 43 22 29 31 
32 2 0 38 28 39 43 22 29 31 
32 2 0 38 28 39 43 22 29 31 
32 23 0 38 28 39 43 22 29 31 
32 23 0 38 28 39 43 22 29 31 
32 23 0 38 28 26 43 22 29 31 
32 23 0 38 28 26 43 22 29 31 
32 23 0 38 28 26 43 15 29 31 
32 23 0 38 28 26 43 15 30 31 
32 23 0 38 28 26 43 15 30 31 
33 23 0 38 29 26 43 15 30 31 
33 23 0 37 29 26 43 15 30 31 
33 1 0 37 29 26 43 15 30 31 
33 1 0 37 29 26 43 15 30 31 
33 1 0 37 29 26 43 15 30 31 
33 1 0 37 30 26 43 22 30 31 
33 1 25 37 30 26 43 22 30 31 
33 1 25 37 30 26 43 22 30 31 
33 1 25 37 30 26 43 22 30 31 
33 1 25 37 30 2 43 22 30 31 
33 1 25 37 30 2 43 22 30 31 
33 1 25 37 30 2 43 22 27 31 
33 1 25 37 30 2 43 22 27 26 
33 1 25 37 30 23 43 22 27 26 
33 1 25 37 30 23 43 22 31 26 
33 1 25 37 29 23 43 22 31 26 
33 1 25 37 29 23 43 22 31 38 
27 1 25 37 29 23 43 16 31 38 
27 0 25 37 29 23 43 16 31 38 
27 0 25 37 29 23 28 16 31 38 
27 0 25 37 29 23 28 16 31 38 
27 0 25 37 29 23 28 16 31 38 
27 0 25 37 29 23 28 16 31 38 
27 0 25 37 29 3 28 16 31 38 
27 0 25 37 30 3 28 16 31 38 
31 0 25 19 30 3 28 16 31 38 
31 0 25 19 30 3 17 16 31 38 
31 0 25 19 30 3 17 16 31 38 
31 0 25 19 30 3 17 16 31 38 
31 0 25 19 30 3 17 16 31 38 
31 0 25 19 30 3 17 16 31 38 
31 0 25 19 30 3 17 16 31 37 
31 0 25 19 30 3 17 16 31 37 
31 0 25 19 30 3 17 16 31 37 
31 0 25 19 30 3 17 16 27 37 
31 0 25 19 30 3 17 16 27 37 
31 0 25 19 30 3 17 16 27 43 
31 0 25 19 30 3 17 16 27 43 
31 0 25 19 30 3 17 16 26 43 
31 0 25 19 29 3 17 16 26 43 
31 0 25 19 29 3 17 16 26 43 
31 1 25 19 29 3 17 16 26 43 
31 1 25 19 29 3 17 6 26 43 
31 1 25 19 29 3 17 6 26 43 
31 1 25 19 29 3 17 6 38 43 
28 1 25 19 29 3 17 6 38 43 
28 1 25 19 29 3 17 6 38 43 
28 1 25 19 29 24 17 6 38 43 
28 1 25 19 29 24 17 22 38 43 
28 1 25 19 17 24 17 22 38 43 
28 1 25 19 17 4 17 22 38 43 
17 1 25 19 17 4 17 7 38 43 
17 1 19 19 17 4 17 7 38 43 
17 1 19 19 17 4 17 22 38 16 
17 1 19 16 17 4 17 7 38 16 
17 1 19 16 17 4 6 7 38 16 
17 1 16 16 17 4 6 7 38 16 
17 1 16 16 17 4 6 22 38 16 
17 1 16 16 22 4 6 22 38 7 
6 1 16 16 22 4 6 10 38 7 
6 33 16 16 22 4 6 10 18 7 
6 33 16 16 22 4 6 10 18 7 
6 33 16 7 22 4 6 10 18 7 
6 33 16 7 22 4 6 10 18 7 
6 33 16 7 22 4 6 10 18 15 
6 33 16 7 22 4 6 10 18 15 
6 33 16 7 22 4 6 10 18 15 
6 33 16 7 22 4 6 10 18 15 
6 33 16 7 22 4 10 10 18 15 
6 33 16 7 22 4 10 11 18 15 
6 33 16 7 22 4 10 11 18 15 
6 33 16 7 22 4 10 11 18 15 
6 33 16 7 22 4 10 11 18 15 
6 33 16 7 22 4 10 11 18 15 
6 33 16 7 22 4 10 11 18 15 
6 33 16 7 22 18 10 11 20 15 
6 33 16 7 22 18 10 11 20 15 
6 33 16 7 22 18 10 11 20 15 
6 33 16 7 22 18 10 11 20 14 
6 26 16 7 22 18 10 11 20 14 
6 26 19 7 15 18 10 11 20 14 
6 26 19 7 15 18 10 11 20 14 
6 26 19 7 15 18 10 11 20 14 
6 26 19 7 15 18 10 11 20 14 
6 26 19 7 15 18 10 11 20 14 
6 26 19 7 15 18 10 11 20 14 
6 26 19 22 15 18 10 11 20 14 
6 27 19 22 15 18 10 11 20 14 
6 27 19 22 15 18 10 11 9 14 
6 27 19 22 15 18 10 11 9 14 
6 27 19 22 15 18 10 11 9 14 
6 27 17 22 15 18 10 11 9 14 
6 27 17 22 15 18 10 11 9 14 
6 27 17 22 15 18 21 11 9 14 
6 32 17 22 15 18 21 11 9 14 
6 32 17 7 15 18 21 11 9 14 
6 32 17 7 15 18 21 11 9 14 
6 32 17 7 15 18 21 11 9 14 
6 32 17 7 15 18 21 11 9 14 
6 32 17 7 15 18 21 11 9 14 
6 32 17 22 15 18 21 11 9 14 
6 33 17 22 15 18 21 11 9 14 
6 33 17 22 15 18 21 11 20 14 
16 33 17 22 13 18 21 11 20 14 
16 33 17 22 13 18 21 11 20 14 
16 33 17 22 13 18 21 11 20 14 
16 33 17 22 13 18 21 11 20 14 
16 33 17 22 13 18 21 11 20 14 
16 33 17 22 13 36 21 11 20 14 
16 33 17 22 13 36 21 11 20 14 
16 33 17 22 13 36 21 10 20 14 
16 33 17 22 13 36 21 10 20 14 
16 33 17 22 13 36 21 10 20 14 
16 33 17 22 13 36 21 10 20 14 
16 33 17 7 13 36 8 10 20 14 
16 33 17 7 13 36 8 10 20 14 
16 33 17 7 13 36 8 10 20 14 
16 33 17 7 13 36 8 10 20 14 
16 33 17 7 13 36 8 10 20 14 
16 32 17 7 13 36 8 10 20 14 
16 32 17 7 13 35 8 10 20 14 
16 32 17 7 13 35 8 10 20 14 
16 32 17 22 13 35 8 10 20 14 
16 27 17 22 13 35 8 10 20 14 
16 27 29 22 13 35 8 10 20 14 
16 27 29 22 13 35 8 10 20 14 
16 27 29 22 13 35 8 10 9 14 
16 27 29 22 13 34 8 10 9 14 
16 27 29 22 13 34 8 10 9 14 
16 27 29 22 13 34 8 11 9 14 
16 27 29 22 13 34 8 11 9 14 
16 26 29 22 13 34 8 11 9 14 
16 26 30 22 13 34 8 11 9 14 
16 26 30 22 13 34 8 11 9 14 
16 26 30 15 13 34 8 11 9 14 
16 26 30 15 13 34 8 11 9 14 
16 23 30 15 13 34 8 11 9 14 
16 23 30 15 13 34 8 21 9 14 
16 23 31 15 13 34 8 21 9 14 
16 23 31 15 13 34 8 21 9 14 
10 23 31 15 13 34 8 21 12 14 
10 23 31 15 13 34 8 21 12 14 
10 23 31 15 13 34 8 21 12 14 
10 23 31 15 13 34 8 21 12 14 
10 23 31 15 13 34 8 21 12 14 
10 39 31 13 13 34 8 21 12 14 
10 39 31 13 13 34 8 21 12 14 
10 39 31 13 13 34 8 11 12 14 
10 39 31 13 13 18 8 11 12 14 
10 40 31 13 13 18 8 11 12 14 
10 40 38 13 13 18 8 11 12 14 
10 40 38 13 13 18 12 11 20 14 
12 40 38 13 13 18 12 11 9 14 
12 40 38 13 13 20 12 11 9 14 
42 42 42 42 42 42 42 42 42 42 
;
ROBOT MOVING BEST:
0 0 0 0 0 0 0 0 0 0 
1 1 0 0 0 0 0 0 0 0 
0 0 1 1 0 0 0 0 0 0 
1 0 1 0 0 0 0 0 0 0 
1 0 0 1 0 0 0 0 0 0 
0 1 1 0 0 0 0 0 0 0 
0 1 0 1 0 0 0 0 0 0 
0 0 1 0 1 0 0 0 0 0 
1 0 0 0 1 0 0 0 0 0 
0 1 0 0 1 0 0 0 0 0 
0 0 1 0 0 1 0 0 0 0 
1 0 0 0 0 1 0 0 0 0 
0 1 0 0 0 1 0 0 0 0 
0 0 0 1 1 0 0 0 0 0 
0 0 0 1 0 1 0 0 0 0 
0 0 0 0 1 1 0 0 0 0 
0 0 0 0 1 0 1 0 0 0 
1 0 0 0 0 0 1 0 0 0 
0 1 0 0 0 0 1 0 0 0 
0 0 1 0 0 0 1 0 0 0 
0 0 0 1 0 0 1 0 0 0 
0 0 0 0 0 1 1 0 0 0 
0 0 0 0 0 1 0 1 0 0 
1 0 0 0 0 0 0 1 0 0 
0 0 0 0 1 0 0 1 0 0 
0 0 1 0 0 0 0 0 1 0 
1 0 0 0 0 0 0 0 1 0 
0 1 0 0 0 0 0 0 1 0 
0 0 0 1 0 0 0 0 1 0 
0 0 0 0 1 0 0 0 1 0 
0 0 0 0 0 1 0 0 1 0 
0 0 0 0 0 0 1 0 1 0 
0 0 0 0 0 0 0 1 1 0 
0 0 1 0 0 0 0 0 0 1 
1 0 0 0 0 0 0 0 0 1 
0 0 0 1 0 0 0 0 0 1 
0 0 0 0 1 0 0 0 0 1 
0 0 0 0 0 1 0 0 0 1 
0 0 0 0 0 0 1 0 0 1 
0 0 0 0 0 0 0 0 1 1 
1 0 0 0 0 0 0 0 1 0 
0 1 0 0 0 0 0 0 1 0 
0 0 1 0 0 0 0 0 1 0 
0 0 0 1 0 0 0 0 1 0 
0 0 0 1 0 0 0 0 0 1 
0 0 0 0 1 0 0 0 1 0 
0 0 0 0 0 1 0 0 1 0 
0 0 0 0 0 1 0 0 0 1 
0 0 0 0 0 0 1 0 1 0 
0 0 0 0 0 0 1 0 0 1 
0 0 0 0 0 0 0 1 1 0 
0 0 0 0 0 0 0 0 1 1 
0 0 0 0 0 1 0 0 0 1 
0 0 0 0 0 0 0 0 1 1 
0 0 0 0 1 0 0 0 0 1 
0 0 0 0 1 0 0 0 1 0 
1 0 0 0 0 0 1 0 0 0 
0 1 0 0 0 0 1 0 0 0 
0 0 1 0 0 0 1 0 0 0 
0 0 0 1 0 0 1 0 0 0 
0 0 0 0 1 0 1 0 0 0 
0 0 0 0 0 1 1 0 0 0 
0 0 0 0 0 0 1 0 1 0 
0 0 0 0 0 0 1 0 0 1 
1 0 0 0 0 0 0 1 0 0 
1 0 0 0 0 0 0 0 0 1 
0 0 0 1 0 0 0 0 0 1 
0 0 0 0 1 0 0 1 0 0 
0 0 0 0 1 0 0 0 0 1 
0 0 0 0 0 1 0 0 0 1 
0 0 0 0 0 0 1 0 0 1 
0 0 0 0 0 0 0 1 1 0 
0 0 0 0 0 0 0 0 1 1 
0 0 1 0 0 0 1 0 0 0 
0 0 1 0 0 0 0 0 0 1 
0 1 0 0 0 0 1 0 0 0 
1 0 0 0 0 0 0 0 1 0 
0 0 1 0 0 0 0 0 1 0 
0 0 0 0 1 0 0 0 1 0 
0 0 0 1 0 0 0 0 1 0 
0 0 0 0 0 1 0 0 1 0 
0 0 0 0 0 0 1 0 1 0 
0 0 0 0 0 0 0 0 1 1 
0 0 0 0 0 0 0 1 1 0 
0 0 0 0 0 0 0 1 0 1 
0 0 0 1 0 0 0 0 1 0 
0 0 0 0 1 0 0 0 1 0 
1 0 0 0 0 0 0 0 1 0 
0 0 0 0 0 0 0 1 0 1 
0 0 0 0 0 0 0 0 1 1 
0 0 0 0 0 1 1 0 0 0 
0 0 0 0 0 1 0 0 1 0 
0 0 0 0 0 1 0 0 0 1 
0 0 0 0 1 1 0 0 0 0 
0 0 0 0 0 1 0 0 0 1 
1 0 1 0 0 0 0 0 0 0 
0 1 1 0 0 0 0 0 0 0 
0 0 1 1 0 0 0 0 0 0 
0 0 1 0 1 0 0 0 0 0 
0 0 1 0 0 1 0 0 0 0 
0 0 1 0 0 0 1 0 0 0 
0 0 1 0 0 0 0 0 0 1 
0 0 1 0 0 0 0 0 1 0 
0 0 1 0 0 0 0 0 0 1 
0 0 1 1 0 0 0 0 0 0 
1 0 0 0 0 1 0 0 0 0 
0 0 1 0 0 1 0 0 0 0 
0 0 0 0 0 1 1 0 0 0 
0 0 0 0 0 1 0 0 1 0 
0 0 0 0 0 1 0 0 0 1 
0 0 0 0 1 0 0 0 0 1 
0 0 0 0 0 1 0 0 0 1 
0 0 0 0 0 0 0 1 0 1 
1 0 1 0 0 0 0 0 0 0 
0 1 1 0 0 0 0 0 0 0 
0 0 1 1 0 0 0 0 0 0 
0 0 1 0 0 0 0 0 0 1 
0 0 1 0 1 0 0 0 0 0 
0 0 1 0 0 1 0 0 0 0 
0 0 1 0 0 0 1 0 0 0 
0 0 1 0 0 0 0 0 1 0 
0 0 1 0 0 0 0 0 0 1 
0 0 0 0 1 0 0 0 0 1 
0 0 0 0 0 1 0 0 0 1 
0 0 0 0 0 0 1 0 0 1 
0 0 0 0 0 0 0 1 0 1 
0 0 0 0 0 0 0 0 1 1 
1 0 1 0 0 0 0 0 0 0 
1 0 0 0 0 0 0 0 0 1 
0 0 1 1 0 0 0 0 0 0 
0 0 0 0 1 0 0 0 0 1 
1 0 0 0 0 1 0 0 0 0 
0 1 0 0 0 1 0 0 0 0 
0 0 1 0 0 1 0 0 0 0 
0 0 0 0 1 1 0 0 0 0 
0 0 0 0 0 1 0 0 1 0 
0 0 0 0 0 1 0 0 0 1 
0 0 1 0 0 0 1 0 0 0 
0 0 0 0 1 0 0 1 0 0 
0 0 0 0 0 1 1 0 0 0 
0 0 0 0 0 1 0 1 0 0 
0 0 0 0 0 0 1 0 0 1 
0 0 0 0 0 0 0 1 1 0 
0 0 0 0 0 0 0 1 0 1 
0 0 0 0 1 1 0 0 0 0 
0 0 0 0 1 0 0 1 0 0 
1 0 0 0 0 0 0 0 0 1 
0 1 0 0 0 0 0 0 0 1 
0 0 1 0 0 0 0 0 0 1 
0 0 0 0 1 0 0 0 0 1 
0 0 0 0 0 1 1 0 0 0 
0 0 0 0 0 1 0 0 0 1 
0 0 0 0 0 0 1 1 0 0 
0 0 0 0 0 0 1 0 0 1 
0 0 0 0 0 0 0 1 0 1 
0 1 0 1 0 0 0 0 0 0 
0 0 1 1 0 0 0 0 0 0 
0 0 0 0 0 0 0 0 1 1 
0 0 0 0 1 0 0 0 0 1 
0 1 0 0 0 0 1 0 0 0 
0 0 0 0 1 0 1 0 0 0 
0 0 0 0 0 1 1 0 0 0 
0 0 0 0 0 0 1 1 0 0 
0 0 0 0 0 0 1 0 0 1 
1 0 1 0 0 0 0 0 0 0 
1 0 0 0 0 0 0 0 0 1 
0 1 1 0 0 0 0 0 0 0 
0 1 0 0 0 0 0 0 0 1 
0 0 1 1 0 0 0 0 0 0 
0 0 1 0 1 0 0 0 0 0 
0 0 1 0 0 1 0 0 0 0 
0 0 1 0 0 0 0 0 1 0 
0 0 1 0 0 0 0 0 0 1 
0 0 0 1 0 0 0 0 0 1 
0 0 0 0 1 0 0 0 0 1 
0 0 0 0 0 1 0 0 0 1 
0 0 0 0 0 0 0 1 0 1 
0 0 0 0 0 0 0 0 1 1 
0 0 1 0 0 0 1 0 0 0 
0 0 0 1 0 0 1 0 0 0 
0 0 0 0 0 0 1 0 0 1 
1 0 1 0 0 0 0 0 0 0 
1 0 0 0 0 0 0 0 0 1 
0 1 1 0 0 0 0 0 0 0 
1 0 0 0 1 0 0 0 0 0 
0 1 0 0 0 0 1 0 0 0 
1 0 0 0 0 0 1 0 0 0 
0 0 1 0 1 0 0 0 0 0 
0 0 1 0 0 0 1 0 0 0 
0 0 0 1 1 0 0 0 0 0 
0 0 0 1 0 0 1 0 0 0 
0 0 0 0 1 1 0 0 0 0 
0 0 0 0 1 0 1 0 0 0 
0 0 0 0 1 0 0 1 0 0 
0 0 0 0 1 0 0 0 1 0 
0 0 0 0 0 1 1 0 0 0 
0 0 0 0 0 0 1 1 0 0 
0 0 0 0 0 0 1 0 1 0 
0 0 0 0 1 0 0 0 0 1 
0 0 0 0 0 0 1 0 0 1 
1 0 0 0 1 0 0 0 0 0 
1 0 0 0 0 0 1 0 0 0 
0 0 0 1 1 0 0 0 0 0 
0 0 0 1 0 0 1 0 0 0 
0 0 0 0 1 0 0 0 0 1 
0 0 0 0 0 0 1 0 0 1 
0 0 0 0 0 1 1 0 0 0 
0 0 0 0 0 0 0 1 1 0 
1 0 1 0 0 0 0 0 0 0 
0 1 1 0 0 0 0 0 0 0 
0 0 1 1 0 0 0 0 0 0 
0 0 1 0 1 0 0 0 0 0 
0 0 1 0 0 1 0 0 0 0 
0 0 1 0 0 0 1 0 0 0 
0 0 1 0 0 0 0 0 1 0 
0 0 1 0 0 0 0 0 0 1 
1 0 1 0 0 0 0 0 0 0 
0 0 1 0 0 0 1 0 0 0 
0 0 0 1 0 0 1 0 0 0 
0 0 0 0 1 0 1 0 0 0 
0 0 0 0 0 0 1 0 1 0 
0 0 0 0 0 0 1 0 0 1 
0 1 1 0 0 0 0 0 0 0 
0 1 0 0 0 0 1 0 0 0 
0 0 1 0 0 1 0 0 0 0 
0 0 0 0 0 1 1 0 0 0 
0 0 0 0 0 0 1 1 0 0 
0 0 1 0 0 0 0 0 1 0 
0 0 0 0 0 0 1 0 1 0 
1 0 0 0 1 0 0 0 0 0 
0 0 0 1 0 0 1 0 0 0 
1 1 0 0 0 0 0 0 0 0 
0 1 1 0 0 0 0 0 0 0 
0 1 0 0 0 0 1 0 0 0 
0 0 0 0 1 0 0 1 0 0 
0 1 1 0 0 0 0 0 0 0 
0 0 1 1 0 0 0 0 0 0 
0 0 1 0 1 0 0 0 0 0 
0 0 1 0 0 1 0 0 0 0 
0 0 1 0 0 0 1 0 0 0 
0 0 1 0 0 0 0 0 1 0 
0 0 1 0 0 0 0 0 0 1 
0 0 1 0 0 1 0 0 0 0 
0 0 1 0 0 0 0 0 1 0 
0 0 1 0 1 0 0 0 0 0 
0 0 1 0 0 0 0 0 0 1 
1 0 0 0 0 0 0 1 0 0 
0 1 1 0 0 0 0 0 0 0 
0 0 1 0 0 0 1 0 0 0 
0 0 0 0 1 0 0 1 0 0 
0 0 0 0 0 0 1 1 0 0 
0 0 0 0 0 0 0 1 1 0 
0 1 0 0 0 1 0 0 0 0 
0 0 0 0 1 0 0 1 0 0 
1 0 0 1 0 0 0 0 0 0 
1 0 0 0 0 0 1 0 0 0 
0 0 1 0 0 0 1 0 0 0 
0 0 0 1 1 0 0 0 0 0 
0 0 0 1 0 0 1 0 0 0 
0 0 0 1 0 0 0 1 0 0 
0 0 0 1 0 0 0 0 0 1 
0 0 0 0 1 0 1 0 0 0 
0 0 0 0 0 0 1 1 0 0 
0 0 0 0 0 0 1 0 1 0 
0 0 0 0 0 0 1 0 0 1 
0 0 0 1 0 0 0 0 0 1 
0 0 0 0 0 0 1 0 0 1 
0 0 0 0 0 0 1 0 1 0 
0 0 0 1 1 0 0 0 0 0 
0 0 0 0 1 0 1 0 0 0 
0 1 0 0 0 1 0 0 0 0 
0 0 0 1 0 0 0 1 0 0 
0 0 0 0 0 0 1 1 0 0 
0 0 0 0 0 0 1 0 1 0 
1 0 0 1 0 0 0 0 0 0 
1 0 0 0 0 0 1 0 0 0 
0 1 0 0 0 1 0 0 0 0 
0 0 0 1 0 0 0 1 0 0 
0 0 0 0 1 0 0 1 0 0 
0 1 0 0 0 1 0 0 0 0 
1 0 0 0 0 0 0 1 0 0 
0 0 1 0 0 0 0 1 0 0 
0 0 0 0 0 0 0 1 0 1 
0 0 0 1 0 0 0 1 0 0 
0 0 0 0 0 0 1 1 0 0 
0 0 1 0 0 0 1 0 0 0 
0 0 0 0 0 0 1 1 0 0 
0 0 0 0 1 0 0 0 0 1 
1 0 0 0 0 0 0 1 0 0 
0 1 0 0 0 0 0 0 1 0 
0 0 1 0 0 0 0 1 0 0 
0 0 0 1 0 0 0 1 0 0 
0 0 0 0 1 0 0 1 0 0 
1 0 0 0 0 0 0 0 0 1 
0 0 1 0 0 0 0 0 0 1 
0 0 0 1 0 0 0 0 0 1 
0 0 0 0 1 0 0 0 0 1 
0 0 0 0 0 0 1 0 0 1 
1 0 0 0 0 0 0 1 0 0 
0 0 1 0 0 0 0 1 0 0 
0 0 0 1 0 0 0 1 0 0 
0 0 0 0 1 0 0 1 0 0 
0 0 0 0 0 0 1 1 0 0 
0 0 0 0 0 0 0 1 0 1 
0 0 0 0 0 1 0 0 1 0 
0 0 0 0 0 0 1 0 1 0 
0 0 0 0 0 0 0 1 1 0 
1 0 0 0 0 0 0 0 0 1 
0 1 0 0 0 0 0 0 0 1 
0 0 1 0 1 0 0 0 0 0 
0 0 0 1 0 0 0 0 0 1 
0 0 0 0 1 0 0 0 0 1 
0 0 0 0 0 0 0 0 1 1 
0 0 0 0 0 0 1 0 0 1 
0 0 0 0 0 0 0 1 0 1 
0 0 0 1 0 0 0 0 0 1 
0 1 0 0 0 0 0 0 0 1 
0 0 0 0 0 1 0 0 1 0 
0 0 0 0 0 0 0 1 1 0 
0 0 0 0 0 0 0 0 1 1 
0 0 1 0 1 0 0 0 0 0 
0 0 1 0 0 0 0 0 0 1 
1 0 0 0 0 0 1 0 0 0 
0 1 0 0 0 0 0 0 0 1 
0 0 0 1 0 0 1 0 0 0 
0 0 0 0 1 0 1 0 0 0 
0 0 0 0 0 0 1 1 0 0 
0 0 0 0 0 0 1 0 1 0 
0 0 0 0 0 0 1 0 0 1 
0 0 0 1 0 0 1 0 0 0 
0 1 0 0 0 0 0 0 0 1 
0 0 0 0 0 0 1 0 1 0 
1 0 0 0 1 0 0 0 0 0 
1 0 0 0 0 0 0 0 0 1 
0 1 0 0 1 0 0 0 0 0 
0 0 1 0 1 0 0 0 0 0 
0 0 0 1 1 0 0 0 0 0 
0 0 0 0 1 1 0 0 0 0 
0 0 0 0 1 0 1 0 0 0 
0 0 0 0 1 0 0 1 0 0 
0 0 0 0 1 0 0 0 0 1 
0 0 0 0 1 0 0 0 1 0 
0 0 0 0 0 0 1 1 0 0 
0 0 0 1 0 0 1 0 0 0 
0 0 0 0 1 0 1 0 0 0 
0 0 0 0 0 0 1 1 0 0 
0 0 0 0 0 0 1 0 1 0 
0 0 0 0 0 0 1 0 0 1 
0 1 0 0 1 0 0 0 0 0 
0 0 0 0 1 1 0 0 0 0 
0 0 0 0 0 1 0 0 0 1 
0 0 0 1 0 0 1 0 0 0 
0 1 0 0 1 0 0 0 0 0 
0 0 1 0 1 0 0 0 0 0 
0 0 1 0 0 0 0 0 0 1 
0 0 0 0 0 0 1 0 1 0 
0 0 0 0 1 1 0 0 0 0 
0 0 0 0 0 1 0 0 0 1 
0 0 0 0 1 0 0 1 0 0 
0 0 0 0 0 0 1 1 0 0 
0 1 0 0 1 0 0 0 0 0 
0 0 1 0 1 0 0 0 0 0 
0 0 1 0 0 0 0 0 0 1 
0 0 0 1 1 0 0 0 0 0 
0 0 0 1 0 0 1 0 0 0 
0 1 0 0 1 0 0 0 0 0 
0 0 0 0 0 0 1 1 0 0 
0 0 1 0 1 0 0 0 0 0 
0 0 1 0 0 0 0 0 0 1 
1 0 0 0 0 0 0 0 1 0 
0 0 0 0 1 0 0 0 1 0 
0 0 0 0 0 0 1 0 1 0 
0 0 0 0 0 0 0 1 1 0 
0 0 0 0 0 0 0 0 1 1 
0 1 0 1 0 0 0 0 0 0 
0 1 0 0 0 0 0 0 0 1 
0 0 0 0 0 0 0 1 1 0 
0 0 0 0 0 1 0 0 1 0 
0 1 0 1 0 0 0 0 0 0 
0 0 1 1 0 0 0 0 0 0 
0 0 0 0 0 0 1 0 1 0 
1 0 0 0 0 0 0 0 1 0 
0 0 0 0 0 1 0 0 1 0 
1 1 1 1 1 1 1 1 1 1 
;
TIMETABLE BEST: 
0.0 0.0 0.0 0.0 0.0 0.0 0.0 0.0 0.0 0.0 
10 10 0 0 0 0 0 0 0 0 
10 10 18 18 0 0 0 0 0 0 
18 10 18 18 0 0 0 0 0 0 
18 10 18 18 0 0 0 0 0 0 
18 18 18 18 0 0 0 0 0 0 
18 18 18 18 0 0 0 0 0 0 
18 18 19 18 19 0 0 0 0 0 
19 18 19 18 19 0 0 0 0 0 
19 19 19 18 19 0 0 0 0 0 
19 19 19 18 19 19 0 0 0 0 
19 19 19 18 19 19 0 0 0 0 
19 19 19 18 19 19 0 0 0 0 
19 19 19 19 19 19 0 0 0 0 
19 19 19 19 19 19 0 0 0 0 
19 19 19 19 19 19 0 0 0 0 
19 19 19 19 25 19 25 0 0 0 
25 19 19 19 25 19 25 0 0 0 
25 25 19 19 25 19 25 0 0 0 
25 25 25 19 25 19 25 0 0 0 
25 25 25 25 25 19 25 0 0 0 
25 25 25 25 25 25 25 0 0 0 
25 25 25 25 25 27 25 27 0 0 
27 25 25 25 25 27 25 27 0 0 
27 25 25 25 27 27 25 27 0 0 
27 25 29 25 27 27 25 27 29 0 
29 25 29 25 27 27 25 27 29 0 
29 29 29 25 27 27 25 27 29 0 
29 29 29 29 27 27 25 27 29 0 
29 29 29 29 29 27 25 27 29 0 
29 29 29 29 29 29 25 27 29 0 
29 29 29 29 29 29 29 27 29 0 
29 29 29 29 29 29 29 29 29 0 
29 29 30 29 29 29 29 29 29 30 
30 29 30 29 29 29 29 29 29 30 
30 29 30 30 29 29 29 29 29 30 
30 29 30 30 30 29 29 29 29 30 
30 29 30 30 30 30 29 29 29 30 
30 29 30 30 30 30 30 29 29 30 
30 29 30 30 30 30 30 29 30 30 
38 29 30 30 30 30 30 29 38 30 
38 38 30 30 30 30 30 29 38 30 
38 38 38 30 30 30 30 29 38 30 
38 38 38 38 30 30 30 29 38 30 
38 38 38 38 30 30 30 29 38 38 
38 38 38 38 38 30 30 29 38 38 
38 38 38 38 38 38 30 29 38 38 
38 38 38 38 38 38 30 29 38 38 
38 38 38 38 38 38 38 29 38 38 
38 38 38 38 38 38 38 29 38 38 
38 38 38 38 38 38 38 38 38 38 
38 38 38 38 38 38 38 38 38 38 
38 38 38 38 38 45 38 38 38 45 
38 38 38 38 38 45 38 38 45 45 
38 38 38 38 48 45 38 38 45 48 
38 38 38 38 48 45 38 38 48 48 
51 38 38 38 48 45 51 38 48 48 
51 51 38 38 48 45 51 38 48 48 
51 51 51 38 48 45 51 38 48 48 
51 51 51 51 48 45 51 38 48 48 
51 51 51 51 51 45 51 38 48 48 
51 51 51 51 51 51 51 38 48 48 
51 51 51 51 51 51 51 38 51 48 
51 51 51 51 51 51 51 38 51 51 
57 51 51 51 51 51 51 57 51 51 
57 51 51 51 51 51 51 57 51 57 
57 51 51 57 51 51 51 57 51 57 
57 51 51 57 57 51 51 57 51 57 
57 51 51 57 57 51 51 57 51 57 
57 51 51 57 57 57 51 57 51 57 
57 51 51 57 57 57 57 57 51 57 
57 51 51 57 57 57 57 57 57 57 
57 51 51 57 57 57 57 57 57 57 
57 51 59 57 57 57 59 57 57 57 
57 51 59 57 57 57 59 57 57 59 
57 61 59 57 57 57 61 57 57 59 
66 61 59 57 57 57 61 57 66 59 
66 61 66 57 57 57 61 57 66 59 
66 61 66 57 66 57 61 57 66 59 
66 61 66 66 66 57 61 57 66 59 
66 61 66 66 66 66 61 57 66 59 
66 61 66 66 66 66 66 57 66 59 
66 61 66 66 66 66 66 57 66 66 
66 61 66 66 66 66 66 70 70 66 
66 61 66 66 66 66 66 70 70 70 
66 61 66 74 66 66 66 70 74 70 
66 61 66 74 74 66 66 70 74 70 
75 61 66 74 74 66 66 70 75 70 
75 61 66 74 74 66 66 76 75 76 
75 61 66 74 74 66 66 76 76 76 
75 61 66 74 74 77 77 76 76 76 
75 61 66 74 74 77 77 76 77 76 
75 61 66 74 74 77 77 76 77 77 
75 61 66 74 82 82 77 76 77 77 
75 61 66 74 82 83 77 76 77 83 
85 61 85 74 82 83 77 76 77 83 
85 85 85 74 82 83 77 76 77 83 
85 85 85 85 82 83 77 76 77 83 
85 85 85 85 85 83 77 76 77 83 
85 85 85 85 85 85 77 76 77 83 
85 85 85 85 85 85 85 76 77 83 
85 85 85 85 85 85 85 76 77 85 
85 85 85 85 85 85 85 76 85 85 
85 85 91 85 85 85 85 76 85 91 
85 85 92 92 85 85 85 76 85 91 
93 85 92 92 85 93 85 76 85 91 
93 85 93 92 85 93 85 76 85 91 
93 85 93 92 85 93 93 76 85 91 
93 85 93 92 85 93 93 76 93 91 
93 85 93 92 85 93 93 76 93 93 
93 85 93 92 99 93 93 76 93 99 
93 85 93 92 99 99 93 76 93 99 
93 85 93 92 99 99 93 99 93 99 
100 85 100 92 99 99 93 99 93 99 
100 100 100 92 99 99 93 99 93 99 
100 100 100 100 99 99 93 99 93 99 
100 100 100 100 99 99 93 99 93 100 
100 100 100 100 100 99 93 99 93 100 
100 100 100 100 100 100 93 99 93 100 
100 100 100 100 100 100 100 99 93 100 
100 100 100 100 100 100 100 99 100 100 
100 100 107 100 100 100 100 99 100 107 
100 100 107 100 107 100 100 99 100 107 
100 100 107 100 107 107 100 99 100 107 
100 100 107 100 107 107 107 99 100 107 
100 100 107 100 107 107 107 107 100 107 
100 100 107 100 107 107 107 107 107 107 
108 100 108 100 107 107 107 107 107 107 
108 100 108 100 107 107 107 107 107 108 
108 100 108 108 107 107 107 107 107 108 
108 100 108 108 113 107 107 107 107 113 
115 100 108 108 113 115 107 107 107 113 
115 115 108 108 113 115 107 107 107 113 
115 115 115 108 113 115 107 107 107 113 
115 115 115 108 115 115 107 107 107 113 
115 115 115 108 115 115 107 107 115 113 
115 115 115 108 115 115 107 107 115 115 
115 115 120 108 115 115 120 107 115 115 
115 115 120 108 120 115 120 120 115 115 
115 115 120 108 120 120 120 120 115 115 
115 115 120 108 120 120 120 120 115 115 
115 115 120 108 120 120 120 120 115 120 
115 115 120 108 120 120 120 120 120 120 
115 115 120 108 120 120 120 120 120 120 
115 115 120 108 126 126 120 120 120 120 
115 115 120 108 126 126 120 126 120 120 
128 115 120 108 126 126 120 126 120 128 
128 128 120 108 126 126 120 126 120 128 
128 128 128 108 126 126 120 126 120 128 
128 128 128 108 128 126 120 126 120 128 
128 128 128 108 128 128 128 126 120 128 
128 128 128 108 128 128 128 126 120 128 
128 128 128 108 128 128 128 128 120 128 
128 128 128 108 128 128 128 128 120 128 
128 128 128 108 128 128 128 128 120 128 
128 129 128 129 128 128 128 128 120 128 
128 129 129 129 128 128 128 128 120 128 
128 129 129 129 128 128 128 128 129 129 
128 129 129 129 135 128 128 128 129 135 
128 136 129 129 135 128 136 128 129 135 
128 136 129 129 136 128 136 128 129 135 
128 136 129 129 136 136 136 128 129 135 
128 136 129 129 136 136 136 136 129 135 
128 136 129 129 136 136 136 136 129 136 
144 136 144 129 136 136 136 136 129 136 
144 136 144 129 136 136 136 136 129 144 
144 144 144 129 136 136 136 136 129 144 
144 144 144 129 136 136 136 136 129 144 
144 144 144 144 136 136 136 136 129 144 
144 144 144 144 144 136 136 136 129 144 
144 144 144 144 144 144 136 136 129 144 
144 144 144 144 144 144 136 136 144 144 
144 144 144 144 144 144 136 136 144 144 
144 144 144 144 144 144 136 136 144 144 
144 144 144 144 144 144 136 136 144 144 
144 144 144 144 144 144 136 136 144 144 
144 144 144 144 144 144 136 144 144 144 
144 144 144 144 144 144 136 144 144 144 
144 144 148 144 144 144 148 144 144 144 
144 144 148 148 144 144 148 144 144 144 
144 144 148 148 144 144 148 144 144 148 
150 144 150 148 144 144 148 144 144 148 
150 144 150 148 144 144 148 144 144 150 
150 151 151 148 144 144 148 144 144 150 
157 151 151 148 157 144 148 144 144 150 
157 157 151 148 157 144 157 144 144 150 
157 157 151 148 157 144 157 144 144 150 
157 157 157 148 157 144 157 144 144 150 
157 157 157 148 157 144 157 144 144 150 
157 157 157 157 157 144 157 144 144 150 
157 157 157 157 157 144 157 144 144 150 
157 157 157 157 157 157 157 144 144 150 
157 157 157 157 157 157 157 144 144 150 
157 157 157 157 157 157 157 157 144 150 
157 157 157 157 157 157 157 157 157 150 
157 157 157 157 157 157 157 157 157 150 
157 157 157 157 157 157 157 157 157 150 
157 157 157 157 157 157 157 157 157 150 
157 157 157 157 158 157 157 157 157 158 
157 157 157 157 158 157 158 157 157 158 
163 157 157 157 163 157 158 157 157 158 
163 157 157 157 163 157 163 157 157 158 
163 157 157 165 165 157 163 157 157 158 
163 157 157 165 165 157 165 157 157 158 
163 157 157 165 166 157 165 157 157 166 
163 157 157 165 166 157 166 157 157 166 
163 157 157 165 166 167 167 157 157 166 
163 157 157 165 166 167 167 170 170 166 
171 157 171 165 166 167 167 170 170 166 
171 171 171 165 166 167 167 170 170 166 
171 171 171 171 166 167 167 170 170 166 
171 171 171 171 171 167 167 170 170 166 
171 171 171 171 171 171 167 170 170 166 
171 171 171 171 171 171 171 170 170 166 
171 171 171 171 171 171 171 170 171 166 
171 171 171 171 171 171 171 170 171 171 
177 171 177 171 171 171 171 170 171 171 
177 171 177 171 171 171 177 170 171 171 
177 171 177 177 171 171 177 170 171 171 
177 171 177 177 177 171 177 170 171 171 
177 171 177 177 177 171 177 170 177 171 
177 171 177 177 177 171 177 170 177 177 
177 178 178 177 177 171 177 170 177 177 
177 178 178 177 177 171 178 170 177 177 
177 178 179 177 177 179 178 170 177 177 
177 178 179 177 177 179 179 170 177 177 
177 178 179 177 177 179 183 183 177 177 
177 178 185 177 177 179 183 183 185 177 
177 178 185 177 177 179 185 183 185 177 
186 178 185 177 186 179 185 183 185 177 
186 178 185 186 186 179 186 183 185 177 
188 188 185 186 186 179 186 183 185 177 
188 188 188 186 186 179 186 183 185 177 
188 188 188 186 186 179 188 183 185 177 
188 188 188 186 196 179 188 196 185 177 
188 198 198 186 196 179 188 196 185 177 
188 198 198 198 196 179 188 196 185 177 
188 198 198 198 198 179 188 196 185 177 
188 198 198 198 198 198 188 196 185 177 
188 198 198 198 198 198 198 196 185 177 
188 198 198 198 198 198 198 196 198 177 
188 198 198 198 198 198 198 196 198 198 
188 198 205 198 198 205 198 196 198 198 
188 198 205 198 198 205 198 196 205 198 
188 198 206 198 206 205 198 196 205 198 
188 198 206 198 206 205 198 196 205 206 
212 198 206 198 206 205 198 212 205 206 
212 212 212 198 206 205 198 212 205 206 
212 212 212 198 206 205 212 212 205 206 
212 212 212 198 212 205 212 212 205 206 
212 212 212 198 212 205 212 212 205 206 
212 212 212 198 212 205 212 212 212 206 
212 218 212 198 212 218 212 212 212 206 
212 218 212 198 220 218 212 220 212 206 
222 218 212 222 220 218 212 220 212 206 
222 218 212 222 220 218 222 220 212 206 
222 218 222 222 220 218 222 220 212 206 
222 218 222 222 222 218 222 220 212 206 
222 218 222 222 222 218 222 220 212 206 
222 218 222 222 222 218 222 222 212 206 
222 218 222 222 222 218 222 222 212 222 
222 218 222 222 222 218 222 222 212 222 
222 218 222 222 222 218 222 222 212 222 
222 218 222 222 222 218 222 222 222 222 
222 218 222 222 222 218 222 222 222 222 
222 218 222 228 222 218 222 222 222 228 
222 218 222 228 222 218 228 222 222 228 
222 218 222 228 222 218 229 222 229 228 
222 218 222 230 230 218 229 222 229 228 
222 218 222 230 230 218 230 222 229 228 
222 232 222 230 230 232 230 222 229 228 
222 232 222 236 230 232 230 236 229 228 
222 232 222 236 230 232 236 236 229 228 
222 232 222 236 230 232 237 236 237 228 
239 232 222 239 230 232 237 236 237 228 
239 232 222 239 230 232 239 236 237 228 
239 245 222 239 230 245 239 236 237 228 
239 245 222 248 230 245 239 248 237 228 
239 245 222 248 248 245 239 248 237 228 
239 252 222 248 248 252 239 248 237 228 
254 252 222 248 248 252 239 254 237 228 
254 252 254 248 248 252 239 254 237 228 
254 252 254 248 248 252 239 260 237 260 
254 252 254 266 248 252 239 266 237 260 
254 252 254 266 248 252 271 271 237 260 
254 252 271 266 248 252 271 271 237 260 
254 252 271 266 248 252 277 277 237 260 
254 252 271 266 282 252 277 277 237 282 
290 252 271 266 282 252 277 290 237 282 
290 290 271 266 282 252 277 290 290 282 
290 290 290 266 282 252 277 290 290 282 
290 290 290 290 282 252 277 290 290 282 
290 290 290 290 290 252 277 290 290 282 
301 290 290 290 290 252 277 290 290 301 
301 290 301 290 290 252 277 290 290 301 
301 290 301 301 290 252 277 290 290 301 
301 290 301 301 301 252 277 290 290 301 
301 290 301 301 301 252 301 290 290 301 
303 290 301 301 301 252 301 303 290 301 
303 290 303 301 301 252 301 303 290 301 
303 290 303 303 301 252 301 303 290 301 
303 290 303 303 303 252 301 303 290 301 
303 290 303 303 303 252 303 303 290 301 
303 290 303 303 303 252 303 303 290 303 
303 290 303 303 303 309 303 303 309 303 
303 290 303 303 303 309 309 303 309 303 
303 290 303 303 303 309 309 309 309 303 
317 290 303 303 303 309 309 309 309 317 
317 317 303 303 303 309 309 309 309 317 
317 317 317 303 317 309 309 309 309 317 
317 317 317 317 317 309 309 309 309 317 
317 317 317 317 317 309 309 309 309 317 
317 317 317 317 317 309 309 309 317 317 
317 317 317 317 317 309 317 309 317 317 
317 317 317 317 317 309 317 317 317 317 
317 317 317 323 317 309 317 317 317 323 
317 324 317 323 317 309 317 317 317 324 
317 324 317 323 317 326 317 317 326 324 
317 324 317 323 317 326 317 326 326 324 
317 324 317 323 317 326 317 326 326 326 
317 324 329 323 329 326 317 326 326 326 
317 324 329 323 329 326 317 326 326 329 
330 324 329 323 329 326 330 326 326 329 
330 330 329 323 329 326 330 326 326 330 
330 330 329 330 329 326 330 326 326 330 
330 330 329 330 330 326 330 326 326 330 
330 330 329 330 330 326 330 330 326 330 
330 330 329 330 330 326 330 330 330 330 
330 330 329 330 330 326 330 330 330 330 
330 330 329 336 330 326 336 330 330 330 
330 339 329 336 330 326 336 330 330 339 
330 339 329 336 330 326 339 330 339 339 
344 339 329 336 344 326 339 330 339 339 
344 339 329 336 344 326 339 330 339 344 
344 344 329 336 344 326 339 330 339 344 
344 344 344 336 344 326 339 330 339 344 
344 344 344 344 344 326 339 330 339 344 
344 344 344 344 344 344 339 330 339 344 
344 344 344 344 344 344 344 330 339 344 
344 344 344 344 344 344 344 344 339 344 
344 344 344 344 344 344 344 344 339 344 
344 344 344 344 344 344 344 344 344 344 
344 344 344 344 344 344 344 344 344 344 
344 344 344 351 344 344 351 344 344 344 
344 344 344 351 351 344 351 344 344 344 
344 344 344 351 351 344 351 351 344 344 
344 344 344 351 351 344 351 351 351 344 
344 344 344 351 351 344 351 351 351 351 
344 353 344 351 353 344 351 351 351 351 
344 353 344 351 354 354 351 351 351 351 
344 353 344 351 354 354 351 351 351 354 
344 353 344 357 354 354 357 351 351 354 
344 359 344 357 359 354 357 351 351 354 
344 359 359 357 359 354 357 351 351 354 
344 359 359 357 359 354 357 351 351 359 
344 359 359 357 359 354 360 351 360 359 
344 359 359 357 362 362 360 351 360 359 
344 359 359 357 362 362 360 351 360 362 
344 359 359 357 364 362 360 364 360 362 
344 359 359 357 364 362 364 364 360 362 
344 366 359 357 366 362 364 364 360 362 
344 366 367 357 367 362 364 364 360 362 
344 366 367 357 367 362 364 364 360 367 
344 366 367 370 370 362 364 364 360 367 
344 366 367 370 370 362 370 364 360 367 
344 374 367 370 374 362 370 364 360 367 
344 374 367 370 374 362 374 374 360 367 
344 374 375 370 375 362 374 374 360 367 
344 374 375 370 375 362 374 374 360 375 
377 374 375 370 375 362 374 374 377 375 
377 374 375 370 377 362 374 374 377 375 
377 374 375 370 377 362 377 374 377 375 
377 374 375 370 377 362 377 377 377 375 
377 374 375 370 377 362 377 377 377 377 
377 384 375 384 377 362 377 377 377 377 
377 384 375 384 377 362 377 377 377 384 
377 384 375 384 377 362 377 387 387 384 
377 384 375 384 377 388 377 387 388 384 
377 395 375 395 377 388 377 387 388 384 
377 395 395 395 377 388 377 387 388 384 
377 395 395 395 377 388 398 387 398 384 
407 395 395 395 377 388 398 387 407 384 
407 395 395 395 377 407 398 387 407 384 
463.0 414.0 437.0 493.0 475.0 453.0 454.0 456.0 456.0 474.0 
;
EXECUTION TIME HBSS: 16169.2441168 seconds 

-------------------------------------------------------------------
