DATFILE : offices1_10r_250.dat
ENVIRONMENT : office
ALGORITHM : HBSS - TAU 3
RANGE : 250
STARTING_POS : 42
N_ROBOTS : 10
GREEDY SOLUTION : 495.0
COMPUTATIONS T :
572.0
544.0
518.0
499.0
573.0
529.0
543.0
529.0
611.0
512.0
603.0
557.0
562.0
577.0
576.0
553.0
521.0
580.0
572.0
551.0
569.0
545.0
597.0
576.0
593.0
499.0
548.0
566.0
527.0
537.0
554.0
549.0
535.0
548.0
578.0
559.0
530.0
543.0
499.0
535.0
554.0
552.0
563.0
495.0
552.0
575.0
520.0
592.0
549.0
568.0
563.0
503.0
544.0
541.0
494.0
541.0
563.0
577.0
563.0
540.0
590.0
534.0
565.0
572.0
571.0
567.0
552.0
530.0
555.0
520.0
488.0
575.0
546.0
508.0
569.0
541.0
569.0
571.0
550.0
558.0
543.0
569.0
558.0
482.0
549.0
519.0
541.0
574.0
568.0
549.0
522.0
532.0
489.0
561.0
552.0
535.0
511.0
549.0
553.0
561.0
548.0
528.0
565.0
589.0
566.0
573.0
531.0
566.0
538.0
575.0
562.0
495.0
557.0
568.0
571.0
548.0
520.0
566.0
560.0
560.0
553.0
546.0
568.0
512.0
520.0
553.0
560.0
574.0
518.0
556.0
548.0
557.0
529.0
596.0
551.0
564.0
571.0
561.0
549.0
515.0
584.0
550.0
578.0
526.0
560.0
526.0
568.0
555.0
572.0
563.0
559.0
557.0
529.0
516.0
556.0
544.0
548.0
560.0
569.0
568.0
602.0
553.0
561.0
508.0
550.0
550.0
517.0
534.0
540.0
545.0
539.0
553.0
559.0
582.0
532.0
528.0
556.0
541.0
568.0
570.0
520.0
554.0
523.0
542.0
561.0
574.0
534.0
544.0
587.0
522.0
514.0
570.0
513.0
519.0
564.0
549.0
582.0
535.0
577.0
575.0
;
HBBS bestT : 482.0
BEST_CONFIGURATIONS : 
42 42 42 42 42 42 42 42 42 42 
41 42 42 42 42 42 42 42 42 42 
41 42 5 24 42 42 42 42 42 42 
41 42 5 24 42 42 42 42 42 42 
41 42 5 24 42 42 42 42 42 42 
41 42 5 24 42 42 42 42 42 42 
41 42 5 24 42 42 42 42 42 42 
41 42 5 24 36 42 42 42 42 42 
41 42 5 24 36 42 42 42 42 42 
41 42 5 24 36 42 42 42 42 42 
41 42 5 24 36 42 40 42 42 42 
41 42 5 24 36 42 40 42 42 42 
41 42 5 24 36 42 40 42 42 42 
41 42 5 24 36 42 40 42 42 42 
41 42 5 24 36 40 40 42 42 42 
41 42 5 24 36 40 40 42 42 42 
41 42 5 24 36 40 40 42 4 42 
41 42 5 24 36 40 40 42 4 42 
41 42 5 24 36 40 40 42 4 42 
41 42 5 24 36 40 40 42 4 42 
41 42 5 24 36 40 40 42 4 42 
41 42 5 24 36 40 40 4 4 42 
41 42 5 24 36 40 40 4 4 18 
41 42 5 24 36 40 40 4 4 18 
41 42 5 24 36 40 40 4 4 18 
41 42 5 24 36 40 39 4 4 18 
41 42 5 24 36 40 39 4 4 18 
41 42 5 24 36 40 39 4 4 18 
41 42 5 24 36 40 39 4 4 18 
41 42 5 24 36 40 39 4 4 18 
41 42 5 24 36 40 39 4 4 18 
41 42 5 24 36 40 26 24 4 18 
41 42 5 4 36 40 26 24 4 18 
41 41 5 4 36 40 26 24 3 18 
41 41 5 4 36 40 26 24 3 18 
36 41 5 4 36 40 26 24 3 18 
36 41 5 4 36 40 26 24 3 18 
36 41 5 4 36 40 26 24 3 18 
36 41 5 4 36 40 26 24 3 18 
36 41 5 4 36 40 26 24 3 18 
36 41 5 4 36 40 26 24 3 18 
36 41 5 4 35 40 26 24 3 18 
36 41 5 4 35 40 26 24 3 18 
36 41 5 4 35 40 26 24 3 18 
36 41 5 4 35 40 26 24 3 18 
36 41 5 4 35 40 26 24 3 18 
36 41 5 4 35 40 26 24 3 18 
36 41 5 4 35 40 26 24 3 18 
36 41 5 4 35 40 26 24 3 18 
36 41 5 4 35 40 26 24 3 20 
36 41 5 4 35 40 26 24 3 20 
36 41 5 4 35 40 27 24 3 20 
36 41 5 4 35 39 27 24 3 20 
36 42 5 4 35 39 27 24 3 20 
36 42 5 4 35 39 27 24 3 20 
36 42 5 4 35 39 27 24 3 20 
36 42 5 4 35 39 27 24 3 20 
36 42 5 4 35 39 27 24 3 20 
35 42 5 4 35 39 32 24 3 20 
35 42 4 4 35 39 32 24 3 20 
35 42 4 3 35 39 32 24 3 20 
35 42 4 3 35 39 32 24 3 20 
35 42 4 3 35 39 32 24 3 20 
35 42 4 3 34 39 32 24 3 20 
35 42 4 3 34 39 32 24 3 20 
35 42 4 3 34 39 32 24 3 20 
35 42 4 3 34 39 32 24 3 20 
35 42 4 3 34 39 32 24 3 20 
35 42 4 3 34 39 32 24 3 20 
35 42 4 3 34 39 32 24 3 20 
35 42 4 3 34 39 32 24 3 20 
35 42 4 3 34 39 32 24 23 20 
35 42 4 3 34 39 32 24 23 20 
35 42 4 3 34 39 32 24 23 20 
35 42 4 3 34 39 32 24 23 20 
35 42 4 3 34 39 32 24 23 20 
35 42 4 3 34 39 32 24 23 20 
35 42 4 3 34 39 32 24 23 20 
35 41 4 3 34 39 32 24 23 20 
35 41 4 3 34 39 27 24 23 20 
35 41 4 3 34 39 27 24 23 20 
34 41 4 3 34 39 27 5 23 20 
34 41 4 3 34 26 27 5 23 20 
34 41 4 3 34 26 27 5 23 20 
34 41 4 3 34 26 27 5 23 21 
34 41 4 3 34 26 27 5 23 21 
34 41 4 3 34 26 27 5 23 21 
34 36 4 3 34 26 27 5 23 21 
34 36 4 3 34 26 32 5 23 21 
34 36 4 2 34 26 32 5 23 21 
34 36 3 2 34 26 32 5 23 21 
34 36 3 2 34 26 32 5 23 21 
34 36 3 2 35 26 32 5 23 21 
34 36 3 2 35 26 32 5 23 21 
34 36 3 2 35 26 32 5 23 21 
34 36 3 2 35 26 32 5 23 21 
34 36 3 2 35 26 32 5 23 21 
34 36 3 2 35 26 32 5 23 21 
34 36 3 2 35 26 27 5 23 21 
34 36 3 2 35 38 27 5 23 21 
34 36 3 2 35 38 27 5 23 21 
34 36 3 2 35 38 27 5 2 21 
34 36 3 2 35 38 27 24 2 21 
34 36 3 2 35 38 27 24 2 21 
34 35 3 2 33 38 27 24 2 21 
34 35 3 2 33 38 27 24 2 21 
34 35 3 2 33 38 27 24 2 21 
34 35 3 2 33 38 27 24 2 21 
34 35 3 2 33 38 27 24 2 21 
34 35 3 2 33 38 27 4 2 21 
34 35 3 2 33 38 27 4 23 21 
34 35 3 2 33 38 27 4 23 21 
34 35 3 2 33 38 27 4 23 21 
34 35 3 2 33 38 27 4 23 21 
34 35 3 2 33 38 27 4 23 21 
34 35 3 2 33 38 32 4 23 21 
34 35 3 2 33 38 32 4 23 21 
33 35 3 2 33 38 32 24 23 21 
33 36 3 2 33 38 32 24 23 21 
33 36 3 2 33 38 32 24 26 21 
33 36 3 2 33 38 32 24 26 21 
33 36 3 2 32 38 27 24 26 21 
33 36 3 2 32 38 27 24 26 22 
33 36 3 2 32 38 27 5 26 22 
33 36 2 1 32 38 27 5 26 22 
33 36 2 1 32 38 27 5 26 22 
33 36 2 1 32 38 27 5 26 22 
33 36 2 1 32 38 27 5 39 22 
33 36 2 1 32 38 27 5 39 22 
33 36 2 1 32 38 27 5 39 22 
33 36 2 1 32 38 27 5 39 22 
33 36 2 1 32 38 27 5 39 22 
33 36 2 1 32 38 27 5 39 22 
33 41 2 1 32 38 27 5 39 22 
33 41 2 1 32 38 31 5 39 22 
33 41 2 1 32 38 31 5 39 22 
33 41 2 1 32 38 31 5 39 22 
33 41 2 1 32 38 31 5 39 22 
33 41 2 1 32 38 31 5 39 22 
33 41 2 1 32 38 31 5 39 22 
33 41 2 1 32 38 31 5 39 22 
33 41 2 1 32 38 31 24 39 22 
33 40 2 1 32 38 31 24 39 22 
33 40 2 1 32 38 31 24 39 22 
33 40 2 1 27 38 31 24 39 22 
33 40 2 1 27 38 31 24 39 22 
33 40 2 1 27 26 31 24 39 22 
33 40 2 1 27 26 31 24 39 22 
33 40 2 1 27 26 31 4 39 22 
33 40 2 1 27 26 31 4 39 22 
33 40 2 1 32 26 31 4 39 22 
33 40 2 1 32 26 31 4 39 15 
33 40 23 1 32 26 31 4 39 15 
33 40 23 1 32 26 31 4 39 15 
33 40 23 1 32 26 31 4 39 15 
33 40 23 1 32 26 31 4 39 15 
33 40 23 1 32 26 31 4 39 15 
33 40 23 1 32 26 31 4 39 15 
33 40 23 1 32 26 31 4 39 15 
33 40 23 1 27 26 31 4 39 15 
33 40 23 1 27 26 30 4 39 15 
33 40 23 1 27 26 30 4 39 15 
33 40 23 1 27 26 30 4 39 15 
33 40 23 1 27 26 30 4 39 15 
33 40 23 1 27 38 30 4 39 15 
33 40 23 1 27 38 30 4 39 15 
33 40 23 1 27 38 30 4 26 15 
33 40 23 1 27 38 30 4 26 15 
33 40 23 1 27 38 30 3 26 15 
33 39 23 1 27 38 30 3 26 15 
33 39 23 1 32 38 30 3 26 15 
33 39 2 1 32 38 30 3 26 15 
32 39 2 1 32 37 30 3 26 15 
32 39 2 1 32 37 30 3 26 15 
32 39 2 1 32 37 30 3 26 15 
32 39 2 1 32 37 30 3 23 15 
32 39 2 1 32 37 30 3 23 15 
32 39 2 1 32 37 30 3 23 15 
32 39 2 1 32 37 30 3 23 15 
32 39 2 1 27 37 30 3 23 15 
27 39 2 1 27 37 29 3 23 15 
27 26 2 1 27 37 29 3 23 15 
27 26 2 1 27 37 29 3 23 15 
27 26 2 1 27 37 29 3 23 15 
27 26 23 1 27 37 29 3 23 15 
27 26 23 1 27 37 29 3 23 15 
27 26 23 1 27 37 29 3 23 15 
27 26 23 1 32 37 29 3 23 15 
27 26 23 1 32 37 29 3 39 15 
27 26 23 1 32 43 29 3 39 15 
27 26 23 1 32 43 29 3 39 15 
27 26 23 1 32 43 29 3 39 15 
27 26 23 1 32 43 29 3 39 15 
27 26 23 1 32 43 29 3 39 15 
31 26 23 1 32 43 29 3 39 15 
31 26 23 1 32 43 29 3 39 15 
31 26 23 1 32 43 29 3 39 15 
31 26 23 1 33 43 29 3 39 15 
31 26 23 1 33 37 29 3 39 15 
31 38 23 1 33 37 29 3 39 15 
31 38 23 1 33 37 29 3 39 15 
31 38 23 1 34 37 29 3 39 15 
31 38 23 1 34 37 29 3 40 15 
31 38 23 1 34 37 29 3 40 22 
31 38 23 0 34 37 29 3 40 22 
31 38 23 0 34 37 29 3 40 22 
31 38 23 0 34 43 29 3 40 22 
31 38 1 0 34 43 29 3 40 22 
31 38 1 0 34 43 29 3 40 22 
31 38 1 0 34 43 29 3 40 22 
31 38 1 0 34 43 29 3 40 22 
31 38 1 0 34 37 29 3 40 22 
30 38 1 0 34 37 29 3 40 22 
30 38 1 0 34 37 29 3 40 22 
30 38 1 0 34 37 29 3 40 22 
30 26 1 0 34 37 29 3 40 22 
30 26 23 0 34 37 29 3 40 22 
30 26 23 0 34 37 29 3 39 22 
30 26 23 0 34 43 29 3 39 22 
30 26 23 0 34 43 29 2 39 22 
30 26 23 0 32 43 29 2 39 22 
30 27 23 0 32 43 29 2 39 22 
30 27 23 0 32 43 28 2 39 22 
30 27 23 0 32 43 28 2 39 22 
30 27 23 0 32 43 28 2 39 22 
30 27 23 0 32 43 28 2 39 22 
30 27 23 0 32 43 28 2 39 22 
30 27 23 0 32 37 28 2 39 22 
30 27 23 0 32 37 28 2 26 22 
30 27 23 0 32 37 28 2 26 15 
30 31 23 0 32 37 28 2 26 15 
30 31 23 0 32 37 28 2 26 15 
30 31 23 0 32 43 28 2 26 15 
30 31 23 0 32 43 28 2 38 15 
30 31 23 25 32 43 28 2 38 15 
30 31 23 25 32 43 28 2 38 15 
30 31 1 25 32 43 28 2 38 15 
30 31 1 25 32 43 28 2 38 15 
30 31 1 25 32 43 28 2 38 15 
30 31 1 25 27 43 28 2 38 15 
30 31 1 25 27 43 28 2 38 15 
30 31 1 25 27 43 28 23 38 15 
30 31 1 25 27 43 28 23 38 15 
30 31 1 25 27 37 28 23 38 15 
30 31 1 25 26 37 28 23 38 15 
30 31 1 25 26 37 28 2 38 15 
29 31 1 25 26 37 28 2 38 15 
29 31 1 25 26 37 28 2 38 15 
29 31 1 25 26 37 28 2 38 13 
29 27 1 25 26 37 28 2 38 13 
29 27 1 25 26 37 28 2 38 13 
29 27 23 25 26 37 28 2 38 13 
29 27 23 25 26 37 28 2 38 13 
29 32 23 25 26 37 28 2 38 13 
30 32 23 25 26 37 28 2 38 13 
30 32 23 25 39 37 28 2 38 13 
30 32 23 25 39 38 17 2 38 13 
30 32 23 25 39 38 17 2 38 13 
30 32 26 25 39 38 17 2 38 13 
30 32 26 25 39 38 17 2 38 13 
30 32 26 25 39 38 17 2 38 13 
30 27 26 25 39 38 17 2 38 13 
30 27 26 25 39 38 17 2 37 13 
29 27 26 25 39 38 17 2 37 13 
29 27 26 25 39 38 17 2 43 13 
29 31 26 25 39 38 17 2 43 13 
29 31 26 25 39 38 17 2 43 13 
29 31 26 25 40 38 17 2 43 13 
29 31 26 25 40 37 17 2 43 13 
29 31 26 25 40 37 17 0 43 13 
28 31 26 25 40 37 17 0 43 13 
28 31 33 25 40 37 17 0 43 13 
28 31 33 25 36 37 17 0 43 13 
17 31 33 25 36 37 17 0 19 13 
17 28 33 25 36 37 17 0 19 13 
17 28 34 25 36 37 17 0 19 13 
17 28 34 37 36 37 17 0 19 13 
17 28 34 37 36 37 19 43 19 13 
17 28 35 37 36 37 19 43 19 13 
19 29 35 37 36 37 19 43 19 13 
19 29 35 37 36 37 19 43 16 13 
19 29 35 37 36 17 19 43 16 13 
19 29 35 37 36 17 19 43 16 13 
19 29 35 37 36 17 19 43 16 13 
19 29 35 37 18 17 19 43 16 13 
19 29 35 37 18 17 16 28 16 13 
19 30 35 37 18 17 16 28 16 13 
19 30 35 37 18 17 16 28 16 13 
19 30 34 37 18 17 16 28 16 13 
19 30 34 27 18 17 16 28 16 13 
19 30 34 27 18 17 16 28 16 15 
19 30 34 27 18 17 16 28 6 15 
19 30 34 27 18 17 16 28 6 15 
19 30 34 27 18 17 16 28 6 15 
19 30 34 27 18 17 16 28 6 15 
19 30 34 27 18 17 16 28 6 15 
19 30 34 27 18 17 16 28 6 15 
19 31 34 27 18 17 16 28 6 15 
19 31 34 27 18 17 16 28 6 15 
19 31 33 27 18 17 16 28 6 15 
19 31 33 27 18 17 16 28 22 15 
19 31 33 27 18 17 16 28 22 15 
19 31 33 27 18 17 16 28 22 15 
19 31 33 27 18 17 16 28 22 15 
19 31 33 27 18 17 16 28 7 15 
19 31 33 27 18 17 16 28 7 15 
19 31 33 27 18 17 16 28 7 15 
19 31 33 27 18 17 16 28 7 15 
19 31 33 27 18 17 16 6 7 15 
19 31 33 27 18 17 16 6 22 15 
16 31 33 27 18 17 16 6 22 14 
16 17 33 27 18 17 16 6 22 14 
16 17 26 27 18 17 16 6 22 14 
16 17 26 27 18 17 16 6 22 14 
16 17 26 27 9 17 16 6 22 14 
16 17 26 27 9 17 6 6 22 14 
16 17 26 27 9 17 6 6 22 14 
16 17 26 27 9 29 6 6 22 14 
16 17 26 32 9 29 6 6 22 14 
16 17 26 32 9 29 6 6 7 14 
16 17 39 32 9 29 6 6 7 14 
16 17 39 32 20 29 6 6 7 14 
16 17 39 32 20 30 6 6 7 14 
16 17 39 32 20 30 6 22 7 14 
16 17 39 33 20 30 6 22 7 14 
16 17 39 33 20 31 6 22 7 14 
6 17 39 33 21 31 6 22 7 14 
6 17 39 33 21 31 7 22 7 14 
6 17 39 33 21 31 7 22 7 14 
6 17 39 33 21 31 7 22 7 14 
6 16 39 33 21 31 7 22 10 14 
6 16 39 34 21 31 7 22 10 14 
6 16 39 34 21 31 7 22 10 14 
6 16 39 34 21 31 7 22 10 14 
6 16 39 34 21 31 7 22 10 14 
6 16 39 34 21 31 7 22 10 14 
6 16 39 34 21 31 7 22 10 14 
6 16 39 35 21 31 7 22 10 14 
6 16 39 35 8 31 7 22 10 14 
6 16 39 35 8 31 7 22 10 14 
6 16 39 35 8 31 7 22 10 14 
6 16 39 35 8 31 7 22 10 14 
22 16 39 35 8 31 7 22 11 14 
22 6 39 35 8 31 7 22 11 14 
22 6 39 35 8 31 7 15 11 14 
22 6 39 35 8 31 7 15 11 14 
22 6 39 35 8 31 7 15 11 14 
22 6 39 35 8 31 7 15 11 14 
22 6 39 35 8 31 7 15 11 14 
22 6 39 35 8 31 7 15 11 14 
22 6 39 35 21 31 7 15 11 14 
22 6 39 35 21 31 7 15 11 14 
10 6 39 35 21 31 7 15 11 14 
10 6 39 35 21 31 7 15 11 14 
10 16 39 35 21 31 7 15 11 14 
10 16 39 35 21 31 7 15 11 13 
10 16 39 35 8 31 7 15 11 13 
10 16 39 35 8 31 7 15 11 13 
10 16 39 35 8 31 22 15 11 13 
10 16 39 35 8 31 22 15 11 13 
10 16 20 35 8 31 22 15 11 13 
10 16 20 18 8 31 22 15 11 13 
10 16 20 18 8 31 22 15 11 13 
10 16 20 18 8 31 22 15 11 13 
10 16 20 18 21 31 22 15 11 13 
10 16 12 18 21 31 22 15 11 13 
10 16 12 18 21 31 22 15 11 13 
10 16 12 18 21 31 22 15 11 13 
10 16 12 18 21 31 22 15 11 13 
10 16 12 18 21 31 22 15 11 13 
10 16 12 18 21 20 22 15 11 13 
10 16 12 18 21 20 22 14 11 13 
10 16 12 18 21 20 22 14 11 13 
10 16 12 18 8 20 21 14 11 13 
10 16 12 18 8 20 21 14 11 13 
10 16 12 18 8 20 21 14 11 13 
10 16 12 18 8 9 21 14 11 13 
10 16 12 18 8 9 21 14 11 13 
10 16 12 18 8 9 21 14 11 13 
10 16 12 18 8 9 21 14 11 13 
10 16 12 18 8 9 21 14 11 13 
10 16 12 18 8 9 21 14 11 13 
10 16 20 18 8 9 21 14 11 13 
42 42 42 42 42 42 42 42 42 42 
;
ROBOT MOVING BEST:
0 0 0 0 0 0 0 0 0 0 
1 1 0 0 0 0 0 0 0 0 
0 0 1 1 0 0 0 0 0 0 
1 0 1 0 0 0 0 0 0 0 
1 0 0 1 0 0 0 0 0 0 
0 1 0 1 0 0 0 0 0 0 
0 1 1 0 0 0 0 0 0 0 
0 0 1 0 1 0 0 0 0 0 
0 1 0 0 1 0 0 0 0 0 
1 0 0 0 1 0 0 0 0 0 
0 0 1 0 0 0 1 0 0 0 
0 1 0 0 0 0 1 0 0 0 
1 0 0 0 0 0 1 0 0 0 
0 0 0 1 1 0 0 0 0 0 
0 0 0 1 0 1 0 0 0 0 
0 0 0 0 1 0 1 0 0 0 
0 0 0 0 1 0 0 0 1 0 
1 0 0 0 0 0 0 0 1 0 
0 1 0 0 0 0 0 0 1 0 
0 0 1 0 0 0 0 0 1 0 
0 0 0 1 0 0 0 0 1 0 
0 0 0 0 0 1 0 1 0 0 
0 0 0 0 0 1 0 0 0 1 
1 0 0 0 0 0 0 0 0 1 
0 0 0 0 1 0 0 0 0 1 
1 0 0 0 0 0 1 0 0 0 
0 0 1 0 0 0 1 0 0 0 
0 0 0 1 0 0 1 0 0 0 
0 0 0 0 1 0 1 0 0 0 
0 0 0 0 0 1 1 0 0 0 
0 0 0 0 0 0 1 1 0 0 
0 0 0 0 0 0 1 1 0 0 
0 0 0 1 0 0 1 0 0 0 
0 1 0 0 0 0 0 0 1 0 
0 0 0 0 0 1 1 0 0 0 
1 0 0 0 0 0 0 0 1 0 
0 0 1 0 0 0 0 0 1 0 
0 0 0 1 0 0 0 0 1 0 
0 0 0 0 0 1 0 0 1 0 
0 0 0 0 0 0 1 0 1 0 
0 0 0 0 0 0 0 1 1 0 
0 1 0 0 1 0 0 0 0 0 
0 0 0 1 1 0 0 0 0 0 
1 0 0 0 1 0 0 0 0 0 
0 0 1 0 1 0 0 0 0 0 
0 0 0 0 1 1 0 0 0 0 
0 0 0 0 1 0 0 0 1 0 
0 0 0 0 1 0 1 0 0 0 
0 0 0 0 1 0 0 1 0 0 
1 0 0 0 0 0 0 0 0 1 
0 0 0 0 1 0 0 0 0 1 
0 0 0 0 1 0 1 0 0 0 
0 0 0 0 0 1 1 0 0 0 
0 1 0 0 1 0 0 0 0 0 
0 1 0 0 0 0 0 0 1 0 
0 0 0 0 1 1 0 0 0 0 
0 0 0 0 0 1 0 0 1 0 
0 0 0 0 0 0 1 0 1 0 
1 0 0 0 0 0 1 0 0 0 
0 0 1 0 0 0 1 0 0 0 
0 0 0 1 0 0 1 0 0 0 
0 0 0 0 0 1 1 0 0 0 
0 0 0 0 0 0 1 1 0 0 
0 1 0 0 1 0 0 0 0 0 
1 0 0 0 1 0 0 0 0 0 
0 0 1 0 1 0 0 0 0 0 
0 0 0 1 1 0 0 0 0 0 
0 0 0 0 1 1 0 0 0 0 
0 0 0 0 1 0 1 0 0 0 
0 0 0 0 1 0 0 0 0 1 
0 0 0 0 1 0 0 1 0 0 
1 0 0 0 0 0 0 0 1 0 
0 0 1 0 0 0 0 0 1 0 
0 0 0 1 0 0 0 0 1 0 
0 0 0 0 1 0 0 0 1 0 
0 0 0 0 0 1 0 0 1 0 
0 0 0 0 0 0 1 0 1 0 
0 0 0 0 0 0 0 1 1 0 
0 1 0 0 1 0 0 0 0 0 
0 0 0 0 1 0 1 0 0 0 
0 0 0 0 0 0 1 0 1 0 
1 0 0 0 0 0 0 1 0 0 
1 0 0 0 0 1 0 0 0 0 
0 0 0 0 0 1 1 0 0 0 
0 0 0 0 0 0 1 0 0 1 
0 0 0 0 0 0 0 1 1 0 
0 0 0 0 0 1 0 0 1 0 
1 1 0 0 0 0 0 0 0 0 
0 1 0 0 0 0 1 0 0 0 
1 0 0 1 0 0 0 0 0 0 
0 0 1 1 0 0 0 0 0 0 
0 0 0 1 0 1 0 0 0 0 
0 0 0 1 1 0 0 0 0 0 
0 0 0 1 0 0 0 1 0 0 
0 0 0 1 0 0 1 0 0 0 
0 0 0 1 0 0 0 0 1 0 
0 0 0 0 0 1 1 0 0 0 
0 0 0 0 0 0 1 0 0 1 
0 0 0 1 0 0 1 0 0 0 
1 0 0 0 0 1 0 0 0 0 
0 0 1 0 0 1 0 0 0 0 
0 0 0 0 0 1 0 0 1 0 
0 0 0 1 0 0 0 1 0 0 
0 0 0 0 0 1 1 0 0 0 
0 1 0 0 1 0 0 0 0 0 
1 0 0 0 1 0 0 0 0 0 
0 0 0 0 1 0 1 0 0 0 
0 0 1 0 1 0 0 0 0 0 
0 0 0 1 1 0 0 0 0 0 
0 0 0 1 0 0 0 1 0 0 
0 0 0 0 0 1 0 0 1 0 
0 0 0 0 1 0 0 0 0 1 
0 0 0 0 1 1 0 0 0 0 
0 0 0 0 1 0 0 1 0 0 
0 0 0 0 1 0 0 0 1 0 
0 0 0 0 1 0 1 0 0 0 
0 0 0 0 0 1 1 0 0 0 
1 0 0 0 0 0 0 1 0 0 
1 1 0 0 0 0 0 0 0 0 
1 0 0 0 0 0 0 0 1 0 
0 0 0 0 0 1 0 0 1 0 
0 0 0 0 1 0 1 0 0 0 
0 0 0 0 0 0 1 0 0 1 
1 0 0 0 0 0 0 1 0 0 
0 0 1 1 0 0 0 0 0 0 
1 0 0 1 0 0 0 0 0 0 
0 0 0 1 1 0 0 0 0 0 
1 0 0 0 0 0 0 0 1 0 
0 0 0 1 0 1 0 0 0 0 
0 0 0 1 0 0 1 0 0 0 
0 0 1 0 0 0 0 0 1 0 
0 0 0 1 0 0 0 0 1 0 
0 0 0 0 0 1 0 0 1 0 
1 1 0 0 0 0 0 0 0 0 
1 0 0 0 0 0 1 0 0 0 
0 0 1 0 0 0 1 0 0 0 
0 0 0 1 0 0 1 0 0 0 
0 0 0 0 1 0 1 0 0 0 
0 0 0 0 0 1 1 0 0 0 
0 0 0 0 0 0 1 0 1 0 
0 0 0 0 0 0 1 0 0 1 
0 0 0 1 0 0 0 1 0 0 
1 1 0 0 0 0 0 0 0 0 
0 1 1 0 0 0 0 0 0 0 
0 1 0 0 1 0 0 0 0 0 
0 0 0 0 1 0 1 0 0 0 
0 0 0 1 0 1 0 0 0 0 
0 0 0 0 0 1 0 0 1 0 
0 0 0 1 0 0 0 1 0 0 
0 0 0 0 0 1 1 0 0 0 
0 1 0 0 1 0 0 0 0 0 
1 0 0 0 0 0 0 0 0 1 
0 1 1 0 0 0 0 0 0 0 
0 0 1 1 0 0 0 0 0 0 
0 0 1 0 0 0 1 0 0 0 
0 0 0 0 1 0 0 0 0 1 
0 0 0 0 0 1 0 0 0 1 
0 0 0 0 0 0 1 0 0 1 
0 0 0 0 0 0 0 0 1 1 
0 0 0 0 1 0 0 0 0 1 
1 0 0 0 0 0 1 0 0 0 
0 0 1 0 0 0 1 0 0 0 
0 0 0 1 0 0 1 0 0 0 
0 0 0 0 1 0 1 0 0 0 
0 0 0 0 0 1 1 0 0 0 
0 0 0 0 0 1 0 0 0 1 
0 0 0 0 0 0 1 0 1 0 
0 0 0 0 0 0 1 0 0 1 
0 0 0 1 0 0 0 1 0 0 
0 1 0 0 0 0 1 0 0 0 
0 0 0 0 1 0 1 0 0 0 
0 0 1 0 0 0 1 0 0 0 
1 0 0 0 0 1 0 0 0 0 
0 1 0 0 0 1 0 0 0 0 
0 0 1 0 0 1 0 0 0 0 
0 0 0 0 0 1 0 0 1 0 
0 0 0 0 0 1 1 0 0 0 
0 0 0 1 0 1 0 0 0 0 
0 0 0 0 0 1 0 0 0 1 
0 0 0 0 1 1 0 0 0 0 
1 0 0 0 0 0 1 0 0 0 
0 1 0 0 0 1 0 0 0 0 
0 1 0 0 0 0 1 0 0 0 
0 0 0 1 0 0 1 0 0 0 
0 0 1 0 0 0 1 0 0 0 
0 0 0 0 0 1 1 0 0 0 
0 0 0 0 0 0 1 0 0 1 
0 0 0 0 1 0 1 0 0 0 
0 0 0 0 0 0 1 0 1 0 
0 1 0 0 0 1 0 0 0 0 
0 0 1 0 0 1 0 0 0 0 
0 0 0 1 0 1 0 0 0 0 
0 0 0 0 0 1 1 0 0 0 
0 0 0 0 0 1 0 0 0 1 
1 0 0 0 0 1 0 0 0 0 
1 0 0 0 0 0 1 0 0 0 
1 0 0 0 0 0 0 1 0 0 
0 0 0 0 1 0 1 0 0 0 
1 0 0 0 0 1 0 0 0 0 
0 1 0 0 0 1 0 0 0 0 
0 1 0 0 0 0 1 0 0 0 
1 0 0 0 1 0 0 0 0 0 
0 0 0 0 1 0 0 0 1 0 
0 0 0 0 0 0 1 0 0 1 
1 0 0 1 0 0 0 0 0 0 
0 1 0 1 0 0 0 0 0 0 
0 1 0 0 0 1 0 0 0 0 
0 0 1 1 0 0 0 0 0 0 
0 0 0 1 0 1 0 0 0 0 
0 0 0 1 0 0 1 0 0 0 
0 0 0 1 0 0 0 1 0 0 
0 0 0 1 0 1 0 0 0 0 
1 0 0 1 0 0 0 0 0 0 
1 0 0 0 0 0 1 0 0 0 
1 0 0 0 0 0 0 0 0 1 
0 1 0 1 0 0 0 0 0 0 
0 0 1 1 0 0 0 0 0 0 
0 0 0 1 0 0 0 0 1 0 
1 0 0 0 0 1 0 0 0 0 
0 0 0 1 0 0 0 1 0 0 
0 0 0 1 1 0 0 0 0 0 
0 1 0 1 0 0 0 0 0 0 
1 0 0 0 0 0 1 0 0 0 
0 0 1 0 0 0 1 0 0 0 
0 1 0 0 0 0 1 0 0 0 
0 0 0 1 0 0 1 0 0 0 
0 0 0 0 1 0 1 0 0 0 
0 0 0 0 0 1 1 0 0 0 
0 0 0 0 0 0 1 0 1 0 
0 0 0 0 0 0 1 0 0 1 
0 1 0 0 0 0 1 0 0 0 
1 1 0 0 0 0 0 0 0 0 
0 0 0 0 0 1 1 0 0 0 
0 0 0 0 0 0 1 0 1 0 
1 0 0 1 0 0 0 0 0 0 
0 1 0 1 0 0 0 0 0 0 
0 0 1 1 0 0 0 0 0 0 
0 0 1 0 0 0 1 0 0 0 
0 0 0 1 0 1 0 0 0 0 
0 0 0 1 1 0 0 0 0 0 
0 0 0 1 0 0 1 0 0 0 
0 0 0 1 0 0 0 1 0 0 
0 0 0 1 0 0 0 0 1 0 
0 0 0 1 0 1 0 0 0 0 
0 0 0 1 1 0 0 0 0 0 
0 0 0 1 0 0 0 1 0 0 
1 0 0 1 0 0 0 0 0 0 
1 0 0 0 0 0 1 0 0 0 
1 0 0 0 0 0 0 0 0 1 
0 1 0 0 0 0 0 0 0 1 
0 0 0 0 1 0 0 0 0 1 
0 0 1 0 0 0 0 0 0 1 
0 0 0 0 0 0 0 0 1 1 
0 1 0 0 0 0 0 0 0 1 
1 0 0 0 0 0 0 0 0 1 
0 0 0 0 1 0 0 0 0 1 
0 0 0 0 0 1 1 0 0 0 
1 0 0 0 0 0 1 0 0 0 
0 0 1 0 0 0 1 0 0 0 
0 0 0 1 0 0 1 0 0 0 
0 0 0 0 0 0 1 0 0 1 
0 1 0 0 0 0 1 0 0 0 
0 0 0 0 0 0 1 0 1 0 
1 0 0 0 0 0 1 0 0 0 
0 0 0 0 0 0 1 0 1 0 
0 1 0 0 0 0 1 0 0 0 
0 1 0 0 0 0 0 0 0 1 
0 0 0 0 1 0 0 0 0 1 
0 0 0 0 0 1 0 0 1 0 
0 0 0 1 0 0 0 1 0 0 
1 0 0 0 0 0 1 0 0 0 
0 0 1 0 0 0 0 0 0 1 
0 0 0 0 1 0 0 0 0 1 
1 0 0 0 0 0 0 0 1 0 
0 1 0 0 0 0 0 0 1 0 
0 0 1 0 0 0 0 0 0 1 
0 0 0 1 0 0 0 0 1 0 
0 0 0 0 0 0 1 1 0 0 
0 0 1 0 0 0 0 0 0 1 
1 1 0 0 0 0 0 0 0 0 
0 1 0 0 0 0 0 0 1 0 
0 0 0 0 0 1 0 0 1 0 
1 0 0 0 0 0 0 0 1 0 
0 0 0 0 0 0 0 0 1 1 
0 0 1 0 1 0 0 0 0 0 
0 0 0 0 0 0 1 1 0 0 
1 1 0 0 0 0 0 0 0 0 
0 1 0 0 0 0 1 0 0 0 
0 0 1 0 1 0 0 0 0 0 
0 0 0 1 0 0 1 0 0 0 
1 0 0 0 0 0 0 0 0 1 
1 0 0 0 0 0 0 0 1 0 
0 0 0 0 0 1 0 0 1 0 
0 0 0 0 0 1 0 0 0 1 
0 0 0 0 0 0 1 0 1 0 
0 0 0 0 0 0 1 0 0 1 
0 0 0 0 0 0 0 0 1 1 
1 1 0 0 0 0 0 0 0 0 
0 1 0 0 0 0 1 0 0 0 
0 0 1 0 1 0 0 0 0 0 
1 0 0 0 0 0 0 0 1 0 
0 0 0 0 0 1 0 0 1 0 
0 0 0 0 0 0 1 0 1 0 
0 0 0 0 0 0 0 0 1 1 
1 0 0 0 0 0 0 0 1 0 
0 0 0 0 0 1 0 0 1 0 
0 0 0 0 0 0 1 0 1 0 
0 0 0 0 0 0 0 0 1 1 
0 0 0 0 0 0 0 1 1 0 
0 0 0 0 0 0 0 1 1 0 
1 0 0 0 0 0 0 0 0 1 
0 1 0 0 0 0 0 0 0 1 
0 0 1 0 0 0 0 0 0 1 
0 0 0 1 0 0 0 0 0 1 
0 0 0 0 1 0 0 0 0 1 
0 0 0 0 0 0 1 0 0 1 
0 0 0 0 0 0 0 0 1 1 
0 0 0 0 0 1 0 0 0 1 
0 0 0 1 0 0 0 0 0 1 
0 0 0 0 0 0 0 0 1 1 
0 0 1 0 0 0 0 0 0 1 
0 0 0 0 1 0 0 0 0 1 
0 0 0 0 0 1 0 0 0 1 
0 0 0 0 0 0 0 1 1 0 
0 0 0 1 0 0 0 0 0 1 
0 0 0 0 0 1 0 0 0 1 
1 0 0 0 1 0 0 0 0 0 
0 0 0 0 1 0 1 0 0 0 
0 0 0 0 1 0 0 1 0 0 
0 0 0 0 1 0 0 0 0 1 
0 1 0 0 0 0 0 0 1 0 
0 0 0 1 0 0 0 0 0 1 
1 0 0 0 0 0 0 0 1 0 
0 0 0 0 1 0 0 0 1 0 
0 0 0 0 0 0 1 0 1 0 
0 0 0 0 0 0 0 1 1 0 
0 0 0 0 0 0 0 0 1 1 
0 0 0 1 0 0 0 0 0 1 
0 0 0 0 1 0 1 0 0 0 
0 0 0 0 1 0 0 1 0 0 
0 0 0 0 1 0 0 0 1 0 
0 0 0 0 1 0 0 0 0 1 
1 0 0 0 0 0 0 0 1 0 
0 1 0 0 0 0 0 0 1 0 
0 0 0 0 1 0 0 1 0 0 
0 0 0 0 1 0 0 0 1 0 
0 0 0 0 0 0 1 0 1 0 
0 0 0 0 0 0 0 1 1 0 
0 0 0 0 0 0 0 1 0 1 
0 0 0 0 0 0 0 0 1 1 
0 0 0 0 1 0 0 1 0 0 
0 0 0 0 1 0 0 0 1 0 
1 0 0 0 0 0 0 0 1 0 
1 0 0 0 0 0 0 1 0 0 
0 1 0 0 0 0 0 0 1 0 
1 0 0 0 0 0 0 0 0 1 
0 0 0 0 1 0 0 0 0 1 
0 0 0 0 0 0 0 1 0 1 
0 0 0 0 0 0 1 0 0 1 
0 0 0 0 0 0 0 0 1 1 
1 0 1 0 0 0 0 0 0 0 
0 0 1 1 0 0 0 0 0 0 
0 0 1 0 1 0 0 0 0 0 
0 0 1 0 0 0 0 0 1 0 
0 0 0 0 1 0 0 0 0 1 
0 0 1 0 0 0 0 0 0 1 
1 0 1 0 0 0 0 0 0 0 
0 0 1 0 1 0 0 0 0 0 
0 0 1 1 0 0 0 0 0 0 
0 0 1 0 0 0 0 0 1 0 
0 0 1 0 0 1 0 0 0 0 
0 0 1 0 0 0 0 1 0 0 
0 0 0 0 1 1 0 0 0 0 
0 0 0 0 1 0 1 0 0 0 
0 0 0 0 0 1 0 0 0 1 
0 0 0 0 0 0 0 1 0 1 
0 0 0 1 0 1 0 0 0 0 
0 0 1 0 1 0 0 0 0 0 
0 0 1 0 0 1 0 0 0 0 
0 0 0 0 1 1 0 0 0 0 
0 0 0 0 0 1 1 0 0 0 
0 0 0 0 0 1 0 0 1 0 
0 0 1 0 0 1 0 0 0 0 
1 1 1 1 1 1 1 1 1 1 
;
TIMETABLE BEST: 
0.0 0.0 0.0 0.0 0.0 0.0 0.0 0.0 0.0 0.0 
10 10 0 0 0 0 0 0 0 0 
10 10 18 18 0 0 0 0 0 0 
18 10 18 18 0 0 0 0 0 0 
18 10 18 18 0 0 0 0 0 0 
18 18 18 18 0 0 0 0 0 0 
18 18 18 18 0 0 0 0 0 0 
18 18 19 18 19 0 0 0 0 0 
18 19 19 18 19 0 0 0 0 0 
19 19 19 18 19 0 0 0 0 0 
19 19 19 18 19 0 19 0 0 0 
19 19 19 18 19 0 19 0 0 0 
19 19 19 18 19 0 19 0 0 0 
19 19 19 19 19 0 19 0 0 0 
19 19 19 19 19 19 19 0 0 0 
19 19 19 19 19 19 19 0 0 0 
19 19 19 19 25 19 19 0 25 0 
25 19 19 19 25 19 19 0 25 0 
25 25 19 19 25 19 19 0 25 0 
25 25 25 19 25 19 19 0 25 0 
25 25 25 25 25 19 19 0 25 0 
25 25 25 25 25 25 19 25 25 0 
25 25 25 25 25 27 19 25 25 27 
27 25 25 25 25 27 19 25 25 27 
27 25 25 25 27 27 19 25 25 27 
30 25 25 25 27 27 30 25 25 27 
30 25 30 25 27 27 30 25 25 27 
30 25 30 30 27 27 30 25 25 27 
30 25 30 30 30 27 30 25 25 27 
30 25 30 30 30 30 30 25 25 27 
30 25 30 30 30 30 30 30 25 27 
30 25 30 30 30 30 38 38 25 27 
30 25 30 38 30 30 38 38 25 27 
30 39 30 38 30 30 38 38 39 27 
30 39 30 38 30 38 38 38 39 27 
39 39 30 38 30 38 38 38 39 27 
39 39 39 38 30 38 38 38 39 27 
39 39 39 39 30 38 38 38 39 27 
39 39 39 39 30 39 38 38 39 27 
39 39 39 39 30 39 39 38 39 27 
39 39 39 39 30 39 39 39 39 27 
39 40 39 39 40 39 39 39 39 27 
39 40 39 40 40 39 39 39 39 27 
40 40 39 40 40 39 39 39 39 27 
40 40 40 40 40 39 39 39 39 27 
40 40 40 40 40 40 39 39 39 27 
40 40 40 40 40 40 39 39 40 27 
40 40 40 40 40 40 40 39 40 27 
40 40 40 40 40 40 40 40 40 27 
46 40 40 40 40 40 40 40 40 46 
46 40 40 40 46 40 40 40 40 46 
46 40 40 40 47 40 47 40 40 46 
46 40 40 40 47 51 51 40 40 46 
46 50 40 40 50 51 51 40 40 46 
46 50 40 40 50 51 51 40 50 46 
46 50 40 40 51 51 51 40 50 46 
46 50 40 40 51 51 51 40 51 46 
46 50 40 40 51 51 51 40 51 46 
57 50 40 40 51 51 57 40 51 46 
57 50 57 40 51 51 57 40 51 46 
57 50 57 57 51 51 57 40 51 46 
57 50 57 57 51 57 57 40 51 46 
57 50 57 57 51 57 57 57 51 46 
57 59 57 57 59 57 57 57 51 46 
59 59 57 57 59 57 57 57 51 46 
59 59 59 57 59 57 57 57 51 46 
59 59 59 59 59 57 57 57 51 46 
59 59 59 59 59 59 57 57 51 46 
59 59 59 59 59 59 59 57 51 46 
59 59 59 59 59 59 59 57 51 59 
59 59 59 59 59 59 59 59 51 59 
64 59 59 59 59 59 59 59 64 59 
64 59 64 59 59 59 59 59 64 59 
64 59 64 64 59 59 59 59 64 59 
64 59 64 64 64 59 59 59 64 59 
64 59 64 64 64 64 59 59 64 59 
64 59 64 64 64 64 64 59 64 59 
64 59 64 64 64 64 64 64 64 59 
64 69 64 64 69 64 64 64 64 59 
64 69 64 64 70 64 70 64 64 59 
64 69 64 64 70 64 70 64 70 59 
72 69 64 64 70 64 70 72 70 59 
72 69 64 64 70 72 70 72 70 59 
72 69 64 64 70 72 72 72 70 59 
72 69 64 64 70 72 72 72 70 72 
72 69 64 64 70 72 72 72 72 72 
72 69 64 64 70 72 72 72 72 72 
78 78 64 64 70 72 72 72 72 72 
78 78 64 64 70 72 78 72 72 72 
78 78 64 78 70 72 78 72 72 72 
78 78 78 78 70 72 78 72 72 72 
78 78 78 78 70 78 78 72 72 72 
78 78 78 78 78 78 78 72 72 72 
78 78 78 78 78 78 78 78 72 72 
78 78 78 78 78 78 78 78 72 72 
78 78 78 78 78 78 78 78 78 72 
78 78 78 78 78 78 78 78 78 72 
78 78 78 78 78 78 78 78 78 78 
78 78 78 84 78 78 84 78 78 78 
86 78 78 84 78 86 84 78 78 78 
86 78 86 84 78 86 84 78 78 78 
86 78 86 84 78 86 84 78 86 78 
86 78 86 86 78 86 84 86 86 78 
86 78 86 86 78 86 86 86 86 78 
86 91 86 86 91 86 86 86 86 78 
91 91 86 86 91 86 86 86 86 78 
91 91 86 86 91 86 91 86 86 78 
91 91 91 86 91 86 91 86 86 78 
91 91 91 91 91 86 91 86 86 78 
91 91 91 93 91 86 91 93 86 78 
91 91 91 93 91 93 91 93 93 78 
91 91 91 93 91 93 91 93 93 91 
91 91 91 93 93 93 91 93 93 91 
91 91 91 93 93 93 91 93 93 91 
91 91 91 93 93 93 91 93 93 91 
91 91 91 93 97 93 97 93 93 91 
91 91 91 93 97 97 97 93 93 91 
100 91 91 93 97 97 97 100 93 91 
101 101 91 93 97 97 97 100 93 91 
101 101 91 93 97 97 97 100 101 91 
101 101 91 93 97 101 97 100 101 91 
101 101 91 93 106 101 106 100 101 91 
101 101 91 93 106 101 107 100 101 107 
108 101 91 93 106 101 107 108 101 107 
108 101 108 108 106 101 107 108 101 107 
108 101 108 108 106 101 107 108 101 107 
108 101 108 108 108 101 107 108 101 107 
109 101 108 108 108 101 107 108 109 107 
109 101 108 108 108 108 107 108 109 107 
109 101 108 108 108 108 108 108 109 107 
109 101 109 108 108 108 108 108 109 107 
109 101 109 109 108 108 108 108 109 107 
109 101 109 109 108 109 108 108 109 107 
110 110 109 109 108 109 108 108 109 107 
115 110 109 109 108 109 115 108 109 107 
115 110 115 109 108 109 115 108 109 107 
115 110 115 115 108 109 115 108 109 107 
115 110 115 115 115 109 115 108 109 107 
115 110 115 115 115 115 115 108 109 107 
115 110 115 115 115 115 115 108 115 107 
115 110 115 115 115 115 115 108 115 115 
115 110 115 116 115 115 115 116 115 115 
121 121 115 116 115 115 115 116 115 115 
121 121 121 116 115 115 115 116 115 115 
121 121 121 116 121 115 115 116 115 115 
121 121 121 116 121 115 121 116 115 115 
121 121 121 123 121 123 121 116 115 115 
121 121 121 123 121 123 121 116 123 115 
121 121 121 123 121 123 121 123 123 115 
121 121 121 123 121 123 123 123 123 115 
121 127 121 123 127 123 123 123 123 115 
128 127 121 123 127 123 123 123 123 128 
128 128 128 123 127 123 123 123 123 128 
128 128 128 128 127 123 123 123 123 128 
128 128 128 128 127 123 128 123 123 128 
128 128 128 128 128 123 128 123 123 128 
128 128 128 128 128 128 128 123 123 128 
128 128 128 128 128 128 128 123 123 128 
128 128 128 128 128 128 128 123 128 128 
128 128 128 128 134 128 128 123 128 134 
136 128 128 128 134 128 136 123 128 134 
136 128 136 128 134 128 136 123 128 134 
136 128 136 136 134 128 136 123 128 134 
136 128 136 136 136 128 136 123 128 134 
136 128 136 136 136 136 136 123 128 134 
136 128 136 136 136 136 136 123 128 136 
136 128 136 136 136 136 136 123 136 136 
136 128 136 136 136 136 136 123 136 136 
136 128 136 137 136 136 136 137 136 136 
136 139 136 137 136 136 139 137 136 136 
136 139 136 137 142 136 142 137 136 136 
136 139 143 137 142 136 143 137 136 136 
145 139 143 137 142 145 143 137 136 136 
145 145 143 137 142 145 143 137 136 136 
145 145 145 137 142 145 143 137 136 136 
145 145 145 137 142 145 143 137 145 136 
145 145 145 137 142 145 145 137 145 136 
145 145 145 145 142 145 145 137 145 136 
145 145 145 145 142 145 145 137 145 145 
145 145 145 145 148 148 145 137 145 145 
153 145 145 145 148 148 153 137 145 145 
153 153 145 145 148 153 153 137 145 145 
153 153 145 145 148 153 153 137 145 145 
153 153 145 153 148 153 153 137 145 145 
153 153 153 153 148 153 153 137 145 145 
153 153 153 153 148 153 153 137 145 145 
153 153 153 153 148 153 153 137 145 153 
153 153 153 153 154 153 154 137 145 153 
153 153 153 153 154 153 155 137 155 153 
153 159 153 153 154 159 155 137 155 153 
153 159 159 153 154 159 155 137 155 153 
153 159 159 159 154 159 155 137 155 153 
153 159 159 159 154 159 159 137 155 153 
153 159 159 159 154 159 159 137 155 159 
160 159 159 159 154 160 159 137 155 159 
160 159 159 159 154 160 160 137 155 159 
160 159 159 159 154 160 160 160 155 159 
160 159 159 159 163 160 163 160 155 159 
166 159 159 159 163 166 163 160 155 159 
166 167 159 159 163 167 163 160 155 159 
166 167 159 159 163 167 167 160 155 159 
172 167 159 159 172 167 167 160 155 159 
172 167 159 159 172 167 167 160 172 159 
172 167 159 159 172 167 172 160 172 172 
173 167 159 173 172 167 172 160 172 172 
173 173 159 173 172 167 172 160 172 172 
173 173 159 173 172 173 172 160 172 172 
173 173 173 173 172 173 172 160 172 172 
173 173 173 173 172 173 172 160 172 172 
173 173 173 173 172 173 173 160 172 172 
173 173 173 173 172 173 173 173 172 172 
173 173 173 179 172 179 173 173 172 172 
181 173 173 181 172 179 173 173 172 172 
181 173 173 181 172 179 181 173 172 172 
181 173 173 181 172 179 181 173 172 181 
181 181 173 181 172 179 181 173 172 181 
181 181 183 183 172 179 181 173 172 181 
181 181 183 183 172 179 181 173 183 181 
185 181 183 183 172 185 181 173 183 181 
185 181 183 187 172 185 181 187 183 181 
185 181 183 187 187 185 181 187 183 181 
185 188 183 188 187 185 181 187 183 181 
190 188 183 188 187 185 190 187 183 181 
190 188 190 188 187 185 190 187 183 181 
190 190 190 188 187 185 190 187 183 181 
190 190 190 190 187 185 190 187 183 181 
190 190 190 190 190 185 190 187 183 181 
190 190 190 190 190 191 191 187 183 181 
190 190 190 190 190 191 191 187 191 181 
190 190 190 190 190 191 194 187 191 194 
190 197 190 190 190 191 197 187 191 194 
197 197 190 190 190 191 197 187 191 194 
197 197 190 190 190 197 197 187 191 194 
197 197 190 190 190 197 199 187 199 194 
200 197 190 200 190 197 199 187 199 194 
200 200 190 200 190 197 199 187 199 194 
200 200 200 200 190 197 199 187 199 194 
200 200 200 200 190 197 200 187 199 194 
200 200 200 200 190 200 200 187 199 194 
200 200 200 200 200 200 200 187 199 194 
200 200 200 200 200 200 200 187 199 194 
200 200 200 200 200 200 200 200 199 194 
200 200 200 200 200 200 200 200 200 194 
200 200 200 206 200 206 200 200 200 194 
200 200 200 207 207 206 200 200 200 194 
200 200 200 207 207 206 200 207 200 194 
208 200 200 208 207 206 200 207 200 194 
208 200 200 208 207 206 208 207 200 194 
208 200 200 208 207 206 208 207 200 208 
208 208 200 208 207 206 208 207 200 208 
208 208 200 208 208 206 208 207 200 208 
208 208 210 208 208 206 208 207 200 210 
208 208 210 208 208 206 208 207 210 210 
208 214 210 208 208 206 208 207 210 214 
216 214 210 208 208 206 208 207 210 216 
216 214 210 208 216 206 208 207 210 216 
216 214 210 208 216 218 218 207 210 216 
218 214 210 208 216 218 218 207 210 216 
218 214 218 208 216 218 218 207 210 216 
218 214 218 218 216 218 218 207 210 216 
218 214 218 218 216 218 218 207 210 218 
218 220 218 218 216 218 220 207 210 218 
218 220 218 218 216 218 220 207 220 218 
226 220 218 218 216 218 226 207 220 218 
226 220 218 218 216 218 226 207 226 218 
226 227 218 218 216 218 227 207 226 218 
226 227 218 218 216 218 227 207 226 227 
226 227 218 218 227 218 227 207 226 227 
226 227 218 218 227 227 227 207 227 227 
226 227 218 228 227 227 227 228 227 227 
235 227 218 228 227 227 235 228 227 227 
235 227 236 228 227 227 235 228 227 236 
235 227 236 228 243 227 235 228 227 243 
245 227 236 228 243 227 235 228 245 243 
245 245 236 228 243 227 235 228 245 243 
245 245 245 228 243 227 235 228 245 245 
245 245 245 245 243 227 235 228 245 245 
245 245 245 245 243 227 249 249 245 245 
245 245 253 245 243 227 249 249 245 253 
257 257 253 245 243 227 249 249 245 253 
257 259 253 245 243 227 249 249 259 253 
257 259 253 245 243 259 249 249 259 253 
259 259 253 245 243 259 249 249 259 253 
259 259 253 245 243 259 249 249 259 259 
259 259 261 245 261 259 249 249 259 259 
259 259 261 245 261 259 263 263 259 259 
267 267 261 245 261 259 263 263 259 259 
267 267 261 245 261 259 267 263 259 259 
267 267 269 245 269 259 267 263 259 259 
267 267 269 269 269 259 269 263 259 259 
273 267 269 269 269 259 269 263 259 273 
273 267 269 269 269 259 269 263 273 273 
273 267 269 269 269 273 269 263 273 273 
273 267 269 269 269 273 269 263 273 273 
273 267 269 269 269 273 273 263 273 273 
273 267 269 269 269 273 273 263 273 273 
273 267 269 269 269 273 273 263 273 273 
275 275 269 269 269 273 273 263 273 273 
275 275 269 269 269 273 275 263 273 273 
275 275 278 269 278 273 275 263 273 273 
285 275 278 269 278 273 275 263 285 273 
285 275 278 269 278 285 275 263 285 273 
285 275 278 269 278 285 285 263 285 273 
285 275 278 269 278 285 285 263 285 285 
291 275 278 269 278 285 285 263 291 285 
291 275 278 269 278 291 285 263 291 285 
291 275 278 269 278 291 291 263 291 285 
291 275 278 269 278 291 291 263 291 291 
291 275 278 269 278 291 291 297 297 291 
291 275 278 269 278 291 291 303 303 291 
305 275 278 269 278 291 291 303 303 305 
305 305 278 269 278 291 291 303 303 305 
305 305 305 269 278 291 291 303 303 305 
305 305 305 305 278 291 291 303 303 305 
305 305 305 305 305 291 291 303 303 305 
305 305 305 305 305 291 305 303 303 305 
305 305 305 305 305 291 305 303 305 305 
305 305 305 305 305 306 305 303 305 306 
305 305 305 311 305 306 305 303 305 311 
305 305 305 311 305 306 305 303 311 311 
305 305 313 311 305 306 305 303 311 313 
305 305 313 311 314 306 305 303 311 314 
305 305 313 311 314 314 305 303 311 314 
305 305 313 311 314 314 305 315 315 314 
305 305 313 320 314 314 305 315 315 320 
305 305 313 320 314 322 305 315 315 322 
327 305 313 320 327 322 305 315 315 322 
327 305 313 320 327 322 327 315 315 322 
327 305 313 320 327 322 327 327 315 322 
327 305 313 320 327 322 327 327 315 327 
327 332 313 320 327 322 327 327 332 327 
327 332 313 329 327 322 327 327 332 329 
332 332 313 329 327 322 327 327 332 329 
332 332 313 329 332 322 327 327 332 329 
332 332 313 329 332 322 332 327 332 329 
332 332 313 329 332 322 332 332 332 329 
332 332 313 329 332 322 332 332 332 332 
332 332 313 337 332 322 332 332 332 337 
332 332 313 337 339 322 339 332 332 337 
332 332 313 337 339 322 339 339 332 337 
332 332 313 337 339 322 339 339 339 337 
332 332 313 337 339 322 339 339 339 339 
352 332 313 337 339 322 339 339 352 339 
352 352 313 337 339 322 339 339 352 339 
352 352 313 337 352 322 339 352 352 339 
352 352 313 337 352 322 339 352 352 339 
352 352 313 337 352 322 352 352 352 339 
352 352 313 337 352 322 352 352 352 339 
352 352 313 337 352 322 352 352 352 352 
352 352 313 337 352 322 352 352 352 352 
352 352 313 337 359 322 352 359 352 352 
352 352 313 337 359 322 352 359 359 352 
365 352 313 337 359 322 352 359 365 352 
365 352 313 337 359 322 352 365 365 352 
365 366 313 337 359 322 352 365 366 352 
370 366 313 337 359 322 352 365 366 370 
370 366 313 337 370 322 352 365 366 370 
370 366 313 337 370 322 352 370 366 370 
370 366 313 337 370 322 370 370 366 370 
370 366 313 337 370 322 370 370 370 370 
371 366 371 337 370 322 370 370 370 370 
371 366 371 371 370 322 370 370 370 370 
371 366 371 371 371 322 370 370 370 370 
371 366 371 371 371 322 370 370 371 370 
371 366 371 371 378 322 370 370 371 378 
371 366 381 371 378 322 370 370 371 381 
381 366 381 371 378 322 370 370 371 381 
381 366 381 371 381 322 370 370 371 381 
381 366 381 381 381 322 370 370 371 381 
381 366 381 381 381 322 370 370 381 381 
381 366 384 381 381 384 370 370 381 381 
381 366 384 381 381 384 370 384 381 381 
381 366 384 381 384 384 370 384 381 381 
381 366 384 381 391 384 391 384 381 381 
381 366 384 381 391 384 391 384 381 384 
381 366 384 381 391 384 391 384 381 384 
381 366 384 393 391 393 391 384 381 384 
381 366 391 393 391 393 391 384 381 384 
381 366 393 393 391 393 391 384 381 384 
381 366 393 393 393 393 391 384 381 384 
381 366 393 393 393 393 393 384 381 384 
381 366 393 393 393 393 393 384 393 384 
381 366 403 393 393 403 393 384 393 384 
453.0 455.0 449.0 420.0 453.0 452.0 452.0 474.0 462.0 482.0 
;
EXECUTION TIME HBSS: 14773.6062582 seconds 

-------------------------------------------------------------------
