DATFILE : offices1_7r_250.dat
ENVIRONMENT : office
ALGORITHM : HBSS - TAU 7
RANGE : 250
STARTING_POS : 42
N_ROBOTS : 7
GREEDY SOLUTION : 790.0
COMPUTATIONS T :
805.0
733.0
816.0
780.0
804.0
792.0
747.0
787.0
787.0
772.0
790.0
783.0
798.0
790.0
770.0
795.0
790.0
762.0
790.0
790.0
769.0
790.0
751.0
790.0
790.0
782.0
794.0
790.0
759.0
790.0
777.0
821.0
804.0
759.0
790.0
790.0
771.0
790.0
735.0
790.0
771.0
809.0
805.0
760.0
808.0
790.0
768.0
830.0
759.0
812.0
759.0
790.0
780.0
743.0
790.0
754.0
783.0
790.0
793.0
790.0
797.0
767.0
814.0
790.0
790.0
784.0
790.0
790.0
790.0
796.0
790.0
790.0
825.0
789.0
790.0
790.0
771.0
790.0
761.0
786.0
799.0
772.0
810.0
790.0
820.0
794.0
796.0
790.0
793.0
790.0
736.0
820.0
724.0
790.0
790.0
790.0
792.0
815.0
790.0
790.0
767.0
688.0
792.0
784.0
790.0
790.0
758.0
790.0
768.0
780.0
812.0
824.0
783.0
775.0
778.0
801.0
789.0
790.0
755.0
761.0
790.0
790.0
790.0
766.0
770.0
748.0
790.0
790.0
757.0
810.0
790.0
770.0
750.0
790.0
790.0
745.0
790.0
783.0
777.0
790.0
790.0
757.0
788.0
785.0
827.0
790.0
790.0
780.0
780.0
790.0
790.0
762.0
787.0
774.0
730.0
803.0
728.0
778.0
806.0
756.0
765.0
769.0
780.0
790.0
780.0
775.0
782.0
775.0
752.0
790.0
793.0
790.0
782.0
738.0
790.0
812.0
856.0
784.0
810.0
790.0
771.0
775.0
792.0
790.0
789.0
737.0
835.0
790.0
770.0
793.0
792.0
790.0
782.0
778.0
790.0
790.0
771.0
756.0
796.0
804.0
;
HBBS bestT : 688.0
BEST_CONFIGURATIONS : 
42 42 42 42 42 42 42 
41 42 42 42 42 42 42 
41 42 5 24 42 42 42 
41 42 5 24 42 42 42 
41 42 5 24 42 42 42 
41 42 5 24 42 42 42 
41 42 5 24 42 42 42 
41 42 5 24 36 42 42 
41 42 5 24 36 42 42 
41 42 5 24 36 42 42 
41 42 5 24 36 40 42 
41 42 5 24 36 40 42 
41 42 5 24 36 40 42 
41 42 5 24 36 40 42 
41 42 5 24 36 40 42 
41 42 5 24 36 40 42 
41 42 5 24 36 40 4 
41 42 5 24 36 40 4 
41 42 5 24 36 40 4 
41 42 5 24 36 40 4 
41 42 5 24 36 40 4 
41 42 5 24 36 40 4 
36 42 5 24 35 40 4 
36 41 5 24 35 40 4 
36 41 5 24 35 40 4 
36 41 5 4 35 40 4 
36 41 5 4 35 40 4 
36 41 5 4 35 40 24 
36 41 5 4 34 40 24 
36 41 5 4 34 40 24 
36 41 5 4 34 40 24 
36 41 5 4 34 40 24 
36 41 5 4 34 40 24 
36 41 5 4 34 40 24 
36 41 5 4 33 40 24 
36 41 5 4 33 40 24 
36 41 5 4 33 40 24 
36 41 5 4 33 40 24 
36 41 5 4 33 40 24 
36 41 5 4 33 40 24 
36 41 5 4 32 40 24 
36 41 24 4 32 40 24 
36 41 24 4 32 40 24 
36 41 24 4 32 40 24 
36 41 24 4 32 40 3 
36 40 24 4 32 40 3 
36 40 24 4 32 40 3 
36 40 24 4 32 40 3 
36 40 24 4 32 40 3 
36 40 24 4 27 40 3 
36 40 24 4 27 40 3 
36 40 24 4 27 39 3 
36 40 24 4 27 39 3 
36 40 4 4 27 39 3 
36 40 4 4 32 39 3 
36 40 4 24 32 39 3 
36 40 4 24 32 39 3 
41 40 4 24 32 39 3 
41 40 4 24 32 39 3 
41 39 4 24 27 39 3 
41 39 4 5 27 39 3 
41 39 4 5 27 39 3 
41 39 3 5 27 26 3 
41 39 3 5 27 26 3 
41 39 3 5 27 26 3 
42 39 3 5 27 26 3 
42 39 3 24 27 26 3 
42 39 3 24 32 26 3 
42 26 3 24 32 26 23 
42 26 3 24 32 26 23 
42 26 3 24 32 26 23 
42 26 3 24 32 26 23 
42 26 3 24 32 27 23 
42 26 3 24 32 27 23 
42 26 3 4 32 27 23 
42 26 3 4 32 27 23 
5 26 3 4 32 27 23 
5 26 3 4 32 31 23 
5 26 3 4 32 31 23 
5 26 3 4 27 31 23 
5 26 3 4 27 31 23 
5 26 3 4 32 31 23 
5 26 3 4 32 31 2 
5 26 3 4 32 31 2 
5 26 3 4 32 31 2 
5 26 3 4 32 31 2 
5 26 3 4 32 31 2 
5 26 3 4 32 31 2 
5 26 3 4 27 31 2 
5 26 3 24 27 31 2 
5 38 3 24 27 31 2 
5 38 3 24 27 31 2 
5 38 3 24 27 30 2 
5 38 3 24 27 30 2 
5 38 3 24 27 30 2 
5 38 3 24 27 30 2 
5 38 3 24 32 30 2 
5 38 3 24 32 30 2 
5 38 3 24 32 30 23 
5 38 3 24 32 30 23 
40 38 23 24 32 30 23 
40 38 23 24 32 30 2 
40 38 23 24 32 30 2 
40 26 23 24 33 30 2 
40 26 23 24 33 30 2 
40 26 23 24 33 29 2 
40 26 23 24 33 29 2 
40 26 23 24 33 29 2 
40 26 23 3 33 29 2 
40 26 23 3 33 29 2 
40 26 23 3 33 29 2 
40 27 23 3 33 29 2 
40 27 23 3 33 29 2 
40 27 1 3 33 29 2 
40 27 1 3 33 29 2 
40 27 1 3 33 29 2 
40 27 1 3 33 29 2 
40 27 1 3 33 29 2 
39 27 1 3 33 29 2 
39 27 1 3 33 29 2 
39 27 1 3 33 29 2 
39 27 1 3 33 29 2 
39 32 1 3 33 29 2 
39 32 1 3 33 29 2 
39 32 1 3 33 29 2 
39 32 1 3 33 29 23 
39 32 1 3 33 29 23 
39 32 1 24 33 29 23 
39 32 1 24 33 30 23 
39 32 1 24 33 30 23 
39 32 1 24 33 30 23 
39 32 1 24 33 30 26 
39 32 1 24 33 30 26 
39 31 1 24 33 30 26 
39 31 1 24 33 30 26 
39 31 1 24 33 30 26 
39 31 1 24 33 30 26 
39 31 1 4 33 30 26 
39 31 1 4 33 30 38 
39 31 1 4 33 30 38 
39 31 1 4 33 30 38 
39 31 1 4 33 30 38 
39 31 1 4 33 29 38 
39 31 1 4 33 29 38 
26 31 1 4 33 29 38 
26 31 1 4 34 29 38 
26 31 1 4 34 29 38 
26 31 1 4 34 29 38 
26 31 23 4 34 29 38 
26 31 23 3 34 29 38 
26 31 23 3 34 28 38 
26 31 23 3 34 28 38 
26 31 23 3 34 28 38 
26 31 23 3 34 28 38 
26 31 23 3 35 28 38 
26 31 23 3 35 28 38 
26 31 23 3 35 28 38 
26 27 23 3 35 28 38 
26 27 23 3 35 28 38 
26 27 23 3 35 28 37 
26 27 23 3 35 28 37 
26 27 23 3 35 28 37 
26 27 23 3 35 28 37 
26 27 23 3 35 28 43 
26 27 23 3 34 28 43 
26 27 23 3 34 28 43 
26 27 23 3 34 28 43 
26 27 23 2 34 28 43 
26 32 23 2 34 28 43 
26 32 23 2 34 28 43 
26 32 23 2 34 28 37 
26 32 23 2 34 28 37 
39 32 23 2 34 28 37 
39 32 23 2 34 28 37 
39 32 1 2 34 28 37 
39 32 1 2 34 28 37 
39 33 1 2 34 28 37 
39 33 1 2 34 28 43 
39 33 1 2 34 29 43 
38 33 1 2 34 29 43 
38 33 1 2 35 29 43 
38 33 1 2 35 29 43 
38 33 1 2 35 29 37 
38 33 1 2 35 29 37 
38 33 0 2 35 29 37 
38 33 0 2 35 29 37 
38 33 0 2 35 29 37 
38 33 0 2 35 29 37 
38 32 0 2 35 29 37 
38 32 0 2 35 29 37 
38 32 0 2 35 29 43 
38 32 0 23 35 29 43 
26 32 0 23 35 29 43 
26 27 0 23 35 29 43 
26 27 0 23 35 30 43 
26 27 0 23 35 30 43 
26 27 0 23 35 30 37 
26 31 0 23 35 30 37 
26 31 0 23 35 30 37 
39 31 0 23 35 30 37 
39 31 0 23 35 30 37 
39 31 0 1 35 30 37 
39 31 0 1 35 30 43 
23 31 25 1 35 30 43 
23 31 25 1 35 30 43 
23 31 25 1 35 30 43 
23 31 25 1 35 27 43 
23 31 25 1 35 27 37 
23 31 25 1 35 27 43 
2 31 25 1 35 27 43 
2 31 25 1 35 26 43 
2 30 25 1 35 26 43 
2 30 25 0 35 26 43 
2 30 25 0 35 38 43 
2 29 25 0 35 38 43 
2 29 25 0 30 38 43 
2 29 25 0 30 38 28 
2 29 25 0 30 38 28 
2 29 25 0 30 38 28 
2 29 25 0 30 38 28 
3 29 25 0 30 38 28 
3 28 25 0 30 38 17 
3 28 25 0 30 38 17 
3 28 25 0 29 38 17 
3 28 25 0 29 26 17 
3 28 25 0 29 27 17 
3 28 25 0 30 27 17 
3 17 43 0 30 27 17 
3 17 43 0 30 31 17 
3 17 43 38 30 31 17 
3 17 37 38 30 31 17 
3 17 37 38 30 31 19 
3 17 37 38 30 31 19 
3 17 37 38 29 31 19 
3 17 37 38 29 31 19 
37 17 43 38 29 31 19 
37 17 43 38 29 31 19 
37 17 43 38 30 31 19 
37 28 43 38 30 31 19 
37 17 43 38 30 31 16 
37 17 19 38 30 31 16 
37 17 19 27 30 31 16 
37 17 19 27 28 31 16 
37 17 19 27 28 29 16 
37 17 19 31 28 29 16 
37 17 19 31 28 30 16 
16 17 6 31 28 30 16 
16 17 6 31 28 30 16 
16 17 6 31 19 30 16 
16 17 6 31 19 30 22 
16 17 6 31 19 30 22 
16 17 6 31 19 30 22 
16 17 6 27 19 30 22 
16 17 6 27 19 30 22 
16 17 6 27 19 29 22 
16 17 6 27 19 29 7 
16 17 6 27 19 29 7 
16 17 6 27 19 29 7 
16 17 6 27 19 29 7 
16 17 6 30 19 29 22 
16 17 6 30 19 31 22 
16 17 22 30 19 31 7 
6 17 10 30 19 31 7 
6 17 10 30 16 31 7 
6 17 10 30 16 31 7 
6 17 10 30 16 31 22 
6 17 10 34 16 35 22 
6 17 11 34 16 35 22 
6 17 11 34 16 35 15 
6 7 11 34 16 35 15 
6 7 11 34 16 35 15 
6 7 11 34 16 35 15 
6 7 11 34 16 35 15 
6 7 11 33 16 35 15 
6 7 11 33 16 35 15 
6 22 11 33 16 35 15 
6 22 11 33 16 35 15 
6 22 11 33 16 32 15 
6 22 11 27 16 32 15 
6 22 11 27 19 32 15 
6 22 21 27 19 32 15 
6 7 21 27 19 32 15 
6 7 21 27 19 32 15 
6 7 21 27 19 32 15 
6 7 21 27 19 32 15 
6 22 21 27 19 32 15 
6 22 21 26 19 32 15 
6 22 21 26 19 33 15 
6 22 21 26 17 33 15 
6 22 21 38 17 33 15 
7 22 8 38 17 33 15 
7 22 8 38 17 33 15 
7 22 8 38 17 33 15 
7 22 8 38 28 33 15 
7 22 8 37 28 33 15 
7 22 8 37 28 31 15 
7 10 8 37 28 31 15 
7 10 8 37 28 31 15 
7 10 8 37 29 31 15 
7 10 8 43 29 31 15 
15 10 8 43 29 30 15 
15 10 21 43 29 30 15 
15 10 21 43 29 30 13 
15 10 21 43 29 30 13 
15 10 8 43 29 30 13 
15 10 8 43 17 30 13 
15 10 8 43 17 30 13 
15 10 8 38 17 30 13 
15 10 21 38 17 30 13 
15 10 21 38 17 29 13 
15 10 21 26 17 29 13 
22 10 21 26 17 29 13 
22 11 21 26 17 29 13 
22 11 21 26 17 29 13 
22 11 21 27 17 29 13 
22 11 8 27 17 29 13 
22 11 8 27 17 31 13 
22 11 8 32 17 31 13 
10 11 8 32 17 31 13 
10 11 8 32 16 31 13 
10 11 8 33 16 31 13 
10 11 12 33 16 31 13 
10 11 12 33 16 31 13 
10 11 12 33 16 31 13 
10 11 12 34 16 31 13 
10 11 12 34 16 23 13 
10 11 20 34 16 23 13 
10 11 20 34 16 23 13 
10 11 20 34 16 23 13 
10 11 20 34 16 23 13 
10 11 20 35 16 23 13 
10 11 20 35 16 23 13 
10 11 20 35 16 39 13 
10 21 20 35 16 39 13 
10 21 20 35 15 39 13 
21 8 20 35 15 39 13 
21 8 20 35 15 39 13 
21 8 20 36 15 39 13 
21 8 20 36 15 39 13 
21 8 20 36 15 40 13 
8 8 20 36 14 40 13 
8 21 20 36 14 40 13 
8 21 20 36 14 40 13 
8 21 20 36 14 40 13 
8 21 20 35 14 40 13 
8 21 20 35 14 39 13 
8 21 9 35 14 39 13 
8 21 9 35 14 39 13 
8 21 9 35 14 39 13 
8 21 9 34 14 39 13 
8 21 9 34 14 39 15 
8 21 9 34 14 26 15 
8 11 9 34 14 26 15 
8 11 9 34 14 26 15 
8 11 9 33 14 26 15 
12 11 9 33 14 26 15 
12 11 9 33 14 26 15 
12 11 9 33 14 27 15 
12 11 9 33 14 27 22 
12 21 9 33 14 27 22 
12 21 9 32 14 27 22 
12 21 9 32 14 31 22 
12 21 20 32 14 31 22 
12 21 20 32 14 31 7 
12 8 20 32 14 31 7 
12 8 20 32 14 30 7 
20 8 9 32 14 30 7 
20 8 9 32 14 29 7 
20 8 9 32 14 29 6 
20 10 9 32 14 29 6 
20 10 9 17 14 29 6 
20 10 9 17 14 29 16 
18 10 9 17 14 29 16 
18 10 20 17 14 29 16 
18 10 20 17 14 33 16 
18 12 20 17 14 33 16 
18 12 20 17 14 34 16 
18 12 20 17 14 35 16 
18 12 20 17 14 36 16 
18 12 20 17 14 41 16 
18 12 20 40 14 41 16 
18 12 34 40 14 42 16 
18 12 34 40 14 42 35 
42 42 42 42 42 42 42 
;
ROBOT MOVING BEST:
0 0 0 0 0 0 0 
1 1 0 0 0 0 0 
0 0 1 1 0 0 0 
1 0 1 0 0 0 0 
1 0 0 1 0 0 0 
0 1 1 0 0 0 0 
0 1 0 1 0 0 0 
0 0 1 0 1 0 0 
1 0 0 0 1 0 0 
0 1 0 0 1 0 0 
0 0 1 0 0 1 0 
1 0 0 0 0 1 0 
0 1 0 0 0 1 0 
0 0 0 1 1 0 0 
0 0 0 1 0 1 0 
0 0 0 0 1 1 0 
0 0 0 0 1 0 1 
1 0 0 0 0 0 1 
0 1 0 0 0 0 1 
0 0 1 0 0 0 1 
0 0 0 1 0 0 1 
0 0 0 0 0 1 1 
1 0 0 0 1 0 0 
0 1 0 0 1 0 0 
0 0 1 0 1 0 0 
0 0 0 1 1 0 0 
0 0 0 0 1 1 0 
0 0 0 0 1 0 1 
0 1 0 0 1 0 0 
1 0 0 0 1 0 0 
0 0 1 0 1 0 0 
0 0 0 1 1 0 0 
0 0 0 0 1 1 0 
0 0 0 0 1 0 1 
1 0 0 0 1 0 0 
0 1 0 0 1 0 0 
0 0 1 0 1 0 0 
0 0 0 1 1 0 0 
0 0 0 0 1 1 0 
0 0 0 0 1 0 1 
1 0 0 0 1 0 0 
0 0 1 0 1 0 0 
0 0 0 1 1 0 0 
0 0 0 0 1 1 0 
1 0 0 0 0 0 1 
0 1 0 0 0 0 1 
0 0 1 0 0 0 1 
0 0 0 1 0 0 1 
0 0 0 0 1 0 1 
0 1 0 0 1 0 0 
0 0 0 0 1 0 1 
1 0 0 0 0 1 0 
0 1 0 0 0 1 0 
0 0 1 0 0 1 0 
0 0 0 0 1 1 0 
0 0 0 1 0 1 0 
0 0 0 0 0 1 1 
1 0 0 0 0 1 0 
1 0 0 0 0 0 1 
0 1 0 0 1 0 0 
0 1 0 1 0 0 0 
0 0 0 1 0 0 1 
0 0 1 0 0 1 0 
0 1 0 0 0 1 0 
0 0 0 0 1 1 0 
1 0 1 0 0 0 0 
0 0 0 1 0 1 0 
0 0 0 0 1 1 0 
0 1 0 0 0 0 1 
0 0 1 0 0 0 1 
0 0 0 1 0 0 1 
0 0 0 0 1 0 1 
0 0 0 0 1 1 0 
0 0 0 0 0 1 1 
0 1 0 1 0 0 0 
0 0 0 1 0 0 1 
1 0 0 0 0 0 1 
0 1 0 0 0 1 0 
0 0 1 0 0 1 0 
0 0 0 0 1 1 0 
0 0 0 0 0 1 1 
0 0 0 0 1 1 0 
1 0 0 0 0 0 1 
0 1 0 0 0 0 1 
0 0 1 0 0 0 1 
0 0 0 1 0 0 1 
0 0 0 0 1 0 1 
0 0 0 0 0 1 1 
0 0 0 0 1 0 1 
0 0 0 1 0 0 1 
0 1 1 0 0 0 0 
0 1 0 0 1 0 0 
0 1 0 0 0 1 0 
0 1 0 0 0 0 1 
0 0 0 0 1 1 0 
0 0 0 0 0 1 1 
0 1 0 0 1 0 0 
0 0 0 0 1 1 0 
0 1 0 0 0 0 1 
0 0 0 0 0 1 1 
1 0 1 0 0 0 0 
1 0 0 0 0 0 1 
0 0 1 0 0 0 1 
0 1 0 0 1 0 0 
1 1 0 0 0 0 0 
0 1 0 0 0 1 0 
0 0 1 0 1 0 0 
0 0 1 0 0 1 0 
0 0 0 1 1 0 0 
0 0 0 0 1 1 0 
0 0 0 0 1 0 1 
0 1 0 0 1 0 0 
0 1 0 0 0 1 0 
0 1 1 0 0 0 0 
0 0 1 1 0 0 0 
0 0 1 0 1 0 0 
0 0 1 0 0 1 0 
0 0 1 0 0 0 1 
1 0 1 0 0 0 0 
1 0 0 0 1 0 0 
1 0 0 0 0 1 0 
1 0 0 0 0 0 1 
0 1 1 0 0 0 0 
0 1 0 0 1 0 0 
0 1 0 0 0 1 0 
1 0 0 0 0 0 1 
0 0 1 0 0 0 1 
0 0 1 1 0 0 0 
1 0 0 0 0 1 0 
0 0 1 0 0 1 0 
0 0 0 0 1 1 0 
0 0 1 0 0 0 1 
0 0 0 0 0 1 1 
1 1 0 0 0 0 0 
0 1 1 0 0 0 0 
0 1 0 0 1 0 0 
0 1 0 0 0 1 0 
0 0 1 1 0 0 0 
1 0 0 0 0 0 1 
0 1 0 0 0 0 1 
0 0 0 0 1 0 1 
0 0 1 0 0 0 1 
0 1 0 0 0 1 0 
0 0 0 0 0 1 1 
1 0 0 0 0 0 1 
1 0 0 0 1 0 0 
0 1 0 0 1 0 0 
0 0 0 0 1 0 1 
0 0 1 0 1 0 0 
0 0 0 1 1 0 0 
1 0 0 0 0 1 0 
0 1 0 0 0 1 0 
0 0 1 0 0 1 0 
0 0 0 0 0 1 1 
1 0 0 0 1 0 0 
0 0 1 0 1 0 0 
0 0 0 1 1 0 0 
0 1 0 0 1 0 0 
0 1 0 0 0 1 0 
1 0 0 0 0 0 1 
0 1 0 0 0 0 1 
0 0 1 0 0 0 1 
0 0 0 0 0 1 1 
1 0 0 0 0 0 1 
0 1 0 0 1 0 0 
0 0 1 0 0 0 1 
0 0 0 0 0 1 1 
0 0 0 1 1 0 0 
0 1 0 0 1 0 0 
0 1 0 0 0 1 0 
0 1 0 0 0 0 1 
0 0 0 1 0 0 1 
1 0 0 0 1 0 0 
1 0 0 0 0 0 1 
0 0 1 0 0 1 0 
0 0 1 0 0 0 1 
0 1 0 0 1 0 0 
0 0 1 0 0 0 1 
0 0 0 0 0 1 1 
1 0 0 0 0 0 1 
0 1 0 0 1 0 0 
0 0 0 1 1 0 0 
1 0 0 0 0 0 1 
0 0 0 0 0 1 1 
1 0 1 0 0 0 0 
0 0 1 1 0 0 0 
0 0 1 0 0 1 0 
0 0 1 0 0 0 1 
0 1 1 0 0 0 0 
0 1 0 0 1 0 0 
0 0 1 0 0 0 1 
0 0 1 1 0 0 0 
1 0 1 0 0 0 0 
0 1 1 0 0 0 0 
0 0 1 0 0 1 0 
0 0 0 0 0 1 1 
0 0 0 0 0 1 1 
0 1 1 0 0 0 0 
0 1 0 0 0 0 1 
1 0 1 0 0 0 0 
1 0 0 0 1 0 0 
0 0 1 1 0 0 0 
0 1 0 0 0 0 1 
1 0 1 0 0 0 0 
0 1 1 0 0 0 0 
0 0 1 1 0 0 0 
0 0 1 0 0 1 0 
0 0 1 0 0 0 1 
0 0 1 0 0 0 1 
1 0 1 0 0 0 0 
0 0 1 0 0 1 0 
0 1 1 0 0 0 0 
0 0 1 1 0 0 0 
0 0 1 0 0 1 0 
0 1 1 0 0 0 0 
0 1 0 0 1 0 0 
0 1 0 0 0 0 1 
0 0 1 0 0 0 1 
0 0 0 1 0 0 1 
0 0 0 0 1 0 1 
1 0 0 1 0 0 0 
0 1 0 0 0 0 1 
0 0 1 0 0 0 1 
0 0 0 0 1 0 1 
0 0 0 0 0 1 1 
0 0 0 0 0 1 1 
0 0 0 0 1 0 1 
0 1 1 0 0 0 0 
0 1 0 0 0 1 0 
0 1 0 1 0 0 0 
0 1 1 0 0 0 0 
0 1 0 0 0 0 1 
0 0 1 0 0 0 1 
0 0 0 0 1 0 1 
0 0 0 0 0 1 1 
1 0 1 0 0 0 0 
0 0 1 0 0 0 1 
0 0 0 0 1 0 1 
0 1 0 0 0 0 1 
0 1 0 0 0 0 1 
0 0 1 0 0 0 1 
0 0 0 1 0 0 1 
0 0 0 0 1 0 1 
0 0 0 0 0 1 1 
0 0 0 1 0 0 1 
0 0 0 0 0 1 1 
1 0 1 0 0 0 0 
0 1 1 0 0 0 0 
0 0 1 0 1 0 0 
1 0 0 0 0 0 1 
0 1 0 0 0 0 1 
0 0 1 0 0 0 1 
0 0 0 1 0 0 1 
0 0 0 0 1 0 1 
0 0 0 0 0 1 1 
1 0 0 0 0 0 1 
0 1 0 0 0 0 1 
0 0 1 0 0 0 1 
0 0 0 0 1 0 1 
0 0 0 1 0 0 1 
0 0 0 0 0 1 1 
0 0 1 0 0 0 1 
1 0 1 0 0 0 0 
0 0 1 0 1 0 0 
0 0 1 0 0 0 1 
0 0 1 0 0 0 1 
0 0 0 1 0 1 0 
1 0 1 0 0 0 0 
1 0 0 0 0 0 1 
0 1 1 0 0 0 0 
0 1 0 0 0 0 1 
0 0 1 0 1 0 0 
0 0 1 0 0 0 1 
0 0 0 1 0 0 1 
0 0 0 0 1 0 1 
0 1 1 0 0 0 0 
0 1 0 0 0 0 1 
0 0 0 0 0 1 1 
0 0 0 1 0 0 1 
0 0 0 0 1 0 1 
1 0 1 0 0 0 0 
0 1 1 0 0 0 0 
0 0 1 1 0 0 0 
0 0 1 0 0 1 0 
0 0 1 0 0 0 1 
0 1 1 0 0 0 0 
0 0 0 1 0 0 1 
0 0 1 0 0 1 0 
0 0 0 0 1 0 1 
0 0 0 1 0 0 1 
1 0 1 0 0 0 0 
0 1 1 0 0 0 0 
0 0 1 0 0 0 1 
0 0 0 0 1 0 1 
0 0 0 1 0 0 1 
0 0 0 0 0 1 1 
0 1 1 0 0 0 0 
0 1 0 0 0 0 1 
0 0 0 0 1 0 1 
0 0 0 1 0 0 1 
1 0 0 0 0 1 0 
0 1 1 0 0 0 0 
0 1 0 0 0 0 1 
1 0 0 0 0 0 1 
0 0 1 0 0 0 1 
0 0 0 0 1 0 1 
0 0 0 0 0 1 1 
0 0 0 1 0 0 1 
0 0 1 0 0 0 1 
0 0 0 0 0 1 1 
0 0 0 1 0 0 1 
1 0 0 0 0 0 1 
0 1 1 0 0 0 0 
0 1 0 0 0 0 1 
0 0 0 1 0 0 1 
0 1 1 0 0 0 0 
0 0 0 0 0 1 1 
0 0 0 1 0 0 1 
1 1 0 0 0 0 0 
0 0 0 0 1 0 1 
0 0 0 1 0 0 1 
1 0 1 0 0 0 0 
0 1 1 0 0 0 0 
0 0 1 0 0 0 1 
0 0 0 1 0 0 1 
0 0 0 0 0 1 1 
1 0 1 0 0 0 0 
0 1 1 0 0 0 0 
0 0 1 1 0 0 0 
0 0 1 0 0 0 1 
0 0 1 1 0 0 0 
0 0 0 1 0 0 1 
0 0 0 0 0 1 1 
0 1 1 0 0 0 0 
0 0 0 0 1 1 0 
1 1 0 0 0 0 0 
0 1 1 0 0 0 0 
0 0 1 1 0 0 0 
0 0 0 1 0 0 1 
0 0 0 0 0 1 1 
1 0 0 0 1 0 0 
0 1 0 0 1 0 0 
0 0 1 0 1 0 0 
0 0 0 0 1 0 1 
0 0 0 1 1 0 0 
0 0 0 0 1 1 0 
1 0 1 0 0 0 0 
0 1 1 0 0 0 0 
0 0 1 0 1 0 0 
0 0 0 1 1 0 0 
0 0 0 0 1 0 1 
0 0 0 0 1 1 0 
0 1 1 0 0 0 0 
0 1 0 0 1 0 0 
0 0 0 1 1 0 0 
1 0 1 0 0 0 0 
1 0 0 0 1 0 0 
0 0 0 0 1 1 0 
0 0 0 0 1 0 1 
1 1 0 0 0 0 0 
0 0 0 1 1 0 0 
0 0 0 0 1 1 0 
1 0 1 0 0 0 0 
0 0 0 0 1 0 1 
1 1 0 0 0 0 0 
0 0 0 0 1 1 0 
1 0 1 0 0 0 0 
0 0 0 0 1 1 0 
0 0 0 0 1 0 1 
0 1 0 0 1 0 0 
0 0 0 1 1 0 0 
0 0 0 0 1 0 1 
1 0 1 0 0 0 0 
1 0 1 0 0 0 0 
1 0 0 0 0 1 0 
1 1 0 0 0 0 0 
1 0 0 0 0 1 0 
1 0 0 0 0 1 0 
1 0 0 0 0 1 0 
1 0 0 0 0 1 0 
1 0 0 1 0 0 0 
0 0 1 0 0 1 0 
0 0 0 0 0 1 1 
1 1 1 1 1 0 1 
;
TIMETABLE BEST: 
0.0 0.0 0.0 0.0 0.0 0.0 0.0 
10 10 0 0 0 0 0 
10 10 18 18 0 0 0 
18 10 18 18 0 0 0 
18 10 18 18 0 0 0 
18 18 18 18 0 0 0 
18 18 18 18 0 0 0 
18 18 19 18 19 0 0 
19 18 19 18 19 0 0 
19 19 19 18 19 0 0 
19 19 19 18 19 19 0 
19 19 19 18 19 19 0 
19 19 19 18 19 19 0 
19 19 19 19 19 19 0 
19 19 19 19 19 19 0 
19 19 19 19 19 19 0 
19 19 19 19 25 19 25 
25 19 19 19 25 19 25 
25 25 19 19 25 19 25 
25 25 25 19 25 19 25 
25 25 25 25 25 19 25 
25 25 25 25 25 25 25 
35 25 25 25 35 25 25 
35 35 25 25 35 25 25 
35 35 35 25 35 25 25 
35 35 35 35 35 25 25 
35 35 35 35 35 35 25 
35 35 35 35 35 35 35 
35 43 35 35 43 35 35 
43 43 35 35 43 35 35 
43 43 43 35 43 35 35 
43 43 43 43 43 35 35 
43 43 43 43 43 43 35 
43 43 43 43 43 43 43 
52 43 43 43 52 43 43 
52 52 43 43 52 43 43 
52 52 52 43 52 43 43 
52 52 52 52 52 43 43 
52 52 52 52 52 52 43 
52 52 52 52 52 52 52 
61 52 52 52 61 52 52 
61 52 61 52 61 52 52 
61 52 61 61 61 52 52 
61 52 61 61 61 61 52 
65 52 61 61 61 61 65 
65 65 61 61 61 61 65 
65 65 65 61 61 61 65 
65 65 65 65 61 61 65 
65 65 65 65 65 61 65 
65 71 65 65 71 61 65 
65 71 65 65 71 61 71 
72 71 65 65 71 72 71 
72 72 65 65 71 72 71 
72 72 72 65 71 72 71 
72 72 72 65 77 77 71 
72 72 72 77 77 77 71 
72 72 72 77 77 77 77 
81 72 72 77 77 81 77 
81 72 72 77 77 81 81 
81 83 72 77 83 81 81 
81 85 72 85 83 81 81 
81 85 72 85 83 81 85 
81 85 89 85 83 89 85 
81 89 89 85 83 89 85 
81 89 89 85 89 89 85 
91 89 91 85 89 89 85 
91 89 91 93 89 93 85 
91 89 91 93 95 95 85 
91 98 91 93 95 95 98 
91 98 98 93 95 95 98 
91 98 98 98 95 95 98 
91 98 98 98 98 95 98 
91 98 98 98 102 102 98 
91 98 98 98 102 102 102 
91 105 98 105 102 102 102 
91 105 98 105 102 102 105 
109 105 98 105 102 102 109 
109 109 98 105 102 109 109 
109 109 109 105 102 109 109 
109 109 109 105 109 109 109 
109 109 109 105 109 109 109 
109 109 109 105 115 115 109 
116 109 109 105 115 115 116 
116 116 109 105 115 115 116 
116 116 116 105 115 115 116 
116 116 116 116 115 115 116 
116 116 116 116 116 115 116 
116 116 116 116 116 116 116 
116 116 116 116 122 116 122 
116 116 116 123 122 116 123 
116 124 124 123 122 116 123 
116 124 124 123 124 116 123 
116 124 124 123 124 124 123 
116 124 124 123 124 124 124 
116 124 124 123 124 124 124 
116 124 124 123 124 124 124 
116 130 124 123 130 124 124 
116 130 124 123 130 130 124 
116 131 124 123 130 130 131 
116 131 124 123 130 131 131 
137 131 137 123 130 131 131 
138 131 137 123 130 131 138 
138 131 138 123 130 131 138 
138 139 138 123 139 131 138 
139 139 138 123 139 131 138 
139 139 138 123 139 139 138 
139 139 139 123 139 139 138 
139 139 139 123 139 139 138 
139 139 139 139 139 139 138 
139 139 139 139 139 139 138 
139 139 139 139 139 139 139 
139 146 139 139 146 139 139 
139 146 139 139 146 146 139 
139 149 149 139 146 146 139 
139 149 149 149 146 146 139 
139 149 149 149 149 146 139 
139 149 149 149 149 149 139 
139 149 149 149 149 149 149 
150 149 150 149 149 149 149 
150 149 150 149 150 149 149 
150 149 150 149 150 150 149 
150 149 150 149 150 150 150 
150 155 155 149 150 150 150 
150 155 155 149 155 150 150 
150 155 155 149 155 155 150 
157 155 155 149 155 155 157 
157 155 157 149 155 155 157 
157 155 162 162 155 155 157 
163 155 162 162 155 163 157 
163 155 163 162 155 163 157 
163 155 163 162 163 163 157 
163 155 165 162 163 163 165 
163 155 165 162 163 165 165 
168 168 165 162 163 165 165 
168 168 168 162 163 165 165 
168 168 168 162 168 165 165 
168 168 168 162 168 168 165 
168 168 169 169 168 168 165 
173 168 169 169 168 168 173 
173 173 169 169 168 168 173 
173 173 169 169 173 168 173 
173 173 173 169 173 168 173 
173 176 173 169 173 176 173 
173 176 173 169 173 176 176 
181 176 173 169 173 176 181 
182 176 173 169 182 176 181 
182 182 173 169 182 176 181 
182 182 173 169 182 176 182 
182 182 183 169 183 176 182 
182 182 183 183 183 176 182 
185 182 183 183 183 185 182 
185 185 183 183 183 185 182 
185 185 185 183 183 185 182 
185 185 185 183 183 185 185 
191 185 185 183 191 185 185 
191 185 191 183 191 185 185 
191 185 191 191 191 185 185 
191 192 191 191 192 185 185 
191 192 191 191 192 192 185 
194 192 191 191 192 192 194 
194 194 191 191 192 192 194 
194 194 194 191 192 192 194 
194 194 194 191 192 194 194 
200 194 194 191 192 194 200 
200 200 194 191 200 194 200 
200 200 200 191 200 194 200 
200 200 200 191 200 200 200 
200 200 200 205 205 200 200 
200 206 200 205 206 200 200 
200 206 200 205 206 206 200 
200 206 200 205 206 206 206 
200 206 200 206 206 206 206 
208 206 200 206 208 206 206 
208 206 200 206 208 206 208 
208 206 210 206 208 210 208 
208 206 210 206 208 210 210 
208 215 210 206 215 210 210 
208 215 216 206 215 210 216 
208 215 216 206 215 219 219 
220 215 216 206 215 219 220 
220 223 216 206 223 219 220 
220 223 216 223 223 219 220 
226 223 216 223 223 219 226 
226 223 216 223 223 226 226 
230 223 230 223 223 226 226 
230 223 230 230 223 226 226 
230 223 230 230 223 230 226 
230 223 230 230 223 230 230 
230 232 232 230 223 230 230 
230 232 232 230 232 230 230 
230 232 236 230 232 230 236 
230 232 237 237 232 230 236 
238 232 238 237 232 230 236 
238 238 238 237 232 230 236 
238 238 238 237 232 238 236 
238 238 238 237 232 238 238 
238 238 238 237 232 244 244 
238 245 245 237 232 244 244 
238 245 245 237 232 244 245 
246 245 246 237 232 244 245 
246 245 246 237 246 244 245 
246 245 247 247 246 244 245 
246 251 247 247 246 244 251 
257 251 257 247 246 244 251 
257 257 257 247 246 244 251 
257 257 257 257 246 244 251 
257 257 257 257 246 257 251 
257 257 257 257 246 257 257 
257 257 263 257 246 257 263 
264 257 264 257 246 257 263 
264 257 264 257 246 264 263 
264 265 265 257 246 264 263 
264 265 271 271 246 264 263 
264 265 272 271 246 272 263 
264 273 273 271 246 272 263 
264 277 273 271 277 272 263 
264 277 273 271 277 272 277 
264 277 277 271 277 272 277 
264 277 277 277 277 272 277 
264 277 277 277 277 272 277 
278 277 277 278 277 272 277 
278 287 277 278 277 272 287 
278 287 287 278 277 272 287 
278 287 287 278 287 272 287 
278 287 287 278 287 287 287 
278 287 287 278 287 294 294 
278 287 287 278 295 294 295 
278 298 298 278 295 294 295 
278 301 298 278 295 301 295 
278 302 298 302 295 301 295 
278 304 304 302 295 301 295 
278 307 304 302 295 301 307 
278 307 307 302 295 301 307 
278 307 307 302 307 301 307 
278 307 307 302 307 307 307 
313 307 313 302 307 307 307 
313 307 313 302 307 307 313 
313 307 313 302 315 307 315 
313 317 313 302 315 307 317 
313 331 313 302 315 307 331 
313 331 331 302 315 307 331 
313 331 331 331 315 307 331 
313 331 331 331 331 307 331 
313 331 331 331 331 331 331 
313 331 331 338 331 331 338 
313 331 331 338 331 339 339 
351 331 351 338 331 339 339 
351 351 351 338 331 339 339 
351 351 351 338 351 339 339 
355 351 351 338 351 339 355 
355 355 351 338 351 339 355 
355 355 355 338 351 339 355 
355 355 355 355 351 339 355 
355 355 355 355 355 339 355 
355 355 355 355 355 355 355 
361 355 355 355 355 355 361 
361 361 355 355 355 355 361 
361 361 361 355 355 355 361 
361 361 361 355 361 355 361 
361 361 361 367 361 355 367 
361 361 361 367 361 367 367 
361 361 373 367 361 367 373 
386 361 386 367 361 367 373 
386 361 386 367 386 367 373 
386 361 386 367 386 367 386 
386 361 392 367 386 367 392 
386 361 392 394 386 394 392 
405 361 405 394 386 394 392 
405 361 405 394 386 394 405 
405 405 405 394 386 394 405 
405 405 405 394 386 394 405 
405 405 405 394 405 394 405 
405 405 405 394 405 394 405 
405 405 405 405 405 394 405 
405 405 405 405 405 394 405 
405 411 411 405 405 394 405 
405 411 411 405 405 394 411 
405 411 411 405 405 412 412 
405 411 411 416 405 412 416 
405 411 411 416 419 412 419 
421 411 421 416 419 412 419 
421 421 421 416 419 412 419 
421 421 421 421 419 412 419 
421 421 421 421 419 421 419 
421 421 421 421 419 421 421 
421 427 427 421 419 421 421 
421 427 427 428 419 421 428 
421 427 430 428 419 430 428 
421 427 430 428 431 430 431 
421 427 430 436 431 430 436 
437 427 437 436 431 430 436 
437 437 437 436 431 430 436 
437 437 437 436 431 430 437 
437 437 437 436 441 430 441 
437 437 437 445 441 430 445 
437 437 437 445 441 448 448 
437 450 450 445 441 448 448 
437 450 450 445 441 448 450 
437 450 450 445 450 448 450 
437 450 450 451 450 448 451 
456 450 450 451 450 456 451 
456 457 457 451 450 456 451 
456 465 457 451 450 456 465 
465 465 457 451 450 456 465 
465 465 465 451 450 456 465 
465 465 465 451 465 456 465 
465 465 465 451 465 465 465 
465 465 465 466 465 465 466 
465 465 472 466 465 465 472 
465 465 472 466 465 473 473 
465 465 472 474 465 473 474 
478 465 472 474 465 473 478 
478 478 478 474 465 473 478 
478 478 478 474 465 473 478 
478 478 478 481 465 473 481 
478 485 485 481 465 473 481 
478 485 485 481 465 485 485 
478 485 485 487 465 485 487 
491 491 485 487 465 485 487 
491 491 485 487 491 485 491 
491 491 485 496 491 485 496 
499 491 499 496 491 485 496 
499 499 499 496 491 485 496 
499 499 499 496 491 485 499 
499 499 499 505 491 485 505 
499 499 499 505 491 507 507 
509 499 509 505 491 507 507 
509 509 509 505 491 507 507 
509 509 509 509 491 507 507 
509 509 509 509 491 507 509 
509 509 517 517 491 507 509 
509 509 517 517 491 507 517 
509 509 517 517 491 517 517 
509 519 519 517 491 517 517 
509 519 519 517 520 520 517 
526 526 519 517 520 520 517 
526 526 526 517 520 520 517 
526 526 527 527 520 520 517 
526 526 527 527 520 520 527 
526 526 527 527 520 531 531 
534 526 527 527 534 531 531 
534 534 527 527 534 531 531 
534 534 534 527 534 531 531 
534 534 534 527 534 531 534 
534 534 534 537 537 531 534 
534 534 534 537 542 542 534 
543 534 543 537 542 542 534 
543 543 543 537 542 542 534 
543 543 543 537 543 542 534 
543 543 543 545 545 542 534 
543 543 543 545 548 542 548 
543 543 543 545 550 550 548 
543 553 553 545 550 550 548 
543 553 553 545 553 550 548 
543 553 553 554 554 550 548 
557 553 557 554 554 550 548 
557 553 557 554 557 550 548 
557 553 557 554 557 557 548 
557 553 557 554 561 557 561 
563 563 557 554 561 557 561 
563 563 557 563 563 557 561 
563 563 557 563 564 564 561 
566 563 566 563 564 564 561 
566 563 566 563 567 564 567 
570 570 566 563 567 564 567 
570 570 566 563 572 572 567 
580 570 580 563 572 572 567 
580 570 580 563 580 580 567 
580 570 580 563 581 580 581 
580 590 580 563 590 580 581 
580 590 580 595 595 580 581 
580 590 580 595 595 580 595 
599 590 599 595 595 580 595 
608 590 608 595 595 580 595 
608 590 608 595 595 608 595 
616 616 608 595 595 608 595 
617 616 608 595 595 617 595 
625 616 608 595 595 625 595 
635 616 608 595 595 635 595 
644 616 608 595 595 644 595 
647 616 608 647 595 644 595 
647 616 654 647 595 654 595 
647 616 654 647 595 659 659 
674.0 672.0 687.0 666.0 685.0 659.0 688.0 
;
EXECUTION TIME HBSS: 7278.80767608 seconds 

-------------------------------------------------------------------
