DATFILE : offices1_7r_250.dat
ENVIRONMENT : office
ALGORITHM : HBSS - TAU 5
RANGE : 250
STARTING_POS : 42
N_ROBOTS : 7
GREEDY SOLUTION : [ 2696.]
COMPUTATIONS D :
2890
2622
2852
2878
2826
2706
2874
2878
2570
2808
2876
2830
2908
2836
2822
2696
2734
2910
2774
2738
2912
2958
2586
2842
2616
2756
2606
2966
2710
2784
2944
2744
2722
2686
2866
2704
2738
2832
3344
3054
3022
2564
2842
2806
2742
3098
2626
2898
2830
2784
2966
2842
2962
2980
2696
2756
2644
2654
2926
2620
2856
2744
3016
2988
3014
2680
2994
2850
2716
2876
2696
2844
2602
2824
2822
3078
3000
2726
2600
2696
2880
2546
2780
2846
2788
2874
2870
2996
2858
2676
2826
2712
2724
2698
2590
2876
2756
2822
2748
2874
2758
2812
2876
3040
2834
2692
2640
2704
2934
2664
2718
2698
3016
2806
2766
2754
3070
2822
2840
2554
2734
2956
2632
3058
2686
2614
2800
2960
2942
2850
2532
2774
2810
2794
2724
3008
3110
2850
2954
2656
2816
2952
2788
2762
2984
2972
2620
2914
2594
2698
2740
2722
2696
2630
2736
2726
2724
2724
2760
2828
2550
2532
2698
2726
2744
2860
2974
2858
2916
2728
2642
2380
2790
2670
2914
2728
2786
2932
2678
2896
2740
2982
2920
2846
3090
2674
2752
2810
2870
2870
2800
2734
2746
2702
2726
3094
2996
2878
3064
2880
;
HBBS sumD : 2380
BEST_CONFIGURATIONS : 
42 42 42 42 42 42 42 
41 42 42 42 42 42 42 
41 5 42 42 42 42 42 
41 5 24 42 42 42 42 
36 5 24 42 42 42 42 
36 5 24 40 42 42 42 
36 5 4 40 42 42 42 
36 5 4 40 41 42 42 
36 5 4 40 41 24 42 
36 5 4 40 41 24 42 
35 5 4 40 41 24 42 
35 5 4 40 41 24 42 
35 5 4 40 41 3 42 
35 5 4 40 34 3 42 
35 5 4 40 34 3 41 
35 5 4 40 34 3 41 
35 5 4 40 34 3 36 
35 5 4 40 34 3 36 
35 5 4 40 34 3 36 
35 5 4 40 34 3 36 
35 5 4 40 34 3 36 
35 5 4 40 34 3 36 
35 24 4 40 34 3 36 
35 24 4 40 34 3 36 
35 24 4 40 34 3 36 
35 24 4 40 34 3 36 
35 24 4 39 34 3 36 
35 24 4 39 34 3 36 
35 24 4 39 34 3 36 
35 24 4 39 34 3 36 
35 24 4 39 34 3 36 
35 24 4 39 34 3 36 
35 24 4 39 34 3 36 
35 24 4 39 34 3 36 
35 24 4 39 34 3 36 
35 24 4 39 34 3 41 
35 24 4 39 34 3 41 
35 24 4 39 34 3 41 
35 24 4 39 34 3 41 
35 24 4 39 34 3 41 
35 24 4 39 34 3 41 
35 24 4 39 34 3 41 
35 24 4 39 34 3 41 
35 24 4 39 34 3 41 
35 24 4 39 34 3 41 
35 24 4 39 34 3 41 
35 24 4 26 34 3 41 
35 24 4 26 34 3 41 
35 24 4 26 34 3 41 
35 5 4 26 34 3 41 
35 5 24 26 34 3 41 
35 5 24 26 34 3 41 
35 5 24 26 34 3 41 
35 5 24 26 34 3 41 
33 5 24 26 34 3 41 
33 5 24 26 34 3 40 
33 5 24 26 34 3 40 
33 5 24 26 34 3 40 
33 5 24 26 34 3 40 
33 5 24 26 34 3 40 
33 5 24 26 34 3 40 
33 5 24 26 34 3 40 
33 5 24 26 34 23 40 
33 5 24 26 34 23 40 
33 5 24 26 34 23 40 
33 5 24 26 34 23 40 
33 5 24 26 32 23 40 
33 5 24 26 32 23 40 
33 5 24 39 32 23 40 
33 5 4 39 32 23 40 
33 5 4 39 32 23 40 
33 5 4 39 32 23 40 
33 5 4 39 32 23 40 
33 5 4 39 32 2 40 
33 5 4 39 32 2 40 
33 5 4 39 32 2 40 
33 5 4 39 32 2 40 
33 5 4 39 32 2 40 
33 5 4 39 32 2 40 
33 5 4 39 32 2 40 
33 5 4 39 32 2 40 
27 5 4 39 32 2 40 
27 24 4 39 32 2 40 
27 24 4 39 32 2 40 
27 24 4 39 32 2 40 
27 24 4 39 32 2 40 
27 24 4 39 32 2 40 
27 24 4 39 32 2 40 
27 24 3 39 32 2 40 
27 24 3 26 32 2 40 
27 24 3 26 32 2 36 
27 24 3 26 32 2 36 
27 24 3 26 32 2 36 
27 24 3 26 32 2 36 
27 24 3 26 32 23 36 
27 24 3 26 32 23 36 
27 24 3 26 32 23 36 
31 24 3 26 32 23 36 
31 24 3 38 32 23 36 
31 24 3 38 32 1 36 
31 24 3 38 33 1 36 
31 24 3 38 33 1 36 
31 23 3 38 33 1 36 
31 23 3 38 33 1 36 
31 23 3 38 33 1 36 
31 23 3 38 33 1 36 
31 23 3 38 33 1 36 
31 23 3 38 33 1 36 
31 23 3 38 33 1 36 
31 23 3 38 33 1 35 
31 23 3 38 33 1 35 
31 23 3 38 33 1 35 
27 23 3 38 33 1 35 
27 2 3 38 33 1 35 
27 2 3 38 33 1 35 
27 2 3 38 34 1 35 
27 2 3 38 34 1 35 
27 2 3 38 34 1 35 
27 2 3 38 34 1 35 
27 2 23 38 34 1 35 
27 2 23 38 34 1 35 
27 2 23 38 34 1 35 
27 2 23 38 34 1 35 
27 2 23 38 34 1 35 
27 2 23 38 34 1 35 
27 2 23 38 34 1 35 
27 2 23 38 34 1 35 
27 2 23 38 34 1 35 
27 2 23 38 34 1 35 
26 2 23 38 34 1 35 
26 2 23 26 34 1 35 
26 2 23 26 34 1 35 
26 2 39 26 34 1 35 
26 2 39 26 34 1 35 
26 2 39 26 32 1 35 
26 2 39 26 32 1 35 
26 2 39 26 32 1 35 
26 2 39 26 32 0 35 
26 23 39 26 32 0 35 
26 23 39 26 32 0 35 
26 23 39 26 32 0 34 
26 23 39 38 32 0 34 
26 23 39 38 32 0 34 
26 23 39 38 32 0 34 
26 23 39 38 32 0 34 
26 23 39 37 32 0 34 
31 23 39 37 32 0 34 
31 23 39 37 32 0 34 
31 23 39 37 32 0 34 
31 23 39 37 32 0 34 
31 23 39 37 32 0 34 
31 1 39 37 32 0 34 
31 1 39 37 32 0 34 
31 1 39 37 27 0 34 
31 1 39 37 27 0 34 
31 1 39 37 27 0 34 
31 1 39 37 27 0 34 
31 1 39 37 27 0 34 
31 1 26 37 27 0 34 
31 1 26 37 27 0 34 
31 1 26 37 27 0 34 
31 1 26 37 27 0 34 
31 1 26 43 27 0 34 
31 1 26 43 27 25 34 
31 1 26 43 27 25 34 
31 1 26 43 27 25 34 
31 1 26 43 27 25 34 
31 1 26 43 27 25 34 
30 1 26 43 27 25 33 
30 1 26 43 27 25 33 
30 1 26 43 27 25 33 
30 1 26 43 27 25 33 
30 1 26 43 29 25 33 
30 1 26 43 29 25 33 
30 1 26 43 29 25 33 
30 1 23 43 29 25 33 
30 1 23 43 29 25 33 
30 1 23 43 29 25 33 
30 1 23 43 29 25 32 
30 1 23 43 29 25 32 
30 1 23 43 29 25 32 
30 1 23 43 29 25 32 
30 1 23 28 29 25 32 
30 0 23 28 29 25 32 
30 0 2 28 29 25 32 
30 0 2 28 29 25 32 
30 0 2 28 29 25 32 
30 0 2 28 29 25 32 
30 0 2 28 29 25 32 
30 0 2 28 29 25 32 
31 0 2 28 29 25 32 
31 0 2 28 29 25 32 
31 0 2 28 29 25 27 
31 0 2 28 29 25 27 
31 0 2 28 29 25 27 
31 0 2 28 29 43 27 
31 0 2 28 29 43 27 
31 0 2 28 29 43 27 
31 0 23 28 29 43 27 
31 0 23 28 29 43 27 
31 0 23 28 29 43 27 
31 0 23 28 29 43 27 
31 0 23 28 29 37 27 
31 0 23 28 29 37 32 
31 0 23 28 29 37 32 
31 0 23 28 30 37 32 
31 0 23 28 30 37 32 
31 0 23 28 30 37 32 
31 0 23 28 30 37 32 
31 0 3 28 30 37 32 
31 25 3 28 30 37 32 
31 25 3 28 30 37 32 
31 25 3 17 30 37 32 
31 25 3 17 30 37 32 
31 25 3 17 30 37 32 
31 25 3 17 30 37 32 
31 25 3 17 30 38 32 
31 25 3 17 30 38 27 
31 25 3 17 30 38 27 
31 25 3 17 30 38 39 
29 25 3 17 30 38 39 
29 25 3 17 30 38 39 
29 25 3 17 30 38 39 
29 43 3 17 30 38 39 
29 43 3 17 30 38 39 
29 43 3 19 30 38 39 
29 43 3 19 28 38 39 
29 43 3 19 28 38 39 
29 43 3 19 28 38 39 
29 37 3 19 28 38 39 
29 37 3 19 28 38 39 
29 37 3 19 28 26 39 
29 37 3 19 28 26 39 
17 37 3 19 28 26 39 
17 37 3 19 28 26 39 
17 37 3 19 28 26 39 
17 37 2 19 28 26 39 
17 37 2 19 28 26 39 
17 43 2 19 28 26 39 
17 43 2 16 28 26 39 
17 37 2 16 43 26 39 
17 37 2 16 43 26 39 
17 37 2 16 43 27 39 
19 37 2 16 43 31 39 
19 37 2 16 43 31 39 
19 37 2 16 43 31 39 
19 37 2 16 43 30 39 
19 37 2 15 43 30 39 
19 37 4 15 43 30 1 
19 37 4 15 43 30 1 
19 37 4 15 43 30 1 
16 37 4 15 29 30 1 
16 38 4 15 29 30 1 
16 38 4 15 29 30 1 
22 38 4 15 29 30 1 
22 26 4 15 29 30 1 
22 26 4 15 29 30 1 
22 26 4 15 29 30 1 
22 26 4 15 29 31 1 
22 26 4 15 29 31 1 
22 27 4 15 29 31 1 
22 27 4 15 29 31 1 
22 27 4 15 28 31 1 
22 32 4 15 28 31 1 
22 32 4 13 28 31 23 
22 32 4 13 17 31 23 
22 32 4 13 17 31 23 
14 32 4 13 17 31 23 
14 32 4 13 17 31 26 
14 32 4 13 17 27 26 
14 32 4 13 17 27 26 
14 32 4 13 17 27 26 
14 32 4 13 17 27 26 
14 32 4 13 17 27 38 
14 32 4 13 17 27 38 
14 32 4 13 17 27 38 
14 32 4 13 17 30 38 
14 33 4 13 17 30 38 
14 33 4 13 17 30 38 
14 33 4 13 17 30 38 
14 33 36 13 17 30 38 
14 33 36 13 17 30 38 
14 33 36 13 17 29 38 
14 33 36 13 17 29 39 
14 34 36 13 17 29 39 
14 34 36 15 17 29 39 
14 34 36 15 17 29 39 
14 34 36 15 17 29 39 
14 34 36 15 17 29 39 
14 34 35 15 17 29 39 
14 34 35 15 19 29 39 
14 34 35 15 16 29 39 
14 34 35 15 16 29 39 
14 33 35 15 16 29 39 
14 33 35 15 16 29 39 
13 33 35 15 16 29 39 
13 33 35 15 16 29 40 
13 33 18 15 16 29 40 
13 33 18 15 16 29 40 
13 33 18 15 16 29 40 
13 33 18 15 16 29 40 
13 33 18 15 6 17 40 
13 33 18 15 6 17 40 
13 34 18 15 6 17 40 
13 34 18 15 6 17 41 
13 34 18 7 6 17 41 
13 34 18 7 6 19 41 
13 35 18 7 6 19 41 
13 35 18 7 6 19 36 
13 35 18 7 6 19 36 
13 35 18 7 6 19 36 
13 35 18 22 6 19 36 
13 35 18 22 6 19 36 
13 35 18 22 6 16 36 
13 35 18 22 6 16 36 
14 35 18 22 6 16 36 
14 35 20 22 6 16 36 
14 35 20 22 6 16 36 
14 35 20 22 6 16 36 
14 35 20 22 7 16 36 
14 34 20 22 7 16 36 
14 34 20 22 7 16 36 
14 34 20 22 7 16 36 
14 34 20 22 7 16 36 
14 34 20 22 7 16 36 
14 34 20 10 7 16 36 
14 34 20 10 7 16 18 
14 34 20 10 7 16 18 
14 34 20 10 7 16 18 
14 34 9 10 7 16 18 
15 34 9 10 7 16 18 
15 34 9 10 11 16 18 
15 34 9 10 11 16 18 
15 34 9 10 11 6 18 
15 33 9 21 11 6 18 
15 33 9 21 11 6 18 
15 32 9 21 11 6 18 
15 32 9 21 11 6 18 
15 32 9 21 11 6 18 
15 32 9 21 11 6 18 
15 32 12 21 11 6 18 
15 32 12 21 11 22 18 
15 32 12 21 11 22 18 
15 27 12 21 11 22 18 
15 27 12 21 11 22 18 
15 27 12 21 11 22 20 
15 27 12 21 11 22 20 
15 27 12 8 11 22 20 
15 27 12 8 10 22 20 
13 27 12 8 10 22 20 
13 27 12 8 10 22 20 
13 27 12 8 10 22 20 
13 27 12 8 10 22 20 
13 27 12 8 10 22 20 
13 27 12 8 10 22 20 
13 27 12 8 10 22 21 
13 27 12 8 10 7 21 
13 27 12 8 10 7 21 
13 27 12 8 10 7 21 
13 27 12 8 10 7 21 
13 27 12 8 10 7 21 
13 27 12 8 10 7 21 
13 27 12 8 10 7 21 
13 27 12 8 10 7 21 
13 27 12 8 10 7 21 
13 27 12 8 10 7 21 
13 27 12 8 10 7 21 
13 27 12 21 10 7 21 
13 27 12 21 11 7 21 
13 27 12 21 11 7 21 
13 27 12 21 11 7 21 
13 27 20 21 11 7 21 
13 27 20 21 11 14 21 
14 27 20 21 11 14 21 
14 27 9 21 11 14 21 
14 27 9 21 11 14 8 
14 27 9 21 11 14 8 
14 27 9 21 11 14 8 
14 27 9 21 11 14 8 
14 27 9 10 11 14 8 
14 27 9 10 11 14 12 
14 27 9 10 11 14 12 
14 27 9 10 11 14 20 
42 42 42 42 42 42 42 
;
ROBOT MOVING BEST:
0 0 0 0 0 0 0 
1 1 0 0 0 0 0 
0 1 1 0 0 0 0 
0 0 1 1 0 0 0 
1 0 0 1 0 0 0 
0 0 0 1 1 0 0 
0 0 1 0 1 0 0 
0 1 0 0 1 0 0 
0 0 0 0 1 1 0 
1 0 0 0 1 0 0 
1 0 0 0 0 0 1 
0 0 0 1 1 0 0 
0 0 0 0 0 1 1 
0 0 0 0 1 0 1 
0 0 1 0 0 0 1 
0 1 0 1 0 0 0 
0 1 0 0 0 0 1 
0 0 0 1 0 0 1 
0 1 1 0 0 0 0 
0 0 1 1 0 0 0 
0 0 1 0 0 0 1 
1 1 0 0 0 0 0 
0 1 0 1 0 0 0 
0 1 0 0 0 0 1 
1 0 0 1 0 0 0 
1 0 0 0 0 0 1 
0 0 0 1 0 0 1 
0 0 0 0 0 1 1 
0 1 1 0 0 0 0 
0 0 0 0 1 0 1 
1 0 1 0 0 0 0 
1 1 0 0 0 0 0 
0 0 1 1 0 0 0 
0 1 0 1 0 0 0 
0 0 1 0 0 1 0 
1 0 0 0 0 0 1 
0 1 0 0 0 1 0 
0 0 1 0 1 0 0 
0 0 0 1 0 0 1 
1 0 0 1 0 0 0 
0 1 0 0 1 0 0 
0 0 0 0 0 1 1 
1 0 0 0 0 1 0 
0 0 0 1 0 1 0 
0 0 0 0 1 0 1 
1 0 0 0 1 0 0 
0 0 1 1 0 0 0 
0 1 0 1 0 0 0 
0 0 0 0 1 1 0 
0 1 0 0 0 1 0 
0 1 1 0 0 0 0 
1 0 0 1 0 0 0 
0 0 0 1 0 1 0 
0 1 0 0 1 0 0 
1 0 0 0 0 0 1 
0 0 0 0 0 1 1 
0 0 0 1 1 0 0 
0 0 0 0 1 0 1 
1 0 0 0 0 1 0 
1 0 1 0 0 0 0 
1 0 0 0 1 0 0 
1 1 0 0 0 0 0 
0 0 1 0 0 1 0 
0 0 0 1 0 0 1 
0 0 0 0 1 1 0 
0 1 0 0 0 1 0 
0 0 1 0 1 0 0 
1 0 0 1 0 0 0 
0 1 0 1 0 0 0 
1 0 1 0 0 0 0 
1 0 0 0 0 0 1 
0 0 1 0 0 1 0 
0 0 0 0 0 1 1 
0 1 0 0 0 1 0 
0 0 0 1 0 0 1 
0 0 1 0 1 0 0 
0 0 0 0 1 0 1 
1 0 0 1 0 0 0 
1 0 0 0 1 0 0 
0 0 1 0 0 1 0 
0 0 0 0 0 1 1 
1 0 0 0 0 0 1 
0 1 0 0 0 1 0 
0 0 0 1 1 0 0 
0 0 0 1 0 1 0 
0 0 0 0 1 1 0 
1 0 0 1 0 0 0 
1 0 0 0 1 0 0 
0 0 1 0 1 0 0 
0 0 0 1 1 0 0 
0 0 0 0 1 0 1 
1 0 0 0 0 1 0 
0 0 1 0 0 1 0 
0 0 0 1 0 1 0 
0 0 0 0 1 1 0 
1 0 1 0 0 0 0 
1 0 0 1 0 0 0 
1 0 0 0 1 0 0 
0 0 0 1 1 0 0 
0 1 0 0 0 1 0 
0 0 0 0 1 0 1 
1 0 1 0 0 0 0 
0 1 1 0 0 0 0 
0 0 1 1 0 0 0 
1 0 0 0 1 0 0 
0 1 0 0 1 0 0 
0 0 0 1 1 0 0 
1 1 0 0 0 0 0 
0 0 1 0 0 1 0 
0 0 0 0 1 0 1 
1 0 0 1 0 0 0 
0 1 0 1 0 0 0 
1 0 0 0 1 0 0 
0 1 0 0 1 0 0 
0 0 0 0 1 1 0 
0 0 0 1 1 0 0 
0 1 0 1 0 0 0 
1 0 0 1 0 0 0 
0 0 0 1 0 1 0 
0 0 1 0 0 0 1 
1 0 0 0 1 0 0 
1 0 0 0 0 0 1 
0 1 0 0 1 0 0 
0 1 0 0 0 0 1 
1 0 1 0 0 0 0 
0 1 1 0 0 0 0 
0 0 1 0 0 1 0 
1 0 0 0 0 1 0 
0 1 0 0 0 1 0 
1 0 0 1 0 0 0 
0 0 1 1 0 0 0 
0 0 0 1 0 1 0 
0 0 1 0 1 0 0 
0 0 1 0 0 1 0 
0 0 0 0 1 0 1 
0 0 1 1 0 0 0 
0 0 0 0 1 1 0 
0 1 0 0 0 1 0 
0 1 1 0 0 0 0 
0 0 0 1 0 1 0 
0 0 0 0 1 0 1 
0 0 1 1 0 0 0 
0 1 0 0 0 1 0 
0 0 1 0 0 1 0 
0 0 0 1 0 1 0 
1 0 0 1 0 0 0 
1 0 0 0 0 0 1 
0 1 0 1 0 0 0 
0 0 0 0 1 1 0 
0 0 1 1 0 0 0 
1 0 1 0 0 0 0 
0 1 0 0 0 1 0 
0 0 0 1 1 0 0 
0 0 0 0 1 1 0 
0 0 0 1 0 1 0 
1 0 0 0 0 1 0 
0 1 0 1 0 0 0 
1 1 0 0 0 0 0 
1 0 1 0 0 0 0 
0 0 0 1 1 0 0 
1 0 0 0 1 0 0 
1 0 0 1 0 0 0 
0 0 0 1 0 1 0 
0 1 0 0 0 1 0 
0 0 1 0 0 1 0 
0 1 0 1 0 0 0 
0 0 1 1 0 0 0 
0 0 0 0 1 1 0 
1 0 0 0 0 0 1 
1 1 0 0 0 0 0 
1 0 1 0 0 0 0 
1 0 0 0 1 0 0 
0 0 0 0 1 0 1 
0 1 0 0 1 0 0 
0 0 1 0 1 0 0 
0 0 1 0 0 1 0 
0 0 1 1 0 0 0 
0 0 0 1 0 1 0 
1 0 0 0 0 0 1 
1 0 1 0 0 0 0 
1 0 0 0 0 1 0 
1 0 0 1 0 0 0 
0 1 0 1 0 0 0 
0 1 0 0 0 1 0 
0 0 1 0 0 1 0 
0 0 0 0 1 0 1 
0 0 0 0 1 1 0 
1 1 0 0 0 0 0 
1 0 1 0 0 0 0 
1 0 0 0 1 0 0 
1 0 0 0 0 1 0 
0 1 0 0 1 0 0 
0 0 0 0 1 0 1 
0 0 0 1 0 1 0 
1 0 1 0 0 0 0 
0 0 0 0 1 1 0 
1 0 0 0 1 0 0 
0 0 0 1 0 0 1 
0 0 1 0 1 0 0 
0 1 0 1 0 0 0 
1 0 0 0 0 1 0 
0 0 0 1 1 0 0 
0 0 0 0 1 1 0 
0 0 0 1 0 0 1 
1 0 0 1 0 0 0 
1 0 0 0 1 0 0 
0 0 1 1 0 0 0 
0 0 0 1 1 0 0 
0 0 0 1 0 1 0 
0 1 1 0 0 0 0 
0 1 0 0 0 1 0 
0 0 0 0 1 1 0 
1 0 0 1 0 0 0 
0 1 0 1 0 0 0 
0 0 0 1 0 1 0 
0 0 0 1 1 0 0 
0 1 0 0 0 1 0 
0 0 0 1 0 0 1 
0 0 0 0 1 1 0 
0 0 0 0 1 0 1 
1 0 0 1 0 0 0 
1 0 0 0 0 1 0 
0 0 0 1 0 1 0 
0 1 0 1 0 0 0 
0 1 0 0 0 1 0 
0 0 0 1 1 0 0 
0 0 0 0 1 1 0 
0 1 0 0 1 0 0 
1 0 0 0 0 0 1 
0 1 0 0 0 1 0 
1 0 0 1 0 0 0 
0 0 0 0 1 1 0 
0 0 0 1 1 0 0 
1 0 0 0 1 0 0 
0 1 0 1 0 0 0 
1 0 0 0 0 1 0 
0 1 1 0 0 0 0 
1 0 0 1 0 0 0 
0 1 0 1 0 0 0 
0 0 0 1 1 0 0 
0 1 0 0 1 0 0 
1 0 0 1 0 0 0 
0 0 0 1 0 1 0 
1 0 0 0 0 1 0 
0 0 0 1 0 1 0 
1 0 0 1 0 0 0 
0 0 0 1 0 1 0 
0 0 0 1 0 0 1 
0 0 1 0 0 0 1 
0 0 0 1 1 0 0 
0 1 0 1 0 0 0 
1 0 0 0 1 0 0 
0 1 0 1 0 0 0 
0 0 0 1 0 1 0 
1 0 0 0 0 1 0 
0 1 0 1 0 0 0 
0 0 0 1 1 0 0 
1 0 0 0 1 0 0 
0 0 0 1 0 1 0 
1 0 0 0 0 1 0 
0 1 0 1 0 0 0 
1 1 0 0 0 0 0 
0 0 0 1 1 0 0 
0 1 0 1 0 0 0 
0 0 0 1 0 0 1 
1 0 0 0 1 0 0 
0 0 0 1 0 1 0 
1 0 0 0 0 1 0 
0 0 0 1 0 0 1 
0 0 0 1 0 1 0 
0 1 0 1 0 0 0 
1 0 0 0 0 0 1 
1 0 0 0 0 1 0 
0 0 0 1 0 0 1 
1 1 0 0 0 0 0 
0 0 0 1 1 0 0 
0 0 0 1 0 1 0 
0 1 0 1 0 0 0 
1 0 0 0 1 0 0 
1 0 0 0 0 1 0 
0 0 1 1 0 0 0 
1 1 0 0 0 0 0 
0 0 0 1 0 1 0 
0 0 0 1 0 0 1 
0 1 0 1 0 0 0 
0 0 0 1 1 0 0 
1 0 0 0 0 1 0 
1 0 0 0 0 0 1 
1 1 0 0 0 0 0 
1 0 1 0 0 0 0 
0 0 0 1 1 0 0 
1 0 0 0 1 0 0 
1 0 0 1 0 0 0 
0 1 0 1 0 0 0 
0 0 0 1 1 0 0 
1 0 1 0 0 0 0 
1 0 0 0 0 0 1 
0 0 1 0 0 0 1 
0 1 1 0 0 0 0 
1 0 0 0 1 0 0 
1 0 0 1 0 0 0 
0 0 0 0 1 1 0 
0 0 0 1 1 0 0 
0 1 1 0 0 0 0 
0 0 1 0 0 0 1 
0 0 0 1 0 1 0 
0 0 0 0 1 1 0 
0 1 1 0 0 0 0 
0 0 1 0 0 0 1 
0 0 0 1 0 1 0 
0 0 0 1 1 0 0 
0 0 0 1 0 1 0 
1 0 0 1 0 0 0 
0 0 0 0 1 1 0 
0 0 0 1 1 0 0 
1 0 0 0 1 0 0 
0 1 1 0 0 0 0 
0 0 1 0 0 0 1 
0 0 0 1 0 1 0 
0 0 0 0 1 1 0 
0 1 1 0 0 0 0 
0 0 0 1 1 0 0 
1 0 0 1 0 0 0 
1 0 0 0 1 0 0 
1 0 1 0 0 0 0 
0 0 0 1 0 1 0 
0 0 1 0 0 0 1 
0 0 0 1 1 0 0 
1 0 0 1 0 0 0 
1 0 1 0 0 0 0 
1 0 0 0 1 0 0 
0 0 0 0 1 1 0 
0 0 1 0 0 0 1 
0 0 0 1 0 1 0 
0 1 0 1 0 0 0 
0 0 0 0 1 1 0 
0 1 0 1 0 0 0 
0 0 1 0 1 0 0 
0 0 0 1 0 1 0 
1 0 0 0 1 0 0 
0 0 1 0 0 0 1 
1 0 0 0 0 1 0 
1 0 0 1 0 0 0 
0 1 0 1 0 0 0 
0 0 0 0 1 1 0 
0 0 0 0 1 0 1 
0 0 0 1 1 0 0 
1 0 0 1 0 0 0 
1 0 0 0 1 0 0 
1 0 0 0 0 0 1 
0 0 0 1 0 1 0 
0 0 1 0 0 0 1 
0 0 0 1 0 0 1 
0 0 0 0 1 1 0 
0 0 0 0 1 0 1 
0 0 0 0 0 1 1 
0 0 0 1 0 1 0 
1 0 1 0 0 0 0 
1 0 0 1 0 0 0 
1 0 0 0 1 0 0 
0 0 1 1 0 0 0 
0 0 1 0 1 0 0 
0 0 0 1 1 0 0 
0 0 0 0 0 1 1 
1 0 0 0 0 0 1 
0 0 1 0 0 0 1 
0 0 0 1 0 0 1 
0 0 0 1 1 0 0 
0 0 0 0 1 1 0 
1 0 0 0 1 0 0 
0 0 1 0 1 0 0 
0 0 1 0 0 0 1 
1 0 0 0 0 1 0 
1 0 0 0 0 0 1 
0 0 1 0 0 0 1 
0 0 0 0 1 0 1 
1 0 0 0 0 0 1 
1 0 0 0 1 0 0 
0 0 1 0 0 0 1 
0 0 0 1 1 0 0 
1 0 0 0 0 0 1 
0 0 1 0 0 0 1 
0 0 1 0 0 0 1 
1 1 1 1 1 1 1 
;
TIMETABLE BEST: 
0.0 0.0 0.0 0.0 0.0 0.0 0.0 
10 0 0 0 0 0 0 
10 18 0 0 0 0 0 
10 18 18 0 0 0 0 
19 18 18 0 0 0 0 
19 18 18 19 0 0 0 
19 18 25 19 0 0 0 
19 18 25 19 10 0 0 
19 18 25 19 10 18 0 
19 18 25 19 10 18 0 
29 18 25 19 10 18 0 
29 18 25 19 10 18 0 
29 18 25 19 10 31 0 
29 18 25 19 33 31 0 
29 18 25 19 33 31 10 
29 18 25 19 33 31 10 
29 18 25 19 33 31 19 
29 18 25 19 33 31 19 
29 18 25 19 33 31 19 
29 18 25 19 33 31 19 
29 18 25 19 33 31 19 
29 18 25 19 33 31 19 
29 26 25 19 33 31 19 
29 26 25 19 33 31 19 
29 26 25 19 33 31 19 
29 26 25 19 33 31 19 
29 26 25 30 33 31 19 
29 26 25 30 33 31 19 
29 26 25 30 33 31 19 
29 26 25 30 33 31 19 
29 26 25 30 33 31 19 
29 26 25 30 33 31 19 
29 26 25 30 33 31 19 
29 26 25 30 33 31 19 
29 26 25 30 33 31 19 
29 26 25 30 33 31 28 
29 26 25 30 33 31 28 
29 26 25 30 33 31 28 
29 26 25 30 33 31 28 
29 26 25 30 33 31 28 
29 26 25 30 33 31 28 
29 26 25 30 33 31 28 
29 26 25 30 33 31 28 
29 26 25 30 33 31 28 
29 26 25 30 33 31 28 
29 26 25 30 33 31 28 
29 26 25 38 33 31 28 
29 26 25 38 33 31 28 
29 26 25 38 33 31 28 
29 34 25 38 33 31 28 
29 34 32 38 33 31 28 
29 34 32 38 33 31 28 
29 34 32 38 33 31 28 
29 34 32 38 33 31 28 
42 34 32 38 33 31 28 
42 34 32 38 33 31 39 
42 34 32 38 33 31 39 
42 34 32 38 33 31 39 
42 34 32 38 33 31 39 
42 34 32 38 33 31 39 
42 34 32 38 33 31 39 
42 34 32 38 33 31 39 
42 34 32 38 33 44 39 
42 34 32 38 33 44 39 
42 34 32 38 33 44 39 
42 34 32 38 33 44 39 
42 34 32 38 47 44 39 
42 34 32 38 47 44 39 
42 34 32 46 47 44 39 
42 34 39 46 47 44 39 
42 34 39 46 47 44 39 
42 34 39 46 47 44 39 
42 34 39 46 47 44 39 
42 34 39 46 47 51 39 
42 34 39 46 47 51 39 
42 34 39 46 47 51 39 
42 34 39 46 47 51 39 
42 34 39 46 47 51 39 
42 34 39 46 47 51 39 
42 34 39 46 47 51 39 
42 34 39 46 47 51 39 
53 34 39 46 47 51 39 
53 42 39 46 47 51 39 
53 42 39 46 47 51 39 
53 42 39 46 47 51 39 
53 42 39 46 47 51 39 
53 42 39 46 47 51 39 
53 42 39 46 47 51 39 
53 42 53 46 47 51 39 
53 42 53 54 47 51 39 
53 42 53 54 47 51 55 
53 42 53 54 47 51 55 
53 42 53 54 47 51 55 
53 42 53 54 47 51 55 
53 42 53 54 47 58 55 
53 42 53 54 47 58 55 
53 42 53 54 47 58 55 
60 42 53 54 47 58 55 
60 42 53 62 47 58 55 
60 42 53 62 47 68 55 
60 42 53 62 56 68 55 
60 42 53 62 56 68 55 
60 60 53 62 56 68 55 
60 60 53 62 56 68 55 
60 60 53 62 56 68 55 
60 60 53 62 56 68 55 
60 60 53 62 56 68 55 
60 60 53 62 56 68 55 
60 60 53 62 56 68 55 
60 60 53 62 56 68 65 
60 60 53 62 56 68 65 
60 60 53 62 56 68 65 
67 60 53 62 56 68 65 
67 67 53 62 56 68 65 
67 67 53 62 56 68 65 
67 67 53 62 65 68 65 
67 67 53 62 65 68 65 
67 67 53 62 65 68 65 
67 67 53 62 65 68 65 
67 67 66 62 65 68 65 
67 67 66 62 65 68 65 
67 67 66 62 65 68 65 
67 67 66 62 65 68 65 
67 67 66 62 65 68 65 
67 67 66 62 65 68 65 
67 67 66 62 65 68 65 
67 67 66 62 65 68 65 
67 67 66 62 65 68 65 
67 67 66 62 65 68 65 
74 67 66 62 65 68 65 
74 67 66 70 65 68 65 
74 67 66 70 65 68 65 
74 67 76 70 65 68 65 
74 67 76 70 65 68 65 
74 67 76 70 79 68 65 
74 67 76 70 79 68 65 
74 67 76 70 79 68 65 
74 67 76 70 79 82 65 
74 74 76 70 79 82 65 
74 74 76 70 79 82 65 
74 74 76 70 79 82 73 
74 74 76 78 79 82 73 
74 74 76 78 79 82 73 
74 74 76 78 79 82 73 
74 74 76 78 79 82 73 
74 74 76 87 79 82 73 
88 74 76 87 79 82 73 
88 74 76 87 79 82 73 
88 74 76 87 79 82 73 
88 74 76 87 79 82 73 
88 74 76 87 79 82 73 
88 84 76 87 79 82 73 
88 84 76 87 79 82 73 
88 84 76 87 85 82 73 
88 84 76 87 85 82 73 
88 84 76 87 85 82 73 
88 84 76 87 85 82 73 
88 84 76 87 85 82 73 
88 84 84 87 85 82 73 
88 84 84 87 85 82 73 
88 84 84 87 85 82 73 
88 84 84 87 85 82 73 
88 84 84 93 85 82 73 
88 84 84 93 85 92 73 
88 84 84 93 85 92 73 
88 84 84 93 85 92 73 
88 84 84 93 85 92 73 
88 84 84 93 85 92 73 
96 84 84 93 85 92 82 
96 84 84 93 85 92 82 
96 84 84 93 85 92 82 
96 84 84 93 85 92 82 
96 84 84 93 100 92 82 
96 84 84 93 100 92 82 
96 84 84 93 100 92 82 
96 84 92 93 100 92 82 
96 84 92 93 100 92 82 
96 84 92 93 100 92 82 
96 84 92 93 100 92 91 
96 84 92 93 100 92 91 
96 84 92 93 100 92 91 
96 84 92 93 100 92 91 
96 84 92 107 100 92 91 
96 98 92 107 100 92 91 
96 98 99 107 100 92 91 
96 98 99 107 100 92 91 
96 98 99 107 100 92 91 
96 98 99 107 100 92 91 
96 98 99 107 100 92 91 
96 98 99 107 100 92 91 
104 98 99 107 100 92 91 
104 98 99 107 100 92 91 
104 98 99 107 100 92 97 
104 98 99 107 100 92 97 
104 98 99 107 100 92 97 
104 98 99 107 100 103 97 
104 98 99 107 100 103 97 
104 98 99 107 100 103 97 
104 98 106 107 100 103 97 
104 98 106 107 100 103 97 
104 98 106 107 100 103 97 
104 98 106 107 100 103 97 
104 98 106 107 100 109 97 
104 98 106 107 100 109 103 
104 98 106 107 100 109 103 
104 98 106 107 108 109 103 
104 98 106 107 108 109 103 
104 98 106 107 108 109 103 
104 98 106 107 108 109 103 
104 98 119 107 108 109 103 
104 108 119 107 108 109 103 
104 108 119 107 108 109 103 
104 108 119 117 108 109 103 
104 108 119 117 108 109 103 
104 108 119 117 108 109 103 
104 108 119 117 108 109 103 
104 108 119 117 108 118 103 
104 108 119 117 108 118 109 
104 108 119 117 108 118 109 
104 108 119 117 108 118 124 
116 108 119 117 108 118 124 
116 108 119 117 108 118 124 
116 108 119 117 108 118 124 
116 119 119 117 108 118 124 
116 119 119 117 108 118 124 
116 119 119 129 108 118 124 
116 119 119 129 121 118 124 
116 119 119 129 121 118 124 
116 119 119 129 121 118 124 
116 125 119 129 121 118 124 
116 125 119 129 121 118 124 
116 125 119 129 121 126 124 
116 125 119 129 121 126 124 
131 125 119 129 121 126 124 
131 125 119 129 121 126 124 
131 125 119 129 121 126 124 
131 125 133 129 121 126 124 
131 125 133 129 121 126 124 
131 131 133 129 121 126 124 
131 131 133 143 121 126 124 
131 137 133 143 135 126 124 
131 137 133 143 135 126 124 
131 137 133 143 135 133 124 
143 137 133 143 135 140 124 
143 137 133 143 135 140 124 
143 137 133 143 135 140 124 
143 137 133 143 135 148 124 
143 137 133 172 135 148 124 
143 137 153 172 135 148 144 
143 137 153 172 135 148 144 
143 137 153 172 135 148 144 
157 137 153 172 154 148 144 
157 146 153 172 154 148 144 
157 146 153 172 154 148 144 
173 146 153 172 154 148 144 
173 154 153 172 154 148 144 
173 154 153 172 154 148 144 
173 154 153 172 154 148 144 
173 154 153 172 154 156 144 
173 154 153 172 154 156 144 
173 161 153 172 154 156 144 
173 161 153 172 154 156 144 
173 161 153 172 163 156 144 
173 167 153 172 163 156 144 
173 167 153 186 163 156 154 
173 167 153 186 173 156 154 
173 167 153 186 173 156 154 
192 167 153 186 173 156 154 
192 167 153 186 173 156 162 
192 167 153 186 173 163 162 
192 167 153 186 173 163 162 
192 167 153 186 173 163 162 
192 167 153 186 173 163 162 
192 167 153 186 173 163 170 
192 167 153 186 173 163 170 
192 167 153 186 173 163 170 
192 167 153 186 173 174 170 
192 176 153 186 173 174 170 
192 176 153 186 173 174 170 
192 176 153 186 173 174 170 
192 176 181 186 173 174 170 
192 176 181 186 173 174 170 
192 176 181 186 173 182 170 
192 176 181 186 173 182 182 
192 185 181 186 173 182 182 
192 185 181 200 173 182 182 
192 185 181 200 173 182 182 
192 185 181 200 173 182 182 
192 185 181 200 173 182 182 
192 185 191 200 173 182 182 
192 185 191 200 185 182 182 
192 185 191 200 199 182 182 
192 185 191 200 199 182 182 
192 194 191 200 199 182 182 
192 194 191 200 199 182 182 
210 194 191 200 199 182 182 
210 194 191 200 199 182 193 
210 194 213 200 199 182 193 
210 194 213 200 199 182 193 
210 194 213 200 199 182 193 
210 194 213 200 199 182 193 
210 194 213 200 213 197 193 
210 194 213 200 213 197 193 
210 203 213 200 213 197 193 
210 203 213 200 213 197 204 
210 203 213 219 213 197 204 
210 203 213 219 213 209 204 
210 211 213 219 213 209 204 
210 211 213 219 213 209 213 
210 211 213 219 213 209 213 
210 211 213 219 213 209 213 
210 211 213 225 213 209 213 
210 211 213 225 213 209 213 
210 211 213 225 213 223 213 
210 211 213 225 213 223 213 
228 211 213 225 213 223 213 
228 211 232 225 213 223 213 
228 211 232 225 213 223 213 
228 211 232 225 213 223 213 
228 211 232 225 227 223 213 
228 219 232 225 227 223 213 
228 219 232 225 227 223 213 
228 219 232 225 227 223 213 
228 219 232 225 227 223 213 
228 219 232 225 227 223 213 
228 219 232 238 227 223 213 
228 219 232 238 227 223 231 
228 219 232 238 227 223 231 
228 219 232 238 227 223 231 
228 219 241 238 227 223 231 
242 219 241 238 227 223 231 
242 219 241 238 247 223 231 
242 219 241 238 247 223 231 
242 219 241 238 247 237 231 
242 228 241 251 247 237 231 
242 228 241 251 247 237 231 
242 237 241 251 247 237 231 
242 237 241 251 247 237 231 
242 237 241 251 247 237 231 
242 237 241 251 247 237 231 
242 237 258 251 247 237 231 
242 237 258 251 247 249 231 
242 237 258 251 247 249 231 
242 243 258 251 247 249 231 
242 243 258 251 247 249 231 
242 243 258 251 247 249 250 
242 243 258 251 247 249 250 
242 243 258 258 247 249 250 
242 243 258 258 260 249 250 
256 243 258 258 260 249 250 
256 243 258 258 260 249 250 
256 243 258 258 260 249 250 
256 243 258 258 260 249 250 
256 243 258 258 260 249 250 
256 243 258 258 260 249 250 
256 243 258 258 260 249 263 
256 243 258 258 260 255 263 
256 243 258 258 260 255 263 
256 243 258 258 260 255 263 
256 243 258 258 260 255 263 
256 243 258 258 260 255 263 
256 243 258 258 260 255 263 
256 243 258 258 260 255 263 
256 243 258 258 260 255 263 
256 243 258 258 260 255 263 
256 243 258 258 260 255 263 
256 243 258 258 260 255 263 
256 243 258 265 260 255 263 
256 243 258 265 273 255 263 
256 243 258 265 273 255 263 
256 243 258 265 273 255 263 
256 243 268 265 273 255 263 
256 243 268 265 273 280 263 
274 243 268 265 273 280 263 
274 243 277 265 273 280 263 
274 243 277 265 273 280 270 
274 243 277 265 273 280 270 
274 243 277 265 273 280 270 
274 243 277 265 273 280 270 
274 243 277 278 273 280 270 
274 243 277 278 273 280 284 
274 243 277 278 273 280 284 
274 243 277 278 273 280 294 
364.0 288.0 326.0 350.0 342.0 370.0 340.0 
;
EXECUTION TIME HBSS: 8366.87033892 seconds 

-------------------------------------------------------------------

559 557 539 553 559 557 557 
565 557 565 553 559 557 557 
565 557 565 553 559 557 565 
565 566 565 566 559 557 565 
565 573 565 573 559 557 565 
565 573 565 573 559 567 567 
565 573 565 573 570 567 570 
565 582 565 582 570 567 570 
565 582 565 582 570 582 570 
584 582 565 582 570 582 584 
584 589 565 589 570 582 584 
584 589 565 589 592 592 584 
584 599 565 599 592 592 584 
602 599 602 599 592 592 584 
602 606 602 606 592 592 584 
602 606 606 606 592 592 584 
602 608 606 606 592 592 608 
602 614 606 606 592 614 608 
602 614 614 606 592 614 608 
602 614 614 606 614 614 608 
602 619 614 619 614 614 608 
602 619 614 619 614 619 608 
602 619 623 619 614 623 608 
602 619 623 619 623 623 608 
602 628 623 628 623 623 608 
602 628 623 628 623 628 608 
602 628 631 628 623 631 608 
602 628 631 634 623 631 634 
602 628 631 634 634 634 634 
686.0 684.0 660.0 683.0 653.0 661.0 680.0 
;
EXECUTION TIME HBSS: 7145.59926891 seconds 

-------------------------------------------------------------------
