DATFILE : offices1_9r_250.dat
ENVIRONMENT : office
ALGORITHM : HBSS - TAU 3
RANGE : 250
STARTING_POS : 42
N_ROBOTS : 9
GREEDY SOLUTION : [ 2742.]
COMPUTATIONS D :
2706
2710
3008
2564
2842
2678
2832
2706
2810
2978
2796
2772
2798
2690
2738
2560
2702
2786
2654
2926
2754
2856
2620
2736
2566
2928
2686
2922
2922
2794
2848
2774
2802
2764
3014
2968
2702
2968
2726
2748
2600
2758
2786
2682
2708
2830
2820
2718
2698
2806
3014
2628
2924
2816
2960
2602
2882
2760
2596
2896
2948
2734
2676
2806
2424
2858
2818
2898
2630
2920
2892
2676
2660
2720
2714
2758
2612
2742
2710
2544
2770
2784
2820
2546
2888
2800
2840
3064
2916
2640
2876
3022
2576
2794
2788
2790
2850
2612
2714
3024
2832
2506
2954
2952
2626
2958
2574
2944
2618
2850
2590
2852
2762
3004
2840
2626
2782
2808
2878
2630
2684
2688
2798
2474
2818
2662
2846
2764
2726
2780
2816
2816
2796
2640
2662
2858
2668
2718
2652
2834
2732
2410
2894
2480
2592
2836
2880
2610
2948
2776
2696
2768
2784
2782
3078
2774
2580
2824
2958
2874
2774
2656
2826
2722
2592
2886
2790
2722
2932
2724
2696
2838
2992
2942
2938
2882
2536
2890
2706
2798
2922
2552
2770
2972
2876
2822
2518
2810
2622
2796
2686
2920
2838
2626
2830
2628
2714
2866
2658
2822
;
HBBS sumD : 2410
BEST_CONFIGURATIONS : 
42 42 42 42 42 42 42 42 42 
41 42 42 42 42 42 42 42 42 
41 5 42 42 42 42 42 42 42 
41 5 24 42 42 42 42 42 42 
36 5 24 42 42 42 42 42 42 
36 5 24 40 42 42 42 42 42 
36 5 4 40 42 42 42 42 42 
36 5 4 40 41 42 42 42 42 
36 5 4 40 41 24 42 42 42 
36 5 4 40 41 24 42 42 42 
35 5 4 40 41 24 42 42 42 
35 5 4 40 41 24 42 42 42 
35 5 4 40 41 3 42 42 42 
35 5 4 40 34 3 42 42 42 
35 5 4 40 34 3 41 42 42 
35 5 4 40 34 3 41 24 42 
35 5 4 40 34 3 41 24 42 
35 5 4 40 34 3 36 24 42 
35 5 4 40 34 3 36 24 42 
35 5 4 40 34 3 36 24 24 
35 5 4 40 34 3 36 24 24 
35 5 4 40 34 3 36 24 24 
35 5 4 40 34 3 36 24 24 
35 5 4 40 34 3 36 24 24 
35 5 4 40 34 3 36 24 24 
35 5 4 40 34 3 36 24 24 
35 5 4 40 34 3 36 24 24 
35 5 4 40 34 3 36 24 24 
35 5 4 40 34 3 36 24 24 
35 5 4 39 34 3 36 24 24 
35 5 4 39 34 3 36 24 24 
35 5 4 39 34 3 36 24 24 
35 5 4 39 34 3 36 24 24 
35 5 4 39 34 3 36 24 24 
35 5 4 39 34 3 36 24 24 
35 5 4 39 34 3 36 24 24 
35 5 4 39 34 3 36 24 24 
35 5 4 39 34 3 36 24 24 
35 5 4 39 34 3 36 24 24 
35 5 4 39 34 3 36 23 24 
35 5 4 39 34 3 36 23 24 
35 5 4 39 34 3 36 23 2 
35 5 4 39 34 3 33 23 2 
35 5 4 39 34 3 33 23 2 
35 5 4 39 34 3 33 23 2 
35 5 4 39 34 3 33 23 2 
35 5 4 39 34 3 33 23 2 
35 5 4 39 34 3 33 23 2 
35 5 4 39 34 3 33 23 2 
35 5 4 39 34 3 33 23 2 
35 5 4 39 34 3 33 23 2 
35 41 4 39 34 3 33 23 2 
35 41 4 39 34 3 33 23 2 
35 41 4 39 34 3 33 23 2 
35 41 4 26 34 3 33 23 2 
35 41 4 26 34 3 33 23 2 
35 41 4 26 34 3 33 23 2 
35 41 4 26 34 3 33 23 2 
35 41 4 26 34 3 33 23 2 
35 41 4 26 34 3 33 23 2 
35 41 4 26 34 3 33 23 2 
35 41 4 26 34 3 33 23 2 
35 41 4 26 34 3 33 23 2 
35 41 4 26 34 3 33 23 2 
35 41 24 26 34 3 33 23 2 
35 41 24 26 34 3 33 23 2 
35 41 24 26 34 3 33 23 2 
35 41 24 26 34 3 33 23 2 
35 41 24 26 34 3 33 23 2 
35 41 24 26 34 3 33 23 2 
35 41 24 26 34 3 33 23 2 
35 41 24 26 34 3 33 23 2 
35 41 24 26 34 3 33 23 2 
35 41 24 26 34 3 33 23 2 
35 41 24 26 34 3 33 23 2 
35 41 24 27 34 3 33 23 2 
35 41 24 27 34 3 33 23 2 
35 41 24 27 34 3 33 23 2 
35 41 24 27 32 3 33 23 2 
35 41 24 27 32 3 33 23 2 
35 40 24 27 32 3 33 23 2 
36 40 24 27 32 3 33 23 2 
36 40 24 27 32 3 33 1 2 
36 40 24 27 32 3 33 1 2 
36 40 24 27 32 3 33 1 2 
36 40 24 27 32 3 33 1 2 
36 40 24 27 32 3 33 1 2 
36 40 24 27 32 3 33 1 2 
36 40 24 27 32 3 33 1 2 
36 40 24 31 32 3 33 1 2 
36 40 24 31 32 3 33 1 2 
36 40 24 31 32 3 33 1 2 
36 40 24 31 32 3 33 1 2 
36 40 24 31 32 3 32 1 2 
36 40 4 31 32 3 32 1 2 
36 40 4 31 32 3 32 1 2 
36 40 4 31 32 3 32 1 38 
36 40 4 31 32 23 32 1 38 
36 40 4 31 32 23 32 1 38 
36 40 4 31 32 23 32 1 38 
36 40 4 31 32 23 32 1 38 
36 40 4 31 32 23 32 1 38 
36 40 4 31 32 23 32 1 38 
36 40 4 31 32 23 32 1 38 
36 40 4 31 32 26 32 1 38 
34 40 4 31 32 26 32 1 38 
34 40 4 31 32 26 27 1 38 
34 40 4 31 32 26 27 1 38 
34 40 4 31 32 26 27 1 38 
34 40 4 31 32 26 27 1 38 
34 40 4 31 27 26 27 1 38 
34 39 4 31 27 26 27 1 38 
34 39 4 31 27 26 27 1 38 
34 39 4 31 27 26 27 1 38 
34 39 4 31 27 26 27 1 38 
34 39 4 31 27 26 27 1 38 
34 39 4 31 27 26 27 1 38 
34 39 4 31 27 26 27 1 38 
34 39 4 31 27 26 27 1 38 
34 39 4 30 27 26 27 1 38 
34 39 4 30 27 26 27 1 38 
34 39 4 30 27 26 27 23 38 
34 39 4 30 27 26 27 23 38 
34 39 4 30 27 26 27 23 38 
34 39 4 30 27 26 27 23 38 
34 39 4 30 27 26 27 23 38 
34 39 4 30 27 26 27 23 38 
34 39 4 30 27 26 27 23 38 
34 39 2 30 27 26 27 23 38 
34 39 2 30 27 26 32 23 38 
34 39 2 30 27 26 32 23 38 
34 39 2 30 27 26 32 23 38 
34 39 2 30 27 26 32 23 38 
34 39 2 30 27 26 32 23 38 
34 39 2 30 27 26 32 23 38 
34 39 2 30 27 26 32 23 38 
33 39 2 30 27 26 32 23 38 
33 39 2 30 27 26 32 23 38 
33 39 2 30 27 26 32 23 38 
33 39 2 30 32 26 32 23 38 
33 39 2 30 32 26 32 23 38 
33 39 2 30 32 26 32 23 38 
33 39 2 30 32 26 32 23 38 
33 39 2 30 32 26 32 23 38 
33 39 2 30 32 26 32 23 38 
33 39 2 30 32 26 32 23 38 
33 39 2 30 32 26 32 23 37 
33 39 2 30 32 26 32 23 37 
33 39 2 30 32 26 32 23 37 
33 39 2 30 32 26 32 23 37 
33 39 2 29 32 26 32 23 37 
33 39 2 29 32 26 32 23 37 
33 39 2 29 32 26 32 23 37 
33 39 2 29 32 26 32 23 37 
33 39 2 29 32 31 32 23 37 
33 39 2 29 32 31 32 23 37 
33 39 2 29 32 31 32 23 37 
33 39 2 29 32 31 32 23 37 
33 39 2 29 32 31 32 23 37 
33 39 2 29 32 31 32 23 37 
33 39 2 29 32 31 32 23 37 
33 39 2 29 32 31 32 23 43 
33 39 2 29 32 31 32 23 43 
33 39 2 29 32 31 32 0 43 
33 39 2 29 32 31 32 0 43 
33 39 2 29 32 31 32 0 43 
33 39 2 29 32 31 32 0 43 
33 39 2 29 27 31 32 0 43 
33 39 2 29 27 31 32 0 43 
33 26 2 29 27 31 32 0 43 
33 26 2 29 27 31 32 0 43 
33 26 2 29 27 30 32 0 43 
33 26 2 28 27 30 32 0 43 
33 26 2 28 27 30 32 0 43 
33 26 23 28 27 30 32 0 43 
33 26 23 28 27 30 32 0 43 
33 38 23 28 27 30 32 0 43 
33 38 23 28 27 30 32 0 37 
33 38 23 28 27 30 32 0 37 
33 38 23 28 27 30 32 0 37 
33 38 23 28 27 30 32 0 37 
33 38 23 28 31 30 32 0 37 
33 38 23 28 31 30 32 0 37 
33 38 23 28 31 30 32 0 37 
33 38 23 28 31 30 31 0 37 
33 38 1 28 31 30 31 0 37 
33 38 1 28 31 30 31 0 37 
33 38 1 28 31 30 31 0 37 
33 38 1 28 31 30 31 0 37 
33 38 1 28 31 30 31 0 37 
33 38 1 28 31 30 31 0 37 
33 38 1 28 31 30 31 0 37 
33 38 1 28 31 30 31 0 37 
33 38 1 28 31 30 31 0 37 
33 38 1 28 31 30 31 0 37 
33 38 1 28 31 30 31 0 43 
33 38 1 28 31 29 31 0 43 
33 38 1 28 31 29 31 25 43 
33 38 1 28 31 29 31 25 43 
27 38 1 28 31 29 31 25 43 
27 37 1 28 31 29 31 25 43 
27 37 1 28 31 29 31 25 43 
27 37 1 28 31 29 31 25 43 
27 37 1 28 31 29 31 25 43 
27 37 1 17 31 29 31 25 43 
27 37 1 17 31 29 31 25 43 
26 37 1 17 31 29 31 25 43 
26 37 1 17 30 29 31 25 43 
26 37 1 17 30 29 31 25 43 
26 37 1 17 30 29 31 25 43 
26 37 1 17 30 29 31 25 43 
26 37 1 17 30 29 31 25 43 
26 37 1 17 30 29 31 25 43 
26 37 1 17 30 29 31 25 43 
26 37 1 17 30 29 31 25 43 
26 37 1 17 30 29 31 25 43 
26 37 1 17 30 29 31 25 43 
26 37 1 17 30 29 31 25 43 
26 37 1 17 30 29 31 25 43 
26 37 23 17 30 29 31 25 43 
26 37 23 17 30 29 31 25 43 
26 37 23 17 30 29 31 25 43 
26 37 23 17 30 29 31 25 43 
26 37 23 19 30 29 31 25 43 
26 37 23 19 30 29 28 25 43 
26 37 23 19 30 29 28 25 43 
26 37 23 19 30 29 28 25 43 
26 37 23 19 30 29 28 0 43 
26 37 23 19 30 29 28 0 43 
26 37 23 19 30 29 28 0 43 
26 37 23 19 30 29 28 0 43 
26 37 23 19 30 29 28 0 43 
26 37 23 19 30 29 28 0 43 
38 37 23 19 30 17 28 0 43 
38 37 23 19 30 17 28 0 43 
38 37 23 19 30 17 28 0 25 
38 37 2 19 30 17 28 0 25 
38 37 2 19 30 17 28 0 25 
38 37 2 16 30 17 28 0 25 
38 37 3 16 30 17 28 0 25 
38 37 3 16 19 17 28 0 25 
38 37 3 16 19 17 28 0 25 
38 37 3 16 19 17 28 0 25 
38 37 3 16 19 17 29 0 25 
27 37 3 16 19 17 29 0 25 
27 37 3 16 19 17 29 0 25 
27 37 3 16 15 17 29 0 25 
27 6 3 16 15 17 29 0 25 
31 6 3 16 15 17 29 0 25 
31 6 3 22 15 17 29 0 25 
31 6 3 22 15 17 29 0 25 
31 6 3 7 15 17 29 0 25 
31 6 3 7 15 19 29 0 25 
31 6 3 7 15 19 29 0 25 
31 6 3 7 15 22 29 0 25 
31 6 3 7 15 22 30 0 25 
31 6 3 7 15 22 30 0 43 
31 6 3 7 15 22 30 0 43 
31 6 3 7 15 22 30 0 43 
27 6 3 7 15 22 30 0 43 
27 6 3 7 15 22 30 26 43 
27 6 3 7 15 22 30 26 19 
27 6 3 7 15 22 30 26 19 
27 6 3 7 15 22 30 26 19 
27 6 41 7 15 22 30 39 19 
27 6 41 7 15 14 30 39 19 
27 6 41 7 15 14 28 39 19 
27 6 41 7 15 14 28 39 19 
33 6 41 7 15 14 28 39 19 
33 6 41 7 15 14 28 39 19 
33 6 41 7 15 14 28 39 19 
33 6 41 7 15 14 28 39 19 
33 6 41 7 15 14 28 39 16 
33 6 41 7 15 14 28 39 16 
33 6 41 7 15 14 17 39 16 
33 6 40 7 15 14 17 39 16 
33 22 40 7 15 14 17 39 16 
33 22 40 7 15 14 17 39 16 
33 22 40 7 15 14 17 39 16 
33 22 40 7 15 14 17 38 16 
33 22 40 7 15 14 17 38 16 
33 22 40 7 15 14 17 38 16 
33 22 40 7 13 14 17 38 16 
33 22 40 7 13 14 17 38 16 
33 22 40 7 13 14 17 38 16 
33 22 40 7 13 14 17 38 16 
33 21 40 7 13 14 17 38 16 
33 21 40 7 13 14 17 38 16 
33 21 40 7 13 14 17 38 16 
32 21 40 7 13 14 17 38 16 
32 21 40 7 13 14 17 38 16 
32 21 40 7 13 14 17 38 16 
32 21 40 7 13 14 17 38 16 
32 21 40 10 13 14 17 38 16 
32 21 40 10 13 14 17 38 16 
32 21 40 10 13 14 17 38 16 
32 21 40 10 13 14 17 26 16 
27 21 40 10 13 14 17 26 16 
27 21 40 10 13 14 17 26 16 
27 21 40 10 13 14 29 26 16 
27 21 40 10 13 14 29 26 16 
27 21 40 10 13 14 29 26 16 
27 21 40 10 13 14 29 26 16 
27 21 40 10 13 14 29 26 6 
27 21 40 10 13 14 29 26 6 
31 21 40 10 13 14 29 26 6 
31 21 40 10 13 14 29 26 6 
31 21 40 10 13 14 29 26 6 
31 21 40 10 13 14 29 26 6 
31 21 40 10 13 14 29 26 6 
31 21 40 10 13 14 29 26 6 
31 21 40 10 13 14 29 23 6 
31 21 40 10 13 14 29 23 6 
31 21 40 10 13 14 30 23 6 
31 21 40 10 13 14 30 23 6 
31 21 40 10 13 14 30 23 6 
31 8 40 10 13 14 30 23 6 
31 8 40 10 13 14 30 23 6 
31 8 36 10 13 14 30 23 6 
31 8 36 10 13 14 30 23 6 
31 8 36 10 13 14 30 23 22 
31 8 36 10 13 14 30 39 22 
31 8 36 11 13 14 30 39 22 
31 8 36 11 13 14 30 39 22 
31 8 36 11 13 15 30 39 22 
31 8 36 11 13 15 30 39 22 
31 8 36 11 13 15 30 39 22 
31 21 36 11 13 15 30 39 22 
34 21 36 11 13 15 30 39 22 
34 21 35 11 13 15 30 39 22 
34 21 35 11 13 15 30 39 22 
34 21 35 11 13 15 30 39 22 
34 21 35 11 13 15 30 39 22 
34 21 35 11 13 15 30 39 22 
34 21 35 11 13 15 30 39 22 
34 21 35 11 13 15 30 39 22 
34 12 35 11 13 15 30 39 22 
34 12 35 11 13 15 32 39 22 
34 12 35 11 13 15 32 39 7 
34 12 35 20 13 15 32 39 7 
34 12 35 20 14 15 32 39 7 
34 12 35 20 14 15 32 39 7 
34 12 35 20 14 14 32 39 7 
34 20 35 20 14 14 32 39 7 
34 20 35 20 14 14 32 39 7 
34 20 35 20 14 14 32 39 7 
34 20 18 20 14 14 32 40 7 
34 20 18 9 14 14 32 40 7 
34 20 18 9 14 14 32 40 7 
34 20 18 9 10 14 32 40 7 
34 8 18 9 10 14 32 40 7 
34 8 18 9 10 14 32 40 22 
35 8 18 9 10 14 32 40 22 
35 8 18 9 10 14 33 40 22 
35 8 18 9 10 14 33 41 22 
35 8 18 9 10 14 33 41 12 
36 8 18 9 10 14 33 41 12 
36 8 18 9 10 14 33 41 12 
36 8 18 9 10 15 33 41 12 
36 8 18 9 10 15 33 41 12 
36 8 18 20 10 15 33 41 12 
36 8 18 20 10 15 33 41 12 
36 8 18 20 10 15 33 41 12 
36 8 18 20 10 15 33 41 12 
36 8 18 20 10 15 33 41 12 
36 8 18 20 10 15 33 41 12 
36 8 18 20 10 15 33 41 12 
36 8 18 20 10 15 33 41 12 
36 21 18 20 10 15 33 41 12 
36 21 18 20 10 15 33 41 12 
36 21 18 20 11 15 33 41 12 
36 21 18 20 11 15 33 41 12 
36 21 18 9 11 15 33 41 12 
36 21 18 9 11 15 16 41 12 
36 21 18 9 11 15 16 41 12 
36 21 18 9 11 15 16 41 12 
36 21 18 9 11 15 16 41 8 
36 21 20 9 11 15 16 41 8 
36 21 20 9 11 10 16 41 8 
36 8 20 9 11 10 16 41 8 
36 8 20 9 11 10 16 41 8 
36 8 20 9 11 10 16 41 8 
36 8 20 9 11 6 16 41 8 
42 42 42 42 42 42 42 42 42 
;
ROBOT MOVING BEST:
0 0 0 0 0 0 0 0 0 
1 0 1 0 0 0 0 0 0 
0 1 1 0 0 0 0 0 0 
0 0 1 1 0 0 0 0 0 
1 0 0 1 0 0 0 0 0 
0 0 0 1 1 0 0 0 0 
0 0 1 0 1 0 0 0 0 
0 1 0 0 1 0 0 0 0 
0 0 0 0 1 1 0 0 0 
1 0 0 0 1 0 0 0 0 
1 0 0 0 0 0 0 1 0 
0 0 0 1 1 0 0 0 0 
0 0 0 0 0 1 1 0 0 
0 0 0 0 1 0 1 0 0 
0 0 1 0 0 0 1 0 0 
0 1 0 0 0 0 0 1 0 
0 1 0 1 0 0 0 0 0 
0 1 0 0 0 0 1 0 0 
0 0 0 1 0 0 0 1 0 
0 0 0 0 0 0 1 0 1 
0 0 0 1 0 0 1 0 0 
0 1 1 0 0 0 0 0 0 
0 0 1 0 0 0 0 1 0 
0 0 1 1 0 0 0 0 0 
0 0 1 0 0 0 1 0 0 
1 1 0 0 0 0 0 0 0 
1 0 0 0 0 0 0 1 0 
1 0 0 1 0 0 0 0 0 
1 0 0 0 0 0 1 0 0 
0 1 0 1 0 0 0 0 0 
0 0 0 1 0 0 0 1 0 
0 1 0 0 0 1 0 0 0 
0 0 0 0 0 1 0 1 0 
0 0 0 1 0 0 1 0 0 
0 0 0 0 0 1 1 0 0 
0 1 0 0 1 0 0 0 0 
0 0 0 0 1 0 0 1 0 
0 0 0 0 1 0 1 0 0 
1 0 1 0 0 0 0 0 0 
0 1 0 0 0 0 0 1 0 
0 0 0 0 0 0 0 1 1 
0 1 0 0 0 0 0 0 1 
0 1 0 0 0 0 1 0 0 
0 0 1 1 0 0 0 0 0 
0 0 1 0 0 1 0 0 0 
1 0 0 1 0 0 0 0 0 
0 0 1 0 1 0 0 0 0 
1 0 0 0 0 1 0 0 0 
0 0 1 0 0 0 0 1 0 
0 0 0 1 0 1 0 0 0 
1 0 0 0 1 0 0 0 0 
1 1 0 0 0 0 0 0 0 
1 0 0 0 0 0 0 0 1 
0 0 1 0 0 0 0 0 1 
0 0 1 1 0 0 0 0 0 
0 0 0 0 1 1 0 0 0 
0 0 1 0 0 0 1 0 0 
0 1 0 0 1 0 0 0 0 
0 1 0 0 0 1 0 0 0 
1 0 0 1 0 0 0 0 0 
1 0 0 0 0 0 0 1 0 
1 0 0 0 0 0 1 0 0 
0 0 0 0 0 1 0 1 0 
0 0 0 0 0 1 0 0 1 
0 0 1 0 0 0 0 0 1 
0 0 0 1 0 1 0 0 0 
0 0 0 0 1 0 0 1 0 
0 0 1 1 0 0 0 0 0 
0 0 0 0 0 1 1 0 0 
0 0 1 0 0 0 1 0 0 
0 0 0 0 1 0 0 0 1 
0 0 0 1 1 0 0 0 0 
0 0 0 0 1 0 1 0 0 
0 0 0 0 0 0 0 1 1 
0 1 0 0 0 0 1 0 0 
1 0 0 1 0 0 0 0 0 
0 0 0 0 0 0 1 1 0 
0 0 0 0 0 0 1 0 1 
1 0 0 0 1 0 0 0 0 
0 0 0 1 0 1 0 0 0 
0 1 0 0 0 1 0 0 0 
1 0 0 0 0 0 1 0 0 
0 0 1 0 0 0 0 1 0 
0 0 0 0 0 1 0 1 0 
0 0 0 0 1 1 0 0 0 
0 0 1 0 1 0 0 0 0 
0 0 0 1 0 0 0 0 1 
0 1 0 0 0 0 0 0 1 
0 1 0 0 0 0 1 0 0 
0 0 0 1 0 1 0 0 0 
0 0 0 0 0 0 0 1 1 
0 0 0 0 1 0 0 0 1 
0 0 0 0 0 0 1 1 0 
1 0 0 0 0 0 1 0 0 
0 0 1 0 0 0 0 1 0 
0 0 1 0 0 0 1 0 0 
0 0 0 0 0 1 0 0 1 
0 0 0 0 0 1 0 1 0 
0 0 0 0 0 1 1 0 0 
0 1 0 0 0 1 0 0 0 
0 1 0 0 1 0 0 0 0 
0 0 0 0 1 0 0 1 0 
0 0 0 1 0 0 0 1 0 
0 0 0 1 0 1 0 0 0 
0 1 0 0 0 1 0 0 0 
1 1 0 0 0 0 0 0 0 
0 1 0 0 0 0 1 0 0 
0 0 0 0 0 1 0 1 0 
0 0 0 1 1 0 0 0 0 
0 0 0 0 1 1 0 0 0 
0 0 0 0 1 0 0 1 0 
0 1 0 0 0 0 0 1 0 
0 0 0 1 0 1 0 0 0 
0 0 0 0 0 0 0 1 1 
1 0 0 1 0 0 0 0 0 
0 0 0 1 1 0 0 0 0 
0 0 0 0 1 1 0 0 0 
0 0 0 1 0 0 0 0 1 
1 0 0 0 1 0 0 0 0 
0 0 0 1 0 0 0 1 0 
0 1 0 0 0 1 0 0 0 
0 0 0 0 0 1 0 1 0 
1 1 0 0 0 0 0 0 0 
0 0 0 0 0 1 0 0 1 
1 0 0 0 0 0 0 0 1 
0 1 0 0 1 0 0 0 0 
0 0 0 0 1 0 0 1 0 
0 0 0 0 1 0 0 0 1 
0 0 1 0 0 1 0 0 0 
1 0 0 0 0 0 1 0 0 
0 0 0 1 0 1 0 0 0 
0 1 0 0 0 0 0 1 0 
0 1 0 0 0 0 0 0 1 
0 0 0 0 1 0 1 0 0 
0 0 0 0 0 0 0 1 1 
0 0 0 1 1 0 0 0 0 
1 0 0 0 0 1 0 0 0 
1 0 0 0 1 0 0 0 0 
0 1 1 0 0 0 0 0 0 
0 1 0 0 1 0 0 0 0 
1 0 0 0 0 0 0 0 1 
0 0 1 0 0 0 0 0 1 
0 0 0 0 1 0 0 0 1 
0 1 0 1 0 0 0 0 0 
0 0 0 1 0 0 0 1 0 
0 0 0 1 0 0 0 0 1 
0 0 0 0 0 1 0 0 1 
1 1 0 0 0 0 0 0 0 
0 0 0 1 1 0 0 0 0 
0 0 1 1 0 0 0 0 0 
0 0 0 1 0 1 0 0 0 
1 0 0 0 1 0 0 0 0 
0 1 0 0 0 0 0 0 1 
0 0 0 0 0 0 0 1 1 
0 1 0 0 0 1 0 0 0 
0 1 0 1 0 0 0 0 0 
0 0 1 0 0 0 0 0 1 
0 0 0 1 0 0 0 1 0 
0 0 0 0 1 0 0 0 1 
0 0 1 0 0 1 0 0 0 
0 0 0 1 1 0 0 0 0 
0 0 0 0 0 0 0 1 1 
1 0 0 0 0 1 0 0 0 
0 1 0 0 0 0 0 1 0 
1 0 0 1 0 0 0 0 0 
0 0 1 0 0 0 0 1 0 
0 0 0 0 1 0 0 1 0 
0 0 0 1 1 0 0 0 0 
0 0 0 1 0 1 0 0 0 
0 1 0 0 0 0 0 0 1 
0 1 0 0 0 0 0 1 0 
1 0 0 0 0 1 0 0 0 
0 0 0 1 0 0 1 0 0 
0 0 0 0 1 0 0 1 0 
0 0 1 0 0 0 0 1 0 
0 1 0 1 0 0 0 0 0 
0 1 0 0 0 0 0 0 1 
0 0 0 0 1 0 0 0 1 
0 0 0 1 1 0 0 0 0 
0 0 1 1 0 0 0 0 0 
0 1 0 0 0 0 0 1 0 
0 0 0 0 1 0 0 1 0 
0 0 0 0 1 1 0 0 0 
0 0 0 0 0 1 0 1 0 
0 0 0 1 0 0 1 0 0 
0 0 1 0 0 0 0 1 0 
0 1 0 1 0 0 0 0 0 
0 1 0 0 0 0 0 0 1 
0 0 0 1 0 0 0 1 0 
0 0 0 0 1 0 0 0 1 
0 0 0 0 0 0 0 1 1 
0 0 0 1 0 1 0 0 0 
0 0 0 1 0 0 0 0 1 
0 0 0 0 0 1 0 0 1 
0 0 1 1 0 0 0 0 0 
0 0 0 0 1 0 0 0 1 
0 1 0 0 0 1 0 0 0 
0 1 0 0 0 0 0 1 0 
0 0 0 0 1 0 0 1 0 
1 0 0 0 0 0 0 1 0 
0 1 1 0 0 0 0 0 0 
0 0 1 0 0 0 0 1 0 
0 0 1 0 0 0 0 0 1 
0 0 1 0 0 1 0 0 0 
0 0 0 1 1 0 0 0 0 
1 0 0 1 0 0 0 0 0 
1 0 0 0 0 0 0 1 0 
0 0 0 0 1 1 0 0 0 
0 0 0 0 1 0 0 1 0 
0 1 0 0 0 1 0 0 0 
0 1 0 0 0 0 0 1 0 
0 0 0 0 1 0 0 0 1 
0 1 0 0 0 0 0 0 1 
0 0 0 0 0 1 0 1 0 
0 0 0 0 0 0 0 1 1 
0 0 0 0 0 1 0 0 1 
1 0 0 1 0 0 0 0 0 
0 0 0 1 1 0 0 0 0 
0 1 0 1 0 0 0 0 0 
0 0 1 0 0 0 0 1 0 
0 0 0 1 0 1 0 0 0 
0 0 0 1 0 0 0 1 0 
0 0 0 1 0 0 0 0 1 
0 0 0 1 0 0 1 0 0 
0 0 0 0 0 0 1 1 0 
0 0 0 0 0 1 1 0 0 
0 0 0 0 0 0 1 0 1 
0 0 0 0 0 1 0 1 0 
0 0 0 0 0 0 0 1 1 
0 0 0 1 1 0 0 0 0 
0 1 0 1 0 0 0 0 0 
0 0 0 1 0 1 0 0 0 
0 0 0 1 0 0 0 0 1 
1 0 0 0 0 1 0 0 0 
0 0 0 0 0 1 1 0 0 
0 0 0 0 0 0 0 1 1 
0 0 1 0 0 0 0 0 1 
0 0 0 1 0 0 1 0 0 
0 0 0 1 1 0 0 0 0 
0 0 1 0 0 0 0 1 0 
0 0 0 0 1 1 0 0 0 
0 0 0 1 0 0 1 0 0 
0 0 0 1 0 1 0 0 0 
0 0 0 1 0 0 1 0 0 
1 0 0 1 0 0 0 0 0 
0 0 0 1 1 0 0 0 0 
0 1 0 0 1 0 0 0 0 
0 1 0 0 0 1 0 0 0 
1 0 0 1 0 0 0 0 0 
0 0 0 1 0 1 0 0 0 
0 0 0 1 0 0 1 0 0 
0 0 0 1 0 1 0 0 0 
0 1 0 0 0 1 0 0 0 
0 0 0 0 1 0 1 0 0 
1 0 0 0 0 1 0 0 0 
0 0 0 0 0 1 1 0 0 
0 0 0 0 1 0 0 0 1 
0 0 0 0 1 0 1 0 0 
1 0 0 0 1 0 0 0 0 
1 0 0 0 0 1 0 0 0 
0 0 0 0 1 0 0 1 0 
0 0 0 0 0 1 0 0 1 
1 0 0 0 1 0 0 0 0 
0 1 0 0 0 1 0 0 0 
0 0 1 0 0 0 0 1 0 
0 0 0 0 0 1 1 0 0 
0 0 0 0 1 0 1 0 0 
0 0 0 1 0 0 0 0 1 
1 0 0 0 1 0 0 0 0 
0 1 0 1 0 0 0 0 0 
0 0 0 0 1 0 0 1 0 
0 0 0 0 1 0 0 0 1 
0 1 0 0 0 0 0 0 1 
0 1 0 0 1 0 0 0 0 
0 0 0 0 1 0 1 0 0 
0 0 1 0 0 0 0 1 0 
0 1 0 1 0 0 0 0 0 
0 0 0 1 0 0 0 0 1 
0 0 0 0 0 1 0 1 0 
0 0 0 0 1 0 0 1 0 
0 0 0 1 1 0 0 0 0 
0 1 0 0 0 0 0 0 1 
0 0 0 0 1 0 0 1 0 
1 0 0 0 0 1 0 0 0 
1 0 0 0 1 0 0 0 0 
0 0 0 0 0 1 1 0 0 
1 1 0 0 0 0 0 0 0 
0 0 0 0 1 0 1 0 0 
0 0 0 1 0 1 0 0 0 
1 0 0 0 0 1 0 0 0 
0 0 0 0 0 1 0 0 1 
0 1 0 1 0 0 0 0 0 
1 0 0 0 1 0 0 0 0 
0 0 0 1 0 0 0 0 1 
0 0 0 0 1 0 0 0 1 
1 1 0 0 0 0 0 0 0 
0 0 0 0 0 1 0 1 0 
1 0 0 0 0 1 0 0 0 
0 0 0 0 1 0 0 1 0 
0 0 0 0 0 1 1 0 0 
1 0 0 0 1 0 0 0 0 
1 1 0 0 0 0 0 0 0 
0 0 0 0 1 0 1 0 0 
0 0 0 1 0 0 0 0 1 
0 0 1 0 1 0 0 0 0 
1 0 0 0 0 1 0 0 0 
1 0 0 0 1 0 0 0 0 
0 1 0 0 0 1 0 0 0 
0 0 0 0 0 1 0 0 1 
0 0 0 1 0 1 0 0 0 
0 0 0 0 1 1 0 0 0 
0 0 0 0 1 0 0 1 0 
0 1 0 0 0 0 0 0 1 
0 0 0 0 1 0 1 0 0 
0 0 0 1 1 0 0 0 0 
0 1 0 1 0 0 0 0 0 
0 1 0 0 0 1 0 0 0 
0 1 0 1 0 0 0 0 0 
0 0 1 0 1 0 0 0 0 
0 1 0 0 1 0 0 0 0 
0 0 0 0 0 1 0 0 1 
0 0 0 0 1 0 0 1 0 
0 0 0 1 0 1 0 0 0 
0 0 0 0 1 0 0 0 1 
0 0 0 0 1 1 0 0 0 
0 1 0 0 0 0 0 0 1 
0 0 0 1 1 0 0 0 0 
0 1 0 0 1 0 0 0 0 
1 0 0 0 1 0 0 0 0 
0 0 1 0 1 0 0 0 0 
0 0 0 0 0 1 0 0 1 
0 0 0 1 0 0 0 0 1 
0 0 0 1 0 1 0 0 0 
0 1 0 0 0 0 0 0 1 
0 1 0 0 0 1 0 0 0 
0 1 0 1 0 0 0 0 0 
0 1 0 0 1 0 0 0 0 
0 0 0 0 0 1 1 0 0 
0 0 0 1 0 0 0 0 1 
0 0 0 1 1 0 0 0 0 
0 0 1 0 1 0 0 0 0 
0 0 0 0 1 1 0 0 0 
1 0 0 0 0 1 0 0 0 
0 1 0 0 1 0 0 0 0 
1 0 0 1 0 0 0 0 0 
0 1 1 0 0 0 0 0 0 
0 0 1 0 0 0 0 1 0 
0 0 0 1 1 0 0 0 0 
1 0 1 0 0 0 0 0 0 
0 0 0 0 1 0 0 0 1 
0 1 0 0 0 0 0 0 1 
0 0 0 0 1 0 0 0 1 
1 0 1 0 0 0 0 0 0 
0 0 1 0 0 0 1 0 0 
0 0 1 0 0 0 0 1 0 
0 0 0 0 0 1 0 0 1 
1 0 1 0 0 0 0 0 0 
0 0 1 1 0 0 0 0 0 
0 0 0 0 1 1 0 0 0 
0 1 0 0 0 1 0 0 0 
1 0 0 1 0 0 0 0 0 
0 0 1 0 0 0 0 0 1 
0 0 1 1 0 0 0 0 0 
0 0 0 0 1 0 0 0 1 
0 0 0 1 1 0 0 0 0 
0 1 0 0 0 0 0 0 1 
0 1 0 1 0 0 0 0 0 
0 0 0 1 0 0 0 0 1 
0 1 0 0 0 0 0 0 1 
0 1 0 1 0 0 0 0 0 
0 0 0 0 1 0 0 0 1 
0 0 0 1 1 0 0 0 0 
0 0 0 1 0 0 0 0 1 
0 0 0 0 0 1 1 0 0 
0 1 0 1 0 0 0 0 0 
0 0 0 1 1 0 0 0 0 
0 1 0 0 0 0 0 0 1 
0 0 1 1 0 0 0 0 0 
0 0 0 0 1 1 0 0 0 
0 1 0 0 1 0 0 0 0 
0 0 0 1 0 0 0 0 1 
0 0 0 0 1 0 1 0 0 
0 0 0 0 1 1 0 0 0 
1 1 1 1 1 1 1 1 1 
;
TIMETABLE BEST: 
0.0 0.0 0.0 0.0 0.0 0.0 0.0 0.0 0.0 
10 0 0 0 0 0 0 0 0 
10 18 0 0 0 0 0 0 0 
10 18 18 0 0 0 0 0 0 
19 18 18 0 0 0 0 0 0 
19 18 18 19 0 0 0 0 0 
19 18 25 19 0 0 0 0 0 
19 18 25 19 10 0 0 0 0 
19 18 25 19 10 18 0 0 0 
19 18 25 19 10 18 0 0 0 
29 18 25 19 10 18 0 0 0 
29 18 25 19 10 18 0 0 0 
29 18 25 19 10 31 0 0 0 
29 18 25 19 33 31 0 0 0 
29 18 25 19 33 31 10 0 0 
29 18 25 19 33 31 10 18 0 
29 18 25 19 33 31 10 18 0 
29 18 25 19 33 31 19 18 0 
29 18 25 19 33 31 19 18 0 
29 18 25 19 33 31 19 18 18 
29 18 25 19 33 31 19 18 18 
29 18 25 19 33 31 19 18 18 
29 18 25 19 33 31 19 18 18 
29 18 25 19 33 31 19 18 18 
29 18 25 19 33 31 19 18 18 
29 18 25 19 33 31 19 18 18 
29 18 25 19 33 31 19 18 18 
29 18 25 19 33 31 19 18 18 
29 18 25 19 33 31 19 18 18 
29 18 25 30 33 31 19 18 18 
29 18 25 30 33 31 19 18 18 
29 18 25 30 33 31 19 18 18 
29 18 25 30 33 31 19 18 18 
29 18 25 30 33 31 19 18 18 
29 18 25 30 33 31 19 18 18 
29 18 25 30 33 31 19 18 18 
29 18 25 30 33 31 19 18 18 
29 18 25 30 33 31 19 18 18 
29 18 25 30 33 31 19 18 18 
29 18 25 30 33 31 19 36 18 
29 18 25 30 33 31 19 36 18 
29 18 25 30 33 31 19 36 37 
29 18 25 30 33 31 38 36 37 
29 18 25 30 33 31 38 36 37 
29 18 25 30 33 31 38 36 37 
29 18 25 30 33 31 38 36 37 
29 18 25 30 33 31 38 36 37 
29 18 25 30 33 31 38 36 37 
29 18 25 30 33 31 38 36 37 
29 18 25 30 33 31 38 36 37 
29 18 25 30 33 31 38 36 37 
29 34 25 30 33 31 38 36 37 
29 34 25 30 33 31 38 36 37 
29 34 25 30 33 31 38 36 37 
29 34 25 38 33 31 38 36 37 
29 34 25 38 33 31 38 36 37 
29 34 25 38 33 31 38 36 37 
29 34 25 38 33 31 38 36 37 
29 34 25 38 33 31 38 36 37 
29 34 25 38 33 31 38 36 37 
29 34 25 38 33 31 38 36 37 
29 34 25 38 33 31 38 36 37 
29 34 25 38 33 31 38 36 37 
29 34 25 38 33 31 38 36 37 
29 34 32 38 33 31 38 36 37 
29 34 32 38 33 31 38 36 37 
29 34 32 38 33 31 38 36 37 
29 34 32 38 33 31 38 36 37 
29 34 32 38 33 31 38 36 37 
29 34 32 38 33 31 38 36 37 
29 34 32 38 33 31 38 36 37 
29 34 32 38 33 31 38 36 37 
29 34 32 38 33 31 38 36 37 
29 34 32 38 33 31 38 36 37 
29 34 32 38 33 31 38 36 37 
29 34 32 45 33 31 38 36 37 
29 34 32 45 33 31 38 36 37 
29 34 32 45 33 31 38 36 37 
29 34 32 45 47 31 38 36 37 
29 34 32 45 47 31 38 36 37 
29 45 32 45 47 31 38 36 37 
39 45 32 45 47 31 38 36 37 
39 45 32 45 47 31 38 46 37 
39 45 32 45 47 31 38 46 37 
39 45 32 45 47 31 38 46 37 
39 45 32 45 47 31 38 46 37 
39 45 32 45 47 31 38 46 37 
39 45 32 45 47 31 38 46 37 
39 45 32 45 47 31 38 46 37 
39 45 32 52 47 31 38 46 37 
39 45 32 52 47 31 38 46 37 
39 45 32 52 47 31 38 46 37 
39 45 32 52 47 31 38 46 37 
39 45 32 52 47 31 47 46 37 
39 45 39 52 47 31 47 46 37 
39 45 39 52 47 31 47 46 37 
39 45 39 52 47 31 47 46 56 
39 45 39 52 47 44 47 46 56 
39 45 39 52 47 44 47 46 56 
39 45 39 52 47 44 47 46 56 
39 45 39 52 47 44 47 46 56 
39 45 39 52 47 44 47 46 56 
39 45 39 52 47 44 47 46 56 
39 45 39 52 47 44 47 46 56 
39 45 39 52 47 52 47 46 56 
53 45 39 52 47 52 47 46 56 
53 45 39 52 47 52 53 46 56 
53 45 39 52 47 52 53 46 56 
53 45 39 52 47 52 53 46 56 
53 45 39 52 47 52 53 46 56 
53 45 39 52 53 52 53 46 56 
53 56 39 52 53 52 53 46 56 
53 56 39 52 53 52 53 46 56 
53 56 39 52 53 52 53 46 56 
53 56 39 52 53 52 53 46 56 
53 56 39 52 53 52 53 46 56 
53 56 39 52 53 52 53 46 56 
53 56 39 52 53 52 53 46 56 
53 56 39 52 53 52 53 46 56 
53 56 39 60 53 52 53 46 56 
53 56 39 60 53 52 53 46 56 
53 56 39 60 53 52 53 56 56 
53 56 39 60 53 52 53 56 56 
53 56 39 60 53 52 53 56 56 
53 56 39 60 53 52 53 56 56 
53 56 39 60 53 52 53 56 56 
53 56 39 60 53 52 53 56 56 
53 56 39 60 53 52 53 56 56 
53 56 59 60 53 52 53 56 56 
53 56 59 60 53 52 59 56 56 
53 56 59 60 53 52 59 56 56 
53 56 59 60 53 52 59 56 56 
53 56 59 60 53 52 59 56 56 
53 56 59 60 53 52 59 56 56 
53 56 59 60 53 52 59 56 56 
53 56 59 60 53 52 59 56 56 
62 56 59 60 53 52 59 56 56 
62 56 59 60 53 52 59 56 56 
62 56 59 60 53 52 59 56 56 
62 56 59 60 59 52 59 56 56 
62 56 59 60 59 52 59 56 56 
62 56 59 60 59 52 59 56 56 
62 56 59 60 59 52 59 56 56 
62 56 59 60 59 52 59 56 56 
62 56 59 60 59 52 59 56 56 
62 56 59 60 59 52 59 56 56 
62 56 59 60 59 52 59 56 65 
62 56 59 60 59 52 59 56 65 
62 56 59 60 59 52 59 56 65 
62 56 59 60 59 52 59 56 65 
62 56 59 68 59 52 59 56 65 
62 56 59 68 59 52 59 56 65 
62 56 59 68 59 52 59 56 65 
62 56 59 68 59 52 59 56 65 
62 56 59 68 59 66 59 56 65 
62 56 59 68 59 66 59 56 65 
62 56 59 68 59 66 59 56 65 
62 56 59 68 59 66 59 56 65 
62 56 59 68 59 66 59 56 65 
62 56 59 68 59 66 59 56 65 
62 56 59 68 59 66 59 56 65 
62 56 59 68 59 66 59 56 71 
62 56 59 68 59 66 59 56 71 
62 56 59 68 59 66 59 72 71 
62 56 59 68 59 66 59 72 71 
62 56 59 68 59 66 59 72 71 
62 56 59 68 59 66 59 72 71 
62 56 59 68 65 66 59 72 71 
62 56 59 68 65 66 59 72 71 
62 64 59 68 65 66 59 72 71 
62 64 59 68 65 66 59 72 71 
62 64 59 68 65 74 59 72 71 
62 64 59 77 65 74 59 72 71 
62 64 59 77 65 74 59 72 71 
62 64 66 77 65 74 59 72 71 
62 64 66 77 65 74 59 72 71 
62 72 66 77 65 74 59 72 71 
62 72 66 77 65 74 59 72 77 
62 72 66 77 65 74 59 72 77 
62 72 66 77 65 74 59 72 77 
62 72 66 77 65 74 59 72 77 
62 72 66 77 72 74 59 72 77 
62 72 66 77 72 74 59 72 77 
62 72 66 77 72 74 59 72 77 
62 72 66 77 72 74 72 72 77 
62 72 76 77 72 74 72 72 77 
62 72 76 77 72 74 72 72 77 
62 72 76 77 72 74 72 72 77 
62 72 76 77 72 74 72 72 77 
62 72 76 77 72 74 72 72 77 
62 72 76 77 72 74 72 72 77 
62 72 76 77 72 74 72 72 77 
62 72 76 77 72 74 72 72 77 
62 72 76 77 72 74 72 72 77 
62 72 76 77 72 74 72 72 77 
62 72 76 77 72 74 72 72 83 
62 72 76 77 72 82 72 72 83 
62 72 76 77 72 82 72 82 83 
62 72 76 77 72 82 72 82 83 
73 72 76 77 72 82 72 82 83 
73 81 76 77 72 82 72 82 83 
73 81 76 77 72 82 72 82 83 
73 81 76 77 72 82 72 82 83 
73 81 76 77 72 82 72 82 83 
73 81 76 87 72 82 72 82 83 
73 81 76 87 72 82 72 82 83 
80 81 76 87 72 82 72 82 83 
80 81 76 87 80 82 72 82 83 
80 81 76 87 80 82 72 82 83 
80 81 76 87 80 82 72 82 83 
80 81 76 87 80 82 72 82 83 
80 81 76 87 80 82 72 82 83 
80 81 76 87 80 82 72 82 83 
80 81 76 87 80 82 72 82 83 
80 81 76 87 80 82 72 82 83 
80 81 76 87 80 82 72 82 83 
80 81 76 87 80 82 72 82 83 
80 81 76 87 80 82 72 82 83 
80 81 76 87 80 82 72 82 83 
80 81 86 87 80 82 72 82 83 
80 81 86 87 80 82 72 82 83 
80 81 86 87 80 82 72 82 83 
80 81 86 87 80 82 72 82 83 
80 81 86 99 80 82 72 82 83 
80 81 86 99 80 82 89 82 83 
80 81 86 99 80 82 89 82 83 
80 81 86 99 80 82 89 82 83 
80 81 86 99 80 82 89 92 83 
80 81 86 99 80 82 89 92 83 
80 81 86 99 80 82 89 92 83 
80 81 86 99 80 82 89 92 83 
80 81 86 99 80 82 89 92 83 
80 81 86 99 80 82 89 92 83 
88 81 86 99 80 97 89 92 83 
88 81 86 99 80 97 89 92 83 
88 81 86 99 80 97 89 92 94 
88 81 93 99 80 97 89 92 94 
88 81 93 99 80 97 89 92 94 
88 81 93 113 80 97 89 92 94 
88 81 107 113 80 97 89 92 94 
88 81 107 113 103 97 89 92 94 
88 81 107 113 103 97 89 92 94 
88 81 107 113 103 97 89 92 94 
88 81 107 113 103 97 98 92 94 
103 81 107 113 103 97 98 92 94 
103 81 107 113 103 97 98 92 94 
103 81 107 113 138 97 98 92 94 
103 125 107 113 138 97 98 92 94 
110 125 107 113 138 97 98 92 94 
110 125 107 129 138 97 98 92 94 
110 125 107 129 138 97 98 92 94 
110 125 107 135 138 97 98 92 94 
110 125 107 135 138 109 98 92 94 
110 125 107 135 138 109 98 92 94 
110 125 107 135 138 131 98 92 94 
110 125 107 135 138 131 106 92 94 
110 125 107 135 138 131 106 92 105 
110 125 107 135 138 131 106 92 105 
110 125 107 135 138 131 106 92 105 
117 125 107 135 138 131 106 92 105 
117 125 107 135 138 131 106 114 105 
117 125 107 135 138 131 106 114 123 
117 125 107 135 138 131 106 114 123 
117 125 107 135 138 131 106 114 123 
117 125 136 135 138 131 106 122 123 
117 125 136 135 138 150 106 122 123 
117 125 136 135 138 150 119 122 123 
117 125 136 135 138 150 119 122 123 
128 125 136 135 138 150 119 122 123 
128 125 136 135 138 150 119 122 123 
128 125 136 135 138 150 119 122 123 
128 125 136 135 138 150 119 122 123 
128 125 136 135 138 150 119 122 137 
128 125 136 135 138 150 119 122 137 
128 125 136 135 138 150 129 122 137 
128 125 147 135 138 150 129 122 137 
128 137 147 135 138 150 129 122 137 
128 137 147 135 138 150 129 122 137 
128 137 147 135 138 150 129 122 137 
128 137 147 135 138 150 129 134 137 
128 137 147 135 138 150 129 134 137 
128 137 147 135 138 150 129 134 137 
128 137 147 135 152 150 129 134 137 
128 137 147 135 152 150 129 134 137 
128 137 147 135 152 150 129 134 137 
128 137 147 135 152 150 129 134 137 
128 153 147 135 152 150 129 134 137 
128 153 147 135 152 150 129 134 137 
128 153 147 135 152 150 129 134 137 
137 153 147 135 152 150 129 134 137 
137 153 147 135 152 150 129 134 137 
137 153 147 135 152 150 129 134 137 
137 153 147 135 152 150 129 134 137 
137 153 147 152 152 150 129 134 137 
137 153 147 152 152 150 129 134 137 
137 153 147 152 152 150 129 134 137 
137 153 147 152 152 150 129 142 137 
143 153 147 152 152 150 129 142 137 
143 153 147 152 152 150 129 142 137 
143 153 147 152 152 150 144 142 137 
143 153 147 152 152 150 144 142 137 
143 153 147 152 152 150 144 142 137 
143 153 147 152 152 150 144 142 137 
143 153 147 152 152 150 144 142 151 
143 153 147 152 152 150 144 142 151 
150 153 147 152 152 150 144 142 151 
150 153 147 152 152 150 144 142 151 
150 153 147 152 152 150 144 142 151 
150 153 147 152 152 150 144 142 151 
150 153 147 152 152 150 144 142 151 
150 153 147 152 152 150 144 142 151 
150 153 147 152 152 150 144 150 151 
150 153 147 152 152 150 144 150 151 
150 153 147 152 152 150 152 150 151 
150 153 147 152 152 150 152 150 151 
150 153 147 152 152 150 152 150 151 
150 160 147 152 152 150 152 150 151 
150 160 147 152 152 150 152 150 151 
150 160 163 152 152 150 152 150 151 
150 160 163 152 152 150 152 150 151 
150 160 163 152 152 150 152 150 163 
150 160 163 152 152 150 152 160 163 
150 160 163 165 152 150 152 160 163 
150 160 163 165 152 150 152 160 163 
150 160 163 165 152 164 152 160 163 
150 160 163 165 152 164 152 160 163 
150 160 163 165 152 164 152 160 163 
150 167 163 165 152 164 152 160 163 
173 167 163 165 152 164 152 160 163 
173 167 173 165 152 164 152 160 163 
173 167 173 165 152 164 152 160 163 
173 167 173 165 152 164 152 160 163 
173 167 173 165 152 164 152 160 163 
173 167 173 165 152 164 152 160 163 
173 167 173 165 152 164 152 160 163 
173 167 173 165 152 164 152 160 163 
173 180 173 165 152 164 152 160 163 
173 180 173 165 152 164 169 160 163 
173 180 173 165 152 164 169 160 169 
173 180 173 188 152 164 169 160 169 
173 180 173 188 170 164 169 160 169 
173 180 173 188 170 164 169 160 169 
173 180 173 188 170 178 169 160 169 
173 190 173 188 170 178 169 160 169 
173 190 173 188 170 178 169 160 169 
173 190 173 188 170 178 169 160 169 
173 190 195 188 170 178 169 171 169 
173 190 195 197 170 178 169 171 169 
173 190 195 197 170 178 169 171 169 
173 190 195 197 200 178 169 171 169 
173 204 195 197 200 178 169 171 169 
173 204 195 197 200 178 169 171 175 
181 204 195 197 200 178 169 171 175 
181 204 195 197 200 178 178 171 175 
181 204 195 197 200 178 178 182 175 
181 204 195 197 200 178 178 182 204 
191 204 195 197 200 178 178 182 204 
191 204 195 197 200 178 178 182 204 
191 204 195 197 200 192 178 182 204 
191 204 195 197 200 192 178 182 204 
191 204 195 206 200 192 178 182 204 
191 204 195 206 200 192 178 182 204 
191 204 195 206 200 192 178 182 204 
191 204 195 206 200 192 178 182 204 
191 204 195 206 200 192 178 182 204 
191 204 195 206 200 192 178 182 204 
191 204 195 206 200 192 178 182 204 
191 204 195 206 200 192 178 182 204 
191 211 195 206 200 192 178 182 204 
191 211 195 206 200 192 178 182 204 
191 211 195 206 213 192 178 182 204 
191 211 195 206 213 192 178 182 204 
191 211 195 215 213 192 178 182 204 
191 211 195 215 213 192 233 182 204 
191 211 195 215 213 192 233 182 204 
191 211 195 215 213 192 233 182 204 
191 211 195 215 213 192 233 182 218 
191 211 214 215 213 192 233 182 218 
191 211 214 215 213 216 233 182 218 
191 218 214 215 213 216 233 182 218 
191 218 214 215 213 216 233 182 218 
191 218 214 215 213 216 233 182 218 
191 218 214 215 213 239 233 182 218 
210.0 278.0 260.0 264.0 282.0 324.0 322.0 192.0 278.0 
;
EXECUTION TIME HBSS: 35554.4819539 seconds 

-------------------------------------------------------------------
97 403 407 406 402 397 406 
407 407 397 403 407 407 402 397 406 
407 407 397 403 407 407 402 407 406 
410 407 397 410 407 407 402 407 406 
416 407 397 416 407 407 402 407 406 
416 407 397 416 416 407 402 407 406 
416 407 397 416 416 407 402 416 406 
421 407 397 416 416 421 402 416 406 
421 407 397 416 422 421 422 416 406 
425 407 397 425 422 421 422 416 406 
425 425 397 425 422 421 422 416 406 
425 425 397 425 422 421 422 416 425 
425 425 397 425 425 421 422 416 425 
425 425 397 425 429 421 429 416 425 
429 425 429 425 429 421 429 416 425 
429 434 429 434 429 421 429 416 425 
429 434 429 434 429 421 429 416 434 
429 434 435 434 429 435 429 416 434 
429 438 435 434 438 435 429 416 434 
429 438 435 438 438 435 429 416 434 
429 438 435 438 438 435 438 416 434 
429 439 435 438 438 435 438 439 434 
429 439 435 438 439 435 438 439 434 
429 439 435 438 439 435 439 439 434 
429 445 435 438 439 435 439 439 445 
429 446 435 446 439 435 439 439 445 
429 446 435 446 446 435 439 439 445 
429 446 435 446 446 435 446 439 445 
429 446 435 446 455 435 446 455 445 
429 446 435 446 455 435 455 455 445 
459 446 435 446 455 435 455 459 445 
464 446 435 446 464 435 455 459 445 
464 473 435 446 473 435 455 459 445 
536.0 519.0 506.0 475.0 522.0 533.0 514.0 515.0 464.0 
;
EXECUTION TIME HBSS: 30926.6780939 seconds 

-------------------------------------------------------------------
