DATFILE : offices1_5r_250.dat
ENVIRONMENT : office
ALGORITHM : HBSS - TAU 9
RANGE : 250
STARTING_POS : 42
N_ROBOTS : 5
GREEDY SOLUTION : 1138.0
COMPUTATIONS T :
1157.0
1138.0
1138.0
1138.0
1138.0
1076.0
1185.0
1101.0
1138.0
1138.0
1146.0
1138.0
1212.0
1138.0
1138.0
1138.0
1138.0
1162.0
1138.0
1138.0
1138.0
1138.0
1138.0
1138.0
1138.0
1138.0
1113.0
1138.0
1138.0
1138.0
1138.0
1231.0
1162.0
1164.0
1138.0
1105.0
1138.0
1138.0
1138.0
1143.0
1138.0
1138.0
1138.0
1138.0
1138.0
1138.0
1190.0
1138.0
1138.0
1138.0
1138.0
1138.0
1138.0
1138.0
1146.0
1076.0
1138.0
1107.0
1138.0
1080.0
1138.0
1154.0
1118.0
1138.0
1138.0
1166.0
1138.0
1138.0
1138.0
1141.0
1136.0
1134.0
1138.0
1138.0
1138.0
1127.0
1138.0
1115.0
1237.0
1138.0
1138.0
1138.0
1138.0
1138.0
1138.0
1138.0
1125.0
1174.0
1138.0
1138.0
1133.0
1138.0
1125.0
1138.0
1138.0
1138.0
1138.0
1138.0
1138.0
1136.0
1138.0
1140.0
1138.0
1138.0
1138.0
1138.0
1138.0
1138.0
1138.0
1138.0
1164.0
1156.0
1138.0
1138.0
1083.0
1138.0
1170.0
1138.0
1138.0
1138.0
1138.0
1065.0
1138.0
1138.0
1138.0
1138.0
1138.0
1138.0
1138.0
1138.0
1156.0
1140.0
1138.0
1138.0
1138.0
1138.0
1138.0
1168.0
1166.0
1138.0
1114.0
1133.0
1138.0
1107.0
1138.0
1138.0
1138.0
1138.0
1138.0
1138.0
1138.0
1138.0
1138.0
1138.0
1138.0
1192.0
1138.0
1122.0
1138.0
1138.0
1065.0
1162.0
1138.0
1138.0
1138.0
1155.0
1138.0
1138.0
1138.0
1138.0
1138.0
1138.0
1136.0
1140.0
1138.0
1138.0
1138.0
1138.0
1138.0
1138.0
1138.0
1138.0
1139.0
1138.0
1138.0
1099.0
1150.0
1187.0
1138.0
1138.0
1138.0
1121.0
1138.0
1121.0
1210.0
1168.0
1175.0
1138.0
1138.0
1161.0
;
HBBS bestT : 1065.0
BEST_CONFIGURATIONS : 
42 42 42 42 42 
41 42 42 42 42 
41 42 5 24 42 
41 42 5 24 42 
41 42 5 24 42 
41 42 5 24 42 
41 42 5 24 42 
41 42 5 24 36 
41 42 5 24 36 
41 42 5 24 36 
41 42 5 24 36 
41 42 5 4 36 
41 42 5 4 36 
41 42 5 4 36 
41 42 5 4 36 
41 42 24 4 36 
36 42 24 4 35 
36 41 24 4 35 
36 41 24 4 35 
36 41 24 4 35 
36 41 24 4 34 
36 41 24 4 34 
36 41 4 4 34 
36 41 4 24 34 
36 41 4 5 34 
35 42 4 5 34 
35 42 4 5 34 
35 42 4 5 34 
35 42 4 5 34 
35 42 3 5 34 
35 42 3 5 34 
35 42 3 5 34 
35 42 3 5 34 
35 42 3 24 34 
34 42 3 24 33 
34 42 3 24 33 
34 42 3 24 33 
34 41 3 24 33 
34 41 3 24 33 
34 41 3 4 33 
34 41 3 4 33 
35 41 3 4 33 
35 36 3 4 33 
35 36 3 4 33 
34 36 3 4 32 
34 36 3 4 32 
34 36 3 4 32 
34 36 3 4 32 
34 36 3 4 27 
34 36 3 4 27 
34 35 3 4 27 
33 35 3 5 27 
33 35 3 5 27 
33 35 23 5 27 
33 34 23 5 27 
33 34 23 5 27 
33 34 23 5 27 
33 34 23 5 32 
33 34 23 5 32 
33 35 23 5 32 
33 35 23 5 32 
33 35 23 24 32 
33 35 23 24 32 
32 35 2 24 32 
32 35 2 24 32 
32 35 2 4 32 
32 35 2 4 27 
32 35 2 4 27 
27 35 2 4 26 
27 35 2 4 26 
27 35 2 24 26 
27 35 2 24 26 
27 35 2 24 26 
32 35 2 24 26 
32 35 23 4 26 
32 35 23 4 26 
32 35 23 4 26 
32 34 23 4 26 
32 34 2 4 26 
33 34 2 4 26 
33 34 2 4 38 
33 34 2 4 38 
33 34 2 4 38 
33 34 2 3 38 
33 34 2 3 38 
32 34 2 3 38 
32 34 23 3 38 
32 34 23 3 38 
27 34 23 3 38 
27 33 26 3 38 
27 33 26 3 38 
27 33 26 3 38 
31 33 26 3 38 
31 33 26 3 38 
31 33 26 3 38 
31 33 26 3 38 
31 33 27 3 38 
31 32 27 3 38 
31 32 27 3 37 
31 32 27 3 37 
31 32 27 3 37 
31 32 27 23 37 
31 32 27 23 37 
31 32 26 23 37 
31 32 26 2 37 
31 32 26 2 37 
31 34 26 2 37 
31 34 39 2 37 
31 34 39 2 37 
31 34 39 2 37 
31 34 39 2 37 
31 34 39 2 43 
31 34 39 23 43 
31 34 39 23 43 
31 35 39 23 43 
27 35 39 23 43 
27 35 39 26 43 
27 35 39 26 43 
27 36 39 26 43 
32 36 39 26 43 
32 36 39 38 43 
32 36 39 38 37 
32 41 39 38 37 
33 41 39 38 37 
33 41 39 38 43 
32 40 39 38 43 
32 40 23 38 43 
32 40 23 26 43 
32 40 23 26 25 
32 40 23 26 25 
27 40 23 26 25 
27 40 23 26 25 
27 40 2 26 25 
27 40 2 26 25 
27 40 2 39 25 
31 40 2 39 25 
31 40 2 23 25 
30 39 2 23 25 
30 39 2 23 25 
30 39 2 23 25 
30 39 2 23 25 
29 26 2 23 25 
29 26 23 23 25 
29 26 23 23 25 
29 26 23 1 25 
29 26 23 1 25 
29 26 23 1 25 
29 26 23 1 25 
29 27 23 1 25 
29 27 23 1 25 
29 27 2 1 25 
29 27 2 1 0 
29 27 2 1 0 
29 27 2 1 0 
29 27 2 1 0 
29 32 2 1 0 
29 32 2 1 0 
29 32 2 1 0 
29 32 23 1 0 
30 27 23 1 0 
30 27 23 1 0 
30 27 23 1 0 
30 27 26 1 0 
30 27 26 1 0 
30 32 26 1 0 
30 32 38 1 0 
30 32 38 1 0 
30 32 38 1 0 
30 33 38 1 0 
30 33 38 1 0 
30 33 37 1 0 
30 33 37 1 0 
30 33 37 1 0 
30 33 43 1 0 
30 33 43 1 0 
30 33 43 1 0 
29 33 43 1 0 
29 33 37 1 0 
29 33 37 1 25 
29 33 37 0 25 
29 33 43 0 25 
29 33 43 0 25 
28 27 43 0 25 
28 27 37 0 25 
28 27 37 0 25 
28 27 37 0 25 
28 32 37 0 25 
28 32 43 0 25 
28 32 37 0 43 
28 32 37 1 43 
28 26 37 1 43 
28 26 38 1 43 
28 26 38 1 25 
28 26 38 23 25 
28 31 38 23 25 
28 31 38 23 0 
28 31 38 1 0 
28 31 39 1 0 
28 31 39 1 0 
28 30 39 1 0 
28 29 39 1 0 
28 29 38 1 0 
28 29 38 39 0 
17 29 38 39 0 
17 29 26 39 0 
17 29 26 39 25 
17 29 27 39 25 
17 29 27 38 25 
17 30 27 38 25 
17 30 27 38 43 
17 30 31 38 43 
17 30 31 38 43 
17 30 31 37 43 
17 29 30 37 43 
17 29 30 37 28 
17 29 31 37 28 
19 29 31 37 28 
19 29 31 37 28 
19 29 31 28 28 
19 29 31 28 17 
19 30 31 28 17 
19 30 31 43 17 
19 30 31 37 17 
19 27 31 37 16 
19 27 31 37 16 
19 27 17 37 16 
19 31 17 37 16 
19 31 28 37 16 
16 30 28 37 16 
16 30 29 37 16 
16 30 29 17 6 
16 30 29 17 6 
16 30 29 17 22 
16 17 29 17 22 
16 17 27 17 22 
16 17 27 19 22 
16 17 27 19 7 
16 17 27 19 7 
16 17 27 19 7 
16 17 30 19 22 
6 19 30 19 22 
6 19 30 19 7 
6 19 30 19 22 
6 19 29 19 22 
6 19 29 22 7 
22 19 31 22 7 
7 19 31 10 7 
7 6 31 10 7 
7 6 31 10 22 
7 6 31 11 22 
7 6 31 11 15 
7 6 31 11 15 
7 6 31 11 15 
7 6 26 11 15 
7 6 26 11 15 
22 6 26 11 15 
22 6 26 11 15 
22 6 27 11 15 
22 6 32 11 15 
22 16 32 11 15 
22 16 32 11 15 
10 16 32 11 15 
10 16 32 11 15 
10 16 32 11 15 
10 16 33 11 15 
10 16 33 21 15 
10 16 33 21 15 
10 16 33 21 15 
10 6 33 21 15 
10 6 32 21 15 
11 6 32 21 15 
11 6 32 21 22 
11 6 27 21 22 
11 7 27 21 22 
11 7 27 8 22 
11 7 27 8 22 
11 7 27 8 22 
21 7 27 8 22 
21 7 28 8 15 
21 7 28 8 15 
8 10 28 8 15 
8 10 29 8 15 
8 10 29 12 15 
8 10 29 12 15 
8 10 30 12 15 
21 10 30 12 15 
21 10 31 12 15 
21 11 31 12 15 
20 11 31 12 15 
20 11 31 12 15 
20 11 31 12 13 
20 11 31 12 13 
20 11 26 12 13 
20 11 26 12 13 
20 11 27 12 13 
9 11 27 12 13 
9 11 27 12 13 
9 11 32 12 13 
9 21 32 12 13 
9 21 32 20 13 
9 21 32 20 13 
9 21 32 20 13 
9 21 33 20 13 
9 8 33 20 13 
9 8 33 20 13 
9 8 33 20 13 
9 8 34 20 13 
9 8 34 20 13 
20 8 35 20 13 
20 8 35 20 13 
20 10 35 20 13 
20 10 35 20 13 
20 10 36 20 13 
20 10 36 20 13 
20 10 36 18 13 
20 10 36 18 13 
9 10 36 18 13 
9 22 36 18 13 
9 22 41 18 13 
9 22 40 18 13 
9 22 40 18 13 
9 15 40 18 13 
12 15 40 18 13 
12 15 39 18 13 
12 15 39 18 13 
12 15 23 18 13 
8 14 23 18 13 
8 14 23 20 13 
8 14 23 20 13 
8 14 26 20 13 
21 14 26 20 13 
21 14 26 9 13 
21 14 27 9 13 
21 14 27 9 15 
11 14 27 9 15 
11 14 32 9 15 
11 14 33 9 15 
11 14 33 12 15 
11 14 33 12 22 
10 14 33 12 22 
10 14 33 12 7 
10 14 34 12 7 
10 14 35 12 7 
10 14 35 12 6 
10 14 34 18 6 
16 14 34 18 6 
16 14 35 18 6 
19 15 35 18 6 
19 15 33 18 6 
19 15 33 18 17 
43 15 33 18 17 
37 15 33 18 17 
37 15 38 18 17 
37 15 39 5 17 
38 13 39 5 17 
38 13 39 5 16 
38 13 39 24 16 
39 13 39 4 16 
39 13 40 4 16 
39 14 40 4 16 
39 14 40 24 16 
39 14 40 24 17 
40 14 40 5 17 
40 14 41 5 17 
40 14 41 5 29 
40 14 36 5 29 
40 14 36 5 30 
40 14 36 42 30 
40 14 35 42 30 
40 14 35 42 31 
40 14 34 42 31 
40 14 33 42 31 
40 13 33 42 29 
40 13 33 3 29 
40 13 33 3 30 
40 13 31 3 30 
39 13 31 3 30 
39 13 31 3 17 
1 13 31 3 17 
1 13 0 3 17 
1 13 0 24 17 
1 13 0 4 17 
2 13 0 5 17 
42 42 42 42 42 
;
ROBOT MOVING BEST:
0 0 0 0 0 
1 1 0 0 0 
0 0 1 1 0 
1 0 1 0 0 
1 0 0 1 0 
0 1 1 0 0 
0 1 0 1 0 
0 0 1 0 1 
1 0 0 0 1 
0 1 0 0 1 
0 0 0 1 1 
1 0 0 1 0 
0 1 0 1 0 
0 0 1 1 0 
0 0 0 1 1 
0 0 1 1 0 
1 0 0 0 1 
0 1 0 0 1 
0 0 1 0 1 
0 0 0 1 1 
1 0 0 0 1 
0 1 0 0 1 
0 0 1 0 1 
0 0 0 1 1 
0 0 0 1 1 
1 1 0 0 0 
1 0 0 1 0 
1 0 0 0 1 
0 1 0 0 1 
1 0 1 0 0 
0 1 1 0 0 
0 0 1 1 0 
0 0 1 0 1 
0 0 1 1 0 
1 0 0 0 1 
0 0 1 0 1 
0 0 0 1 1 
0 1 1 0 0 
0 1 0 0 1 
0 0 1 1 0 
0 0 0 1 1 
1 0 0 0 1 
0 1 1 0 0 
0 1 0 0 1 
1 0 0 0 1 
0 1 0 0 1 
0 0 1 0 1 
0 0 0 1 1 
1 0 0 0 1 
0 0 1 0 1 
0 1 0 0 1 
1 0 0 1 0 
1 0 0 0 1 
1 0 1 0 0 
0 1 1 0 0 
0 0 1 1 0 
0 0 1 0 1 
1 0 0 0 1 
0 0 1 0 1 
0 1 1 0 0 
0 1 0 0 1 
0 0 1 1 0 
0 0 0 1 1 
1 0 1 0 0 
0 1 1 0 0 
0 0 1 1 0 
0 0 1 0 1 
1 0 0 0 1 
1 0 0 0 1 
0 1 0 0 1 
0 0 1 1 0 
0 0 1 0 1 
0 0 0 1 1 
1 0 0 0 1 
0 0 1 1 0 
0 0 1 0 1 
0 0 0 1 1 
0 1 0 0 1 
0 1 1 0 0 
1 0 1 0 0 
1 0 0 0 1 
0 1 0 0 1 
0 0 1 0 1 
0 0 1 1 0 
0 0 0 1 1 
1 0 0 0 1 
0 0 1 1 0 
0 0 1 0 1 
1 0 0 0 1 
0 1 1 0 0 
0 0 1 1 0 
0 0 1 0 1 
1 1 0 0 0 
1 0 1 0 0 
1 0 0 1 0 
1 0 0 0 1 
1 0 1 0 0 
1 1 0 0 0 
1 0 0 0 1 
0 1 0 0 1 
0 0 1 0 1 
1 0 0 1 0 
0 0 0 1 1 
0 0 1 0 1 
1 0 0 1 0 
0 0 0 1 1 
1 1 0 0 0 
1 0 1 0 0 
0 1 1 0 0 
0 0 1 1 0 
0 0 1 0 1 
1 0 0 0 1 
0 0 1 1 0 
0 0 0 1 1 
0 1 1 0 0 
1 0 1 0 0 
0 0 1 1 0 
0 0 0 1 1 
0 1 1 0 0 
1 0 1 0 0 
0 0 1 1 0 
0 0 0 1 1 
0 1 1 0 0 
1 0 1 0 0 
0 0 0 1 1 
1 1 0 0 0 
0 1 1 0 0 
0 1 0 1 0 
0 0 1 0 1 
0 0 0 1 1 
1 1 0 0 0 
1 0 0 0 1 
0 1 1 0 0 
0 0 1 0 1 
0 1 0 1 0 
1 0 0 0 1 
0 0 1 1 0 
1 1 0 0 0 
1 0 1 0 0 
1 0 0 1 0 
1 0 0 0 1 
1 1 0 0 0 
1 0 1 0 0 
1 0 0 0 1 
1 0 0 1 0 
0 1 0 1 0 
0 0 1 1 0 
0 0 0 1 1 
1 1 0 0 0 
0 1 0 1 0 
0 0 1 1 0 
1 0 0 0 1 
0 1 0 0 1 
0 0 1 0 1 
0 0 0 1 1 
1 1 0 0 0 
0 1 0 1 0 
0 1 0 0 1 
0 0 1 0 1 
1 1 0 0 0 
1 0 0 1 0 
1 0 0 0 1 
1 0 1 0 0 
0 0 1 0 1 
1 1 0 0 0 
1 0 1 0 0 
0 0 1 1 0 
0 0 1 0 1 
1 1 0 0 0 
0 1 0 1 0 
1 0 1 0 0 
0 0 1 1 0 
0 0 1 0 1 
1 0 1 0 0 
0 0 1 1 0 
0 0 1 0 1 
1 1 0 0 0 
1 0 1 0 0 
0 0 1 0 1 
0 0 0 1 1 
1 0 1 0 0 
0 0 1 0 1 
1 1 0 0 0 
1 0 1 0 0 
1 0 0 1 0 
1 0 0 0 1 
1 1 0 0 0 
1 0 1 0 0 
0 0 1 0 1 
1 0 0 1 0 
1 1 0 0 0 
1 0 1 0 0 
0 0 1 0 1 
1 0 0 1 0 
1 1 0 0 0 
0 1 0 0 1 
0 1 0 1 0 
0 0 1 1 0 
0 0 1 0 1 
1 1 0 0 0 
1 1 0 0 0 
0 1 1 0 0 
0 1 0 1 0 
1 1 0 0 0 
1 0 1 0 0 
1 0 0 0 1 
1 0 1 0 0 
1 0 0 1 0 
1 1 0 0 0 
1 0 0 0 1 
1 0 1 0 0 
0 1 1 0 0 
1 0 0 1 0 
0 1 1 0 0 
1 0 0 0 1 
0 1 1 0 0 
1 1 0 0 0 
1 0 1 0 0 
1 0 0 1 0 
1 0 0 0 1 
1 1 0 0 0 
1 0 0 1 0 
1 0 0 1 0 
0 1 0 0 1 
1 0 0 0 1 
0 0 1 0 1 
0 1 0 0 1 
0 0 1 0 1 
1 1 0 0 0 
1 0 1 0 0 
0 0 0 1 1 
1 0 0 0 1 
1 0 0 0 1 
0 1 0 0 1 
0 0 1 0 1 
0 0 0 1 1 
1 0 0 0 1 
0 0 0 1 1 
0 1 0 0 1 
0 0 1 0 1 
1 1 0 0 0 
1 0 0 0 1 
1 0 0 0 1 
0 0 1 0 1 
0 0 0 1 1 
1 0 1 0 0 
1 0 0 1 0 
0 1 0 1 0 
0 0 0 1 1 
1 0 0 1 0 
1 0 0 0 1 
0 1 0 1 0 
0 1 0 0 1 
0 0 1 0 1 
0 0 0 1 1 
1 0 0 1 0 
1 0 0 0 1 
0 0 1 0 1 
0 0 1 0 1 
0 1 0 1 0 
0 1 0 0 1 
1 1 0 0 0 
1 0 0 1 0 
1 0 0 0 1 
0 0 1 0 1 
1 0 0 1 0 
0 0 1 1 0 
0 0 0 1 1 
0 1 0 1 0 
0 0 1 1 0 
1 0 0 1 0 
0 0 0 1 1 
0 0 1 1 0 
0 1 0 1 0 
1 0 0 1 0 
0 1 0 1 0 
0 0 0 1 1 
1 0 0 1 0 
0 0 1 0 1 
0 0 0 1 1 
1 1 0 0 0 
0 0 1 0 1 
1 0 0 1 0 
0 1 0 1 0 
0 0 1 0 1 
1 0 0 1 0 
0 0 1 0 1 
0 1 0 1 0 
1 1 0 0 0 
1 0 0 1 0 
1 0 0 0 1 
0 1 0 0 1 
0 0 1 0 1 
0 0 0 1 1 
0 0 1 0 1 
1 1 0 0 0 
1 0 0 1 0 
0 0 1 0 1 
1 1 0 0 0 
1 0 0 1 0 
0 1 0 1 0 
0 1 0 0 1 
0 0 1 0 1 
1 1 0 0 0 
0 1 0 1 0 
0 1 0 0 1 
0 0 1 1 0 
0 0 1 0 1 
1 0 1 0 0 
0 0 1 0 1 
1 1 0 0 0 
0 1 0 0 1 
1 0 1 0 0 
0 0 1 0 1 
0 0 1 1 0 
1 0 0 1 0 
1 0 0 1 0 
0 1 0 0 1 
0 0 1 1 0 
0 0 1 1 0 
0 0 1 0 1 
0 1 0 0 1 
1 0 0 1 0 
0 1 1 0 0 
0 0 1 0 1 
0 0 1 0 1 
1 1 0 0 0 
0 1 0 1 0 
0 1 0 0 1 
0 1 1 0 0 
1 1 0 0 0 
0 1 0 1 0 
0 1 1 0 0 
0 1 0 0 1 
1 1 0 0 0 
0 1 1 0 0 
0 1 1 0 0 
0 1 0 1 0 
0 1 0 0 1 
1 1 0 0 0 
0 1 0 0 1 
0 1 1 0 0 
0 1 1 0 0 
0 1 0 0 1 
0 0 1 1 0 
1 1 0 0 0 
0 0 1 1 0 
1 1 0 0 0 
0 0 1 1 0 
0 1 0 0 1 
1 1 0 0 0 
1 1 0 0 0 
0 1 1 0 0 
0 0 1 1 0 
1 1 0 0 0 
0 1 0 0 1 
0 0 1 1 0 
1 0 0 1 0 
0 0 1 1 0 
1 1 0 0 0 
0 0 1 1 0 
0 1 0 0 1 
1 0 0 1 0 
1 0 1 0 0 
0 1 0 0 1 
1 0 1 0 0 
0 1 0 0 1 
1 0 0 1 0 
1 0 1 0 0 
0 1 0 0 1 
1 0 1 0 0 
1 0 1 0 0 
0 1 0 0 1 
1 0 0 1 0 
0 1 0 0 1 
0 1 1 0 0 
1 0 0 1 0 
0 1 0 0 1 
1 0 0 1 0 
0 0 1 1 0 
1 0 0 1 0 
1 0 0 1 0 
1 0 0 1 0 
1 1 1 1 1 
;
TIMETABLE BEST: 
0.0 0.0 0.0 0.0 0.0 
10 10 0 0 0 
10 10 18 18 0 
18 10 18 18 0 
18 10 18 18 0 
18 18 18 18 0 
18 18 18 18 0 
18 18 19 18 19 
19 18 19 18 19 
19 19 19 18 19 
19 19 19 19 19 
26 19 19 26 19 
26 26 19 26 19 
26 26 26 26 19 
26 26 26 26 26 
26 26 34 34 26 
36 26 34 34 36 
36 36 34 34 36 
36 36 36 34 36 
36 36 36 36 36 
44 36 36 36 44 
44 44 36 36 44 
44 44 44 36 44 
44 44 44 44 44 
44 44 44 52 52 
54 54 44 52 52 
54 54 44 54 52 
54 54 44 54 54 
54 54 44 54 54 
58 54 58 54 54 
58 58 58 54 54 
58 58 58 58 54 
58 58 58 58 58 
58 58 66 66 58 
67 58 66 66 67 
67 58 67 66 67 
67 58 67 67 67 
67 68 68 67 67 
67 68 68 67 68 
67 68 74 74 68 
67 68 74 74 74 
75 68 74 74 75 
75 77 77 74 75 
75 77 77 74 77 
86 77 77 74 86 
86 86 77 74 86 
86 86 86 74 86 
86 86 86 86 86 
92 86 86 86 92 
92 86 92 86 92 
92 96 92 86 96 
101 96 92 101 96 
101 96 92 101 101 
105 96 105 101 101 
105 105 105 101 101 
105 105 105 105 101 
105 105 105 105 105 
111 105 105 105 111 
111 105 111 105 111 
111 113 113 105 111 
111 113 113 105 113 
111 113 113 113 113 
111 113 113 113 113 
120 113 120 113 113 
120 120 120 113 113 
120 120 120 120 113 
120 120 120 120 120 
120 120 120 120 120 
127 120 120 120 127 
127 127 120 120 127 
127 127 127 127 127 
127 127 127 127 127 
127 127 127 127 127 
133 127 127 127 133 
133 127 134 134 133 
133 127 134 134 134 
133 127 134 134 134 
133 135 134 134 135 
133 141 141 134 135 
142 141 142 134 135 
143 141 142 134 143 
143 143 142 134 143 
143 143 143 134 143 
143 143 148 148 143 
143 143 148 148 148 
152 143 148 148 152 
152 143 155 155 152 
152 143 155 155 155 
158 143 155 155 158 
158 163 163 155 158 
158 163 163 163 158 
158 163 163 163 163 
165 165 163 163 163 
165 165 165 163 163 
165 165 165 165 163 
165 165 165 165 165 
172 165 172 165 165 
174 174 172 165 165 
174 174 172 165 174 
174 174 172 165 174 
174 174 174 165 174 
178 174 174 178 174 
178 174 174 178 178 
178 174 181 178 181 
185 174 181 185 181 
185 174 181 185 185 
188 188 181 185 185 
189 188 189 185 185 
189 189 189 185 185 
189 189 189 189 185 
189 189 189 189 189 
195 189 189 189 195 
195 189 196 196 195 
195 189 196 196 196 
195 197 197 196 196 
202 197 202 196 196 
202 197 204 204 196 
202 197 204 204 204 
202 207 207 204 204 
208 207 208 204 204 
208 207 212 212 204 
208 207 212 212 212 
208 216 216 212 212 
217 216 217 212 212 
217 216 217 218 218 
227 227 217 218 218 
227 227 227 218 218 
227 227 227 227 218 
227 227 229 227 229 
227 227 229 229 229 
233 233 229 229 229 
233 233 229 229 233 
233 236 236 229 233 
233 236 236 229 236 
233 237 236 237 236 
240 237 236 237 240 
240 237 247 247 240 
248 248 247 247 240 
248 248 248 247 240 
248 248 248 248 240 
248 248 248 248 248 
256 256 248 248 248 
256 256 256 248 248 
256 256 256 248 256 
258 256 256 258 256 
258 258 256 258 256 
258 258 258 258 256 
258 258 258 258 258 
265 265 258 258 258 
265 265 258 265 258 
265 265 265 265 258 
268 265 265 265 268 
268 268 265 265 268 
268 268 268 265 268 
268 268 268 268 268 
274 274 268 268 268 
274 274 268 274 268 
274 274 268 274 274 
274 274 275 274 275 
282 282 275 274 275 
282 282 275 282 275 
282 282 275 282 282 
283 282 283 282 282 
283 282 283 282 283 
288 288 283 282 283 
291 288 291 282 283 
291 288 291 291 283 
291 288 291 291 291 
297 297 291 291 291 
297 297 291 297 291 
300 297 300 297 291 
300 297 300 300 291 
300 297 300 300 300 
306 297 306 300 300 
306 297 306 306 300 
306 297 306 306 306 
314 314 306 306 306 
314 314 314 306 306 
314 314 316 306 316 
314 314 316 320 320 
322 314 322 320 320 
322 314 322 320 322 
331 331 322 320 322 
331 331 331 320 322 
331 331 331 331 322 
331 331 331 331 331 
337 337 331 331 331 
337 337 337 331 331 
337 337 343 331 343 
345 337 343 345 343 
350 350 343 345 343 
352 350 352 345 343 
352 350 354 345 354 
355 350 354 355 354 
364 364 354 355 354 
364 364 354 355 364 
364 365 354 365 364 
364 365 366 366 364 
364 365 366 366 366 
373 373 366 366 366 
381 381 366 366 366 
381 381 381 366 366 
381 386 381 386 366 
391 391 381 386 366 
391 391 391 386 366 
391 391 391 386 391 
398 391 398 386 391 
398 391 398 398 391 
399 399 398 398 391 
402 399 398 398 402 
405 399 405 398 402 
405 405 405 398 402 
407 405 405 407 402 
407 413 413 407 402 
416 413 413 407 416 
416 421 421 407 416 
428 428 421 407 416 
428 428 428 407 416 
428 428 428 428 416 
428 428 428 428 428 
436 436 428 428 428 
442 436 428 442 428 
448 436 428 448 428 
448 454 428 448 454 
454 454 428 448 454 
454 454 454 448 454 
454 461 454 448 461 
454 461 464 448 464 
469 469 464 448 464 
473 469 473 448 464 
473 469 473 478 478 
478 469 473 478 478 
490 469 473 478 490 
490 490 473 478 490 
490 490 490 478 490 
490 490 490 490 490 
496 490 490 490 496 
496 490 490 496 496 
496 496 490 496 496 
496 496 502 496 502 
510 510 502 496 502 
510 510 502 496 510 
516 510 502 496 516 
516 510 516 496 516 
516 510 516 522 522 
528 510 528 522 522 
535 510 528 535 522 
535 535 528 535 522 
535 535 528 535 535 
548 535 528 548 535 
548 535 528 548 548 
548 548 528 548 548 
548 548 528 548 548 
548 548 548 548 548 
548 548 548 548 548 
554 548 548 554 548 
554 548 548 554 554 
554 548 555 554 555 
554 548 561 554 561 
554 562 561 562 561 
554 562 561 562 562 
567 567 561 562 562 
567 567 561 567 562 
567 567 561 567 567 
567 567 570 567 570 
577 567 570 577 570 
577 567 577 577 570 
577 567 577 577 577 
577 581 577 581 577 
577 581 586 586 577 
590 581 586 590 577 
590 581 586 590 590 
590 581 592 592 590 
590 595 592 595 590 
602 595 592 602 590 
602 602 592 602 590 
602 602 592 602 602 
612 602 592 612 602 
612 602 615 612 615 
612 602 615 615 615 
619 619 615 615 615 
619 619 624 615 624 
629 619 624 629 624 
629 629 624 629 624 
629 629 632 629 632 
636 629 632 636 632 
636 629 640 636 640 
636 642 640 642 640 
649 649 640 642 640 
649 649 640 649 640 
654 649 640 649 654 
654 654 640 649 654 
654 654 654 649 654 
654 654 654 654 654 
654 654 661 654 661 
663 663 661 654 661 
663 663 661 663 661 
663 663 667 663 667 
673 673 667 663 667 
673 673 667 673 667 
673 673 667 673 667 
673 673 667 673 673 
673 673 676 673 676 
680 680 676 673 676 
680 680 676 680 676 
680 680 676 680 680 
680 680 685 685 680 
680 680 685 685 685 
693 680 693 685 685 
693 680 693 685 693 
700 700 693 685 693 
700 700 693 685 700 
703 700 703 685 700 
703 700 703 685 703 
703 700 704 704 703 
704 700 704 704 703 
713 700 704 713 703 
713 713 704 713 713 
713 713 713 713 713 
713 713 724 724 713 
713 713 724 724 724 
713 726 724 724 726 
730 726 724 730 726 
730 735 735 730 726 
730 735 735 730 735 
730 735 745 730 745 
749 749 745 730 745 
749 749 745 749 745 
749 749 745 749 749 
749 753 753 749 749 
756 756 753 749 749 
756 758 753 758 749 
756 760 760 758 749 
756 763 760 758 763 
766 766 760 758 763 
766 766 766 758 763 
766 775 775 758 763 
766 775 775 775 763 
766 776 775 775 776 
779 779 775 775 776 
779 782 775 775 782 
779 784 784 775 782 
779 792 792 775 782 
779 796 792 775 796 
779 796 804 804 796 
808 808 804 804 796 
808 808 812 812 796 
822 822 812 812 796 
822 822 825 825 796 
822 828 825 825 828 
840 840 825 825 828 
846 846 825 825 828 
846 851 851 825 828 
846 851 863 863 828 
865 865 863 863 828 
865 865 863 863 865 
865 865 871 871 865 
878 865 871 878 865 
878 865 882 882 865 
883 883 882 882 865 
883 883 889 889 865 
883 891 889 889 891 
897 891 889 897 891 
900 891 900 897 891 
900 906 900 897 906 
909 906 909 897 906 
909 914 909 897 914 
915 914 909 915 914 
919 914 919 915 914 
919 922 919 915 922 
927 922 927 915 922 
936 922 936 915 922 
936 940 936 915 940 
946 940 936 946 940 
946 948 936 946 948 
946 954 954 946 948 
957 954 954 957 948 
957 967 954 957 967 
977 967 954 977 967 
977 967 988 988 967 
1001 967 988 1001 967 
1008 967 988 1008 967 
1023 967 988 1023 967 
1060.0 1065.0 1038.0 1041.0 1038.0 
;
EXECUTION TIME HBSS: 3611.460922 seconds 

-------------------------------------------------------------------
