DATFILE : offices1_6r_250.dat
ENVIRONMENT : office
ALGORITHM : HBSS - TAU 7
RANGE : 250
STARTING_POS : 42
N_ROBOTS : 6
GREEDY SOLUTION : [ 3220.]
COMPUTATIONS D :
3320
3176
3220
3220
3068
3220
3190
3214
3030
3220
3038
3466
3170
3236
3182
3220
3126
3038
2822
3220
3286
3234
3220
3220
3220
3220
3220
3220
3024
3220
3000
3220
3220
3258
3398
2822
2962
3220
3402
3124
3220
3220
3108
2938
3220
3050
3462
3238
3220
3090
3220
3220
3220
3212
3220
3082
3220
3010
3538
3064
3220
3130
3226
3232
3146
3044
3220
3182
3220
3136
3220
3220
3328
3188
3152
3288
3052
3220
3220
3286
3484
3220
3054
3300
3298
3220
3048
3168
3152
3226
3160
3220
3220
3220
3300
3220
3156
3350
3220
3234
3188
3264
3220
3066
3080
3294
3258
3220
2924
3260
3268
3220
3326
3220
3220
3156
3220
3220
3220
3220
3220
3018
3220
3248
3304
3326
3220
3292
3170
3412
3208
3232
3220
3492
3220
3080
3220
3220
3226
3282
3398
3220
3132
2822
3220
3050
3220
3288
3220
3132
3220
2868
3300
3272
3210
3220
3036
3322
3132
3422
3038
3244
3218
3220
3218
3220
3220
3156
3220
3224
3060
3362
3184
3252
3220
3220
3122
3328
3210
3232
3354
3040
3220
3220
3220
3174
3220
3220
3134
3070
3022
3100
3220
3290
3290
2926
3260
3428
3126
3220
;
HBBS sumD : 2822
BEST_CONFIGURATIONS : 
42 42 42 42 42 42 
41 42 42 42 42 42 
41 5 42 42 42 42 
41 5 24 42 42 42 
36 5 24 42 42 42 
36 5 24 40 42 42 
36 5 4 40 42 42 
36 5 4 40 41 42 
36 5 4 40 41 24 
36 5 4 40 41 24 
36 5 4 40 41 24 
36 5 4 40 41 24 
36 5 4 40 41 24 
36 5 4 40 41 24 
36 5 4 40 41 24 
36 5 4 40 41 24 
36 5 4 40 41 24 
36 5 4 40 41 24 
35 5 4 40 41 24 
35 5 4 39 41 24 
35 5 4 39 41 3 
35 5 4 39 41 3 
35 5 4 39 40 3 
35 5 4 39 40 3 
35 5 4 39 40 3 
35 5 4 39 40 3 
35 5 4 39 40 3 
35 24 4 39 40 3 
35 24 4 39 40 3 
35 24 4 39 40 3 
35 24 4 39 40 3 
35 24 4 39 40 3 
35 24 4 39 40 3 
35 24 4 39 40 3 
35 24 4 39 40 3 
35 24 4 39 40 3 
34 24 4 39 40 3 
34 24 4 26 40 3 
34 24 4 26 40 3 
34 24 4 26 36 3 
34 24 4 26 36 3 
34 24 4 26 36 3 
34 24 4 26 36 3 
34 24 4 26 36 3 
34 24 4 26 36 3 
34 23 4 26 36 3 
34 23 4 26 36 3 
34 23 4 26 36 2 
33 23 4 26 36 2 
33 23 24 26 36 2 
33 23 24 26 36 2 
33 23 24 26 36 2 
33 23 24 26 36 2 
33 23 24 26 36 2 
33 23 24 32 36 2 
33 23 5 32 36 2 
33 23 5 32 36 2 
33 23 5 32 36 2 
33 23 5 32 36 2 
33 23 5 32 36 2 
33 23 5 32 36 2 
33 23 5 32 36 2 
33 23 5 32 35 2 
33 23 5 32 35 2 
33 23 5 32 35 2 
34 23 5 32 35 2 
34 23 5 32 35 2 
34 23 5 32 35 2 
34 26 5 32 35 2 
34 26 5 32 35 2 
34 26 5 32 35 2 
34 26 5 32 35 2 
34 26 5 32 35 2 
34 26 5 27 35 2 
34 26 5 27 35 2 
34 38 5 27 35 2 
34 38 42 27 35 2 
34 38 42 27 35 3 
34 38 42 27 35 3 
34 38 42 27 36 3 
34 38 42 27 36 3 
34 38 42 27 36 3 
34 38 42 27 36 3 
34 38 42 27 36 3 
34 38 42 27 36 3 
34 38 42 32 36 3 
34 38 42 32 36 3 
35 38 42 32 36 3 
35 38 42 32 36 3 
35 38 42 32 36 3 
35 39 42 32 36 3 
35 39 42 32 36 3 
35 39 42 33 36 3 
35 39 42 33 36 3 
34 39 42 33 41 3 
34 39 42 33 41 3 
34 23 42 33 41 3 
34 23 42 33 41 3 
34 23 42 33 41 23 
34 23 40 33 41 23 
34 23 40 33 41 23 
34 23 40 33 41 26 
34 23 40 33 41 26 
34 23 40 33 18 26 
32 23 40 33 18 26 
32 23 40 33 18 26 
32 23 40 32 18 26 
32 23 40 32 18 26 
32 23 40 32 18 26 
32 23 40 27 18 26 
32 2 40 27 18 26 
32 2 40 27 18 26 
32 2 39 27 18 26 
32 2 39 27 18 26 
32 2 39 27 18 26 
32 2 39 31 18 26 
32 2 39 31 18 27 
32 2 39 31 18 27 
32 2 39 31 18 27 
33 2 39 31 18 27 
33 2 39 31 18 27 
33 2 39 31 18 27 
33 2 39 31 18 27 
33 2 39 31 18 27 
33 23 39 31 18 27 
33 23 39 31 18 27 
33 23 39 31 18 30 
33 23 39 31 18 30 
33 23 39 31 18 30 
34 23 39 31 18 30 
34 23 39 31 18 30 
34 1 39 31 18 30 
34 1 39 29 18 30 
34 1 26 29 18 30 
35 1 26 29 18 30 
35 1 27 29 18 30 
35 1 27 29 18 30 
35 1 27 29 18 30 
36 1 27 29 18 30 
36 1 32 29 18 30 
36 1 32 29 18 30 
36 1 32 29 18 31 
36 1 32 29 18 31 
41 1 32 29 18 31 
41 1 32 29 18 31 
41 1 32 29 18 31 
41 1 32 29 34 31 
41 1 32 29 34 27 
41 1 32 29 34 27 
41 1 32 28 34 27 
41 1 33 28 34 27 
41 1 33 28 34 26 
41 23 33 28 34 26 
41 23 33 28 34 26 
41 23 33 29 34 26 
41 23 33 29 34 26 
41 23 33 29 34 38 
41 38 33 29 34 38 
41 38 33 30 34 38 
41 38 33 30 34 38 
41 38 33 30 26 38 
41 38 31 30 26 38 
41 37 31 30 26 38 
41 37 31 29 26 38 
41 37 31 29 39 38 
41 43 31 29 39 38 
41 43 31 29 39 37 
41 43 31 29 39 37 
41 43 31 29 39 37 
41 43 31 29 39 37 
41 43 31 29 39 37 
41 43 27 29 39 37 
41 43 27 29 39 37 
41 43 27 30 39 37 
41 43 32 30 39 37 
41 43 32 30 26 37 
41 43 32 30 26 37 
41 25 32 30 26 37 
41 25 32 30 26 43 
41 25 32 30 26 43 
41 25 32 30 23 43 
4 25 32 30 23 43 
4 25 32 30 23 43 
4 25 32 28 23 43 
4 25 32 28 23 28 
4 25 27 28 23 28 
4 25 27 28 23 28 
4 25 27 28 23 28 
4 25 27 28 23 28 
4 25 26 28 23 28 
4 25 26 28 2 28 
4 25 26 28 2 29 
4 1 26 28 2 29 
4 1 26 28 2 29 
4 1 26 28 2 29 
24 1 26 28 2 29 
24 1 38 28 2 29 
24 1 38 28 2 29 
24 1 38 28 2 30 
3 1 38 28 2 30 
3 1 38 30 2 30 
3 1 38 30 2 30 
3 1 38 30 23 30 
3 1 38 30 23 30 
3 1 38 30 23 30 
3 1 37 30 23 30 
3 1 37 30 23 30 
3 1 37 31 23 30 
3 1 43 31 23 30 
3 0 43 31 23 30 
3 0 43 31 23 30 
3 0 43 31 23 30 
3 0 43 31 2 30 
3 0 43 31 2 30 
3 0 43 31 2 29 
3 0 43 31 2 29 
3 0 37 31 2 29 
3 0 37 27 2 29 
3 0 37 27 2 29 
3 0 37 27 2 28 
1 0 37 27 2 28 
1 0 37 32 2 28 
1 0 37 32 26 28 
1 0 37 32 26 28 
1 0 38 32 26 28 
1 0 38 32 39 28 
1 25 38 32 39 28 
1 25 38 32 39 28 
1 25 38 32 39 17 
1 25 38 32 39 17 
0 25 38 32 39 17 
0 25 38 31 39 17 
0 43 38 31 39 17 
0 43 26 31 39 17 
0 43 26 31 39 17 
0 37 26 31 39 17 
0 37 27 31 39 17 
0 37 27 30 39 17 
0 37 27 30 39 19 
0 37 27 30 39 19 
0 43 27 30 39 19 
0 43 31 30 39 19 
0 43 31 29 39 19 
0 28 31 29 39 19 
0 28 31 29 27 16 
0 28 31 29 27 16 
0 28 31 29 27 16 
0 28 31 29 27 16 
0 28 31 29 30 16 
0 28 31 29 30 16 
0 17 31 29 30 16 
0 17 31 29 30 22 
0 17 31 29 30 22 
0 17 31 29 30 22 
0 17 27 29 30 22 
0 17 27 28 30 22 
0 17 27 28 30 22 
0 17 27 28 30 15 
43 17 27 28 30 15 
43 17 27 28 30 15 
19 17 27 28 30 15 
19 17 27 28 30 15 
19 17 32 28 30 15 
19 17 32 28 29 15 
19 17 32 28 29 15 
19 17 33 28 29 15 
16 17 33 28 29 15 
16 17 33 19 29 15 
16 17 33 19 31 15 
16 17 33 19 31 15 
16 17 33 6 31 15 
16 17 33 6 31 13 
16 17 33 6 31 13 
16 17 33 6 31 13 
16 19 33 6 31 13 
16 19 32 6 31 13 
16 19 32 6 27 13 
16 19 32 6 27 13 
22 19 32 6 27 13 
22 19 32 6 26 13 
22 19 32 7 26 13 
22 16 32 7 26 13 
22 16 34 7 26 13 
22 16 34 7 23 13 
22 16 34 7 23 13 
22 16 35 7 23 13 
22 16 35 7 23 13 
22 16 35 7 23 13 
22 16 35 7 39 13 
22 16 35 7 39 15 
10 16 35 7 39 15 
10 6 35 7 39 15 
10 6 35 7 39 15 
10 6 35 7 39 15 
10 6 35 7 39 15 
10 6 35 22 39 15 
10 6 35 22 39 15 
10 6 35 22 39 15 
10 6 35 22 26 15 
10 6 35 22 26 14 
10 6 35 22 26 14 
10 6 35 22 26 14 
10 6 34 22 26 14 
10 7 34 22 26 14 
10 7 34 7 26 14 
10 7 34 7 26 14 
10 7 34 7 26 14 
10 7 33 7 26 14 
10 7 33 7 26 14 
10 7 33 7 27 14 
21 7 33 7 27 14 
21 7 33 7 27 14 
21 7 33 22 27 14 
21 7 33 22 27 14 
21 7 32 22 27 14 
21 7 32 22 31 14 
21 7 32 22 31 14 
21 7 32 22 31 14 
21 7 32 22 31 14 
8 7 32 22 31 14 
8 7 32 22 31 14 
8 7 32 22 30 14 
8 7 32 22 30 14 
8 7 32 11 30 14 
8 15 32 11 30 14 
8 15 32 11 30 14 
8 15 32 11 29 14 
8 15 39 11 29 14 
8 15 39 11 29 15 
8 15 39 11 29 15 
8 15 39 11 29 15 
21 15 39 11 29 15 
21 15 39 11 29 15 
21 13 39 11 29 15 
21 13 39 10 29 15 
21 13 39 10 29 13 
21 13 39 10 29 13 
21 13 39 10 29 13 
8 13 39 10 29 13 
8 13 39 10 29 13 
8 13 39 10 30 13 
8 13 39 10 30 13 
8 13 40 10 30 13 
12 13 40 10 30 13 
12 13 40 10 30 13 
12 13 40 11 30 13 
12 13 40 11 30 14 
12 13 36 11 30 14 
20 13 36 11 30 14 
20 13 36 11 38 14 
20 13 36 11 38 14 
20 13 36 11 38 14 
20 15 36 11 38 14 
20 15 36 11 38 14 
20 22 36 11 38 14 
9 22 36 11 38 14 
9 22 36 11 38 14 
9 22 36 21 38 14 
9 22 36 12 38 14 
9 16 36 12 38 14 
9 16 36 12 37 15 
9 16 36 12 37 15 
9 16 18 12 37 15 
9 16 18 12 37 15 
20 16 18 12 37 15 
20 16 18 12 37 15 
21 16 18 12 37 15 
21 16 18 12 37 11 
8 16 18 12 37 11 
8 16 18 12 37 11 
8 16 18 20 37 11 
8 16 9 20 37 11 
21 16 9 20 37 11 
21 6 9 20 37 11 
21 6 9 21 37 11 
21 6 9 8 37 11 
21 7 9 8 17 11 
21 7 9 8 17 11 
10 7 9 8 17 11 
10 7 20 8 17 10 
10 14 20 8 17 10 
10 14 20 8 34 10 
10 14 20 8 35 10 
42 42 42 42 42 42 
;
ROBOT MOVING BEST:
0 0 0 0 0 0 
1 1 0 0 0 0 
0 1 1 0 0 0 
0 0 1 1 0 0 
1 0 0 1 0 0 
0 0 0 1 1 0 
0 0 1 0 1 0 
0 1 0 0 1 0 
0 0 0 0 1 1 
1 0 0 0 1 0 
0 0 0 1 1 0 
0 0 1 0 1 0 
0 1 0 0 0 1 
1 1 0 0 0 0 
1 0 0 0 0 1 
0 1 0 1 0 0 
0 0 0 1 0 1 
1 0 0 1 0 0 
1 0 0 0 1 0 
0 0 0 1 1 0 
0 0 0 0 1 1 
0 1 1 0 0 0 
0 0 1 0 1 0 
1 1 0 0 0 0 
0 1 0 1 0 0 
0 1 0 0 0 1 
1 0 0 0 1 0 
0 1 1 0 0 0 
0 0 0 1 1 0 
0 0 0 0 1 1 
1 0 1 0 0 0 
1 1 0 0 0 0 
0 0 1 1 0 0 
0 1 0 1 0 0 
0 0 1 0 0 1 
0 1 0 0 0 1 
1 0 0 0 1 0 
0 0 0 1 1 0 
1 0 1 0 0 0 
0 0 1 0 1 0 
1 1 0 0 0 0 
0 0 1 1 0 0 
0 1 0 1 0 0 
1 0 0 0 0 1 
0 0 0 0 1 1 
0 1 1 0 0 0 
0 0 0 1 0 1 
0 0 1 0 0 1 
1 0 1 0 0 0 
0 1 1 0 0 0 
0 0 1 0 0 1 
1 0 1 0 0 0 
0 1 0 1 0 0 
1 0 0 0 1 0 
0 0 1 1 0 0 
0 1 1 0 0 0 
0 0 1 0 0 1 
1 0 1 0 0 0 
0 0 0 1 1 0 
0 1 0 0 0 1 
1 1 0 0 0 0 
1 0 0 0 0 1 
0 1 0 0 1 0 
0 0 0 0 1 1 
1 0 0 0 1 0 
1 0 1 0 0 0 
0 1 0 1 0 0 
0 0 0 1 0 1 
0 1 0 0 0 1 
0 0 0 1 1 0 
0 1 0 0 1 0 
1 0 0 0 0 1 
1 0 0 0 1 0 
0 0 0 1 0 1 
0 0 0 1 1 0 
0 1 0 0 0 1 
0 0 1 0 1 0 
0 0 0 0 1 1 
1 0 0 1 0 0 
1 0 0 0 1 0 
1 0 1 0 0 0 
1 1 0 0 0 0 
0 0 0 1 0 1 
0 1 0 1 0 0 
0 0 1 0 0 1 
1 0 0 1 0 0 
0 1 0 0 0 1 
1 0 0 0 1 0 
0 0 0 1 0 1 
0 1 0 1 0 0 
0 1 0 0 1 0 
0 1 0 0 0 1 
0 0 0 1 0 1 
1 1 0 0 0 0 
1 0 0 0 1 0 
0 0 0 1 1 0 
0 1 0 0 0 1 
1 0 0 1 0 0 
1 0 0 0 0 1 
0 0 1 1 0 0 
0 0 1 0 0 1 
1 0 0 0 0 1 
0 0 0 1 0 1 
1 0 0 0 1 0 
1 0 0 1 0 0 
0 0 0 1 1 0 
0 0 1 1 0 0 
0 0 0 1 0 1 
0 0 1 0 1 0 
0 0 1 1 0 0 
0 1 1 0 0 0 
0 0 0 1 0 1 
0 0 1 0 0 1 
1 0 0 1 0 0 
1 0 1 0 0 0 
0 0 0 1 0 1 
0 0 1 0 0 1 
0 1 1 0 0 0 
1 0 0 1 0 0 
1 0 0 0 0 1 
0 0 0 1 0 1 
1 0 1 0 0 0 
0 0 1 1 0 0 
0 1 0 1 0 0 
0 1 0 0 0 1 
0 1 1 0 0 0 
0 0 1 0 0 1 
1 0 0 1 0 0 
0 1 0 1 0 0 
1 0 1 0 0 0 
0 0 0 1 0 1 
0 1 1 0 0 0 
0 0 1 1 0 0 
0 0 1 0 0 1 
1 0 0 0 1 0 
0 0 1 0 0 1 
0 1 0 0 0 1 
0 0 0 1 0 1 
1 0 0 0 1 0 
0 0 1 0 0 1 
0 1 0 1 0 0 
0 1 0 0 0 1 
0 0 0 1 0 1 
1 0 0 0 1 0 
0 1 1 0 0 0 
0 0 1 1 0 0 
0 0 0 0 1 1 
0 1 0 0 0 1 
0 0 0 1 0 1 
0 1 0 1 0 0 
0 1 1 0 0 0 
0 1 0 0 0 1 
0 1 0 1 0 0 
0 0 0 1 0 1 
0 1 0 1 0 0 
0 0 1 1 0 0 
0 1 0 0 0 1 
0 1 1 0 0 0 
0 0 1 1 0 0 
0 1 0 1 0 0 
0 1 0 0 1 0 
0 1 1 0 0 0 
0 1 0 0 0 1 
0 0 0 1 0 1 
0 0 0 0 1 1 
0 1 0 0 0 1 
0 0 1 0 0 1 
0 0 0 1 0 1 
0 1 1 0 0 0 
0 0 0 0 1 1 
0 1 0 0 0 1 
0 0 1 0 0 1 
0 1 0 1 0 0 
0 0 0 1 0 1 
0 0 1 0 0 1 
0 0 0 0 1 1 
0 1 0 1 0 0 
0 1 0 0 0 1 
0 0 0 0 1 1 
0 1 0 0 0 1 
0 0 0 0 1 1 
1 0 1 0 0 0 
0 1 0 1 0 0 
0 0 0 1 0 1 
0 0 1 0 0 1 
0 1 1 0 0 0 
0 1 0 0 0 1 
0 1 0 0 1 0 
0 0 1 0 0 1 
0 1 1 0 0 0 
0 1 0 0 1 0 
0 1 0 0 0 1 
1 1 0 0 0 0 
0 0 0 1 0 1 
0 0 1 0 0 1 
1 1 0 0 0 0 
0 0 1 1 0 0 
0 1 0 0 1 0 
0 0 0 1 0 1 
1 0 0 0 1 0 
0 0 0 1 1 0 
0 1 1 0 0 0 
0 1 0 0 1 0 
1 1 0 0 0 0 
0 0 0 1 1 0 
0 1 1 0 0 0 
0 0 1 0 1 0 
1 0 0 1 0 0 
0 1 1 0 0 0 
0 1 0 0 1 0 
1 1 0 0 0 0 
0 1 0 0 0 1 
0 1 0 0 1 0 
0 1 0 1 0 0 
0 1 0 0 0 1 
0 1 1 0 0 0 
0 0 1 0 1 0 
0 1 0 1 0 0 
0 1 1 0 0 0 
0 1 0 0 0 1 
1 1 0 0 0 0 
0 1 0 1 0 0 
0 1 0 0 1 0 
0 0 1 0 0 1 
0 1 1 0 0 0 
0 1 0 0 1 0 
1 1 0 0 0 0 
0 1 1 0 0 0 
0 1 0 0 0 1 
0 0 1 0 0 1 
1 1 0 0 0 0 
0 1 0 1 0 0 
0 1 0 0 0 1 
0 0 1 0 0 1 
0 0 0 1 0 1 
0 1 0 0 0 1 
0 0 1 0 0 1 
0 0 0 1 0 1 
0 1 0 0 0 1 
0 0 0 1 0 1 
0 1 0 0 0 1 
0 0 1 0 0 1 
0 0 0 1 0 1 
0 1 0 0 0 1 
0 0 0 0 1 1 
0 0 1 0 0 1 
0 0 0 1 0 1 
0 1 1 0 0 0 
0 0 0 0 1 1 
0 1 0 0 0 1 
0 1 0 1 0 0 
0 0 1 0 0 1 
0 0 0 1 0 1 
0 0 0 0 1 1 
0 0 1 0 0 1 
0 1 0 1 0 0 
0 1 0 0 0 1 
0 0 0 0 1 1 
1 0 0 0 0 1 
0 0 1 0 0 1 
1 1 0 0 0 0 
0 0 0 1 0 1 
0 0 1 0 0 1 
0 0 0 0 1 1 
0 1 0 0 0 1 
0 0 1 0 0 1 
1 1 0 0 0 0 
0 0 0 1 0 1 
0 0 0 0 1 1 
1 0 0 1 0 0 
0 1 0 1 0 0 
0 1 0 0 0 1 
0 0 1 0 0 1 
0 0 0 0 1 1 
0 1 0 1 0 0 
0 0 1 0 0 1 
0 0 0 0 1 1 
1 0 0 1 0 0 
1 1 0 0 0 0 
0 0 0 0 1 1 
0 1 0 1 0 0 
0 1 0 0 0 1 
0 0 1 0 0 1 
0 0 0 0 1 1 
1 1 0 0 0 0 
0 0 1 0 0 1 
1 0 0 0 0 1 
0 1 0 1 0 0 
0 0 0 0 1 1 
0 1 0 0 0 1 
1 1 0 0 0 0 
0 1 0 1 0 0 
0 0 0 0 1 1 
0 1 0 0 0 1 
0 0 0 1 0 1 
0 1 0 1 0 0 
1 1 0 0 0 0 
0 0 0 1 0 1 
0 0 0 0 1 1 
0 0 1 0 0 1 
1 0 0 1 0 0 
0 1 0 0 0 1 
0 0 1 0 0 1 
0 1 0 1 0 0 
1 0 0 1 0 0 
0 0 0 0 1 1 
1 0 0 0 0 1 
0 0 1 0 0 1 
0 0 0 1 0 1 
0 0 0 0 1 1 
1 0 1 0 0 0 
1 0 0 1 0 0 
0 0 0 1 0 1 
1 0 0 0 1 0 
0 0 1 0 0 1 
0 0 0 0 1 1 
1 0 0 0 0 1 
1 0 0 1 0 0 
1 0 1 0 0 0 
1 1 0 0 0 0 
1 0 0 0 0 1 
0 0 0 0 1 1 
1 0 0 1 0 0 
0 1 0 1 0 0 
0 1 0 0 0 1 
0 0 0 1 0 1 
0 0 0 0 1 1 
0 0 1 0 0 1 
1 0 0 0 0 1 
1 0 0 1 0 0 
0 0 0 1 0 1 
1 0 0 0 0 1 
1 0 0 1 0 0 
0 1 0 0 0 1 
0 0 0 1 0 1 
1 0 0 0 0 1 
0 0 0 0 1 1 
1 0 0 1 0 0 
1 0 0 0 0 1 
1 0 0 1 0 0 
0 0 0 0 1 1 
0 0 0 1 0 1 
0 0 1 0 0 1 
1 0 0 0 0 1 
1 0 0 1 0 0 
0 0 0 1 0 1 
0 1 0 0 0 1 
0 1 1 0 0 0 
1 1 0 0 0 0 
0 1 0 0 1 0 
1 0 0 1 0 0 
1 0 0 0 0 1 
0 1 0 0 1 0 
1 0 1 0 0 0 
0 1 0 1 0 0 
1 0 0 1 0 0 
1 0 0 0 0 1 
1 0 0 1 0 0 
0 0 0 1 0 1 
0 1 0 0 0 1 
0 0 0 0 1 1 
1 0 0 1 0 0 
1 0 1 0 0 0 
0 0 1 1 0 0 
1 0 0 1 0 0 
1 0 1 0 0 0 
1 0 0 1 0 0 
0 0 0 1 0 1 
1 0 0 1 0 0 
0 1 0 0 0 1 
1 0 0 1 0 0 
0 0 1 1 0 0 
1 0 0 1 0 0 
0 1 0 0 0 1 
0 1 0 1 0 0 
0 0 1 1 0 0 
0 1 0 0 1 0 
1 0 0 1 0 0 
1 0 0 0 0 1 
0 0 1 0 0 1 
0 1 0 0 1 0 
0 0 1 0 1 0 
0 0 1 0 1 0 
1 1 1 1 1 1 
;
TIMETABLE BEST: 
0.0 0.0 0.0 0.0 0.0 0.0 
10 0 0 0 0 0 
10 18 0 0 0 0 
10 18 18 0 0 0 
19 18 18 0 0 0 
19 18 18 19 0 0 
19 18 25 19 0 0 
19 18 25 19 10 0 
19 18 25 19 10 18 
19 18 25 19 10 18 
19 18 25 19 10 18 
19 18 25 19 10 18 
19 18 25 19 10 18 
19 18 25 19 10 18 
19 18 25 19 10 18 
19 18 25 19 10 18 
19 18 25 19 10 18 
19 18 25 19 10 18 
29 18 25 19 10 18 
29 18 25 30 10 18 
29 18 25 30 10 31 
29 18 25 30 10 31 
29 18 25 30 21 31 
29 18 25 30 21 31 
29 18 25 30 21 31 
29 18 25 30 21 31 
29 18 25 30 21 31 
29 26 25 30 21 31 
29 26 25 30 21 31 
29 26 25 30 21 31 
29 26 25 30 21 31 
29 26 25 30 21 31 
29 26 25 30 21 31 
29 26 25 30 21 31 
29 26 25 30 21 31 
29 26 25 30 21 31 
37 26 25 30 21 31 
37 26 25 38 21 31 
37 26 25 38 21 31 
37 26 25 38 37 31 
37 26 25 38 37 31 
37 26 25 38 37 31 
37 26 25 38 37 31 
37 26 25 38 37 31 
37 26 25 38 37 31 
37 44 25 38 37 31 
37 44 25 38 37 31 
37 44 25 38 37 45 
46 44 25 38 37 45 
46 44 32 38 37 45 
46 44 32 38 37 45 
46 44 32 38 37 45 
46 44 32 38 37 45 
46 44 32 38 37 45 
46 44 32 51 37 45 
46 44 40 51 37 45 
46 44 40 51 37 45 
46 44 40 51 37 45 
46 44 40 51 37 45 
46 44 40 51 37 45 
46 44 40 51 37 45 
46 44 40 51 37 45 
46 44 40 51 47 45 
46 44 40 51 47 45 
46 44 40 51 47 45 
55 44 40 51 47 45 
55 44 40 51 47 45 
55 44 40 51 47 45 
55 52 40 51 47 45 
55 52 40 51 47 45 
55 52 40 51 47 45 
55 52 40 51 47 45 
55 52 40 51 47 45 
55 52 40 57 47 45 
55 52 40 57 47 45 
55 60 40 57 47 45 
55 60 58 57 47 45 
55 60 58 57 47 59 
55 60 58 57 47 59 
55 60 58 57 57 59 
55 60 58 57 57 59 
55 60 58 57 57 59 
55 60 58 57 57 59 
55 60 58 57 57 59 
55 60 58 57 57 59 
55 60 58 63 57 59 
55 60 58 63 57 59 
63 60 58 63 57 59 
63 60 58 63 57 59 
63 60 58 63 57 59 
63 72 58 63 57 59 
63 72 58 63 57 59 
63 72 58 72 57 59 
63 72 58 72 57 59 
71 72 58 72 66 59 
71 72 58 72 66 59 
71 82 58 72 66 59 
71 82 58 72 66 59 
71 82 58 72 66 72 
71 82 77 72 66 72 
71 82 77 72 66 72 
71 82 77 72 66 80 
71 82 77 72 66 80 
71 82 77 72 85 80 
85 82 77 72 85 80 
85 82 77 72 85 80 
85 82 77 81 85 80 
85 82 77 81 85 80 
85 82 77 81 85 80 
85 82 77 87 85 80 
85 89 77 87 85 80 
85 89 77 87 85 80 
85 89 88 87 85 80 
85 89 88 87 85 80 
85 89 88 87 85 80 
85 89 88 94 85 80 
85 89 88 94 85 87 
85 89 88 94 85 87 
85 89 88 94 85 87 
94 89 88 94 85 87 
94 89 88 94 85 87 
94 89 88 94 85 87 
94 89 88 94 85 87 
94 89 88 94 85 87 
94 96 88 94 85 87 
94 96 88 94 85 87 
94 96 88 94 85 98 
94 96 88 94 85 98 
94 96 88 94 85 98 
103 96 88 94 85 98 
103 96 88 94 85 98 
103 106 88 94 85 98 
103 106 88 106 85 98 
103 106 96 106 85 98 
111 106 96 106 85 98 
111 106 103 106 85 98 
111 106 103 106 85 98 
111 106 103 106 85 98 
121 106 103 106 85 98 
121 106 109 106 85 98 
121 106 109 106 85 98 
121 106 109 106 85 106 
121 106 109 106 85 106 
130 106 109 106 85 106 
130 106 109 106 85 106 
130 106 109 106 85 106 
130 106 109 106 111 106 
130 106 109 106 111 113 
130 106 109 106 111 113 
130 106 109 115 111 113 
130 106 118 115 111 113 
130 106 118 115 111 120 
130 116 118 115 111 120 
130 116 118 115 111 120 
130 116 118 124 111 120 
130 116 118 124 111 120 
130 116 118 124 111 128 
130 128 118 124 111 128 
130 128 118 132 111 128 
130 128 118 132 111 128 
130 128 118 132 134 128 
130 128 136 132 134 128 
130 137 136 132 134 128 
130 137 136 140 134 128 
130 137 136 140 142 128 
130 143 136 140 142 128 
130 143 136 140 142 137 
130 143 136 140 142 137 
130 143 136 140 142 137 
130 143 136 140 142 137 
130 143 136 140 142 137 
130 143 143 140 142 137 
130 143 143 140 142 137 
130 143 143 148 142 137 
130 143 149 148 142 137 
130 143 149 148 150 137 
130 143 149 148 150 137 
130 154 149 148 150 137 
130 154 149 148 150 143 
130 154 149 148 150 143 
130 154 149 148 158 143 
153 154 149 148 158 143 
153 154 149 148 158 143 
153 154 149 161 158 143 
153 154 149 161 158 157 
153 154 155 161 158 157 
153 154 155 161 158 157 
153 154 155 161 158 157 
153 154 155 161 158 157 
153 154 162 161 158 157 
153 154 162 161 165 157 
153 154 162 161 165 166 
153 170 162 161 165 166 
153 170 162 161 165 166 
153 170 162 161 165 166 
160 170 162 161 165 166 
160 170 170 161 165 166 
160 170 170 161 165 166 
160 170 170 161 165 174 
173 170 170 161 165 174 
173 170 170 174 165 174 
173 170 170 174 165 174 
173 170 170 174 172 174 
173 170 170 174 172 174 
173 170 170 174 172 174 
173 170 179 174 172 174 
173 170 179 174 172 174 
173 170 179 182 172 174 
173 170 185 182 172 174 
173 184 185 182 172 174 
173 184 185 182 172 174 
173 184 185 182 172 174 
173 184 185 182 179 174 
173 184 185 182 179 174 
173 184 185 182 179 182 
173 184 185 182 179 182 
173 184 191 182 179 182 
173 184 191 189 179 182 
173 184 191 189 179 182 
173 184 191 189 179 191 
194 184 191 189 179 191 
194 184 191 195 179 191 
194 184 191 195 194 191 
194 184 191 195 194 191 
194 184 200 195 194 191 
194 184 200 195 202 191 
194 194 200 195 202 191 
194 194 200 195 202 191 
194 194 200 195 202 201 
194 194 200 195 202 201 
208 194 200 195 202 201 
208 194 200 208 202 201 
208 205 200 208 202 201 
208 205 208 208 202 201 
208 205 208 208 202 201 
208 211 208 208 202 201 
208 211 215 208 202 201 
208 211 215 216 202 201 
208 211 215 216 202 213 
208 211 215 216 202 213 
208 217 215 216 202 213 
208 217 222 216 202 213 
208 217 222 224 202 213 
208 231 222 224 202 213 
208 231 222 224 217 227 
208 231 222 224 217 227 
208 231 222 224 217 227 
208 231 222 224 217 227 
208 231 222 224 228 227 
208 231 222 224 228 227 
208 241 222 224 228 227 
208 241 222 224 228 243 
208 241 222 224 228 243 
208 241 222 224 228 243 
208 241 229 224 228 243 
208 241 229 233 228 243 
208 241 229 233 228 243 
208 241 229 233 228 256 
229 241 229 233 228 256 
229 241 229 233 228 256 
247 241 229 233 228 256 
247 241 229 233 228 256 
247 241 235 233 228 256 
247 241 235 233 236 256 
247 241 235 233 236 256 
247 241 244 233 236 256 
261 241 244 233 236 256 
261 241 244 247 236 256 
261 241 244 247 248 256 
261 241 244 247 248 256 
261 241 244 267 248 256 
261 241 244 267 248 270 
261 241 244 267 248 270 
261 241 244 267 248 270 
261 253 244 267 248 270 
261 253 253 267 248 270 
261 253 253 267 255 270 
261 253 253 267 255 270 
277 253 253 267 255 270 
277 253 253 267 262 270 
277 253 253 281 262 270 
277 267 253 281 262 270 
277 267 267 281 262 270 
277 267 267 281 270 270 
277 267 267 281 270 270 
277 267 275 281 270 270 
277 267 275 281 270 270 
277 267 275 281 270 270 
277 267 275 281 280 270 
277 267 275 281 280 284 
290 267 275 281 280 284 
290 281 275 281 280 284 
290 281 275 281 280 284 
290 281 275 281 280 284 
290 281 275 281 280 284 
290 281 275 287 280 284 
290 281 275 287 280 284 
290 281 275 287 280 284 
290 281 275 287 288 284 
290 281 275 287 288 298 
290 281 275 287 288 298 
290 281 275 287 288 298 
290 281 283 287 288 298 
290 295 283 287 288 298 
290 295 283 293 288 298 
290 295 283 293 288 298 
290 295 283 293 288 298 
290 295 292 293 288 298 
290 295 292 293 288 298 
290 295 292 293 295 298 
303 295 292 293 295 298 
303 295 292 293 295 298 
303 295 292 299 295 298 
303 295 292 299 295 298 
303 295 301 299 295 298 
303 295 301 299 302 298 
303 295 301 299 302 298 
303 295 301 299 302 298 
303 295 301 299 302 298 
310 295 301 299 302 298 
310 295 301 299 302 298 
310 295 301 299 310 298 
310 295 301 299 310 298 
310 295 301 315 310 298 
310 314 301 315 310 298 
310 314 301 315 310 298 
310 314 301 315 318 298 
310 314 320 315 318 298 
310 314 320 315 318 312 
310 314 320 315 318 312 
310 314 320 315 318 312 
317 314 320 315 318 312 
317 314 320 315 318 312 
317 328 320 315 318 312 
317 328 320 328 318 312 
317 328 320 328 318 326 
317 328 320 328 318 326 
317 328 320 328 318 326 
324 328 320 328 318 326 
324 328 320 328 318 326 
324 328 320 328 326 326 
324 328 320 328 326 326 
324 328 331 328 326 326 
338 328 331 328 326 326 
338 328 331 328 326 326 
338 328 331 341 326 326 
338 328 331 341 326 344 
338 328 347 341 326 344 
348 328 347 341 326 344 
348 328 347 341 350 344 
348 328 347 341 350 344 
348 328 347 341 350 344 
348 342 347 341 350 344 
348 342 347 341 350 344 
348 355 347 341 350 344 
357 355 347 341 350 344 
357 355 347 341 350 344 
357 355 347 351 350 344 
357 355 347 364 350 344 
357 371 347 364 350 344 
357 371 347 364 359 358 
357 371 347 364 359 358 
357 371 365 364 359 358 
357 371 365 364 359 358 
366 371 365 364 359 358 
366 371 365 364 359 358 
379 371 365 364 359 358 
379 371 365 364 359 385 
386 371 365 364 359 385 
386 371 365 364 359 385 
386 371 365 374 359 385 
386 371 387 374 359 385 
393 371 387 374 359 385 
393 385 387 374 359 385 
393 385 387 387 359 385 
393 385 387 394 359 385 
393 399 387 394 385 385 
393 399 387 394 385 385 
406 399 387 394 385 385 
406 399 396 394 385 398 
406 424 396 394 385 398 
406 424 396 394 427 398 
406 424 396 394 435 398 
478.0 514.0 442.0 454.0 464.0 470.0 
;
EXECUTION TIME HBSS: 5335.57297301 seconds 

-------------------------------------------------------------------
 701 701 701 701 693 
706 706 701 701 701 693 
711 706 701 701 711 693 
717 706 701 701 711 717 
717 706 720 720 711 717 
724 724 720 720 711 717 
724 727 720 720 727 717 
724 727 730 730 727 717 
734 734 730 730 727 717 
734 734 743 743 727 717 
748 734 743 743 748 717 
748 734 753 753 748 717 
755 734 753 753 755 717 
755 734 762 762 755 717 
789 734 762 762 789 717 
827.0 832.0 811.0 831.0 808.0 801.0 
;
EXECUTION TIME HBSS: 5356.130548 seconds 

-------------------------------------------------------------------
