DATFILE : offices1_5r_250.dat
ENVIRONMENT : office
ALGORITHM : HBSS - TAU 3
RANGE : 250
STARTING_POS : 42
N_ROBOTS : 5
GREEDY SOLUTION : [ 3342.]
COMPUTATIONS D :
3348
3426
3632
3516
3150
3350
3620
3210
3604
3486
3574
3460
3254
3134
3494
3116
3408
3310
3352
3520
3420
3404
3636
3376
3388
3466
3622
3454
3364
3366
3512
3378
3158
3204
3578
3304
3420
3420
3392
3382
3512
3412
3426
3582
3340
3548
3348
3448
3026
3554
3314
3416
3706
3530
3640
3360
3766
3768
3500
3452
3630
3344
3596
3374
3870
3416
3572
3698
3406
3402
3536
3164
3582
3340
3142
3422
3286
3264
3486
3258
3682
3308
3334
3698
3176
3478
3348
3350
3356
3224
3648
3308
3258
3956
3648
3438
3280
3504
2884
3370
3404
3386
3490
3450
3448
3344
3294
3888
3802
3604
3266
3668
3576
3622
3450
3188
3552
3716
3600
3224
3538
3830
3702
3586
3268
3594
3582
3330
3616
3512
3296
3462
3188
3738
3878
3116
3378
3600
3488
3648
3280
3716
3106
3254
3484
3448
3542
3530
3368
3474
3360
3368
3440
3654
3470
3536
3332
3562
3506
3154
3540
3516
3362
3424
3390
3618
3476
3366
3488
3840
3192
3442
3502
3636
3396
3642
3340
3418
3660
3286
3460
3420
3268
3408
3594
3626
3402
3524
3938
3450
3486
3254
3454
3206
3474
3736
3462
3364
3494
3854
;
HBBS sumD : 2884
BEST_CONFIGURATIONS : 
42 42 42 42 42 
41 42 42 42 42 
41 24 42 42 42 
41 24 5 42 42 
36 24 5 42 42 
36 24 5 40 42 
36 4 5 40 42 
36 4 5 40 41 
36 4 5 40 41 
36 4 5 40 41 
36 4 5 40 41 
36 4 24 40 41 
36 4 24 40 41 
36 4 24 40 41 
35 4 24 40 41 
35 4 24 39 41 
35 4 24 39 36 
35 4 24 39 36 
35 4 24 39 36 
35 4 24 39 36 
35 4 24 39 35 
35 4 24 39 35 
35 4 24 39 35 
35 4 24 39 35 
35 4 24 39 35 
35 4 5 39 35 
34 4 5 39 35 
34 4 5 26 35 
34 4 5 26 35 
34 4 5 26 35 
34 24 5 26 35 
34 24 5 26 35 
34 24 5 26 35 
34 24 5 26 35 
34 24 5 26 35 
34 24 5 27 35 
34 24 5 27 33 
34 24 5 27 33 
34 24 5 27 33 
34 3 5 27 33 
34 3 5 27 33 
36 3 5 27 33 
36 3 24 27 33 
36 3 24 27 33 
36 3 24 27 33 
36 3 24 27 33 
36 3 24 27 33 
36 3 4 27 33 
36 3 4 32 33 
36 3 4 32 33 
36 3 4 32 33 
36 3 4 32 33 
36 3 4 32 35 
36 3 4 32 35 
36 3 4 32 35 
41 3 4 32 35 
41 3 4 32 35 
41 23 4 32 35 
41 23 24 32 35 
41 23 24 32 35 
41 23 24 32 35 
41 23 24 33 35 
41 23 24 33 35 
41 23 24 33 35 
41 23 24 33 35 
41 2 24 33 35 
41 2 24 33 35 
41 2 24 33 34 
41 2 24 33 34 
40 2 24 33 34 
40 2 4 33 34 
40 2 4 33 34 
40 2 4 33 34 
40 2 4 33 34 
40 2 4 32 34 
40 2 4 32 34 
40 2 4 32 34 
40 2 4 32 27 
40 2 4 32 27 
40 2 4 32 27 
40 2 3 32 27 
40 2 3 27 27 
40 2 3 26 27 
40 23 3 26 27 
40 23 3 26 27 
40 26 3 26 27 
40 26 3 26 27 
40 39 3 26 27 
39 39 3 26 27 
39 39 3 26 27 
39 39 3 26 27 
39 39 3 26 26 
38 39 3 26 26 
38 39 3 23 26 
38 39 23 23 26 
38 39 23 23 26 
38 39 23 23 26 
38 39 23 23 26 
38 39 23 23 27 
38 39 23 2 27 
38 39 23 2 32 
38 39 23 2 32 
38 39 23 2 32 
38 39 1 2 32 
37 39 1 2 32 
37 39 1 2 32 
37 26 1 2 32 
37 26 1 2 32 
37 26 1 2 32 
37 26 1 2 32 
37 26 1 2 32 
37 38 1 2 32 
37 38 1 2 32 
37 38 1 23 32 
37 38 1 23 32 
37 38 1 23 32 
37 38 1 23 32 
37 38 1 23 27 
37 38 1 23 27 
37 38 1 23 27 
37 38 1 23 27 
37 38 1 23 31 
43 38 1 23 31 
43 38 1 23 31 
43 38 1 23 31 
43 38 1 23 31 
43 38 1 23 31 
43 38 1 3 31 
43 38 0 3 31 
43 26 0 3 31 
43 26 0 3 31 
43 26 0 3 31 
43 26 0 3 31 
43 26 0 3 31 
37 26 0 3 31 
37 26 0 3 31 
37 27 0 3 31 
37 27 0 3 31 
37 27 0 3 31 
37 27 0 3 31 
37 27 0 3 31 
37 27 0 3 31 
37 27 0 3 30 
37 27 25 3 30 
37 27 25 3 30 
43 27 25 3 30 
43 27 25 3 30 
43 27 25 3 30 
43 27 25 3 30 
43 27 25 3 30 
43 32 25 3 30 
43 32 25 3 29 
43 32 25 3 29 
43 32 25 3 29 
43 32 25 23 29 
37 32 25 23 29 
37 32 25 23 29 
37 32 0 23 29 
37 27 0 23 29 
37 27 0 23 28 
37 27 0 23 28 
37 27 0 23 28 
37 27 0 23 28 
43 27 0 23 28 
43 27 0 2 28 
43 27 0 2 28 
43 32 0 2 28 
25 32 0 2 28 
25 32 0 2 29 
25 32 0 2 29 
25 32 0 1 29 
25 39 0 1 29 
25 39 1 1 29 
25 39 1 1 28 
25 39 1 1 28 
25 26 1 1 28 
25 26 1 1 17 
25 26 38 1 17 
43 26 38 1 17 
30 26 38 1 17 
30 26 38 1 29 
30 33 38 1 29 
30 33 38 23 29 
30 33 38 23 29 
30 33 38 2 29 
30 33 38 2 29 
30 33 38 2 29 
30 33 26 2 29 
30 33 26 2 29 
31 33 26 2 29 
31 33 26 2 29 
31 33 26 2 29 
31 33 26 2 28 
31 33 39 2 28 
31 33 39 2 28 
31 34 39 23 28 
31 34 39 26 28 
31 34 39 26 28 
31 34 39 26 28 
30 34 39 26 28 
30 34 39 26 29 
30 34 38 26 29 
30 34 38 27 29 
30 34 38 31 29 
30 34 38 31 29 
30 34 38 31 29 
30 34 38 31 29 
30 33 38 31 29 
30 33 38 31 28 
30 33 38 31 28 
30 33 38 31 28 
17 33 38 31 28 
17 33 38 31 28 
17 32 38 31 28 
17 32 38 27 28 
17 32 26 27 28 
17 32 26 27 28 
17 32 26 27 28 
17 32 26 29 28 
17 32 26 29 29 
17 32 37 29 29 
17 32 37 29 30 
19 32 37 29 30 
19 32 37 29 30 
19 31 37 29 30 
19 31 37 29 30 
19 31 37 28 30 
19 31 43 28 30 
16 31 43 28 30 
16 31 25 28 30 
16 31 25 28 30 
16 27 25 28 30 
16 27 25 28 30 
16 27 25 28 29 
16 27 25 17 29 
22 27 25 17 29 
22 27 25 17 29 
22 27 25 17 19 
22 31 25 17 19 
22 31 25 17 19 
22 30 25 17 19 
7 30 25 17 19 
7 30 25 17 6 
7 30 25 19 6 
22 30 25 19 6 
22 37 43 19 6 
15 37 43 19 6 
15 37 43 19 6 
15 37 43 19 6 
15 37 16 19 6 
15 37 16 16 6 
15 37 16 16 6 
15 37 16 16 22 
15 37 16 16 22 
15 37 16 16 10 
15 37 16 6 10 
15 26 16 6 10 
15 26 16 22 10 
13 26 16 22 10 
13 26 16 7 10 
13 26 16 7 10 
13 26 16 7 11 
13 26 22 7 11 
13 38 22 7 11 
13 38 22 7 11 
13 38 10 7 11 
13 38 10 7 11 
13 23 10 7 11 
13 23 10 7 11 
14 23 10 7 11 
14 23 10 7 11 
14 23 10 22 11 
14 23 10 22 11 
14 23 10 22 11 
14 23 10 22 11 
14 23 10 22 11 
14 23 10 22 11 
14 23 10 22 21 
14 23 10 6 21 
14 23 10 6 21 
14 23 10 6 21 
14 23 10 6 21 
14 26 10 6 21 
15 26 10 6 21 
15 26 10 6 8 
15 26 11 6 8 
15 26 21 6 8 
15 27 21 6 8 
15 27 21 6 8 
15 27 21 22 8 
15 32 21 22 8 
15 32 21 22 8 
15 32 21 22 8 
15 32 21 7 8 
15 32 21 7 8 
15 32 21 7 8 
15 32 21 7 8 
15 33 21 7 8 
13 33 21 7 8 
13 33 20 7 8 
13 33 20 7 21 
13 33 20 7 21 
13 33 20 7 21 
13 33 20 7 21 
13 33 20 7 21 
13 27 20 7 21 
13 27 20 7 12 
13 27 20 7 12 
13 27 20 15 12 
13 27 20 15 12 
14 27 20 15 12 
14 27 9 15 12 
14 27 9 15 12 
14 27 9 15 20 
14 27 9 15 20 
14 31 9 15 20 
14 31 9 15 20 
14 31 9 15 20 
14 31 9 15 20 
14 30 9 15 20 
14 30 9 15 8 
14 29 9 15 8 
14 29 9 13 8 
14 29 9 13 8 
14 29 9 13 21 
14 29 9 13 21 
14 30 9 13 21 
14 30 9 13 11 
14 30 9 13 11 
10 30 20 13 11 
10 30 20 13 11 
10 29 20 13 11 
10 29 12 13 11 
10 29 12 13 11 
10 31 12 13 11 
21 31 12 13 11 
21 31 12 15 11 
21 31 21 15 11 
21 31 8 15 11 
21 28 8 15 11 
21 28 8 15 12 
21 17 8 15 12 
21 17 6 22 12 
21 17 6 7 12 
18 17 6 7 12 
18 17 6 7 20 
18 17 6 14 20 
18 17 6 14 9 
18 17 16 14 9 
18 17 16 13 9 
36 17 16 13 20 
36 17 16 13 20 
35 17 16 13 20 
35 32 16 13 20 
35 32 16 13 20 
34 32 16 13 20 
34 32 16 13 20 
34 32 16 14 20 
34 32 16 14 18 
34 33 16 14 18 
34 33 16 14 18 
34 33 16 14 18 
35 33 16 14 18 
35 33 16 14 18 
36 33 16 14 18 
41 33 16 14 18 
41 33 39 14 18 
41 34 39 14 36 
41 34 39 15 36 
41 34 39 15 42 
41 35 39 15 42 
41 35 38 15 42 
40 35 38 15 42 
40 35 38 13 42 
39 35 38 13 42 
39 18 38 13 40 
39 18 39 13 5 
40 18 39 13 5 
40 18 23 13 5 
40 18 2 13 5 
40 42 3 13 5 
1 42 3 13 24 
1 42 3 13 4 
42 42 42 42 42 
;
ROBOT MOVING BEST:
0 0 0 0 0 
1 1 0 0 0 
0 1 0 1 0 
0 0 1 1 0 
1 0 0 1 0 
0 0 0 1 1 
0 1 0 0 1 
0 0 1 0 1 
1 0 0 0 1 
0 0 0 1 1 
0 1 0 0 1 
0 0 1 0 1 
1 0 0 1 0 
1 0 1 0 0 
1 0 0 0 1 
0 0 0 1 1 
0 1 0 0 1 
1 0 0 0 1 
0 0 0 1 1 
0 1 1 0 0 
0 1 0 0 1 
1 0 1 0 0 
0 1 0 1 0 
0 0 1 1 0 
1 0 0 1 0 
0 1 1 0 0 
1 1 0 0 0 
0 1 0 1 0 
0 0 1 0 1 
1 0 0 0 1 
0 1 1 0 0 
0 0 0 1 1 
1 1 0 0 0 
0 1 0 1 0 
1 0 1 0 0 
0 0 0 1 1 
0 1 0 0 1 
0 0 1 0 1 
1 0 0 0 1 
0 1 1 0 0 
1 1 0 0 0 
1 0 1 0 0 
0 1 1 0 0 
1 0 0 0 1 
0 1 0 0 1 
0 0 0 1 1 
0 1 0 1 0 
0 0 1 0 1 
0 0 0 1 1 
1 1 0 0 0 
0 1 1 0 0 
0 1 0 1 0 
0 1 0 0 1 
0 0 1 1 0 
1 0 0 1 0 
1 1 0 0 0 
0 0 0 1 1 
0 1 1 0 0 
0 0 1 1 0 
0 1 0 1 0 
0 1 0 0 1 
0 0 0 1 1 
0 1 1 0 0 
0 1 0 1 0 
1 0 0 1 0 
0 1 0 0 1 
0 1 1 0 0 
1 0 0 0 1 
0 1 0 1 0 
1 0 1 0 0 
0 1 1 0 0 
0 1 0 0 1 
1 0 0 1 0 
1 0 1 0 0 
0 0 0 1 1 
1 0 0 0 1 
0 1 0 1 0 
0 1 0 0 1 
1 1 0 0 0 
1 0 0 1 0 
0 1 1 0 0 
1 0 0 1 0 
0 1 0 1 0 
1 1 0 0 0 
1 0 1 0 0 
1 1 0 0 0 
0 1 1 0 0 
1 1 0 0 0 
1 0 1 0 0 
1 0 0 0 1 
0 0 0 1 1 
1 0 0 0 1 
1 0 1 0 0 
0 0 1 1 0 
0 0 1 0 1 
0 1 1 0 0 
1 0 0 0 1 
1 1 0 0 0 
0 0 1 0 1 
0 1 0 1 0 
0 1 0 0 1 
1 0 1 0 0 
0 0 1 1 0 
0 1 1 0 0 
1 1 0 0 0 
1 0 0 1 0 
0 1 1 0 0 
0 0 1 1 0 
0 1 0 0 1 
1 1 0 0 0 
0 0 1 0 1 
0 1 0 1 0 
1 0 0 0 1 
0 0 1 1 0 
1 0 1 0 0 
0 1 1 0 0 
0 1 0 0 1 
0 0 1 0 1 
1 1 0 0 0 
1 0 0 1 0 
0 1 0 0 1 
0 0 1 0 1 
1 0 1 0 0 
1 1 0 0 0 
1 0 0 1 0 
0 1 0 0 1 
0 0 0 1 1 
0 0 1 1 0 
0 1 1 0 0 
1 1 0 0 0 
1 0 0 0 1 
1 0 1 0 0 
0 1 0 0 1 
0 1 1 0 0 
1 0 0 0 1 
0 0 1 0 1 
0 1 0 0 1 
1 0 1 0 0 
0 0 0 1 1 
0 1 1 0 0 
0 0 1 1 0 
1 1 0 0 0 
0 0 1 0 1 
1 0 1 0 0 
1 0 0 0 1 
1 0 0 0 1 
0 1 0 0 1 
0 1 1 0 0 
0 0 1 0 1 
1 0 1 0 0 
0 1 0 0 1 
1 0 0 0 1 
0 0 1 0 1 
0 1 0 0 1 
0 0 1 1 0 
1 0 0 0 1 
0 0 0 1 1 
0 1 1 0 0 
0 1 0 0 1 
1 0 0 0 1 
0 1 0 0 1 
0 0 1 1 0 
0 0 0 1 1 
1 0 0 0 1 
0 0 1 1 0 
0 0 1 0 1 
0 1 0 0 1 
1 0 1 0 0 
0 0 1 0 1 
1 0 0 1 0 
0 0 1 1 0 
0 1 1 0 0 
1 0 1 0 0 
1 0 0 0 1 
0 0 1 0 1 
1 1 0 0 0 
1 0 0 0 1 
1 0 1 0 0 
1 0 0 0 1 
1 0 0 1 0 
0 0 0 1 1 
0 1 0 1 0 
1 0 0 1 0 
1 0 1 0 0 
1 0 0 1 0 
0 0 1 0 1 
0 1 1 0 0 
1 0 1 0 0 
0 0 1 0 1 
1 0 0 1 0 
0 1 1 0 0 
0 1 0 0 1 
0 0 1 0 1 
0 1 1 0 0 
1 0 1 0 0 
0 1 0 1 0 
0 1 0 1 0 
0 1 1 0 0 
1 0 0 0 1 
1 0 1 0 0 
0 0 1 0 1 
0 1 1 0 0 
0 1 0 1 0 
0 1 0 1 0 
1 0 0 1 0 
1 0 0 0 1 
0 0 0 1 1 
1 1 0 0 0 
0 0 1 0 1 
0 1 0 1 0 
1 0 0 0 1 
1 0 1 0 0 
1 0 0 1 0 
0 1 0 1 0 
0 1 0 1 0 
1 0 1 0 0 
1 0 0 1 0 
1 0 0 0 1 
0 0 0 1 1 
1 0 0 0 1 
1 0 1 0 0 
1 0 0 0 1 
1 0 1 0 0 
1 0 0 1 0 
1 1 0 0 0 
1 0 0 0 1 
1 0 0 1 0 
1 0 1 0 0 
1 1 0 0 0 
0 1 1 0 0 
1 0 0 0 1 
1 1 0 0 0 
1 0 0 1 0 
1 0 0 0 1 
1 0 0 1 0 
1 0 0 0 1 
1 1 0 0 0 
0 0 0 1 1 
1 1 0 0 0 
1 0 0 1 0 
1 1 0 0 0 
1 0 0 1 0 
0 0 0 1 1 
1 0 0 1 0 
1 0 0 1 0 
0 1 1 0 0 
1 0 0 1 0 
0 0 0 1 1 
1 0 1 0 0 
0 0 1 1 0 
0 0 0 1 1 
1 0 0 1 0 
0 0 0 1 1 
1 1 0 0 0 
0 0 0 1 1 
1 0 0 1 0 
1 1 0 0 0 
1 0 0 1 0 
1 0 1 0 0 
0 0 1 1 0 
1 1 0 0 0 
0 0 1 0 1 
1 0 1 0 0 
1 1 0 0 0 
0 0 1 1 0 
1 0 1 0 0 
1 0 0 0 1 
1 1 0 0 0 
0 0 1 1 0 
1 0 0 1 0 
0 0 0 1 1 
0 0 1 1 0 
0 0 1 0 1 
0 0 0 1 1 
1 0 0 1 0 
1 0 1 0 0 
1 0 0 0 1 
0 0 0 1 1 
0 0 1 1 0 
1 0 0 1 0 
0 0 1 0 1 
1 0 0 0 1 
1 1 0 0 0 
1 0 1 0 0 
0 0 1 0 1 
0 0 1 1 0 
0 0 1 1 0 
1 1 0 0 0 
1 0 0 0 1 
0 0 0 1 1 
1 1 0 0 0 
1 0 1 0 0 
0 0 1 0 1 
1 0 0 1 0 
0 0 0 1 1 
0 1 1 0 0 
0 0 1 1 0 
1 1 0 0 0 
1 0 0 0 1 
0 0 1 0 1 
1 0 0 0 1 
0 1 0 0 1 
0 0 1 0 1 
1 1 0 0 0 
1 0 1 0 0 
0 1 0 0 1 
1 0 0 0 1 
0 0 1 0 1 
1 0 0 1 0 
1 1 0 0 0 
1 0 0 0 1 
0 0 1 0 1 
1 1 0 0 0 
0 0 1 0 1 
1 0 0 1 0 
0 1 0 1 0 
1 0 0 0 1 
1 0 1 0 0 
1 1 0 0 0 
0 1 0 1 0 
0 0 1 0 1 
0 1 0 1 0 
1 0 0 1 0 
1 0 0 0 1 
0 0 1 0 1 
1 1 0 0 0 
1 1 0 0 0 
0 0 1 0 1 
0 1 0 1 0 
1 0 1 0 0 
0 0 1 0 1 
0 1 0 1 0 
0 0 1 0 1 
1 0 1 0 0 
0 1 0 1 0 
1 0 1 0 0 
0 0 0 1 1 
0 0 1 0 1 
0 0 1 0 1 
0 1 0 1 0 
0 0 1 0 1 
0 1 0 1 0 
0 0 1 1 0 
0 0 1 1 0 
1 0 0 0 1 
1 0 0 0 1 
0 1 0 1 0 
1 0 0 0 1 
0 0 1 1 0 
0 1 0 1 0 
1 0 0 0 1 
1 0 0 1 0 
1 0 0 0 1 
0 1 0 1 0 
1 0 0 1 0 
1 0 0 0 1 
1 0 0 1 0 
0 1 0 1 0 
1 0 0 0 1 
0 1 0 0 1 
1 0 0 1 0 
0 1 0 1 0 
1 0 0 0 1 
1 0 0 1 0 
1 0 0 0 1 
1 0 0 0 1 
0 0 1 1 0 
0 1 0 0 1 
0 0 1 1 0 
0 1 0 0 1 
0 1 0 0 1 
0 0 1 1 0 
1 1 0 0 0 
1 0 0 1 0 
1 0 0 1 0 
0 1 0 0 1 
0 0 1 0 1 
1 0 0 0 1 
0 0 1 0 1 
0 0 1 0 1 
0 1 1 0 0 
1 0 0 0 1 
1 0 0 0 1 
1 0 1 1 1 
;
TIMETABLE BEST: 
0.0 0.0 0.0 0.0 0.0 
10 0 0 0 0 
10 18 0 0 0 
10 18 18 0 0 
19 18 18 0 0 
19 18 18 19 0 
19 25 18 19 0 
19 25 18 19 10 
19 25 18 19 10 
19 25 18 19 10 
19 25 18 19 10 
19 25 26 19 10 
19 25 26 19 10 
19 25 26 19 10 
29 25 26 19 10 
29 25 26 30 10 
29 25 26 30 19 
29 25 26 30 19 
29 25 26 30 19 
29 25 26 30 19 
29 25 26 30 29 
29 25 26 30 29 
29 25 26 30 29 
29 25 26 30 29 
29 25 26 30 29 
29 25 34 30 29 
37 25 34 30 29 
37 25 34 38 29 
37 25 34 38 29 
37 25 34 38 29 
37 32 34 38 29 
37 32 34 38 29 
37 32 34 38 29 
37 32 34 38 29 
37 32 34 38 29 
37 32 34 45 29 
37 32 34 45 42 
37 32 34 45 42 
37 32 34 45 42 
37 45 34 45 42 
37 45 34 45 42 
51 45 34 45 42 
51 45 42 45 42 
51 45 42 45 42 
51 45 42 45 42 
51 45 42 45 42 
51 45 42 45 42 
51 45 49 45 42 
51 45 49 51 42 
51 45 49 51 42 
51 45 49 51 42 
51 45 49 51 42 
51 45 49 51 55 
51 45 49 51 55 
51 45 49 51 55 
60 45 49 51 55 
60 45 49 51 55 
60 58 49 51 55 
60 58 56 51 55 
60 58 56 51 55 
60 58 56 51 55 
60 58 56 60 55 
60 58 56 60 55 
60 58 56 60 55 
60 58 56 60 55 
60 65 56 60 55 
60 65 56 60 55 
60 65 56 60 63 
60 65 56 60 63 
71 65 56 60 63 
71 65 63 60 63 
71 65 63 60 63 
71 65 63 60 63 
71 65 63 60 63 
71 65 63 69 63 
71 65 63 69 63 
71 65 63 69 63 
71 65 63 69 79 
71 65 63 69 79 
71 65 63 69 79 
71 65 77 69 79 
71 65 77 75 79 
71 65 77 82 79 
71 72 77 82 79 
71 72 77 82 79 
71 80 77 82 79 
71 80 77 82 79 
71 88 77 82 79 
82 88 77 82 79 
82 88 77 82 79 
82 88 77 82 79 
82 88 77 82 86 
94 88 77 82 86 
94 88 77 90 86 
94 88 90 90 86 
94 88 90 90 86 
94 88 90 90 86 
94 88 90 90 86 
94 88 90 90 93 
94 88 90 97 93 
94 88 90 97 99 
94 88 90 97 99 
94 88 90 97 99 
94 88 100 97 99 
103 88 100 97 99 
103 88 100 97 99 
103 96 100 97 99 
103 96 100 97 99 
103 96 100 97 99 
103 96 100 97 99 
103 96 100 97 99 
103 104 100 97 99 
103 104 100 97 99 
103 104 100 104 99 
103 104 100 104 99 
103 104 100 104 99 
103 104 100 104 99 
103 104 100 104 105 
103 104 100 104 105 
103 104 100 104 105 
103 104 100 104 105 
103 104 100 104 112 
109 104 100 104 112 
109 104 100 104 112 
109 104 100 104 112 
109 104 100 104 112 
109 104 100 104 112 
109 104 100 117 112 
109 104 114 117 112 
109 112 114 117 112 
109 112 114 117 112 
109 112 114 117 112 
109 112 114 117 112 
109 112 114 117 112 
115 112 114 117 112 
115 112 114 117 112 
115 119 114 117 112 
115 119 114 117 112 
115 119 114 117 112 
115 119 114 117 112 
115 119 114 117 112 
115 119 114 117 112 
115 119 114 117 120 
115 119 124 117 120 
115 119 124 117 120 
121 119 124 117 120 
121 119 124 117 120 
121 119 124 117 120 
121 119 124 117 120 
121 119 124 117 120 
121 125 124 117 120 
121 125 124 117 128 
121 125 124 117 128 
121 125 124 117 128 
121 125 124 130 128 
127 125 124 130 128 
127 125 124 130 128 
127 125 134 130 128 
127 131 134 130 128 
127 131 134 130 137 
127 131 134 130 137 
127 131 134 130 137 
127 131 134 130 137 
133 131 134 130 137 
133 131 134 137 137 
133 131 134 137 137 
133 137 134 137 137 
144 137 134 137 137 
144 137 134 137 146 
144 137 134 137 146 
144 137 134 152 146 
144 156 134 152 146 
144 156 148 152 146 
144 156 148 152 155 
144 156 148 152 155 
144 164 148 152 155 
144 164 148 152 165 
144 164 166 152 165 
155 164 166 152 165 
178 164 166 152 165 
178 164 166 152 180 
178 182 166 152 180 
178 182 166 162 180 
178 182 166 162 180 
178 182 166 169 180 
178 182 166 169 180 
178 182 166 169 180 
178 182 174 169 180 
178 182 174 169 180 
186 182 174 169 180 
186 182 174 169 180 
186 182 174 169 180 
186 182 174 169 189 
186 182 182 169 189 
186 182 182 169 189 
186 191 182 176 189 
186 191 182 184 189 
186 191 182 184 189 
186 191 182 184 189 
194 191 182 184 189 
194 191 182 184 198 
194 191 194 184 198 
194 191 194 191 198 
194 191 194 198 198 
194 191 194 198 198 
194 191 194 198 198 
194 191 194 198 198 
194 200 194 198 198 
194 200 194 198 207 
194 200 194 198 207 
194 200 194 198 207 
213 200 194 198 207 
213 200 194 198 207 
213 209 194 198 207 
213 209 194 205 207 
213 209 202 205 207 
213 209 202 205 207 
213 209 202 205 207 
213 209 202 220 207 
213 209 202 220 216 
213 209 219 220 216 
213 209 219 220 224 
225 209 219 220 224 
225 209 219 220 224 
225 222 219 220 224 
225 222 219 220 224 
225 222 219 229 224 
225 222 225 229 224 
239 222 225 229 224 
239 222 236 229 224 
239 222 236 229 224 
239 229 236 229 224 
239 229 236 229 224 
239 229 236 229 232 
239 229 236 239 232 
255 229 236 239 232 
255 229 236 239 232 
255 229 236 239 251 
255 236 236 239 251 
255 236 236 239 251 
255 244 236 239 251 
261 244 236 239 251 
261 244 236 239 271 
261 244 236 251 271 
267 244 236 251 271 
267 273 247 251 271 
280 273 247 251 271 
280 273 247 251 271 
280 273 247 251 271 
280 273 279 251 271 
280 273 279 265 271 
280 273 279 265 271 
280 273 279 265 283 
280 273 279 265 283 
280 273 279 265 296 
280 273 279 279 296 
280 290 279 279 296 
280 290 279 291 296 
294 290 279 291 296 
294 290 279 297 296 
294 290 279 297 296 
294 290 279 297 309 
294 290 295 297 309 
294 298 295 297 309 
294 298 295 297 309 
294 298 308 297 309 
294 298 308 297 309 
294 310 308 297 309 
294 310 308 297 309 
312 310 308 297 309 
312 310 308 297 309 
312 310 308 303 309 
312 310 308 303 309 
312 310 308 303 309 
312 310 308 303 309 
312 310 308 303 309 
312 310 308 303 309 
312 310 308 303 319 
312 310 308 315 319 
312 310 308 315 319 
312 310 308 315 319 
312 310 308 315 319 
312 318 308 315 319 
326 318 308 315 319 
326 318 308 315 326 
326 318 321 315 326 
326 318 331 315 326 
326 325 331 315 326 
326 325 331 315 326 
326 325 331 327 326 
326 331 331 327 326 
326 331 331 327 326 
326 331 331 327 326 
326 331 331 333 326 
326 331 331 333 326 
326 331 331 333 326 
326 331 331 333 326 
326 340 331 333 326 
340 340 331 333 326 
340 340 344 333 326 
340 340 344 333 333 
340 340 344 333 333 
340 340 344 333 333 
340 340 344 333 333 
340 340 344 333 333 
340 351 344 333 333 
340 351 344 333 346 
340 351 344 333 346 
340 351 344 352 346 
340 351 344 352 346 
358 351 344 352 346 
358 351 353 352 346 
358 351 353 352 346 
358 351 353 352 356 
358 351 353 352 356 
358 358 353 352 356 
358 358 353 352 356 
358 358 353 352 356 
358 358 353 352 356 
358 366 353 352 356 
358 366 353 352 370 
358 374 353 352 370 
358 374 353 366 370 
358 374 353 366 370 
358 374 353 366 377 
358 374 353 366 377 
358 382 353 366 377 
358 382 353 366 387 
358 382 353 366 387 
388 382 362 366 387 
388 382 362 366 387 
388 390 362 366 387 
388 390 372 366 387 
388 390 372 366 387 
388 402 372 366 387 
401 402 372 366 387 
401 402 372 380 387 
401 402 385 380 387 
401 402 392 380 387 
401 419 392 380 387 
401 419 392 380 410 
401 429 392 380 410 
401 429 425 393 410 
401 429 425 399 410 
433 429 425 399 410 
433 429 425 399 420 
433 429 425 424 420 
433 429 425 424 429 
433 429 439 424 429 
433 429 439 442 429 
451 429 439 442 438 
451 429 439 442 438 
461 429 439 442 438 
461 461 439 442 438 
461 461 439 442 438 
469 461 439 442 438 
469 461 439 442 438 
469 461 439 460 438 
469 461 439 460 457 
469 470 439 460 457 
469 470 439 460 457 
469 470 439 460 457 
477 470 439 460 457 
477 470 439 460 457 
487 470 439 460 457 
496 470 439 460 457 
496 470 498 460 457 
496 479 498 460 475 
496 479 498 474 475 
496 479 498 474 494 
496 487 498 474 494 
496 487 510 474 494 
507 487 510 474 494 
507 487 510 488 494 
518 487 510 488 494 
518 509 510 488 513 
518 509 522 488 534 
529 509 522 488 534 
529 509 532 488 534 
529 509 539 488 534 
529 536 553 488 534 
560 536 553 488 542 
560 536 553 488 549 
604.0 536.0 584.0 586.0 574.0 
;
EXECUTION TIME HBSS: 3433.31929803 seconds 

-------------------------------------------------------------------
