DATFILE : bwopen0_2r_500.dat
ENVIRONMENT : bwopen
ALGORITHM : HBSS - TAU 5
RANGE : 500
STARTING_POS : 0
N_ROBOTS : 2
GREEDY SOLUTION : [ 3970.]
COMPUTATIONS D :
3960
4034
3958
4148
4042
4038
4056
4042
4266
4118
4154
4084
4120
4166
4062
4192
4132
4064
4140
3950
3934
4148
4078
4112
4066
4222
4036
4160
4042
4186
4288
4048
4108
4150
3972
4092
4042
4108
4002
4134
4088
4144
3902
4022
4078
4040
4174
3968
3986
4160
4254
4064
4078
4072
3988
4110
4142
4058
4134
3878
4076
3996
3928
3992
4236
4006
4182
4110
4188
4048
4088
4266
4286
4052
3950
4224
3986
4174
4124
4034
4144
4204
4104
4156
3996
4194
4062
4086
3970
4194
4136
4134
3958
4200
4054
4056
3994
4080
4140
4192
4184
4118
4182
4168
4024
4130
4216
4248
4030
4082
4118
3996
4042
4246
4184
4054
4106
4130
4258
4408
4246
4008
4078
4292
4022
4220
3898
4094
4000
4080
3982
4230
4356
4126
4030
4124
4120
4158
4296
4224
4068
4240
4262
4074
4130
4058
4040
4116
4234
4038
4234
4018
4056
4136
4170
4194
4196
3964
4268
4078
4136
4028
4096
4402
4006
3938
4220
4194
4064
4032
4096
4038
4158
4158
4062
4150
4194
4168
4074
4138
4038
4002
4118
4034
3922
4062
4082
3972
4078
4104
3964
3966
4152
4174
4086
4068
4098
4052
4028
4014
;
HBBS sumD : 3878
BEST_CONFIGURATIONS : 
0 0 
0 4 
0 26 
0 5 
0 22 
0 8 
0 13 
0 17 
0 25 
4 25 
26 25 
5 25 
22 25 
8 25 
8 17 
8 13 
22 13 
26 13 
5 13 
5 17 
26 17 
4 17 
4 13 
4 8 
26 8 
5 8 
5 22 
26 22 
4 22 
4 26 
4 5 
26 5 
26 1 
5 1 
22 1 
4 1 
0 1 
0 27 
4 27 
26 27 
5 27 
22 27 
8 27 
8 1 
13 1 
25 1 
18 1 
14 1 
15 1 
10 1 
24 1 
6 1 
21 1 
3 1 
3 27 
21 27 
6 27 
24 27 
10 27 
15 27 
14 27 
18 27 
25 27 
17 27 
13 27 
13 9 
17 9 
25 9 
18 9 
14 9 
15 9 
10 9 
24 9 
6 9 
21 9 
3 9 
3 10 
3 15 
21 15 
21 10 
6 10 
6 15 
6 14 
6 18 
6 25 
24 25 
24 17 
24 13 
24 8 
24 22 
24 26 
24 5 
6 5 
6 26 
6 4 
6 22 
6 8 
2 8 
2 22 
2 26 
2 5 
2 4 
2 0 
6 0 
24 0 
10 0 
9 0 
9 4 
9 26 
9 5 
9 22 
9 8 
10 8 
15 8 
15 22 
10 22 
10 26 
10 5 
15 5 
15 26 
15 4 
10 4 
24 4 
11 26 
11 5 
11 22 
11 9 
11 10 
11 15 
11 14 
11 18 
11 25 
10 25 
15 25 
15 17 
10 17 
10 13 
15 13 
14 13 
18 13 
18 17 
14 17 
14 25 
18 25 
18 14 
18 15 
18 10 
14 10 
14 15 
10 15 
24 15 
24 10 
24 14 
24 18 
24 19 
6 19 
21 19 
7 19 
7 20 
7 23 
7 16 
7 12 
21 12 
21 16 
21 23 
21 20 
3 20 
3 23 
3 16 
3 12 
3 7 
3 21 
3 6 
21 6 
7 6 
7 21 
7 11 
21 11 
3 11 
3 24 
21 24 
6 24 
11 24 
11 6 
11 2 
6 2 
21 2 
3 2 
7 2 
12 2 
12 6 
16 6 
23 6 
20 6 
20 11 
23 11 
16 11 
12 11 
12 24 
16 24 
23 24 
20 24 
20 10 
23 10 
16 10 
12 10 
12 15 
16 15 
23 15 
20 15 
20 14 
23 14 
16 14 
16 9 
12 9 
12 27 
7 27 
7 9 
7 10 
7 15 
7 24 
2 24 
2 10 
2 15 
2 14 
2 9 
2 27 
2 1 
27 1 
9 1 
9 27 
11 27 
11 1 
21 5 
21 14 
11 19 
10 19 
15 19 
14 19 
18 19 
18 20 
18 23 
19 23 
19 20 
19 16 
19 12 
20 12 
23 12 
16 12 
16 23 
16 20 
23 20 
23 9 
20 9 
19 9 
19 27 
20 27 
19 2 
19 5 
19 22 
19 8 
19 13 
19 17 
19 25 
20 25 
17 25 
13 25 
13 17 
22 17 
22 18 
22 14 
26 14 
5 14 
4 14 
4 18 
26 18 
5 18 
8 18 
8 14 
0 14 
22 8 
0 0 
;
ROBOT MOVING BEST:
0 0 
1 1 
1 1 
1 1 
1 1 
1 1 
1 1 
1 1 
1 1 
1 1 
1 1 
1 1 
1 1 
1 1 
1 1 
1 1 
1 1 
1 1 
1 1 
1 1 
1 1 
1 1 
1 1 
1 1 
1 1 
1 1 
1 1 
1 1 
1 1 
1 1 
1 1 
1 1 
1 1 
1 1 
1 1 
1 1 
1 1 
1 1 
1 1 
1 1 
1 1 
1 1 
1 1 
1 1 
1 1 
1 1 
1 1 
1 1 
1 1 
1 1 
1 1 
1 1 
1 1 
1 1 
1 1 
1 1 
1 1 
1 1 
1 1 
1 1 
1 1 
1 1 
1 1 
1 1 
1 1 
1 1 
1 1 
1 1 
1 1 
1 1 
1 1 
1 1 
1 1 
1 1 
1 1 
1 1 
1 1 
1 1 
1 1 
1 1 
1 1 
1 1 
1 1 
1 1 
1 1 
1 1 
1 1 
1 1 
1 1 
1 1 
1 1 
1 1 
1 1 
1 1 
1 1 
1 1 
1 1 
1 1 
1 1 
1 1 
1 1 
1 1 
1 1 
1 1 
1 1 
1 1 
1 1 
1 1 
1 1 
1 1 
1 1 
1 1 
1 1 
1 1 
1 1 
1 1 
1 1 
1 1 
1 1 
1 1 
1 1 
1 1 
1 1 
1 1 
1 1 
1 1 
1 1 
1 1 
1 1 
1 1 
1 1 
1 1 
1 1 
1 1 
1 1 
1 1 
1 1 
1 1 
1 1 
1 1 
1 1 
1 1 
1 1 
1 1 
1 1 
1 1 
1 1 
1 1 
1 1 
1 1 
1 1 
1 1 
1 1 
1 1 
1 1 
1 1 
1 1 
1 1 
1 1 
1 1 
1 1 
1 1 
1 1 
1 1 
1 1 
1 1 
1 1 
1 1 
1 1 
1 1 
1 1 
1 1 
1 1 
1 1 
1 1 
1 1 
1 1 
1 1 
1 1 
1 1 
1 1 
1 1 
1 1 
1 1 
1 1 
1 1 
1 1 
1 1 
1 1 
1 1 
1 1 
1 1 
1 1 
1 1 
1 1 
1 1 
1 1 
1 1 
1 1 
1 1 
1 1 
1 1 
1 1 
1 1 
1 1 
1 1 
1 1 
1 1 
1 1 
1 1 
1 1 
1 1 
1 1 
1 1 
1 1 
1 1 
1 1 
1 1 
1 1 
1 1 
1 1 
1 1 
1 1 
1 1 
1 1 
1 1 
1 1 
1 1 
1 1 
1 1 
1 1 
1 1 
1 1 
1 1 
1 1 
1 1 
1 1 
1 1 
1 1 
1 1 
1 1 
1 1 
1 1 
1 1 
1 1 
1 1 
1 1 
1 1 
1 1 
1 1 
1 1 
1 1 
1 1 
1 1 
1 1 
1 1 
1 1 
1 1 
1 1 
1 1 
1 1 
1 1 
1 1 
1 1 
1 1 
1 1 
1 1 
1 1 
1 1 
1 1 
1 1 
1 1 
1 1 
1 1 
1 1 
1 1 
1 1 
1 1 
1 1 
1 1 
1 1 
1 1 
;
TIMETABLE BEST: 
0.0 0.0 
0 14 
0 25 
0 34 
0 46 
0 58 
0 71 
0 82 
0 94 
14 94 
25 94 
34 94 
46 94 
58 94 
58 106 
58 117 
70 117 
81 117 
90 117 
90 128 
99 128 
110 128 
110 139 
110 152 
121 152 
130 152 
130 164 
139 164 
150 164 
150 175 
150 184 
161 184 
161 202 
170 202 
182 202 
194 202 
208 202 
208 217 
222 217 
233 217 
242 217 
254 217 
266 217 
266 232 
279 232 
292 232 
305 232 
316 232 
329 232 
340 232 
353 232 
366 232 
378 232 
390 232 
390 247 
402 247 
414 247 
427 247 
440 247 
451 247 
464 247 
475 247 
488 247 
500 247 
511 247 
511 262 
522 262 
534 262 
547 262 
558 262 
571 262 
582 262 
595 262 
608 262 
620 262 
632 262 
632 276 
632 287 
644 287 
644 298 
656 298 
656 309 
656 322 
656 333 
656 346 
669 346 
669 358 
669 369 
669 382 
669 394 
669 405 
669 414 
682 414 
682 423 
682 434 
682 446 
682 458 
700 458 
700 470 
700 481 
700 490 
700 504 
700 518 
718 518 
731 518 
744 518 
758 518 
758 532 
758 543 
758 552 
758 564 
758 576 
772 576 
783 576 
783 588 
794 588 
794 599 
794 608 
805 608 
805 617 
805 628 
816 628 
829 628 
847 639 
847 648 
847 660 
847 684 
847 698 
847 709 
847 722 
847 733 
847 746 
868 746 
879 746 
879 758 
890 758 
890 769 
901 769 
914 769 
925 769 
925 780 
936 780 
936 792 
947 792 
947 808 
947 821 
947 832 
958 832 
958 843 
976 843 
989 843 
989 854 
989 872 
989 883 
989 903 
1002 903 
1014 903 
1026 903 
1026 916 
1026 926 
1026 937 
1026 948 
1038 948 
1038 959 
1038 970 
1038 980 
1050 980 
1050 990 
1050 1001 
1050 1012 
1050 1030 
1050 1042 
1050 1054 
1062 1054 
1074 1054 
1074 1066 
1074 1085 
1086 1085 
1098 1085 
1098 1103 
1110 1103 
1122 1103 
1139 1103 
1139 1116 
1139 1134 
1156 1134 
1168 1134 
1180 1134 
1196 1134 
1214 1134 
1214 1152 
1225 1152 
1236 1152 
1246 1152 
1246 1169 
1256 1169 
1267 1169 
1278 1169 
1278 1187 
1289 1187 
1300 1187 
1310 1187 
1310 1200 
1320 1200 
1331 1200 
1342 1200 
1342 1211 
1353 1211 
1364 1211 
1374 1211 
1374 1224 
1384 1224 
1395 1224 
1395 1240 
1406 1240 
1406 1255 
1424 1255 
1424 1270 
1424 1284 
1424 1295 
1424 1319 
1462 1319 
1462 1332 
1462 1343 
1462 1356 
1462 1372 
1462 1387 
1462 1402 
1481 1402 
1496 1402 
1496 1417 
1521 1417 
1521 1432 
1540 1450 
1540 1480 
1559 1509 
1580 1509 
1591 1509 
1604 1509 
1615 1509 
1615 1522 
1615 1532 
1635 1532 
1635 1542 
1635 1563 
1635 1574 
1648 1574 
1658 1574 
1669 1574 
1669 1596 
1669 1606 
1680 1606 
1680 1656 
1690 1656 
1703 1656 
1703 1671 
1716 1671 
1729 1690 
1729 1728 
1729 1740 
1729 1752 
1729 1765 
1729 1776 
1729 1788 
1742 1788 
1790 1788 
1801 1788 
1801 1800 
1820 1800 
1820 1817 
1820 1828 
1831 1828 
1840 1828 
1854 1828 
1854 1839 
1865 1839 
1874 1839 
1898 1839 
1898 1850 
1924 1850 
1948 1880 
1972.0 1906.0 
;
EXECUTION TIME HBSS: 246.756814003 seconds 

-------------------------------------------------------------------
