DATFILE : bwopen0_8r_500.dat
ENVIRONMENT : bwopen
ALGORITHM : HBSS - TAU 3
RANGE : 500
STARTING_POS : 0
N_ROBOTS : 8
GREEDY SOLUTION : 568.0
COMPUTATIONS T :
590.0
565.0
577.0
622.0
578.0
590.0
603.0
627.0
547.0
570.0
619.0
599.0
592.0
620.0
558.0
627.0
574.0
631.0
566.0
585.0
556.0
606.0
530.0
570.0
570.0
619.0
601.0
596.0
567.0
600.0
593.0
613.0
596.0
595.0
555.0
587.0
552.0
556.0
562.0
596.0
612.0
570.0
594.0
598.0
589.0
548.0
610.0
565.0
566.0
568.0
614.0
569.0
585.0
569.0
589.0
581.0
589.0
559.0
559.0
610.0
604.0
606.0
615.0
534.0
604.0
559.0
532.0
582.0
627.0
569.0
547.0
599.0
590.0
643.0
573.0
604.0
601.0
599.0
561.0
638.0
576.0
584.0
548.0
585.0
570.0
615.0
633.0
595.0
564.0
581.0
623.0
637.0
610.0
597.0
633.0
554.0
603.0
553.0
556.0
569.0
574.0
584.0
601.0
557.0
549.0
615.0
572.0
583.0
599.0
601.0
589.0
540.0
608.0
611.0
545.0
593.0
600.0
551.0
620.0
580.0
561.0
567.0
590.0
554.0
605.0
572.0
578.0
579.0
574.0
570.0
621.0
588.0
576.0
566.0
569.0
573.0
589.0
563.0
600.0
580.0
613.0
572.0
549.0
575.0
606.0
563.0
636.0
629.0
568.0
581.0
575.0
562.0
547.0
578.0
653.0
551.0
592.0
609.0
553.0
581.0
619.0
574.0
593.0
588.0
571.0
592.0
577.0
618.0
606.0
612.0
579.0
541.0
563.0
564.0
600.0
597.0
600.0
583.0
594.0
565.0
592.0
579.0
597.0
593.0
574.0
538.0
615.0
535.0
560.0
607.0
576.0
602.0
598.0
614.0
553.0
582.0
587.0
623.0
567.0
558.0
;
HBBS bestT : 530.0
BEST_CONFIGURATIONS : 
0 0 0 0 0 0 0 0 
0 4 0 0 0 0 0 0 
0 4 0 26 0 0 0 0 
0 4 0 26 0 0 0 0 
0 4 1 26 0 0 0 0 
0 4 1 26 0 0 0 0 
0 4 1 26 0 0 0 0 
0 4 1 26 5 0 0 0 
0 4 1 26 5 22 0 0 
0 4 1 26 5 22 0 0 
0 4 1 26 5 22 0 0 
0 4 1 26 5 22 0 0 
0 4 1 26 5 22 0 0 
0 4 1 26 5 22 0 0 
0 4 1 26 5 22 0 0 
0 4 1 26 5 22 0 0 
0 4 1 26 5 22 8 0 
0 4 1 26 5 22 8 0 
0 4 1 26 5 22 8 8 
0 4 1 26 5 22 8 8 
0 4 1 26 5 22 8 8 
0 4 1 26 5 22 8 8 
0 4 1 26 5 22 13 8 
0 4 1 26 5 22 13 8 
0 4 1 26 5 22 13 8 
0 4 1 5 5 22 13 8 
0 4 1 5 22 22 13 8 
0 4 1 5 22 8 13 8 
0 4 1 26 22 8 13 8 
0 26 1 26 22 8 13 17 
0 26 1 26 22 8 13 17 
0 26 1 26 22 8 13 17 
0 26 1 26 22 8 13 17 
0 26 1 26 22 8 13 17 
0 26 27 26 22 8 13 17 
0 26 27 26 22 8 13 17 
0 26 27 26 22 8 13 17 
0 26 27 5 22 8 13 17 
0 26 27 5 22 8 13 17 
0 26 27 5 22 8 13 17 
0 26 27 5 22 8 13 25 
0 26 27 5 22 8 13 25 
0 26 27 5 22 8 13 25 
0 26 27 5 22 8 13 25 
0 26 27 5 22 8 13 25 
0 26 27 5 22 8 13 25 
0 26 27 5 22 8 13 25 
0 4 27 5 22 8 13 25 
0 4 27 5 22 8 17 25 
0 4 27 5 22 8 17 25 
0 4 27 5 22 8 17 25 
0 4 27 5 22 8 17 25 
1 4 27 5 22 8 17 25 
1 4 27 5 22 8 17 25 
1 22 27 5 9 8 17 25 
1 22 27 5 9 8 25 25 
1 22 27 5 9 8 25 18 
1 22 27 5 9 8 25 18 
1 22 27 5 9 8 25 18 
1 22 27 5 9 8 25 18 
1 22 27 5 9 8 25 18 
1 22 27 5 9 8 25 18 
1 22 27 5 9 8 25 18 
1 22 27 5 9 4 25 18 
1 22 27 5 9 4 25 18 
1 22 27 5 9 4 25 18 
1 22 27 5 9 4 25 18 
1 22 27 5 9 4 25 18 
1 22 27 26 9 4 25 18 
1 22 27 26 9 4 25 18 
1 8 27 26 9 4 25 18 
1 8 27 26 9 4 25 18 
1 8 27 26 9 4 17 18 
1 8 27 26 9 4 17 18 
1 8 27 26 9 0 17 18 
0 8 2 26 9 0 17 18 
0 8 2 26 9 0 17 18 
0 8 2 5 9 0 17 18 
0 8 2 5 9 0 17 14 
0 8 2 5 9 0 17 14 
0 8 2 5 9 0 17 14 
0 8 2 5 9 0 17 14 
0 8 2 5 9 0 17 14 
0 8 2 5 9 0 13 14 
0 8 2 5 9 0 13 14 
0 8 2 5 9 4 13 14 
0 8 2 5 9 4 13 14 
0 8 2 5 9 4 13 14 
0 8 2 26 9 4 13 14 
0 8 2 26 9 4 13 14 
0 8 2 26 10 4 13 14 
0 22 2 26 10 4 13 14 
0 22 2 26 10 4 13 14 
0 22 2 26 10 4 13 14 
0 22 2 26 10 4 13 14 
0 22 2 26 10 4 13 14 
0 22 2 26 10 4 13 14 
0 22 2 26 10 4 13 14 
0 22 2 26 10 4 13 14 
0 22 2 5 10 4 13 14 
0 22 2 5 10 4 17 14 
0 22 2 5 10 4 17 18 
0 8 2 5 10 4 17 18 
0 8 6 5 10 4 17 18 
0 8 6 5 10 4 17 18 
0 8 6 5 10 4 17 18 
0 8 6 5 10 4 17 18 
0 8 6 5 10 4 17 18 
0 8 6 5 10 4 17 18 
0 8 6 5 10 4 13 18 
0 8 6 26 10 4 13 18 
0 8 6 26 15 4 13 18 
0 8 6 26 15 4 13 18 
0 8 6 26 15 4 13 18 
0 8 6 26 15 4 13 18 
0 8 6 26 15 4 13 18 
0 8 6 26 15 4 13 18 
1 8 6 26 15 4 13 18 
1 8 6 26 15 4 13 18 
1 8 6 5 15 4 13 18 
1 8 6 5 15 4 13 14 
1 8 6 5 15 4 13 14 
1 8 6 5 15 4 17 14 
1 8 6 5 15 4 17 14 
1 8 6 5 15 4 17 14 
1 22 6 5 15 4 17 14 
1 22 6 5 15 4 17 14 
1 22 6 5 10 4 17 14 
1 22 6 5 10 4 25 14 
1 22 6 5 10 4 25 14 
1 22 6 5 10 4 25 15 
1 22 6 5 10 4 25 15 
1 22 6 27 10 4 25 15 
1 22 6 27 10 4 25 15 
1 22 6 27 10 4 25 15 
1 9 6 27 10 4 25 15 
1 9 6 27 10 4 25 15 
1 9 6 27 10 4 25 15 
27 9 6 27 10 4 14 15 
27 9 6 27 10 25 14 15 
27 9 21 27 10 25 14 15 
27 9 21 27 10 25 14 15 
27 9 21 1 10 25 14 15 
27 9 21 1 10 25 14 15 
27 9 21 1 10 25 14 15 
27 9 21 1 10 25 14 15 
27 9 21 1 10 18 14 15 
27 9 3 1 10 18 14 15 
27 9 3 1 10 18 14 15 
27 9 3 1 10 18 14 15 
27 9 3 1 15 18 14 15 
27 9 3 1 15 18 14 10 
27 9 3 1 15 19 14 10 
27 9 3 1 15 19 14 24 
27 9 3 1 15 19 14 24 
27 9 21 1 15 19 14 24 
27 9 21 1 15 19 14 24 
27 9 21 1 15 19 14 24 
27 9 21 1 15 19 14 24 
27 9 21 1 10 19 14 24 
27 9 21 1 10 19 14 24 
27 9 21 1 10 19 14 24 
27 9 21 1 10 19 14 24 
27 9 21 1 10 19 14 24 
27 9 21 1 15 19 14 24 
27 9 21 1 15 19 14 24 
27 9 21 1 15 19 18 24 
27 9 21 1 15 19 18 24 
27 9 7 1 15 19 18 24 
27 9 7 1 15 19 18 24 
27 9 7 1 15 19 18 24 
27 9 7 1 15 19 18 24 
27 9 7 5 15 19 18 24 
27 9 7 5 15 19 18 24 
27 9 7 5 10 19 18 24 
27 9 7 5 10 19 18 24 
27 9 7 5 10 19 25 24 
27 9 7 5 10 19 25 24 
27 24 7 26 10 19 25 24 
2 24 7 26 10 19 25 24 
2 24 7 26 15 19 25 24 
2 24 7 26 15 19 25 24 
2 24 7 26 15 19 25 24 
2 24 7 26 15 19 17 24 
2 24 7 26 15 19 17 24 
2 24 7 26 15 19 17 6 
2 24 7 26 15 19 17 6 
2 24 7 26 15 19 17 6 
2 24 7 4 15 19 17 6 
2 24 7 4 15 19 17 6 
2 24 7 4 15 19 13 6 
2 24 7 4 15 19 13 6 
2 24 21 4 15 19 13 6 
2 24 21 4 15 19 13 6 
2 24 21 22 15 19 13 6 
2 24 21 22 15 19 8 6 
2 24 21 22 15 19 8 6 
2 24 21 22 19 19 8 6 
2 24 3 22 19 19 8 6 
2 24 3 22 19 19 8 6 
2 24 3 22 19 19 8 6 
2 24 3 22 19 20 8 6 
2 24 3 22 19 20 8 6 
2 24 3 22 19 20 8 6 
2 24 3 22 19 20 8 6 
2 24 3 22 19 23 8 6 
2 24 3 22 19 23 8 6 
2 24 3 22 19 23 8 21 
2 24 3 22 19 23 8 21 
2 24 3 5 19 23 8 21 
2 24 3 5 19 23 8 21 
6 24 3 5 19 23 8 21 
6 10 3 5 20 23 8 21 
6 10 3 5 20 23 8 21 
6 10 3 5 20 23 8 21 
6 10 3 5 20 23 25 21 
6 10 3 5 20 23 25 21 
21 10 7 5 20 23 25 21 
21 10 7 5 20 23 25 21 
21 10 7 5 20 23 25 21 
21 15 7 5 20 23 25 21 
21 15 7 27 20 23 25 21 
21 15 7 27 20 23 25 21 
21 15 7 27 20 23 25 3 
21 15 7 27 20 23 14 3 
21 15 7 27 20 23 14 3 
11 10 7 27 20 23 14 3 
11 10 7 27 20 23 14 3 
11 10 7 27 20 23 14 3 
11 10 7 27 20 23 14 3 
11 10 7 27 20 23 14 3 
11 10 7 27 20 23 18 3 
11 10 7 27 23 23 18 3 
11 10 7 27 23 20 18 3 
11 10 7 27 23 20 18 3 
11 15 7 27 23 20 18 3 
11 15 21 27 23 20 18 3 
11 15 21 5 23 20 18 3 
11 15 21 5 16 20 18 3 
11 15 21 5 16 20 14 3 
11 15 21 5 16 20 14 3 
11 15 21 5 16 20 14 3 
11 15 21 5 16 20 14 3 
11 15 21 5 16 20 14 3 
11 15 21 5 16 20 14 3 
11 15 21 26 16 20 14 3 
11 15 21 26 16 23 14 3 
11 10 21 26 16 23 14 3 
11 10 6 26 16 23 14 3 
11 10 6 26 16 23 14 3 
11 10 6 26 16 23 9 3 
11 10 6 26 16 23 9 3 
11 10 6 26 16 23 9 7 
11 10 6 26 16 23 9 7 
11 10 6 22 16 23 9 7 
11 10 24 22 16 23 9 7 
11 24 24 22 16 23 9 7 
11 24 24 22 16 20 9 7 
11 24 24 22 16 20 9 12 
11 24 24 22 16 20 9 12 
11 24 24 22 16 20 9 12 
11 24 24 22 16 20 9 12 
11 24 24 22 16 20 9 12 
11 24 6 22 16 20 9 12 
11 24 6 0 16 20 9 12 
11 24 6 0 23 20 9 12 
11 24 6 0 23 19 9 12 
11 24 6 0 23 19 9 12 
11 24 6 0 23 19 10 12 
11 24 21 0 23 19 10 12 
11 24 21 0 23 19 15 12 
11 24 21 0 16 19 15 12 
11 24 21 1 16 19 15 12 
11 24 3 1 16 19 15 12 
11 2 3 1 12 19 15 12 
11 2 3 1 12 19 15 12 
11 2 3 1 12 19 15 12 
11 2 7 1 12 19 15 12 
11 2 7 1 12 19 25 12 
11 2 7 27 12 19 25 12 
11 2 7 27 12 19 25 12 
0 0 0 0 0 0 0 0 
;
ROBOT MOVING BEST:
0 0 0 0 0 0 0 0 
1 1 0 0 0 0 0 0 
1 0 0 1 0 0 0 0 
0 1 0 1 0 0 0 0 
1 0 1 0 0 0 0 0 
0 1 1 0 0 0 0 0 
0 0 1 1 0 0 0 0 
1 0 0 0 1 0 0 0 
1 0 0 0 0 1 0 0 
0 1 0 0 1 0 0 0 
0 1 0 0 0 1 0 0 
0 0 1 0 1 0 0 0 
0 0 1 0 0 1 0 0 
0 0 0 1 0 1 0 0 
0 0 0 1 1 0 0 0 
0 0 0 0 1 1 0 0 
1 0 0 0 0 0 1 0 
0 1 0 0 0 0 1 0 
0 0 1 0 0 0 0 1 
0 0 0 1 0 0 1 0 
0 0 0 0 1 0 1 0 
0 0 0 0 0 1 1 0 
1 0 0 0 0 0 1 0 
0 1 0 0 0 0 1 0 
0 0 1 0 0 0 1 0 
0 0 0 1 0 0 1 0 
0 0 0 0 1 0 1 0 
0 0 0 0 0 1 1 0 
0 0 0 1 0 0 1 0 
0 1 0 0 0 0 0 1 
1 0 0 0 0 0 0 1 
0 0 0 0 1 0 0 1 
0 0 0 0 0 1 0 1 
0 0 0 0 0 0 1 1 
0 1 1 0 0 0 0 0 
1 0 1 0 0 0 0 0 
0 0 1 0 1 0 0 0 
0 0 1 1 0 0 0 0 
0 0 1 0 0 1 0 0 
0 0 1 0 0 0 1 0 
0 1 0 0 0 0 0 1 
1 0 0 0 0 0 0 1 
0 0 1 0 0 0 0 1 
0 0 0 1 0 0 0 1 
0 0 0 0 1 0 0 1 
0 0 0 0 0 1 0 1 
0 0 0 0 0 0 1 1 
0 1 1 0 0 0 0 0 
0 1 0 0 0 0 1 0 
0 1 0 0 0 0 0 1 
0 0 1 0 0 0 1 0 
0 0 0 1 0 0 1 0 
1 0 1 0 0 0 0 0 
0 0 0 0 0 0 1 1 
0 1 0 0 1 0 0 0 
1 0 0 0 0 0 1 0 
0 1 0 0 0 0 0 1 
1 0 0 0 1 0 0 0 
1 0 0 0 0 0 0 1 
0 0 1 0 1 0 0 0 
0 0 1 0 0 0 0 1 
0 0 0 1 1 0 0 0 
0 0 0 1 0 0 0 1 
0 0 0 0 1 1 0 0 
0 0 0 0 1 0 1 0 
0 0 0 0 1 0 0 1 
0 0 0 0 0 1 0 1 
0 0 0 0 0 0 1 1 
0 0 0 1 1 0 0 0 
0 0 0 1 0 0 0 1 
0 1 0 0 1 0 0 0 
0 1 0 0 0 0 0 1 
0 0 0 0 1 0 1 0 
0 0 0 0 0 0 1 1 
0 0 0 0 1 1 0 0 
1 0 1 0 0 0 0 0 
0 1 1 0 0 0 0 0 
0 0 1 1 0 0 0 0 
1 0 0 0 0 0 0 1 
0 1 0 0 0 0 0 1 
0 0 1 0 1 0 0 0 
0 0 1 0 0 0 0 1 
0 0 0 1 0 0 0 1 
0 0 0 0 1 0 1 0 
0 0 0 0 1 0 0 1 
0 0 0 0 0 1 0 1 
0 0 1 0 0 1 0 0 
0 0 0 0 0 0 1 1 
0 0 1 1 0 0 0 0 
0 0 0 1 0 0 0 1 
1 0 0 0 1 0 0 0 
0 1 1 0 0 0 0 0 
0 1 0 0 0 0 0 1 
0 0 0 0 1 1 0 0 
0 1 0 0 1 0 0 0 
0 0 1 0 1 0 0 0 
0 0 0 1 1 0 0 0 
0 0 0 0 1 0 1 0 
0 0 0 0 1 0 0 1 
0 0 0 1 1 0 0 0 
0 0 0 0 1 0 1 0 
0 0 0 0 1 0 0 1 
0 1 0 0 1 0 0 0 
1 0 1 0 0 0 0 0 
0 1 1 0 0 0 0 0 
0 0 1 1 0 0 0 0 
0 0 1 0 1 0 0 0 
0 0 1 0 0 0 0 1 
0 0 1 0 0 1 0 0 
0 0 0 0 0 0 1 1 
0 0 1 1 0 0 0 0 
0 1 0 0 1 0 0 0 
0 0 1 0 1 0 0 0 
0 0 0 1 1 0 0 0 
0 0 0 0 1 1 0 0 
0 0 0 0 1 0 1 0 
0 0 0 0 1 0 0 1 
1 0 1 0 0 0 0 0 
1 0 0 0 1 0 0 0 
0 0 0 1 1 0 0 0 
1 0 0 0 0 0 0 1 
0 0 1 0 0 0 0 1 
0 0 0 0 1 0 1 0 
0 0 0 0 0 0 1 1 
0 0 0 0 1 0 0 1 
0 1 0 0 1 0 0 0 
0 1 1 0 0 0 0 0 
1 0 0 0 1 0 0 0 
0 0 1 0 0 0 1 0 
0 0 0 0 1 0 1 0 
0 0 0 0 1 0 0 1 
0 0 0 0 0 0 1 1 
0 0 1 1 0 0 0 0 
0 0 0 1 1 0 0 0 
0 0 0 1 0 0 0 1 
0 1 1 0 0 0 0 0 
0 1 0 0 1 0 0 0 
0 1 0 0 0 0 0 1 
1 0 0 0 0 0 1 0 
0 0 0 0 0 1 1 0 
0 1 1 0 0 0 0 0 
1 0 1 0 0 0 0 0 
0 0 1 1 0 0 0 0 
0 0 1 0 1 0 0 0 
0 0 1 0 0 0 1 0 
0 0 1 0 0 0 0 1 
0 0 0 0 0 1 1 0 
1 0 1 0 0 0 0 0 
0 0 1 1 0 0 0 0 
0 1 1 0 0 0 0 0 
0 0 1 0 1 0 0 0 
0 0 1 0 0 0 0 1 
1 0 0 0 0 1 0 0 
1 0 0 0 0 0 0 1 
0 1 0 0 0 1 0 0 
0 0 1 0 0 1 0 0 
0 1 0 0 0 0 0 1 
0 0 1 0 0 0 0 1 
0 0 0 1 0 0 0 1 
0 0 0 0 1 1 0 0 
0 0 0 0 1 0 0 1 
0 0 0 0 0 1 1 0 
0 0 0 0 0 1 0 1 
0 0 0 0 0 0 1 1 
0 0 0 0 1 1 0 0 
0 0 0 0 1 0 0 1 
0 0 0 0 0 1 1 0 
0 0 0 0 0 0 1 1 
1 0 1 0 0 0 0 0 
0 1 1 0 0 0 0 0 
0 0 1 0 0 1 0 0 
0 0 1 0 1 0 0 0 
0 0 0 1 0 1 0 0 
0 0 1 0 0 0 0 1 
0 0 1 0 1 0 0 0 
0 0 0 1 0 0 0 1 
0 0 0 0 0 1 1 0 
0 0 0 0 0 0 1 1 
0 1 0 1 0 0 0 0 
1 1 0 0 0 0 0 0 
1 0 0 0 1 0 0 0 
1 0 1 0 0 0 0 0 
1 0 0 0 0 1 0 0 
0 0 0 0 0 1 1 0 
0 1 0 0 0 0 1 0 
1 0 0 0 0 0 0 1 
0 1 0 0 0 0 0 1 
0 0 0 0 0 1 0 1 
0 1 0 1 0 0 0 0 
0 0 1 0 0 0 0 1 
0 0 0 0 0 1 1 0 
0 1 0 0 0 0 1 0 
1 0 1 0 0 0 0 0 
0 0 1 0 0 0 0 1 
0 0 0 1 0 1 0 0 
0 1 0 0 0 0 1 0 
0 1 0 1 0 0 0 0 
0 0 0 0 1 0 1 0 
1 0 1 0 0 0 0 0 
0 1 1 0 0 0 0 0 
0 0 1 0 0 0 0 1 
0 1 0 0 0 1 0 0 
0 0 1 0 0 1 0 0 
0 0 0 0 1 1 0 0 
0 0 0 0 0 1 0 1 
0 1 0 0 0 1 0 0 
0 0 1 0 0 1 0 0 
0 0 1 0 0 0 0 1 
0 0 0 0 1 1 0 0 
0 0 0 1 0 0 0 1 
0 0 0 0 0 1 0 1 
1 0 0 0 0 1 0 0 
0 1 0 0 1 0 0 0 
0 1 0 0 0 1 0 0 
0 0 0 0 1 1 0 0 
0 0 0 0 1 0 1 0 
0 0 0 0 1 0 0 1 
1 0 1 0 0 0 0 0 
0 0 1 0 0 1 0 0 
0 0 1 0 1 0 0 0 
0 1 0 0 0 1 0 0 
0 0 0 1 1 0 0 0 
0 1 0 0 1 0 0 0 
0 0 1 0 0 0 0 1 
0 0 0 0 1 0 1 0 
0 0 0 0 0 1 1 0 
1 1 0 0 0 0 0 0 
1 0 1 0 0 0 0 0 
1 0 0 1 0 0 0 0 
1 0 0 0 1 0 0 0 
1 0 0 0 0 1 0 0 
1 0 0 0 0 0 1 0 
0 0 0 0 1 0 1 0 
0 0 0 0 0 1 1 0 
1 0 0 0 0 0 0 1 
1 1 0 0 0 0 0 0 
1 0 1 0 0 0 0 0 
1 0 0 1 0 0 0 0 
1 0 0 0 1 0 0 0 
1 0 0 0 0 0 1 0 
0 1 0 0 1 0 0 0 
0 0 1 0 1 0 0 0 
0 0 0 0 1 1 0 0 
0 0 0 0 1 0 1 0 
0 0 0 0 1 0 0 1 
1 0 0 1 0 0 0 0 
0 0 0 0 1 1 0 0 
0 1 0 0 1 0 0 0 
1 0 1 0 0 0 0 0 
0 0 1 0 1 0 0 0 
1 0 0 0 0 0 1 0 
0 0 0 0 1 0 1 0 
0 0 0 0 1 0 0 1 
0 0 0 0 0 1 1 0 
1 0 0 1 0 0 0 0 
1 0 1 0 0 0 0 0 
0 1 0 0 1 0 0 0 
0 0 0 0 0 1 1 0 
0 1 0 0 0 0 0 1 
1 0 0 0 0 0 0 1 
0 0 0 0 1 0 0 1 
0 0 0 0 0 1 0 1 
0 0 0 0 0 0 1 1 
0 0 1 0 0 0 0 1 
0 1 0 1 0 0 0 0 
0 0 0 0 1 0 0 1 
1 0 0 0 0 1 0 0 
0 0 0 0 0 1 0 1 
0 0 0 0 0 0 1 1 
0 0 1 0 0 0 0 1 
0 0 0 0 0 0 1 1 
0 0 0 0 1 1 0 0 
1 0 0 1 0 0 0 0 
0 0 1 0 0 0 0 1 
0 1 0 0 1 0 0 0 
1 1 0 0 0 0 0 0 
0 1 0 1 0 0 0 0 
0 0 1 0 0 0 0 1 
1 0 0 0 0 0 1 0 
0 0 0 1 1 0 0 0 
0 1 0 1 0 0 0 0 
1 1 1 1 1 1 1 1 
;
TIMETABLE BEST: 
0.0 0.0 0.0 0.0 0.0 0.0 0.0 0.0 
14 14 0 0 0 0 0 0 
17 14 0 17 0 0 0 0 
17 17 0 17 0 0 0 0 
18 17 18 17 0 0 0 0 
18 18 18 17 0 0 0 0 
18 18 18 18 0 0 0 0 
24 18 18 18 24 0 0 0 
24 18 18 18 24 24 0 0 
24 24 18 18 24 24 0 0 
24 24 18 18 24 24 0 0 
24 24 24 18 24 24 0 0 
24 24 24 18 24 24 0 0 
24 24 24 24 24 24 0 0 
24 24 24 24 24 24 0 0 
24 24 24 24 24 24 0 0 
26 24 24 24 24 24 26 0 
26 26 24 24 24 24 26 0 
26 26 26 24 24 24 26 26 
26 26 26 26 24 24 26 26 
26 26 26 26 26 24 26 26 
26 26 26 26 26 26 26 26 
39 26 26 26 26 26 39 26 
39 39 26 26 26 26 39 26 
39 39 39 26 26 26 39 26 
39 39 39 39 26 26 39 26 
39 39 39 39 39 26 39 26 
39 39 39 39 39 39 39 26 
39 39 39 48 39 39 48 26 
39 50 39 48 39 39 48 50 
50 50 39 48 39 39 48 50 
50 50 39 48 50 39 48 50 
50 50 39 48 50 50 48 50 
50 50 39 48 50 50 50 50 
50 54 54 48 50 50 50 50 
54 54 54 48 50 50 50 50 
54 54 54 48 54 50 50 50 
54 54 57 57 54 50 50 50 
54 54 57 57 54 57 50 50 
54 54 57 57 54 57 57 50 
54 62 57 57 54 57 57 62 
62 62 57 57 54 57 57 62 
62 62 62 57 54 57 57 62 
62 62 62 62 54 57 57 62 
62 62 62 62 62 57 57 62 
62 62 62 62 62 62 57 62 
62 62 62 62 62 62 62 62 
62 73 73 62 62 62 62 62 
62 73 73 62 62 62 73 62 
62 73 73 62 62 62 73 73 
62 73 73 62 62 62 73 73 
62 73 73 73 62 62 73 73 
80 73 80 73 62 62 73 73 
80 73 80 73 62 62 73 73 
80 86 80 73 86 62 73 73 
85 86 80 73 86 62 85 73 
85 86 80 73 86 62 85 86 
86 86 80 73 86 62 85 86 
86 86 80 73 86 62 85 86 
86 86 86 73 86 62 85 86 
86 86 86 73 86 62 85 86 
86 86 86 86 86 62 85 86 
86 86 86 86 86 62 85 86 
86 86 86 86 86 86 85 86 
86 86 86 86 86 86 86 86 
86 86 86 86 86 86 86 86 
86 86 86 86 86 86 86 86 
86 86 86 86 86 86 86 86 
86 86 86 95 95 86 86 86 
86 86 86 95 95 86 86 95 
86 98 86 95 98 86 86 95 
86 98 86 95 98 86 86 98 
86 98 86 95 98 86 98 98 
86 98 86 95 98 86 98 98 
86 98 86 95 100 100 98 98 
105 98 105 95 100 100 98 98 
105 105 105 95 100 100 98 98 
105 105 105 105 100 100 98 98 
109 105 105 105 100 100 98 109 
109 109 105 105 100 100 98 109 
109 109 105 105 105 100 98 109 
109 109 109 105 105 100 98 109 
109 109 109 109 105 100 98 109 
109 109 109 109 109 100 109 109 
109 109 109 109 109 100 109 109 
109 109 109 109 109 114 109 114 
109 109 114 109 109 114 109 114 
109 109 114 109 109 114 114 114 
109 109 118 118 109 114 114 114 
109 109 118 118 109 114 114 118 
123 109 118 118 123 114 114 118 
123 121 121 118 123 114 114 118 
123 121 121 118 123 114 114 121 
123 121 121 118 123 123 114 121 
123 123 121 118 123 123 114 121 
123 123 123 118 123 123 114 121 
123 123 123 123 123 123 114 121 
123 123 123 123 123 123 123 121 
123 123 123 123 123 123 123 123 
123 123 123 132 132 123 123 123 
123 123 123 132 134 123 134 123 
123 123 123 132 134 123 134 134 
123 135 123 132 135 123 134 134 
141 135 141 132 135 123 134 134 
141 141 141 132 135 123 134 134 
141 141 141 141 135 123 134 134 
141 141 141 141 141 123 134 134 
141 141 141 141 141 123 134 141 
141 141 141 141 141 141 134 141 
141 141 141 141 141 141 145 145 
141 141 150 150 141 141 145 145 
141 152 150 150 152 141 145 145 
141 152 152 150 152 141 145 145 
141 152 152 152 152 141 145 145 
141 152 152 152 152 152 145 145 
141 152 152 152 152 152 152 145 
141 152 152 152 152 152 152 152 
159 152 159 152 152 152 152 152 
159 152 159 152 159 152 152 152 
159 152 159 161 161 152 152 152 
163 152 159 161 161 152 152 163 
163 152 163 161 161 152 152 163 
163 152 163 161 163 152 163 163 
163 152 163 161 163 152 163 163 
163 152 163 161 163 152 163 163 
163 164 163 161 164 152 163 163 
163 164 164 161 164 152 163 163 
175 164 164 161 175 152 163 163 
175 164 175 161 175 152 175 163 
175 164 175 161 175 152 175 163 
175 164 175 161 176 152 175 176 
175 164 175 161 176 152 176 176 
175 164 182 182 176 152 176 176 
175 164 182 182 182 152 176 176 
175 164 182 182 182 152 176 182 
175 188 188 182 182 152 176 182 
175 188 188 182 188 152 176 182 
175 188 188 182 188 152 176 188 
192 188 188 182 188 152 192 188 
192 188 188 182 188 192 192 188 
192 200 200 182 188 192 192 188 
200 200 200 182 188 192 192 188 
200 200 200 200 188 192 192 188 
200 200 200 200 200 192 192 188 
200 200 200 200 200 192 200 188 
200 200 200 200 200 192 200 200 
200 200 200 200 200 205 205 200 
212 200 212 200 200 205 205 200 
212 200 212 212 200 205 205 200 
212 212 212 212 200 205 205 200 
212 212 212 212 212 205 205 200 
212 212 212 212 212 205 205 212 
225 212 212 212 212 225 205 212 
225 212 212 212 212 225 205 225 
225 225 212 212 212 225 205 225 
225 225 225 212 212 225 205 225 
225 225 225 212 212 225 205 225 
225 225 225 212 212 225 205 225 
225 225 225 225 212 225 205 225 
225 225 225 225 225 225 205 225 
225 225 225 225 225 225 205 225 
225 225 225 225 225 225 225 225 
225 225 225 225 225 225 225 225 
225 225 225 225 225 225 225 225 
225 225 225 225 236 236 225 225 
225 225 225 225 236 236 225 236 
225 225 225 225 236 236 236 236 
225 225 225 225 236 236 236 236 
237 225 237 225 236 236 236 236 
237 237 237 225 236 236 236 236 
237 237 237 225 236 237 236 236 
237 237 237 225 237 237 236 236 
237 237 237 243 237 243 236 236 
237 237 237 243 237 243 236 237 
237 237 248 243 248 243 236 237 
237 237 248 243 248 243 236 243 
237 237 248 243 248 249 249 243 
237 237 248 243 248 249 249 249 
237 252 248 252 248 249 249 249 
256 256 248 252 248 249 249 249 
259 256 248 252 259 249 249 249 
259 256 259 252 259 249 249 249 
259 256 259 252 259 259 249 249 
259 256 259 252 259 261 261 249 
259 261 259 252 259 261 261 249 
262 261 259 252 259 261 261 262 
262 262 259 252 259 261 261 262 
262 262 259 252 259 262 261 262 
262 263 259 263 259 262 261 262 
262 263 262 263 259 262 261 262 
262 263 262 263 259 272 272 262 
262 272 262 263 259 272 272 262 
274 272 274 263 259 272 272 262 
274 272 274 263 259 272 272 274 
274 272 274 275 259 275 272 274 
274 285 274 275 259 275 285 274 
274 285 274 285 259 275 285 274 
274 285 274 285 285 275 285 274 
286 285 286 285 285 275 285 274 
286 286 286 285 285 275 285 274 
286 286 286 285 285 275 285 286 
286 288 286 285 285 288 285 286 
286 288 288 285 285 288 285 286 
286 288 288 285 288 288 285 286 
286 288 288 285 288 288 285 288 
286 298 288 285 288 298 285 288 
286 298 298 285 288 298 285 288 
286 298 300 285 288 298 285 300 
286 298 300 285 298 298 285 300 
286 298 300 300 298 298 285 300 
286 298 300 300 298 300 285 300 
304 298 300 300 298 304 285 300 
304 311 300 300 311 304 285 300 
304 311 300 300 311 311 285 300 
304 311 300 300 311 311 285 300 
304 311 300 300 311 311 311 300 
304 311 300 300 311 311 311 311 
316 311 316 300 311 311 311 311 
316 311 316 300 311 316 311 311 
316 311 316 300 316 316 311 311 
316 322 316 300 316 322 311 311 
316 322 316 321 321 322 311 311 
316 322 316 321 322 322 311 311 
316 322 323 321 322 322 311 323 
316 322 323 321 327 322 327 323 
316 322 323 321 327 327 327 323 
335 335 323 321 327 327 327 323 
335 335 335 321 327 327 327 323 
335 335 335 335 327 327 327 323 
335 335 335 335 335 327 327 323 
335 335 335 335 335 335 327 323 
338 335 335 335 335 335 338 323 
338 335 335 335 345 335 345 323 
338 335 335 335 345 345 345 323 
338 335 335 335 345 345 345 338 
346 346 335 335 345 345 345 338 
347 346 347 335 345 345 345 338 
356 346 347 356 345 345 345 338 
356 346 347 356 356 345 345 338 
356 346 347 356 356 345 356 338 
356 356 347 356 356 345 356 338 
356 356 356 356 356 345 356 338 
356 356 356 356 356 356 356 338 
356 356 356 356 356 356 356 338 
356 356 356 356 356 356 356 356 
365 356 356 365 356 356 356 356 
365 356 356 365 366 366 356 356 
365 367 356 365 367 366 356 356 
368 367 368 365 367 366 356 356 
368 367 368 365 368 366 356 356 
372 367 368 365 368 366 372 356 
372 367 368 365 372 366 372 356 
372 367 368 365 372 366 372 372 
372 367 368 365 372 372 372 372 
376 367 368 376 372 372 372 372 
381 367 381 376 372 372 372 372 
381 380 381 376 380 372 372 372 
381 380 381 376 380 382 382 372 
381 390 381 376 380 382 382 390 
390 390 381 376 380 382 382 390 
390 390 381 376 390 382 382 390 
390 390 381 376 390 390 382 390 
390 390 381 376 390 390 390 390 
390 390 394 376 390 390 390 394 
390 400 394 400 390 390 390 394 
390 400 394 400 401 390 390 401 
403 400 394 400 401 403 390 401 
403 400 394 400 401 403 390 403 
403 400 394 400 401 403 404 404 
403 400 406 400 401 403 404 406 
403 400 406 400 401 403 415 415 
403 400 406 400 412 412 415 415 
418 400 406 418 412 412 415 415 
418 400 418 418 412 412 415 418 
418 423 418 418 423 412 415 418 
423 423 418 418 423 412 415 418 
423 423 418 423 423 412 415 418 
423 423 434 423 423 412 415 434 
438 423 434 423 423 412 438 434 
438 423 434 438 438 412 438 434 
438 438 434 438 438 412 438 434 
509.0 474.0 508.0 471.0 530.0 495.0 490.0 526.0 
;
EXECUTION TIME HBSS: 5232.88436794 seconds 

-------------------------------------------------------------------
