DATFILE : bwopen0_6r_500.dat
ENVIRONMENT : bwopen
ALGORITHM : HBSS - TAU 7
RANGE : 500
STARTING_POS : 0
N_ROBOTS : 6
GREEDY SOLUTION : 791.0
COMPUTATIONS T :
811.0
801.0
801.0
807.0
801.0
820.0
801.0
806.0
832.0
801.0
799.0
754.0
801.0
801.0
801.0
808.0
734.0
756.0
796.0
801.0
799.0
766.0
753.0
801.0
802.0
801.0
807.0
792.0
697.0
816.0
801.0
782.0
800.0
801.0
826.0
799.0
801.0
801.0
749.0
748.0
812.0
782.0
812.0
801.0
794.0
801.0
801.0
795.0
771.0
782.0
801.0
801.0
835.0
799.0
801.0
787.0
801.0
766.0
801.0
801.0
770.0
790.0
801.0
805.0
806.0
832.0
744.0
788.0
801.0
783.0
814.0
818.0
774.0
754.0
801.0
789.0
802.0
821.0
801.0
766.0
830.0
801.0
769.0
742.0
800.0
765.0
821.0
712.0
801.0
785.0
801.0
817.0
803.0
767.0
801.0
778.0
761.0
801.0
785.0
801.0
822.0
801.0
794.0
801.0
801.0
798.0
801.0
766.0
745.0
779.0
802.0
821.0
801.0
736.0
781.0
801.0
764.0
822.0
814.0
807.0
801.0
832.0
801.0
801.0
788.0
801.0
782.0
810.0
799.0
803.0
825.0
799.0
766.0
801.0
785.0
798.0
801.0
785.0
801.0
801.0
736.0
774.0
790.0
785.0
801.0
779.0
800.0
800.0
779.0
801.0
780.0
801.0
788.0
816.0
740.0
801.0
815.0
784.0
791.0
793.0
747.0
769.0
801.0
790.0
785.0
814.0
806.0
785.0
812.0
801.0
801.0
801.0
792.0
789.0
804.0
832.0
801.0
801.0
801.0
801.0
801.0
802.0
801.0
800.0
785.0
764.0
801.0
801.0
764.0
780.0
801.0
789.0
801.0
801.0
801.0
801.0
769.0
801.0
799.0
809.0
;
HBBS bestT : 697.0
BEST_CONFIGURATIONS : 
0 0 0 0 0 0 
0 4 0 0 0 0 
0 4 26 0 0 0 
0 4 26 0 0 0 
0 4 26 1 0 0 
0 4 26 1 0 0 
0 4 26 1 0 0 
0 4 26 1 5 0 
0 4 26 1 5 22 
0 4 26 1 5 22 
0 4 26 1 5 22 
0 4 26 1 5 22 
0 4 26 1 5 22 
0 4 26 1 5 22 
0 4 26 1 5 22 
0 4 26 1 5 22 
0 4 26 1 5 8 
0 22 26 1 5 8 
0 22 4 1 5 8 
0 22 4 1 5 8 
0 22 4 1 5 8 
0 22 4 1 26 8 
0 22 4 27 26 8 
0 4 4 27 26 8 
0 4 5 27 26 8 
0 4 5 27 26 8 
0 4 5 27 26 8 
0 4 5 27 22 8 
0 4 5 27 22 13 
0 4 5 27 22 13 
0 4 5 27 22 13 
0 4 5 27 22 13 
0 4 5 27 22 13 
0 4 26 27 22 13 
0 4 26 27 8 13 
0 4 26 9 8 13 
0 4 26 9 8 13 
0 4 26 9 8 13 
0 4 26 9 8 13 
0 4 26 9 8 13 
0 4 5 9 8 13 
0 4 5 9 8 17 
0 4 5 9 8 17 
0 4 5 9 8 17 
0 4 5 9 8 17 
0 4 5 9 8 17 
0 4 26 9 8 17 
0 22 26 9 8 17 
0 22 26 9 8 17 
0 22 26 9 13 17 
1 22 26 9 13 17 
1 22 26 9 13 17 
1 22 26 9 13 25 
1 4 26 9 13 25 
1 4 5 9 13 25 
1 4 5 9 13 25 
1 4 5 9 13 25 
1 4 26 9 13 25 
1 4 26 9 17 25 
1 22 26 9 17 25 
1 22 26 10 17 25 
1 22 26 10 17 25 
1 22 26 10 17 25 
1 22 26 10 17 25 
1 22 26 10 17 25 
1 22 5 10 17 25 
1 22 5 10 13 25 
1 4 5 10 13 25 
1 4 5 10 13 18 
1 4 5 10 13 18 
1 4 5 10 13 18 
1 4 5 10 13 18 
1 4 5 10 13 18 
1 4 26 10 13 18 
1 4 26 15 13 18 
1 4 26 15 13 18 
1 4 26 15 13 18 
1 4 26 15 13 18 
1 4 26 15 13 18 
1 4 5 15 13 18 
1 4 5 15 13 14 
1 4 5 15 13 14 
1 4 5 15 13 14 
1 4 5 15 17 14 
1 4 5 15 17 14 
1 4 5 15 17 14 
1 4 26 15 17 14 
1 4 26 10 17 14 
1 4 26 10 13 14 
1 22 26 10 13 14 
27 22 26 10 13 14 
27 22 26 10 13 14 
27 22 26 10 25 14 
27 8 26 10 25 14 
27 8 26 10 25 14 
27 8 26 10 25 14 
27 8 26 10 25 14 
27 8 0 10 25 14 
27 8 0 10 25 14 
27 8 0 10 25 14 
27 8 0 15 25 14 
27 8 0 15 25 14 
27 8 0 15 25 18 
27 8 0 15 25 18 
27 8 0 15 25 18 
27 8 0 15 25 18 
27 8 1 15 25 18 
27 8 1 15 17 18 
27 22 1 15 17 18 
27 22 1 15 17 18 
27 22 1 15 17 18 
27 22 1 14 17 18 
9 22 2 14 17 18 
9 22 2 14 17 18 
9 22 2 14 17 18 
9 4 2 14 17 18 
9 4 2 14 17 18 
9 4 2 14 8 18 
9 26 2 14 8 18 
9 26 2 15 8 18 
9 26 2 15 8 18 
9 26 2 15 8 19 
9 5 2 15 8 19 
9 5 2 15 8 19 
9 5 2 15 8 19 
9 5 2 15 8 19 
9 5 2 15 8 19 
9 5 2 10 8 19 
9 5 2 10 8 19 
9 5 2 10 8 19 
9 22 2 10 8 19 
9 22 2 10 8 19 
9 22 2 10 13 19 
9 22 2 24 13 19 
9 4 2 24 13 19 
9 4 2 24 13 19 
9 4 2 24 13 19 
9 4 2 24 13 19 
9 26 2 24 13 19 
9 26 2 24 17 19 
9 26 2 24 17 19 
10 26 2 24 17 19 
10 26 6 24 17 19 
10 26 6 24 17 19 
10 26 6 24 17 19 
10 26 6 24 17 19 
10 26 6 24 25 19 
10 26 6 24 25 19 
10 26 6 24 25 19 
10 5 6 24 25 19 
10 5 6 24 25 19 
15 5 6 24 25 19 
15 5 6 24 25 19 
15 5 6 24 25 20 
15 5 6 24 18 20 
15 5 6 24 18 20 
15 5 6 24 18 20 
15 5 6 24 18 20 
15 5 6 24 18 20 
15 22 6 24 18 20 
15 22 6 24 18 20 
15 22 6 24 18 23 
15 22 6 24 18 23 
15 22 6 24 18 23 
15 22 6 24 18 23 
15 4 6 24 18 23 
10 4 6 24 18 16 
10 4 6 24 14 16 
10 4 6 24 14 16 
10 4 6 24 14 16 
10 4 6 24 14 16 
10 4 6 24 14 16 
10 0 6 24 14 16 
10 0 6 24 14 16 
10 0 6 24 14 12 
10 0 6 24 14 12 
10 0 6 24 14 12 
10 0 6 24 15 12 
10 0 6 24 15 12 
10 0 21 24 15 12 
10 0 21 24 15 12 
10 0 21 24 15 12 
10 0 21 24 15 12 
10 1 21 24 15 12 
10 1 21 24 15 12 
15 1 21 24 15 16 
15 1 21 24 15 16 
15 1 21 24 14 16 
15 1 21 6 14 16 
15 1 21 6 14 16 
10 1 21 6 14 23 
10 1 21 6 14 23 
10 1 21 6 14 23 
10 27 21 6 14 23 
10 27 21 6 14 23 
10 27 21 6 14 20 
10 27 21 6 14 20 
10 27 21 6 14 20 
10 27 21 6 14 20 
10 27 3 6 14 20 
10 27 3 6 14 20 
10 27 3 24 14 20 
10 27 3 24 14 20 
10 27 3 24 14 20 
10 27 3 24 15 20 
10 27 3 24 15 23 
10 27 3 6 15 23 
9 27 3 6 15 23 
9 27 3 6 15 23 
9 27 3 6 15 23 
9 27 3 6 15 23 
9 27 3 6 15 20 
9 27 3 6 25 20 
9 27 21 6 25 20 
9 27 21 11 25 20 
9 1 21 11 25 20 
9 1 21 11 25 20 
9 1 21 11 25 20 
9 1 21 11 25 20 
9 1 21 11 25 23 
9 1 7 11 25 23 
9 1 7 11 25 23 
9 1 7 11 25 23 
9 1 7 11 18 23 
9 27 7 11 18 23 
9 27 7 11 18 23 
9 27 7 11 18 20 
9 27 7 11 14 20 
10 27 7 11 14 20 
10 27 7 11 14 20 
10 2 7 11 14 20 
10 2 7 11 14 20 
10 2 7 11 14 19 
10 2 7 11 14 19 
10 2 7 11 14 19 
15 2 7 11 14 19 
15 2 7 11 14 19 
15 2 7 11 18 19 
15 2 21 11 18 19 
15 2 21 11 18 19 
15 2 21 6 18 19 
24 2 7 6 18 19 
24 2 7 6 18 19 
24 2 7 6 19 20 
24 27 7 6 19 20 
24 27 7 21 19 20 
24 27 7 21 19 23 
2 27 7 21 19 23 
2 27 7 3 19 23 
2 27 7 3 19 23 
2 27 7 3 19 16 
2 27 7 3 19 16 
2 27 7 3 19 16 
2 1 7 3 19 16 
2 1 7 3 19 16 
2 1 7 3 19 12 
2 1 7 3 19 12 
2 1 7 3 19 12 
2 1 7 3 19 12 
2 27 7 3 19 12 
2 27 21 3 19 12 
2 27 21 3 20 12 
2 27 21 3 23 12 
2 9 21 3 23 12 
3 9 11 3 23 12 
3 9 11 3 23 12 
3 9 11 3 16 12 
3 9 11 3 16 12 
3 9 11 3 16 12 
3 9 11 6 16 12 
3 9 11 6 23 16 
3 24 11 6 23 16 
3 24 11 6 20 16 
3 24 11 6 20 23 
11 5 11 6 20 23 
11 5 21 6 20 23 
11 5 21 26 20 23 
11 22 21 26 20 23 
11 8 6 26 20 23 
11 8 6 26 24 23 
11 8 2 0 24 23 
0 0 0 0 0 0 
;
ROBOT MOVING BEST:
0 0 0 0 0 0 
1 1 0 0 0 0 
1 0 1 0 0 0 
0 1 1 0 0 0 
1 0 0 1 0 0 
0 1 0 1 0 0 
0 0 1 1 0 0 
1 0 0 0 1 0 
1 0 0 0 0 1 
0 1 0 0 1 0 
0 1 0 0 0 1 
0 0 1 0 1 0 
0 0 1 0 0 1 
0 0 0 1 1 0 
0 0 0 1 0 1 
0 0 0 0 1 1 
1 0 0 0 0 1 
0 1 0 0 0 1 
0 0 1 0 0 1 
0 0 0 1 0 1 
0 0 0 0 1 1 
0 0 0 0 1 1 
1 0 0 1 0 0 
0 1 0 1 0 0 
0 0 1 1 0 0 
0 0 0 1 1 0 
0 0 0 1 0 1 
0 0 0 1 1 0 
1 0 0 0 0 1 
0 1 0 0 0 1 
0 0 1 0 0 1 
0 0 0 1 0 1 
0 0 0 0 1 1 
0 0 1 0 0 1 
0 0 0 0 1 1 
1 0 0 1 0 0 
0 1 0 1 0 0 
0 0 1 1 0 0 
0 0 0 1 1 0 
0 0 0 1 0 1 
0 0 1 1 0 0 
1 0 0 0 0 1 
0 1 0 0 0 1 
0 0 1 0 0 1 
0 0 0 1 0 1 
0 0 0 0 1 1 
0 0 1 0 0 1 
0 1 0 1 0 0 
0 1 0 0 0 1 
0 0 0 0 1 1 
1 0 0 1 0 0 
1 0 0 0 1 0 
1 0 0 0 0 1 
0 1 0 0 0 1 
0 0 1 0 0 1 
0 0 0 1 0 1 
0 0 0 0 1 1 
0 0 1 0 0 1 
0 0 0 0 1 1 
0 1 0 0 0 1 
1 0 0 1 0 0 
0 1 0 1 0 0 
0 0 1 1 0 0 
0 0 0 1 1 0 
0 0 0 1 0 1 
0 0 1 1 0 0 
0 0 0 1 1 0 
0 1 0 1 0 0 
1 0 0 0 0 1 
0 1 0 0 0 1 
0 0 1 0 0 1 
0 0 0 1 0 1 
0 0 0 0 1 1 
0 0 1 0 0 1 
1 0 0 1 0 0 
0 1 0 1 0 0 
0 0 1 1 0 0 
0 0 0 1 1 0 
0 0 0 1 0 1 
0 0 1 1 0 0 
1 0 0 0 0 1 
0 1 0 0 0 1 
0 0 1 0 0 1 
0 0 0 1 1 0 
0 0 0 1 0 1 
0 0 0 0 1 1 
0 0 1 0 0 1 
0 0 0 1 0 1 
0 0 0 0 1 1 
0 1 0 0 0 1 
1 0 0 1 0 0 
1 0 0 0 0 1 
1 0 0 0 1 0 
0 1 0 1 0 0 
0 1 0 0 1 0 
0 1 0 0 0 1 
0 0 0 0 1 1 
0 0 1 1 0 0 
0 0 1 0 1 0 
0 0 1 0 0 1 
1 0 0 1 0 0 
0 1 0 1 0 0 
1 0 0 0 0 1 
0 1 0 0 0 1 
0 0 0 1 1 0 
0 0 0 0 1 1 
1 0 1 0 0 0 
1 0 0 0 1 0 
0 1 0 1 0 0 
0 1 0 0 0 1 
0 0 0 0 1 1 
0 0 0 1 0 1 
1 0 1 0 0 0 
1 0 0 1 0 0 
1 0 0 0 0 1 
0 1 1 0 0 0 
0 0 1 1 0 0 
0 0 1 0 1 0 
0 1 1 0 0 0 
1 0 0 1 0 0 
0 0 1 1 0 0 
1 0 0 0 0 1 
0 1 1 0 0 0 
0 1 0 0 0 1 
0 0 1 0 0 1 
0 0 0 1 0 1 
0 0 0 0 1 1 
1 0 0 1 0 0 
0 0 1 1 0 0 
0 0 0 1 0 1 
0 1 1 0 0 0 
0 1 0 0 0 1 
0 0 0 0 1 1 
1 0 0 1 0 0 
0 1 0 1 0 0 
0 0 1 1 0 0 
0 0 0 1 1 0 
0 0 0 1 0 1 
0 1 0 1 0 0 
0 0 0 0 1 1 
0 0 0 1 1 0 
1 0 0 1 0 0 
1 0 1 0 0 0 
0 0 1 1 0 0 
0 1 1 0 0 0 
0 0 1 0 0 1 
0 0 1 0 1 0 
0 0 0 1 1 0 
0 0 0 0 1 1 
0 1 1 0 0 0 
0 1 0 1 0 0 
1 0 1 0 0 0 
1 0 0 1 0 0 
1 0 0 0 0 1 
0 0 1 0 1 0 
0 0 1 0 0 1 
0 0 0 1 1 0 
0 0 0 1 0 1 
0 0 0 0 1 1 
0 1 1 0 0 0 
0 1 0 1 0 0 
1 0 0 0 0 1 
0 0 1 0 0 1 
0 0 0 1 0 1 
0 0 0 0 1 1 
0 1 1 0 0 0 
1 0 0 0 0 1 
0 0 1 0 1 0 
0 0 1 0 0 1 
0 0 0 1 1 0 
0 0 0 1 0 1 
0 0 0 0 1 1 
0 1 1 0 0 0 
0 1 0 1 0 0 
1 0 0 0 0 1 
0 0 1 0 0 1 
0 0 0 1 0 1 
1 0 0 0 1 0 
0 0 0 0 1 1 
1 0 1 0 0 0 
0 0 1 1 0 0 
0 0 1 0 1 0 
0 0 1 0 0 1 
0 1 1 0 0 0 
0 1 0 1 0 0 
1 0 0 0 0 1 
0 0 1 0 0 1 
0 0 1 0 1 0 
0 1 0 1 0 0 
0 0 1 1 0 0 
1 0 0 0 0 1 
0 0 1 0 0 1 
0 0 0 0 1 1 
0 1 1 0 0 0 
0 1 0 1 0 0 
1 0 0 0 0 1 
0 1 0 0 0 1 
0 0 1 0 0 1 
0 0 0 0 1 1 
1 0 1 0 0 0 
0 1 1 0 0 0 
0 1 0 1 0 0 
0 0 1 1 0 0 
0 0 1 0 0 1 
0 0 1 0 1 0 
0 0 1 0 0 1 
0 0 1 1 0 0 
1 1 0 0 0 0 
1 0 1 0 0 0 
1 0 0 1 0 0 
1 0 0 0 0 1 
1 0 0 0 0 1 
0 0 0 0 1 1 
1 0 1 0 0 0 
1 0 0 1 0 0 
0 1 0 1 0 0 
0 0 1 1 0 0 
0 0 0 1 1 0 
0 0 0 1 0 1 
0 0 0 1 0 1 
1 0 1 0 0 0 
0 0 1 1 0 0 
0 0 1 0 0 1 
0 0 0 1 1 0 
0 1 1 0 0 0 
0 1 0 1 0 0 
0 0 1 0 0 1 
0 0 0 1 1 0 
1 0 1 0 0 0 
1 0 0 1 0 0 
0 1 1 0 0 0 
0 1 0 1 0 0 
0 0 1 0 0 1 
0 0 0 1 0 1 
0 0 0 0 1 1 
1 0 1 0 0 0 
1 0 0 1 0 0 
0 0 0 0 1 1 
0 1 1 0 0 0 
0 0 1 0 0 1 
0 1 0 1 0 0 
1 0 1 0 0 0 
0 0 1 1 0 0 
0 0 0 0 1 1 
0 1 0 0 1 0 
0 0 1 1 0 0 
0 0 0 0 1 1 
1 1 0 0 0 0 
1 0 0 1 0 0 
0 0 1 1 0 0 
0 0 1 0 0 1 
0 0 0 1 0 1 
0 0 0 0 1 1 
1 1 0 0 0 0 
0 1 0 1 0 0 
1 0 0 0 0 1 
0 0 1 0 0 1 
0 0 0 1 0 1 
0 0 0 0 1 1 
0 1 0 0 0 1 
0 0 1 1 0 0 
0 0 0 0 1 1 
0 0 0 0 1 1 
0 1 0 0 0 1 
1 0 1 0 0 0 
0 0 1 0 0 1 
0 1 0 0 1 0 
0 0 1 0 1 0 
0 0 0 0 1 1 
0 0 1 1 0 0 
0 0 0 0 1 1 
0 1 1 0 0 0 
0 0 0 0 1 1 
0 0 0 0 1 1 
1 1 0 0 0 0 
0 1 1 0 0 0 
1 0 0 1 0 0 
1 1 0 0 0 0 
0 1 1 0 0 0 
0 1 0 0 1 0 
0 0 1 1 0 0 
1 1 1 0 1 1 
;
TIMETABLE BEST: 
0.0 0.0 0.0 0.0 0.0 0.0 
14 14 0 0 0 0 
17 14 17 0 0 0 
17 17 17 0 0 0 
18 17 17 18 0 0 
18 18 17 18 0 0 
18 18 18 18 0 0 
24 18 18 18 24 0 
24 18 18 18 24 24 
24 24 18 18 24 24 
24 24 18 18 24 24 
24 24 24 18 24 24 
24 24 24 18 24 24 
24 24 24 24 24 24 
24 24 24 24 24 24 
24 24 24 24 24 24 
36 24 24 24 24 36 
36 36 24 24 24 36 
36 36 36 24 24 36 
36 36 36 36 24 36 
36 36 36 36 36 36 
36 36 36 36 45 45 
51 36 36 51 45 45 
51 51 36 51 45 45 
51 51 51 51 45 45 
51 51 51 51 51 45 
51 51 51 51 51 51 
51 51 51 62 62 51 
64 51 51 62 62 64 
64 64 51 62 62 64 
64 64 64 62 62 64 
64 64 64 64 62 64 
64 64 64 64 64 64 
64 64 73 64 64 73 
64 64 73 64 76 76 
79 64 73 79 76 76 
79 79 73 79 76 76 
79 79 79 79 76 76 
79 79 79 79 79 76 
79 79 79 79 79 79 
79 79 88 88 79 79 
90 79 88 88 79 90 
90 90 88 88 79 90 
90 90 90 88 79 90 
90 90 90 90 79 90 
90 90 90 90 90 90 
90 90 99 90 90 99 
90 102 99 102 90 99 
90 102 99 102 90 102 
90 102 99 102 103 103 
108 102 99 108 103 103 
108 102 99 108 108 103 
115 102 99 108 108 115 
115 115 99 108 108 115 
115 115 115 108 108 115 
115 115 115 115 108 115 
115 115 115 115 115 115 
115 115 124 115 115 124 
115 115 124 115 126 126 
115 127 124 115 126 127 
129 127 124 129 126 127 
129 129 124 129 126 127 
129 129 129 129 126 127 
129 129 129 129 129 127 
129 129 129 129 129 129 
129 129 138 138 129 129 
129 129 138 140 140 129 
129 141 138 141 140 129 
142 141 138 141 140 142 
142 142 138 141 140 142 
142 142 142 141 140 142 
142 142 142 142 140 142 
142 142 142 142 142 142 
142 142 151 142 142 151 
153 142 151 153 142 151 
153 153 151 153 142 151 
153 153 153 153 142 151 
153 153 153 153 153 151 
153 153 153 153 153 153 
153 153 162 162 153 153 
164 153 162 162 153 164 
164 164 162 162 153 164 
164 164 164 162 153 164 
164 164 164 164 164 164 
164 164 164 164 164 164 
164 164 164 164 164 164 
164 164 173 164 164 173 
164 164 173 175 164 175 
164 164 173 175 175 175 
164 176 173 175 175 176 
179 176 173 179 175 176 
179 176 173 179 175 179 
188 176 173 179 188 179 
188 188 173 188 188 179 
188 188 173 188 188 179 
188 188 173 188 188 188 
188 188 173 188 188 188 
188 188 190 190 188 188 
188 188 190 190 190 188 
188 188 190 190 190 190 
201 188 190 201 190 190 
201 201 190 201 190 190 
201 201 190 201 190 201 
201 201 190 201 190 201 
201 201 190 201 201 201 
201 201 190 201 201 201 
208 201 208 201 201 201 
213 201 208 201 213 201 
213 213 208 213 213 201 
213 213 208 213 213 213 
213 213 208 213 213 213 
213 213 208 226 213 226 
228 213 228 226 213 226 
228 213 228 228 213 226 
228 213 228 228 213 228 
228 228 228 228 213 228 
228 228 228 228 213 228 
228 228 237 228 237 228 
228 239 239 228 237 228 
241 239 239 241 237 228 
241 239 241 241 237 228 
248 239 241 241 237 248 
248 248 248 241 237 248 
248 248 248 241 237 248 
248 248 248 241 237 248 
248 248 248 248 237 248 
248 248 248 248 248 248 
259 248 248 259 248 248 
259 248 259 259 248 248 
259 248 259 259 248 259 
259 260 260 259 248 259 
259 260 260 259 248 260 
259 260 260 259 261 261 
272 260 260 272 261 261 
272 272 260 272 261 261 
272 272 272 272 261 261 
272 272 272 272 272 261 
272 272 272 272 272 272 
272 283 272 283 272 272 
272 283 272 283 283 283 
272 283 272 283 283 283 
286 283 272 286 283 283 
290 283 290 286 283 283 
290 283 290 290 283 283 
290 290 290 290 283 283 
290 290 290 290 283 290 
290 290 295 290 295 290 
290 290 295 295 295 290 
290 290 295 295 295 295 
290 299 299 295 295 295 
290 299 299 299 295 295 
301 299 301 299 295 295 
301 299 301 301 295 295 
308 299 301 301 295 308 
308 299 308 301 308 308 
308 299 308 301 308 308 
308 299 308 308 308 308 
308 299 308 308 308 308 
308 299 308 308 308 308 
308 311 311 308 308 308 
308 311 311 311 308 308 
318 311 311 311 308 318 
318 311 318 311 308 318 
318 311 318 318 308 318 
318 311 318 318 318 318 
318 323 323 318 318 318 
329 323 323 318 318 329 
329 323 329 318 329 329 
329 323 329 318 329 329 
329 323 329 329 329 329 
329 323 329 329 329 329 
329 323 329 329 329 329 
329 337 337 329 329 329 
329 337 337 337 329 329 
340 337 337 337 329 340 
340 337 340 337 329 340 
340 337 340 340 329 340 
342 337 340 340 342 340 
342 337 340 340 342 342 
352 337 352 340 342 342 
352 337 352 352 342 342 
352 337 352 352 352 342 
352 337 352 352 352 352 
352 355 355 352 352 352 
352 355 355 355 352 352 
363 355 355 355 352 363 
363 355 363 355 352 363 
363 355 365 355 365 363 
363 368 365 368 365 363 
363 368 368 368 365 363 
374 368 368 368 365 374 
374 368 374 368 365 374 
374 368 374 368 374 374 
374 383 383 368 374 374 
374 383 383 383 374 374 
384 383 383 383 374 384 
384 384 383 383 374 384 
384 384 384 383 374 384 
384 384 384 383 384 384 
396 384 396 383 384 384 
396 396 396 383 384 384 
396 396 396 396 384 384 
396 396 396 396 384 384 
396 396 396 396 384 396 
396 396 397 396 397 396 
396 396 406 396 397 406 
396 396 409 409 397 406 
410 410 409 409 397 406 
410 410 410 409 397 406 
410 410 410 410 397 406 
410 410 410 410 397 410 
420 410 410 410 397 420 
420 410 410 410 420 420 
422 410 422 410 420 420 
427 410 422 427 420 420 
427 427 422 427 420 420 
427 427 427 427 420 420 
427 427 427 427 427 420 
427 427 427 427 427 427 
427 427 427 437 427 437 
439 427 439 437 427 437 
439 427 439 439 427 437 
439 427 439 439 427 439 
439 427 439 440 440 439 
439 442 442 440 440 439 
439 442 442 442 440 439 
439 442 449 442 440 449 
439 442 449 451 451 449 
453 442 453 451 451 449 
453 442 453 453 451 449 
453 461 461 453 451 449 
453 461 461 461 451 449 
453 461 462 461 451 462 
453 461 462 462 451 462 
453 461 462 462 462 462 
464 461 464 462 462 462 
464 461 464 464 462 462 
464 461 464 464 473 473 
464 476 476 464 473 473 
464 476 476 464 473 476 
464 481 476 481 473 476 
488 481 488 481 473 476 
488 481 488 488 473 476 
488 481 488 488 493 493 
488 500 488 488 500 493 
488 500 500 500 500 493 
488 500 500 500 503 503 
507 507 500 500 503 503 
512 507 500 512 503 503 
512 507 512 512 503 503 
512 507 514 512 503 514 
512 507 514 514 503 514 
512 507 514 514 514 514 
522 522 514 514 514 514 
522 522 514 522 514 514 
525 522 514 522 514 525 
525 522 525 522 514 525 
525 522 525 525 514 525 
525 522 525 525 525 525 
525 537 525 525 525 537 
525 537 537 537 525 537 
525 537 537 537 538 538 
525 537 537 537 548 548 
525 552 537 537 548 552 
556 552 556 537 548 552 
556 552 556 537 548 556 
556 559 556 537 559 556 
556 559 559 537 559 556 
556 559 559 537 559 559 
556 559 561 561 559 559 
556 559 561 561 570 570 
556 574 574 561 570 570 
556 574 574 561 580 580 
556 574 574 561 591 591 
609 609 574 561 591 591 
609 609 609 561 591 591 
616 609 609 616 591 591 
621 621 609 616 591 591 
621 633 633 616 591 591 
621 634 633 616 634 591 
621 634 651 651 634 591 
692.0 660.0 687.0 651.0 689.0 697.0 
;
EXECUTION TIME HBSS: 2857.89611888 seconds 

-------------------------------------------------------------------
