DATFILE : bwopen0_8r_500.dat
ENVIRONMENT : bwopen
ALGORITHM : HBSS - TAU 3
RANGE : 500
STARTING_POS : 0
N_ROBOTS : 8
GREEDY SOLUTION : [ 2124.]
COMPUTATIONS D :
2066
2062
2332
2376
2184
2238
2140
2204
2322
2112
2230
2270
2252
2324
2178
2104
2316
2194
2342
2208
2134
2310
2348
2372
2206
2366
2322
2044
2278
2044
2220
2202
2070
2148
2016
2388
2342
2456
2296
2432
2270
2066
2096
2108
2074
2152
2338
2090
2220
2248
2104
2148
2084
2194
2458
2258
2202
2148
2150
2202
2318
2342
2068
2272
2304
2108
2336
2204
2108
1978
2374
2118
2220
2222
2286
2240
2196
2416
2094
2200
2302
2376
1950
2286
2256
2304
2290
2250
2166
2144
2106
2134
2242
2242
2212
2160
2184
2064
2152
2222
2200
2234
2294
2224
2450
2250
2254
2058
2260
2188
2312
2154
2162
2528
2166
2190
2174
2160
2074
2126
2066
2258
2002
2208
2062
2334
2140
2516
2072
2300
2170
2128
2080
2218
2282
2466
2218
2378
2148
2396
2358
2296
2272
2158
2052
2328
2162
2112
2344
2376
2332
2304
2246
2166
2200
2160
2322
1998
2212
2074
2054
2242
2286
2118
2058
2006
2356
2250
2154
2142
2156
2202
2350
2310
2170
2298
2304
2280
2030
2164
2238
2242
1982
2152
2266
2260
2062
2382
2216
2052
2304
2266
2240
2166
1988
2146
2186
2336
2134
2286
;
HBBS sumD : 1950
BEST_CONFIGURATIONS : 
0 0 0 0 0 0 0 0 
0 0 4 0 0 0 0 0 
0 26 4 0 0 0 0 0 
0 26 4 1 0 0 0 0 
0 26 4 1 5 0 0 0 
0 26 4 1 5 22 0 0 
0 26 4 1 5 22 0 8 
4 26 4 1 5 22 0 8 
4 26 4 1 5 22 0 8 
4 26 4 27 5 22 0 8 
4 26 4 27 5 22 1 8 
4 26 4 27 5 22 1 8 
4 26 4 27 5 22 1 8 
4 26 4 27 5 22 1 8 
4 26 4 27 5 22 1 8 
4 26 4 27 5 22 1 8 
4 26 4 27 5 22 1 8 
4 26 4 27 5 22 1 8 
4 26 4 27 5 22 1 8 
4 26 4 27 5 22 1 8 
4 26 4 27 5 22 1 8 
4 26 4 27 5 22 1 8 
4 26 4 27 5 22 1 8 
4 26 4 27 5 22 1 8 
4 26 4 27 5 22 1 8 
4 26 4 27 5 22 2 8 
4 26 4 27 5 22 2 13 
4 26 4 27 5 22 2 13 
4 26 4 27 5 22 2 13 
4 26 4 27 5 22 2 13 
4 26 4 27 5 22 2 13 
4 26 4 27 9 22 2 13 
8 26 4 27 9 22 2 13 
8 26 4 27 9 22 2 13 
8 26 4 27 9 22 2 13 
8 26 4 27 9 22 2 13 
8 5 4 27 9 22 2 13 
8 5 4 27 9 22 2 17 
8 5 4 27 9 22 2 17 
8 5 0 27 9 22 2 17 
13 5 0 27 9 22 2 17 
13 5 0 27 9 22 2 17 
13 5 0 27 9 22 2 17 
13 5 0 27 9 22 2 17 
13 5 0 27 9 22 2 17 
13 5 0 27 9 22 2 17 
13 5 0 27 9 22 2 17 
13 5 0 27 9 22 2 17 
13 5 0 27 9 22 2 17 
13 5 0 27 9 8 2 17 
13 1 0 27 9 8 2 17 
13 1 0 27 9 8 2 17 
13 1 0 27 9 8 2 17 
25 1 0 27 9 8 2 17 
25 1 0 27 9 8 2 17 
25 1 0 27 9 8 2 17 
25 1 0 27 9 8 24 17 
25 1 0 27 9 8 24 17 
25 1 0 27 9 8 24 17 
25 1 0 27 9 8 24 17 
25 1 0 10 9 8 24 17 
25 1 0 10 9 8 24 17 
25 1 0 10 14 8 24 17 
25 1 0 10 14 13 24 17 
25 1 26 10 14 13 24 17 
25 1 26 10 14 13 24 17 
25 1 26 10 14 13 24 17 
25 1 26 10 14 13 24 17 
25 1 26 10 14 13 24 17 
25 1 26 10 14 13 24 17 
25 1 26 10 14 13 24 17 
25 1 26 10 14 13 24 17 
25 1 26 10 14 13 24 17 
25 1 26 10 14 13 24 17 
25 1 26 10 14 13 24 17 
25 1 26 10 14 13 24 17 
25 1 26 10 14 13 24 17 
25 1 26 10 14 13 24 17 
25 1 5 10 14 13 24 17 
25 1 5 10 14 13 24 17 
25 1 5 10 14 13 24 17 
25 1 5 10 14 13 24 18 
25 1 5 10 14 13 24 18 
25 1 5 10 14 13 24 18 
25 1 5 10 14 13 24 18 
25 1 5 10 14 13 24 18 
25 1 5 10 14 13 6 18 
25 1 5 10 14 13 6 18 
25 1 5 10 14 13 6 18 
25 1 5 15 14 13 6 18 
18 1 5 15 14 13 6 18 
18 1 5 15 14 13 6 18 
18 1 9 15 14 13 6 18 
18 1 9 15 14 13 6 18 
18 27 9 15 14 13 6 18 
18 27 9 15 14 17 6 18 
18 27 9 15 14 17 6 18 
18 27 9 15 14 17 6 18 
18 27 9 15 14 17 6 18 
18 27 9 15 14 17 6 18 
18 27 9 15 14 17 6 18 
18 27 9 15 14 17 6 18 
18 27 9 15 14 17 6 18 
18 27 9 15 14 17 6 18 
18 9 9 15 14 17 6 18 
18 9 9 15 14 17 6 18 
18 9 9 15 14 17 6 18 
18 9 9 15 14 17 6 18 
18 9 9 15 14 25 6 18 
18 9 9 15 14 25 6 18 
18 9 9 15 10 25 6 18 
18 9 9 15 10 25 6 18 
18 9 9 15 10 25 6 18 
18 9 9 15 10 25 6 18 
18 9 9 15 10 25 6 18 
18 9 9 15 10 25 6 18 
18 9 9 15 10 25 6 18 
18 9 9 15 10 25 24 18 
18 9 9 15 10 25 24 18 
18 9 9 15 10 25 24 19 
18 9 9 15 10 25 24 19 
18 9 9 15 10 25 24 19 
18 9 9 15 10 25 24 19 
19 9 9 15 10 25 24 19 
19 9 9 15 10 25 24 19 
19 9 9 15 10 13 24 19 
19 9 9 15 10 13 24 19 
19 9 9 15 10 13 24 19 
19 9 9 14 10 13 24 19 
19 9 9 14 10 13 24 19 
19 9 9 14 10 13 24 19 
19 9 9 14 10 13 24 19 
19 9 9 14 10 13 24 19 
19 27 9 14 10 13 24 19 
19 27 9 14 10 13 24 19 
19 27 27 14 10 13 24 19 
19 27 27 14 10 13 24 19 
19 27 27 14 10 13 6 19 
19 27 27 14 10 8 6 19 
20 27 27 14 10 8 6 19 
20 27 27 14 10 8 6 19 
20 27 27 14 10 8 6 19 
20 27 27 14 11 8 6 19 
20 27 27 14 11 8 6 19 
20 27 27 14 11 8 6 19 
20 27 27 14 11 8 6 19 
20 27 27 14 11 8 6 19 
20 27 27 14 11 8 6 19 
20 27 27 14 11 8 6 19 
20 2 27 14 11 8 6 19 
20 2 27 14 11 8 21 19 
23 2 27 14 11 8 21 19 
23 2 27 18 11 8 21 19 
23 2 27 18 11 8 21 19 
23 2 27 18 11 8 21 20 
23 2 27 18 11 8 21 20 
23 2 27 18 11 8 21 20 
23 2 27 18 11 8 21 20 
23 2 27 18 11 8 21 20 
23 2 27 18 11 22 21 20 
23 2 9 18 11 22 21 20 
23 2 9 18 11 22 21 20 
23 2 9 18 11 22 21 20 
23 2 9 25 11 22 21 20 
23 2 9 25 11 22 21 20 
23 2 9 25 11 22 21 20 
23 2 9 25 11 22 21 20 
23 2 9 25 11 22 21 20 
23 2 9 25 11 22 21 20 
23 2 9 25 11 22 21 23 
23 2 9 25 11 22 21 23 
23 2 9 25 11 22 21 23 
23 2 9 25 11 22 21 23 
23 2 9 25 11 22 21 23 
23 2 9 25 11 22 21 23 
23 2 9 25 11 22 21 23 
23 2 10 25 11 22 21 23 
23 2 10 25 11 22 3 23 
16 2 10 25 11 22 3 23 
16 2 10 25 11 26 3 23 
16 2 10 25 24 26 3 23 
16 2 10 25 24 26 3 23 
16 2 10 25 24 26 3 23 
16 2 10 25 24 26 3 23 
16 2 10 25 24 26 3 23 
16 2 10 25 24 26 3 23 
16 6 10 25 24 26 3 23 
16 6 10 25 24 26 3 23 
16 6 10 25 24 26 3 23 
16 6 10 25 24 26 3 20 
16 6 10 25 24 26 3 20 
16 6 10 25 24 26 3 20 
16 6 10 25 24 4 3 20 
16 6 10 14 24 4 3 20 
16 6 10 14 24 4 3 20 
16 6 10 14 24 4 3 20 
16 6 10 14 24 4 3 20 
16 6 10 14 24 4 3 20 
16 6 10 14 24 4 3 20 
16 6 10 14 24 4 3 20 
16 6 10 14 24 4 3 20 
16 6 10 14 24 4 3 20 
16 6 10 14 24 4 3 20 
12 6 10 14 24 4 3 20 
12 6 15 14 24 4 3 20 
12 6 15 14 24 4 3 20 
12 6 15 14 24 4 21 20 
12 6 15 14 24 4 21 20 
12 6 15 14 24 4 21 20 
12 6 15 14 24 4 21 20 
12 6 15 14 24 4 21 20 
12 6 15 14 24 4 21 20 
12 6 15 14 24 4 21 23 
12 6 15 14 24 4 21 23 
12 11 15 14 24 4 21 23 
12 11 15 14 24 4 21 23 
12 11 15 14 24 4 21 23 
12 11 15 14 10 4 21 23 
12 11 15 14 10 4 21 23 
12 11 15 14 10 4 21 23 
12 11 15 14 10 4 21 23 
12 11 15 14 10 4 21 23 
12 11 15 18 10 4 21 23 
12 11 15 18 10 4 21 16 
12 11 15 18 10 4 21 16 
12 11 15 18 10 4 21 16 
12 11 15 18 10 26 21 16 
12 11 15 18 10 26 21 16 
12 11 15 18 10 26 21 16 
12 11 15 18 10 26 7 16 
12 11 15 18 10 26 7 16 
12 11 15 18 10 26 7 16 
12 11 15 18 9 26 7 16 
12 11 15 18 9 26 7 16 
12 11 15 18 9 5 7 16 
12 11 15 18 9 5 7 16 
12 11 19 18 9 5 7 16 
12 11 19 18 9 5 7 16 
12 11 19 18 9 5 7 16 
12 11 19 18 9 5 7 16 
12 11 19 18 9 5 3 16 
12 11 19 18 27 5 3 16 
12 11 19 18 27 5 3 16 
12 11 19 18 27 5 3 16 
7 11 19 18 27 5 3 23 
7 11 19 18 27 5 3 23 
7 11 19 17 27 5 3 23 
7 11 19 17 27 5 3 23 
7 11 19 17 27 5 3 23 
7 6 19 17 27 5 3 23 
7 6 19 17 27 5 3 23 
7 6 19 17 27 5 3 23 
7 6 19 17 27 5 3 20 
7 6 19 17 27 5 3 20 
7 6 19 17 27 5 3 20 
21 6 19 17 27 5 3 20 
21 6 19 17 27 5 3 20 
21 6 19 17 27 22 3 20 
21 6 19 17 27 22 3 20 
21 6 19 17 27 22 3 20 
21 6 19 17 27 26 3 20 
21 6 19 8 27 26 3 20 
21 6 19 8 1 26 3 20 
21 6 19 8 1 26 3 20 
21 6 19 8 1 26 7 20 
11 6 19 8 1 26 7 20 
11 24 19 8 1 26 7 20 
11 24 19 8 1 26 7 20 
11 24 15 8 1 26 7 20 
11 24 15 8 1 26 7 20 
11 24 15 8 1 22 7 20 
11 9 15 8 1 22 7 20 
11 9 15 22 1 22 7 20 
11 9 15 22 2 22 7 20 
11 9 15 22 2 22 7 20 
11 9 10 22 2 22 7 20 
11 9 10 22 2 22 3 20 
11 14 10 22 2 22 3 20 
11 14 10 22 2 22 3 12 
6 14 10 22 2 22 3 12 
6 14 10 22 2 0 3 12 
0 0 0 0 0 0 0 0 
;
ROBOT MOVING BEST:
0 0 0 0 0 0 0 0 
1 0 1 0 0 0 0 0 
1 1 0 0 0 0 0 0 
1 0 0 1 0 0 0 0 
1 0 0 0 1 0 0 0 
1 0 0 0 0 1 0 0 
1 0 0 0 0 0 0 1 
1 1 0 0 0 0 0 0 
1 0 0 1 0 0 0 0 
0 0 0 1 0 0 1 0 
0 1 0 0 0 0 1 0 
1 0 0 0 1 0 0 0 
1 0 0 0 0 1 0 0 
1 0 0 0 0 0 0 1 
0 1 0 0 0 1 0 0 
0 1 0 0 1 0 0 0 
0 0 0 0 0 1 1 0 
0 0 0 0 1 0 1 0 
0 1 0 0 0 0 0 1 
0 0 0 0 0 0 1 1 
1 0 0 1 0 0 0 0 
0 0 0 0 1 1 0 0 
0 1 0 1 0 0 0 0 
0 0 0 0 1 0 0 1 
0 0 0 0 0 1 0 1 
1 0 0 0 0 0 1 0 
0 0 1 0 0 0 0 1 
0 1 0 0 0 0 1 0 
0 1 0 0 0 0 0 1 
0 0 0 1 1 0 0 0 
0 0 0 1 0 1 0 0 
0 0 1 0 1 0 0 0 
1 0 0 1 0 0 0 0 
0 1 0 0 1 0 0 0 
0 0 0 0 0 1 0 1 
0 0 0 0 0 1 1 0 
0 1 0 0 0 0 1 0 
0 0 1 0 0 0 0 1 
1 0 0 0 0 0 1 0 
0 0 1 0 0 0 1 0 
1 1 0 0 0 0 0 0 
0 0 0 0 1 1 0 0 
1 0 1 0 0 0 0 0 
0 0 0 1 0 0 1 0 
0 1 0 0 1 0 0 0 
1 0 0 1 0 0 0 0 
0 0 1 0 1 0 0 0 
0 0 0 0 0 1 0 1 
0 1 0 0 0 0 0 1 
1 0 0 0 0 1 0 0 
0 1 0 1 0 0 0 0 
0 0 1 0 0 0 0 1 
0 0 0 1 1 0 0 0 
1 0 1 0 0 0 0 0 
0 1 0 0 0 0 1 0 
0 0 0 0 1 1 0 0 
0 0 1 0 0 0 1 0 
0 0 0 1 0 0 0 1 
1 0 0 1 0 0 0 0 
0 0 0 0 0 1 0 1 
0 0 1 1 0 0 0 0 
1 0 0 0 0 1 0 0 
0 0 1 0 1 0 0 0 
0 1 0 0 0 1 0 0 
0 0 1 0 0 0 0 1 
1 1 0 0 0 0 0 0 
1 0 1 0 0 0 0 0 
0 0 0 0 0 1 0 1 
0 1 0 0 0 0 1 0 
1 0 0 0 0 1 0 0 
0 0 1 0 0 0 1 0 
1 0 0 0 0 0 0 1 
0 1 0 1 0 0 0 0 
0 0 1 1 0 0 0 0 
0 1 0 0 1 0 0 0 
0 0 0 0 0 1 1 0 
0 0 1 0 1 0 0 0 
0 0 0 0 0 0 1 1 
1 0 1 0 0 0 0 0 
0 0 0 1 0 1 0 0 
0 0 0 1 0 0 0 1 
0 1 0 0 0 0 0 1 
1 0 0 0 0 0 1 0 
0 0 1 0 0 0 1 0 
0 0 0 0 1 1 0 0 
1 0 0 1 0 0 0 0 
0 1 0 0 0 0 1 0 
1 0 0 0 1 0 0 0 
0 0 1 1 0 0 0 0 
0 1 0 1 0 0 0 0 
1 0 0 0 0 1 0 0 
0 0 1 0 1 0 0 0 
0 1 1 0 0 0 0 0 
0 0 0 1 0 1 0 0 
0 1 0 0 1 0 0 0 
0 0 0 0 1 1 0 0 
0 1 0 0 0 0 0 1 
1 0 0 0 0 1 0 0 
1 0 0 0 1 0 0 0 
0 1 0 0 0 0 1 0 
0 1 0 1 0 0 0 0 
0 0 0 1 0 1 0 0 
0 0 0 0 1 0 1 0 
0 0 0 1 1 0 0 0 
0 1 0 0 0 1 0 0 
1 0 0 1 0 0 0 0 
0 1 0 0 1 0 0 0 
1 0 0 0 0 0 1 0 
0 0 0 0 0 1 0 1 
1 1 0 0 0 0 0 0 
1 0 0 0 1 0 0 0 
0 0 0 1 0 0 1 0 
0 0 0 0 0 1 1 0 
0 0 0 1 0 1 0 0 
0 1 0 1 0 0 0 0 
0 1 0 0 0 0 1 0 
0 1 0 0 0 1 0 0 
1 0 0 0 0 0 1 0 
0 0 0 1 1 0 0 0 
1 0 0 0 0 0 0 1 
0 1 0 0 1 0 0 0 
0 0 0 1 0 0 1 0 
0 1 0 0 0 0 1 0 
1 0 0 1 0 0 0 0 
1 0 0 0 0 1 0 0 
0 1 0 0 0 1 0 0 
1 1 0 0 0 0 0 0 
0 0 0 0 1 0 1 0 
0 0 0 1 1 0 0 0 
1 0 0 0 1 0 0 0 
0 0 0 1 0 0 0 1 
0 0 0 1 0 0 1 0 
1 0 0 0 0 0 1 0 
0 1 0 0 1 0 0 0 
1 0 0 0 0 1 0 0 
0 0 1 0 0 0 1 0 
1 1 0 0 0 0 0 0 
0 0 0 0 1 0 1 0 
0 0 0 0 1 1 0 0 
1 0 0 0 1 0 0 0 
0 0 0 1 0 1 0 0 
0 0 0 0 0 0 1 1 
0 0 0 1 1 0 0 0 
1 0 0 1 0 0 0 0 
1 0 0 0 0 0 0 1 
0 0 0 0 1 0 0 1 
0 0 0 0 0 1 0 1 
1 1 0 0 0 0 0 0 
0 1 0 0 1 0 0 0 
0 1 0 1 0 0 0 0 
0 0 0 1 0 0 1 0 
1 0 0 1 0 0 0 0 
0 0 0 1 0 1 0 0 
0 1 0 0 0 0 0 1 
0 0 0 1 0 0 0 1 
0 0 0 1 1 0 0 0 
0 0 0 0 1 0 0 1 
0 0 1 0 0 0 1 0 
1 0 0 1 0 0 0 0 
0 0 0 1 0 1 0 0 
0 0 1 0 0 0 0 1 
0 0 1 0 1 0 0 0 
0 0 0 0 0 0 1 1 
0 0 0 1 0 0 0 1 
0 1 0 0 1 0 0 0 
0 0 0 1 1 0 0 0 
0 0 0 0 1 0 1 0 
1 0 0 0 0 0 0 1 
0 0 0 0 1 1 0 0 
0 0 0 0 1 0 0 1 
0 1 1 0 0 0 0 0 
0 0 1 0 0 0 1 0 
1 0 1 0 0 0 0 0 
0 1 0 0 0 0 1 0 
1 0 0 0 0 0 1 0 
0 0 0 1 0 1 0 0 
0 0 1 0 1 0 0 0 
0 0 0 0 1 0 1 0 
1 0 0 0 1 0 0 0 
0 0 0 0 1 1 0 0 
0 1 0 0 1 0 0 0 
0 1 1 0 0 0 0 0 
0 0 0 0 1 0 0 1 
0 1 0 0 0 0 1 0 
0 0 1 0 0 0 0 1 
0 0 0 0 0 0 1 1 
0 1 0 0 0 0 0 1 
1 0 0 0 0 0 0 1 
0 0 0 0 1 0 1 0 
0 0 0 0 1 0 0 1 
1 0 0 0 1 0 0 0 
0 0 1 0 0 0 1 0 
0 0 0 1 0 1 0 0 
1 0 0 1 0 0 0 0 
0 0 0 0 0 0 1 1 
1 0 1 0 0 0 0 0 
0 1 0 0 0 0 0 1 
1 0 0 0 0 0 0 1 
0 0 0 0 1 1 0 0 
1 0 0 0 0 0 1 0 
0 1 0 0 1 0 0 0 
0 1 0 0 0 0 1 0 
1 1 0 0 0 0 0 0 
1 0 0 0 1 0 0 0 
0 0 1 0 0 0 1 0 
0 0 1 0 0 0 0 1 
0 0 0 0 1 0 1 0 
1 0 0 0 0 0 0 1 
0 0 0 1 0 1 0 0 
1 1 0 0 0 0 0 0 
0 1 0 0 0 1 0 0 
0 1 0 0 0 0 1 0 
0 0 1 0 0 0 0 1 
1 0 0 0 0 0 0 1 
0 1 0 0 1 0 0 0 
0 0 1 0 0 1 0 0 
1 0 1 0 0 0 0 0 
0 0 0 0 1 1 0 0 
0 0 1 0 0 0 1 0 
1 0 0 0 1 0 0 0 
0 0 0 0 1 0 1 0 
1 0 0 0 0 0 1 0 
0 0 0 1 0 1 0 0 
0 0 1 0 0 0 0 1 
1 0 0 0 0 0 0 1 
0 0 0 0 0 0 1 1 
0 0 1 0 0 1 0 0 
0 1 1 0 0 0 0 0 
1 1 0 0 0 0 0 0 
0 0 1 0 0 0 1 0 
1 0 0 0 0 0 1 0 
0 0 0 0 1 0 1 0 
1 0 0 0 1 0 0 0 
0 0 0 1 0 1 0 0 
0 0 1 0 0 1 0 0 
0 0 0 0 0 0 1 1 
1 0 1 0 0 0 0 0 
0 1 0 0 0 0 1 0 
0 0 0 1 0 1 0 0 
0 0 0 0 1 0 0 1 
1 0 0 0 0 0 1 0 
1 0 0 0 1 0 0 0 
0 1 0 0 0 1 0 0 
0 0 1 0 0 0 0 1 
1 0 0 0 0 0 0 1 
1 0 1 0 0 0 0 0 
0 0 1 1 0 0 0 0 
0 0 1 0 0 1 0 0 
0 0 1 0 0 0 0 1 
1 1 0 0 0 0 0 0 
1 0 0 0 0 0 1 0 
1 0 0 0 1 0 0 0 
1 0 0 0 0 0 0 1 
0 1 0 0 0 1 0 0 
0 0 0 0 1 0 1 0 
1 0 0 0 0 1 0 0 
1 0 1 0 0 0 0 0 
0 0 1 0 0 1 0 0 
1 0 0 0 0 0 1 0 
0 1 0 0 0 1 0 0 
0 1 0 0 0 1 0 0 
0 1 0 1 0 0 0 0 
0 0 0 0 1 0 1 0 
1 0 0 0 1 0 0 0 
1 0 0 0 0 0 1 0 
1 1 0 0 0 0 0 0 
0 1 0 1 0 0 0 0 
0 1 0 0 0 0 1 0 
0 0 1 1 0 0 0 0 
1 0 0 0 1 0 0 0 
0 1 0 0 0 1 0 0 
0 1 0 0 0 0 1 0 
0 0 1 1 0 0 0 0 
0 0 0 0 1 0 1 0 
0 0 1 0 1 0 0 0 
0 0 1 0 0 1 0 0 
0 1 0 0 0 0 1 0 
0 1 0 0 0 1 0 0 
0 0 0 0 1 0 0 1 
1 0 0 0 1 0 0 0 
1 0 0 0 0 1 0 0 
1 1 1 1 1 0 1 1 
;
TIMETABLE BEST: 
0.0 0.0 0.0 0.0 0.0 0.0 0.0 0.0 
0 0 14 0 0 0 0 0 
0 17 14 0 0 0 0 0 
0 17 14 18 0 0 0 0 
0 17 14 18 24 0 0 0 
0 17 14 18 24 24 0 0 
0 17 14 18 24 24 0 26 
14 17 14 18 24 24 0 26 
14 17 14 18 24 24 0 26 
14 17 14 33 24 24 0 26 
14 17 14 33 24 24 18 26 
14 17 14 33 24 24 18 26 
14 17 14 33 24 24 18 26 
14 17 14 33 24 24 18 26 
14 17 14 33 24 24 18 26 
14 17 14 33 24 24 18 26 
14 17 14 33 24 24 18 26 
14 17 14 33 24 24 18 26 
14 17 14 33 24 24 18 26 
14 17 14 33 24 24 18 26 
14 17 14 33 24 24 18 26 
14 17 14 33 24 24 18 26 
14 17 14 33 24 24 18 26 
14 17 14 33 24 24 18 26 
14 17 14 33 24 24 18 26 
14 17 14 33 24 24 38 26 
14 17 14 33 24 24 38 39 
14 17 14 33 24 24 38 39 
14 17 14 33 24 24 38 39 
14 17 14 33 24 24 38 39 
14 17 14 33 24 24 38 39 
14 17 14 33 46 24 38 39 
28 17 14 33 46 24 38 39 
28 17 14 33 46 24 38 39 
28 17 14 33 46 24 38 39 
28 17 14 33 46 24 38 39 
28 26 14 33 46 24 38 39 
28 26 14 33 46 24 38 50 
28 26 14 33 46 24 38 50 
28 26 28 33 46 24 38 50 
41 26 28 33 46 24 38 50 
41 26 28 33 46 24 38 50 
41 26 28 33 46 24 38 50 
41 26 28 33 46 24 38 50 
41 26 28 33 46 24 38 50 
41 26 28 33 46 24 38 50 
41 26 28 33 46 24 38 50 
41 26 28 33 46 24 38 50 
41 26 28 33 46 24 38 50 
41 26 28 33 46 36 38 50 
41 44 28 33 46 36 38 50 
41 44 28 33 46 36 38 50 
41 44 28 33 46 36 38 50 
54 44 28 33 46 36 38 50 
54 44 28 33 46 36 38 50 
54 44 28 33 46 36 38 50 
54 44 28 33 46 36 57 50 
54 44 28 33 46 36 57 50 
54 44 28 33 46 36 57 50 
54 44 28 33 46 36 57 50 
54 44 28 60 46 36 57 50 
54 44 28 60 46 36 57 50 
54 44 28 60 62 36 57 50 
54 44 28 60 62 49 57 50 
54 44 45 60 62 49 57 50 
54 44 45 60 62 49 57 50 
54 44 45 60 62 49 57 50 
54 44 45 60 62 49 57 50 
54 44 45 60 62 49 57 50 
54 44 45 60 62 49 57 50 
54 44 45 60 62 49 57 50 
54 44 45 60 62 49 57 50 
54 44 45 60 62 49 57 50 
54 44 45 60 62 49 57 50 
54 44 45 60 62 49 57 50 
54 44 45 60 62 49 57 50 
54 44 45 60 62 49 57 50 
54 44 45 60 62 49 57 50 
54 44 54 60 62 49 57 50 
54 44 54 60 62 49 57 50 
54 44 54 60 62 49 57 50 
54 44 54 60 62 49 57 67 
54 44 54 60 62 49 57 67 
54 44 54 60 62 49 57 67 
54 44 54 60 62 49 57 67 
54 44 54 60 62 49 57 67 
54 44 54 60 62 49 70 67 
54 44 54 60 62 49 70 67 
54 44 54 60 62 49 70 67 
54 44 54 71 62 49 70 67 
67 44 54 71 62 49 70 67 
67 44 54 71 62 49 70 67 
67 44 76 71 62 49 70 67 
67 44 76 71 62 49 70 67 
67 59 76 71 62 49 70 67 
67 59 76 71 62 60 70 67 
67 59 76 71 62 60 70 67 
67 59 76 71 62 60 70 67 
67 59 76 71 62 60 70 67 
67 59 76 71 62 60 70 67 
67 59 76 71 62 60 70 67 
67 59 76 71 62 60 70 67 
67 59 76 71 62 60 70 67 
67 59 76 71 62 60 70 67 
67 74 76 71 62 60 70 67 
67 74 76 71 62 60 70 67 
67 74 76 71 62 60 70 67 
67 74 76 71 62 60 70 67 
67 74 76 71 62 72 70 67 
67 74 76 71 62 72 70 67 
67 74 76 71 80 72 70 67 
67 74 76 71 80 72 70 67 
67 74 76 71 80 72 70 67 
67 74 76 71 80 72 70 67 
67 74 76 71 80 72 70 67 
67 74 76 71 80 72 70 67 
67 74 76 71 80 72 70 67 
67 74 76 71 80 72 83 67 
67 74 76 71 80 72 83 67 
67 74 76 71 80 72 83 87 
67 74 76 71 80 72 83 87 
67 74 76 71 80 72 83 87 
67 74 76 71 80 72 83 87 
87 74 76 71 80 72 83 87 
87 74 76 71 80 72 83 87 
87 74 76 71 80 85 83 87 
87 74 76 71 80 85 83 87 
87 74 76 71 80 85 83 87 
87 74 76 84 80 85 83 87 
87 74 76 84 80 85 83 87 
87 74 76 84 80 85 83 87 
87 74 76 84 80 85 83 87 
87 74 76 84 80 85 83 87 
87 89 76 84 80 85 83 87 
87 89 76 84 80 85 83 87 
87 89 91 84 80 85 83 87 
87 89 91 84 80 85 83 87 
87 89 91 84 80 85 96 87 
87 89 91 84 80 98 96 87 
100 89 91 84 80 98 96 87 
100 89 91 84 80 98 96 87 
100 89 91 84 80 98 96 87 
100 89 91 84 101 98 96 87 
100 89 91 84 101 98 96 87 
100 89 91 84 101 98 96 87 
100 89 91 84 101 98 96 87 
100 89 91 84 101 98 96 87 
100 89 91 84 101 98 96 87 
100 89 91 84 101 98 96 87 
100 108 91 84 101 98 96 87 
100 108 91 84 101 98 108 87 
110 108 91 84 101 98 108 87 
110 108 91 95 101 98 108 87 
110 108 91 95 101 98 108 87 
110 108 91 95 101 98 108 100 
110 108 91 95 101 98 108 100 
110 108 91 95 101 98 108 100 
110 108 91 95 101 98 108 100 
110 108 91 95 101 98 108 100 
110 108 91 95 101 110 108 100 
110 108 106 95 101 110 108 100 
110 108 106 95 101 110 108 100 
110 108 106 95 101 110 108 100 
110 108 106 108 101 110 108 100 
110 108 106 108 101 110 108 100 
110 108 106 108 101 110 108 100 
110 108 106 108 101 110 108 100 
110 108 106 108 101 110 108 100 
110 108 106 108 101 110 108 100 
110 108 106 108 101 110 108 110 
110 108 106 108 101 110 108 110 
110 108 106 108 101 110 108 110 
110 108 106 108 101 110 108 110 
110 108 106 108 101 110 108 110 
110 108 106 108 101 110 108 110 
110 108 106 108 101 110 108 110 
110 108 120 108 101 110 108 110 
110 108 120 108 101 110 120 110 
121 108 120 108 101 110 120 110 
121 108 120 108 101 121 120 110 
121 108 120 108 119 121 120 110 
121 108 120 108 119 121 120 110 
121 108 120 108 119 121 120 110 
121 108 120 108 119 121 120 110 
121 108 120 108 119 121 120 110 
121 108 120 108 119 121 120 110 
121 126 120 108 119 121 120 110 
121 126 120 108 119 121 120 110 
121 126 120 108 119 121 120 110 
121 126 120 108 119 121 120 120 
121 126 120 108 119 121 120 120 
121 126 120 108 119 121 120 120 
121 126 120 108 119 132 120 120 
121 126 120 124 119 132 120 120 
121 126 120 124 119 132 120 120 
121 126 120 124 119 132 120 120 
121 126 120 124 119 132 120 120 
121 126 120 124 119 132 120 120 
121 126 120 124 119 132 120 120 
121 126 120 124 119 132 120 120 
121 126 120 124 119 132 120 120 
121 126 120 124 119 132 120 120 
121 126 120 124 119 132 120 120 
132 126 120 124 119 132 120 120 
132 126 131 124 119 132 120 120 
132 126 131 124 119 132 120 120 
132 126 131 124 119 132 132 120 
132 126 131 124 119 132 132 120 
132 126 131 124 119 132 132 120 
132 126 131 124 119 132 132 120 
132 126 131 124 119 132 132 120 
132 126 131 124 119 132 132 120 
132 126 131 124 119 132 132 130 
132 126 131 124 119 132 132 130 
132 143 131 124 119 132 132 130 
132 143 131 124 119 132 132 130 
132 143 131 124 119 132 132 130 
132 143 131 124 132 132 132 130 
132 143 131 124 132 132 132 130 
132 143 131 124 132 132 132 130 
132 143 131 124 132 132 132 130 
132 143 131 124 132 132 132 130 
132 143 131 135 132 132 132 130 
132 143 131 135 132 132 132 141 
132 143 131 135 132 132 132 141 
132 143 131 135 132 132 132 141 
132 143 131 135 132 143 132 141 
132 143 131 135 132 143 132 141 
132 143 131 135 132 143 132 141 
132 143 131 135 132 143 144 141 
132 143 131 135 132 143 144 141 
132 143 131 135 132 143 144 141 
132 143 131 135 146 143 144 141 
132 143 131 135 146 143 144 141 
132 143 131 135 146 152 144 141 
132 143 131 135 146 152 144 141 
132 143 155 135 146 152 144 141 
132 143 155 135 146 152 144 141 
132 143 155 135 146 152 144 141 
132 143 155 135 146 152 144 141 
132 143 155 135 146 152 160 141 
132 143 155 135 161 152 160 141 
132 143 155 135 161 152 160 141 
132 143 155 135 161 152 160 141 
150 143 155 135 161 152 160 152 
150 143 155 135 161 152 160 152 
150 143 155 152 161 152 160 152 
150 143 155 152 161 152 160 152 
150 143 155 152 161 152 160 152 
150 160 155 152 161 152 160 152 
150 160 155 152 161 152 160 152 
150 160 155 152 161 152 160 152 
150 160 155 152 161 152 160 162 
150 160 155 152 161 152 160 162 
150 160 155 152 161 152 160 162 
162 160 155 152 161 152 160 162 
162 160 155 152 161 152 160 162 
162 160 155 152 161 164 160 162 
162 160 155 152 161 164 160 162 
162 160 155 152 161 164 160 162 
162 160 155 152 161 175 160 162 
162 160 155 176 161 175 160 162 
162 160 155 176 176 175 160 162 
162 160 155 176 176 175 160 162 
162 160 155 176 176 175 176 162 
181 160 155 176 176 175 176 162 
181 173 155 176 176 175 176 162 
181 173 155 176 176 175 176 162 
181 173 179 176 176 175 176 162 
181 173 179 176 176 175 176 162 
181 173 179 176 176 186 176 162 
181 188 179 176 176 186 176 162 
181 188 179 188 176 186 176 162 
181 188 179 188 196 186 176 162 
181 188 179 188 196 186 176 162 
181 188 190 188 196 186 176 162 
181 188 190 188 196 186 192 162 
181 204 190 188 196 186 192 162 
181 204 190 188 196 186 192 194 
198 204 190 188 196 186 192 194 
198 204 190 188 196 210 192 194 
252.0 258.0 250.0 212.0 232.0 210.0 250.0 286.0 
;
EXECUTION TIME HBSS: 5078.63291788 seconds 

-------------------------------------------------------------------
