DATFILE : bwopen0_2r_500.dat
ENVIRONMENT : bwopen
ALGORITHM : HBSS - TAU 4
RANGE : 500
STARTING_POS : 0
N_ROBOTS : 2
GREEDY SOLUTION : 3745.0
COMPUTATIONS T :
3666.0
3786.0
3934.0
3745.0
3732.0
3838.0
3730.0
3799.0
3833.0
3704.0
3720.0
3826.0
3791.0
3820.0
3781.0
3766.0
3726.0
3804.0
3816.0
3758.0
3702.0
3752.0
3785.0
3764.0
3809.0
3795.0
3765.0
3809.0
3926.0
3862.0
3814.0
3783.0
3755.0
3830.0
3837.0
3813.0
3716.0
3752.0
3897.0
3727.0
3791.0
3757.0
3857.0
3808.0
3770.0
3780.0
3841.0
3870.0
3833.0
3765.0
3894.0
3699.0
3807.0
3865.0
3868.0
3865.0
3776.0
3811.0
3808.0
3724.0
3896.0
3765.0
3913.0
3866.0
3725.0
3750.0
3838.0
3836.0
3844.0
3837.0
3742.0
3802.0
3732.0
3726.0
3767.0
3829.0
3850.0
3722.0
3762.0
3875.0
3758.0
3782.0
3887.0
3895.0
3866.0
3676.0
3777.0
3810.0
3717.0
3788.0
3764.0
3769.0
3816.0
3808.0
3792.0
3717.0
3772.0
3746.0
3789.0
3772.0
3889.0
3782.0
3700.0
3766.0
3830.0
3789.0
3772.0
3917.0
3888.0
3802.0
3740.0
3853.0
3822.0
3744.0
3722.0
3759.0
3845.0
3805.0
3804.0
3787.0
3841.0
3776.0
3877.0
3765.0
3777.0
3798.0
3733.0
3853.0
3792.0
3838.0
3746.0
3813.0
3747.0
3839.0
3822.0
3768.0
3779.0
3838.0
3811.0
3749.0
3931.0
3698.0
3701.0
3808.0
3731.0
3754.0
3744.0
3862.0
3813.0
3801.0
3820.0
3916.0
3838.0
3766.0
3835.0
3756.0
3779.0
3890.0
3775.0
3801.0
3812.0
3784.0
3796.0
3874.0
3786.0
3856.0
3775.0
3734.0
3916.0
3780.0
3780.0
3895.0
3703.0
3708.0
3819.0
3732.0
3786.0
3759.0
3722.0
3826.0
3867.0
3670.0
3829.0
3847.0
3733.0
3825.0
3844.0
3775.0
3928.0
3749.0
3836.0
3743.0
3743.0
3798.0
3788.0
3827.0
3872.0
3732.0
3770.0
3851.0
;
HBBS bestT : 3666.0
BEST_CONFIGURATIONS : 
0 0 
0 4 
0 26 
0 5 
0 22 
0 8 
0 13 
0 17 
0 25 
4 13 
4 17 
26 13 
5 13 
5 17 
26 17 
22 13 
22 17 
4 25 
26 25 
5 25 
22 25 
8 17 
8 13 
22 8 
26 8 
5 8 
5 22 
26 22 
4 22 
4 26 
4 5 
26 5 
0 1 
4 1 
26 1 
5 1 
22 1 
8 1 
13 1 
25 1 
18 1 
14 27 
18 27 
25 27 
17 27 
13 27 
13 9 
17 9 
25 9 
18 9 
18 10 
14 10 
14 15 
18 15 
25 10 
25 15 
17 10 
13 10 
13 15 
17 15 
13 14 
13 18 
17 14 
17 18 
25 14 
25 18 
13 25 
17 25 
13 17 
8 25 
8 18 
8 14 
22 18 
22 14 
26 14 
5 14 
5 18 
4 14 
4 18 
4 15 
4 10 
26 10 
5 10 
5 15 
26 15 
22 10 
8 10 
8 15 
22 15 
26 18 
0 14 
0 9 
0 10 
0 24 
0 6 
4 6 
26 6 
5 6 
5 21 
22 6 
8 6 
8 24 
22 24 
26 24 
5 24 
4 24 
4 9 
26 9 
22 9 
5 9 
4 27 
26 27 
5 27 
22 27 
8 27 
8 9 
13 24 
17 24 
25 24 
18 6 
14 6 
14 21 
15 3 
10 3 
10 21 
15 21 
10 6 
15 6 
10 24 
15 24 
15 10 
14 24 
18 24 
25 6 
14 11 
18 11 
25 11 
15 11 
10 11 
24 11 
6 11 
21 11 
3 11 
7 11 
3 6 
3 21 
3 7 
21 7 
6 7 
6 21 
24 3 
24 21 
24 6 
9 6 
9 21 
9 3 
27 3 
27 21 
27 6 
27 24 
27 10 
27 15 
1 14 
1 15 
1 10 
1 24 
1 6 
1 21 
27 7 
9 7 
10 7 
15 7 
10 12 
10 16 
10 23 
10 20 
15 20 
15 23 
15 16 
15 12 
14 16 
14 23 
14 20 
18 20 
18 23 
25 20 
17 19 
13 19 
8 19 
22 19 
5 19 
27 19 
27 20 
9 19 
9 20 
9 23 
9 16 
9 12 
24 12 
24 16 
24 23 
24 20 
6 19 
21 19 
7 19 
7 20 
7 23 
21 16 
21 12 
3 12 
3 16 
3 23 
3 20 
21 20 
21 23 
6 16 
6 12 
11 12 
11 16 
11 23 
11 20 
11 19 
6 20 
6 23 
7 16 
7 12 
12 16 
12 23 
12 20 
16 20 
16 23 
23 20 
16 19 
12 19 
23 19 
20 19 
19 18 
19 14 
19 15 
19 10 
19 24 
19 2 
15 2 
10 2 
24 2 
6 2 
21 2 
3 2 
7 2 
12 2 
7 24 
11 2 
11 1 
11 27 
11 9 
24 9 
10 9 
15 9 
14 9 
9 27 
9 1 
27 1 
27 0 
2 0 
2 4 
2 26 
2 5 
2 22 
2 8 
2 14 
2 9 
2 27 
2 1 
3 1 
12 27 
11 5 
11 26 
11 22 
19 25 
18 14 
8 4 
0 0 
;
ROBOT MOVING BEST:
0 0 
1 1 
1 1 
1 1 
1 1 
1 1 
1 1 
1 1 
1 1 
1 1 
1 1 
1 1 
1 1 
1 1 
1 1 
1 1 
1 1 
1 1 
1 1 
1 1 
1 1 
1 1 
1 1 
1 1 
1 1 
1 1 
1 1 
1 1 
1 1 
1 1 
1 1 
1 1 
1 1 
1 1 
1 1 
1 1 
1 1 
1 1 
1 1 
1 1 
1 1 
1 1 
1 1 
1 1 
1 1 
1 1 
1 1 
1 1 
1 1 
1 1 
1 1 
1 1 
1 1 
1 1 
1 1 
1 1 
1 1 
1 1 
1 1 
1 1 
1 1 
1 1 
1 1 
1 1 
1 1 
1 1 
1 1 
1 1 
1 1 
1 1 
1 1 
1 1 
1 1 
1 1 
1 1 
1 1 
1 1 
1 1 
1 1 
1 1 
1 1 
1 1 
1 1 
1 1 
1 1 
1 1 
1 1 
1 1 
1 1 
1 1 
1 1 
1 1 
1 1 
1 1 
1 1 
1 1 
1 1 
1 1 
1 1 
1 1 
1 1 
1 1 
1 1 
1 1 
1 1 
1 1 
1 1 
1 1 
1 1 
1 1 
1 1 
1 1 
1 1 
1 1 
1 1 
1 1 
1 1 
1 1 
1 1 
1 1 
1 1 
1 1 
1 1 
1 1 
1 1 
1 1 
1 1 
1 1 
1 1 
1 1 
1 1 
1 1 
1 1 
1 1 
1 1 
1 1 
1 1 
1 1 
1 1 
1 1 
1 1 
1 1 
1 1 
1 1 
1 1 
1 1 
1 1 
1 1 
1 1 
1 1 
1 1 
1 1 
1 1 
1 1 
1 1 
1 1 
1 1 
1 1 
1 1 
1 1 
1 1 
1 1 
1 1 
1 1 
1 1 
1 1 
1 1 
1 1 
1 1 
1 1 
1 1 
1 1 
1 1 
1 1 
1 1 
1 1 
1 1 
1 1 
1 1 
1 1 
1 1 
1 1 
1 1 
1 1 
1 1 
1 1 
1 1 
1 1 
1 1 
1 1 
1 1 
1 1 
1 1 
1 1 
1 1 
1 1 
1 1 
1 1 
1 1 
1 1 
1 1 
1 1 
1 1 
1 1 
1 1 
1 1 
1 1 
1 1 
1 1 
1 1 
1 1 
1 1 
1 1 
1 1 
1 1 
1 1 
1 1 
1 1 
1 1 
1 1 
1 1 
1 1 
1 1 
1 1 
1 1 
1 1 
1 1 
1 1 
1 1 
1 1 
1 1 
1 1 
1 1 
1 1 
1 1 
1 1 
1 1 
1 1 
1 1 
1 1 
1 1 
1 1 
1 1 
1 1 
1 1 
1 1 
1 1 
1 1 
1 1 
1 1 
1 1 
1 1 
1 1 
1 1 
1 1 
1 1 
1 1 
1 1 
1 1 
1 1 
1 1 
1 1 
1 1 
1 1 
1 1 
1 1 
1 1 
1 1 
1 1 
1 1 
1 1 
1 1 
1 1 
1 1 
1 1 
1 1 
1 1 
1 1 
1 1 
1 1 
1 1 
1 1 
;
TIMETABLE BEST: 
0.0 0.0 
14.0 14.0 
25.0 25.0 
34.0 34.0 
46.0 46.0 
58.0 58.0 
71.0 71.0 
82.0 82.0 
94.0 94.0 
108.0 108.0 
119.0 119.0 
130.0 130.0 
139.0 139.0 
150.0 150.0 
159.0 159.0 
170.0 170.0 
181.0 181.0 
193.0 193.0 
204.0 204.0 
213.0 213.0 
225.0 225.0 
237.0 237.0 
248.0 248.0 
261.0 261.0 
272.0 272.0 
281.0 281.0 
293.0 293.0 
302.0 302.0 
313.0 313.0 
324.0 324.0 
333.0 333.0 
344.0 344.0 
362.0 362.0 
376.0 376.0 
387.0 387.0 
396.0 396.0 
408.0 408.0 
420.0 420.0 
433.0 433.0 
446.0 446.0 
459.0 459.0 
474.0 474.0 
485.0 485.0 
498.0 498.0 
510.0 510.0 
521.0 521.0 
536.0 536.0 
547.0 547.0 
559.0 559.0 
572.0 572.0 
586.0 586.0 
597.0 597.0 
608.0 608.0 
619.0 619.0 
632.0 632.0 
643.0 643.0 
655.0 655.0 
666.0 666.0 
677.0 677.0 
688.0 688.0 
701.0 701.0 
712.0 712.0 
723.0 723.0 
734.0 734.0 
746.0 746.0 
757.0 757.0 
770.0 770.0 
781.0 781.0 
793.0 793.0 
806.0 806.0 
819.0 819.0 
830.0 830.0 
842.0 842.0 
853.0 853.0 
864.0 864.0 
873.0 873.0 
884.0 884.0 
898.0 898.0 
909.0 909.0 
927.0 927.0 
938.0 938.0 
949.0 949.0 
958.0 958.0 
969.0 969.0 
978.0 978.0 
989.0 989.0 
1001.0 1001.0 
1012.0 1012.0 
1024.0 1024.0 
1042.0 1042.0 
1059.0 1059.0 
1075.0 1075.0 
1089.0 1089.0 
1102.0 1102.0 
1115.0 1115.0 
1129.0 1129.0 
1140.0 1140.0 
1149.0 1149.0 
1161.0 1161.0 
1173.0 1173.0 
1185.0 1185.0 
1198.0 1198.0 
1210.0 1210.0 
1221.0 1221.0 
1230.0 1230.0 
1244.0 1244.0 
1259.0 1259.0 
1270.0 1270.0 
1281.0 1281.0 
1293.0 1293.0 
1308.0 1308.0 
1319.0 1319.0 
1328.0 1328.0 
1340.0 1340.0 
1352.0 1352.0 
1367.0 1367.0 
1382.0 1382.0 
1393.0 1393.0 
1405.0 1405.0 
1418.0 1418.0 
1429.0 1429.0 
1441.0 1441.0 
1454.0 1454.0 
1465.0 1465.0 
1477.0 1477.0 
1488.0 1488.0 
1500.0 1500.0 
1511.0 1511.0 
1524.0 1524.0 
1535.0 1535.0 
1548.0 1548.0 
1561.0 1561.0 
1572.0 1572.0 
1585.0 1585.0 
1602.0 1602.0 
1613.0 1613.0 
1626.0 1626.0 
1649.0 1649.0 
1660.0 1660.0 
1673.0 1673.0 
1686.0 1686.0 
1698.0 1698.0 
1710.0 1710.0 
1726.0 1726.0 
1743.0 1743.0 
1755.0 1755.0 
1767.0 1767.0 
1779.0 1779.0 
1791.0 1791.0 
1803.0 1803.0 
1816.0 1816.0 
1828.0 1828.0 
1840.0 1840.0 
1855.0 1855.0 
1867.0 1867.0 
1879.0 1879.0 
1894.0 1894.0 
1906.0 1906.0 
1918.0 1918.0 
1931.0 1931.0 
1944.0 1944.0 
1955.0 1955.0 
1970.0 1970.0 
1983.0 1983.0 
1994.0 1994.0 
2007.0 2007.0 
2020.0 2020.0 
2032.0 2032.0 
2047.0 2047.0 
2062.0 2062.0 
2076.0 2076.0 
2087.0 2087.0 
2105.0 2105.0 
2116.0 2116.0 
2127.0 2127.0 
2137.0 2137.0 
2148.0 2148.0 
2158.0 2158.0 
2169.0 2169.0 
2180.0 2180.0 
2193.0 2193.0 
2204.0 2204.0 
2214.0 2214.0 
2225.0 2225.0 
2235.0 2235.0 
2248.0 2248.0 
2261.0 2261.0 
2272.0 2272.0 
2285.0 2285.0 
2297.0 2297.0 
2309.0 2309.0 
2330.0 2330.0 
2343.0 2343.0 
2358.0 2358.0 
2371.0 2371.0 
2381.0 2381.0 
2392.0 2392.0 
2403.0 2403.0 
2418.0 2418.0 
2429.0 2429.0 
2440.0 2440.0 
2450.0 2450.0 
2463.0 2463.0 
2475.0 2475.0 
2487.0 2487.0 
2500.0 2500.0 
2510.0 2510.0 
2522.0 2522.0 
2533.0 2533.0 
2545.0 2545.0 
2556.0 2556.0 
2567.0 2567.0 
2577.0 2577.0 
2589.0 2589.0 
2599.0 2599.0 
2611.0 2611.0 
2622.0 2622.0 
2639.0 2639.0 
2650.0 2650.0 
2661.0 2661.0 
2671.0 2671.0 
2684.0 2684.0 
2701.0 2701.0 
2711.0 2711.0 
2731.0 2731.0 
2742.0 2742.0 
2760.0 2760.0 
2771.0 2771.0 
2781.0 2781.0 
2792.0 2792.0 
2802.0 2802.0 
2813.0 2813.0 
2826.0 2826.0 
2837.0 2837.0 
2859.0 2859.0 
2869.0 2869.0 
2889.0 2889.0 
2900.0 2900.0 
2913.0 2913.0 
2924.0 2924.0 
2937.0 2937.0 
2956.0 2956.0 
2980.0 2980.0 
2991.0 2991.0 
3004.0 3004.0 
3017.0 3017.0 
3029.0 3029.0 
3041.0 3041.0 
3057.0 3057.0 
3075.0 3075.0 
3094.0 3094.0 
3119.0 3119.0 
3139.0 3139.0 
3154.0 3154.0 
3169.0 3169.0 
3187.0 3187.0 
3200.0 3200.0 
3211.0 3211.0 
3224.0 3224.0 
3240.0 3240.0 
3255.0 3255.0 
3270.0 3270.0 
3288.0 3288.0 
3307.0 3307.0 
3321.0 3321.0 
3332.0 3332.0 
3341.0 3341.0 
3353.0 3353.0 
3365.0 3365.0 
3395.0 3395.0 
3411.0 3411.0 
3426.0 3426.0 
3441.0 3441.0 
3463.0 3463.0 
3497.0 3497.0 
3524.0 3524.0 
3533.0 3533.0 
3544.0 3544.0 
3576.0 3576.0 
3596.0 3596.0 
3640.0 3640.0 
3666.0 3654.0 
;
EXECUTION TIME HBSS: 272.842754126 seconds 

-------------------------------------------------------------------
