DATFILE : bwopen0_3r_500.dat
ENVIRONMENT : bwopen
ALGORITHM : HBSS - TAU 4
RANGE : 500
STARTING_POS : 0
N_ROBOTS : 3
GREEDY SOLUTION : 1922.0
COMPUTATIONS T :
2041.0
1959.0
2082.0
1972.0
2091.0
1940.0
2014.0
2060.0
2055.0
2118.0
1969.0
2024.0
1965.0
1931.0
1966.0
1946.0
2006.0
2045.0
1982.0
2004.0
2027.0
2074.0
1989.0
2007.0
2032.0
2053.0
1959.0
2037.0
1935.0
2029.0
2060.0
1973.0
2064.0
1995.0
2080.0
2076.0
1960.0
1978.0
1998.0
2025.0
1959.0
1906.0
2051.0
2034.0
2040.0
2109.0
2165.0
1972.0
1896.0
2048.0
1920.0
2005.0
1999.0
1962.0
2114.0
2117.0
2037.0
1936.0
2093.0
2040.0
1944.0
1962.0
1953.0
2078.0
2140.0
1960.0
1931.0
1915.0
1954.0
2034.0
1945.0
1934.0
2070.0
1983.0
1982.0
1973.0
2043.0
1990.0
2056.0
1929.0
2042.0
2024.0
1978.0
1984.0
2027.0
2066.0
1977.0
1968.0
1935.0
1951.0
1988.0
1926.0
2159.0
2004.0
2081.0
2063.0
1942.0
1995.0
2052.0
2074.0
1946.0
2061.0
1975.0
2020.0
2049.0
2018.0
2113.0
2080.0
1952.0
1981.0
1972.0
2017.0
2009.0
2029.0
1995.0
2031.0
2100.0
1884.0
1961.0
1986.0
2005.0
1983.0
2003.0
2051.0
2023.0
2043.0
2050.0
2044.0
2068.0
2059.0
2050.0
2027.0
1994.0
2023.0
1990.0
1941.0
1934.0
2011.0
2028.0
2087.0
2044.0
2004.0
2024.0
1939.0
2021.0
1967.0
2045.0
1914.0
2079.0
1969.0
1975.0
2077.0
2024.0
1962.0
1991.0
1989.0
2046.0
2079.0
1977.0
1953.0
1906.0
1921.0
1990.0
2003.0
1960.0
1944.0
1887.0
2013.0
1933.0
2003.0
1963.0
1996.0
1995.0
2095.0
2124.0
1966.0
2012.0
1991.0
2002.0
2063.0
1888.0
1855.0
1987.0
2030.0
2022.0
2039.0
2001.0
1952.0
1991.0
2023.0
2003.0
2020.0
2067.0
2037.0
2018.0
2098.0
2091.0
1991.0
1918.0
2073.0
;
HBBS bestT : 1855.0
BEST_CONFIGURATIONS : 
0 0 0 
0 4 0 
0 4 1 
0 4 1 
0 26 1 
0 26 1 
0 5 1 
0 5 1 
0 22 1 
0 22 1 
0 8 1 
0 8 1 
0 13 1 
0 13 1 
0 17 1 
0 17 27 
0 17 27 
0 13 27 
4 13 27 
4 13 27 
4 17 27 
4 17 9 
4 17 9 
26 13 9 
26 13 9 
26 13 9 
5 13 9 
5 13 9 
5 17 9 
5 17 10 
5 17 10 
26 17 10 
26 17 10 
22 13 10 
22 13 10 
22 13 10 
22 17 10 
22 17 15 
22 17 15 
26 17 15 
26 13 15 
4 13 15 
4 25 15 
4 25 15 
26 25 15 
26 25 10 
5 25 10 
5 25 15 
26 18 15 
26 18 10 
5 18 10 
5 18 15 
22 18 15 
22 18 14 
22 18 14 
26 14 14 
26 14 15 
5 14 15 
5 14 10 
4 14 10 
4 14 10 
4 18 10 
4 18 24 
4 18 24 
26 18 24 
26 14 24 
5 14 24 
5 15 24 
22 15 24 
22 10 24 
8 10 24 
8 10 24 
8 15 24 
8 15 6 
8 15 6 
8 10 6 
22 10 6 
26 10 6 
26 24 6 
5 24 6 
5 9 6 
22 9 6 
22 9 21 
8 9 21 
8 9 3 
8 10 3 
0 10 3 
0 10 21 
1 10 21 
1 10 21 
1 15 21 
1 15 21 
1 15 3 
1 15 3 
1 14 3 
1 14 21 
1 18 21 
1 18 6 
1 18 6 
1 14 6 
27 14 6 
27 14 6 
27 18 6 
27 18 24 
27 25 24 
27 25 24 
27 17 24 
1 17 24 
1 13 24 
0 13 24 
0 13 6 
0 25 6 
0 25 6 
4 25 6 
4 8 6 
4 8 2 
4 8 2 
26 8 2 
26 8 2 
5 8 2 
5 8 2 
5 22 2 
5 22 2 
26 22 2 
5 22 27 
5 22 27 
26 22 27 
26 8 27 
22 8 27 
8 13 27 
8 13 14 
8 13 14 
8 17 14 
8 17 18 
8 17 18 
8 13 18 
13 17 18 
13 17 14 
13 25 14 
13 25 14 
17 25 14 
17 25 18 
13 25 19 
13 14 19 
8 14 19 
8 15 19 
8 10 19 
22 10 19 
5 10 19 
5 24 19 
5 6 19 
27 6 19 
27 21 19 
27 21 19 
27 3 19 
27 3 20 
27 3 20 
27 21 20 
9 21 20 
9 7 20 
9 7 23 
9 7 23 
9 7 16 
9 12 16 
9 12 16 
9 12 23 
10 12 23 
10 12 23 
10 12 20 
10 12 20 
10 16 20 
10 16 20 
10 16 23 
15 16 23 
15 16 23 
15 16 20 
15 12 20 
15 12 19 
18 12 19 
18 16 19 
14 16 19 
14 16 20 
14 23 20 
14 23 20 
18 20 20 
18 23 20 
18 23 19 
18 20 19 
25 20 19 
25 20 19 
17 19 19 
18 19 11 
18 19 11 
14 19 11 
14 20 11 
14 23 11 
15 23 11 
15 16 11 
15 12 11 
9 12 11 
10 12 11 
10 7 11 
10 7 11 
15 7 11 
15 7 6 
15 7 24 
9 7 24 
9 21 24 
24 3 24 
24 3 6 
6 21 6 
6 21 11 
6 21 11 
21 3 11 
21 3 11 
7 3 11 
7 3 21 
7 2 21 
7 2 3 
21 2 3 
6 2 3 
6 2 12 
6 24 12 
21 24 12 
21 24 16 
21 6 16 
21 6 23 
21 6 23 
21 6 20 
7 6 20 
7 24 20 
3 24 23 
3 24 23 
3 24 16 
3 24 16 
3 24 12 
3 2 12 
7 2 12 
7 27 12 
7 27 16 
7 27 12 
11 27 12 
11 1 12 
11 27 15 
10 27 15 
10 27 15 
9 27 15 
9 27 10 
9 27 15 
9 1 15 
9 1 14 
9 0 14 
9 0 14 
9 0 25 
9 1 25 
27 1 25 
9 1 18 
9 2 18 
9 2 14 
10 2 14 
10 2 15 
24 2 15 
9 2 19 
9 2 19 
27 2 19 
1 2 19 
1 2 11 
0 2 11 
26 2 11 
26 24 11 
5 24 11 
22 11 11 
5 11 21 
5 19 7 
8 25 7 
8 25 11 
22 25 11 
4 22 11 
4 22 5 
4 26 5 
26 5 5 
0 0 0 
;
ROBOT MOVING BEST:
0 0 0 
1 1 0 
1 0 1 
0 1 1 
1 1 0 
0 1 1 
1 1 0 
0 1 1 
1 1 0 
0 1 1 
1 1 0 
0 1 1 
1 1 0 
0 1 1 
1 1 0 
1 0 1 
0 1 1 
0 1 1 
1 1 0 
1 0 1 
1 1 0 
1 0 1 
0 1 1 
1 1 0 
1 0 1 
0 1 1 
1 1 0 
1 0 1 
1 1 0 
1 0 1 
0 1 1 
1 1 0 
1 0 1 
1 1 0 
1 0 1 
0 1 1 
1 1 0 
0 1 1 
1 0 1 
1 0 1 
0 1 1 
1 0 1 
1 1 0 
0 1 1 
1 1 0 
0 1 1 
1 1 0 
1 0 1 
1 1 0 
0 1 1 
1 1 0 
0 1 1 
1 1 0 
1 0 1 
0 1 1 
1 1 0 
0 1 1 
1 1 0 
0 1 1 
1 1 0 
1 0 1 
1 1 0 
1 0 1 
0 1 1 
1 0 1 
0 1 1 
1 0 1 
0 1 1 
1 0 1 
0 1 1 
1 1 0 
1 0 1 
1 1 0 
1 0 1 
0 1 1 
0 1 1 
1 0 1 
1 0 1 
0 1 1 
1 0 1 
0 1 1 
1 1 0 
0 1 1 
1 1 0 
0 1 1 
0 1 1 
1 1 0 
0 1 1 
1 1 0 
1 0 1 
1 1 0 
0 1 1 
1 0 1 
0 1 1 
1 1 0 
0 1 1 
1 1 0 
0 1 1 
1 0 1 
0 1 1 
1 1 0 
1 0 1 
1 1 0 
1 0 1 
1 1 0 
0 1 1 
0 1 1 
1 0 1 
0 1 1 
1 0 1 
1 0 1 
1 1 0 
0 1 1 
1 0 1 
1 1 0 
1 0 1 
0 1 1 
1 1 0 
1 0 1 
1 1 0 
1 0 1 
1 1 0 
0 1 1 
1 1 0 
1 0 1 
0 1 1 
1 0 1 
0 1 1 
1 1 0 
1 1 0 
1 0 1 
0 1 1 
1 1 0 
1 0 1 
0 1 1 
0 1 1 
1 1 0 
0 1 1 
1 1 0 
0 1 1 
1 1 0 
0 1 1 
1 0 1 
0 1 1 
1 0 1 
0 1 1 
0 1 1 
1 0 1 
1 0 1 
0 1 1 
0 1 1 
1 0 1 
1 1 0 
0 1 1 
1 1 0 
1 0 1 
0 1 1 
0 1 1 
1 0 1 
1 1 0 
1 0 1 
0 1 1 
1 0 1 
1 1 0 
0 1 1 
0 1 1 
1 1 0 
1 0 1 
1 0 1 
0 1 1 
1 1 0 
0 1 1 
0 1 1 
1 1 0 
1 0 1 
1 0 1 
1 1 0 
0 1 1 
1 0 1 
0 1 1 
1 1 0 
1 0 1 
1 1 0 
0 1 1 
1 1 0 
1 1 0 
0 1 1 
0 1 1 
1 1 0 
1 0 1 
1 1 0 
1 0 1 
0 1 1 
1 0 1 
0 1 1 
0 1 1 
1 0 1 
0 1 1 
0 1 1 
1 0 1 
1 0 1 
1 1 0 
0 1 1 
1 1 0 
0 1 1 
0 1 1 
1 0 1 
0 1 1 
1 1 0 
0 1 1 
1 1 0 
1 0 1 
0 1 1 
1 1 0 
0 1 1 
1 1 0 
1 0 1 
1 1 0 
0 1 1 
1 1 0 
1 1 0 
1 0 1 
0 1 1 
1 0 1 
1 0 1 
0 1 1 
0 1 1 
1 0 1 
0 1 1 
1 0 1 
0 1 1 
1 0 1 
0 1 1 
1 0 1 
0 1 1 
1 0 1 
0 1 1 
1 0 1 
1 1 0 
1 0 1 
0 1 1 
1 1 0 
1 1 0 
0 1 1 
1 1 0 
1 0 1 
1 1 0 
1 0 1 
1 0 1 
1 1 0 
1 0 1 
1 1 0 
0 1 1 
1 0 1 
0 1 1 
1 1 0 
1 0 1 
1 1 0 
0 1 1 
1 1 0 
0 1 1 
1 1 0 
1 0 1 
0 1 1 
1 1 0 
1 1 0 
0 1 1 
1 1 0 
1 0 1 
0 1 1 
1 0 1 
1 1 0 
1 0 1 
0 1 1 
1 1 0 
0 1 1 
1 1 0 
1 1 0 
1 0 1 
1 1 0 
1 1 0 
1 1 1 
;
TIMETABLE BEST: 
0.0 0.0 0.0 
14 14 0 
18 14 18 
18 18 18 
29 29 18 
29 29 29 
38 38 29 
38 38 38 
50 50 38 
50 50 50 
62 62 50 
62 62 62 
75 75 62 
75 75 75 
86 86 75 
90 86 90 
90 90 90 
90 101 101 
104 104 101 
104 104 104 
115 115 104 
119 115 119 
119 119 119 
130 130 119 
130 130 130 
130 130 130 
139 139 130 
139 139 139 
150 150 139 
153 150 153 
153 153 153 
162 162 153 
162 162 162 
173 173 162 
173 173 173 
173 173 173 
184 184 173 
184 184 184 
184 184 184 
195 184 195 
195 195 195 
206 195 206 
208 208 206 
208 208 208 
219 219 208 
219 219 219 
228 228 219 
230 228 230 
241 241 230 
241 241 241 
250 250 241 
250 252 252 
262 262 252 
265 262 265 
265 265 265 
276 276 265 
276 278 278 
285 285 278 
285 289 289 
299 299 289 
299 299 299 
310 310 299 
312 310 312 
312 312 312 
323 312 323 
323 323 323 
332 323 332 
332 336 336 
344 336 344 
344 347 347 
356 356 347 
356 356 356 
367 367 356 
369 367 369 
369 369 369 
369 380 380 
381 380 381 
392 380 392 
392 393 393 
401 393 401 
401 408 408 
413 413 408 
413 420 420 
425 425 420 
425 432 432 
425 446 446 
451 451 446 
451 458 458 
469 469 458 
469 469 469 
480 480 469 
480 480 480 
492 480 492 
492 492 492 
505 505 492 
505 505 505 
516 516 505 
516 517 517 
517 517 517 
517 528 528 
532 532 528 
532 532 532 
543 543 532 
545 543 545 
556 556 545 
556 556 556 
556 568 568 
571 568 571 
571 579 579 
589 579 589 
602 579 602 
602 602 602 
602 602 602 
616 602 616 
628 628 616 
634 628 634 
634 634 634 
645 645 634 
645 645 645 
654 654 645 
654 654 654 
666 666 654 
666 666 666 
675 675 666 
685 675 685 
685 685 685 
694 685 694 
694 697 697 
705 705 697 
718 718 697 
728 718 728 
728 728 728 
739 739 728 
739 739 739 
739 739 739 
739 750 750 
761 761 750 
761 761 761 
773 773 761 
773 773 773 
784 784 773 
784 784 784 
804 784 804 
804 804 804 
817 804 817 
817 817 817 
817 828 828 
829 828 829 
841 828 841 
841 841 841 
841 854 854 
862 854 862 
866 866 862 
866 866 866 
878 878 866 
879 878 879 
879 879 879 
879 891 891 
894 891 894 
903 903 894 
904 903 904 
904 904 904 
915 904 915 
922 922 915 
922 922 922 
922 933 933 
936 936 933 
936 936 936 
946 936 946 
946 946 946 
957 957 946 
957 957 957 
957 967 967 
968 968 967 
968 968 968 
978 968 978 
979 979 978 
979 991 991 
997 991 997 
997 1002 1002 
1008 1008 1002 
1015 1008 1015 
1019 1019 1015 
1019 1019 1019 
1030 1030 1019 
1040 1040 1019 
1040 1040 1040 
1040 1050 1050 
1053 1053 1050 
1053 1053 1053 
1066 1066 1053 
1083 1066 1083 
1083 1083 1083 
1094 1083 1094 
1094 1096 1096 
1094 1106 1106 
1107 1106 1107 
1107 1117 1117 
1107 1128 1128 
1128 1128 1128 
1142 1128 1142 
1146 1146 1142 
1146 1146 1146 
1157 1157 1146 
1157 1163 1163 
1157 1176 1176 
1178 1176 1178 
1178 1188 1188 
1200 1200 1188 
1200 1201 1201 
1213 1213 1201 
1218 1213 1218 
1218 1218 1218 
1230 1230 1218 
1230 1230 1230 
1242 1242 1230 
1249 1242 1249 
1264 1264 1249 
1264 1264 1264 
1276 1276 1264 
1288 1288 1264 
1298 1288 1298 
1298 1307 1307 
1310 1307 1310 
1321 1307 1321 
1321 1321 1321 
1321 1332 1332 
1332 1332 1332 
1332 1342 1342 
1344 1342 1344 
1344 1355 1355 
1365 1355 1365 
1365 1365 1365 
1376 1365 1376 
1376 1376 1376 
1387 1376 1387 
1387 1395 1395 
1403 1395 1403 
1414 1414 1403 
1414 1414 1414 
1414 1425 1425 
1439 1439 1425 
1454 1454 1425 
1454 1470 1470 
1475 1475 1470 
1475 1475 1475 
1489 1489 1475 
1489 1489 1489 
1500 1489 1500 
1504 1504 1500 
1513 1504 1513 
1522 1522 1513 
1522 1522 1522 
1538 1522 1538 
1538 1540 1540 
1553 1553 1540 
1568 1553 1568 
1573 1573 1568 
1573 1579 1579 
1587 1587 1579 
1587 1592 1592 
1600 1600 1592 
1616 1600 1616 
1616 1616 1616 
1631 1631 1616 
1646 1646 1616 
1646 1646 1646 
1664 1664 1646 
1681 1664 1681 
1681 1683 1683 
1690 1683 1690 
1702 1702 1690 
1714 1702 1714 
1714 1732 1732 
1765 1765 1732 
1765 1765 1765 
1777 1777 1765 
1809 1809 1765 
1812 1809 1812 
1820 1820 1812 
1831 1831 1812 
1848.0 1855.0 1836.0 
;
EXECUTION TIME HBSS: 754.166895151 seconds 

-------------------------------------------------------------------
