DATFILE : bwopen0_4r_500.dat
ENVIRONMENT : bwopen
ALGORITHM : HBSS - TAU 7
RANGE : 500
STARTING_POS : 0
N_ROBOTS : 4
GREEDY SOLUTION : [ 3108.]
COMPUTATIONS D :
3138
3166
2940
3152
3008
2776
2774
3108
3108
3000
3034
2970
3108
3108
2876
3108
3108
3006
2986
2896
2924
2822
3006
2892
3108
2716
2876
2784
2838
3060
3308
3016
3108
3108
3104
2960
2894
3108
3108
2888
2844
3108
2898
3108
2860
3394
2906
3070
3108
2836
2918
3108
3270
3206
2764
2784
3014
2876
3108
3162
3200
3080
3108
3148
3108
3308
3108
3022
3108
3108
3108
3108
2976
3010
3108
2984
2998
2998
2634
2992
3118
2852
3012
3108
2822
3156
2810
2844
3162
3032
2798
2812
2890
3134
2962
3212
3260
3008
2948
2996
2952
2934
2940
2798
2922
2716
2848
2820
3108
2888
2870
3012
2924
3108
3316
2904
2940
2914
2930
2822
3156
2744
3116
2822
3144
2848
3108
2914
3350
2862
3134
3016
2872
3156
3104
3152
3108
2916
3108
3028
3100
2822
2922
2998
2974
2970
2960
3108
2606
3108
3132
3108
3188
3094
3006
2962
2888
3000
3108
2900
2898
3108
3108
3002
3060
3138
2850
2868
3108
2928
2630
2928
2920
2994
2872
3108
2990
3148
2844
3108
2954
2996
2908
2886
3082
3108
3048
3120
2766
3094
3006
3134
3108
3014
2924
3194
2916
2994
3108
3134
;
HBBS sumD : 2606
BEST_CONFIGURATIONS : 
0 0 0 0 
0 4 0 0 
0 4 26 0 
0 4 26 1 
0 22 26 1 
0 22 5 1 
0 22 5 27 
0 8 5 27 
4 8 5 27 
4 8 5 27 
4 8 26 27 
4 8 26 27 
26 8 26 27 
26 8 26 27 
5 8 26 27 
5 8 26 27 
5 8 26 27 
5 8 26 27 
22 8 26 27 
22 8 26 27 
22 8 26 1 
22 8 26 1 
22 13 26 1 
22 13 5 1 
22 13 5 1 
22 13 5 1 
22 13 5 1 
22 13 5 1 
22 13 5 1 
22 13 4 1 
4 13 4 1 
4 13 4 1 
4 8 4 1 
4 8 4 2 
4 8 4 2 
26 8 4 2 
26 8 22 2 
5 8 22 2 
5 8 22 6 
5 8 13 6 
5 22 13 6 
5 22 13 6 
26 22 13 6 
26 4 13 6 
26 4 13 24 
26 4 17 24 
26 4 17 24 
26 4 17 24 
5 4 17 24 
5 4 17 24 
5 22 17 24 
5 22 17 24 
5 22 17 24 
5 22 25 24 
5 22 25 10 
5 22 25 10 
5 22 25 10 
26 22 25 10 
26 22 25 10 
26 22 25 15 
26 4 25 15 
26 4 25 15 
26 4 18 15 
26 4 18 15 
5 4 18 15 
5 4 18 15 
5 4 18 15 
5 4 18 10 
9 4 18 10 
9 4 14 10 
9 26 14 10 
9 26 14 10 
9 5 14 10 
9 5 14 10 
9 5 14 10 
9 5 14 10 
9 5 14 10 
9 22 14 10 
9 22 14 10 
9 22 14 15 
9 22 14 15 
9 22 18 15 
9 22 18 15 
9 8 18 15 
9 8 18 15 
10 8 18 15 
10 8 18 15 
10 8 18 15 
10 8 18 15 
10 8 18 14 
10 8 18 14 
10 8 25 14 
10 8 25 14 
10 8 25 14 
10 8 25 14 
24 8 25 14 
24 8 25 14 
24 8 25 14 
24 13 25 14 
24 13 25 14 
24 13 25 18 
24 13 25 18 
24 13 25 18 
6 13 25 18 
6 13 25 18 
6 17 25 18 
6 17 25 18 
6 17 17 18 
6 17 17 14 
6 17 17 14 
6 13 17 14 
6 13 17 15 
6 13 17 15 
10 13 17 15 
10 8 17 15 
10 8 13 15 
10 8 13 15 
10 8 25 15 
24 8 25 15 
24 8 25 9 
24 8 17 9 
24 8 17 9 
24 13 17 9 
24 13 17 27 
24 13 17 27 
24 13 17 27 
24 13 25 27 
11 13 25 27 
11 13 25 27 
11 13 18 27 
11 13 18 27 
11 22 18 27 
11 22 14 27 
11 22 14 27 
11 22 14 1 
11 26 14 1 
11 26 14 1 
11 5 14 1 
11 5 15 1 
6 5 15 1 
6 5 15 1 
21 5 15 1 
21 5 10 1 
21 5 10 1 
3 5 10 1 
3 27 10 1 
3 27 24 1 
3 27 24 27 
21 27 24 27 
21 9 24 27 
21 9 6 27 
7 9 6 27 
7 10 6 27 
7 10 6 9 
7 10 6 9 
7 10 21 9 
7 10 21 10 
7 10 21 10 
7 10 21 15 
7 10 21 15 
7 10 21 15 
3 10 21 15 
3 10 21 14 
3 10 21 14 
3 10 21 14 
3 10 6 14 
3 10 6 14 
3 24 6 14 
3 24 6 14 
3 24 6 9 
21 24 6 9 
21 24 6 9 
21 24 11 9 
7 24 11 9 
7 24 11 10 
7 6 11 10 
7 6 11 10 
7 6 11 10 
7 6 11 10 
7 21 11 10 
3 21 11 10 
3 21 11 9 
3 2 11 9 
3 2 7 9 
3 2 7 9 
3 2 7 9 
3 2 7 9 
3 2 12 9 
3 2 12 9 
21 2 12 9 
21 2 12 10 
21 2 12 10 
6 2 12 10 
6 2 12 10 
6 2 12 10 
6 2 12 15 
6 2 12 15 
6 2 12 15 
24 2 12 15 
24 2 12 14 
24 24 12 14 
24 24 16 14 
24 24 16 14 
24 24 23 14 
24 24 23 14 
24 24 20 14 
24 24 20 14 
24 6 20 14 
10 6 20 14 
10 6 20 18 
10 6 23 18 
10 6 23 18 
10 6 23 18 
10 6 23 19 
10 6 23 19 
10 6 16 19 
10 6 16 19 
10 21 16 19 
15 21 16 19 
15 21 16 19 
15 21 16 19 
15 7 16 19 
14 7 16 19 
14 7 16 19 
14 7 16 19 
18 7 16 19 
18 7 16 20 
18 7 12 20 
18 7 12 23 
18 21 12 23 
18 21 12 23 
18 21 12 20 
18 11 12 20 
18 11 12 20 
19 11 12 20 
19 11 16 20 
19 11 16 20 
19 11 16 20 
19 11 16 20 
19 11 16 20 
19 11 23 20 
19 11 23 20 
19 11 23 20 
19 24 23 20 
15 24 23 20 
15 24 16 23 
15 24 16 23 
15 9 16 23 
15 9 16 23 
15 9 12 16 
15 27 12 16 
15 27 12 16 
15 27 3 16 
9 27 3 20 
9 27 3 20 
9 27 3 19 
9 27 3 19 
9 1 3 19 
5 1 3 19 
5 1 3 20 
5 1 3 23 
5 1 2 23 
5 27 2 23 
0 27 2 23 
0 9 2 23 
0 9 2 19 
0 9 6 19 
0 10 6 19 
0 10 24 19 
0 14 24 19 
22 14 24 19 
8 14 24 19 
8 25 24 19 
13 25 24 19 
17 25 24 19 
17 25 24 20 
17 25 1 20 
17 25 1 18 
17 25 0 18 
17 25 0 18 
17 13 0 18 
0 0 0 0 
;
ROBOT MOVING BEST:
0 0 0 0 
1 1 0 0 
1 0 1 0 
1 0 0 1 
1 1 0 0 
1 0 1 0 
1 0 0 1 
1 1 0 0 
1 0 1 0 
1 0 0 1 
1 0 1 0 
1 1 0 0 
1 0 0 1 
1 1 0 0 
1 0 0 1 
1 0 1 0 
0 1 0 1 
1 1 0 0 
1 0 0 1 
1 0 1 0 
0 0 1 1 
1 1 0 0 
0 1 1 0 
1 0 1 0 
0 0 1 1 
1 0 0 1 
0 1 1 0 
1 1 0 0 
0 1 0 1 
1 0 1 0 
1 0 0 1 
1 1 0 0 
0 1 0 1 
1 0 0 1 
0 1 0 1 
1 0 0 1 
0 0 1 1 
1 0 0 1 
0 1 0 1 
0 1 1 0 
0 1 0 1 
1 0 0 1 
1 0 0 1 
0 1 0 1 
1 0 0 1 
1 0 1 0 
0 1 0 1 
0 1 1 0 
1 0 0 1 
1 0 1 0 
0 1 0 1 
0 0 1 1 
0 1 1 0 
1 0 1 0 
1 0 0 1 
0 1 1 0 
0 1 0 1 
1 0 1 0 
1 0 0 1 
0 1 0 1 
0 1 1 0 
1 0 0 1 
1 0 1 0 
0 1 0 1 
1 0 0 1 
0 1 1 0 
1 0 1 0 
0 1 0 1 
1 1 0 0 
0 1 1 0 
1 1 0 0 
0 1 1 0 
1 1 0 0 
0 1 1 0 
1 0 0 1 
0 0 1 1 
1 0 1 0 
1 1 0 0 
0 1 1 0 
1 0 0 1 
0 0 1 1 
1 0 1 0 
0 1 1 0 
1 1 0 0 
0 0 1 1 
1 0 0 1 
1 0 1 0 
0 1 0 1 
0 1 1 0 
0 0 1 1 
1 1 0 0 
1 0 1 0 
0 1 0 1 
0 1 1 0 
0 0 1 1 
1 1 0 0 
1 0 0 1 
1 0 1 0 
0 1 0 1 
0 1 1 0 
0 0 1 1 
1 1 0 0 
1 0 0 1 
1 0 1 0 
0 1 0 1 
0 1 1 0 
1 0 0 1 
0 0 1 1 
0 0 1 1 
1 0 0 1 
0 1 1 0 
0 0 1 1 
1 0 0 1 
1 0 1 0 
0 1 1 0 
0 0 1 1 
1 0 1 0 
0 0 1 1 
1 0 0 1 
0 0 1 1 
0 0 1 1 
1 0 0 1 
0 1 0 1 
0 0 1 1 
1 0 0 1 
0 1 0 1 
0 0 1 1 
1 0 1 0 
1 0 0 1 
0 0 1 1 
1 0 1 0 
1 1 0 0 
0 0 1 1 
1 0 1 0 
1 0 0 1 
1 1 0 0 
0 0 1 1 
1 1 0 0 
1 0 1 0 
1 0 0 1 
0 0 1 1 
1 0 0 1 
0 0 1 1 
1 1 0 0 
1 0 0 1 
0 1 0 1 
0 0 1 1 
1 0 0 1 
1 0 0 1 
0 1 0 1 
0 0 1 1 
1 0 0 1 
0 1 0 1 
0 0 1 1 
1 0 0 1 
0 0 1 1 
1 0 0 1 
0 0 1 1 
1 0 0 1 
1 0 1 0 
0 0 1 1 
1 0 0 1 
0 0 1 1 
1 1 0 0 
1 0 1 0 
0 1 1 0 
1 0 1 0 
1 1 0 0 
0 1 1 0 
1 0 0 1 
1 0 1 0 
1 1 0 0 
0 1 1 0 
1 1 0 0 
0 1 0 1 
0 1 1 0 
1 1 0 0 
1 0 1 0 
0 0 1 1 
0 1 1 0 
1 0 1 0 
0 0 1 1 
0 1 1 0 
1 0 1 0 
1 1 0 0 
0 1 0 1 
0 1 1 0 
1 0 1 0 
0 0 1 1 
1 1 0 0 
0 1 0 1 
1 0 1 0 
1 1 0 0 
0 1 1 0 
0 0 1 1 
0 1 0 1 
1 0 1 0 
0 0 1 1 
1 1 0 0 
0 1 0 1 
0 1 1 0 
0 1 1 0 
0 0 1 1 
0 1 1 0 
0 0 1 1 
0 1 1 0 
0 0 1 1 
0 1 1 0 
1 0 1 0 
0 0 1 1 
0 1 1 0 
1 0 1 0 
0 0 1 1 
0 1 0 1 
1 0 0 1 
0 1 1 0 
1 0 1 0 
0 1 0 1 
1 0 0 1 
0 1 1 0 
1 0 1 0 
0 1 0 1 
1 0 0 1 
0 0 1 1 
0 1 1 0 
1 0 0 1 
0 1 0 1 
0 1 1 0 
0 1 0 1 
0 1 0 1 
0 0 1 1 
0 1 0 1 
0 1 1 0 
0 0 1 1 
1 0 1 0 
0 1 1 0 
0 0 1 1 
0 1 0 1 
1 1 0 0 
1 0 0 1 
0 1 1 0 
0 0 1 1 
1 0 1 0 
1 1 0 0 
1 0 0 1 
0 0 1 1 
1 0 0 1 
0 1 0 1 
0 1 1 0 
0 0 1 1 
1 1 0 0 
0 1 1 0 
0 0 1 1 
1 0 0 1 
0 1 0 1 
1 0 0 1 
0 1 0 1 
1 1 0 0 
1 0 0 1 
0 0 1 1 
0 0 1 1 
0 1 1 0 
0 1 1 0 
1 0 1 0 
1 1 0 0 
0 0 1 1 
1 0 1 0 
1 1 0 0 
1 0 1 0 
1 1 0 0 
1 0 0 1 
1 0 0 1 
0 1 0 1 
1 0 0 1 
1 0 0 1 
0 1 0 1 
0 1 1 0 
0 0 1 1 
0 1 1 0 
1 0 1 0 
0 1 1 0 
1 1 0 1 
;
TIMETABLE BEST: 
0.0 0.0 0.0 0.0 
0 14 0 0 
0 14 17 0 
0 14 17 18 
0 26 17 18 
0 26 26 18 
0 26 26 33 
0 38 26 33 
14 38 26 33 
14 38 26 33 
14 38 35 33 
14 38 35 33 
25 38 35 33 
25 38 35 33 
34 38 35 33 
34 38 35 33 
34 38 35 33 
34 38 35 33 
46 38 35 33 
46 38 35 33 
46 38 35 48 
46 38 35 48 
46 51 35 48 
46 51 44 48 
46 51 44 48 
46 51 44 48 
46 51 44 48 
46 51 44 48 
46 51 44 48 
46 51 58 48 
58 51 58 48 
58 51 58 48 
58 64 58 48 
58 64 58 68 
58 64 58 68 
69 64 58 68 
69 64 70 68 
78 64 70 68 
78 64 70 86 
78 64 89 86 
78 76 89 86 
78 76 89 86 
87 76 89 86 
87 88 89 86 
87 88 89 99 
87 88 100 99 
87 88 100 99 
87 88 100 99 
96 88 100 99 
96 88 100 99 
96 100 100 99 
96 100 100 99 
96 100 100 99 
96 100 112 99 
96 100 112 112 
96 100 112 112 
96 100 112 112 
105 100 112 112 
105 100 112 112 
105 100 112 123 
105 112 112 123 
105 112 112 123 
105 112 125 123 
105 112 125 123 
114 112 125 123 
114 112 125 123 
114 112 125 123 
114 112 125 134 
136 112 125 134 
136 112 136 134 
136 123 136 134 
136 123 136 134 
136 132 136 134 
136 132 136 134 
136 132 136 134 
136 132 136 134 
136 132 136 134 
136 144 136 134 
136 144 136 134 
136 144 136 145 
136 144 136 145 
136 144 147 145 
136 144 147 145 
136 156 147 145 
136 156 147 145 
150 156 147 145 
150 156 147 145 
150 156 147 145 
150 156 147 145 
150 156 147 158 
150 156 147 158 
150 156 160 158 
150 156 160 158 
150 156 160 158 
150 156 160 158 
163 156 160 158 
163 156 160 158 
163 156 160 158 
163 169 160 158 
163 169 160 158 
163 169 160 169 
163 169 160 169 
163 169 160 169 
176 169 160 169 
176 169 160 169 
176 180 160 169 
176 180 160 169 
176 180 172 169 
176 180 172 180 
176 180 172 180 
176 191 172 180 
176 191 172 193 
176 191 172 193 
202 191 172 193 
202 204 172 193 
202 204 183 193 
202 204 183 193 
202 204 196 193 
215 204 196 193 
215 204 196 214 
215 204 208 214 
215 204 208 214 
215 217 208 214 
215 217 208 229 
215 217 208 229 
215 217 208 229 
215 217 220 229 
233 217 220 229 
233 217 220 229 
233 217 233 229 
233 217 233 229 
233 236 233 229 
233 236 244 229 
233 236 244 229 
233 236 244 244 
233 247 244 244 
233 247 244 244 
233 256 244 244 
233 256 257 244 
250 256 257 244 
250 256 257 244 
262 256 257 244 
262 256 268 244 
262 256 268 244 
274 256 268 244 
274 277 268 244 
274 277 281 244 
274 277 281 259 
286 277 281 259 
286 292 281 259 
286 292 294 259 
298 292 294 259 
298 306 294 259 
298 306 294 274 
298 306 294 274 
298 306 306 274 
298 306 306 288 
298 306 306 288 
298 306 306 299 
298 306 306 299 
298 306 306 299 
314 306 306 299 
314 306 306 312 
314 306 306 312 
314 306 306 312 
314 306 318 312 
314 306 318 312 
314 319 318 312 
314 319 318 312 
314 319 318 328 
326 319 318 328 
326 319 318 328 
326 319 335 328 
338 319 335 328 
338 319 335 342 
338 332 335 342 
338 332 335 342 
338 332 335 342 
338 332 335 342 
338 344 335 342 
354 344 335 342 
354 344 335 356 
354 370 335 356 
354 370 360 356 
354 370 360 356 
354 370 360 356 
354 370 360 356 
354 370 378 356 
354 370 378 356 
366 370 378 356 
366 370 378 370 
366 370 378 370 
378 370 378 370 
378 370 378 370 
378 370 378 370 
378 370 378 381 
378 370 378 381 
378 370 378 381 
391 370 378 381 
391 370 378 394 
391 389 378 394 
391 389 389 394 
391 389 389 394 
391 389 400 394 
391 389 400 394 
391 389 410 394 
391 389 410 394 
391 402 410 394 
404 402 410 394 
404 402 410 405 
404 402 420 405 
404 402 420 405 
404 402 420 405 
404 402 420 425 
404 402 420 425 
404 402 431 425 
404 402 431 425 
404 414 431 425 
415 414 431 425 
415 414 431 425 
415 414 431 425 
415 426 431 425 
428 426 431 425 
428 426 431 425 
428 426 431 425 
439 426 431 425 
439 426 431 438 
439 426 442 438 
439 426 442 448 
439 438 442 448 
439 438 442 448 
439 438 442 458 
439 457 442 458 
439 457 442 458 
459 457 442 458 
459 457 453 458 
459 457 453 458 
459 457 453 458 
459 457 453 458 
459 457 453 458 
459 457 464 458 
459 457 464 458 
459 457 464 458 
459 475 464 458 
483 475 464 458 
483 475 475 468 
483 475 475 468 
483 490 475 468 
483 490 475 468 
483 490 486 479 
483 505 486 479 
483 505 486 479 
483 505 520 479 
504 505 520 500 
504 505 520 500 
504 505 520 513 
504 505 520 513 
504 520 520 513 
526 520 520 513 
526 520 520 526 
526 520 520 536 
526 520 542 536 
526 535 542 536 
550 535 542 536 
550 550 542 536 
550 550 542 559 
550 550 560 559 
550 564 560 559 
550 564 573 559 
550 582 573 559 
574 582 573 559 
586 582 573 559 
586 598 573 559 
599 598 573 559 
610 598 573 559 
610 598 573 572 
610 598 610 572 
610 598 610 605 
610 598 628 605 
610 598 628 605 
610 611 628 605 
660.0 650.0 628.0 668.0 
;
EXECUTION TIME HBSS: 1149.78868198 seconds 

-------------------------------------------------------------------
