DATFILE : bwopen0_9r_500.dat
ENVIRONMENT : bwopen
ALGORITHM : HBSS - TAU 1
RANGE : 500
STARTING_POS : 0
N_ROBOTS : 9
GREEDY SOLUTION : [ 2078.]
COMPUTATIONS D :
10810
10938
9576
10626
10174
9308
10028
11308
9816
9998
10340
9322
10708
11228
10372
10676
11070
10360
10500
10664
10492
9490
10294
9536
9002
9926
10508
9974
10418
10956
10576
10660
9882
9744
10946
10470
11382
9102
10632
10420
10964
10032
11170
11218
10294
10286
10088
10152
9884
10150
10470
9044
9304
11178
9954
10166
10476
10886
11036
10400
9394
9234
10550
10692
10128
10878
9396
10746
11260
9494
9666
11580
9690
10632
9846
10034
10954
9204
9496
10550
9722
9764
9816
10342
9940
9810
10038
10308
9782
10918
10296
10876
10592
10906
10188
9900
10566
10306
10232
9976
9400
10798
9516
9928
11360
10048
10176
12064
10674
10258
10816
9384
11088
9142
9712
10118
9738
10120
10396
10218
10614
9744
10856
9730
10974
9444
9388
9438
10818
10212
10498
10256
10390
10306
10332
9658
10024
10866
10186
11124
9708
10378
9860
10284
10426
10316
10460
10048
10862
10212
10920
10016
10060
11414
10666
10228
10374
10326
11012
10284
10872
9694
9816
10370
9788
9438
9274
10198
10466
9404
10536
9932
9872
10694
10610
9316
10374
10032
10824
10758
9768
9932
11100
9418
9854
10390
9440
10584
10362
10412
10134
9324
10116
10284
10454
10728
9530
9600
9404
10208
;
HBBS sumD : 9002
BEST_CONFIGURATIONS : 
0 0 0 0 0 0 0 0 0 
0 0 0 0 4 0 10 0 0 
0 0 6 0 4 0 10 0 0 
0 0 6 0 26 0 10 0 0 
0 0 6 0 22 0 10 0 8 
0 4 6 0 22 0 10 0 8 
0 4 6 1 22 0 10 4 8 
0 8 6 1 22 0 10 4 8 
4 8 6 1 22 22 10 4 8 
4 8 6 1 22 22 10 4 8 
4 8 6 1 22 22 11 25 8 
5 8 6 1 22 22 11 25 8 
5 8 6 1 22 22 11 25 8 
26 8 6 1 22 22 11 25 17 
26 8 6 5 22 22 11 25 8 
26 8 6 5 22 22 11 25 8 
26 8 6 5 22 4 11 25 8 
26 8 6 5 9 4 11 25 8 
26 8 6 5 9 4 11 25 8 
1 8 6 5 9 4 11 25 8 
1 17 6 5 9 4 11 25 8 
1 17 6 5 10 4 24 25 8 
27 17 6 5 10 4 24 25 8 
27 17 6 9 10 0 24 25 8 
27 13 6 9 10 0 24 25 8 
27 13 6 26 10 4 24 25 8 
27 13 6 26 10 4 24 25 8 
27 25 6 26 14 4 24 25 8 
6 25 6 9 14 4 24 25 8 
6 25 24 9 14 8 24 25 8 
6 25 9 9 22 8 24 25 8 
6 25 9 9 22 8 24 25 8 
6 17 9 9 22 8 24 25 8 
6 8 9 9 22 8 24 13 8 
27 8 9 9 22 8 24 13 15 
27 8 22 26 22 8 24 13 15 
27 8 22 26 5 8 24 25 15 
27 8 22 26 5 8 6 15 15 
27 8 22 26 5 8 6 15 15 
27 22 22 26 5 25 6 15 15 
27 22 4 26 5 25 6 15 15 
27 22 4 26 5 23 6 10 15 
27 22 26 26 5 23 6 10 15 
27 22 26 26 5 23 6 24 15 
14 22 26 26 5 23 6 6 15 
14 22 26 26 5 23 6 6 10 
14 22 26 26 5 23 2 6 10 
14 22 6 26 5 23 2 6 10 
14 22 6 26 5 23 2 6 10 
14 22 11 26 5 23 2 6 9 
14 22 11 26 5 23 2 21 10 
14 13 11 26 5 23 2 21 10 
14 13 11 26 5 23 2 21 10 
14 8 11 26 5 23 2 21 10 
14 8 11 3 5 23 2 21 10 
14 8 11 3 4 23 2 21 10 
14 8 11 3 22 23 2 21 10 
14 5 11 3 22 23 9 21 10 
14 5 16 3 22 23 9 7 10 
14 5 16 3 22 23 9 7 10 
14 5 16 3 22 23 9 7 10 
14 5 16 3 22 19 9 7 24 
18 5 16 3 22 19 9 7 10 
18 5 16 3 17 19 9 7 10 
18 5 16 1 17 10 9 7 10 
18 5 16 1 17 10 9 7 10 
18 13 16 1 17 10 9 15 10 
18 13 16 1 17 10 15 15 10 
25 13 16 1 17 10 9 15 10 
25 13 16 1 17 10 9 15 10 
25 5 16 1 17 10 9 15 15 
5 5 16 1 17 10 9 15 14 
5 5 16 1 17 10 9 15 14 
5 5 16 1 17 10 27 15 14 
5 5 16 1 17 24 27 15 14 
5 5 16 1 25 24 27 15 27 
5 5 16 1 25 24 27 15 27 
5 5 16 1 25 24 27 15 27 
5 5 16 1 25 6 27 15 27 
5 5 16 1 18 6 26 15 27 
5 5 16 1 18 6 26 15 27 
5 22 16 1 15 6 26 15 27 
5 22 16 1 15 6 26 10 27 
5 22 16 1 14 6 26 10 1 
5 22 16 1 14 6 26 10 1 
5 22 16 1 14 6 26 10 1 
5 22 16 1 26 9 26 10 1 
5 22 20 1 26 9 26 10 1 
26 22 20 1 26 9 26 10 1 
0 22 20 1 26 9 26 24 1 
0 22 20 1 26 9 26 10 27 
0 22 20 1 26 9 9 19 27 
0 22 20 1 26 9 9 19 27 
0 4 20 1 26 24 9 19 27 
0 4 20 27 26 24 9 19 27 
0 4 20 9 26 24 9 19 27 
0 4 20 9 26 24 9 19 5 
0 4 23 9 26 15 9 19 5 
22 4 23 6 26 15 9 19 5 
22 4 23 6 26 15 9 19 5 
22 15 23 6 26 15 9 19 5 
22 15 20 6 26 15 9 19 5 
4 15 20 6 26 15 9 19 5 
27 15 20 6 26 24 9 19 5 
27 13 20 6 26 24 4 19 5 
27 13 20 6 26 24 4 19 5 
27 13 20 6 27 24 4 19 5 
27 13 19 6 2 24 4 19 5 
27 13 18 6 2 24 4 19 5 
27 13 18 6 2 24 4 18 5 
27 13 18 6 2 24 4 3 27 
27 13 18 6 2 24 4 3 5 
27 13 18 6 2 24 4 3 5 
27 13 18 6 2 24 4 3 5 
27 13 14 6 2 24 4 3 5 
27 13 14 24 2 24 4 3 5 
27 13 14 24 2 24 4 3 5 
27 13 25 24 2 24 26 3 5 
27 13 25 24 2 24 22 3 5 
27 13 25 24 2 24 22 3 1 
27 13 25 11 2 24 22 3 1 
27 13 25 11 2 24 0 3 1 
9 13 25 11 2 24 0 3 1 
9 13 14 11 2 24 0 3 1 
9 13 14 11 2 21 0 3 1 
9 13 14 11 2 21 0 3 1 
9 13 14 21 2 21 0 3 15 
9 13 14 21 3 21 0 3 15 
9 13 14 21 3 21 0 3 15 
9 17 14 21 3 21 0 3 15 
9 17 1 21 3 6 0 3 15 
22 17 1 21 3 6 0 3 15 
22 17 1 21 12 6 0 3 15 
22 17 1 10 19 6 0 3 15 
22 17 1 10 19 6 1 3 15 
22 17 26 10 19 24 1 3 15 
8 17 26 10 19 24 1 3 15 
8 13 26 10 19 24 9 3 15 
8 13 26 10 19 24 9 3 15 
8 13 26 10 19 10 9 3 15 
21 13 26 10 19 10 9 7 15 
21 13 26 10 19 10 9 7 25 
11 13 26 10 19 10 19 7 25 
11 13 26 10 19 24 19 7 25 
11 18 26 11 19 24 19 7 25 
11 18 26 11 19 24 19 7 25 
11 18 26 11 19 3 19 7 15 
11 18 26 11 19 3 19 7 15 
11 18 26 19 19 3 19 12 15 
11 13 26 19 19 3 19 12 15 
11 13 27 19 19 3 19 12 15 
11 13 27 19 19 3 19 12 15 
11 13 6 19 19 3 19 12 15 
11 13 6 19 19 7 15 12 15 
11 13 6 19 20 7 15 23 15 
11 13 6 19 20 7 15 23 10 
11 5 6 19 20 7 15 23 10 
11 5 6 19 23 21 15 23 10 
11 5 6 19 23 21 15 23 27 
11 5 6 19 23 21 15 23 27 
11 5 6 19 12 21 15 23 27 
11 5 6 19 12 21 14 23 27 
11 5 24 19 12 20 14 23 27 
16 5 24 23 12 20 14 23 27 
16 5 24 23 12 20 15 16 27 
16 5 24 8 27 20 15 16 27 
16 22 14 8 27 20 15 16 27 
16 22 0 8 27 20 10 16 27 
16 2 0 8 27 20 10 12 27 
16 2 0 8 27 20 10 12 3 
16 2 0 8 27 20 10 12 3 
16 2 0 8 27 20 10 10 3 
16 2 0 8 27 20 10 10 3 
16 2 0 8 27 20 24 10 3 
12 2 0 8 27 20 24 10 3 
12 2 0 8 27 20 24 10 3 
12 2 3 6 27 20 24 10 3 
12 2 3 6 27 20 12 10 3 
12 2 3 6 27 20 12 15 3 
12 2 3 6 27 20 12 20 3 
16 2 3 6 27 20 12 20 3 
12 2 3 6 27 20 12 20 3 
12 2 3 6 27 20 12 20 7 
12 2 3 6 27 23 12 20 7 
12 6 3 6 27 23 12 20 7 
12 6 3 6 27 23 12 20 7 
12 7 3 6 19 23 12 20 7 
12 7 3 6 19 23 12 17 13 
6 7 3 6 19 23 11 17 13 
6 21 3 6 19 20 11 17 13 
7 21 3 6 19 20 11 17 13 
7 21 3 6 19 19 21 17 13 
7 3 3 6 19 23 21 17 13 
7 3 3 6 19 16 21 17 13 
11 3 3 6 19 16 21 17 13 
11 3 3 6 19 16 21 17 13 
11 3 3 6 10 11 21 17 13 
11 3 3 24 10 11 21 17 13 
11 6 3 24 10 11 21 17 13 
11 6 3 24 10 11 21 12 13 
11 3 3 24 10 11 21 12 13 
11 3 3 24 10 11 21 12 13 
11 3 21 27 10 11 21 12 13 
11 3 21 27 1 11 21 12 13 
11 2 21 27 1 11 11 12 13 
11 2 21 27 1 11 11 12 22 
11 2 21 27 1 11 11 12 26 
11 2 21 27 1 14 11 12 26 
3 2 21 27 1 14 9 12 26 
3 2 21 27 10 14 9 7 26 
3 27 21 27 9 14 9 7 26 
3 27 21 27 9 14 14 7 26 
3 27 21 27 9 14 14 7 5 
3 27 21 27 8 14 14 7 5 
3 27 6 27 8 14 14 7 5 
3 27 7 27 8 14 14 7 5 
3 27 7 27 8 18 14 7 5 
3 1 7 27 8 18 14 7 26 
3 1 7 27 8 18 14 7 26 
7 1 7 27 8 18 14 7 26 
7 6 7 27 8 18 14 7 20 
0 6 7 27 8 14 14 7 20 
0 6 7 27 8 14 13 7 20 
0 6 21 9 8 14 13 7 20 
0 6 21 1 8 14 13 7 20 
0 23 21 24 8 14 13 7 20 
22 23 21 24 8 18 13 7 20 
22 23 21 24 8 18 8 6 20 
22 23 21 24 8 19 8 6 20 
22 23 21 14 18 19 8 6 20 
22 23 24 14 18 19 5 6 20 
22 23 24 14 18 19 18 6 23 
22 23 24 14 18 20 18 6 23 
22 20 24 25 18 20 18 6 23 
22 20 7 25 18 20 18 6 23 
22 20 7 25 18 12 18 24 23 
22 20 7 25 18 12 18 12 23 
22 20 7 25 18 11 18 12 23 
22 20 11 25 18 11 18 12 20 
22 20 11 13 18 11 18 12 20 
9 20 11 13 18 11 18 12 15 
9 9 11 13 18 11 18 12 15 
9 9 11 13 18 11 15 12 15 
9 1 11 13 18 11 5 12 15 
9 1 15 17 18 11 5 12 15 
9 1 15 17 18 11 5 12 15 
9 1 15 17 18 11 5 12 15 
9 1 15 17 17 22 5 12 15 
14 1 15 17 17 22 5 12 15 
14 1 15 19 17 22 5 12 15 
14 1 15 19 17 22 0 12 15 
14 1 15 19 17 22 0 16 9 
14 1 15 19 17 22 0 18 8 
14 1 26 19 17 22 0 18 8 
14 1 26 19 13 22 0 18 8 
14 1 26 19 13 22 0 18 25 
14 1 26 19 17 22 0 18 25 
15 1 1 19 17 22 0 18 25 
15 1 1 19 17 4 0 18 25 
25 1 1 19 17 4 0 18 25 
25 1 1 27 17 4 1 18 25 
25 1 1 27 17 0 1 18 25 
25 1 1 27 17 0 1 18 25 
25 1 1 27 13 0 1 18 25 
15 1 1 27 13 0 1 24 25 
15 1 27 27 22 0 1 24 25 
15 1 27 4 22 0 1 24 17 
15 1 27 4 22 0 1 2 17 
15 1 27 5 11 0 1 2 17 
10 1 27 5 11 14 1 2 17 
14 1 27 5 11 14 1 20 17 
14 1 9 5 11 14 1 20 17 
18 1 19 5 11 14 1 20 17 
18 2 19 5 11 14 27 20 17 
18 2 19 5 11 14 24 20 9 
18 0 19 5 11 14 2 20 9 
18 0 19 5 11 18 1 20 9 
22 0 19 5 11 18 1 20 9 
22 0 20 5 16 18 1 20 9 
22 0 23 5 16 14 1 20 9 
22 0 23 5 16 14 1 16 11 
0 0 0 0 0 0 0 0 0 
;
ROBOT MOVING BEST:
0 0 0 0 0 0 0 0 0 
0 0 0 0 1 0 1 0 0 
0 1 1 0 0 0 0 0 0 
0 0 0 0 1 0 0 1 0 
0 0 0 0 1 0 0 0 1 
1 1 0 0 0 0 0 0 0 
0 0 0 1 0 0 0 1 0 
1 1 0 0 0 0 0 0 0 
1 0 0 0 0 1 0 0 0 
0 0 0 0 0 0 0 1 1 
0 0 0 0 0 0 1 1 0 
1 0 0 0 1 0 0 0 0 
0 0 0 1 0 1 0 0 0 
1 0 0 0 0 0 0 0 1 
0 0 0 1 0 0 0 0 1 
1 1 0 0 0 0 0 0 0 
0 0 0 1 0 1 0 0 0 
0 1 0 0 1 0 0 0 0 
1 0 0 1 0 0 0 0 0 
1 1 0 0 0 0 0 0 0 
0 1 0 1 0 0 0 0 0 
0 0 0 0 1 0 1 0 0 
1 0 0 0 0 1 0 0 0 
0 0 0 1 0 1 0 0 0 
0 1 0 0 0 1 0 0 0 
0 0 0 1 0 1 0 0 0 
0 0 1 0 0 1 0 0 0 
0 1 0 0 1 0 0 0 0 
1 0 0 1 0 0 0 0 0 
0 0 1 0 0 1 0 0 0 
0 0 1 0 1 0 0 0 0 
0 0 0 0 0 0 0 1 1 
0 1 0 0 0 0 0 1 0 
0 1 0 0 0 0 0 1 0 
1 0 0 0 0 0 0 0 1 
0 0 1 1 0 0 0 0 0 
0 0 0 0 1 0 0 1 0 
0 0 0 0 0 0 1 1 0 
0 0 0 0 0 1 0 1 0 
0 1 0 0 0 1 0 0 0 
0 0 1 0 0 1 0 0 0 
0 0 0 0 0 1 0 1 0 
0 0 1 0 0 0 1 0 0 
0 0 0 0 0 0 1 1 0 
1 0 0 0 0 0 0 1 0 
0 0 0 0 0 0 1 0 1 
0 0 1 0 0 0 1 0 0 
0 0 1 0 0 0 1 0 0 
0 0 0 0 0 0 1 0 1 
0 0 1 0 0 0 0 0 1 
0 0 0 0 0 0 0 1 1 
0 1 0 0 1 0 0 0 0 
0 0 0 0 1 0 1 0 0 
0 1 0 0 0 0 1 0 0 
0 0 0 1 0 0 1 0 0 
0 0 0 0 1 0 1 0 0 
0 0 0 0 1 0 1 0 0 
0 1 0 0 0 0 1 0 0 
0 0 1 0 0 0 0 1 0 
0 0 0 0 1 0 0 0 1 
0 0 0 0 0 0 1 1 0 
0 0 0 0 0 1 0 0 1 
1 0 0 0 0 0 0 0 1 
0 0 0 0 1 0 1 0 0 
0 0 0 1 0 1 0 0 0 
0 0 0 0 0 0 1 0 1 
0 1 0 0 0 0 0 1 0 
0 0 0 0 0 0 1 0 1 
1 0 0 0 0 0 1 0 0 
1 0 0 0 0 0 0 0 1 
0 1 0 0 0 0 0 0 1 
1 0 0 0 0 0 0 0 1 
0 0 0 0 1 1 0 0 0 
0 0 0 0 1 0 1 0 0 
0 0 0 0 1 1 0 0 0 
0 0 0 0 1 0 0 0 1 
0 0 0 0 1 0 0 1 0 
0 0 0 0 1 1 0 0 0 
0 0 0 0 1 1 0 0 0 
0 0 0 0 1 0 1 0 0 
0 0 0 0 1 0 0 1 0 
0 1 0 0 1 0 0 0 0 
1 0 0 0 0 0 0 1 0 
0 0 0 0 1 0 0 0 1 
0 0 1 0 0 1 0 0 0 
0 0 1 0 1 0 0 0 0 
0 0 0 0 1 1 0 0 0 
0 0 1 0 0 0 0 1 0 
1 0 0 0 0 0 0 1 0 
1 0 0 0 0 0 0 1 0 
0 0 0 0 0 0 0 1 1 
0 0 0 0 0 0 1 1 0 
1 0 0 1 0 0 0 0 0 
0 1 0 0 0 1 0 0 0 
0 0 1 1 0 0 0 0 0 
0 0 1 1 0 0 0 0 0 
1 0 0 0 0 0 0 0 1 
0 0 1 0 0 1 0 0 0 
1 0 0 1 0 0 0 0 0 
0 0 1 0 0 0 1 0 0 
0 1 0 0 1 0 0 0 0 
0 0 1 0 0 1 0 0 0 
1 0 0 0 0 0 1 0 0 
1 0 0 0 0 1 0 0 0 
0 1 0 0 0 0 1 0 0 
0 0 1 0 0 0 0 1 0 
0 0 0 0 1 0 0 0 1 
0 0 1 0 1 0 0 0 0 
0 0 1 0 0 0 1 0 0 
0 1 0 0 0 0 0 1 0 
0 0 0 0 0 0 0 1 1 
0 0 1 0 0 0 0 0 1 
0 0 1 1 0 0 0 0 0 
0 0 1 0 0 1 0 0 0 
1 0 1 0 0 0 0 0 0 
0 0 1 1 0 0 0 0 0 
0 0 1 0 0 0 1 0 0 
0 0 1 0 0 0 1 0 0 
0 0 0 1 0 0 1 0 0 
0 0 0 1 0 0 0 0 1 
1 0 0 1 0 0 0 0 0 
0 0 1 0 0 0 1 0 0 
1 0 0 0 1 0 0 0 0 
0 0 1 0 1 0 0 0 0 
0 0 0 0 1 1 0 0 0 
0 0 0 0 1 0 0 0 1 
0 0 0 1 0 0 0 0 1 
0 0 0 0 1 1 0 0 0 
1 0 1 0 0 0 0 0 0 
0 1 1 0 0 0 0 0 0 
0 0 1 0 0 1 0 0 0 
1 0 0 0 0 0 1 0 0 
0 0 0 1 1 0 0 0 0 
0 0 0 1 1 0 0 0 0 
0 0 0 0 0 0 1 1 0 
0 0 1 0 0 1 0 0 0 
1 1 0 0 0 0 0 0 0 
0 1 0 0 0 0 1 0 0 
0 1 0 0 0 1 0 0 0 
1 0 0 0 0 1 0 0 0 
1 0 0 0 0 0 0 1 0 
0 1 0 0 0 0 0 0 1 
1 0 0 0 0 0 1 0 0 
0 0 0 0 0 1 0 1 0 
0 1 0 1 0 0 0 0 0 
0 0 0 1 0 1 0 0 0 
0 0 0 0 0 1 0 0 1 
0 0 0 1 0 0 0 1 0 
0 0 0 1 0 0 0 1 0 
0 1 1 0 0 0 0 0 0 
0 0 1 0 1 0 0 0 0 
0 1 0 0 0 0 1 0 0 
0 0 1 0 0 0 1 0 0 
0 0 0 0 0 1 1 0 0 
0 0 0 0 1 0 0 1 0 
0 1 0 0 0 0 0 0 1 
0 1 0 1 0 0 0 0 0 
0 0 0 0 1 1 0 0 0 
0 0 1 0 0 0 0 0 1 
0 0 0 1 0 0 0 1 0 
0 0 0 0 1 0 0 1 0 
0 0 0 1 0 0 1 0 0 
0 0 1 0 0 1 0 0 0 
1 0 0 1 0 0 0 0 0 
0 0 0 0 0 0 1 1 0 
0 0 0 1 1 0 0 0 0 
0 1 1 0 0 0 0 0 0 
0 0 1 0 0 0 1 0 0 
0 1 0 0 0 0 0 1 0 
0 0 0 0 0 0 0 1 1 
1 0 0 0 0 0 0 1 0 
1 0 0 0 0 0 0 1 0 
0 0 0 0 0 0 1 0 1 
1 0 0 0 0 0 1 0 0 
1 0 0 0 0 0 0 1 0 
0 1 0 0 0 0 1 0 0 
0 0 1 1 0 0 0 0 0 
0 0 0 0 1 0 1 0 0 
1 0 0 0 0 0 0 1 0 
0 0 0 0 0 0 0 1 1 
1 0 0 0 0 0 0 0 1 
1 0 0 0 0 1 0 0 0 
0 1 0 0 0 0 0 0 1 
0 0 0 0 0 1 0 0 1 
1 1 0 0 0 0 0 0 0 
0 1 0 0 0 1 0 0 0 
0 1 0 0 1 0 0 0 0 
0 0 0 0 0 0 0 1 1 
1 0 0 0 0 0 1 0 0 
0 1 0 0 0 1 0 0 0 
1 0 0 0 0 1 0 0 0 
0 0 0 0 0 1 1 0 0 
0 1 0 0 0 1 0 0 0 
0 0 0 0 1 1 0 0 0 
1 0 0 0 0 0 1 0 0 
0 0 0 0 0 1 1 0 0 
0 0 0 0 1 1 0 0 0 
0 1 0 1 0 0 0 0 0 
0 1 0 0 0 0 1 0 0 
0 0 0 0 0 1 0 1 0 
1 1 0 0 0 0 0 0 0 
0 0 0 1 0 0 1 0 0 
0 0 1 1 0 0 0 0 0 
1 0 0 0 1 0 0 0 0 
0 1 0 0 0 0 1 0 0 
1 0 0 0 0 0 0 0 1 
1 0 0 0 0 0 0 0 1 
1 0 0 0 0 1 0 0 0 
1 0 0 0 0 0 1 0 0 
0 0 0 0 1 0 0 1 0 
0 1 0 0 1 0 0 0 0 
0 0 1 0 0 0 1 0 0 
0 0 1 0 0 0 0 0 1 
0 0 0 0 1 1 0 0 0 
0 0 1 0 0 0 0 0 1 
1 0 1 0 0 0 0 0 0 
0 0 0 1 0 1 0 0 0 
0 1 0 0 0 0 0 0 1 
0 0 0 1 0 0 0 0 1 
1 0 0 1 0 0 0 0 0 
0 1 0 0 0 0 0 0 1 
1 0 0 0 0 1 0 0 0 
0 0 0 1 0 0 1 0 0 
0 0 1 1 0 0 0 0 0 
0 0 1 1 0 0 0 0 0 
0 1 0 1 0 0 0 0 0 
1 0 0 0 0 1 0 0 0 
0 0 0 0 0 0 1 1 0 
0 0 0 0 0 1 1 0 0 
0 0 0 1 1 0 0 0 0 
0 0 1 0 0 0 1 0 0 
0 0 0 0 0 0 1 0 1 
0 0 0 0 1 1 0 0 0 
0 1 0 1 0 0 0 0 0 
0 0 1 0 0 0 0 1 0 
0 0 0 0 0 1 0 1 0 
0 0 1 0 0 0 0 1 0 
0 0 0 0 0 1 0 0 1 
0 0 1 0 0 0 0 0 1 
1 0 0 1 0 0 0 0 0 
1 0 0 0 0 0 0 0 1 
0 1 0 0 1 0 0 0 0 
0 0 1 0 0 0 1 0 0 
0 1 0 0 0 0 1 0 0 
0 0 1 1 0 0 0 0 0 
1 0 0 0 0 0 0 1 0 
0 0 0 1 1 0 0 0 0 
0 0 0 0 1 1 0 0 0 
1 0 1 0 0 0 0 0 0 
0 0 1 1 0 0 0 0 0 
0 0 0 0 1 0 1 0 0 
0 0 0 0 0 0 0 1 1 
0 0 0 0 0 0 0 1 1 
1 0 1 0 0 0 0 0 0 
1 0 0 0 1 0 0 0 0 
0 0 0 0 0 0 0 1 1 
0 0 0 1 1 0 0 0 0 
1 0 1 0 0 0 0 0 0 
1 0 0 0 0 1 0 0 0 
1 0 0 1 0 0 0 0 0 
0 0 0 1 0 0 1 0 0 
0 0 0 1 0 1 0 0 0 
1 0 1 0 0 0 0 0 0 
0 0 1 0 1 0 0 0 0 
1 0 0 0 0 0 0 1 0 
0 0 1 0 1 0 0 0 0 
0 0 0 1 0 0 0 0 1 
1 0 0 0 0 0 0 1 0 
0 0 0 1 1 0 0 0 0 
1 0 0 0 0 1 0 0 0 
1 0 0 0 0 0 0 1 0 
0 1 1 0 0 0 0 0 0 
1 0 1 0 0 0 0 0 0 
0 1 0 0 0 0 1 0 0 
0 0 0 0 0 0 1 0 1 
0 1 0 0 0 0 1 0 0 
0 0 0 0 0 1 1 0 0 
1 0 1 0 0 0 0 0 0 
0 0 1 0 1 0 0 0 0 
0 0 1 0 0 1 0 0 0 
0 0 0 0 0 0 0 1 1 
1 0 1 1 1 1 1 1 1 
;
TIMETABLE BEST: 
0.0 0.0 0.0 0.0 0.0 0.0 0.0 0.0 0.0 
0 0 0 0 14 0 60 0 0 
0 0 54 0 14 0 60 0 0 
0 0 54 0 25 0 60 0 0 
0 0 54 0 36 0 60 0 26 
0 14 54 0 36 0 60 0 26 
0 14 54 18 36 0 60 14 26 
0 28 54 18 36 0 60 14 26 
14 28 54 18 36 24 60 14 26 
14 28 54 18 36 24 60 14 26 
14 28 54 18 36 24 81 54 26 
28 28 54 18 36 24 81 54 26 
28 28 54 18 36 24 81 54 26 
37 28 54 18 36 24 81 54 50 
37 28 54 36 36 24 81 54 74 
37 28 54 36 36 24 81 54 74 
37 28 54 36 36 36 81 54 74 
37 28 54 36 60 36 81 54 74 
37 28 54 36 60 36 81 54 74 
56 28 54 36 60 36 81 54 74 
56 52 54 36 60 36 81 54 74 
56 52 54 36 74 36 99 54 74 
71 52 54 36 74 36 99 54 74 
71 52 54 58 74 50 99 54 74 
71 63 54 58 74 50 99 54 74 
71 63 54 89 74 64 99 54 74 
71 63 54 89 74 64 99 54 74 
71 76 54 89 92 64 99 54 74 
106 76 54 120 92 64 99 54 74 
106 76 67 120 92 78 99 54 74 
106 76 82 120 124 78 99 54 74 
106 76 82 120 124 78 99 54 74 
106 88 82 120 124 78 99 54 74 
106 112 82 120 124 78 99 67 74 
141 112 82 120 124 78 99 67 117 
141 112 106 151 124 78 99 67 117 
141 112 106 151 136 78 99 80 117 
141 112 106 151 136 78 112 103 117 
141 112 106 151 136 78 112 103 117 
141 124 106 151 136 104 112 103 117 
141 124 118 151 136 104 112 103 117 
141 124 118 151 136 160 112 114 117 
141 124 129 151 136 160 112 114 117 
141 124 129 151 136 160 112 127 117 
172 124 129 151 136 160 112 140 117 
172 124 129 151 136 160 112 140 128 
172 124 129 151 136 160 130 140 128 
172 124 184 151 136 160 130 140 128 
172 124 184 151 136 160 130 140 128 
172 124 201 151 136 160 130 140 142 
172 124 201 151 136 160 130 152 156 
172 143 201 151 136 160 130 152 156 
172 143 201 151 136 160 130 152 156 
172 156 201 151 136 160 130 152 156 
172 156 201 210 136 160 130 152 156 
172 156 201 210 150 160 130 152 156 
172 156 201 210 162 160 130 152 156 
172 180 201 210 162 160 164 152 156 
172 180 231 210 162 160 164 164 156 
172 180 231 210 162 160 164 164 156 
172 180 231 210 162 160 164 164 156 
172 180 231 210 162 183 164 164 169 
183 180 231 210 162 183 164 164 182 
183 180 231 210 192 183 164 164 182 
183 180 231 250 192 214 164 164 182 
183 180 231 250 192 214 164 164 182 
183 211 231 250 192 214 164 219 182 
183 211 231 250 192 214 185 219 182 
196 211 231 250 192 214 206 219 182 
196 211 231 250 192 214 206 219 182 
196 242 231 250 192 214 206 219 193 
232 242 231 250 192 214 206 219 206 
232 242 231 250 192 214 206 219 206 
232 242 231 250 192 214 221 219 206 
232 242 231 250 192 227 221 219 206 
232 242 231 250 204 227 221 219 237 
232 242 231 250 204 227 221 219 237 
232 242 231 250 204 227 221 219 237 
232 242 231 250 204 240 221 219 237 
232 242 231 250 217 240 243 219 237 
232 242 231 250 217 240 243 219 237 
232 254 231 250 235 240 243 219 237 
232 254 231 250 235 240 243 230 237 
232 254 231 250 248 240 243 230 252 
232 254 231 250 248 240 243 230 252 
232 254 231 250 248 240 243 230 252 
232 254 231 250 287 268 243 230 252 
232 254 252 250 287 268 243 230 252 
241 254 252 250 287 268 243 230 252 
258 254 252 250 287 268 243 243 252 
258 254 252 250 287 268 243 256 267 
258 254 252 250 287 268 274 287 267 
258 254 252 250 287 268 274 287 267 
258 266 252 250 287 283 274 287 267 
258 266 252 265 287 283 274 287 267 
258 266 252 280 287 283 274 287 267 
258 266 252 280 287 283 274 287 288 
258 266 262 280 287 307 274 287 288 
282 266 262 308 287 307 274 287 288 
282 266 262 308 287 307 274 287 288 
282 323 262 308 287 307 274 287 288 
282 323 272 308 287 307 274 287 288 
294 323 272 308 287 307 274 287 288 
327 323 272 308 287 331 274 287 288 
327 357 272 308 287 331 310 287 288 
327 357 272 308 287 331 310 287 288 
327 357 272 308 309 331 310 287 288 
327 357 285 308 328 331 310 287 288 
327 357 305 308 328 331 310 287 288 
327 357 305 308 328 331 310 307 288 
327 357 305 308 328 331 310 386 309 
327 357 305 308 328 331 310 386 330 
327 357 305 308 328 331 310 386 330 
327 357 305 308 328 331 310 386 330 
327 357 316 308 328 331 310 386 330 
327 357 316 321 328 331 310 386 330 
327 357 316 321 328 331 310 386 330 
327 357 332 321 328 331 321 386 330 
327 357 332 321 328 331 332 386 330 
327 357 332 321 328 331 332 386 348 
327 357 332 339 328 331 332 386 348 
327 357 332 339 328 331 356 386 348 
342 357 332 339 328 331 356 386 348 
342 357 348 339 328 331 356 386 348 
342 357 348 339 328 356 356 386 348 
342 357 348 339 328 356 356 386 348 
342 357 348 358 328 356 356 386 397 
342 357 348 358 350 356 356 386 397 
342 357 348 358 350 356 356 386 397 
342 368 348 358 350 356 356 386 397 
342 368 390 358 350 368 356 386 397 
366 368 390 358 350 368 356 386 397 
366 368 390 358 384 368 356 386 397 
366 368 390 396 429 368 356 386 397 
366 368 390 396 429 368 374 386 397 
366 368 409 396 429 381 374 386 397 
378 368 409 396 429 381 374 386 397 
378 379 409 396 429 381 402 386 397 
378 379 409 396 429 381 402 386 397 
378 379 409 396 429 394 402 386 397 
448 379 409 396 429 394 402 402 397 
448 379 409 396 429 394 402 402 420 
467 379 409 396 429 394 439 402 420 
467 379 409 396 429 407 439 402 420 
467 405 409 417 429 407 439 402 420 
467 405 409 417 429 407 439 402 420 
467 405 409 417 429 444 439 402 443 
467 405 409 417 429 444 439 402 443 
467 405 409 447 429 444 439 420 443 
467 431 409 447 429 444 439 420 443 
467 431 431 447 429 444 439 420 443 
467 431 431 447 429 444 439 420 443 
467 431 466 447 429 444 439 420 443 
467 431 466 447 429 460 463 420 443 
467 431 466 447 442 460 463 442 443 
467 431 466 447 442 460 463 442 454 
467 462 466 447 442 460 463 442 454 
467 462 466 447 452 472 463 442 454 
467 462 466 447 452 472 463 442 481 
467 462 466 447 452 472 463 442 481 
467 462 466 447 474 472 463 442 481 
467 462 466 447 474 472 476 442 481 
467 462 479 447 474 526 476 442 481 
497 462 479 470 474 526 476 442 481 
497 462 479 470 474 526 489 453 481 
497 462 479 552 539 526 489 453 481 
497 474 510 552 539 526 489 453 481 
497 474 564 552 539 526 500 453 481 
497 524 564 552 539 526 500 464 481 
497 524 564 552 539 526 500 464 520 
497 524 564 552 539 526 500 464 520 
497 524 564 552 539 526 500 510 520 
497 524 564 552 539 526 500 510 520 
497 524 564 552 539 526 513 510 520 
508 524 564 552 539 526 513 510 520 
508 524 564 552 539 526 513 510 520 
508 524 622 610 539 526 513 510 520 
508 524 622 610 539 526 558 510 520 
508 524 622 610 539 526 558 521 520 
508 524 622 610 539 526 558 552 520 
519 524 622 610 539 526 558 552 520 
530 524 622 610 539 526 558 552 520 
530 524 622 610 539 526 558 552 536 
530 524 622 610 539 536 558 552 536 
530 542 622 610 539 536 558 552 536 
530 542 622 610 539 536 558 552 536 
530 562 622 610 589 536 558 552 536 
530 562 622 610 589 536 558 600 617 
568 562 622 610 589 536 585 600 617 
568 574 622 610 589 546 585 600 617 
588 574 622 610 589 546 585 600 617 
588 574 622 610 589 559 604 600 617 
588 586 622 610 589 582 604 600 617 
588 586 622 610 589 593 604 600 617 
613 586 622 610 589 593 604 600 617 
613 586 622 610 589 593 604 600 617 
613 586 622 610 620 623 604 600 617 
613 586 622 623 620 623 604 600 617 
613 610 622 623 620 623 604 600 617 
613 610 622 623 620 623 604 680 617 
613 634 622 623 620 623 604 680 617 
613 634 622 623 620 623 604 680 617 
613 634 634 649 620 623 604 680 617 
613 634 634 649 662 623 604 680 617 
613 656 634 649 662 623 623 680 617 
613 656 634 649 662 623 623 680 636 
613 656 634 649 662 623 623 680 647 
613 656 634 649 662 660 623 680 647 
644 656 634 649 662 660 648 680 647 
644 656 634 649 704 660 648 698 647 
644 675 634 649 718 660 648 698 647 
644 675 634 649 718 660 664 698 647 
644 675 634 649 718 660 664 698 656 
644 675 634 649 750 660 664 698 656 
644 675 646 649 750 660 664 698 656 
644 675 666 649 750 660 664 698 656 
644 675 666 649 750 671 664 698 656 
644 690 666 649 750 671 664 698 665 
644 690 666 649 750 671 664 698 665 
660 690 666 649 750 671 664 698 665 
660 726 666 649 750 671 664 698 746 
734 726 666 649 750 682 664 698 746 
734 726 666 649 750 682 689 698 746 
734 726 678 664 750 682 689 698 746 
734 726 678 692 750 682 689 698 746 
734 778 678 729 750 682 689 698 746 
758 778 678 729 750 693 689 698 746 
758 778 678 729 750 693 702 718 746 
758 778 678 729 750 713 702 718 746 
758 778 678 760 789 713 702 718 746 
758 778 703 760 789 713 726 718 746 
758 778 703 760 789 713 765 718 756 
758 778 703 760 789 726 765 718 756 
758 788 703 776 789 726 765 718 756 
758 788 734 776 789 726 765 718 756 
758 788 734 776 789 758 765 731 756 
758 788 734 776 789 758 765 776 756 
758 788 734 776 789 785 765 776 756 
758 788 759 776 789 785 765 776 766 
758 788 759 789 789 785 765 776 766 
782 788 759 789 789 785 765 776 797 
782 838 759 789 789 785 765 776 797 
782 838 759 789 789 785 783 776 797 
782 866 759 789 789 785 826 776 797 
782 866 789 800 789 785 826 776 797 
782 866 789 800 789 785 826 776 797 
782 866 789 800 789 785 826 776 797 
782 866 789 800 806 834 826 776 797 
798 866 789 800 806 834 826 776 797 
798 866 789 835 806 834 826 776 797 
798 866 789 835 806 834 850 776 797 
798 866 789 835 806 834 850 787 818 
798 866 789 835 806 834 850 839 850 
798 866 841 835 806 834 850 839 850 
798 866 841 835 817 834 850 839 850 
798 866 841 835 817 834 850 839 876 
798 866 841 835 828 834 850 839 876 
811 866 860 835 828 834 850 839 876 
811 866 860 835 828 846 850 839 876 
834 866 860 835 828 846 850 839 876 
834 866 860 885 828 846 868 839 876 
834 866 860 885 828 860 868 839 876 
834 866 860 885 828 860 868 839 876 
834 866 860 885 839 860 868 839 876 
857 866 860 885 839 860 868 881 876 
857 866 875 885 858 860 868 881 876 
857 866 875 918 858 860 868 881 888 
857 866 875 918 858 860 868 900 888 
857 866 875 932 907 860 868 900 888 
868 866 875 932 907 914 868 900 888 
886 866 875 932 907 914 868 962 888 
886 866 890 932 907 914 868 962 888 
897 866 927 932 907 914 868 962 888 
897 886 927 932 907 914 883 962 888 
897 886 927 932 907 914 909 962 932 
897 922 927 932 907 914 928 962 932 
897 922 927 932 907 925 948 962 932 
938 922 927 932 907 925 948 962 932 
938 922 940 932 937 925 948 962 932 
938 922 950 932 937 936 948 962 932 
938 922 950 932 937 936 948 983 957 
962.0 922.0 1056.0 956.0 1038.0 990.0 966.0 1084.0 1028.0 
;
EXECUTION TIME HBSS: 6557.833143 seconds 

-------------------------------------------------------------------
