DATFILE : bwopen0_6r_500.dat
ENVIRONMENT : bwopen
ALGORITHM : HBSS - TAU 3
RANGE : 500
STARTING_POS : 0
N_ROBOTS : 6
GREEDY SOLUTION : [ 2274.]
COMPUTATIONS D :
2496
2216
2314
2416
2420
2366
2388
2328
2324
2420
2596
2378
2448
2682
2318
2276
2298
2498
2428
2390
2320
2032
2408
2342
2590
2426
2424
2238
2488
2160
2518
2266
2426
2384
2436
2404
2504
2300
2354
2356
2380
2294
2526
2514
2352
2314
2270
2276
2336
2156
2696
2424
2756
2414
2324
2350
2332
2492
2062
2340
2210
2354
2430
2290
2380
2448
2604
2330
2636
2258
2552
2556
2412
2374
2428
2320
2516
2530
2296
2444
2660
2402
2384
2446
2432
2516
2336
2456
2554
2490
2572
2154
2476
2246
2382
2294
2406
2466
2394
2424
2338
2548
2226
2252
2928
2512
2424
2374
2418
2430
2354
2388
2228
2492
2344
2518
2396
2376
2450
2438
2310
2378
2204
2260
2310
2506
2354
2622
2356
2302
2208
2530
2466
2486
2354
2438
2232
2380
2322
2180
2502
2326
2480
2274
2212
2458
2478
2316
2456
2250
2320
2324
2290
2478
2482
2542
2436
2370
2566
2270
2560
2600
2426
2574
2478
2506
2298
2582
2278
2548
2686
2142
2592
2520
2680
2314
2434
2308
2276
2218
2358
2198
2248
2450
2626
2486
2392
2456
2584
2464
2430
2940
2192
2326
2272
2388
2396
2344
2594
2388
;
HBBS sumD : 2032
BEST_CONFIGURATIONS : 
0 0 0 0 0 0 
0 4 0 0 0 0 
0 4 26 0 0 0 
0 4 26 0 0 1 
0 4 26 5 0 1 
0 4 26 5 22 1 
0 8 26 5 22 1 
4 8 26 5 22 1 
4 8 26 5 22 1 
4 8 26 5 22 1 
4 8 26 5 22 1 
4 8 26 5 22 1 
4 8 26 5 22 1 
4 8 26 5 22 1 
4 8 26 5 22 1 
4 8 26 5 22 1 
22 8 26 5 22 1 
22 8 26 5 22 1 
22 8 26 5 22 1 
22 8 26 5 22 1 
22 8 26 5 22 1 
22 8 26 5 22 27 
22 8 26 5 22 27 
22 8 26 5 22 27 
22 13 26 5 22 27 
22 13 26 5 22 27 
22 13 4 5 22 27 
22 13 4 5 22 27 
22 13 4 5 22 27 
22 13 4 5 22 27 
22 13 4 5 8 27 
22 13 4 9 8 27 
22 13 4 9 8 27 
22 13 0 9 8 27 
22 13 0 9 8 27 
22 17 0 9 8 27 
22 17 0 9 8 2 
22 17 0 9 8 2 
26 17 0 9 8 2 
26 17 0 9 8 2 
26 17 0 9 8 2 
26 17 0 9 8 2 
26 17 0 9 8 2 
26 17 0 9 8 2 
26 17 0 9 13 2 
5 17 0 9 13 2 
5 17 0 9 13 2 
5 17 0 9 13 2 
5 17 0 9 13 2 
5 17 0 9 13 2 
5 17 0 9 13 2 
5 17 0 9 13 2 
5 17 0 9 13 2 
5 17 0 10 13 2 
5 17 0 10 25 2 
5 17 0 10 25 2 
5 17 0 10 25 2 
5 17 4 10 25 2 
5 17 4 10 25 2 
5 17 4 10 25 2 
5 17 4 10 25 2 
5 17 4 10 25 2 
5 18 4 10 25 2 
26 18 4 10 25 2 
26 18 4 10 25 2 
26 18 4 10 25 2 
26 18 4 10 25 2 
26 18 4 10 25 2 
26 18 4 15 25 2 
26 18 4 15 25 2 
26 18 4 15 25 6 
26 18 4 15 25 6 
26 18 4 15 25 6 
26 18 4 15 25 6 
26 18 4 15 25 6 
22 18 4 15 25 6 
22 18 4 15 25 6 
22 18 8 15 25 6 
22 18 8 15 25 6 
22 18 8 15 25 6 
22 18 8 15 25 6 
22 18 8 15 25 6 
22 18 8 15 25 6 
22 18 8 15 25 6 
22 18 8 15 25 6 
22 18 8 15 25 6 
22 18 8 15 25 6 
22 18 8 15 25 6 
22 18 8 15 25 6 
22 14 8 15 25 6 
22 14 8 15 14 6 
22 14 8 10 14 6 
5 14 8 10 14 6 
5 14 8 10 14 6 
5 14 8 10 14 6 
5 14 8 10 14 6 
5 14 8 10 14 6 
5 14 8 10 14 24 
5 14 8 10 14 24 
5 14 8 10 14 24 
5 14 8 10 14 24 
5 14 13 10 14 24 
5 14 13 10 14 24 
26 14 13 10 14 24 
26 14 13 10 14 24 
26 14 13 10 14 24 
26 14 13 10 14 24 
26 14 13 10 14 24 
26 14 13 10 18 24 
26 14 13 10 18 24 
26 14 13 10 18 24 
26 14 13 10 18 24 
26 14 13 15 18 24 
26 14 17 15 18 24 
26 15 17 15 18 24 
26 15 17 15 18 24 
4 15 17 15 18 24 
4 15 17 15 18 24 
4 15 17 15 25 24 
4 15 17 15 25 9 
4 15 17 15 25 9 
4 15 17 15 25 9 
4 10 17 15 25 9 
4 10 13 15 25 9 
4 10 13 15 25 9 
4 10 13 15 25 9 
4 10 13 14 25 9 
4 10 13 14 25 9 
4 10 13 14 25 9 
4 10 13 14 18 9 
4 24 13 14 18 9 
0 24 13 14 18 9 
0 6 13 14 18 9 
0 6 13 14 18 27 
0 6 13 18 18 27 
0 6 13 18 18 1 
0 6 13 18 18 1 
0 6 13 19 18 1 
0 6 13 19 18 1 
0 6 25 19 18 1 
0 6 25 19 18 1 
0 6 25 19 19 1 
0 24 25 19 19 1 
0 24 25 19 19 27 
0 24 17 19 19 27 
5 24 17 19 19 27 
5 24 17 19 19 27 
5 24 17 19 19 27 
5 24 17 19 19 27 
22 24 17 19 19 27 
22 24 17 19 20 27 
22 24 17 19 20 27 
22 24 25 19 20 27 
22 24 25 19 20 27 
22 24 25 19 20 27 
22 24 25 19 20 27 
22 6 25 19 20 27 
22 6 14 19 20 27 
22 6 14 19 23 27 
22 6 14 19 23 9 
8 6 14 19 23 9 
8 21 14 19 23 9 
8 21 14 19 16 9 
8 21 14 20 16 9 
8 21 14 20 16 9 
8 21 14 20 16 9 
8 21 14 23 16 9 
8 21 14 23 16 9 
8 21 14 23 16 9 
8 21 14 23 16 9 
8 21 14 23 16 9 
8 21 14 23 16 9 
8 21 14 23 16 9 
8 21 18 23 16 9 
8 21 18 23 16 24 
8 21 18 23 16 24 
8 21 18 23 16 24 
8 21 18 20 16 24 
8 21 18 20 16 24 
8 21 18 20 16 24 
8 21 18 20 16 24 
8 3 18 20 16 24 
8 3 18 20 16 24 
8 3 18 20 23 24 
8 3 18 20 23 24 
8 3 18 20 23 6 
8 3 15 20 23 6 
8 3 15 23 23 6 
8 3 15 23 23 6 
8 3 15 23 23 6 
8 3 15 23 23 6 
8 3 15 23 23 6 
5 3 15 23 23 6 
5 7 15 23 23 6 
5 7 15 16 23 6 
5 7 15 16 23 6 
5 7 10 16 23 6 
5 7 10 16 23 21 
5 7 10 12 23 21 
5 7 10 12 20 21 
5 7 10 12 20 21 
5 7 10 12 20 21 
5 7 10 12 20 21 
5 7 10 12 20 21 
5 7 10 12 20 21 
5 7 10 12 20 21 
5 7 10 12 19 21 
1 7 10 12 19 21 
1 7 10 12 19 21 
1 7 10 12 19 21 
1 7 10 12 19 21 
1 7 10 12 19 21 
1 7 15 12 19 21 
1 7 15 12 19 21 
1 7 15 12 19 3 
1 7 15 12 19 3 
1 7 15 16 19 3 
1 7 15 16 19 3 
1 7 15 16 19 3 
27 7 15 16 19 3 
27 21 15 16 19 3 
27 21 15 16 19 3 
27 11 15 16 19 3 
27 11 15 16 19 3 
27 11 15 16 19 3 
27 11 10 16 19 3 
27 11 10 16 19 3 
27 11 10 12 19 3 
27 11 10 12 19 2 
27 11 10 12 19 2 
27 11 10 12 19 2 
27 11 10 12 20 2 
27 11 10 12 20 2 
27 11 10 12 20 2 
27 11 10 12 20 2 
27 11 15 12 20 2 
27 11 15 12 23 2 
27 11 15 12 23 2 
27 11 15 12 23 2 
9 11 15 12 23 2 
9 11 15 12 23 2 
9 11 15 12 23 2 
9 11 15 16 23 2 
9 11 15 16 23 2 
9 11 15 16 23 2 
9 11 14 16 23 2 
24 11 14 16 23 2 
24 6 14 16 23 2 
24 6 14 16 23 2 
24 6 14 16 23 2 
24 6 14 12 16 2 
24 21 14 12 16 2 
24 21 14 12 16 2 
24 21 14 12 16 1 
24 21 14 12 16 1 
6 21 14 12 16 1 
6 21 9 12 16 1 
6 21 9 12 16 1 
6 21 9 12 16 1 
6 21 9 12 11 1 
6 21 9 12 11 1 
6 21 9 7 11 1 
6 21 9 7 11 27 
6 21 9 7 11 27 
6 21 9 7 11 27 
6 21 9 7 11 27 
6 21 9 7 11 27 
6 3 9 7 11 27 
6 3 24 7 11 27 
2 3 24 7 11 27 
2 3 24 7 11 27 
2 3 24 7 11 27 
2 3 24 7 11 27 
2 3 24 7 11 27 
2 3 24 7 11 5 
2 3 24 7 11 26 
2 3 24 7 11 22 
2 3 18 7 11 22 
2 1 18 7 11 22 
2 1 25 7 11 22 
1 1 25 7 27 22 
0 0 0 0 0 0 
;
ROBOT MOVING BEST:
0 0 0 0 0 0 
1 1 0 0 0 0 
1 0 1 0 0 0 
1 0 0 0 0 1 
1 0 0 1 0 0 
1 0 0 0 1 0 
1 1 0 0 0 0 
1 0 1 0 0 0 
1 0 0 0 0 1 
0 0 1 0 0 1 
1 0 0 1 0 0 
1 0 0 0 1 0 
0 0 1 1 0 0 
0 0 1 0 1 0 
1 1 0 0 0 0 
0 0 0 1 0 1 
1 0 0 0 0 1 
0 1 1 0 0 0 
0 1 0 0 0 1 
0 0 0 1 1 0 
1 1 0 0 0 0 
0 0 1 0 0 1 
0 1 0 1 0 0 
0 0 0 1 0 1 
0 1 1 0 0 0 
0 0 0 0 1 1 
0 0 1 0 0 1 
0 1 0 1 0 0 
0 1 0 0 1 0 
0 1 1 0 0 0 
0 0 0 0 1 1 
1 0 0 1 0 0 
0 1 0 0 0 1 
0 0 1 0 0 1 
0 1 0 0 1 0 
1 1 0 0 0 0 
1 0 0 0 0 1 
0 0 0 1 1 0 
1 0 0 1 0 0 
0 1 0 0 1 0 
0 0 0 0 1 1 
0 0 1 1 0 0 
1 1 0 0 0 0 
1 0 0 0 0 1 
0 0 1 0 1 0 
1 0 0 1 0 0 
0 0 1 0 0 1 
0 1 1 0 0 0 
0 0 0 1 1 0 
1 1 0 0 0 0 
1 0 0 0 0 1 
0 1 0 0 1 0 
0 1 0 1 0 0 
0 0 1 1 0 0 
0 0 1 0 1 0 
1 0 0 1 0 0 
1 0 0 0 1 0 
0 1 1 0 0 0 
0 0 1 0 0 1 
0 1 0 1 0 0 
0 0 0 1 0 1 
0 1 0 0 1 0 
1 1 0 0 0 0 
1 0 0 1 0 0 
0 0 1 1 0 0 
1 0 0 0 1 0 
0 0 1 0 1 0 
0 0 0 1 1 0 
0 0 0 1 0 1 
1 1 0 0 0 0 
1 0 0 0 0 1 
0 1 1 0 0 0 
1 0 0 1 0 0 
0 0 1 0 0 1 
0 0 1 1 0 0 
1 0 0 0 1 0 
0 1 0 0 1 0 
0 0 1 0 1 0 
1 1 0 0 0 0 
0 0 0 1 1 0 
0 0 0 0 1 1 
1 0 0 0 0 1 
1 0 0 1 0 0 
0 1 1 0 0 0 
0 1 0 0 0 1 
0 1 0 1 0 0 
0 0 1 0 0 1 
0 0 1 1 0 0 
0 0 0 1 0 1 
0 1 0 0 1 0 
1 0 0 0 1 0 
1 0 0 1 0 0 
1 0 0 0 0 1 
0 0 1 0 1 0 
0 0 0 0 1 1 
0 0 1 1 0 0 
0 0 0 1 0 1 
0 0 1 0 0 1 
1 0 0 0 1 0 
0 0 0 1 1 0 
1 0 0 0 0 1 
0 0 1 0 1 0 
0 0 0 0 1 1 
1 0 0 0 1 0 
0 0 1 1 0 0 
0 0 0 1 0 1 
0 0 1 0 0 1 
1 0 0 0 0 1 
0 1 0 0 1 0 
0 0 0 1 1 0 
0 0 1 0 1 0 
0 0 0 0 1 1 
0 1 0 1 0 0 
0 1 1 0 0 0 
0 1 0 0 0 1 
0 0 1 0 0 1 
1 0 0 0 0 1 
0 0 1 0 1 0 
0 0 0 0 1 1 
0 1 0 0 0 1 
0 1 1 0 0 0 
1 0 0 0 0 1 
0 1 0 1 0 0 
0 0 1 1 0 0 
0 0 0 0 1 1 
0 1 0 0 0 1 
1 0 0 1 0 0 
0 0 0 1 0 1 
0 0 1 0 1 0 
0 0 0 0 1 1 
0 1 0 0 0 1 
1 0 0 1 0 0 
0 1 0 0 0 1 
0 0 0 1 0 1 
0 0 0 1 0 1 
0 0 1 0 0 1 
1 1 0 0 0 0 
0 0 1 1 0 0 
0 0 0 0 1 1 
0 0 1 0 0 1 
0 0 0 1 1 0 
0 0 1 0 1 0 
1 1 0 0 0 0 
0 0 1 0 0 1 
0 0 1 0 1 0 
1 0 0 0 1 0 
0 0 1 0 0 1 
0 0 0 0 1 1 
0 1 0 0 1 0 
1 0 0 0 1 0 
0 0 0 1 1 0 
0 1 0 0 0 1 
0 0 1 0 1 0 
0 1 0 0 1 0 
1 1 0 0 0 0 
0 0 0 0 1 1 
0 1 0 1 0 0 
0 0 1 1 0 0 
0 0 0 1 1 0 
0 0 0 1 0 1 
1 0 0 1 0 0 
0 1 0 1 0 0 
0 0 0 1 1 0 
0 0 1 1 0 0 
0 0 0 1 0 1 
0 1 0 1 0 0 
0 0 0 1 0 1 
0 0 1 1 0 0 
0 1 1 0 0 0 
0 1 0 0 0 1 
0 0 1 0 1 0 
0 0 0 0 1 1 
0 1 0 1 0 0 
0 0 1 1 0 0 
0 0 0 1 0 1 
0 0 0 1 1 0 
0 1 0 0 1 0 
0 0 1 1 0 0 
0 0 0 1 1 0 
0 1 0 0 0 1 
0 0 0 0 1 1 
0 1 0 0 1 0 
0 1 0 1 0 0 
0 0 0 1 1 0 
0 1 0 0 0 1 
0 0 0 1 0 1 
0 0 1 1 0 0 
0 1 0 1 0 0 
0 1 0 0 0 1 
0 0 0 1 0 1 
0 1 1 0 0 0 
0 0 1 1 0 0 
1 0 1 0 0 0 
0 1 0 1 0 0 
0 0 0 1 0 1 
0 0 1 1 0 0 
0 0 1 0 1 0 
1 0 0 0 0 1 
0 0 0 1 1 0 
0 1 0 0 1 0 
0 0 1 0 1 0 
0 0 0 1 1 0 
0 1 0 0 0 1 
0 1 1 0 0 0 
0 0 1 0 0 1 
0 1 0 1 0 0 
0 1 0 0 1 0 
1 0 1 0 0 0 
1 0 0 0 0 1 
0 0 1 1 0 0 
0 0 0 1 0 1 
0 0 1 0 1 0 
0 1 1 0 0 0 
0 0 0 1 1 0 
0 1 0 0 0 1 
1 0 1 0 0 0 
0 1 0 1 0 0 
1 0 0 0 0 1 
0 0 1 0 1 0 
1 1 0 0 0 0 
0 1 1 0 0 0 
0 1 0 0 0 1 
0 1 0 0 1 0 
1 0 1 0 0 0 
1 0 0 0 0 1 
0 0 1 0 0 1 
0 0 1 1 0 0 
0 0 0 1 0 1 
0 0 0 0 1 1 
1 0 1 0 0 0 
1 0 0 1 0 0 
0 1 0 0 1 0 
1 1 0 0 0 0 
0 1 1 0 0 0 
1 0 0 0 0 1 
0 0 1 1 0 0 
0 1 0 0 1 0 
0 1 0 1 0 0 
0 0 0 1 0 1 
1 0 0 1 0 0 
0 1 1 0 0 0 
1 1 0 0 0 0 
0 1 0 1 0 0 
0 1 0 0 0 1 
1 0 0 0 0 1 
0 1 1 0 0 0 
1 1 0 0 0 0 
0 1 0 0 0 1 
0 0 1 0 0 1 
1 0 0 0 0 1 
0 0 0 1 1 0 
0 1 0 0 0 1 
1 0 0 1 0 0 
0 0 1 0 0 1 
1 0 0 0 0 1 
1 0 0 1 0 0 
0 0 1 0 0 1 
1 1 0 0 0 0 
1 0 0 0 0 1 
0 0 0 0 1 1 
0 1 0 0 1 0 
1 0 0 1 0 0 
0 1 0 0 0 1 
0 0 1 1 0 0 
1 0 0 0 1 0 
1 0 0 0 0 1 
0 0 1 0 0 1 
0 1 1 0 0 0 
1 0 1 0 0 0 
1 1 0 0 0 0 
0 0 0 1 1 0 
0 1 0 0 1 0 
0 0 1 1 0 0 
1 0 0 1 0 0 
0 0 0 0 1 1 
0 0 0 0 1 1 
0 0 0 0 1 1 
0 0 1 0 1 0 
1 1 0 0 0 0 
0 0 1 0 1 0 
1 0 0 0 1 0 
1 1 1 1 1 1 
;
TIMETABLE BEST: 
0.0 0.0 0.0 0.0 0.0 0.0 
0 14 0 0 0 0 
0 14 17 0 0 0 
0 14 17 0 0 18 
0 14 17 24 0 18 
0 14 17 24 24 18 
0 28 17 24 24 18 
14 28 17 24 24 18 
14 28 17 24 24 18 
14 28 17 24 24 18 
14 28 17 24 24 18 
14 28 17 24 24 18 
14 28 17 24 24 18 
14 28 17 24 24 18 
14 28 17 24 24 18 
14 28 17 24 24 18 
26 28 17 24 24 18 
26 28 17 24 24 18 
26 28 17 24 24 18 
26 28 17 24 24 18 
26 28 17 24 24 18 
26 28 17 24 24 33 
26 28 17 24 24 33 
26 28 17 24 24 33 
26 41 17 24 24 33 
26 41 17 24 24 33 
26 41 28 24 24 33 
26 41 28 24 24 33 
26 41 28 24 24 33 
26 41 28 24 24 33 
26 41 28 24 36 33 
26 41 28 46 36 33 
26 41 28 46 36 33 
26 41 42 46 36 33 
26 41 42 46 36 33 
26 52 42 46 36 33 
26 52 42 46 36 52 
26 52 42 46 36 52 
37 52 42 46 36 52 
37 52 42 46 36 52 
37 52 42 46 36 52 
37 52 42 46 36 52 
37 52 42 46 36 52 
37 52 42 46 36 52 
37 52 42 46 49 52 
46 52 42 46 49 52 
46 52 42 46 49 52 
46 52 42 46 49 52 
46 52 42 46 49 52 
46 52 42 46 49 52 
46 52 42 46 49 52 
46 52 42 46 49 52 
46 52 42 46 49 52 
46 52 42 60 49 52 
46 52 42 60 62 52 
46 52 42 60 62 52 
46 52 42 60 62 52 
46 52 56 60 62 52 
46 52 56 60 62 52 
46 52 56 60 62 52 
46 52 56 60 62 52 
46 52 56 60 62 52 
46 69 56 60 62 52 
55 69 56 60 62 52 
55 69 56 60 62 52 
55 69 56 60 62 52 
55 69 56 60 62 52 
55 69 56 60 62 52 
55 69 56 71 62 52 
55 69 56 71 62 52 
55 69 56 71 62 70 
55 69 56 71 62 70 
55 69 56 71 62 70 
55 69 56 71 62 70 
55 69 56 71 62 70 
66 69 56 71 62 70 
66 69 56 71 62 70 
66 69 70 71 62 70 
66 69 70 71 62 70 
66 69 70 71 62 70 
66 69 70 71 62 70 
66 69 70 71 62 70 
66 69 70 71 62 70 
66 69 70 71 62 70 
66 69 70 71 62 70 
66 69 70 71 62 70 
66 69 70 71 62 70 
66 69 70 71 62 70 
66 69 70 71 62 70 
66 80 70 71 62 70 
66 80 70 71 78 70 
66 80 70 82 78 70 
78 80 70 82 78 70 
78 80 70 82 78 70 
78 80 70 82 78 70 
78 80 70 82 78 70 
78 80 70 82 78 70 
78 80 70 82 78 83 
78 80 70 82 78 83 
78 80 70 82 78 83 
78 80 70 82 78 83 
78 80 83 82 78 83 
78 80 83 82 78 83 
87 80 83 82 78 83 
87 80 83 82 78 83 
87 80 83 82 78 83 
87 80 83 82 78 83 
87 80 83 82 78 83 
87 80 83 82 89 83 
87 80 83 82 89 83 
87 80 83 82 89 83 
87 80 83 82 89 83 
87 80 83 93 89 83 
87 80 94 93 89 83 
87 93 94 93 89 83 
87 93 94 93 89 83 
98 93 94 93 89 83 
98 93 94 93 89 83 
98 93 94 93 102 83 
98 93 94 93 102 98 
98 93 94 93 102 98 
98 93 94 93 102 98 
98 104 94 93 102 98 
98 104 105 93 102 98 
98 104 105 93 102 98 
98 104 105 93 102 98 
98 104 105 106 102 98 
98 104 105 106 102 98 
98 104 105 106 102 98 
98 104 105 106 115 98 
98 117 105 106 115 98 
112 117 105 106 115 98 
112 130 105 106 115 98 
112 130 105 106 115 113 
112 130 105 117 115 113 
112 130 105 117 115 128 
112 130 105 117 115 128 
112 130 105 137 115 128 
112 130 105 137 115 128 
112 130 118 137 115 128 
112 130 118 137 115 128 
112 130 118 137 135 128 
112 143 118 137 135 128 
112 143 118 137 135 143 
112 143 130 137 135 143 
136 143 130 137 135 143 
136 143 130 137 135 143 
136 143 130 137 135 143 
136 143 130 137 135 143 
148 143 130 137 135 143 
148 143 130 137 148 143 
148 143 130 137 148 143 
148 143 142 137 148 143 
148 143 142 137 148 143 
148 143 142 137 148 143 
148 143 142 137 148 143 
148 156 142 137 148 143 
148 156 158 137 148 143 
148 156 158 137 158 143 
148 156 158 137 158 158 
160 156 158 137 158 158 
160 168 158 137 158 158 
160 168 158 137 169 158 
160 168 158 150 169 158 
160 168 158 150 169 158 
160 168 158 150 169 158 
160 168 158 160 169 158 
160 168 158 160 169 158 
160 168 158 160 169 158 
160 168 158 160 169 158 
160 168 158 160 169 158 
160 168 158 160 169 158 
160 168 158 160 169 158 
160 168 169 160 169 158 
160 168 169 160 169 173 
160 168 169 160 169 173 
160 168 169 160 169 173 
160 168 169 170 169 173 
160 168 169 170 169 173 
160 168 169 170 169 173 
160 168 169 170 169 173 
160 180 169 170 169 173 
160 180 169 170 169 173 
160 180 169 170 180 173 
160 180 169 170 180 173 
160 180 169 170 180 186 
160 180 187 170 180 186 
160 180 187 180 180 186 
160 180 187 180 180 186 
160 180 187 180 180 186 
160 180 187 180 180 186 
160 180 187 180 180 186 
184 180 187 180 180 186 
184 196 187 180 180 186 
184 196 187 191 180 186 
184 196 187 191 180 186 
184 196 198 191 180 186 
184 196 198 191 180 198 
184 196 198 202 180 198 
184 196 198 202 190 198 
184 196 198 202 190 198 
184 196 198 202 190 198 
184 196 198 202 190 198 
184 196 198 202 190 198 
184 196 198 202 190 198 
184 196 198 202 190 198 
184 196 198 202 203 198 
202 196 198 202 203 198 
202 196 198 202 203 198 
202 196 198 202 203 198 
202 196 198 202 203 198 
202 196 198 202 203 198 
202 196 209 202 203 198 
202 196 209 202 203 198 
202 196 209 202 203 210 
202 196 209 202 203 210 
202 196 209 213 203 210 
202 196 209 213 203 210 
202 196 209 213 203 210 
217 196 209 213 203 210 
217 208 209 213 203 210 
217 208 209 213 203 210 
217 227 209 213 203 210 
217 227 209 213 203 210 
217 227 209 213 203 210 
217 227 220 213 203 210 
217 227 220 213 203 210 
217 227 220 224 203 210 
217 227 220 224 203 232 
217 227 220 224 203 232 
217 227 220 224 203 232 
217 227 220 224 216 232 
217 227 220 224 216 232 
217 227 220 224 216 232 
217 227 220 224 216 232 
217 227 231 224 216 232 
217 227 231 224 226 232 
217 227 231 224 226 232 
217 227 231 224 226 232 
232 227 231 224 226 232 
232 227 231 224 226 232 
232 227 231 224 226 232 
232 227 231 235 226 232 
232 227 231 235 226 232 
232 227 231 235 226 232 
232 227 244 235 226 232 
247 227 244 235 226 232 
247 244 244 235 226 232 
247 244 244 235 226 232 
247 244 244 235 226 232 
247 244 244 246 237 232 
247 256 244 246 237 232 
247 256 244 246 237 232 
247 256 244 246 237 252 
247 256 244 246 237 252 
260 256 244 246 237 252 
260 256 260 246 237 252 
260 256 260 246 237 252 
260 256 260 246 237 252 
260 256 260 246 267 252 
260 256 260 246 267 252 
260 256 260 264 267 252 
260 256 260 264 267 267 
260 256 260 264 267 267 
260 256 260 264 267 267 
260 256 260 264 267 267 
260 256 260 264 267 267 
260 268 260 264 267 267 
260 268 275 264 267 267 
278 268 275 264 267 267 
278 268 275 264 267 267 
278 268 275 264 267 267 
278 268 275 264 267 267 
278 268 275 264 267 267 
278 268 275 264 267 288 
278 268 275 264 267 297 
278 268 275 264 267 308 
278 268 317 264 267 308 
278 308 317 264 267 308 
278 308 330 264 267 308 
298 308 330 264 305 308 
316.0 326.0 382.0 338.0 338.0 332.0 
;
EXECUTION TIME HBSS: 2844.4368639 seconds 

-------------------------------------------------------------------
