DATFILE : bwopen0_8r_500.dat
ENVIRONMENT : bwopen
ALGORITHM : HBSS - TAU 2
RANGE : 500
STARTING_POS : 0
N_ROBOTS : 8
GREEDY SOLUTION : 568.0
COMPUTATIONS T :
599.0
594.0
577.0
577.0
615.0
654.0
610.0
578.0
623.0
611.0
601.0
627.0
596.0
630.0
649.0
602.0
610.0
575.0
611.0
606.0
581.0
614.0
623.0
617.0
611.0
656.0
569.0
589.0
588.0
646.0
625.0
570.0
643.0
622.0
672.0
630.0
664.0
628.0
580.0
610.0
614.0
637.0
655.0
620.0
621.0
575.0
617.0
631.0
652.0
585.0
666.0
603.0
627.0
625.0
591.0
555.0
588.0
632.0
607.0
632.0
690.0
596.0
635.0
633.0
600.0
577.0
661.0
556.0
590.0
582.0
603.0
590.0
650.0
660.0
546.0
567.0
598.0
612.0
584.0
629.0
598.0
619.0
578.0
618.0
582.0
627.0
573.0
640.0
550.0
653.0
576.0
576.0
640.0
634.0
612.0
621.0
590.0
622.0
639.0
613.0
581.0
606.0
606.0
606.0
602.0
609.0
661.0
609.0
613.0
616.0
588.0
618.0
632.0
620.0
646.0
664.0
630.0
561.0
623.0
611.0
595.0
607.0
537.0
590.0
641.0
619.0
617.0
606.0
658.0
580.0
588.0
619.0
614.0
607.0
625.0
600.0
578.0
621.0
610.0
662.0
574.0
591.0
616.0
607.0
660.0
624.0
631.0
595.0
614.0
622.0
540.0
585.0
589.0
624.0
614.0
599.0
567.0
608.0
633.0
647.0
612.0
580.0
546.0
565.0
624.0
626.0
605.0
614.0
638.0
626.0
567.0
603.0
602.0
582.0
595.0
613.0
605.0
625.0
604.0
585.0
650.0
595.0
612.0
632.0
641.0
646.0
657.0
608.0
604.0
635.0
638.0
628.0
559.0
617.0
587.0
648.0
617.0
635.0
634.0
591.0
;
HBBS bestT : 537.0
BEST_CONFIGURATIONS : 
0 0 0 0 0 0 0 0 
0 4 0 0 0 0 0 0 
0 4 26 0 0 0 0 0 
0 4 26 0 0 0 0 0 
0 4 26 1 0 0 0 0 
0 4 26 1 0 0 0 0 
0 4 26 1 1 0 0 0 
0 4 26 1 1 22 0 0 
0 4 26 1 1 22 26 0 
0 4 26 1 1 22 26 22 
0 4 5 1 1 22 26 22 
0 4 5 1 1 22 26 22 
0 4 5 1 1 22 26 22 
0 4 5 1 1 22 26 22 
0 4 5 1 1 22 26 22 
0 4 5 1 27 22 26 22 
0 4 5 1 27 22 26 22 
0 4 5 1 27 22 4 8 
0 4 5 1 27 22 4 8 
0 4 5 1 27 22 4 8 
0 4 5 1 27 22 4 8 
0 4 5 1 27 22 4 8 
0 4 5 27 27 26 4 8 
0 4 5 27 27 26 4 8 
0 4 5 27 27 26 4 8 
0 26 5 27 27 26 4 8 
0 26 22 27 27 26 4 8 
0 26 22 27 9 26 4 8 
0 5 22 27 9 26 4 8 
0 5 22 27 9 26 4 8 
0 5 22 27 9 26 4 8 
0 5 22 27 9 26 4 8 
0 5 22 27 9 26 4 8 
0 5 22 27 9 26 4 13 
0 5 22 27 9 26 4 13 
0 5 8 27 9 26 4 13 
0 5 8 27 9 26 4 13 
0 5 8 27 9 5 4 13 
0 5 13 27 9 5 22 13 
0 1 13 27 9 5 22 13 
0 1 13 27 9 5 22 13 
0 1 13 27 9 5 22 13 
0 1 13 27 9 5 22 13 
4 1 13 27 9 5 22 13 
4 1 13 9 10 5 22 13 
4 1 13 9 10 5 22 13 
4 1 13 9 10 5 22 13 
4 1 13 9 10 5 22 13 
4 1 13 9 10 22 22 13 
4 1 13 9 10 22 22 17 
4 1 13 9 10 22 22 17 
4 1 13 9 10 22 22 17 
4 1 13 9 10 22 26 17 
4 1 13 9 10 22 26 17 
4 1 13 9 10 26 26 17 
4 1 13 9 10 26 5 17 
4 1 13 9 10 26 5 17 
22 1 17 9 10 26 5 17 
22 27 17 9 10 26 5 17 
22 27 17 9 10 26 5 17 
22 27 17 24 10 26 5 17 
22 27 17 24 10 26 5 17 
22 27 17 24 10 26 5 17 
22 27 17 24 10 26 5 17 
22 27 17 24 10 26 5 17 
22 27 17 24 10 26 5 25 
22 27 17 24 10 26 5 25 
22 27 17 24 10 26 5 25 
22 27 17 24 10 26 5 25 
22 27 17 24 10 26 5 25 
22 27 17 24 10 26 5 25 
22 27 17 24 10 26 5 25 
22 27 17 24 10 26 5 25 
22 27 17 24 15 26 5 25 
22 27 17 24 15 26 5 25 
22 27 13 24 15 26 5 25 
22 27 13 24 15 26 5 25 
22 27 13 24 15 26 5 18 
22 27 13 24 15 4 5 18 
22 27 13 24 15 4 5 18 
22 27 13 24 15 4 5 18 
22 27 13 24 15 4 26 18 
22 27 13 24 15 4 26 18 
22 27 13 24 15 4 26 18 
22 27 13 24 15 4 26 18 
22 27 13 24 15 4 26 18 
22 27 13 24 15 4 26 14 
22 27 13 24 15 4 26 14 
22 27 13 24 15 4 26 14 
22 27 13 24 15 4 26 14 
22 27 13 24 15 4 26 14 
22 27 13 24 15 4 5 14 
22 27 13 24 15 4 5 14 
22 27 13 6 15 4 5 14 
22 27 13 6 15 4 5 14 
22 27 13 6 15 4 5 14 
22 27 13 6 15 4 5 14 
22 27 13 6 15 4 5 14 
22 27 13 6 15 4 5 14 
22 27 17 6 15 4 5 14 
22 27 17 6 15 4 5 14 
22 27 17 6 15 4 26 14 
22 27 17 6 15 4 26 14 
8 27 17 6 15 4 26 14 
8 27 17 6 15 4 26 14 
8 27 17 6 15 4 26 14 
8 27 17 6 15 8 26 14 
8 1 17 6 15 8 26 14 
8 1 17 6 15 8 26 14 
8 1 25 6 15 8 26 18 
8 1 25 6 15 8 26 18 
8 1 25 6 15 8 26 18 
8 1 25 6 15 8 26 18 
8 1 25 6 15 8 26 18 
8 1 25 6 15 8 26 18 
8 1 25 6 15 8 26 18 
8 1 25 6 15 8 26 18 
8 1 25 6 15 13 26 18 
8 1 25 6 15 13 4 18 
8 1 25 6 10 13 4 18 
8 1 25 6 10 13 4 18 
8 1 25 21 10 13 4 14 
8 1 25 21 10 13 4 14 
8 1 25 21 10 13 4 14 
8 1 25 21 10 13 4 14 
8 1 25 21 10 13 4 14 
8 1 25 21 10 13 4 14 
8 1 25 21 10 13 0 14 
8 1 25 21 10 13 0 14 
8 1 25 21 10 17 0 14 
8 1 25 21 10 17 0 14 
8 1 25 3 10 17 0 14 
15 1 25 3 10 17 9 14 
15 1 25 3 10 17 9 18 
15 26 25 3 10 18 9 18 
15 26 17 3 10 18 9 18 
15 26 17 21 15 18 9 18 
15 5 17 21 15 18 9 18 
15 5 17 21 15 18 9 19 
15 5 17 21 15 18 9 19 
15 5 17 21 15 18 9 19 
15 5 18 21 15 14 9 19 
15 5 18 21 15 14 9 19 
15 5 18 21 15 14 9 19 
15 5 18 21 10 14 9 19 
15 5 18 21 10 14 9 19 
15 22 18 21 10 14 9 19 
15 22 18 21 10 14 9 19 
15 22 18 21 10 14 9 19 
15 22 18 21 10 14 9 19 
15 22 18 21 10 14 9 19 
15 22 18 21 10 14 9 19 
15 4 18 21 10 14 9 19 
15 4 18 3 10 14 9 19 
15 4 18 3 10 14 9 20 
15 4 18 3 10 14 9 20 
15 4 18 3 10 14 9 20 
15 4 18 3 10 14 9 20 
15 4 18 3 24 14 9 20 
15 4 18 3 24 14 9 23 
15 4 18 3 6 14 9 23 
15 4 18 3 6 14 9 23 
15 4 18 3 6 14 9 23 
15 4 18 3 6 14 9 23 
15 4 18 3 6 14 9 20 
10 4 18 3 6 14 9 20 
10 4 18 7 6 14 9 20 
10 4 18 7 6 14 9 20 
10 4 18 7 6 14 24 20 
10 4 18 7 6 14 24 20 
10 4 18 7 6 14 24 20 
10 0 18 7 6 14 24 20 
10 0 18 7 6 14 24 20 
10 0 18 7 6 14 24 20 
10 0 25 7 6 14 24 20 
10 0 25 7 6 14 24 20 
10 0 25 7 6 18 24 23 
10 0 25 7 6 18 24 23 
10 0 25 7 6 18 24 23 
10 0 25 7 6 18 24 23 
10 0 25 7 6 18 24 23 
10 0 25 7 6 18 24 23 
10 1 25 7 6 18 24 23 
10 1 25 7 6 18 24 16 
10 1 14 7 6 18 24 16 
10 1 14 7 6 18 24 16 
10 1 14 7 6 18 24 16 
10 1 14 7 6 18 24 16 
10 1 14 7 6 15 24 16 
9 1 14 7 6 15 24 12 
9 27 14 7 21 15 24 12 
9 27 14 7 21 15 24 12 
9 27 14 7 21 15 24 12 
9 27 14 7 21 15 24 12 
9 27 14 7 21 15 24 12 
9 27 14 7 21 15 24 12 
9 27 14 7 21 15 24 12 
9 27 15 7 21 15 24 12 
9 27 15 7 3 15 24 12 
9 27 15 7 3 15 24 12 
9 27 15 7 3 15 24 12 
9 27 15 7 3 15 24 12 
9 27 15 7 3 10 24 12 
9 27 15 7 3 10 24 12 
24 27 15 7 3 10 24 12 
24 27 15 7 3 10 6 12 
24 27 15 21 3 10 6 12 
24 27 19 21 3 10 6 12 
24 27 19 21 3 10 6 12 
24 27 19 21 3 10 6 12 
24 27 19 21 3 10 6 12 
24 27 19 21 3 24 6 12 
24 27 19 21 3 24 6 12 
11 27 19 21 3 24 6 12 
11 27 19 21 3 24 6 12 
11 27 19 21 3 24 6 12 
11 27 19 21 3 24 6 12 
11 27 19 21 3 24 6 12 
11 27 19 21 3 24 6 12 
11 27 19 21 3 24 6 12 
11 27 19 21 3 24 6 7 
11 27 19 7 3 24 6 7 
11 1 19 7 3 24 6 7 
11 1 19 7 3 10 6 7 
11 1 19 7 3 10 6 7 
11 1 19 7 3 10 2 7 
11 1 19 7 3 10 2 7 
11 1 19 7 3 10 2 7 
24 1 19 7 3 10 2 7 
24 1 19 7 3 9 2 6 
24 1 20 12 3 9 2 6 
24 1 20 12 21 9 2 6 
24 1 20 12 21 9 2 6 
24 27 20 12 21 9 2 6 
24 27 20 12 21 9 2 6 
24 27 20 12 21 9 2 6 
24 27 20 12 21 9 2 6 
24 27 20 12 21 9 2 6 
24 27 23 12 21 9 2 6 
24 27 23 12 21 9 2 6 
24 27 23 12 21 9 2 6 
10 27 23 12 21 9 2 6 
10 27 23 12 21 14 2 6 
10 9 23 12 21 14 2 11 
10 9 20 12 21 14 2 11 
10 9 20 16 21 14 2 11 
10 9 20 16 21 14 2 11 
10 9 20 16 21 14 2 11 
10 9 20 16 21 14 2 11 
10 9 20 16 21 14 2 11 
15 9 20 16 21 14 2 11 
15 9 20 16 21 14 2 11 
15 9 20 16 21 14 2 11 
15 9 23 16 21 14 2 11 
15 9 23 16 21 14 2 11 
15 9 23 16 21 18 2 11 
19 8 23 16 21 18 2 11 
19 8 23 16 3 18 2 11 
19 8 20 23 3 18 2 11 
19 8 20 23 3 18 2 11 
19 8 20 23 3 25 2 11 
19 8 20 23 3 25 2 11 
19 8 20 23 7 25 2 11 
19 8 20 23 7 25 2 24 
19 8 20 23 7 25 2 24 
19 8 20 23 7 25 2 24 
19 8 20 23 7 25 2 24 
19 8 20 16 7 25 2 24 
19 8 20 16 7 17 2 24 
19 22 20 16 11 17 2 24 
19 22 20 16 11 17 2 24 
19 22 20 12 11 17 2 24 
19 22 16 12 11 17 2 24 
19 4 16 12 11 17 2 24 
19 4 16 12 11 13 2 24 
19 4 16 12 11 25 2 9 
19 26 16 12 11 25 2 9 
19 26 16 12 11 25 2 9 
11 5 16 12 11 25 2 9 
11 5 16 12 11 25 2 9 
11 0 16 12 11 25 2 9 
0 0 0 0 0 0 0 0 
;
ROBOT MOVING BEST:
0 0 0 0 0 0 0 0 
1 1 0 0 0 0 0 0 
1 0 1 0 0 0 0 0 
0 1 1 0 0 0 0 0 
1 0 0 1 0 0 0 0 
0 1 0 1 0 0 0 0 
0 0 1 0 1 0 0 0 
0 0 0 1 0 1 0 0 
0 0 0 0 0 1 1 0 
1 0 0 0 0 0 0 1 
0 1 1 0 0 0 0 0 
1 0 1 0 0 0 0 0 
0 1 0 0 0 1 0 0 
0 0 1 1 0 0 0 0 
0 0 1 0 0 1 0 0 
1 0 0 0 1 0 0 0 
0 0 1 0 0 0 1 0 
0 0 0 0 0 0 1 1 
0 1 0 0 1 0 0 0 
0 0 1 0 1 0 0 0 
0 0 0 0 1 1 0 0 
0 0 1 0 0 0 0 1 
0 0 0 1 0 1 0 0 
1 0 0 0 0 0 0 1 
0 0 0 0 1 0 0 1 
0 1 0 0 0 0 0 1 
0 0 1 0 0 0 0 1 
1 0 0 0 1 0 0 0 
0 1 0 0 1 0 0 0 
0 0 1 0 1 0 0 0 
0 0 0 1 1 0 0 0 
0 0 0 0 1 1 0 0 
0 0 0 0 1 0 1 0 
0 0 0 0 0 1 0 1 
1 0 0 0 0 0 0 1 
0 0 1 0 1 0 0 0 
0 0 0 1 0 0 0 1 
0 0 0 0 0 1 0 1 
0 0 1 0 0 0 1 0 
0 1 0 1 0 0 0 0 
0 1 0 0 0 0 0 1 
0 0 0 0 1 0 0 1 
0 1 0 0 1 0 0 0 
1 0 0 0 0 0 0 1 
0 0 0 1 1 0 0 0 
0 1 0 0 1 0 0 0 
0 0 1 0 1 0 0 0 
1 0 0 0 1 0 0 0 
0 0 0 0 1 1 0 0 
1 0 0 0 0 0 0 1 
0 0 1 0 0 0 0 1 
0 0 0 1 0 0 0 1 
0 0 0 0 1 0 1 0 
0 0 0 0 1 0 0 1 
0 0 0 0 0 1 0 1 
0 0 0 0 0 0 1 1 
0 0 0 0 1 0 1 0 
1 0 1 0 0 0 0 0 
0 1 1 0 0 0 0 0 
0 1 0 0 1 0 0 0 
1 0 0 1 0 0 0 0 
0 1 0 1 0 0 0 0 
0 0 1 1 0 0 0 0 
0 0 0 1 1 0 0 0 
0 0 0 1 0 1 0 0 
0 1 0 0 0 0 0 1 
1 0 0 0 0 0 0 1 
0 0 0 1 0 0 1 0 
0 0 0 0 0 0 1 1 
0 0 0 0 1 0 0 1 
0 0 1 0 0 0 0 1 
0 0 0 1 0 0 0 1 
0 0 0 0 0 1 0 1 
1 0 0 0 1 0 0 0 
0 1 0 0 1 0 0 0 
0 0 1 1 0 0 0 0 
0 0 1 0 1 0 0 0 
0 1 0 0 0 0 0 1 
0 0 0 1 0 1 0 0 
0 0 0 0 1 1 0 0 
0 0 0 1 1 0 0 0 
0 0 0 0 1 0 1 0 
0 0 0 1 0 0 0 1 
0 0 0 0 1 0 0 1 
1 0 0 0 0 0 0 1 
0 0 1 0 0 0 0 1 
0 0 0 0 1 0 0 1 
0 0 1 0 0 0 0 1 
0 0 0 0 0 1 0 1 
1 0 0 0 0 0 0 1 
0 1 0 0 0 0 0 1 
0 0 0 0 0 0 1 1 
0 0 0 0 1 0 1 0 
1 0 0 1 0 0 0 0 
0 0 0 1 0 1 0 0 
0 1 0 1 0 0 0 0 
0 0 0 1 0 0 0 1 
0 0 0 1 1 0 0 0 
0 0 0 1 0 0 1 0 
0 0 1 0 1 0 0 0 
0 0 1 0 0 0 0 1 
0 0 0 1 0 0 1 0 
0 0 0 0 0 0 1 1 
1 0 1 0 0 0 0 0 
1 0 0 1 0 0 0 0 
1 0 0 0 0 0 0 1 
0 0 0 0 1 1 0 0 
1 1 0 0 0 0 0 0 
0 1 0 1 0 0 0 0 
0 0 1 0 0 0 0 1 
1 0 1 0 0 0 0 0 
0 1 0 0 1 0 0 0 
0 0 1 1 0 0 0 0 
1 0 0 0 0 0 0 1 
0 1 1 0 0 0 0 0 
0 1 0 0 0 0 0 1 
0 0 1 0 1 0 0 0 
1 0 0 0 0 1 0 0 
0 0 1 0 0 0 1 0 
1 0 0 0 1 0 0 0 
0 0 1 0 0 1 0 0 
0 0 0 1 0 0 0 1 
0 1 0 1 0 0 0 0 
0 0 1 0 0 0 0 1 
0 1 0 0 0 0 0 1 
0 0 0 1 1 0 0 0 
0 0 0 0 1 0 0 1 
0 0 0 0 1 0 1 0 
0 0 1 0 0 0 1 0 
0 0 0 0 0 1 1 0 
0 0 0 0 0 0 1 1 
0 0 0 1 1 0 0 0 
1 0 0 0 0 0 1 0 
0 0 0 0 1 0 0 1 
0 1 0 0 0 1 0 0 
0 0 1 0 0 0 0 1 
0 0 0 1 1 0 0 0 
0 1 0 1 0 0 0 0 
0 0 0 0 1 0 0 1 
0 1 0 0 0 1 0 0 
0 1 0 0 0 0 0 1 
0 0 1 0 0 1 0 0 
0 0 1 0 0 0 0 1 
0 0 0 1 0 0 0 1 
0 0 0 0 1 0 0 1 
0 0 0 0 0 1 0 1 
0 1 0 0 0 0 0 1 
1 0 0 0 1 0 0 0 
0 0 1 0 0 0 1 0 
0 0 0 1 0 0 1 0 
0 0 0 0 0 1 1 0 
0 0 0 0 0 0 1 1 
0 1 1 0 0 0 0 0 
1 0 0 1 0 0 0 0 
1 0 0 0 0 0 0 1 
0 0 0 1 0 0 1 0 
0 0 1 0 0 0 0 1 
0 0 0 1 0 0 0 1 
0 0 0 0 1 1 0 0 
0 0 0 0 0 0 1 1 
0 0 1 0 1 0 0 0 
0 0 0 1 0 0 0 1 
1 0 0 0 0 0 0 1 
0 0 0 0 0 1 0 1 
0 0 0 0 1 0 0 1 
1 0 0 0 0 0 0 1 
0 0 0 1 1 0 0 0 
0 0 0 0 0 1 0 1 
0 0 0 0 0 0 1 1 
1 0 0 1 0 0 0 0 
1 0 0 0 1 0 0 0 
0 1 0 0 0 0 1 0 
0 1 0 0 1 0 0 0 
0 0 0 1 0 0 0 1 
0 0 1 0 0 0 0 1 
0 0 0 1 0 0 1 0 
0 0 0 0 0 1 0 1 
0 0 0 0 1 0 1 0 
1 0 0 0 0 0 0 1 
0 0 0 1 0 0 0 1 
0 0 0 0 1 0 0 1 
0 0 0 0 0 0 1 1 
0 1 0 0 0 0 1 0 
1 0 0 0 0 0 0 1 
0 0 1 0 0 0 0 1 
0 0 0 1 0 0 0 1 
0 0 0 0 0 0 1 1 
0 0 0 0 1 0 0 1 
0 0 0 1 0 1 0 0 
1 0 0 0 0 0 0 1 
0 1 0 0 1 0 0 0 
0 1 0 1 0 0 0 0 
0 0 0 1 1 0 0 0 
0 0 0 0 1 0 1 0 
1 0 0 1 0 0 0 0 
1 0 0 0 0 0 1 0 
0 1 0 0 0 0 0 1 
0 0 1 0 0 0 0 1 
0 0 0 0 1 0 0 1 
0 1 0 0 1 0 0 0 
0 0 0 1 1 0 0 0 
0 0 0 1 0 0 0 1 
0 0 0 0 0 1 0 1 
0 0 0 0 1 0 1 0 
1 0 0 0 0 0 0 1 
0 0 0 0 1 0 1 0 
0 0 0 1 0 0 0 1 
0 1 1 0 0 0 0 0 
0 0 0 1 1 0 0 0 
0 0 0 1 0 0 1 0 
0 0 0 0 0 0 1 1 
0 0 1 0 0 1 0 0 
0 0 1 0 0 0 0 1 
1 1 0 0 0 0 0 0 
0 0 1 0 0 0 1 0 
1 0 1 0 0 0 0 0 
1 0 0 1 0 0 0 0 
1 0 0 0 1 0 0 0 
1 0 0 0 0 1 0 0 
1 0 0 0 0 0 1 0 
0 0 1 0 0 0 0 1 
1 0 0 1 0 0 0 0 
1 1 0 0 0 0 0 0 
1 0 0 0 0 1 0 0 
0 1 0 0 1 0 0 0 
0 1 0 0 0 0 1 0 
1 0 0 0 0 0 1 0 
0 0 1 0 0 0 1 0 
1 0 0 0 0 0 1 0 
0 0 0 0 0 1 0 1 
0 0 1 1 0 0 0 0 
0 0 1 0 1 0 0 0 
0 0 1 0 0 1 0 0 
0 1 1 0 0 0 0 0 
0 1 0 0 0 0 1 0 
0 0 0 0 1 0 1 0 
0 0 0 1 0 0 1 0 
0 0 0 0 0 1 1 0 
0 0 1 1 0 0 0 0 
0 0 1 0 1 0 0 0 
0 0 0 0 0 0 1 1 
1 0 0 0 0 0 1 0 
0 0 0 0 0 1 1 0 
0 1 0 0 0 0 0 1 
0 0 1 0 0 0 0 1 
0 1 0 1 0 0 0 0 
0 0 0 0 0 1 0 1 
0 0 1 1 0 0 0 0 
0 0 0 1 1 0 0 0 
0 0 0 1 0 0 0 1 
1 0 0 1 0 0 0 0 
1 0 0 0 0 0 1 0 
1 0 0 0 0 0 0 1 
0 0 1 1 0 0 0 0 
0 0 1 0 0 0 0 1 
0 0 0 0 0 1 0 1 
1 1 0 0 0 0 0 0 
0 0 0 1 1 0 0 0 
0 0 1 1 0 0 0 0 
0 0 0 0 1 0 1 0 
0 0 0 0 0 1 0 1 
1 0 0 1 0 0 0 0 
0 0 0 0 1 0 1 0 
0 1 0 0 0 0 0 1 
1 0 1 0 0 0 0 0 
1 0 0 0 0 1 0 0 
0 1 0 0 0 0 1 0 
1 0 0 1 0 0 0 0 
1 0 0 0 0 1 0 0 
0 1 0 0 1 0 0 0 
0 1 0 0 0 0 1 0 
0 0 0 1 1 0 0 0 
0 0 1 1 0 0 0 0 
0 1 0 0 0 0 1 0 
1 0 0 0 0 1 0 0 
0 0 0 0 0 1 0 1 
0 1 0 0 1 0 0 0 
0 1 0 0 0 0 1 0 
1 1 0 0 0 0 0 0 
0 1 0 0 0 0 1 0 
0 1 0 0 0 0 1 0 
1 0 1 1 1 1 1 1 
;
TIMETABLE BEST: 
0.0 0.0 0.0 0.0 0.0 0.0 0.0 0.0 
14 14 0 0 0 0 0 0 
17 14 17 0 0 0 0 0 
17 17 17 0 0 0 0 0 
18 17 17 18 0 0 0 0 
18 18 17 18 0 0 0 0 
18 18 18 18 18 0 0 0 
18 18 18 24 18 24 0 0 
18 18 18 24 18 24 24 0 
24 18 18 24 18 24 24 24 
24 27 27 24 18 24 24 24 
27 27 27 24 18 24 24 24 
27 27 27 24 18 27 24 24 
27 27 27 27 18 27 24 24 
27 27 27 27 18 27 24 24 
33 27 27 27 33 27 24 24 
33 27 27 27 33 27 27 24 
33 27 27 27 33 27 38 38 
33 33 27 27 33 27 38 38 
33 33 33 27 33 27 38 38 
33 33 33 27 33 33 38 38 
33 33 38 27 33 33 38 38 
33 33 38 44 33 44 38 38 
38 33 38 44 33 44 38 38 
38 33 38 44 38 44 38 38 
38 44 38 44 38 44 38 44 
38 44 50 44 38 44 38 50 
53 44 50 44 53 44 38 50 
53 53 50 44 53 44 38 50 
53 53 53 44 53 44 38 50 
53 53 53 53 53 44 38 50 
53 53 53 53 53 53 38 50 
53 53 53 53 53 53 53 50 
53 53 53 53 53 63 53 63 
63 53 53 53 53 63 53 63 
63 53 65 53 65 63 53 63 
63 53 65 63 65 63 53 63 
63 53 65 63 65 72 53 72 
63 53 78 63 65 72 78 72 
63 71 78 71 65 72 78 72 
63 72 78 71 65 72 78 72 
63 72 78 71 72 72 78 72 
63 72 78 71 72 72 78 72 
77 72 78 71 72 72 78 77 
77 72 78 86 86 72 78 77 
77 86 78 86 86 72 78 77 
77 86 86 86 86 72 78 77 
86 86 86 86 86 72 78 77 
86 86 86 86 86 86 78 77 
88 86 86 86 86 86 78 88 
88 86 88 86 86 86 78 88 
88 86 88 88 86 86 78 88 
88 86 88 88 89 86 89 88 
88 86 88 88 89 86 89 89 
88 86 88 88 89 97 89 97 
88 86 88 88 89 97 98 98 
88 86 88 88 98 97 98 98 
100 86 100 88 98 97 98 98 
100 101 101 88 98 97 98 98 
100 101 101 88 101 97 98 98 
103 101 101 103 101 97 98 98 
103 103 101 103 101 97 98 98 
103 103 103 103 101 97 98 98 
103 103 103 103 103 97 98 98 
103 103 103 103 103 103 98 98 
103 110 103 103 103 103 98 110 
110 110 103 103 103 103 98 110 
110 110 103 103 103 103 103 110 
110 110 103 103 103 103 110 110 
110 110 103 103 110 103 110 110 
110 110 110 103 110 103 110 110 
110 110 110 110 110 103 110 110 
110 110 110 110 110 110 110 110 
121 110 110 110 121 110 110 110 
121 121 110 110 121 110 110 110 
121 121 121 121 121 110 110 110 
121 121 121 121 121 110 110 110 
121 123 121 121 121 110 110 123 
121 123 121 121 121 121 110 123 
121 123 121 121 121 121 110 123 
121 123 121 121 121 121 110 123 
121 123 121 121 121 121 121 123 
121 123 121 123 121 121 121 123 
121 123 121 123 123 121 121 123 
123 123 121 123 123 121 121 123 
123 123 123 123 123 121 121 123 
123 123 123 123 134 121 121 134 
123 123 134 123 134 121 121 134 
123 123 134 123 134 134 121 134 
134 123 134 123 134 134 121 134 
134 134 134 123 134 134 121 134 
134 134 134 123 134 134 134 134 
134 134 134 123 134 134 134 134 
136 134 134 136 134 134 134 134 
136 134 134 136 134 136 134 134 
136 136 134 136 134 136 134 134 
136 136 134 136 134 136 134 136 
136 136 134 136 136 136 134 136 
136 136 134 136 136 136 136 136 
136 136 145 136 145 136 136 136 
136 136 145 136 145 136 136 145 
136 136 145 145 145 136 145 145 
136 136 145 145 145 136 145 145 
148 136 148 145 145 136 145 145 
148 136 148 148 145 136 145 145 
148 136 148 148 145 136 145 148 
148 136 148 148 150 150 145 148 
151 151 148 148 150 150 145 148 
151 151 148 151 150 150 145 148 
151 151 160 151 150 150 145 160 
160 151 160 151 150 150 145 160 
160 151 160 151 151 150 145 160 
160 151 160 160 151 150 145 160 
160 151 160 160 151 150 145 160 
160 160 160 160 151 150 145 160 
160 160 160 160 151 150 145 160 
160 160 160 160 160 150 145 160 
163 160 160 160 160 163 145 160 
163 160 160 160 160 163 160 160 
171 160 160 160 171 163 160 160 
171 160 163 160 171 163 160 160 
171 160 163 172 171 163 160 172 
171 172 163 172 171 163 160 172 
171 172 172 172 171 163 160 172 
171 172 172 172 171 163 160 172 
171 172 172 172 172 163 160 172 
171 172 172 172 172 163 160 172 
171 172 172 172 174 163 174 172 
171 172 174 172 174 163 174 172 
171 172 174 172 174 174 174 172 
171 172 174 172 174 174 174 174 
171 172 174 184 184 174 174 174 
220 172 174 184 184 174 220 174 
220 172 174 184 185 174 220 185 
220 191 174 184 185 191 220 185 
220 191 186 184 185 191 220 186 
220 191 186 196 196 191 220 186 
220 200 186 200 196 191 220 186 
220 200 186 200 206 191 220 206 
220 200 186 200 206 200 220 206 
220 206 186 200 206 200 220 206 
220 206 211 200 206 211 220 206 
220 206 211 200 206 211 220 211 
220 206 211 211 206 211 220 211 
220 206 211 211 217 211 220 217 
220 206 211 211 217 217 220 217 
220 218 211 211 217 217 220 218 
220 218 211 211 220 217 220 218 
220 218 220 211 220 217 220 218 
220 218 220 220 220 217 220 218 
220 218 220 220 220 220 220 218 
220 218 220 220 220 220 220 220 
220 230 230 220 220 220 220 220 
232 230 230 232 220 220 220 220 
233 230 230 232 220 220 220 233 
233 230 230 232 220 220 232 233 
233 230 233 232 220 220 232 233 
233 230 233 233 220 220 232 233 
233 230 233 233 233 233 232 233 
233 230 233 233 233 233 243 243 
233 230 246 233 246 233 243 243 
233 230 246 243 246 233 243 243 
243 230 246 243 246 233 243 243 
243 230 246 243 246 243 243 243 
243 230 246 243 253 243 243 253 
254 230 246 243 253 243 243 254 
254 230 246 259 259 243 243 254 
254 230 246 259 259 254 243 254 
254 230 246 259 259 254 258 258 
259 230 246 259 259 254 258 258 
259 230 246 259 259 254 258 258 
259 258 246 259 259 254 258 258 
259 259 246 259 259 254 258 258 
259 259 246 259 259 254 258 259 
259 259 259 259 259 254 258 259 
259 259 259 259 259 254 259 259 
259 259 259 259 259 269 259 269 
259 259 259 259 259 269 259 269 
269 259 259 259 259 269 259 269 
269 259 259 269 259 269 259 269 
269 259 259 269 269 269 259 269 
269 259 259 269 269 269 269 269 
269 277 259 269 269 269 277 269 
280 277 259 269 269 269 277 280 
280 277 280 269 269 269 277 280 
280 277 280 280 269 269 277 280 
280 277 280 280 269 269 280 280 
280 277 280 280 280 269 280 280 
280 277 280 287 280 287 280 280 
294 277 280 287 280 287 280 294 
294 292 280 287 292 287 280 294 
294 292 280 292 292 287 280 294 
294 292 280 292 292 287 280 294 
294 292 280 292 292 287 292 294 
294 292 280 294 292 287 292 294 
294 292 280 294 292 287 294 294 
294 294 280 294 292 287 294 294 
294 294 294 294 292 287 294 294 
294 294 294 294 304 287 294 304 
294 304 294 294 304 287 294 304 
294 304 294 304 304 287 294 304 
294 304 294 304 304 287 294 304 
294 304 294 304 304 304 294 304 
294 304 294 304 304 304 304 304 
309 304 294 304 304 304 304 309 
309 304 294 304 317 304 317 309 
309 304 294 316 317 304 317 316 
309 318 318 316 317 304 317 316 
309 318 318 317 317 304 317 316 
309 318 318 317 317 304 317 316 
309 318 318 317 317 304 317 317 
309 318 318 317 317 318 317 317 
309 318 318 317 317 318 317 318 
327 327 318 317 317 318 317 318 
327 327 318 317 317 318 318 318 
327 327 327 317 317 318 318 318 
327 327 327 327 317 318 318 318 
327 327 327 327 327 318 318 318 
327 327 327 327 327 327 318 318 
327 327 327 327 327 327 327 318 
327 327 336 327 327 327 327 336 
339 327 336 339 327 327 327 336 
342 342 336 339 327 327 327 336 
342 342 336 339 327 342 327 336 
342 342 336 339 342 342 327 336 
342 345 336 339 342 342 345 336 
345 345 336 339 342 342 345 336 
345 345 345 339 342 342 345 336 
363 345 345 339 342 342 363 336 
363 345 345 339 342 356 363 356 
363 345 358 358 342 356 363 356 
363 345 358 358 358 356 363 356 
363 345 358 358 358 358 363 356 
363 360 360 358 358 358 363 356 
363 363 360 358 358 358 363 356 
363 363 360 358 363 358 363 356 
363 363 360 363 363 358 363 356 
363 363 360 363 363 363 363 356 
363 363 370 370 363 363 363 356 
363 363 370 370 370 363 363 356 
363 363 370 370 370 363 363 363 
376 363 370 370 370 363 376 363 
376 363 370 370 370 379 379 363 
376 380 370 370 370 379 379 380 
376 380 380 370 370 379 379 380 
376 381 380 381 370 379 379 380 
376 381 380 381 370 380 379 380 
376 381 381 381 370 380 379 380 
376 381 381 381 381 380 379 380 
376 381 381 381 381 380 379 381 
387 381 381 387 381 380 379 381 
387 381 381 387 381 380 387 381 
387 381 381 387 381 380 387 387 
387 381 391 391 381 380 387 387 
387 381 391 391 381 380 387 391 
387 381 391 391 381 391 387 391 
413 413 391 391 381 391 387 391 
413 413 391 393 393 391 387 391 
413 413 404 404 393 391 387 391 
413 413 404 404 393 391 393 391 
413 413 404 404 393 404 393 404 
413 413 404 413 393 404 393 404 
413 413 404 413 409 404 409 404 
413 422 404 413 409 404 409 422 
413 422 413 413 409 404 409 422 
413 422 413 413 409 413 409 422 
413 422 413 413 409 413 422 422 
424 422 413 424 409 413 422 422 
425 422 413 424 409 425 422 422 
425 434 413 424 434 425 422 422 
425 434 413 424 434 425 434 422 
425 434 413 435 435 425 434 422 
425 434 435 435 435 425 434 422 
425 446 435 435 435 425 446 422 
436 446 435 435 435 436 446 422 
436 446 435 435 435 449 446 449 
436 457 435 435 457 449 446 449 
436 457 435 435 457 449 457 449 
466 466 435 435 457 449 457 449 
466 466 435 435 457 449 466 449 
466 490 435 435 457 449 490 449 
537.0 490.0 536.0 527.0 528.0 501.0 526.0 495.0 
;
EXECUTION TIME HBSS: 5165.48731995 seconds 

-------------------------------------------------------------------
