DATFILE : bwopen0_2r_500.dat
ENVIRONMENT : bwopen
ALGORITHM : HBSS - TAU 3
RANGE : 500
STARTING_POS : 0
N_ROBOTS : 2
GREEDY SOLUTION : [ 3970.]
COMPUTATIONS D :
4578
4334
4362
4560
4320
4412
4540
4452
4592
4336
4402
4510
4466
4256
4262
4372
4284
4484
4296
4338
4328
4604
4492
4392
4328
4484
4314
4502
4322
4452
4302
4402
4490
4446
4562
4490
4584
4362
4364
4510
4386
4396
4680
4446
4592
4378
4406
4498
4436
4208
4316
4232
4480
4578
4282
4496
4668
4490
4398
4376
4270
4740
4410
4494
4504
4510
4272
4546
4378
4538
4396
4272
4708
4402
4486
4454
4692
4372
4606
4648
4318
4656
4276
4320
4468
4404
4170
4602
4686
4358
4456
4310
4770
4342
4590
4596
4514
4336
4204
4556
4348
4448
4562
4466
4630
4636
4376
4420
4318
4446
4534
4442
4346
4402
4538
4386
4716
4582
4342
4490
4354
4614
4352
4394
4520
4252
4396
4528
4314
4376
4566
4616
4508
4562
4346
4532
4308
4330
4522
4312
4400
4340
4472
4658
4372
4284
4318
4444
4548
4474
4514
4622
4358
4412
4542
4466
4576
4354
4648
4224
4450
4288
4252
4348
4538
4350
4584
4524
4514
4320
4336
4504
4402
4634
4462
4398
4292
4636
4454
4456
4322
4570
4654
4340
4384
4378
4636
4482
4578
4352
4512
4580
4456
4338
4474
4396
4492
4534
4394
4306
;
HBBS sumD : 4170
BEST_CONFIGURATIONS : 
0 0 
0 4 
0 26 
0 5 
0 22 
0 8 
0 13 
0 17 
0 25 
4 25 
4 17 
4 13 
26 13 
5 13 
5 17 
26 17 
22 17 
22 13 
8 17 
8 13 
8 25 
22 25 
26 25 
5 25 
5 18 
26 18 
4 18 
4 14 
26 14 
5 14 
22 14 
22 18 
8 18 
8 14 
8 15 
8 10 
22 10 
26 10 
5 10 
5 15 
26 15 
4 15 
4 10 
4 24 
26 24 
26 6 
5 6 
5 21 
1 21 
1 3 
27 3 
27 21 
27 6 
27 24 
27 10 
27 9 
1 9 
1 10 
1 15 
1 14 
1 18 
1 25 
1 13 
1 22 
1 26 
1 5 
1 4 
27 26 
27 5 
27 22 
27 4 
27 0 
1 0 
2 0 
2 4 
2 26 
2 5 
2 22 
2 8 
24 8 
24 22 
24 5 
9 5 
9 26 
9 22 
9 4 
9 0 
10 0 
24 0 
6 0 
6 1 
11 1 
11 2 
24 2 
6 2 
21 2 
3 2 
7 2 
7 6 
21 6 
3 6 
3 21 
3 7 
21 7 
11 7 
11 21 
11 6 
11 24 
11 9 
11 10 
11 15 
11 14 
11 18 
11 25 
6 25 
6 18 
6 14 
21 14 
21 15 
3 15 
7 15 
12 15 
12 10 
16 10 
23 10 
20 10 
20 15 
23 15 
16 15 
16 14 
23 14 
20 14 
20 18 
23 18 
23 19 
20 19 
16 19 
12 19 
12 23 
12 20 
16 20 
16 23 
20 23 
11 23 
11 20 
11 19 
6 19 
21 19 
7 19 
7 20 
7 23 
21 23 
21 20 
3 20 
3 23 
3 16 
3 12 
21 12 
21 16 
6 16 
6 23 
6 20 
24 20 
24 23 
24 16 
24 12 
6 12 
9 16 
9 12 
27 12 
2 12 
11 12 
11 16 
12 16 
7 16 
7 12 
3 11 
3 24 
21 24 
6 24 
6 10 
6 15 
2 15 
2 10 
2 9 
3 10 
21 10 
7 10 
7 24 
7 9 
21 9 
3 9 
7 27 
11 27 
11 5 
11 22 
11 26 
6 4 
6 22 
6 8 
24 13 
24 17 
9 17 
9 13 
9 8 
27 8 
27 13 
27 17 
27 25 
27 18 
27 14 
27 15 
9 15 
9 10 
9 24 
9 6 
10 24 
15 24 
15 10 
14 10 
18 10 
18 15 
14 15 
14 9 
18 9 
25 9 
25 10 
25 15 
17 15 
17 14 
17 18 
13 18 
13 14 
13 15 
13 10 
17 10 
25 24 
18 24 
14 24 
14 2 
19 2 
19 24 
19 10 
19 15 
19 14 
19 9 
20 9 
23 9 
19 27 
20 27 
19 5 
19 22 
19 8 
19 13 
19 25 
19 17 
20 25 
19 18 
18 25 
14 25 
14 18 
25 17 
25 13 
17 13 
8 22 
8 26 
8 5 
22 5 
22 26 
22 4 
5 4 
26 4 
26 5 
4 8 
1 8 
1 24 
1 2 
27 2 
27 1 
14 0 
15 22 
0 0 
;
ROBOT MOVING BEST:
0 0 
1 1 
1 1 
1 1 
1 1 
1 1 
1 1 
1 1 
1 1 
1 1 
1 1 
1 1 
1 1 
1 1 
1 1 
1 1 
1 1 
1 1 
1 1 
1 1 
1 1 
1 1 
1 1 
1 1 
1 1 
1 1 
1 1 
1 1 
1 1 
1 1 
1 1 
1 1 
1 1 
1 1 
1 1 
1 1 
1 1 
1 1 
1 1 
1 1 
1 1 
1 1 
1 1 
1 1 
1 1 
1 1 
1 1 
1 1 
1 1 
1 1 
1 1 
1 1 
1 1 
1 1 
1 1 
1 1 
1 1 
1 1 
1 1 
1 1 
1 1 
1 1 
1 1 
1 1 
1 1 
1 1 
1 1 
1 1 
1 1 
1 1 
1 1 
1 1 
1 1 
1 1 
1 1 
1 1 
1 1 
1 1 
1 1 
1 1 
1 1 
1 1 
1 1 
1 1 
1 1 
1 1 
1 1 
1 1 
1 1 
1 1 
1 1 
1 1 
1 1 
1 1 
1 1 
1 1 
1 1 
1 1 
1 1 
1 1 
1 1 
1 1 
1 1 
1 1 
1 1 
1 1 
1 1 
1 1 
1 1 
1 1 
1 1 
1 1 
1 1 
1 1 
1 1 
1 1 
1 1 
1 1 
1 1 
1 1 
1 1 
1 1 
1 1 
1 1 
1 1 
1 1 
1 1 
1 1 
1 1 
1 1 
1 1 
1 1 
1 1 
1 1 
1 1 
1 1 
1 1 
1 1 
1 1 
1 1 
1 1 
1 1 
1 1 
1 1 
1 1 
1 1 
1 1 
1 1 
1 1 
1 1 
1 1 
1 1 
1 1 
1 1 
1 1 
1 1 
1 1 
1 1 
1 1 
1 1 
1 1 
1 1 
1 1 
1 1 
1 1 
1 1 
1 1 
1 1 
1 1 
1 1 
1 1 
1 1 
1 1 
1 1 
1 1 
1 1 
1 1 
1 1 
1 1 
1 1 
1 1 
1 1 
1 1 
1 1 
1 1 
1 1 
1 1 
1 1 
1 1 
1 1 
1 1 
1 1 
1 1 
1 1 
1 1 
1 1 
1 1 
1 1 
1 1 
1 1 
1 1 
1 1 
1 1 
1 1 
1 1 
1 1 
1 1 
1 1 
1 1 
1 1 
1 1 
1 1 
1 1 
1 1 
1 1 
1 1 
1 1 
1 1 
1 1 
1 1 
1 1 
1 1 
1 1 
1 1 
1 1 
1 1 
1 1 
1 1 
1 1 
1 1 
1 1 
1 1 
1 1 
1 1 
1 1 
1 1 
1 1 
1 1 
1 1 
1 1 
1 1 
1 1 
1 1 
1 1 
1 1 
1 1 
1 1 
1 1 
1 1 
1 1 
1 1 
1 1 
1 1 
1 1 
1 1 
1 1 
1 1 
1 1 
1 1 
1 1 
1 1 
1 1 
1 1 
1 1 
1 1 
1 1 
1 1 
1 1 
1 1 
1 1 
1 1 
1 1 
1 1 
1 1 
1 1 
1 1 
1 1 
1 1 
1 1 
1 1 
1 1 
1 1 
;
TIMETABLE BEST: 
0.0 0.0 
0 14 
0 25 
0 34 
0 46 
0 58 
0 71 
0 82 
0 94 
14 94 
14 106 
14 117 
25 117 
34 117 
34 128 
43 128 
54 128 
54 139 
66 150 
66 161 
66 174 
78 174 
89 174 
98 174 
98 187 
107 187 
118 187 
118 198 
129 198 
138 198 
150 198 
150 209 
162 209 
162 220 
162 233 
162 244 
174 244 
185 244 
194 244 
194 255 
203 255 
214 255 
214 266 
214 279 
225 279 
225 292 
234 292 
234 304 
252 304 
252 316 
267 316 
267 328 
267 340 
267 353 
267 366 
267 380 
282 380 
282 394 
282 405 
282 418 
282 429 
282 442 
282 455 
282 474 
282 485 
282 494 
282 508 
297 519 
297 528 
297 540 
297 552 
297 566 
312 566 
332 566 
332 580 
332 591 
332 600 
332 612 
332 624 
351 624 
351 636 
351 648 
366 648 
366 657 
366 668 
366 680 
366 694 
380 694 
393 694 
406 694 
406 712 
423 712 
423 732 
441 732 
454 732 
466 732 
478 732 
494 732 
494 750 
506 750 
518 750 
518 762 
518 774 
530 774 
549 774 
549 786 
549 798 
549 811 
549 826 
549 840 
549 851 
549 864 
549 875 
549 888 
566 888 
566 901 
566 912 
578 912 
578 925 
590 925 
606 925 
624 925 
624 936 
635 936 
646 936 
656 936 
656 947 
666 947 
677 947 
677 960 
688 960 
698 960 
698 971 
708 971 
708 991 
718 991 
739 991 
750 991 
750 1014 
750 1024 
761 1024 
761 1034 
782 1034 
817 1034 
817 1044 
817 1057 
834 1057 
846 1057 
858 1057 
858 1070 
858 1080 
870 1080 
870 1090 
882 1090 
882 1100 
882 1111 
882 1122 
894 1122 
894 1133 
906 1133 
906 1144 
906 1154 
919 1154 
919 1164 
919 1175 
919 1186 
932 1186 
960 1197 
960 1208 
975 1208 
994 1208 
1029 1208 
1029 1219 
1056 1219 
1074 1219 
1074 1230 
1090 1257 
1090 1275 
1102 1275 
1114 1275 
1114 1288 
1114 1299 
1132 1299 
1132 1310 
1132 1324 
1154 1338 
1166 1338 
1178 1338 
1178 1351 
1178 1366 
1190 1366 
1202 1366 
1218 1381 
1243 1381 
1243 1402 
1243 1414 
1243 1425 
1260 1436 
1260 1448 
1260 1460 
1273 1473 
1273 1484 
1288 1484 
1288 1495 
1288 1508 
1303 1508 
1303 1521 
1303 1532 
1303 1544 
1303 1557 
1303 1568 
1303 1581 
1318 1581 
1318 1592 
1318 1605 
1318 1618 
1332 1631 
1343 1631 
1343 1644 
1356 1644 
1367 1644 
1367 1655 
1378 1655 
1378 1676 
1389 1676 
1402 1676 
1402 1690 
1402 1701 
1414 1701 
1414 1714 
1414 1725 
1425 1725 
1425 1736 
1425 1749 
1425 1760 
1436 1760 
1448 1773 
1461 1773 
1472 1773 
1472 1792 
1501 1792 
1501 1811 
1501 1824 
1501 1835 
1501 1848 
1501 1864 
1514 1864 
1524 1864 
1547 1879 
1560 1879 
1573 1900 
1573 1912 
1573 1924 
1573 1937 
1573 1950 
1573 1962 
1586 1974 
1599 1987 
1619 2000 
1630 2000 
1630 2013 
1646 2030 
1646 2041 
1658 2041 
1682 2060 
1682 2071 
1682 2080 
1694 2080 
1694 2089 
1694 2100 
1706 2100 
1715 2100 
1715 2114 
1726 2138 
1756 2138 
1756 2183 
1756 2202 
1771 2202 
1771 2222 
1802 2240 
1815 2264 
1882.0 2288.0 
;
EXECUTION TIME HBSS: 250.082125902 seconds 

-------------------------------------------------------------------
