DATFILE : bwopen0_5r_500.dat
ENVIRONMENT : bwopen
ALGORITHM : HBSS - TAU 5
RANGE : 500
STARTING_POS : 0
N_ROBOTS : 5
GREEDY SOLUTION : [ 2626.]
COMPUTATIONS D :
2732
2730
2530
2402
2648
2624
2636
2532
2488
2418
2566
2356
2498
2390
2750
2688
2638
2626
2684
2474
2468
2636
2626
2512
2628
2432
2672
2584
2632
2838
2548
2708
2614
2558
2588
2414
2552
2704
2512
2794
2826
2708
2670
2750
2638
2646
2556
2644
2838
2698
2546
2492
2680
2334
2446
2662
2508
2760
2432
2526
2330
2506
2508
2592
2744
2496
2606
2480
2766
2614
2566
2390
2670
2426
2456
2624
2554
2444
2634
2534
2754
2596
2492
2534
2780
2732
2586
2742
2742
2584
2364
2836
2710
2718
2686
2502
2512
2712
2626
2478
2664
2448
2436
2910
2424
2790
2732
2698
2592
2382
2448
2610
2722
2442
2532
2540
2654
2642
2686
2488
2432
2626
2668
2522
2706
2560
2654
2624
2626
2230
2558
2610
2980
2550
2686
2472
2654
2648
2578
2352
2476
2550
2832
2672
2626
2634
2648
2578
2712
2654
2638
2670
2574
2486
2778
2454
2618
2786
2638
2358
2572
2908
2792
2622
2464
2678
2426
2670
2534
2642
2608
2486
2604
2408
2676
2496
2562
2790
2578
2486
2606
2744
2508
2676
2558
2774
2502
2692
2406
2538
2678
2718
2346
2436
2636
2766
2566
2424
2748
2420
;
HBBS sumD : 2230
BEST_CONFIGURATIONS : 
0 0 0 0 0 
0 4 0 0 0 
0 4 26 0 0 
0 4 26 1 0 
0 4 26 1 5 
0 22 26 1 5 
4 22 26 1 5 
4 22 26 1 5 
4 22 26 1 5 
4 22 26 1 5 
4 22 26 1 5 
4 22 26 1 5 
4 22 26 1 5 
22 22 26 1 5 
22 22 26 1 5 
22 22 26 1 5 
22 22 26 27 5 
8 22 26 27 5 
8 22 26 27 5 
8 22 26 27 5 
8 22 4 27 5 
8 22 4 27 5 
8 22 4 27 5 
8 22 4 27 5 
8 13 4 27 5 
8 13 4 27 5 
8 13 4 9 5 
8 13 4 9 5 
8 13 4 9 9 
8 13 0 9 9 
8 13 0 9 9 
8 13 0 9 9 
8 13 0 9 9 
8 13 0 9 9 
8 13 0 9 9 
8 17 0 9 9 
22 17 0 9 9 
22 17 0 9 9 
22 17 0 9 9 
22 17 0 9 10 
22 17 0 24 10 
22 17 0 24 10 
22 25 0 24 10 
22 25 0 24 10 
22 25 4 24 10 
22 25 4 24 10 
22 25 4 24 10 
26 25 4 24 10 
26 25 4 24 10 
26 25 4 24 10 
26 25 4 24 10 
26 25 4 24 10 
26 25 4 24 15 
26 25 4 24 15 
26 25 4 24 15 
26 25 4 24 15 
5 25 4 24 15 
5 25 4 6 15 
5 17 4 6 15 
5 17 22 6 15 
5 17 22 6 15 
5 17 22 6 15 
5 17 22 6 15 
5 17 22 6 15 
5 17 22 6 15 
5 17 22 6 15 
5 17 8 6 15 
5 17 8 6 10 
26 17 8 6 10 
26 17 8 6 10 
26 17 8 6 10 
26 17 8 6 10 
26 17 8 6 10 
26 17 8 6 10 
26 25 8 6 10 
26 25 8 24 10 
1 25 8 24 10 
1 25 8 24 10 
1 25 8 24 10 
1 25 13 24 10 
1 25 13 24 10 
1 25 13 24 15 
1 25 13 24 15 
1 25 13 24 15 
1 25 13 24 15 
1 25 13 24 15 
1 25 13 24 15 
1 25 13 24 15 
1 25 13 24 15 
1 25 13 24 15 
1 17 13 24 15 
1 17 13 10 15 
1 17 13 10 15 
1 17 13 10 14 
1 17 13 10 14 
27 17 13 10 14 
27 17 25 10 14 
27 17 25 10 14 
27 17 25 10 14 
27 17 25 10 14 
27 17 25 10 14 
27 17 25 10 14 
27 17 25 10 14 
27 17 25 10 14 
27 17 25 10 18 
27 17 25 10 18 
27 17 25 9 18 
27 17 25 9 18 
27 17 25 9 18 
27 17 25 9 18 
27 13 25 9 18 
27 13 25 9 18 
27 13 14 9 18 
27 13 14 9 18 
1 13 14 9 18 
1 13 14 9 18 
1 8 14 9 18 
1 8 14 24 18 
1 8 14 24 18 
1 8 15 24 18 
1 22 15 24 18 
1 22 15 24 14 
1 22 15 24 14 
1 22 15 24 14 
1 22 15 6 14 
1 22 15 6 14 
0 22 15 6 14 
0 26 15 6 14 
0 26 15 6 9 
0 26 15 6 9 
0 26 15 6 9 
0 26 10 6 9 
0 26 10 6 9 
0 26 10 21 9 
0 26 10 21 9 
0 26 24 21 9 
0 26 24 21 27 
0 26 24 21 27 
0 26 24 21 27 
0 5 24 21 27 
0 5 24 21 27 
1 5 24 21 27 
1 5 24 7 27 
1 5 24 7 27 
1 5 24 7 27 
1 5 6 7 27 
1 5 6 7 2 
1 5 6 7 2 
1 5 6 7 2 
1 5 6 7 2 
1 26 6 7 2 
1 26 6 3 2 
1 26 6 3 2 
1 26 11 3 2 
27 26 11 3 2 
27 26 11 3 2 
27 4 11 3 2 
27 4 11 3 2 
27 4 11 3 2 
27 4 11 3 2 
27 4 11 3 2 
27 22 11 3 2 
9 22 11 3 2 
9 22 11 3 2 
9 22 11 21 2 
9 22 11 21 2 
9 8 11 21 2 
9 8 11 21 2 
9 8 11 21 2 
9 8 24 21 2 
10 8 24 21 2 
10 8 24 21 6 
10 8 24 21 6 
10 8 24 3 6 
10 8 24 3 6 
10 8 24 3 6 
10 8 24 3 21 
15 8 24 3 21 
15 8 24 3 21 
15 8 24 3 7 
15 8 9 3 7 
15 8 9 3 7 
15 8 9 21 7 
15 8 9 21 7 
19 8 9 21 7 
19 14 9 21 7 
19 14 10 21 7 
19 14 10 21 12 
19 14 10 21 12 
19 14 10 21 16 
19 14 10 11 16 
19 14 10 11 16 
19 14 10 11 16 
19 14 10 11 16 
19 14 10 11 16 
19 14 10 11 16 
19 18 10 11 16 
19 18 10 11 16 
19 18 15 11 16 
19 18 15 11 16 
19 18 15 11 16 
19 18 15 11 16 
19 18 15 11 16 
20 18 15 11 16 
20 18 15 11 16 
20 25 15 11 16 
20 25 15 11 12 
20 25 15 11 12 
23 25 15 11 12 
23 25 15 11 12 
23 25 24 11 12 
23 25 24 6 12 
23 25 24 6 12 
23 25 24 6 12 
23 18 24 6 12 
23 18 24 6 16 
20 18 24 6 16 
20 18 24 24 16 
20 18 24 24 16 
20 18 24 24 16 
20 18 24 24 16 
20 18 24 24 12 
23 18 24 24 12 
23 18 24 24 12 
23 19 24 24 12 
23 19 24 10 12 
23 19 24 10 12 
23 19 9 10 12 
23 19 9 10 12 
23 19 9 10 12 
23 19 9 10 12 
23 19 9 10 12 
20 19 9 10 12 
20 19 9 10 12 
20 19 9 10 16 
20 20 9 10 16 
20 20 27 15 16 
20 20 27 15 16 
20 20 27 15 23 
20 20 27 15 23 
20 20 27 14 23 
19 20 27 14 23 
19 20 27 14 23 
19 20 27 14 23 
19 20 27 25 23 
19 20 27 25 12 
19 20 2 25 12 
19 20 2 25 12 
19 20 2 17 12 
19 20 3 17 12 
19 20 3 17 7 
19 20 3 17 7 
19 20 3 13 7 
19 23 3 13 7 
16 23 3 13 7 
16 23 3 13 7 
16 16 3 13 7 
16 16 3 13 7 
16 12 3 13 7 
16 12 3 13 7 
16 12 3 13 7 
16 12 2 13 7 
16 11 2 13 7 
23 11 2 13 21 
20 11 2 13 21 
20 11 2 13 6 
20 11 2 14 6 
20 11 2 15 6 
19 11 2 15 6 
19 11 5 15 6 
19 11 5 15 6 
19 22 5 15 6 
19 22 5 14 6 
18 22 5 14 6 
18 22 26 14 6 
18 22 0 14 2 
18 4 0 14 2 
18 4 0 14 2 
25 4 0 14 5 
13 4 0 22 5 
13 4 0 22 26 
0 0 0 0 0 
;
ROBOT MOVING BEST:
0 0 0 0 0 
1 1 0 0 0 
1 0 1 0 0 
1 0 0 1 0 
1 0 0 0 1 
1 1 0 0 0 
1 0 1 0 0 
1 0 0 1 0 
0 0 1 1 0 
1 0 0 0 1 
1 1 0 0 0 
0 0 1 0 1 
0 0 0 1 1 
1 0 1 0 0 
1 0 0 1 0 
1 0 0 0 1 
0 0 1 1 0 
1 0 1 0 0 
0 0 0 1 1 
0 1 0 1 0 
0 0 1 1 0 
1 0 0 0 1 
1 1 0 0 0 
1 0 1 0 0 
0 1 0 0 1 
1 0 0 1 0 
0 0 0 1 1 
0 1 1 0 0 
0 0 1 0 1 
1 0 1 0 0 
1 1 0 0 0 
1 0 0 0 1 
0 1 1 0 0 
0 0 1 0 1 
0 1 0 0 1 
1 1 0 0 0 
1 0 0 0 1 
0 1 1 0 0 
0 1 0 0 1 
0 0 1 0 1 
0 0 1 1 0 
1 1 0 0 0 
0 1 1 0 0 
1 0 0 0 1 
0 0 1 0 1 
1 0 0 1 0 
1 1 0 0 0 
1 0 0 0 1 
0 0 1 1 0 
0 0 0 1 1 
1 0 0 1 0 
0 1 1 0 0 
0 0 1 0 1 
1 1 0 0 0 
0 1 0 1 0 
1 0 0 0 1 
1 0 0 1 0 
0 0 1 1 0 
0 1 1 0 0 
0 0 1 0 1 
1 0 0 0 1 
1 0 0 1 0 
0 0 1 1 0 
0 0 0 1 1 
1 1 0 0 0 
0 1 0 0 1 
0 0 1 0 1 
1 0 0 0 1 
1 0 0 1 0 
0 0 1 1 0 
0 0 0 1 1 
1 1 0 0 0 
0 1 0 0 1 
0 0 1 0 1 
0 1 0 1 0 
0 0 1 1 0 
1 0 1 0 0 
0 1 1 0 0 
0 1 0 0 1 
0 0 1 0 1 
1 0 0 0 1 
0 0 0 1 1 
0 0 1 1 0 
0 1 1 0 0 
0 1 0 0 1 
0 0 1 0 1 
1 0 0 1 0 
1 1 0 0 0 
1 0 1 0 0 
1 0 0 0 1 
0 1 0 1 0 
0 0 0 1 1 
0 1 1 0 0 
0 0 1 0 1 
1 0 0 0 1 
1 0 1 0 0 
0 1 1 0 0 
0 0 0 1 1 
0 1 0 0 1 
0 0 1 0 1 
1 0 0 1 0 
1 1 0 0 0 
1 0 1 0 0 
1 0 0 0 1 
0 0 0 1 1 
0 1 0 0 1 
0 0 1 1 0 
0 0 1 0 1 
1 0 0 1 0 
1 0 0 0 1 
0 1 0 0 1 
0 0 0 1 1 
0 0 1 1 0 
0 0 1 0 1 
1 0 0 1 0 
1 0 0 0 1 
0 1 0 0 1 
0 0 0 1 1 
0 1 1 0 0 
0 0 1 0 1 
0 1 0 0 1 
0 0 0 1 1 
0 0 1 0 1 
0 1 0 0 1 
0 0 0 1 1 
1 0 0 1 0 
1 0 0 0 1 
0 1 0 0 1 
0 0 1 0 1 
0 0 0 1 1 
1 0 0 1 0 
0 0 1 0 1 
0 1 0 0 1 
0 0 0 1 1 
0 0 1 1 0 
0 0 1 0 1 
1 0 0 0 1 
0 0 1 1 0 
0 0 0 1 1 
0 1 0 1 0 
0 0 1 0 1 
1 0 0 1 0 
0 0 1 1 0 
1 0 0 0 1 
0 0 0 1 1 
0 0 1 0 1 
0 1 0 0 1 
0 0 1 1 0 
1 0 0 0 1 
0 0 0 1 1 
0 1 0 0 1 
1 0 0 1 0 
0 0 1 0 1 
1 0 1 0 0 
1 0 0 0 1 
0 1 1 0 0 
0 1 0 0 1 
1 0 0 1 0 
0 0 0 1 1 
0 0 1 0 1 
1 0 1 0 0 
0 1 0 0 1 
1 0 0 0 1 
0 0 1 1 0 
0 0 0 1 1 
0 1 1 0 0 
0 1 0 0 1 
1 0 1 0 0 
0 0 1 1 0 
0 0 1 0 1 
1 0 0 0 1 
0 0 0 1 1 
0 0 1 0 1 
0 0 0 1 1 
0 0 1 1 0 
1 0 0 1 0 
0 0 0 1 1 
1 0 0 1 0 
1 0 0 0 1 
0 0 0 1 1 
0 0 1 1 0 
1 0 0 0 1 
0 0 0 1 1 
0 0 1 0 1 
1 1 0 0 0 
0 1 0 1 0 
0 0 1 0 1 
0 0 0 1 1 
1 0 0 1 0 
0 0 0 1 1 
0 1 0 1 0 
0 0 1 1 0 
1 1 0 0 0 
1 0 1 0 0 
0 1 0 0 1 
1 0 0 1 0 
0 1 0 1 0 
0 0 1 0 1 
0 0 1 1 0 
1 1 0 0 0 
0 0 0 1 1 
1 0 1 0 0 
1 0 0 0 1 
1 0 0 1 0 
0 0 1 0 1 
0 1 0 1 0 
0 0 0 1 1 
1 0 1 0 0 
1 0 0 1 0 
0 0 1 0 1 
0 0 1 1 0 
0 0 0 1 1 
1 0 0 1 0 
1 0 0 0 1 
0 1 0 1 0 
0 0 0 1 1 
1 0 0 1 0 
0 0 0 1 1 
1 0 0 1 0 
1 1 0 0 0 
1 0 0 0 1 
0 0 0 1 1 
1 0 0 1 0 
1 1 0 0 0 
0 1 0 1 0 
0 0 0 1 1 
1 0 0 1 0 
0 0 1 0 1 
1 0 1 0 0 
0 1 0 0 1 
1 1 0 0 0 
0 1 1 0 0 
1 0 0 1 0 
1 0 0 0 1 
0 0 1 0 1 
0 1 1 0 0 
0 0 1 1 0 
1 0 1 0 0 
0 0 0 1 1 
1 0 0 0 1 
1 0 0 1 0 
1 0 1 0 0 
0 0 0 1 1 
1 1 0 0 0 
0 1 0 1 0 
0 0 1 0 1 
1 0 1 0 0 
1 0 0 1 0 
1 0 0 1 0 
0 1 1 0 0 
0 1 0 0 1 
1 0 0 0 1 
1 0 0 1 0 
0 1 1 0 0 
1 1 0 0 0 
0 1 0 0 1 
0 1 1 0 0 
0 1 0 0 1 
0 1 1 0 0 
1 1 0 0 0 
0 1 0 0 1 
0 1 1 0 0 
0 1 0 0 1 
1 0 0 0 1 
1 0 0 0 1 
0 1 0 0 1 
0 0 1 1 0 
0 0 1 1 0 
1 0 0 0 1 
0 1 1 0 0 
1 0 1 0 0 
1 1 0 0 0 
0 0 1 1 0 
1 0 1 0 0 
1 0 1 0 0 
0 0 1 0 1 
0 1 0 1 0 
1 1 0 0 0 
1 0 0 0 1 
1 0 0 1 0 
1 0 0 0 1 
1 1 0 1 1 
;
TIMETABLE BEST: 
0.0 0.0 0.0 0.0 0.0 
0 14 0 0 0 
0 14 17 0 0 
0 14 17 18 0 
0 14 17 18 24 
0 26 17 18 24 
14 26 17 18 24 
14 26 17 18 24 
14 26 17 18 24 
14 26 17 18 24 
14 26 17 18 24 
14 26 17 18 24 
14 26 17 18 24 
26 26 17 18 24 
26 26 17 18 24 
26 26 17 18 24 
26 26 17 33 24 
38 26 17 33 24 
38 26 17 33 24 
38 26 17 33 24 
38 26 28 33 24 
38 26 28 33 24 
38 26 28 33 24 
38 26 28 33 24 
38 45 28 33 24 
38 45 28 33 24 
38 45 28 48 24 
38 45 28 48 24 
38 45 28 48 46 
38 45 42 48 46 
38 45 42 48 46 
38 45 42 48 46 
38 45 42 48 46 
38 45 42 48 46 
38 45 42 48 46 
38 56 42 48 46 
50 56 42 48 46 
50 56 42 48 46 
50 56 42 48 46 
50 56 42 48 60 
50 56 42 63 60 
50 56 42 63 60 
50 68 42 63 60 
50 68 42 63 60 
50 68 56 63 60 
50 68 56 63 60 
50 68 56 63 60 
61 68 56 63 60 
61 68 56 63 60 
61 68 56 63 60 
61 68 56 63 60 
61 68 56 63 60 
61 68 56 63 71 
61 68 56 63 71 
61 68 56 63 71 
61 68 56 63 71 
70 68 56 63 71 
70 68 56 76 71 
70 80 56 76 71 
70 80 68 76 71 
70 80 68 76 71 
70 80 68 76 71 
70 80 68 76 71 
70 80 68 76 71 
70 80 68 76 71 
70 80 68 76 71 
70 80 80 76 71 
70 80 80 76 82 
79 80 80 76 82 
79 80 80 76 82 
79 80 80 76 82 
79 80 80 76 82 
79 80 80 76 82 
79 80 80 76 82 
79 92 80 76 82 
79 92 80 89 82 
98 92 80 89 82 
98 92 80 89 82 
98 92 80 89 82 
98 92 93 89 82 
98 92 93 89 82 
98 92 93 89 93 
98 92 93 89 93 
98 92 93 89 93 
98 92 93 89 93 
98 92 93 89 93 
98 92 93 89 93 
98 92 93 89 93 
98 92 93 89 93 
98 92 93 89 93 
98 104 93 89 93 
98 104 93 102 93 
98 104 93 102 93 
98 104 93 102 106 
98 104 93 102 106 
113 104 93 102 106 
113 104 106 102 106 
113 104 106 102 106 
113 104 106 102 106 
113 104 106 102 106 
113 104 106 102 106 
113 104 106 102 106 
113 104 106 102 106 
113 104 106 102 106 
113 104 106 102 117 
113 104 106 102 117 
113 104 106 116 117 
113 104 106 116 117 
113 104 106 116 117 
113 104 106 116 117 
113 115 106 116 117 
113 115 106 116 117 
113 115 122 116 117 
113 115 122 116 117 
128 115 122 116 117 
128 115 122 116 117 
128 128 122 116 117 
128 128 122 131 117 
128 128 122 131 117 
128 128 135 131 117 
128 140 135 131 117 
128 140 135 131 128 
128 140 135 131 128 
128 140 135 131 128 
128 140 135 144 128 
128 140 135 144 128 
146 140 135 144 128 
146 151 135 144 128 
146 151 135 144 144 
146 151 135 144 144 
146 151 135 144 144 
146 151 146 144 144 
146 151 146 144 144 
146 151 146 156 144 
146 151 146 156 144 
146 151 159 156 144 
146 151 159 156 159 
146 151 159 156 159 
146 151 159 156 159 
146 160 159 156 159 
146 160 159 156 159 
164 160 159 156 159 
164 160 159 168 159 
164 160 159 168 159 
164 160 159 168 159 
164 160 172 168 159 
164 160 172 168 178 
164 160 172 168 178 
164 160 172 168 178 
164 160 172 168 178 
164 169 172 168 178 
164 169 172 184 178 
164 169 172 184 178 
164 169 189 184 178 
179 169 189 184 178 
179 169 189 184 178 
179 180 189 184 178 
179 180 189 184 178 
179 180 189 184 178 
179 180 189 184 178 
179 180 189 184 178 
179 192 189 184 178 
194 192 189 184 178 
194 192 189 184 178 
194 192 189 196 178 
194 192 189 196 178 
194 204 189 196 178 
194 204 189 196 178 
194 204 189 196 178 
194 204 207 196 178 
208 204 207 196 178 
208 204 207 196 196 
208 204 207 196 196 
208 204 207 208 196 
208 204 207 208 196 
208 204 207 208 196 
208 204 207 208 208 
219 204 207 208 208 
219 204 207 208 208 
219 204 207 208 220 
219 204 222 208 220 
219 204 222 208 220 
219 204 222 220 220 
219 204 222 220 220 
243 204 222 220 220 
243 234 222 220 220 
243 234 236 220 220 
243 234 236 220 238 
243 234 236 220 238 
243 234 236 220 249 
243 234 236 239 249 
243 234 236 239 249 
243 234 236 239 249 
243 234 236 239 249 
243 234 236 239 249 
243 234 236 239 249 
243 245 236 239 249 
243 245 236 239 249 
243 245 247 239 249 
243 245 247 239 249 
243 245 247 239 249 
243 245 247 239 249 
243 245 247 239 249 
256 245 247 239 249 
256 245 247 239 249 
256 258 247 239 249 
256 258 247 239 260 
256 258 247 239 260 
266 258 247 239 260 
266 258 247 239 260 
266 258 271 239 260 
266 258 271 256 260 
266 258 271 256 260 
266 258 271 256 260 
266 271 271 256 260 
266 271 271 256 271 
276 271 271 256 271 
276 271 271 269 271 
276 271 271 269 271 
276 271 271 269 271 
276 271 271 269 271 
276 271 271 269 282 
286 271 271 269 282 
286 271 271 269 282 
286 291 271 269 282 
286 291 271 282 282 
286 291 271 282 282 
286 291 286 282 282 
286 291 286 282 282 
286 291 286 282 282 
286 291 286 282 282 
286 291 286 282 282 
296 291 286 282 282 
296 291 286 282 282 
296 291 286 282 293 
296 304 286 282 293 
296 304 301 293 293 
296 304 301 293 293 
296 304 301 293 304 
296 304 301 293 304 
296 304 301 306 304 
309 304 301 306 304 
309 304 301 306 304 
309 304 301 306 304 
309 304 301 322 304 
309 304 301 322 326 
309 304 320 322 326 
309 304 320 322 326 
309 304 320 334 326 
309 304 342 334 326 
309 304 342 334 344 
309 304 342 334 344 
309 304 342 345 344 
309 314 342 345 344 
343 314 342 345 344 
343 314 342 345 344 
343 325 342 345 344 
343 325 342 345 344 
343 336 342 345 344 
343 336 342 345 344 
343 336 342 345 344 
343 336 364 345 344 
343 363 364 345 344 
354 363 364 345 356 
364 363 364 345 356 
364 363 364 345 368 
364 363 364 370 368 
364 363 364 383 368 
377 363 364 383 368 
377 363 402 383 368 
377 363 402 383 368 
377 412 402 383 368 
377 412 402 396 368 
397 412 402 396 368 
397 412 411 396 368 
397 412 428 396 386 
397 424 428 396 386 
397 424 428 396 386 
410 424 428 396 424 
423 424 428 428 424 
423 424 428 428 433 
462.0 438.0 428.0 452.0 450.0 
;
EXECUTION TIME HBSS: 1869.08734393 seconds 

-------------------------------------------------------------------
