DATFILE : bwopen0_2r_500.dat
ENVIRONMENT : bwopen
ALGORITHM : HBSS - TAU 9
RANGE : 500
STARTING_POS : 0
N_ROBOTS : 2
GREEDY SOLUTION : [ 3970.]
COMPUTATIONS D :
3970
4046
3970
3970
3970
3948
3970
3970
3970
3970
3964
3970
3970
3970
3894
3970
4012
4028
3956
3970
3970
3970
4024
3970
3970
3976
4030
3970
4044
3970
3970
4164
3970
4170
4044
3970
4046
4012
4034
4008
3970
3970
3970
3970
3900
3970
3970
3970
3970
3970
3970
3998
3970
3970
3970
3974
3970
3970
3970
3970
3936
3970
3970
3950
3970
3970
4048
3970
3970
3926
3972
3972
3954
3980
4122
3970
3970
3970
3970
3970
3970
3970
4074
3926
3980
3970
3970
3970
3892
3970
4008
4072
4106
3996
3970
3970
4102
3970
3972
3970
3954
3970
4016
3964
3970
3970
4026
3970
3970
3970
3970
3970
4172
3970
4020
3970
3962
4092
4018
3976
4184
3970
3970
3970
3970
3960
4016
3940
3970
3970
3970
3970
3970
4080
3970
3946
3970
3970
3988
3970
3970
3970
3996
3970
3970
3970
3970
3970
3970
3970
3970
3952
3936
3970
4106
3990
3970
4076
4040
3970
3970
3970
3970
4002
3970
3970
3970
3970
3970
3970
4084
3932
3970
3954
3970
4048
4078
4088
4040
3970
3970
3970
3970
3970
4238
3970
3970
3966
3936
4072
3970
3970
4012
3970
3970
3970
4002
3970
3972
3970
;
HBBS sumD : 3892
BEST_CONFIGURATIONS : 
0 0 
0 4 
0 26 
0 5 
0 22 
0 8 
0 13 
0 17 
0 25 
4 25 
26 25 
5 25 
5 17 
26 17 
4 17 
4 13 
26 13 
5 13 
22 13 
22 17 
8 17 
8 13 
8 25 
22 25 
22 18 
22 14 
26 14 
5 14 
5 18 
26 18 
4 18 
4 14 
4 15 
4 10 
26 10 
5 10 
5 15 
26 15 
22 15 
22 10 
8 10 
8 15 
8 14 
8 18 
13 18 
13 14 
17 14 
25 14 
25 18 
17 18 
17 25 
13 25 
13 17 
15 17 
10 17 
10 13 
15 13 
15 25 
10 25 
10 18 
10 14 
15 14 
15 18 
14 18 
9 18 
9 14 
9 15 
9 10 
9 24 
9 6 
9 21 
9 3 
10 3 
15 3 
15 21 
10 21 
10 6 
15 6 
14 6 
18 6 
25 6 
25 24 
17 24 
13 24 
8 24 
22 24 
26 24 
5 24 
5 6 
26 6 
4 6 
22 6 
8 6 
8 2 
22 2 
26 2 
5 2 
4 2 
0 2 
0 6 
0 24 
0 10 
0 9 
4 9 
26 9 
5 9 
22 9 
8 9 
13 9 
17 9 
25 9 
25 27 
17 27 
13 27 
8 27 
22 27 
26 27 
5 27 
4 27 
0 27 
0 1 
4 1 
26 1 
5 1 
22 1 
8 1 
13 1 
25 1 
18 1 
14 1 
15 1 
10 1 
24 1 
6 1 
21 1 
3 1 
3 27 
21 27 
6 27 
24 27 
10 27 
15 27 
14 27 
18 27 
19 27 
20 27 
20 9 
23 9 
16 9 
12 9 
12 10 
16 10 
23 10 
20 10 
20 15 
23 15 
16 15 
12 15 
7 15 
7 10 
7 24 
21 24 
3 24 
3 6 
3 21 
3 7 
21 7 
6 7 
6 21 
11 21 
11 3 
11 7 
11 12 
11 16 
11 23 
11 20 
11 19 
6 19 
21 19 
7 19 
7 20 
7 23 
7 16 
7 12 
21 12 
21 16 
21 23 
21 20 
3 20 
3 23 
3 16 
3 12 
2 12 
2 7 
2 21 
2 3 
2 6 
2 24 
2 10 
2 15 
2 14 
2 9 
2 27 
2 1 
27 1 
9 1 
9 27 
11 27 
11 1 
11 5 
11 26 
11 22 
11 9 
11 10 
11 15 
11 14 
11 18 
11 25 
19 25 
19 17 
19 13 
19 8 
19 22 
19 5 
19 9 
19 10 
19 15 
19 14 
19 18 
20 18 
23 18 
23 14 
20 14 
20 25 
20 19 
23 19 
16 19 
12 19 
12 20 
12 23 
12 16 
16 23 
16 20 
23 20 
23 24 
20 24 
20 6 
23 6 
16 6 
12 6 
12 24 
16 24 
11 24 
11 6 
11 2 
19 2 
19 24 
18 24 
14 24 
15 24 
10 24 
10 15 
6 24 
7 9 
7 27 
12 27 
16 14 
21 14 
21 5 
24 4 
5 4 
26 4 
22 4 
22 26 
22 5 
26 5 
8 5 
8 22 
8 26 
8 4 
14 0 
0 0 
;
ROBOT MOVING BEST:
0 0 
1 1 
1 1 
1 1 
1 1 
1 1 
1 1 
1 1 
1 1 
1 1 
1 1 
1 1 
1 1 
1 1 
1 1 
1 1 
1 1 
1 1 
1 1 
1 1 
1 1 
1 1 
1 1 
1 1 
1 1 
1 1 
1 1 
1 1 
1 1 
1 1 
1 1 
1 1 
1 1 
1 1 
1 1 
1 1 
1 1 
1 1 
1 1 
1 1 
1 1 
1 1 
1 1 
1 1 
1 1 
1 1 
1 1 
1 1 
1 1 
1 1 
1 1 
1 1 
1 1 
1 1 
1 1 
1 1 
1 1 
1 1 
1 1 
1 1 
1 1 
1 1 
1 1 
1 1 
1 1 
1 1 
1 1 
1 1 
1 1 
1 1 
1 1 
1 1 
1 1 
1 1 
1 1 
1 1 
1 1 
1 1 
1 1 
1 1 
1 1 
1 1 
1 1 
1 1 
1 1 
1 1 
1 1 
1 1 
1 1 
1 1 
1 1 
1 1 
1 1 
1 1 
1 1 
1 1 
1 1 
1 1 
1 1 
1 1 
1 1 
1 1 
1 1 
1 1 
1 1 
1 1 
1 1 
1 1 
1 1 
1 1 
1 1 
1 1 
1 1 
1 1 
1 1 
1 1 
1 1 
1 1 
1 1 
1 1 
1 1 
1 1 
1 1 
1 1 
1 1 
1 1 
1 1 
1 1 
1 1 
1 1 
1 1 
1 1 
1 1 
1 1 
1 1 
1 1 
1 1 
1 1 
1 1 
1 1 
1 1 
1 1 
1 1 
1 1 
1 1 
1 1 
1 1 
1 1 
1 1 
1 1 
1 1 
1 1 
1 1 
1 1 
1 1 
1 1 
1 1 
1 1 
1 1 
1 1 
1 1 
1 1 
1 1 
1 1 
1 1 
1 1 
1 1 
1 1 
1 1 
1 1 
1 1 
1 1 
1 1 
1 1 
1 1 
1 1 
1 1 
1 1 
1 1 
1 1 
1 1 
1 1 
1 1 
1 1 
1 1 
1 1 
1 1 
1 1 
1 1 
1 1 
1 1 
1 1 
1 1 
1 1 
1 1 
1 1 
1 1 
1 1 
1 1 
1 1 
1 1 
1 1 
1 1 
1 1 
1 1 
1 1 
1 1 
1 1 
1 1 
1 1 
1 1 
1 1 
1 1 
1 1 
1 1 
1 1 
1 1 
1 1 
1 1 
1 1 
1 1 
1 1 
1 1 
1 1 
1 1 
1 1 
1 1 
1 1 
1 1 
1 1 
1 1 
1 1 
1 1 
1 1 
1 1 
1 1 
1 1 
1 1 
1 1 
1 1 
1 1 
1 1 
1 1 
1 1 
1 1 
1 1 
1 1 
1 1 
1 1 
1 1 
1 1 
1 1 
1 1 
1 1 
1 1 
1 1 
1 1 
1 1 
1 1 
1 1 
1 1 
1 1 
1 1 
1 1 
1 1 
1 1 
1 1 
1 1 
1 1 
1 1 
1 1 
1 1 
1 1 
1 1 
1 1 
1 1 
1 1 
1 1 
1 1 
1 1 
1 1 
1 0 
;
TIMETABLE BEST: 
0.0 0.0 
0 14 
0 25 
0 34 
0 46 
0 58 
0 71 
0 82 
0 94 
14 94 
25 94 
34 94 
34 106 
43 106 
54 106 
54 117 
65 117 
74 117 
86 117 
86 128 
98 128 
98 139 
98 152 
110 152 
110 165 
110 176 
121 176 
130 176 
130 187 
139 187 
150 187 
150 198 
150 211 
150 222 
161 222 
170 222 
170 233 
179 233 
190 233 
190 244 
202 244 
202 255 
202 268 
202 279 
215 279 
215 290 
226 290 
238 290 
238 301 
250 301 
250 314 
261 314 
261 326 
295 326 
306 326 
306 337 
317 337 
317 350 
328 350 
328 363 
328 374 
339 374 
339 385 
352 385 
368 385 
368 396 
368 409 
368 420 
368 433 
368 446 
368 458 
368 470 
382 470 
393 470 
393 482 
404 482 
404 494 
415 494 
428 494 
439 494 
452 494 
452 507 
464 507 
475 507 
488 507 
500 507 
511 507 
520 507 
520 520 
529 520 
540 520 
552 520 
564 520 
564 538 
576 538 
587 538 
596 538 
610 538 
624 538 
624 556 
624 569 
624 582 
624 596 
638 596 
649 596 
658 596 
670 596 
682 596 
695 596 
706 596 
718 596 
718 611 
730 611 
741 611 
754 611 
766 611 
777 611 
786 611 
800 611 
814 611 
814 626 
828 626 
839 626 
848 626 
860 626 
872 626 
885 626 
898 626 
911 626 
922 626 
935 626 
946 626 
959 626 
972 626 
984 626 
996 626 
996 641 
1008 641 
1020 641 
1033 641 
1046 641 
1057 641 
1070 641 
1081 641 
1101 641 
1114 641 
1114 656 
1124 656 
1135 656 
1146 656 
1146 670 
1157 670 
1168 670 
1178 670 
1178 681 
1188 681 
1199 681 
1210 681 
1228 681 
1228 692 
1228 705 
1240 705 
1252 705 
1252 718 
1252 730 
1252 742 
1264 742 
1276 742 
1276 754 
1293 754 
1293 766 
1293 782 
1293 800 
1293 811 
1293 822 
1293 832 
1293 845 
1310 845 
1322 845 
1334 845 
1334 858 
1334 868 
1334 879 
1334 890 
1346 890 
1346 901 
1346 912 
1346 922 
1358 922 
1358 932 
1358 943 
1358 954 
1380 954 
1380 972 
1380 984 
1380 996 
1380 1020 
1380 1033 
1380 1046 
1380 1057 
1380 1070 
1380 1086 
1380 1101 
1380 1116 
1399 1116 
1414 1116 
1414 1131 
1439 1131 
1439 1146 
1439 1164 
1439 1173 
1439 1184 
1439 1208 
1439 1222 
1439 1233 
1439 1246 
1439 1257 
1439 1270 
1469 1270 
1469 1282 
1469 1293 
1469 1306 
1469 1318 
1469 1330 
1469 1352 
1469 1366 
1469 1377 
1469 1390 
1469 1401 
1482 1401 
1492 1401 
1492 1412 
1502 1412 
1502 1428 
1502 1461 
1512 1461 
1523 1461 
1534 1461 
1534 1474 
1534 1484 
1534 1495 
1545 1506 
1545 1516 
1556 1516 
1556 1559 
1566 1559 
1566 1572 
1576 1572 
1587 1572 
1598 1572 
1598 1585 
1609 1585 
1639 1585 
1639 1598 
1639 1616 
1669 1616 
1669 1635 
1689 1635 
1700 1635 
1713 1635 
1724 1635 
1724 1659 
1750 1683 
1770 1698 
1770 1713 
1788 1713 
1799 1744 
1838 1744 
1838 1774 
1863 1788 
1898 1788 
1907 1788 
1918 1788 
1918 1799 
1918 1808 
1929 1808 
1952 1808 
1952 1820 
1952 1831 
1952 1842 
1982 1856 
2036.0 1856.0 
;
EXECUTION TIME HBSS: 238.535903931 seconds 

-------------------------------------------------------------------
