DATFILE : bwopen0_2r_500.dat
ENVIRONMENT : bwopen
ALGORITHM : HBSS - TAU 3
RANGE : 500
STARTING_POS : 0
N_ROBOTS : 2
GREEDY SOLUTION : 3745.0
COMPUTATIONS T :
3921.0
3930.0
3948.0
4002.0
3846.0
3958.0
3905.0
3900.0
4041.0
3920.0
3941.0
3840.0
3999.0
3985.0
3887.0
3942.0
3819.0
4046.0
3976.0
3951.0
3831.0
3906.0
3934.0
3845.0
3863.0
3943.0
3938.0
3879.0
3802.0
3878.0
3992.0
3966.0
3881.0
3870.0
3792.0
3909.0
3938.0
4005.0
3910.0
3866.0
3888.0
3805.0
3928.0
4011.0
4031.0
3933.0
3906.0
3954.0
3965.0
4071.0
3965.0
3916.0
3978.0
3920.0
3930.0
3978.0
3930.0
3959.0
3832.0
3897.0
3911.0
3896.0
3916.0
3946.0
3897.0
3914.0
3927.0
3818.0
3957.0
3959.0
3909.0
3966.0
3982.0
3825.0
3945.0
3913.0
4059.0
3958.0
3849.0
3961.0
3906.0
3819.0
3944.0
3917.0
3988.0
3887.0
3846.0
3939.0
3940.0
4001.0
3919.0
3849.0
4031.0
4030.0
3947.0
3934.0
3826.0
3948.0
4006.0
4091.0
3849.0
3903.0
4059.0
3918.0
3945.0
3929.0
3875.0
3926.0
3980.0
3878.0
3884.0
3864.0
3958.0
3967.0
3958.0
3862.0
4032.0
3979.0
3956.0
3990.0
3813.0
3892.0
3874.0
3940.0
3933.0
3920.0
3872.0
4049.0
3812.0
3911.0
3832.0
3901.0
3942.0
3949.0
3898.0
3819.0
3928.0
3970.0
3879.0
3882.0
3926.0
4000.0
3870.0
3906.0
3847.0
3831.0
4009.0
3903.0
4018.0
3979.0
3976.0
4002.0
3844.0
3978.0
3904.0
3890.0
3943.0
3963.0
3918.0
3830.0
3899.0
3934.0
3892.0
3991.0
4052.0
3804.0
3852.0
3947.0
3883.0
3886.0
3951.0
3903.0
4073.0
3944.0
4006.0
3933.0
3963.0
4008.0
4025.0
3843.0
3824.0
4084.0
4020.0
3966.0
4024.0
4040.0
3995.0
3915.0
3942.0
3983.0
4006.0
3854.0
4070.0
4061.0
3846.0
3859.0
4036.0
3860.0
4008.0
3923.0
;
HBBS bestT : 3792.0
BEST_CONFIGURATIONS : 
0 0 
0 4 
0 26 
0 5 
0 22 
0 8 
0 13 
0 17 
0 25 
4 17 
4 13 
26 13 
5 13 
5 17 
26 17 
4 25 
26 25 
5 25 
22 17 
22 13 
8 17 
8 13 
22 8 
4 8 
26 8 
5 8 
5 22 
26 22 
4 22 
4 26 
4 5 
0 1 
0 27 
4 27 
26 27 
5 27 
22 27 
8 27 
13 27 
17 27 
25 27 
18 27 
14 27 
15 27 
10 27 
24 27 
6 27 
21 27 
3 27 
3 1 
21 1 
6 1 
24 1 
10 1 
15 1 
14 1 
18 1 
25 1 
13 1 
8 1 
22 1 
26 1 
5 1 
4 1 
26 5 
1 27 
27 9 
1 9 
0 9 
4 10 
4 15 
26 10 
5 10 
22 10 
22 15 
26 15 
5 15 
26 14 
4 14 
4 18 
26 18 
5 18 
5 14 
22 14 
22 18 
8 14 
8 15 
8 10 
8 24 
22 24 
4 24 
26 24 
5 24 
5 6 
5 11 
22 11 
26 11 
4 6 
26 6 
22 6 
8 6 
13 24 
25 6 
18 6 
14 6 
14 21 
15 3 
10 3 
15 21 
10 21 
15 6 
10 6 
24 6 
24 21 
6 21 
24 3 
6 3 
11 7 
11 21 
11 3 
6 7 
21 7 
3 7 
3 21 
2 11 
2 6 
2 21 
2 7 
2 3 
24 7 
10 7 
15 7 
9 3 
5 2 
26 2 
22 2 
8 2 
4 2 
0 2 
0 6 
0 24 
0 10 
0 14 
4 9 
26 9 
8 9 
22 9 
5 9 
9 10 
9 24 
9 6 
9 21 
9 7 
27 7 
9 12 
10 16 
10 12 
15 12 
15 16 
10 23 
10 20 
15 20 
15 23 
14 20 
14 23 
14 16 
18 23 
18 20 
14 19 
18 19 
25 19 
17 19 
13 19 
8 19 
22 19 
5 19 
27 19 
27 20 
9 19 
9 20 
9 23 
9 16 
24 12 
24 16 
24 23 
24 20 
6 19 
21 19 
7 19 
7 20 
7 23 
7 16 
7 12 
21 12 
21 16 
21 23 
21 20 
3 20 
3 23 
3 16 
3 12 
6 12 
6 16 
6 23 
6 20 
24 19 
10 19 
15 19 
10 18 
10 14 
15 18 
15 14 
10 15 
24 10 
24 15 
24 14 
9 14 
9 18 
9 25 
9 17 
10 13 
10 17 
15 17 
15 13 
10 25 
15 25 
14 17 
14 13 
18 17 
18 13 
18 8 
25 8 
25 22 
17 13 
25 13 
25 17 
18 25 
14 25 
9 15 
14 18 
9 13 
24 17 
24 25 
24 18 
11 14 
11 18 
11 25 
11 15 
11 10 
11 24 
11 6 
24 2 
10 2 
15 2 
14 2 
9 2 
27 2 
1 2 
5 21 
1 11 
27 11 
9 11 
11 12 
11 16 
11 23 
11 20 
11 19 
12 19 
16 19 
23 19 
20 19 
23 20 
16 20 
16 23 
12 16 
12 23 
12 20 
20 25 
12 27 
12 2 
19 2 
0 0 
;
ROBOT MOVING BEST:
0 0 
1 1 
1 1 
1 1 
1 1 
1 1 
1 1 
1 1 
1 1 
1 1 
1 1 
1 1 
1 1 
1 1 
1 1 
1 1 
1 1 
1 1 
1 1 
1 1 
1 1 
1 1 
1 1 
1 1 
1 1 
1 1 
1 1 
1 1 
1 1 
1 1 
1 1 
1 1 
1 1 
1 1 
1 1 
1 1 
1 1 
1 1 
1 1 
1 1 
1 1 
1 1 
1 1 
1 1 
1 1 
1 1 
1 1 
1 1 
1 1 
1 1 
1 1 
1 1 
1 1 
1 1 
1 1 
1 1 
1 1 
1 1 
1 1 
1 1 
1 1 
1 1 
1 1 
1 1 
1 1 
1 1 
1 1 
1 1 
1 1 
1 1 
1 1 
1 1 
1 1 
1 1 
1 1 
1 1 
1 1 
1 1 
1 1 
1 1 
1 1 
1 1 
1 1 
1 1 
1 1 
1 1 
1 1 
1 1 
1 1 
1 1 
1 1 
1 1 
1 1 
1 1 
1 1 
1 1 
1 1 
1 1 
1 1 
1 1 
1 1 
1 1 
1 1 
1 1 
1 1 
1 1 
1 1 
1 1 
1 1 
1 1 
1 1 
1 1 
1 1 
1 1 
1 1 
1 1 
1 1 
1 1 
1 1 
1 1 
1 1 
1 1 
1 1 
1 1 
1 1 
1 1 
1 1 
1 1 
1 1 
1 1 
1 1 
1 1 
1 1 
1 1 
1 1 
1 1 
1 1 
1 1 
1 1 
1 1 
1 1 
1 1 
1 1 
1 1 
1 1 
1 1 
1 1 
1 1 
1 1 
1 1 
1 1 
1 1 
1 1 
1 1 
1 1 
1 1 
1 1 
1 1 
1 1 
1 1 
1 1 
1 1 
1 1 
1 1 
1 1 
1 1 
1 1 
1 1 
1 1 
1 1 
1 1 
1 1 
1 1 
1 1 
1 1 
1 1 
1 1 
1 1 
1 1 
1 1 
1 1 
1 1 
1 1 
1 1 
1 1 
1 1 
1 1 
1 1 
1 1 
1 1 
1 1 
1 1 
1 1 
1 1 
1 1 
1 1 
1 1 
1 1 
1 1 
1 1 
1 1 
1 1 
1 1 
1 1 
1 1 
1 1 
1 1 
1 1 
1 1 
1 1 
1 1 
1 1 
1 1 
1 1 
1 1 
1 1 
1 1 
1 1 
1 1 
1 1 
1 1 
1 1 
1 1 
1 1 
1 1 
1 1 
1 1 
1 1 
1 1 
1 1 
1 1 
1 1 
1 1 
1 1 
1 1 
1 1 
1 1 
1 1 
1 1 
1 1 
1 1 
1 1 
1 1 
1 1 
1 1 
1 1 
1 1 
1 1 
1 1 
1 1 
1 1 
1 1 
1 1 
1 1 
1 1 
1 1 
1 1 
1 1 
1 1 
1 1 
1 1 
1 1 
1 1 
1 1 
1 1 
1 1 
1 1 
1 1 
1 1 
1 1 
1 1 
1 1 
1 1 
1 1 
1 1 
1 1 
1 1 
1 1 
1 1 
1 1 
1 1 
1 1 
;
TIMETABLE BEST: 
0.0 0.0 
14 14 
25 25 
34 34 
46 46 
58 58 
71 71 
82 82 
94 94 
108 108 
119 119 
130 130 
139 139 
150 150 
159 159 
171 171 
182 182 
191 191 
203 203 
214 214 
226 226 
237 237 
250 250 
262 262 
273 273 
282 282 
294 294 
303 303 
314 314 
325 325 
334 334 
352 352 
367 367 
381 381 
392 392 
401 401 
413 413 
425 425 
438 438 
449 449 
461 461 
474 474 
485 485 
498 498 
509 509 
522 522 
535 535 
547 547 
559 559 
574 574 
586 586 
598 598 
611 611 
624 624 
635 635 
648 648 
659 659 
672 672 
685 685 
698 698 
710 710 
721 721 
730 730 
744 744 
762 762 
783 783 
798 798 
813 813 
831 831 
845 845 
856 856 
867 867 
876 876 
888 888 
899 899 
910 910 
919 919 
932 932 
943 943 
954 954 
965 965 
974 974 
985 985 
997 997 
1008 1008 
1020 1020 
1033 1033 
1044 1044 
1057 1057 
1069 1069 
1081 1081 
1092 1092 
1101 1101 
1114 1114 
1131 1131 
1143 1143 
1154 1154 
1171 1171 
1182 1182 
1193 1193 
1205 1205 
1218 1218 
1231 1231 
1244 1244 
1255 1255 
1267 1267 
1280 1280 
1291 1291 
1303 1303 
1314 1314 
1326 1326 
1337 1337 
1350 1350 
1362 1362 
1375 1375 
1388 1388 
1401 1401 
1418 1418 
1430 1430 
1442 1442 
1459 1459 
1471 1471 
1483 1483 
1495 1495 
1517 1517 
1534 1534 
1546 1546 
1558 1558 
1574 1574 
1593 1593 
1606 1606 
1617 1617 
1638 1638 
1660 1660 
1669 1669 
1680 1680 
1692 1692 
1706 1706 
1720 1720 
1738 1738 
1751 1751 
1764 1764 
1782 1782 
1798 1798 
1809 1809 
1832 1832 
1844 1844 
1856 1856 
1878 1878 
1891 1891 
1904 1904 
1916 1916 
1928 1928 
1943 1943 
1961 1961 
1975 1975 
1986 1986 
1997 1997 
2008 2008 
2019 2019 
2029 2029 
2040 2040 
2050 2050 
2063 2063 
2073 2073 
2084 2084 
2095 2095 
2105 2105 
2118 2118 
2129 2129 
2142 2142 
2154 2154 
2165 2165 
2178 2178 
2190 2190 
2202 2202 
2223 2223 
2236 2236 
2251 2251 
2264 2264 
2274 2274 
2285 2285 
2300 2300 
2311 2311 
2322 2322 
2332 2332 
2345 2345 
2357 2357 
2369 2369 
2382 2382 
2392 2392 
2403 2403 
2414 2414 
2426 2426 
2437 2437 
2448 2448 
2458 2458 
2470 2470 
2480 2480 
2491 2491 
2502 2502 
2526 2526 
2537 2537 
2548 2548 
2558 2558 
2571 2571 
2584 2584 
2595 2595 
2615 2615 
2626 2626 
2637 2637 
2648 2648 
2661 2661 
2674 2674 
2685 2685 
2698 2698 
2713 2713 
2724 2724 
2737 2737 
2749 2749 
2763 2763 
2774 2774 
2785 2785 
2796 2796 
2809 2809 
2820 2820 
2833 2833 
2844 2844 
2855 2855 
2866 2866 
2879 2879 
2892 2892 
2904 2904 
2923 2923 
2935 2935 
2946 2946 
2959 2959 
2970 2970 
2993 2993 
3011 3011 
3037 3037 
3052 3052 
3064 3064 
3077 3077 
3095 3095 
3106 3106 
3119 3119 
3142 3142 
3153 3153 
3166 3166 
3179 3179 
3197 3197 
3210 3210 
3221 3221 
3234 3234 
3250 3250 
3265 3265 
3280 3280 
3306 3306 
3325 3325 
3340 3340 
3355 3355 
3382 3382 
3393 3393 
3404 3404 
3414 3414 
3427 3427 
3454 3454 
3465 3465 
3476 3476 
3486 3486 
3499 3499 
3510 3510 
3520 3520 
3531 3531 
3542 3542 
3552 3552 
3598 3598 
3645 3645 
3664 3664 
3709 3709 
3792.0 3745.0 
;
EXECUTION TIME HBSS: 257.143076897 seconds 

-------------------------------------------------------------------
