DATFILE : bwopen0_10r_500.dat
ENVIRONMENT : bwopen
ALGORITHM : HBSS - TAU 1
RANGE : 500
STARTING_POS : 0
N_ROBOTS : 10
GREEDY SOLUTION : 467.0
COMPUTATIONS T :
1345.0
1449.0
1631.0
1582.0
1536.0
1566.0
1491.0
1445.0
1548.0
1579.0
1457.0
1460.0
1512.0
1447.0
1465.0
1553.0
1731.0
1442.0
1610.0
1501.0
1464.0
1545.0
1647.0
1536.0
1548.0
1451.0
1558.0
1511.0
1454.0
1591.0
1542.0
1755.0
1486.0
1284.0
1553.0
1639.0
1507.0
1445.0
1524.0
1573.0
1466.0
1390.0
1653.0
1416.0
1534.0
1652.0
1521.0
1554.0
1581.0
1607.0
1582.0
1417.0
1738.0
1714.0
1777.0
1457.0
1472.0
1678.0
1567.0
1362.0
1318.0
1468.0
1537.0
1386.0
1662.0
1415.0
1406.0
1651.0
1503.0
1561.0
1542.0
1628.0
1443.0
1579.0
1617.0
1601.0
1493.0
1654.0
1657.0
1521.0
1618.0
1641.0
1472.0
1506.0
1470.0
1528.0
1426.0
1447.0
1467.0
1494.0
1420.0
1549.0
1347.0
1611.0
1544.0
1440.0
1580.0
1699.0
1636.0
1466.0
1486.0
1707.0
1445.0
1685.0
1525.0
1700.0
1711.0
1624.0
1708.0
1626.0
1481.0
1597.0
1733.0
1733.0
1539.0
1569.0
1588.0
1848.0
1623.0
1495.0
1530.0
1366.0
1587.0
1587.0
1500.0
1412.0
1654.0
1535.0
1676.0
1425.0
1723.0
1482.0
1430.0
1472.0
1501.0
1380.0
1643.0
1485.0
1443.0
1539.0
1440.0
1653.0
1633.0
1429.0
1506.0
1515.0
1546.0
1639.0
1567.0
1578.0
1550.0
1471.0
1568.0
1593.0
1513.0
1455.0
1472.0
1411.0
1502.0
1544.0
1398.0
1566.0
1544.0
1468.0
1343.0
1777.0
1382.0
1502.0
1633.0
1556.0
1504.0
1606.0
1698.0
1618.0
1419.0
1355.0
1615.0
1590.0
1314.0
1479.0
1506.0
1489.0
1541.0
1354.0
1460.0
1577.0
1472.0
1493.0
1536.0
1678.0
1653.0
1561.0
1649.0
1522.0
1515.0
1400.0
1309.0
1453.0
1506.0
1650.0
;
HBBS bestT : 1284.0
BEST_CONFIGURATIONS : 
0 0 0 0 0 0 0 0 0 0 
0 0 0 4 0 0 0 0 0 0 
0 26 0 4 0 0 0 0 0 0 
0 1 0 8 0 0 0 0 0 0 
0 1 4 8 26 0 0 0 0 0 
0 1 4 8 26 0 1 0 0 0 
0 1 4 8 26 0 1 0 1 0 
0 1 4 22 26 0 1 2 1 0 
0 1 4 22 26 1 1 2 1 0 
0 1 4 22 5 15 1 2 1 0 
0 1 22 22 5 15 1 2 1 0 
5 1 22 22 5 15 1 2 1 27 
5 5 8 22 5 15 1 2 1 27 
5 5 8 22 5 15 0 2 1 27 
5 5 8 22 5 15 0 2 1 27 
5 5 8 22 5 15 0 2 1 27 
5 5 8 22 5 15 4 2 1 27 
5 5 8 22 5 15 4 2 1 27 
5 5 8 22 5 15 4 2 1 27 
5 5 8 22 5 15 4 2 1 27 
5 5 8 26 5 15 4 2 1 9 
5 5 8 26 5 15 4 2 1 9 
5 22 8 26 5 15 4 2 1 9 
5 22 8 4 5 15 4 2 24 9 
5 22 13 4 5 15 4 2 24 9 
5 22 13 4 5 15 5 6 24 9 
5 22 13 8 9 15 5 6 24 9 
5 22 8 8 9 15 5 6 24 26 
5 8 8 8 9 15 5 6 24 26 
9 8 8 8 9 11 5 6 24 26 
9 26 27 8 9 11 5 6 24 26 
9 26 27 8 9 6 5 6 0 26 
9 26 27 8 9 6 5 2 0 26 
9 26 27 8 9 6 5 2 0 26 
9 26 27 8 9 6 5 2 0 26 
11 26 27 8 9 6 5 2 0 26 
23 26 27 8 9 6 5 19 0 26 
23 26 27 13 9 6 1 19 0 26 
23 26 27 13 27 6 1 19 0 26 
23 26 27 17 27 6 1 19 0 26 
23 26 27 17 14 6 1 19 0 26 
23 26 27 17 14 6 1 19 0 26 
23 26 27 17 14 6 1 19 0 26 
23 26 27 17 14 6 1 19 0 22 
23 26 27 17 14 6 1 19 0 22 
23 26 27 17 17 6 1 19 13 22 
23 26 9 17 17 6 1 19 13 22 
23 26 9 13 17 6 1 19 13 22 
23 26 9 13 17 6 1 19 13 22 
23 26 10 13 17 2 1 19 13 22 
23 26 10 13 17 2 1 10 8 22 
23 5 10 25 17 2 1 10 8 22 
23 5 10 15 17 2 10 10 8 22 
23 26 10 15 17 2 10 10 8 22 
16 26 10 15 17 2 10 10 8 22 
16 26 10 15 17 2 10 10 8 8 
21 26 10 15 17 2 6 10 8 8 
21 26 10 15 17 2 6 10 8 22 
21 26 10 15 17 27 6 10 8 22 
21 26 10 15 17 27 6 10 19 17 
21 5 10 15 17 27 6 10 19 17 
21 5 10 15 17 27 6 9 19 17 
21 26 10 15 17 27 6 9 19 17 
21 26 11 15 17 27 6 9 19 17 
21 26 11 15 17 27 6 9 19 17 
21 4 11 10 17 27 6 9 19 17 
21 4 11 10 17 27 6 9 19 17 
3 4 11 10 17 27 6 9 19 17 
3 4 11 24 17 27 6 9 19 17 
3 4 11 24 17 27 6 9 19 17 
3 4 11 24 13 27 6 9 19 17 
3 4 22 24 13 27 6 25 19 17 
3 4 22 24 4 27 22 25 19 17 
3 4 22 2 4 27 22 25 19 17 
3 8 22 2 4 27 22 25 19 17 
3 8 22 6 4 27 22 25 19 17 
3 22 22 6 4 27 22 25 19 17 
3 22 22 6 4 15 22 25 20 17 
3 22 22 6 4 15 22 25 20 17 
3 22 22 24 4 15 22 25 19 17 
3 5 22 24 4 15 22 14 19 17 
3 26 22 24 4 15 22 14 19 17 
21 26 22 24 4 15 22 14 19 17 
21 26 22 24 4 15 22 14 19 17 
21 26 22 24 4 15 9 14 19 25 
21 26 5 24 4 15 9 14 19 25 
21 26 5 24 4 3 9 14 19 11 
21 15 5 24 4 3 9 23 19 11 
21 15 22 24 4 3 19 23 19 11 
12 15 22 2 4 3 19 23 19 11 
12 15 22 2 5 3 19 23 18 11 
12 15 22 2 1 3 19 23 15 11 
16 15 22 2 1 3 19 23 14 11 
16 15 22 24 1 3 19 23 14 11 
16 15 22 10 1 3 19 23 22 11 
16 15 22 10 1 3 24 23 8 11 
16 15 22 10 1 21 24 23 8 11 
16 15 22 10 10 7 24 23 8 11 
16 10 22 10 10 7 24 23 8 11 
16 10 9 10 10 7 24 23 8 11 
16 10 9 10 10 7 24 23 8 11 
16 9 9 10 10 7 24 23 8 11 
16 9 9 15 10 7 24 16 8 11 
16 20 9 15 10 7 16 16 8 11 
16 20 10 15 10 7 16 16 8 21 
12 20 10 15 10 7 16 16 8 21 
12 20 10 15 10 7 16 16 8 21 
12 19 10 15 10 7 16 16 8 11 
12 19 18 15 10 7 16 19 8 11 
12 18 1 15 10 7 16 19 8 11 
12 18 1 15 14 7 16 19 13 11 
12 18 1 15 14 7 7 19 13 21 
12 18 1 9 14 12 7 19 13 21 
12 18 1 24 14 12 7 19 10 21 
6 18 1 24 25 12 7 19 10 21 
6 18 1 24 25 23 7 19 10 21 
11 18 1 24 25 12 7 19 10 21 
11 18 1 24 17 12 7 18 10 21 
11 18 1 24 17 12 7 18 10 21 
11 18 1 24 19 12 7 18 10 21 
11 18 1 18 19 20 7 18 10 21 
11 18 1 18 19 20 11 18 24 21 
11 18 1 18 19 20 11 18 24 6 
21 18 1 18 19 20 11 9 24 6 
21 18 1 18 19 20 13 9 24 19 
21 14 1 18 19 20 13 27 24 19 
21 15 1 18 19 20 13 27 24 19 
21 15 1 19 19 20 13 2 24 19 
11 15 1 19 19 20 13 2 2 19 
27 15 22 19 19 20 13 2 2 19 
27 15 22 19 27 20 13 2 4 19 
27 24 22 19 27 7 13 2 4 19 
27 24 22 19 27 7 13 24 4 19 
27 24 22 19 27 7 18 24 4 19 
27 24 22 19 27 7 18 24 4 19 
27 2 22 19 27 7 18 24 4 19 
27 2 22 19 27 21 18 24 4 19 
27 2 22 19 27 6 18 24 4 18 
27 2 22 19 27 1 25 24 4 18 
27 2 22 19 27 1 25 24 4 18 
27 27 22 19 27 1 25 24 4 25 
27 27 8 18 27 1 25 24 4 25 
27 27 13 25 27 1 25 24 4 25 
27 27 13 25 26 1 25 24 4 25 
27 27 13 25 26 1 25 21 27 25 
27 2 13 25 26 1 25 6 27 25 
2 2 13 25 26 1 25 6 27 25 
2 2 13 25 22 1 25 6 27 25 
2 2 13 17 22 1 25 6 27 25 
2 2 13 17 8 1 25 6 27 25 
2 2 13 17 8 1 25 6 27 25 
2 2 13 17 0 1 25 10 27 25 
2 2 13 13 0 1 25 10 27 25 
2 24 13 13 0 1 14 10 27 25 
2 24 13 22 0 1 14 10 27 8 
24 24 13 22 0 26 14 10 27 8 
24 24 18 22 0 26 14 10 27 8 
24 24 18 22 0 26 14 10 27 8 
24 24 18 12 0 19 14 10 27 8 
24 24 18 12 0 19 14 10 22 8 
24 6 18 12 0 19 14 10 22 8 
24 6 18 12 0 19 14 10 22 8 
24 6 18 12 0 19 14 10 22 8 
24 6 18 12 0 19 14 10 22 8 
24 6 18 12 0 19 14 10 13 8 
24 6 18 12 0 19 18 9 13 8 
10 6 18 12 0 19 18 9 13 8 
10 7 18 12 0 19 9 9 13 8 
10 7 18 23 0 19 9 9 13 6 
10 7 13 23 0 19 9 0 13 6 
10 7 13 23 5 19 9 0 13 6 
10 7 13 23 5 19 9 0 13 6 
9 7 13 23 1 19 9 0 13 6 
15 7 13 23 3 19 9 0 13 6 
15 12 13 23 3 19 24 0 13 6 
15 12 13 23 3 19 9 0 13 6 
15 6 13 23 3 19 9 0 9 6 
15 6 8 23 3 19 9 0 9 6 
15 6 15 23 6 19 9 0 9 6 
22 24 15 23 6 19 9 0 9 6 
22 24 15 23 6 20 9 0 9 6 
22 24 15 23 6 20 9 0 9 6 
22 24 15 23 6 20 9 0 9 10 
22 24 15 16 6 20 9 0 9 10 
22 24 15 16 6 20 9 0 14 10 
22 24 15 16 6 20 9 2 14 10 
22 24 15 12 6 16 9 2 14 10 
22 24 15 12 6 12 27 2 14 10 
22 24 15 12 6 12 27 2 14 10 
22 24 15 16 6 12 27 2 14 10 
22 14 23 16 6 12 27 2 14 10 
22 14 23 16 24 12 27 2 9 10 
22 14 23 16 24 12 27 24 9 10 
22 14 23 16 24 12 27 24 9 15 
22 14 23 16 24 12 27 24 9 19 
22 14 23 16 24 12 27 11 9 19 
14 14 23 16 19 12 27 11 9 19 
14 14 23 7 19 12 27 11 9 19 
14 14 23 7 19 20 27 11 9 19 
14 14 23 7 19 20 27 11 9 19 
14 14 19 7 10 20 27 11 9 19 
14 14 19 7 10 20 5 11 9 19 
14 14 19 7 10 20 5 11 13 19 
14 14 19 7 10 20 22 11 13 19 
14 14 19 6 10 20 22 11 13 20 
15 14 19 6 10 20 8 11 13 20 
15 24 25 6 10 20 8 11 13 20 
15 24 25 6 10 11 8 11 13 16 
15 24 25 6 10 11 8 9 13 16 
15 24 25 6 10 11 13 9 13 16 
15 24 25 6 10 11 13 14 13 16 
15 24 25 21 10 11 14 14 13 16 
15 24 25 21 6 11 11 14 13 16 
15 24 25 21 7 11 6 14 13 16 
15 24 25 21 7 11 6 18 13 16 
15 24 18 21 7 11 6 14 13 16 
15 24 18 21 7 11 6 14 13 7 
15 24 18 21 7 11 6 14 25 7 
15 24 18 3 7 21 6 14 25 7 
15 9 18 3 7 3 6 14 25 7 
15 9 18 3 7 3 6 14 25 7 
15 9 18 3 7 3 6 14 20 12 
10 9 25 3 7 3 6 14 20 12 
10 9 25 3 7 3 6 14 20 12 
10 9 25 3 7 3 6 14 20 12 
10 9 25 3 7 3 6 14 20 12 
10 9 25 3 7 3 6 14 20 12 
10 9 25 3 7 3 6 15 20 12 
10 9 25 3 7 3 6 15 20 12 
25 0 25 3 7 3 6 15 20 12 
25 0 25 3 7 12 6 15 23 12 
11 0 25 3 7 12 6 15 7 12 
11 0 6 12 7 12 6 15 7 12 
11 0 6 12 7 12 24 15 7 23 
11 0 6 12 7 12 24 18 7 23 
11 0 11 12 7 12 24 22 7 23 
11 0 11 12 21 12 24 22 7 23 
11 0 11 12 7 12 24 22 7 16 
11 1 11 12 7 12 10 22 7 16 
11 1 11 12 5 12 10 22 21 16 
11 1 11 21 5 12 10 2 21 16 
11 1 11 21 5 16 10 2 21 23 
11 24 11 21 5 16 10 2 21 20 
11 24 11 21 5 16 1 2 21 20 
11 24 11 21 5 16 1 2 21 19 
11 24 11 21 5 21 1 2 21 19 
11 24 11 21 5 21 1 2 21 19 
11 20 11 21 5 21 1 2 7 19 
11 20 7 21 5 21 2 2 7 19 
24 20 7 21 5 3 2 2 7 19 
24 20 12 21 5 3 2 2 7 19 
6 20 12 21 4 3 2 2 7 19 
12 20 12 21 4 3 2 2 7 15 
12 20 12 21 4 3 2 2 7 15 
12 20 12 21 0 3 2 2 7 15 
12 20 12 21 0 3 2 2 7 15 
12 20 24 21 0 3 2 2 7 1 
12 19 24 21 27 3 2 2 7 1 
12 19 24 21 27 3 2 27 7 1 
12 19 24 21 18 11 2 27 7 1 
12 19 24 21 18 11 2 27 9 1 
12 16 24 3 18 11 2 27 9 1 
11 16 24 3 18 11 15 27 9 1 
11 16 24 3 18 11 19 27 9 1 
11 16 14 3 18 11 19 4 9 1 
3 16 14 3 18 11 19 4 9 1 
3 23 14 3 18 11 19 4 9 1 
3 23 14 3 18 11 19 4 15 1 
3 20 14 3 18 11 19 4 15 1 
3 20 17 3 18 11 19 4 15 1 
3 19 17 3 18 11 19 4 25 1 
3 19 17 3 2 11 19 4 14 1 
3 19 17 3 2 11 25 4 14 4 
3 19 17 0 2 11 25 4 14 4 
20 19 17 27 2 11 25 4 14 4 
20 18 17 27 2 11 25 4 14 26 
20 18 17 27 0 11 25 4 14 26 
20 18 17 27 0 11 18 4 14 4 
20 18 17 27 0 14 18 4 14 4 
18 18 17 27 0 14 18 25 14 4 
18 18 17 27 8 17 18 25 14 4 
0 0 0 0 0 0 0 0 0 0 
;
ROBOT MOVING BEST:
0 0 0 0 0 0 0 0 0 0 
1 0 0 1 0 0 0 0 0 0 
1 1 0 0 0 0 0 0 0 0 
0 1 0 1 0 0 0 0 0 0 
0 0 1 0 1 0 0 0 0 0 
1 0 0 0 0 0 1 0 0 0 
0 0 1 0 0 0 0 0 1 0 
0 0 0 1 0 0 0 1 0 0 
0 0 0 0 1 1 0 0 0 0 
0 0 0 0 1 1 0 0 0 0 
0 0 1 0 0 0 0 0 1 0 
1 0 0 0 0 0 0 0 0 1 
0 1 1 0 0 0 0 0 0 0 
1 0 0 0 0 0 1 0 0 0 
1 0 0 0 0 0 0 0 1 0 
0 0 0 0 0 0 1 0 0 1 
0 0 1 0 0 0 1 0 0 0 
1 0 0 1 0 0 0 0 0 0 
0 0 0 0 0 0 0 1 1 0 
1 0 0 0 0 0 1 0 0 0 
0 0 0 1 0 0 0 0 0 1 
1 0 0 0 0 0 0 0 0 1 
0 1 0 0 0 1 0 0 0 0 
0 0 0 1 0 0 0 0 1 0 
1 0 1 0 0 0 0 0 0 0 
0 0 0 0 0 0 1 1 0 0 
0 0 0 1 1 0 0 0 0 0 
0 0 1 0 0 0 0 0 0 1 
0 1 0 0 0 0 0 1 0 0 
1 0 0 0 0 1 0 0 0 0 
0 1 1 0 0 0 0 0 0 0 
0 0 0 0 0 1 0 0 1 0 
1 0 0 0 0 0 0 1 0 0 
0 0 0 0 0 0 1 0 0 1 
0 0 0 0 0 0 1 1 0 0 
1 0 0 0 0 0 0 0 0 1 
1 0 0 0 0 0 0 1 0 0 
0 0 0 1 0 0 1 0 0 0 
0 0 0 0 1 0 1 0 0 0 
0 0 0 1 0 0 0 0 0 1 
0 0 0 0 1 0 1 0 0 0 
0 0 1 1 0 0 0 0 0 0 
0 1 0 0 0 1 0 0 0 0 
0 0 0 0 0 0 0 0 1 1 
0 0 1 0 0 1 0 0 0 0 
0 0 0 0 1 0 0 0 1 0 
0 0 1 0 0 0 0 0 0 1 
0 1 0 1 0 0 0 0 0 0 
0 0 0 0 0 1 1 0 0 0 
0 0 1 0 0 1 0 0 0 0 
0 0 0 0 0 0 0 1 1 0 
0 1 0 1 0 0 0 0 0 0 
0 0 0 1 0 0 1 0 0 0 
0 1 0 0 0 1 0 0 0 0 
1 0 1 0 0 0 0 0 0 0 
0 0 0 0 0 1 0 0 0 1 
1 0 0 0 0 0 1 0 0 0 
0 0 0 0 1 0 0 0 0 1 
0 0 1 0 0 1 0 0 0 0 
0 0 0 0 0 0 0 0 1 1 
0 1 0 0 1 0 0 0 0 0 
0 0 0 0 1 0 0 1 0 0 
0 1 1 0 0 0 0 0 0 0 
0 0 1 0 0 1 0 0 0 0 
0 1 0 1 0 0 0 0 0 0 
0 1 0 1 0 0 0 0 0 0 
0 0 0 1 1 0 0 0 0 0 
1 0 0 0 0 1 0 0 0 0 
0 0 0 1 0 0 1 0 0 0 
0 1 0 0 0 0 0 1 0 0 
0 1 0 0 1 0 0 0 0 0 
0 0 1 0 0 0 0 1 0 0 
0 0 0 0 1 0 1 0 0 0 
1 0 0 1 0 0 0 0 0 0 
0 1 0 0 0 1 0 0 0 0 
1 0 0 1 0 0 0 0 0 0 
0 1 0 1 0 0 0 0 0 0 
0 0 0 0 0 1 0 0 1 0 
0 0 0 0 0 1 0 0 0 1 
0 0 0 1 0 0 0 0 1 0 
0 1 0 0 0 0 0 1 0 0 
0 1 0 0 0 0 0 1 0 0 
1 0 0 0 0 1 0 0 0 0 
0 0 0 0 1 1 0 0 0 0 
0 0 0 0 0 0 1 0 0 1 
0 0 1 1 0 0 0 0 0 0 
0 0 0 0 0 1 0 0 0 1 
0 1 0 0 0 0 0 1 0 0 
0 0 1 0 0 0 1 0 0 0 
1 0 0 1 0 0 0 0 0 0 
0 0 0 0 1 0 0 0 1 0 
0 0 0 0 1 0 0 0 1 0 
1 0 0 0 0 0 0 0 1 0 
1 0 0 1 0 0 0 0 0 0 
0 0 0 1 0 0 0 0 1 0 
0 0 0 0 0 0 1 0 1 0 
1 0 0 0 0 1 0 0 0 0 
0 0 0 0 1 1 0 0 0 0 
0 1 0 0 0 0 0 0 0 1 
0 1 1 0 0 0 0 0 0 0 
0 0 0 0 0 0 0 1 0 1 
0 1 0 0 0 0 0 1 0 0 
0 0 0 1 0 0 0 1 0 0 
0 1 0 0 0 0 1 0 0 0 
0 0 1 0 0 0 0 0 0 1 
1 0 0 0 0 0 0 0 0 1 
1 0 1 0 0 0 0 0 0 0 
0 1 0 0 0 0 0 0 0 1 
0 0 1 0 0 0 0 1 0 0 
0 1 1 0 0 0 0 0 0 0 
0 0 0 0 1 0 0 0 1 0 
0 0 0 0 0 0 1 0 0 1 
0 0 0 1 0 1 0 0 0 0 
0 0 0 1 0 0 0 0 1 0 
1 0 0 0 1 0 0 0 0 0 
0 0 0 0 0 1 0 0 1 0 
1 0 0 0 0 1 0 0 0 0 
0 0 0 0 1 0 0 1 0 0 
0 0 0 1 1 0 0 0 0 0 
0 0 0 0 1 0 0 0 0 1 
0 0 0 1 0 1 0 0 0 0 
0 0 0 0 0 0 1 0 1 0 
0 0 0 0 1 0 0 0 0 1 
1 0 0 0 0 0 0 1 0 0 
0 0 0 0 0 0 1 0 0 1 
0 1 0 0 0 0 0 1 0 0 
0 1 0 0 0 0 0 1 0 0 
0 0 0 1 0 0 0 1 0 0 
1 0 0 0 0 0 0 0 1 0 
1 0 1 0 0 0 0 0 0 0 
0 0 0 0 1 0 0 0 1 0 
0 1 0 0 0 1 0 0 0 0 
0 0 0 0 0 0 1 1 0 0 
1 0 0 0 0 0 1 0 0 0 
0 0 0 1 0 1 0 0 0 0 
0 1 0 0 0 0 0 1 0 0 
0 0 0 0 0 1 0 1 0 0 
0 0 0 0 0 1 0 0 0 1 
0 0 0 0 0 1 1 0 0 0 
0 1 0 0 0 0 0 0 1 0 
0 1 0 0 0 0 0 0 0 1 
0 0 1 1 0 0 0 0 0 0 
0 0 1 1 0 0 0 0 0 0 
0 0 0 1 1 0 0 0 0 0 
0 0 0 0 0 0 0 1 1 0 
0 1 0 0 0 0 0 1 0 0 
1 0 0 0 0 0 0 0 1 0 
0 0 1 0 1 0 0 0 0 0 
0 0 0 1 0 0 0 0 0 1 
0 0 1 0 1 0 0 0 0 0 
0 0 0 0 1 0 1 0 0 0 
0 0 0 0 1 0 0 1 0 0 
0 0 0 1 0 0 0 0 1 0 
0 1 0 0 0 0 1 0 0 0 
0 0 0 1 0 0 0 0 0 1 
1 0 0 0 0 1 0 0 0 0 
1 0 1 0 0 0 0 0 0 0 
0 0 0 1 0 1 0 0 0 0 
0 0 0 1 0 1 0 0 0 0 
0 0 1 0 0 0 0 0 1 0 
0 1 0 0 0 0 1 0 0 0 
1 0 0 0 1 0 0 0 0 0 
0 0 0 0 1 0 0 0 0 1 
0 0 0 0 0 0 1 0 0 1 
0 0 1 0 0 0 0 0 1 0 
0 0 0 0 0 0 1 1 0 0 
1 0 0 0 0 0 1 0 0 0 
0 1 0 0 0 0 1 0 0 0 
0 0 0 1 0 0 0 0 0 1 
0 0 1 0 0 0 0 1 0 0 
1 0 0 0 1 0 0 0 0 0 
0 0 0 0 0 0 1 0 1 0 
1 0 0 0 1 0 0 0 0 0 
1 0 0 0 1 0 0 0 0 0 
0 1 0 0 0 0 1 0 0 0 
0 0 0 0 0 0 1 1 0 0 
0 1 0 0 0 0 0 0 1 0 
0 0 1 0 0 1 0 0 0 0 
0 0 1 0 1 0 0 0 0 0 
1 1 0 0 0 0 0 0 0 0 
0 0 0 0 0 1 1 0 0 0 
0 0 0 1 0 1 0 0 0 0 
0 0 0 0 1 0 0 0 0 1 
0 0 0 1 0 0 1 0 0 0 
0 0 0 0 0 0 1 0 1 0 
0 0 1 0 0 0 0 1 0 0 
0 0 0 1 0 1 0 0 0 0 
0 0 0 0 0 1 1 0 0 0 
0 0 0 0 0 0 0 0 1 1 
0 0 0 1 1 0 0 0 0 0 
0 1 1 0 0 0 0 0 0 0 
0 0 0 0 1 0 0 0 1 0 
0 0 0 0 0 0 1 1 0 0 
0 0 0 0 1 0 0 0 0 1 
0 0 0 0 0 0 0 0 1 1 
0 1 0 0 0 0 0 1 0 0 
1 0 0 0 1 0 0 0 0 0 
0 0 1 1 0 0 0 0 0 0 
0 1 0 0 0 1 0 0 0 0 
0 0 0 0 1 1 0 0 0 0 
0 0 1 0 1 0 0 0 0 0 
0 0 0 0 0 0 1 1 0 0 
0 0 0 0 1 0 0 0 1 0 
0 1 0 0 0 0 1 0 0 0 
0 0 0 1 0 0 0 0 0 1 
1 0 0 0 0 0 1 0 0 0 
0 1 1 0 0 0 0 0 0 0 
0 0 0 0 0 1 0 0 0 1 
1 0 0 0 0 0 0 1 0 0 
1 0 0 0 0 0 1 0 0 0 
1 0 0 0 0 0 0 1 0 0 
0 0 0 1 0 0 1 0 0 0 
0 0 0 0 1 0 1 0 0 0 
0 0 0 0 1 0 1 0 0 0 
1 0 0 0 0 0 0 1 0 0 
0 0 1 0 0 0 0 1 0 0 
1 0 0 0 0 0 0 0 0 1 
0 0 0 0 0 1 0 0 1 0 
0 0 0 1 0 1 0 0 0 0 
0 1 0 0 0 1 0 0 0 0 
0 0 0 1 0 0 0 0 0 1 
0 0 0 0 0 0 0 0 1 1 
1 0 1 0 0 0 0 0 0 0 
1 0 0 1 0 0 0 0 0 0 
0 0 1 0 0 0 0 1 0 0 
1 0 0 0 0 0 0 0 1 0 
0 0 1 0 0 0 0 0 1 0 
0 0 1 0 0 0 0 1 0 0 
0 0 0 0 0 1 0 0 1 0 
1 1 0 0 0 0 0 0 0 0 
0 0 0 0 0 1 0 0 1 0 
1 0 0 0 0 0 0 0 1 0 
0 0 1 1 0 0 0 0 0 0 
0 0 0 0 0 0 1 0 0 1 
0 0 0 0 0 0 0 1 0 1 
0 0 1 0 0 0 0 1 0 0 
0 0 0 0 1 0 0 0 0 1 
0 0 0 0 1 0 0 0 0 1 
0 1 0 0 0 0 1 0 0 0 
0 0 0 0 1 0 0 0 1 0 
0 0 0 1 0 0 0 1 0 0 
0 0 0 0 0 1 0 0 0 1 
0 1 0 0 0 0 0 0 0 1 
1 0 0 0 0 0 1 0 0 0 
0 0 0 0 1 0 0 0 0 1 
0 0 0 0 0 1 1 0 0 0 
0 0 1 0 0 1 0 0 0 0 
0 1 0 0 0 0 0 0 1 0 
0 0 1 0 0 0 1 0 0 0 
1 0 0 0 0 1 0 0 0 0 
0 0 1 0 0 1 0 0 0 0 
1 0 0 0 1 0 0 0 0 0 
1 0 0 0 0 0 0 0 0 1 
0 0 1 0 0 0 0 0 1 0 
0 0 0 0 1 0 1 0 0 0 
0 1 0 1 0 0 0 0 0 0 
0 0 1 0 0 0 0 0 0 1 
0 1 0 0 1 0 0 0 0 0 
0 0 0 0 0 0 0 1 1 0 
0 0 0 0 1 1 0 0 0 0 
0 0 0 0 0 0 0 1 1 0 
0 1 0 1 0 0 0 0 0 0 
1 0 0 0 0 0 1 0 0 0 
0 1 0 0 0 0 1 0 0 0 
0 0 1 0 0 0 0 1 0 0 
1 0 0 0 0 0 0 0 0 1 
1 1 0 0 0 0 0 0 0 0 
0 0 0 0 0 0 1 0 1 0 
0 1 0 0 0 1 0 0 0 0 
0 0 1 0 0 0 0 1 0 0 
0 1 0 0 0 0 0 0 1 0 
0 0 0 0 1 0 0 0 1 0 
0 0 0 0 0 0 1 0 0 1 
0 0 1 1 0 0 0 0 0 0 
1 0 0 1 0 0 0 0 0 0 
0 1 0 0 0 0 0 0 0 1 
0 0 0 0 1 0 0 0 1 0 
0 0 0 0 0 0 1 0 0 1 
0 0 1 0 0 1 0 0 0 0 
1 0 0 0 0 0 0 1 0 0 
0 0 0 0 1 1 0 0 0 0 
1 1 1 1 1 1 1 1 1 1 
;
TIMETABLE BEST: 
0.0 0.0 0.0 0.0 0.0 0.0 0.0 0.0 0.0 0.0 
14 0 0 14 0 0 0 0 0 0 
17 17 0 14 0 0 0 0 0 0 
17 36 0 36 0 0 0 0 0 0 
17 36 17 36 17 0 0 0 0 0 
18 36 17 36 17 0 18 0 0 0 
18 36 18 36 17 0 18 0 18 0 
18 36 18 48 17 0 18 48 18 0 
18 36 18 48 18 18 18 48 18 0 
18 36 18 48 67 67 18 48 18 0 
18 36 30 48 67 67 18 48 30 0 
42 36 30 48 67 67 18 48 30 42 
42 54 54 48 67 67 18 48 30 42 
42 54 54 48 67 67 42 48 30 42 
42 54 54 48 67 67 42 48 42 42 
42 54 54 48 67 67 42 48 42 42 
42 54 56 48 67 67 56 48 42 42 
48 54 56 48 67 67 56 48 42 42 
48 54 56 48 67 67 56 48 48 42 
56 54 56 48 67 67 56 48 48 42 
56 54 56 59 67 67 56 48 48 59 
59 54 56 59 67 67 56 48 48 59 
59 67 56 59 67 67 56 48 48 59 
59 67 56 85 67 67 56 48 85 59 
69 67 69 85 67 67 56 48 85 59 
69 67 69 85 67 67 70 70 85 59 
69 67 69 99 99 67 70 70 85 59 
69 67 90 99 99 67 70 70 85 90 
69 79 90 99 99 67 70 79 85 90 
97 79 90 99 99 97 70 79 85 90 
97 133 133 99 99 97 70 79 85 90 
97 133 133 99 99 140 70 79 140 90 
97 133 133 99 99 140 70 97 140 90 
97 133 133 99 99 140 90 97 140 90 
97 133 133 99 99 140 97 97 140 90 
122 133 133 99 99 140 97 97 140 122 
157 133 133 99 99 140 97 157 140 122 
157 133 133 115 99 140 115 157 140 122 
157 133 133 115 115 140 115 157 140 122 
157 133 133 126 115 140 115 157 140 126 
157 133 133 126 146 140 146 157 140 126 
157 133 133 133 146 140 146 157 140 126 
157 140 133 133 146 140 146 157 140 126 
157 140 133 133 146 140 146 157 140 140 
157 140 140 133 146 140 146 157 140 140 
157 140 140 133 179 140 146 157 179 140 
157 140 155 133 179 140 146 157 179 155 
157 144 155 144 179 140 146 157 179 155 
157 144 155 144 179 146 146 157 179 155 
157 144 169 144 179 169 146 157 179 155 
157 144 169 144 179 169 146 192 192 155 
157 157 169 157 179 169 146 192 192 155 
157 157 169 188 179 169 188 192 192 155 
157 169 169 188 179 169 188 192 192 155 
169 169 169 188 179 169 188 192 192 155 
169 169 169 188 179 169 188 192 192 169 
214 169 169 188 179 169 214 192 192 169 
214 169 169 188 181 169 214 192 192 181 
214 169 188 188 181 188 214 192 192 181 
214 169 188 188 181 188 214 192 251 251 
214 181 188 188 181 188 214 192 251 251 
214 181 188 188 206 188 214 206 251 251 
214 190 190 188 206 188 214 206 251 251 
214 190 211 188 206 211 214 206 251 251 
214 190 211 190 206 211 214 206 251 251 
214 201 211 201 206 211 214 206 251 251 
214 201 211 206 206 211 214 206 251 251 
226 201 211 206 206 226 214 206 251 251 
226 201 211 219 206 226 219 206 251 251 
226 206 211 219 206 226 219 206 251 251 
226 217 211 219 217 226 219 206 251 251 
226 217 260 219 217 226 219 260 251 251 
226 217 260 219 269 226 269 260 251 251 
238 217 260 238 269 226 269 260 251 251 
238 231 260 238 269 231 269 260 251 251 
256 231 260 256 269 231 269 260 251 251 
256 256 260 256 269 231 269 260 251 251 
256 256 260 256 269 265 269 260 265 251 
256 256 260 256 269 265 269 260 265 265 
256 256 260 278 269 265 269 260 278 265 
256 276 260 278 269 265 269 276 278 265 
256 285 260 278 269 265 269 285 278 265 
268 285 260 278 269 268 269 285 278 265 
268 285 260 278 269 269 269 285 278 265 
268 285 260 278 269 269 293 285 278 293 
268 285 278 278 269 269 293 285 278 293 
268 285 278 278 269 346 293 285 278 346 
268 337 278 278 269 346 293 337 278 346 
268 337 330 278 269 346 330 337 278 346 
298 337 330 298 269 346 330 337 278 346 
298 337 330 298 298 346 330 337 298 346 
298 337 330 298 316 346 330 337 316 346 
329 337 330 298 316 346 330 337 329 346 
329 337 330 329 316 346 330 337 329 346 
329 337 330 361 316 346 330 337 361 346 
329 337 330 361 316 346 373 337 373 346 
358 337 330 361 316 358 373 337 373 346 
358 337 330 361 370 370 373 337 373 346 
358 348 330 361 370 370 373 337 373 348 
358 354 354 361 370 370 373 337 373 348 
358 354 354 361 370 370 373 348 373 348 
358 368 354 361 370 370 373 368 373 348 
358 368 354 379 370 370 373 379 373 348 
358 421 354 379 370 370 421 379 373 348 
358 421 368 379 370 370 421 379 373 368 
369 421 368 379 370 370 421 379 373 369 
369 421 369 379 370 370 421 379 373 369 
369 434 369 379 370 370 421 379 373 434 
369 434 413 379 370 370 421 413 373 434 
369 466 466 379 370 370 421 413 373 434 
369 466 466 379 388 370 421 413 388 434 
369 466 466 379 388 370 453 413 388 453 
369 466 466 400 388 400 453 413 388 453 
369 466 466 425 388 400 453 413 425 453 
407 466 466 425 407 400 453 413 425 453 
407 466 466 425 407 425 453 413 425 453 
447 466 466 425 407 447 453 413 425 453 
447 466 466 425 433 447 453 433 425 453 
447 466 466 433 433 447 453 433 425 453 
447 466 466 433 468 447 453 433 425 468 
447 466 466 479 468 479 453 433 425 468 
447 466 466 479 468 479 478 433 478 468 
447 466 466 479 480 479 478 433 478 480 
466 466 466 479 480 479 478 466 478 480 
466 466 466 479 480 479 536 466 478 536 
466 481 466 479 480 479 536 481 478 536 
466 494 466 479 480 479 536 494 478 536 
466 494 466 513 480 479 536 513 478 536 
497 494 466 513 480 479 536 513 497 536 
535 494 535 513 480 479 536 513 497 536 
535 494 535 513 547 479 536 513 547 536 
535 525 535 513 547 525 536 513 547 536 
535 525 535 513 547 525 536 536 547 536 
562 525 535 513 547 525 562 536 547 536 
562 525 535 525 547 525 562 536 547 536 
562 544 535 525 547 525 562 544 547 536 
562 544 535 525 547 544 562 544 547 536 
562 544 535 525 547 556 562 544 547 556 
562 544 535 525 547 592 592 544 547 556 
562 547 535 525 547 592 592 544 547 556 
562 569 535 525 547 592 592 544 547 569 
562 569 547 547 547 592 592 544 547 569 
562 569 560 560 547 592 592 544 547 569 
562 569 560 569 569 592 592 544 547 569 
562 569 560 569 569 592 592 580 580 569 
562 592 560 569 569 592 592 592 580 569 
581 592 560 569 569 592 592 592 581 569 
581 592 580 569 580 592 592 592 581 569 
581 592 580 581 580 592 592 592 581 581 
581 592 592 581 592 592 592 592 581 581 
581 592 592 581 592 592 592 592 581 581 
581 592 592 581 618 592 592 618 581 581 
581 592 592 592 618 592 592 618 592 581 
581 611 592 592 618 592 611 618 592 581 
581 611 592 611 618 592 611 618 592 611 
611 611 592 611 618 611 611 618 592 611 
618 611 618 611 618 611 611 618 592 611 
618 611 618 611 618 611 611 618 592 611 
618 611 618 687 618 687 611 618 592 611 
618 611 623 687 618 687 611 618 623 611 
618 624 623 687 618 687 624 618 623 611 
618 624 623 687 618 687 624 618 623 611 
618 624 623 687 618 687 624 618 623 618 
618 624 623 687 618 687 624 618 623 624 
618 624 642 687 618 687 624 618 642 624 
618 624 642 687 618 687 635 635 642 624 
635 624 642 687 618 687 635 635 642 624 
635 662 642 687 618 687 662 635 642 624 
635 662 642 709 618 687 662 635 642 709 
635 662 681 709 618 687 662 681 642 709 
642 662 681 709 642 687 662 681 642 709 
642 662 681 709 642 687 662 681 662 709 
660 662 681 709 660 687 662 681 662 709 
700 662 681 709 700 687 662 681 662 709 
700 680 681 709 700 687 680 681 662 709 
700 680 681 709 700 687 695 695 662 709 
700 718 681 709 700 687 695 695 718 709 
700 718 694 709 700 694 695 695 718 709 
700 718 737 709 737 694 695 695 718 709 
745 745 737 709 737 694 695 695 718 709 
745 745 737 709 737 707 707 695 718 709 
745 745 737 709 737 709 707 695 718 709 
745 745 737 709 737 709 707 695 718 737 
745 745 737 720 737 709 720 695 718 737 
745 745 737 720 737 709 734 695 734 737 
745 745 737 720 737 709 734 737 734 737 
745 745 737 731 737 731 734 737 734 737 
745 745 737 731 737 749 749 737 734 737 
745 745 737 731 737 749 749 737 737 737 
745 745 737 742 742 749 749 737 737 737 
745 778 778 742 742 749 749 737 737 737 
745 778 778 742 755 749 749 737 755 737 
745 778 778 742 755 749 756 756 755 737 
745 778 778 742 755 749 756 756 755 755 
745 778 778 742 755 749 756 756 779 779 
745 778 778 742 755 749 756 778 779 779 
793 778 778 742 793 749 756 778 779 779 
793 778 778 778 793 749 756 778 779 779 
793 781 778 778 793 781 756 778 779 779 
793 781 778 778 793 793 756 778 779 779 
793 781 824 778 824 793 756 778 779 779 
793 781 824 778 824 793 778 778 779 779 
793 781 824 778 824 793 778 778 824 779 
793 790 824 778 824 793 790 778 824 779 
793 790 824 798 824 793 790 778 824 798 
806 790 824 798 824 793 806 778 824 798 
806 857 857 798 824 793 806 778 824 798 
806 857 857 798 824 828 806 778 824 828 
806 857 857 798 824 828 806 806 824 828 
819 857 857 798 824 828 819 806 824 828 
822 857 857 798 824 828 819 822 824 828 
822 857 857 844 824 828 844 822 824 828 
822 857 857 844 881 828 881 822 824 828 
822 857 857 844 901 828 901 822 824 828 
833 857 857 844 901 828 901 833 824 828 
833 857 870 844 901 828 901 870 824 828 
855 857 870 844 901 828 901 870 824 855 
855 857 870 844 901 837 901 870 837 855 
855 857 870 856 901 856 901 870 837 855 
855 872 870 856 901 872 901 870 837 855 
855 872 870 856 901 872 901 870 837 856 
855 872 870 856 901 872 901 870 883 883 
883 872 883 856 901 872 901 870 883 883 
883 872 883 883 901 872 901 870 883 883 
883 872 883 883 901 872 901 883 883 883 
883 872 883 883 901 872 901 883 883 883 
883 872 883 883 901 872 901 883 883 883 
883 872 896 883 901 872 901 896 883 883 
883 872 896 883 901 883 901 896 883 883 
918 918 896 883 901 883 901 896 883 883 
918 918 896 883 901 917 901 896 917 883 
971 918 896 883 901 917 901 896 971 883 
971 918 956 956 901 917 901 896 971 883 
971 918 956 956 901 917 914 896 971 914 
971 918 956 956 901 917 914 914 971 914 
971 918 973 956 901 917 914 973 971 914 
971 918 973 956 914 917 914 973 971 914 
971 918 973 956 926 917 914 973 971 926 
971 936 973 956 926 917 936 973 971 926 
971 936 973 956 992 917 936 973 992 926 
971 936 973 1023 992 917 936 1023 992 926 
971 936 973 1023 992 937 936 1023 992 937 
971 973 973 1023 992 937 936 1023 992 973 
978 973 973 1023 992 937 978 1023 992 973 
978 973 973 1023 992 937 978 1023 992 992 
978 973 973 1023 992 978 978 1023 992 992 
978 973 978 1023 992 978 978 1023 992 992 
978 1016 978 1023 992 978 978 1023 1016 992 
978 1016 1003 1023 992 978 1003 1023 1016 992 
996 1016 1003 1023 992 996 1003 1023 1016 992 
996 1016 1021 1023 992 1021 1003 1023 1016 992 
1009 1016 1021 1023 1009 1021 1003 1023 1016 992 
1047 1016 1021 1023 1009 1021 1003 1023 1016 1047 
1047 1016 1021 1023 1009 1021 1003 1023 1021 1047 
1047 1016 1021 1023 1023 1021 1023 1023 1021 1047 
1047 1023 1021 1023 1023 1021 1023 1023 1021 1047 
1047 1023 1096 1023 1023 1021 1023 1023 1021 1096 
1047 1056 1096 1023 1056 1021 1023 1023 1021 1096 
1047 1056 1096 1023 1056 1021 1023 1042 1042 1096 
1047 1056 1096 1023 1098 1098 1023 1042 1042 1096 
1047 1056 1096 1023 1098 1098 1023 1088 1088 1096 
1047 1090 1096 1090 1098 1098 1023 1088 1088 1096 
1074 1090 1096 1090 1098 1098 1074 1088 1088 1096 
1074 1098 1096 1090 1098 1098 1098 1088 1088 1096 
1074 1098 1127 1090 1098 1098 1098 1127 1088 1096 
1105 1098 1127 1090 1098 1098 1098 1127 1088 1105 
1109 1109 1127 1090 1098 1098 1098 1127 1088 1105 
1109 1109 1127 1090 1098 1098 1109 1127 1109 1105 
1109 1119 1127 1090 1098 1119 1109 1127 1109 1105 
1109 1119 1155 1090 1098 1119 1109 1155 1109 1105 
1109 1132 1155 1090 1098 1119 1109 1155 1132 1105 
1109 1132 1155 1090 1159 1119 1109 1155 1159 1105 
1109 1132 1155 1090 1159 1119 1142 1155 1159 1142 
1109 1132 1155 1155 1159 1119 1142 1155 1159 1142 
1188 1132 1155 1188 1159 1119 1142 1155 1159 1142 
1188 1153 1155 1188 1159 1119 1142 1155 1159 1153 
1188 1153 1155 1188 1195 1119 1142 1155 1195 1153 
1188 1153 1155 1188 1195 1119 1164 1155 1195 1164 
1188 1153 1156 1188 1195 1156 1164 1155 1195 1164 
1221 1153 1156 1188 1195 1156 1164 1221 1195 1164 
1221 1153 1156 1188 1221 1221 1164 1221 1195 1164 
1284.0 1216.0 1206.0 1221.0 1247.0 1271.0 1227.0 1273.0 1249.0 1178.0 
;
EXECUTION TIME HBSS: 8360.35294199 seconds 

-------------------------------------------------------------------
