DATFILE : bwopen0_6r_500.dat
ENVIRONMENT : bwopen
ALGORITHM : HBSS - TAU 4
RANGE : 500
STARTING_POS : 0
N_ROBOTS : 6
GREEDY SOLUTION : [ 2274.]
COMPUTATIONS D :
2334
2316
2280
2420
2494
2040
2484
2520
2622
2268
2556
2236
2210
2292
2498
2332
2322
2512
2332
2444
2286
2176
2178
2284
2160
2234
2362
2102
2226
2202
2186
2236
2364
2322
2094
2502
2210
2294
2294
2404
2666
2176
2256
2386
2326
2096
2244
2148
2238
2168
2382
2308
2260
2318
2436
2196
2254
2104
2272
2136
2350
2334
2290
2268
2384
2274
2322
2330
2102
2212
2540
2420
2382
2198
2234
2450
2138
2398
2298
2386
2224
2214
2330
2044
2310
2494
2132
2352
2194
2392
2332
2314
2020
2300
2450
2230
2328
2050
2078
2202
2308
2332
2186
2354
2126
2328
2412
2274
2160
2388
2216
2370
2180
2174
2212
2132
2274
2372
2088
2332
2292
2280
2410
2192
2364
2200
2100
2260
2408
2422
2246
2148
2374
2368
2212
2312
2298
2434
2328
2302
2288
2278
2206
2300
2280
2294
2260
2382
2346
2118
2096
2504
2082
2484
2152
2318
2166
2278
2140
2410
2182
2358
2264
2162
2250
2398
2354
2436
2238
2322
2156
2258
2580
2188
2138
2442
2384
2316
2298
2248
2454
2344
2116
2404
2230
2234
2140
2378
2162
2116
2264
2526
2384
2240
2308
2200
2192
2208
2416
2360
;
HBBS sumD : 2020
BEST_CONFIGURATIONS : 
0 0 0 0 0 0 
0 4 0 0 0 0 
0 4 26 0 0 0 
0 4 26 1 0 0 
0 4 26 1 5 0 
0 4 26 1 5 22 
0 8 26 1 5 22 
4 8 26 1 5 22 
4 8 26 1 5 22 
4 8 26 1 5 22 
4 8 26 1 5 22 
4 8 26 1 5 22 
4 8 26 1 5 22 
4 8 26 1 5 22 
4 8 26 1 5 22 
4 8 26 1 5 22 
4 8 26 1 5 22 
8 8 26 1 5 22 
8 8 26 1 5 22 
8 8 26 1 5 22 
8 8 26 27 5 22 
8 8 26 27 5 22 
8 8 26 27 5 22 
8 8 26 27 5 22 
8 8 26 27 5 22 
13 8 26 27 5 22 
13 8 4 27 5 22 
13 8 4 27 5 22 
13 8 4 27 5 22 
13 8 4 27 5 22 
13 8 4 27 5 22 
13 8 4 27 5 22 
13 8 4 27 9 22 
13 8 4 27 9 22 
13 8 4 27 9 22 
13 8 4 27 9 22 
13 8 0 27 9 22 
17 8 0 27 9 22 
17 8 0 2 9 22 
17 25 0 2 9 22 
17 25 0 2 9 26 
17 25 0 2 9 26 
17 25 0 2 9 26 
17 25 0 2 9 26 
17 25 0 2 9 26 
17 25 0 2 9 5 
17 25 0 2 9 5 
17 25 0 2 9 5 
17 25 0 2 9 5 
17 25 0 2 9 5 
17 25 0 2 9 5 
17 25 0 2 9 5 
17 25 0 2 9 5 
17 25 0 2 9 5 
17 25 0 2 9 5 
17 25 0 2 10 5 
17 25 0 2 10 5 
13 25 0 2 10 5 
13 25 4 2 10 5 
13 25 4 2 10 5 
13 18 4 2 10 5 
13 18 4 2 10 22 
13 18 4 2 10 22 
13 18 4 2 10 22 
13 18 4 2 10 8 
13 18 4 2 10 8 
13 18 4 2 10 8 
13 18 4 2 15 8 
13 18 4 6 15 8 
13 18 4 6 15 8 
13 18 4 6 15 8 
17 18 4 6 15 8 
17 14 4 6 15 8 
17 14 26 6 15 8 
17 14 26 6 15 8 
17 14 26 6 15 8 
17 14 26 6 15 8 
17 14 26 6 15 8 
17 14 26 6 15 8 
17 14 26 6 15 8 
17 14 26 6 15 8 
17 14 26 6 15 8 
17 14 5 6 15 8 
17 14 5 6 15 8 
17 14 5 6 15 8 
17 14 5 6 15 8 
17 14 5 6 15 22 
17 14 5 6 15 22 
17 14 5 6 15 22 
17 14 5 6 10 22 
17 14 5 6 10 22 
17 14 5 6 10 22 
25 14 5 6 10 22 
25 14 5 6 10 22 
25 14 5 21 10 22 
25 14 5 21 10 22 
25 14 5 21 10 22 
25 14 5 21 10 22 
25 14 5 21 10 22 
25 14 26 21 10 22 
25 14 26 21 10 22 
25 18 26 21 10 22 
25 18 26 21 10 22 
25 18 26 21 10 22 
25 18 26 21 10 8 
25 18 26 21 10 8 
25 18 26 21 15 8 
25 18 26 21 15 8 
25 18 26 21 15 8 
25 18 26 21 15 8 
25 18 26 21 15 8 
25 18 26 6 15 8 
17 18 26 6 15 8 
17 18 26 24 15 8 
17 18 1 24 15 8 
17 18 1 24 14 8 
17 18 1 24 14 8 
17 18 1 24 14 8 
17 25 1 24 14 8 
17 25 1 24 14 13 
17 25 1 24 14 13 
17 25 1 24 14 13 
17 25 1 24 14 13 
17 25 1 24 14 13 
17 25 1 24 14 13 
17 25 1 24 14 13 
17 25 1 24 14 13 
17 25 1 24 14 13 
17 25 1 24 14 13 
17 25 1 24 14 13 
17 25 27 24 14 13 
17 25 27 24 14 13 
17 25 27 24 15 13 
17 25 27 24 15 13 
17 25 27 24 15 13 
17 25 27 11 15 13 
17 19 27 11 15 13 
18 19 27 11 15 13 
18 19 27 11 15 13 
18 19 9 11 15 13 
18 19 9 11 15 13 
19 19 9 11 15 13 
19 19 9 11 15 13 
19 19 9 11 15 22 
19 19 9 11 15 22 
19 19 9 11 15 22 
19 19 9 11 10 22 
19 19 9 11 10 22 
19 19 9 11 10 22 
19 19 9 11 10 22 
19 19 9 11 10 26 
19 19 9 11 10 26 
19 19 9 11 10 26 
19 19 9 11 24 26 
19 19 9 11 24 26 
19 19 9 11 24 5 
20 19 9 11 24 5 
20 19 14 11 24 5 
20 19 14 6 24 5 
20 19 14 6 24 5 
20 19 14 6 24 5 
20 19 14 6 24 5 
20 19 14 6 24 5 
20 19 14 6 24 5 
20 19 14 6 24 5 
20 19 14 21 24 5 
20 19 14 21 24 5 
23 19 14 21 24 5 
23 19 18 21 24 5 
23 19 18 21 2 5 
23 19 18 21 2 27 
23 19 18 7 2 27 
16 19 18 7 2 27 
16 20 18 7 2 27 
16 20 18 7 2 27 
16 20 18 7 2 27 
16 20 18 7 2 27 
16 23 18 7 2 27 
16 23 18 7 2 27 
16 23 18 7 2 27 
16 23 18 7 2 27 
16 23 18 7 2 27 
16 23 14 7 2 27 
16 23 14 7 2 27 
16 23 14 7 2 27 
16 23 14 7 2 27 
16 23 14 7 2 27 
16 23 14 21 2 27 
12 23 14 21 2 27 
12 23 14 21 6 27 
12 23 14 21 6 9 
12 20 14 21 6 9 
12 20 14 21 6 9 
12 20 14 21 6 9 
12 20 14 21 6 9 
12 20 14 21 6 9 
12 20 14 21 6 9 
12 20 14 21 6 9 
12 20 15 21 6 9 
12 20 15 3 6 9 
12 20 15 3 6 9 
12 20 15 3 6 9 
12 20 15 3 6 9 
12 19 15 3 6 9 
12 19 15 3 6 9 
12 19 15 3 6 9 
12 19 15 3 6 9 
12 19 15 3 6 9 
16 19 15 3 6 9 
16 19 15 3 6 9 
16 19 15 3 21 9 
16 19 15 3 21 9 
16 19 15 3 21 9 
16 19 15 3 21 10 
16 19 15 3 21 10 
16 19 15 3 21 10 
16 19 15 3 21 10 
16 19 15 3 21 10 
16 19 15 3 21 10 
23 19 15 3 21 10 
23 20 15 3 21 10 
23 20 15 3 7 10 
23 20 15 3 7 10 
23 20 15 3 7 10 
23 20 15 3 7 10 
23 20 15 3 7 10 
23 20 15 3 7 24 
23 20 10 3 7 24 
23 20 10 3 7 24 
23 20 10 21 7 24 
23 20 10 21 7 24 
23 20 10 21 7 24 
23 20 10 21 7 24 
23 20 9 21 7 24 
23 20 9 21 7 24 
23 20 9 6 7 24 
23 16 9 6 7 24 
12 16 9 6 7 24 
12 16 9 6 7 11 
12 16 9 6 21 11 
12 16 9 6 21 11 
12 16 27 6 21 11 
12 16 27 6 21 11 
12 16 27 6 21 11 
12 16 27 6 21 11 
12 16 27 6 21 11 
12 16 27 2 21 11 
12 16 27 2 21 11 
12 16 27 2 21 11 
12 16 27 2 21 11 
12 23 27 2 21 11 
12 23 27 2 3 11 
12 23 27 2 3 11 
12 23 27 2 3 11 
12 23 27 2 3 11 
12 23 27 2 3 11 
12 23 1 2 3 11 
12 23 1 2 3 24 
12 23 1 2 3 24 
12 23 1 2 3 24 
12 23 1 2 3 24 
12 23 1 2 3 10 
12 23 1 2 21 10 
12 23 1 2 6 10 
12 23 1 6 6 10 
12 23 1 6 6 10 
12 15 1 6 6 10 
12 15 0 6 6 10 
16 15 0 6 6 14 
16 15 0 24 6 14 
16 15 0 24 6 14 
16 15 4 24 6 14 
20 25 4 24 6 14 
20 25 22 24 6 14 
19 25 22 24 6 14 
19 25 22 10 27 14 
19 25 8 10 27 14 
19 25 8 9 27 18 
19 25 8 9 27 18 
19 25 8 1 27 18 
9 25 8 1 1 18 
0 0 0 0 0 0 
;
ROBOT MOVING BEST:
0 0 0 0 0 0 
1 1 0 0 0 0 
1 0 1 0 0 0 
1 0 0 1 0 0 
1 0 0 0 1 0 
1 0 0 0 0 1 
1 1 0 0 0 0 
1 0 1 0 0 0 
1 0 0 1 0 0 
1 0 0 0 1 0 
0 0 1 1 0 0 
1 0 0 0 0 1 
0 0 1 0 1 0 
0 0 1 0 0 1 
0 0 0 1 1 0 
1 1 0 0 0 0 
0 0 0 1 0 1 
1 0 1 0 0 0 
1 0 0 1 0 0 
0 0 0 0 1 1 
0 0 1 1 0 0 
1 0 0 0 1 0 
1 0 0 0 0 1 
0 0 0 1 1 0 
0 0 0 1 0 1 
1 0 1 0 0 0 
0 0 1 1 0 0 
0 1 0 1 0 0 
1 0 0 0 1 0 
1 0 0 0 0 1 
1 1 0 0 0 0 
1 0 1 0 0 0 
0 0 0 0 1 1 
1 0 0 1 0 0 
0 1 0 0 1 0 
0 0 1 0 1 0 
0 0 1 1 0 0 
1 0 0 0 0 1 
0 0 0 1 0 1 
0 1 0 0 0 1 
0 0 0 0 1 1 
1 0 0 0 0 1 
0 0 0 1 0 1 
0 0 1 0 1 0 
0 1 0 0 0 1 
0 0 0 0 1 1 
1 0 1 0 0 0 
0 0 1 1 0 0 
0 1 1 0 0 0 
1 0 0 0 0 1 
0 0 0 1 0 1 
1 0 0 0 1 0 
0 1 0 0 0 1 
0 0 0 1 1 0 
0 1 0 0 1 0 
0 0 1 0 1 0 
0 0 0 0 1 1 
1 0 1 0 0 0 
0 0 1 1 0 0 
0 1 1 0 0 0 
0 1 0 0 0 1 
0 0 0 0 1 1 
0 0 0 1 1 0 
0 0 1 0 1 0 
0 0 0 1 0 1 
1 0 0 0 1 0 
0 1 1 0 0 0 
0 0 0 1 1 0 
0 0 1 1 0 0 
0 0 1 0 1 0 
1 1 0 0 0 0 
1 0 1 0 0 0 
0 1 1 0 0 0 
0 0 1 1 0 0 
0 0 1 0 1 0 
0 0 0 1 0 1 
0 0 0 0 1 1 
0 0 0 1 1 0 
1 0 0 0 0 1 
1 0 0 0 1 0 
0 1 1 0 0 0 
0 1 0 0 0 1 
0 0 1 1 0 0 
0 0 1 0 1 0 
0 1 0 1 0 0 
0 1 0 0 1 0 
0 0 0 1 0 1 
0 0 0 0 1 1 
1 1 0 0 0 0 
0 0 0 1 1 0 
0 1 1 0 0 0 
1 0 0 0 1 0 
1 0 0 1 0 0 
0 1 0 0 0 1 
0 0 1 1 0 0 
0 1 0 1 0 0 
0 1 0 0 1 0 
1 1 0 0 0 0 
0 0 0 1 1 0 
0 0 1 0 1 0 
1 0 0 0 1 0 
0 1 0 0 0 1 
0 1 0 0 1 0 
0 1 1 0 0 0 
0 0 0 0 1 1 
1 1 0 0 0 0 
0 0 0 1 1 0 
1 0 0 0 0 1 
1 0 0 0 1 0 
0 1 0 0 0 1 
0 1 0 0 1 0 
0 1 0 1 0 0 
1 1 0 0 0 0 
0 0 1 1 0 0 
0 1 1 0 0 0 
0 1 0 0 1 0 
0 1 0 1 0 0 
0 0 0 1 0 1 
1 1 0 0 0 0 
1 0 0 0 0 1 
1 0 0 1 0 0 
0 1 1 0 0 0 
0 1 0 0 0 1 
0 1 0 1 0 0 
0 0 1 0 0 1 
0 0 1 0 1 0 
0 0 1 1 0 0 
0 0 0 1 0 1 
0 0 0 0 1 1 
0 0 0 1 1 0 
1 0 1 0 0 0 
0 1 1 0 0 0 
0 0 0 0 1 1 
0 0 1 1 0 0 
0 0 0 1 1 0 
0 1 0 1 0 0 
1 1 0 0 0 0 
1 0 1 0 0 0 
0 0 1 0 1 0 
0 0 1 0 0 1 
1 0 0 1 0 0 
1 0 0 0 0 1 
0 0 0 1 1 0 
0 0 0 1 0 1 
0 0 1 0 1 0 
1 0 0 0 1 0 
0 0 0 1 1 0 
1 0 0 0 0 1 
0 0 1 1 0 0 
1 0 0 1 0 0 
0 0 0 1 0 1 
0 0 1 0 1 0 
1 0 0 0 1 0 
0 0 0 1 1 0 
1 0 1 0 0 0 
0 0 0 1 0 1 
1 0 0 1 0 0 
0 0 1 1 0 0 
0 1 0 1 0 0 
0 1 0 0 1 0 
0 1 0 0 0 1 
1 1 0 0 0 0 
0 1 1 0 0 0 
0 0 0 1 1 0 
0 0 0 0 1 1 
0 1 0 1 0 0 
1 0 0 0 1 0 
1 1 0 0 0 0 
0 1 1 0 0 0 
0 1 0 0 1 0 
0 1 0 0 0 1 
0 1 0 1 0 0 
1 1 0 0 0 0 
0 1 1 0 0 0 
0 1 0 0 0 1 
0 1 0 1 0 0 
1 1 0 0 0 0 
0 1 1 0 0 0 
1 1 0 0 0 0 
0 1 0 1 0 0 
0 0 0 0 1 1 
0 0 0 1 1 0 
0 1 1 0 0 0 
0 0 0 1 0 1 
0 0 1 0 1 0 
1 0 0 1 0 0 
0 0 1 0 0 1 
0 1 0 1 0 0 
1 1 0 0 0 0 
0 1 0 0 1 0 
0 1 0 0 0 1 
0 1 1 0 0 0 
0 1 0 1 0 0 
1 1 0 0 0 0 
0 1 0 0 1 0 
0 1 0 0 0 1 
1 0 0 1 0 0 
0 0 1 0 0 1 
0 1 1 0 0 0 
0 1 0 1 0 0 
1 0 0 0 1 0 
0 0 0 0 1 1 
1 0 0 0 0 1 
1 1 0 0 0 0 
1 0 1 0 0 0 
1 0 0 1 0 0 
0 0 0 1 1 0 
0 0 0 1 0 1 
1 0 0 0 1 0 
1 0 0 0 0 1 
0 0 0 0 1 1 
0 0 1 1 0 0 
1 0 1 0 0 0 
0 0 1 0 0 1 
1 0 0 1 0 0 
1 0 0 0 1 0 
0 0 0 1 1 0 
0 0 0 1 0 1 
1 0 0 0 0 1 
1 0 1 0 0 0 
0 1 0 0 0 1 
0 0 1 0 1 0 
1 0 0 1 0 0 
0 0 0 1 1 0 
1 1 0 0 0 0 
1 0 0 0 0 1 
0 0 0 1 0 1 
0 0 1 0 1 0 
0 0 1 0 0 1 
0 0 0 1 1 0 
1 0 0 0 0 1 
0 0 0 1 0 1 
0 0 0 0 1 1 
0 0 1 0 0 1 
0 0 1 0 1 0 
0 0 0 1 1 0 
0 1 0 0 0 1 
1 0 0 0 1 0 
0 0 0 0 1 1 
0 0 0 1 1 0 
1 1 0 0 0 0 
0 0 1 1 0 0 
0 0 0 1 0 1 
0 1 0 0 0 1 
0 0 1 0 1 0 
0 0 0 0 1 1 
0 0 0 1 1 0 
1 0 1 0 0 0 
1 0 0 0 0 1 
0 0 1 0 0 1 
0 1 0 0 0 1 
0 0 1 0 1 0 
0 0 0 0 1 1 
1 0 0 1 0 0 
0 0 0 1 0 1 
0 0 0 1 1 0 
0 0 1 0 0 1 
1 0 0 0 0 1 
0 0 1 0 1 0 
0 0 1 1 0 0 
0 0 0 1 0 1 
1 0 0 0 0 1 
0 0 1 0 1 0 
0 0 0 1 1 0 
0 0 1 1 0 0 
0 0 1 0 0 1 
0 1 1 0 0 0 
0 0 1 1 0 0 
1 0 0 0 0 1 
0 0 1 1 0 0 
0 0 1 0 0 1 
0 0 1 1 0 0 
1 1 0 0 0 0 
0 0 1 1 0 0 
1 1 0 0 0 0 
0 0 0 1 1 0 
1 0 1 0 0 0 
0 0 0 1 0 1 
0 0 0 1 1 0 
0 0 0 1 1 0 
1 0 0 0 1 0 
1 1 1 1 1 1 
;
TIMETABLE BEST: 
0.0 0.0 0.0 0.0 0.0 0.0 
0 14 0 0 0 0 
0 14 17 0 0 0 
0 14 17 18 0 0 
0 14 17 18 24 0 
0 14 17 18 24 24 
0 28 17 18 24 24 
14 28 17 18 24 24 
14 28 17 18 24 24 
14 28 17 18 24 24 
14 28 17 18 24 24 
14 28 17 18 24 24 
14 28 17 18 24 24 
14 28 17 18 24 24 
14 28 17 18 24 24 
14 28 17 18 24 24 
14 28 17 18 24 24 
28 28 17 18 24 24 
28 28 17 18 24 24 
28 28 17 18 24 24 
28 28 17 33 24 24 
28 28 17 33 24 24 
28 28 17 33 24 24 
28 28 17 33 24 24 
28 28 17 33 24 24 
41 28 17 33 24 24 
41 28 28 33 24 24 
41 28 28 33 24 24 
41 28 28 33 24 24 
41 28 28 33 24 24 
41 28 28 33 24 24 
41 28 28 33 24 24 
41 28 28 33 46 24 
41 28 28 33 46 24 
41 28 28 33 46 24 
41 28 28 33 46 24 
41 28 42 33 46 24 
52 28 42 33 46 24 
52 28 42 52 46 24 
52 54 42 52 46 24 
52 54 42 52 46 35 
52 54 42 52 46 35 
52 54 42 52 46 35 
52 54 42 52 46 35 
52 54 42 52 46 35 
52 54 42 52 46 44 
52 54 42 52 46 44 
52 54 42 52 46 44 
52 54 42 52 46 44 
52 54 42 52 46 44 
52 54 42 52 46 44 
52 54 42 52 46 44 
52 54 42 52 46 44 
52 54 42 52 46 44 
52 54 42 52 46 44 
52 54 42 52 60 44 
52 54 42 52 60 44 
63 54 42 52 60 44 
63 54 56 52 60 44 
63 54 56 52 60 44 
63 67 56 52 60 44 
63 67 56 52 60 56 
63 67 56 52 60 56 
63 67 56 52 60 56 
63 67 56 52 60 68 
63 67 56 52 60 68 
63 67 56 52 60 68 
63 67 56 52 71 68 
63 67 56 70 71 68 
63 67 56 70 71 68 
63 67 56 70 71 68 
74 67 56 70 71 68 
74 78 56 70 71 68 
74 78 67 70 71 68 
74 78 67 70 71 68 
74 78 67 70 71 68 
74 78 67 70 71 68 
74 78 67 70 71 68 
74 78 67 70 71 68 
74 78 67 70 71 68 
74 78 67 70 71 68 
74 78 67 70 71 68 
74 78 76 70 71 68 
74 78 76 70 71 68 
74 78 76 70 71 68 
74 78 76 70 71 68 
74 78 76 70 71 80 
74 78 76 70 71 80 
74 78 76 70 71 80 
74 78 76 70 82 80 
74 78 76 70 82 80 
74 78 76 70 82 80 
86 78 76 70 82 80 
86 78 76 70 82 80 
86 78 76 82 82 80 
86 78 76 82 82 80 
86 78 76 82 82 80 
86 78 76 82 82 80 
86 78 76 82 82 80 
86 78 85 82 82 80 
86 78 85 82 82 80 
86 89 85 82 82 80 
86 89 85 82 82 80 
86 89 85 82 82 80 
86 89 85 82 82 92 
86 89 85 82 82 92 
86 89 85 82 93 92 
86 89 85 82 93 92 
86 89 85 82 93 92 
86 89 85 82 93 92 
86 89 85 82 93 92 
86 89 85 94 93 92 
98 89 85 94 93 92 
98 89 85 107 93 92 
98 89 104 107 93 92 
98 89 104 107 106 92 
98 89 104 107 106 92 
98 89 104 107 106 92 
98 102 104 107 106 92 
98 102 104 107 106 105 
98 102 104 107 106 105 
98 102 104 107 106 105 
98 102 104 107 106 105 
98 102 104 107 106 105 
98 102 104 107 106 105 
98 102 104 107 106 105 
98 102 104 107 106 105 
98 102 104 107 106 105 
98 102 104 107 106 105 
98 102 104 107 106 105 
98 102 119 107 106 105 
98 102 119 107 106 105 
98 102 119 107 119 105 
98 102 119 107 119 105 
98 102 119 107 119 105 
98 102 119 125 119 105 
98 135 119 125 119 105 
115 135 119 125 119 105 
115 135 119 125 119 105 
115 135 134 125 119 105 
115 135 134 125 119 105 
135 135 134 125 119 105 
135 135 134 125 119 105 
135 135 134 125 119 124 
135 135 134 125 119 124 
135 135 134 125 119 124 
135 135 134 125 130 124 
135 135 134 125 130 124 
135 135 134 125 130 124 
135 135 134 125 130 124 
135 135 134 125 130 135 
135 135 134 125 130 135 
135 135 134 125 130 135 
135 135 134 125 143 135 
135 135 134 125 143 135 
135 135 134 125 143 144 
148 135 134 125 143 144 
148 135 150 125 143 144 
148 135 150 142 143 144 
148 135 150 142 143 144 
148 135 150 142 143 144 
148 135 150 142 143 144 
148 135 150 142 143 144 
148 135 150 142 143 144 
148 135 150 142 143 144 
148 135 150 154 143 144 
148 135 150 154 143 144 
158 135 150 154 143 144 
158 135 161 154 143 144 
158 135 161 154 162 144 
158 135 161 154 162 165 
158 135 161 166 162 165 
169 135 161 166 162 165 
169 148 161 166 162 165 
169 148 161 166 162 165 
169 148 161 166 162 165 
169 148 161 166 162 165 
169 158 161 166 162 165 
169 158 161 166 162 165 
169 158 161 166 162 165 
169 158 161 166 162 165 
169 158 161 166 162 165 
169 158 172 166 162 165 
169 158 172 166 162 165 
169 158 172 166 162 165 
169 158 172 166 162 165 
169 158 172 166 162 165 
169 158 172 178 162 165 
180 158 172 178 162 165 
180 158 172 178 180 165 
180 158 172 178 180 180 
180 168 172 178 180 180 
180 168 172 178 180 180 
180 168 172 178 180 180 
180 168 172 178 180 180 
180 168 172 178 180 180 
180 168 172 178 180 180 
180 168 172 178 180 180 
180 168 185 178 180 180 
180 168 185 190 180 180 
180 168 185 190 180 180 
180 168 185 190 180 180 
180 168 185 190 180 180 
180 181 185 190 180 180 
180 181 185 190 180 180 
180 181 185 190 180 180 
180 181 185 190 180 180 
180 181 185 190 180 180 
191 181 185 190 180 180 
191 181 185 190 180 180 
191 181 185 190 192 180 
191 181 185 190 192 180 
191 181 185 190 192 180 
191 181 185 190 192 194 
191 181 185 190 192 194 
191 181 185 190 192 194 
191 181 185 190 192 194 
191 181 185 190 192 194 
191 181 185 190 192 194 
202 181 185 190 192 194 
202 194 185 190 192 194 
202 194 185 190 204 194 
202 194 185 190 204 194 
202 194 185 190 204 194 
202 194 185 190 204 194 
202 194 185 190 204 194 
202 194 185 190 204 207 
202 194 196 190 204 207 
202 194 196 190 204 207 
202 194 196 202 204 207 
202 194 196 202 204 207 
202 194 196 202 204 207 
202 194 196 202 204 207 
202 194 210 202 204 207 
202 194 210 202 204 207 
202 194 210 214 204 207 
202 215 210 214 204 207 
224 215 210 214 204 207 
224 215 210 214 204 225 
224 215 210 214 216 225 
224 215 210 214 216 225 
224 215 225 214 216 225 
224 215 225 214 216 225 
224 215 225 214 216 225 
224 215 225 214 216 225 
224 215 225 214 216 225 
224 215 225 232 216 225 
224 215 225 232 216 225 
224 215 225 232 216 225 
224 215 225 232 216 225 
224 226 225 232 216 225 
224 226 225 232 228 225 
224 226 225 232 228 225 
224 226 225 232 228 225 
224 226 225 232 228 225 
224 226 225 232 228 225 
224 226 240 232 228 225 
224 226 240 232 228 243 
224 226 240 232 228 243 
224 226 240 232 228 243 
224 226 240 232 228 243 
224 226 240 232 228 256 
224 226 240 232 240 256 
224 226 240 232 252 256 
224 226 240 250 252 256 
224 226 240 250 252 256 
224 267 240 250 252 256 
224 267 258 250 252 256 
235 267 258 250 252 274 
235 267 258 263 252 274 
235 267 258 263 252 274 
235 267 272 263 252 274 
256 290 272 263 252 274 
256 290 284 263 252 274 
269 290 284 263 252 274 
269 290 284 276 287 274 
269 290 296 276 287 274 
269 290 296 290 287 285 
269 290 296 290 287 285 
269 290 296 318 287 285 
306 290 296 318 302 285 
352.0 342.0 322.0 336.0 320.0 348.0 
;
EXECUTION TIME HBSS: 2843.44174004 seconds 

-------------------------------------------------------------------
