DATFILE : bwopen0_7r_500.dat
ENVIRONMENT : bwopen
ALGORITHM : HBSS - TAU 5
RANGE : 500
STARTING_POS : 0
N_ROBOTS : 7
GREEDY SOLUTION : 656.0
COMPUTATIONS T :
681.0
602.0
712.0
593.0
652.0
623.0
685.0
651.0
651.0
620.0
679.0
662.0
678.0
638.0
685.0
704.0
642.0
705.0
657.0
672.0
673.0
699.0
676.0
695.0
691.0
684.0
684.0
663.0
658.0
661.0
701.0
665.0
682.0
700.0
599.0
599.0
622.0
719.0
660.0
668.0
644.0
651.0
636.0
721.0
686.0
658.0
649.0
694.0
625.0
650.0
683.0
696.0
686.0
653.0
635.0
674.0
685.0
641.0
662.0
671.0
667.0
693.0
638.0
658.0
655.0
682.0
666.0
637.0
646.0
651.0
681.0
686.0
683.0
658.0
641.0
692.0
685.0
684.0
679.0
677.0
622.0
619.0
647.0
675.0
672.0
674.0
671.0
660.0
710.0
671.0
646.0
714.0
666.0
678.0
640.0
628.0
672.0
644.0
694.0
612.0
655.0
712.0
675.0
666.0
642.0
666.0
617.0
678.0
649.0
690.0
674.0
664.0
635.0
688.0
667.0
662.0
721.0
638.0
637.0
677.0
673.0
672.0
700.0
712.0
676.0
644.0
639.0
684.0
703.0
690.0
668.0
693.0
647.0
651.0
676.0
716.0
642.0
631.0
653.0
664.0
673.0
676.0
681.0
633.0
672.0
663.0
680.0
646.0
659.0
652.0
629.0
611.0
642.0
651.0
685.0
687.0
650.0
671.0
668.0
694.0
678.0
680.0
710.0
663.0
634.0
648.0
700.0
665.0
632.0
664.0
683.0
661.0
674.0
637.0
661.0
671.0
660.0
681.0
666.0
661.0
720.0
677.0
641.0
678.0
672.0
640.0
678.0
646.0
703.0
708.0
647.0
649.0
677.0
651.0
617.0
705.0
699.0
648.0
687.0
713.0
;
HBBS bestT : 593.0
BEST_CONFIGURATIONS : 
0 0 0 0 0 0 0 
0 4 0 0 0 0 0 
0 4 26 0 0 0 0 
0 4 26 0 0 0 0 
0 4 26 1 0 0 0 
0 4 26 1 0 0 0 
0 4 26 1 0 0 0 
0 4 26 1 5 0 0 
0 4 26 1 5 22 0 
0 4 26 1 5 22 0 
0 4 26 1 5 22 0 
0 4 26 1 5 22 0 
0 4 26 1 5 22 0 
0 4 26 1 5 22 0 
0 4 26 1 5 22 0 
0 4 26 1 5 22 0 
0 4 26 1 5 22 8 
0 4 26 1 5 22 8 
0 4 26 1 5 22 8 
0 4 26 1 5 22 8 
0 4 26 1 5 22 8 
0 4 26 1 5 22 8 
0 4 26 1 5 22 13 
0 4 26 1 5 22 13 
0 4 5 1 5 22 13 
0 4 5 1 5 22 13 
0 4 5 1 22 22 13 
0 4 5 1 22 8 13 
0 4 5 1 22 8 17 
0 4 5 1 22 8 17 
0 4 5 1 22 8 17 
0 4 5 1 22 8 17 
0 4 5 1 22 8 17 
0 4 5 27 22 8 17 
0 4 5 27 22 8 17 
0 4 5 27 22 8 17 
0 4 5 27 22 8 17 
0 4 5 27 22 8 17 
0 4 5 27 22 8 17 
0 4 26 27 22 8 17 
0 4 26 27 22 8 17 
0 26 26 27 22 13 17 
0 26 26 27 22 13 17 
0 26 26 27 22 13 17 
1 26 26 27 22 13 17 
1 4 26 27 9 13 17 
1 4 26 27 9 13 17 
1 4 5 27 9 13 17 
1 4 5 27 9 13 17 
1 4 5 27 9 13 17 
1 4 5 27 9 13 17 
1 4 26 27 9 13 17 
1 4 26 27 9 13 25 
1 22 26 27 9 13 25 
1 22 26 27 9 13 25 
1 22 26 27 9 13 25 
1 22 26 27 9 13 25 
1 22 26 27 9 13 25 
1 22 26 27 9 13 25 
1 22 5 27 9 13 25 
1 22 5 27 9 17 25 
1 8 5 27 9 17 25 
1 8 5 27 9 17 25 
0 8 5 9 9 17 25 
0 8 5 9 9 17 25 
0 8 4 9 9 25 25 
0 8 4 9 10 25 25 
0 4 4 9 10 25 25 
0 4 4 9 10 25 25 
0 4 4 9 10 25 25 
0 4 4 9 10 25 17 
0 4 26 9 10 25 17 
0 22 26 9 10 25 17 
0 22 26 9 10 18 17 
0 22 26 9 10 18 17 
0 22 26 9 10 18 17 
0 22 26 9 10 18 17 
0 22 26 9 10 18 17 
4 22 26 9 10 18 17 
4 22 5 9 10 18 17 
4 22 5 9 10 18 17 
4 22 5 9 10 18 13 
4 22 5 9 10 18 13 
4 8 5 9 10 18 13 
4 8 5 9 10 18 13 
4 8 5 24 10 18 13 
4 8 5 24 10 18 13 
4 8 5 24 10 18 13 
4 8 5 24 10 18 13 
4 8 5 24 10 18 13 
4 8 5 24 10 18 13 
4 8 26 24 10 18 13 
4 8 26 24 15 18 13 
4 8 26 24 15 14 13 
4 8 26 24 15 14 13 
4 8 26 24 15 14 13 
4 8 26 24 15 14 13 
4 8 26 24 15 14 13 
4 8 26 24 15 14 13 
4 8 26 24 15 14 13 
4 8 26 24 15 14 17 
4 8 26 24 15 14 17 
4 8 26 24 15 14 17 
4 8 26 24 15 14 17 
4 8 5 24 15 14 17 
4 8 5 24 15 14 17 
4 8 5 24 15 14 13 
4 8 5 24 15 14 13 
22 8 5 24 15 14 13 
22 8 5 24 15 14 13 
22 8 5 24 15 14 13 
22 8 5 24 10 14 13 
22 8 5 24 10 14 25 
22 8 5 24 10 14 25 
22 0 5 24 10 14 25 
22 0 5 24 10 14 25 
22 0 1 24 10 14 25 
22 0 1 24 10 14 25 
22 0 1 24 10 14 25 
9 0 1 24 10 14 25 
9 0 1 24 10 14 25 
9 0 1 24 10 14 18 
9 0 1 24 10 14 18 
9 0 1 24 15 14 18 
9 0 1 24 15 14 18 
9 0 1 24 15 14 18 
9 0 1 6 15 14 18 
9 0 1 6 15 14 18 
9 0 1 6 15 14 18 
9 0 1 6 10 14 18 
9 0 1 6 10 14 18 
9 0 1 6 10 14 18 
9 0 1 6 15 14 18 
9 0 1 6 15 14 25 
9 0 1 6 15 14 25 
9 0 1 6 15 18 25 
10 0 1 6 15 18 25 
10 0 27 6 15 18 25 
10 4 27 6 15 18 25 
10 4 27 6 15 18 25 
10 4 27 6 15 18 25 
10 4 27 6 15 18 25 
10 26 27 6 15 18 25 
10 26 27 6 15 14 25 
24 26 27 6 15 14 25 
24 26 27 6 15 14 25 
24 5 27 6 15 14 25 
24 5 27 6 19 14 25 
24 5 27 6 19 14 25 
24 5 27 6 19 14 25 
24 5 27 6 19 14 25 
24 5 27 6 19 14 8 
24 5 27 6 19 14 8 
24 5 27 6 19 14 8 
24 5 27 6 19 18 8 
24 5 27 21 19 18 8 
24 5 27 21 19 18 8 
24 5 27 21 19 18 8 
24 5 27 21 19 18 8 
24 5 27 21 19 18 22 
24 5 27 21 19 14 22 
6 22 27 21 19 14 22 
6 22 27 21 19 14 22 
6 22 27 21 20 14 22 
6 22 27 21 20 14 22 
6 22 27 21 20 14 22 
6 22 27 21 20 14 22 
6 22 27 21 23 14 22 
6 22 27 21 23 14 22 
6 22 27 21 23 14 22 
6 22 27 21 23 14 9 
6 22 27 21 23 14 9 
6 22 1 21 23 14 9 
6 22 1 21 20 18 9 
6 22 1 21 20 18 9 
24 22 1 21 20 18 9 
24 22 1 3 20 18 9 
24 9 1 3 20 18 9 
24 9 1 3 20 18 9 
24 9 1 3 20 18 9 
24 9 1 3 20 25 9 
24 9 1 3 20 25 10 
24 9 1 3 20 25 10 
6 9 1 3 20 25 10 
6 27 1 3 20 25 10 
6 27 1 3 23 25 10 
6 27 1 3 23 25 15 
6 27 1 3 23 25 15 
6 27 2 3 23 25 15 
6 27 2 3 23 25 15 
6 27 2 3 23 25 15 
6 27 2 3 23 25 15 
6 27 2 3 23 18 15 
6 27 2 3 20 18 15 
6 27 2 3 20 14 15 
21 27 2 3 20 14 15 
21 27 2 3 20 14 15 
21 27 2 3 20 14 15 
21 1 2 3 20 14 15 
21 1 2 3 20 14 10 
21 1 2 3 19 14 10 
21 1 2 3 19 14 10 
21 1 2 3 19 14 10 
21 1 2 3 19 15 10 
21 1 2 7 19 15 10 
21 1 2 7 19 15 10 
21 1 2 7 19 15 10 
21 1 2 7 19 15 10 
21 1 2 7 19 15 10 
21 27 2 7 19 15 10 
3 27 2 7 19 15 10 
3 27 2 7 19 15 24 
3 27 2 7 20 15 24 
3 27 2 7 20 15 24 
3 9 2 7 20 15 24 
3 9 2 7 20 15 24 
3 9 2 7 23 15 24 
3 9 2 7 23 10 24 
3 9 2 7 23 10 24 
3 9 2 7 16 10 24 
3 9 2 7 16 10 24 
3 9 2 7 16 10 24 
3 9 2 7 16 10 24 
3 9 2 7 16 10 24 
3 9 6 7 16 10 24 
3 9 6 7 16 10 24 
3 9 6 7 16 15 24 
21 9 6 7 16 15 24 
21 14 6 7 16 15 24 
21 14 11 7 16 15 24 
21 14 11 7 16 15 24 
21 14 11 3 16 15 24 
21 14 11 3 16 15 24 
21 14 11 3 16 15 24 
21 14 11 3 16 15 6 
21 14 11 3 12 15 6 
21 18 11 3 12 15 6 
21 18 11 3 12 15 6 
21 18 11 3 12 10 6 
21 18 11 3 12 10 6 
21 18 11 3 12 10 6 
21 18 11 3 12 10 6 
21 18 11 3 12 15 6 
7 18 11 3 12 15 6 
7 18 11 3 12 15 6 
7 25 11 3 12 15 6 
7 25 11 3 12 15 24 
7 25 11 3 12 15 24 
7 25 11 2 12 15 24 
7 25 11 2 12 15 24 
7 25 11 2 12 15 9 
7 25 11 2 12 15 9 
12 25 11 2 12 19 9 
12 13 11 2 12 19 9 
12 13 11 2 12 19 9 
12 13 11 2 12 19 9 
12 13 11 2 16 19 9 
12 13 11 2 16 19 9 
12 13 11 27 16 19 9 
12 13 11 27 16 19 9 
12 17 11 27 16 19 9 
12 17 11 27 23 19 9 
12 17 11 27 23 19 9 
12 17 11 27 23 19 9 
12 17 11 1 23 19 9 
12 17 11 1 23 19 5 
12 25 11 1 23 19 5 
12 25 11 1 20 19 5 
12 25 11 1 20 19 5 
12 25 11 1 20 19 5 
12 25 11 1 20 19 26 
16 25 11 1 20 19 26 
16 25 11 2 20 19 5 
16 25 11 2 23 19 5 
16 25 11 2 23 20 5 
16 8 11 2 23 20 5 
16 8 11 2 23 20 26 
16 22 11 2 23 20 26 
16 22 11 2 23 20 26 
16 22 11 2 23 20 4 
16 22 11 2 23 20 0 
0 0 0 0 0 0 0 
;
ROBOT MOVING BEST:
0 0 0 0 0 0 0 
1 1 0 0 0 0 0 
1 0 1 0 0 0 0 
0 1 1 0 0 0 0 
1 0 0 1 0 0 0 
0 1 0 1 0 0 0 
0 0 1 1 0 0 0 
1 0 0 0 1 0 0 
1 0 0 0 0 1 0 
0 1 0 0 0 1 0 
0 1 0 0 1 0 0 
0 0 1 0 1 0 0 
0 0 1 0 0 1 0 
0 0 0 1 1 0 0 
0 0 0 1 0 1 0 
0 0 0 0 1 1 0 
1 0 0 0 0 0 1 
0 1 0 0 0 0 1 
0 0 1 0 0 0 1 
0 0 0 1 0 0 1 
0 0 0 0 1 0 1 
0 0 0 0 0 1 1 
1 0 0 0 0 0 1 
0 1 0 0 0 0 1 
0 0 1 0 0 0 1 
0 0 0 1 0 0 1 
0 0 0 0 1 0 1 
0 0 0 0 0 1 1 
1 0 0 0 0 0 1 
0 1 0 0 0 0 1 
0 0 1 0 0 0 1 
0 0 0 0 1 0 1 
0 0 0 0 0 1 1 
1 0 0 1 0 0 0 
0 1 0 1 0 0 0 
0 0 1 1 0 0 0 
0 0 0 1 1 0 0 
0 0 0 1 0 1 0 
0 0 0 1 0 0 1 
0 0 1 1 0 0 0 
0 0 1 0 0 0 1 
0 1 0 0 0 1 0 
0 0 0 1 0 1 0 
0 0 0 0 0 1 1 
1 0 0 1 0 0 0 
0 1 0 0 1 0 0 
1 0 0 0 1 0 0 
0 0 1 0 1 0 0 
0 0 0 1 1 0 0 
0 0 0 0 1 1 0 
0 0 0 0 1 0 1 
0 0 1 0 1 0 0 
1 0 0 0 0 0 1 
0 1 0 0 1 0 0 
0 1 0 0 0 0 1 
0 0 1 0 0 0 1 
0 0 0 1 0 0 1 
0 0 0 0 1 0 1 
0 0 0 0 0 1 1 
0 0 1 0 0 0 1 
0 0 0 0 0 1 1 
0 1 0 0 1 0 0 
0 1 0 0 0 0 1 
1 0 0 1 0 0 0 
1 0 0 0 0 0 1 
0 0 1 0 0 1 0 
1 0 0 0 1 0 0 
0 1 0 0 1 0 0 
0 0 0 1 1 0 0 
0 0 0 0 1 1 0 
0 0 0 0 1 0 1 
0 0 1 0 1 0 0 
0 1 0 0 1 0 0 
0 1 0 0 0 1 0 
0 0 1 0 0 1 0 
0 0 0 1 0 1 0 
0 0 0 0 1 1 0 
0 0 0 0 0 1 1 
1 0 0 0 0 1 0 
0 0 1 0 1 0 0 
0 0 1 0 0 1 0 
0 0 0 0 1 0 1 
0 0 0 0 0 1 1 
0 1 0 0 1 0 0 
0 1 0 0 0 1 0 
1 0 0 1 0 0 0 
0 1 0 1 0 0 0 
0 0 1 1 0 0 0 
0 0 0 1 1 0 0 
0 0 0 1 0 1 0 
0 0 0 1 0 0 1 
0 0 1 1 0 0 0 
1 0 0 0 1 0 0 
1 0 0 0 0 1 0 
0 1 0 0 0 1 0 
0 1 0 0 1 0 0 
0 0 1 0 1 0 0 
0 0 0 1 1 0 0 
0 0 1 0 0 1 0 
0 0 0 1 0 1 0 
0 0 0 1 0 0 1 
0 0 0 0 1 1 0 
0 0 0 0 1 0 1 
0 0 0 0 0 1 1 
0 0 1 0 1 0 0 
0 0 1 0 0 1 0 
0 0 0 0 1 0 1 
0 0 0 0 0 1 1 
1 0 0 1 0 0 0 
1 0 0 0 1 0 0 
1 0 0 0 0 1 0 
0 0 0 0 1 1 0 
0 0 0 1 0 0 1 
0 0 0 0 0 1 1 
0 1 0 1 0 0 0 
0 1 0 0 0 1 0 
0 0 1 1 0 0 0 
0 0 1 0 1 0 0 
0 0 1 0 0 1 0 
1 0 0 1 0 0 0 
1 0 0 0 0 1 0 
0 0 1 0 0 0 1 
0 0 0 0 0 1 1 
1 0 0 0 1 0 0 
0 0 1 0 1 0 0 
0 0 0 0 1 0 1 
1 0 0 1 0 0 0 
0 1 0 1 0 0 0 
0 0 1 1 0 0 0 
0 0 0 1 1 0 0 
0 0 0 1 0 1 0 
0 0 0 1 0 0 1 
0 0 0 1 1 0 0 
0 0 0 1 0 0 1 
0 0 0 0 1 0 1 
0 0 0 0 0 1 1 
1 0 0 0 1 0 0 
1 0 1 0 0 0 0 
0 1 0 1 0 0 0 
0 0 1 1 0 0 0 
0 0 1 0 1 0 0 
0 0 1 0 0 1 0 
0 1 0 1 0 0 0 
0 0 1 0 0 1 0 
1 0 1 0 0 0 0 
1 0 0 1 0 0 0 
0 1 0 1 0 0 0 
1 0 0 0 1 0 0 
0 1 0 0 1 0 0 
0 0 1 0 1 0 0 
0 0 0 1 1 0 0 
0 0 0 1 0 0 1 
0 0 0 0 1 1 0 
0 0 0 0 1 0 1 
0 0 0 0 1 1 0 
1 0 0 1 0 0 0 
0 1 0 1 0 0 0 
0 0 1 1 0 0 0 
0 0 0 1 1 0 0 
0 0 0 0 1 0 1 
0 0 0 1 0 1 0 
1 1 0 0 0 0 0 
1 0 0 1 0 0 0 
1 0 0 0 1 0 0 
0 0 1 0 1 0 0 
0 0 0 1 1 0 0 
0 0 0 0 1 1 0 
1 0 0 0 1 0 0 
0 0 0 1 1 0 0 
0 0 0 0 1 1 0 
0 0 0 1 0 0 1 
0 0 0 0 1 0 1 
0 0 1 1 0 0 0 
0 0 0 0 1 1 0 
0 0 0 0 1 0 1 
1 0 0 0 1 0 0 
1 0 0 1 0 0 0 
0 1 0 1 0 0 0 
0 0 1 1 0 0 0 
0 0 0 1 1 0 0 
0 0 0 0 1 1 0 
0 0 0 1 0 0 1 
0 0 0 0 1 0 1 
1 0 0 1 0 0 0 
0 1 0 1 0 0 0 
0 0 0 1 1 0 0 
0 0 0 1 0 0 1 
0 0 0 0 1 0 1 
1 0 1 0 0 0 0 
0 1 1 0 0 0 0 
0 0 1 1 0 0 0 
0 0 1 0 0 0 1 
0 0 0 0 1 1 0 
0 0 0 0 1 0 1 
0 0 1 0 0 1 0 
1 0 1 0 0 0 0 
1 0 0 1 0 0 0 
1 0 0 0 0 0 1 
0 1 1 0 0 0 0 
1 0 0 0 0 0 1 
0 0 1 0 1 0 0 
0 0 1 0 0 0 1 
0 0 0 0 1 0 1 
0 0 0 0 1 1 0 
0 0 1 1 0 0 0 
1 0 0 1 0 0 0 
0 0 0 1 1 0 0 
0 0 0 1 0 1 0 
0 0 0 1 0 0 1 
0 1 0 1 0 0 0 
1 0 0 1 0 0 0 
0 0 1 0 0 0 1 
0 0 0 1 1 0 0 
0 0 0 1 0 0 1 
0 1 1 0 0 0 0 
0 1 0 1 0 0 0 
0 0 0 1 1 0 0 
0 0 0 0 1 1 0 
0 0 0 0 1 0 1 
1 0 0 0 1 0 0 
0 1 0 0 1 0 0 
0 0 0 1 1 0 0 
0 0 0 0 1 1 0 
0 0 0 0 1 0 1 
0 0 1 1 0 0 0 
0 0 1 0 1 0 0 
0 0 0 0 1 1 0 
1 0 0 0 1 0 0 
0 1 0 0 1 0 0 
1 0 1 0 0 0 0 
0 1 1 0 0 0 0 
0 0 1 1 0 0 0 
0 0 1 0 1 0 0 
0 0 1 0 0 1 0 
0 0 1 0 0 0 1 
1 0 0 0 1 0 0 
0 1 1 0 0 0 0 
0 0 1 0 1 0 0 
0 0 1 0 0 1 0 
0 0 0 1 1 0 0 
0 0 0 0 1 1 0 
0 0 0 0 1 0 1 
0 0 0 0 1 1 0 
1 0 1 0 0 0 0 
1 0 0 0 1 0 0 
0 1 1 0 0 0 0 
0 0 1 0 0 0 1 
0 0 0 0 1 0 1 
0 0 1 1 0 0 0 
0 0 0 1 1 0 0 
0 0 1 0 0 0 1 
0 0 0 0 1 0 1 
1 0 0 0 0 1 0 
0 1 0 0 0 1 0 
0 0 1 0 0 1 0 
0 0 0 0 0 1 1 
1 0 0 0 1 0 0 
0 0 0 0 1 1 0 
1 0 0 1 0 0 0 
0 0 1 1 0 0 0 
0 1 0 0 0 1 0 
1 0 0 0 1 0 0 
0 0 1 0 1 0 0 
0 0 0 0 1 1 0 
0 0 1 1 0 0 0 
0 0 1 0 0 0 1 
0 1 0 0 0 1 0 
1 0 0 0 1 0 0 
0 0 1 0 1 0 0 
0 0 0 0 1 1 0 
0 0 1 0 0 0 1 
1 0 0 0 1 0 0 
0 0 0 1 0 0 1 
1 0 0 0 1 0 0 
0 0 0 0 1 1 0 
0 1 0 1 0 0 0 
0 0 0 1 0 0 1 
0 1 1 0 0 0 0 
0 1 0 1 0 0 0 
0 0 0 1 0 0 1 
0 0 0 1 0 0 1 
1 1 1 1 1 1 0 
;
TIMETABLE BEST: 
0.0 0.0 0.0 0.0 0.0 0.0 0.0 
14 14 0 0 0 0 0 
17 14 17 0 0 0 0 
17 17 17 0 0 0 0 
18 17 17 18 0 0 0 
18 18 17 18 0 0 0 
18 18 18 18 0 0 0 
24 18 18 18 24 0 0 
24 18 18 18 24 24 0 
24 24 18 18 24 24 0 
24 24 18 18 24 24 0 
24 24 24 18 24 24 0 
24 24 24 18 24 24 0 
24 24 24 24 24 24 0 
24 24 24 24 24 24 0 
24 24 24 24 24 24 0 
26 24 24 24 24 24 26 
26 26 24 24 24 24 26 
26 26 26 24 24 24 26 
26 26 26 26 24 24 26 
26 26 26 26 26 24 26 
26 26 26 26 26 26 26 
39 26 26 26 26 26 39 
39 39 26 26 26 26 39 
39 39 39 26 26 26 39 
39 39 39 39 26 26 39 
39 39 39 39 39 26 39 
39 39 39 39 39 39 39 
50 39 39 39 39 39 50 
50 50 39 39 39 39 50 
50 50 50 39 39 39 50 
50 50 50 39 50 39 50 
50 50 50 39 50 50 50 
54 50 50 54 50 50 50 
54 54 50 54 50 50 50 
54 54 54 54 50 50 50 
54 54 54 54 54 50 50 
54 54 54 54 54 54 50 
54 54 54 54 54 54 54 
54 54 63 63 54 54 54 
54 54 63 63 54 54 63 
54 67 63 63 54 67 63 
54 67 63 67 54 67 63 
54 67 63 67 54 67 67 
72 67 63 72 54 67 67 
72 78 63 72 78 67 67 
78 78 63 72 78 67 67 
78 78 78 72 78 67 67 
78 78 78 78 78 67 67 
78 78 78 78 78 78 67 
78 78 78 78 78 78 78 
78 78 87 78 87 78 78 
90 78 87 78 87 78 90 
90 90 87 78 90 78 90 
90 90 87 78 90 78 90 
90 90 90 78 90 78 90 
90 90 90 90 90 78 90 
90 90 90 90 90 78 90 
90 90 90 90 90 90 90 
90 90 99 90 90 90 99 
90 90 99 90 90 101 101 
90 102 99 90 102 101 101 
90 102 99 90 102 101 102 
108 102 99 108 102 101 102 
108 102 99 108 102 101 108 
108 102 113 108 102 113 108 
116 102 113 108 116 113 108 
116 116 113 108 116 113 108 
116 116 113 116 116 113 108 
116 116 113 116 116 116 108 
116 116 113 116 120 116 120 
116 116 124 116 124 116 120 
116 128 124 116 128 116 120 
116 129 124 116 128 129 120 
116 129 129 116 128 129 120 
116 129 129 129 128 129 120 
116 129 129 129 129 129 120 
116 129 129 129 129 129 129 
130 129 129 129 129 130 129 
130 129 138 129 138 130 129 
130 129 138 129 138 138 129 
130 129 138 129 140 138 140 
130 129 138 129 140 140 140 
130 141 138 129 141 140 140 
130 141 138 129 141 141 140 
144 141 138 144 141 141 140 
144 144 138 144 141 141 140 
144 144 144 144 141 141 140 
144 144 144 144 144 141 140 
144 144 144 144 144 144 140 
144 144 144 144 144 144 144 
144 144 153 153 144 144 144 
155 144 153 153 155 144 144 
155 144 153 153 155 155 144 
155 155 153 153 155 155 144 
155 155 153 153 155 155 144 
155 155 155 153 155 155 144 
155 155 155 155 155 155 144 
155 155 155 155 155 155 144 
155 155 155 155 155 155 144 
155 155 155 155 155 155 155 
155 155 155 155 155 155 155 
155 155 155 155 155 155 155 
155 155 155 155 155 155 155 
155 155 164 155 164 155 155 
155 155 164 155 164 164 155 
155 155 164 155 166 164 166 
155 155 164 155 166 166 166 
167 155 164 167 166 166 166 
167 155 164 167 167 166 166 
167 155 164 167 167 167 166 
167 155 164 167 178 178 166 
167 155 164 179 178 178 179 
167 155 164 179 178 179 179 
167 181 164 181 178 179 179 
167 181 164 181 178 181 179 
167 181 182 182 178 181 179 
167 181 182 182 182 181 179 
167 181 182 182 182 182 179 
191 181 182 191 182 182 179 
191 181 182 191 182 191 179 
191 181 192 191 182 191 192 
191 181 192 191 182 192 192 
193 181 192 191 193 192 192 
193 181 193 191 193 192 192 
193 181 193 191 193 192 193 
204 181 193 204 193 192 193 
204 204 193 204 193 192 193 
204 204 204 204 193 192 193 
204 204 204 204 204 192 193 
204 204 204 204 204 204 193 
204 204 204 204 204 204 204 
204 204 204 215 215 204 204 
204 204 204 217 215 204 217 
204 204 204 217 217 204 217 
204 204 204 217 217 217 217 
218 204 204 217 218 217 217 
219 204 219 217 218 217 217 
219 218 219 218 218 217 217 
219 218 219 219 218 217 217 
219 218 219 219 219 217 217 
219 218 219 219 219 219 217 
219 229 219 229 219 219 217 
219 229 230 229 219 230 217 
232 229 232 229 219 230 217 
232 229 232 232 219 230 217 
232 238 232 238 219 230 217 
243 238 232 238 243 230 217 
243 243 232 238 243 230 217 
243 243 243 238 243 230 217 
243 243 243 243 243 230 217 
243 243 243 243 243 230 243 
243 243 243 243 243 243 243 
243 243 243 243 243 243 243 
243 243 243 243 254 254 243 
255 243 243 255 254 254 243 
255 255 243 255 254 254 243 
255 255 255 255 254 254 243 
255 255 255 255 255 254 243 
255 255 255 255 255 254 255 
255 255 255 265 255 265 255 
268 268 255 265 255 265 255 
268 268 255 268 255 265 255 
268 268 255 268 268 265 255 
268 268 268 268 268 265 255 
268 268 268 268 268 265 255 
268 268 268 268 268 268 255 
278 268 268 268 278 268 255 
278 268 268 278 278 268 255 
278 268 268 278 278 278 255 
278 268 268 279 278 278 279 
278 268 268 279 279 278 279 
278 268 283 283 279 278 279 
278 268 283 283 289 289 279 
278 268 283 283 289 289 289 
291 268 283 283 291 289 289 
295 268 283 295 291 289 289 
295 295 283 295 291 289 289 
295 295 295 295 291 289 289 
295 295 295 295 295 289 289 
295 295 295 295 302 302 289 
295 295 295 303 302 302 303 
295 295 295 303 303 302 303 
308 295 295 308 303 302 303 
308 310 295 310 303 302 303 
308 310 295 313 313 302 303 
308 310 295 314 313 302 314 
308 310 295 314 314 302 314 
315 310 315 314 314 302 314 
315 315 315 314 314 302 314 
315 315 315 315 314 302 314 
315 315 315 315 314 302 315 
315 315 315 315 315 315 315 
315 315 315 315 325 315 325 
315 315 326 315 325 326 325 
327 315 327 315 325 326 325 
327 315 327 327 325 326 325 
327 315 327 327 325 326 327 
327 330 330 327 325 326 327 
338 330 330 327 325 326 338 
338 330 338 327 338 326 338 
338 330 338 327 338 326 338 
338 330 338 327 338 326 338 
338 330 338 327 339 339 338 
338 330 343 343 339 339 338 
343 330 343 343 339 339 338 
343 330 343 343 343 339 338 
343 330 343 343 343 343 338 
343 330 343 343 343 343 343 
343 345 343 345 343 343 343 
355 345 343 355 343 343 343 
355 345 356 355 343 343 356 
355 345 356 356 356 343 356 
355 345 356 356 356 343 356 
355 360 360 356 356 343 356 
355 360 360 360 356 343 356 
355 360 360 366 366 343 356 
355 360 360 366 366 366 356 
355 360 360 366 366 366 366 
377 360 360 366 377 366 366 
377 377 360 366 377 366 366 
377 377 360 377 377 366 366 
377 377 360 377 377 377 366 
377 377 360 377 377 377 377 
377 377 378 378 377 377 377 
377 377 378 378 378 377 377 
377 377 378 378 388 388 377 
389 377 378 378 389 388 377 
389 393 378 378 393 388 377 
395 393 395 378 393 388 377 
395 395 395 378 393 388 377 
395 395 395 395 393 388 377 
395 395 395 395 395 388 377 
395 395 395 395 395 395 377 
395 395 395 395 395 395 395 
406 395 395 395 406 395 395 
406 406 406 395 406 395 395 
406 406 406 395 406 395 395 
406 406 406 395 406 406 395 
406 406 406 406 406 406 395 
406 406 406 406 406 406 395 
406 406 406 406 406 406 406 
406 406 406 406 417 417 406 
418 406 418 406 417 417 406 
418 406 418 406 418 417 406 
418 419 419 406 418 417 406 
418 419 419 406 418 417 419 
418 419 419 406 419 417 419 
418 419 428 428 419 417 419 
418 419 428 428 428 417 419 
418 419 434 428 428 417 434 
418 419 434 428 434 417 434 
441 419 434 428 434 441 434 
441 441 434 428 434 441 434 
441 441 441 428 434 441 434 
441 441 441 428 434 441 441 
445 441 441 428 445 441 441 
445 441 441 428 445 445 441 
447 441 441 447 445 445 441 
447 441 447 447 445 445 441 
447 452 447 447 445 452 441 
456 452 447 447 456 452 441 
456 452 456 447 456 452 441 
456 452 456 447 456 456 441 
456 452 462 462 456 456 441 
456 452 463 462 456 456 463 
456 464 463 462 456 464 463 
466 464 463 462 466 464 463 
466 464 466 462 466 464 463 
466 464 466 462 466 466 463 
466 464 472 462 466 466 472 
477 464 472 462 477 466 472 
477 464 472 482 477 466 482 
487 464 472 482 487 466 482 
487 464 472 482 487 487 482 
487 490 472 490 487 487 482 
487 490 472 491 487 487 491 
487 502 502 491 487 487 491 
487 502 502 502 487 487 491 
487 502 502 502 487 487 502 
487 502 502 516 487 487 516 
588.0 526.0 573.0 552.0 593.0 583.0 516.0 
;
EXECUTION TIME HBSS: 3852.62686706 seconds 

-------------------------------------------------------------------
