DATFILE : bwopen0_4r_500.dat
ENVIRONMENT : bwopen
ALGORITHM : HBSS - TAU 3
RANGE : 500
STARTING_POS : 0
N_ROBOTS : 4
GREEDY SOLUTION : 1298.0
COMPUTATIONS T :
1458.0
1395.0
1378.0
1387.0
1342.0
1472.0
1289.0
1371.0
1372.0
1367.0
1369.0
1331.0
1360.0
1362.0
1395.0
1361.0
1413.0
1302.0
1428.0
1367.0
1298.0
1299.0
1342.0
1386.0
1308.0
1362.0
1394.0
1431.0
1452.0
1325.0
1339.0
1323.0
1449.0
1392.0
1358.0
1378.0
1286.0
1383.0
1336.0
1281.0
1351.0
1409.0
1354.0
1368.0
1439.0
1396.0
1314.0
1338.0
1349.0
1350.0
1422.0
1322.0
1393.0
1454.0
1397.0
1382.0
1426.0
1357.0
1329.0
1356.0
1410.0
1429.0
1393.0
1333.0
1289.0
1311.0
1426.0
1325.0
1364.0
1355.0
1359.0
1394.0
1245.0
1270.0
1406.0
1348.0
1376.0
1268.0
1386.0
1369.0
1280.0
1354.0
1290.0
1399.0
1399.0
1373.0
1371.0
1305.0
1310.0
1395.0
1335.0
1327.0
1427.0
1381.0
1311.0
1380.0
1393.0
1299.0
1321.0
1356.0
1355.0
1352.0
1404.0
1365.0
1330.0
1368.0
1395.0
1357.0
1404.0
1398.0
1375.0
1381.0
1431.0
1395.0
1356.0
1426.0
1406.0
1317.0
1326.0
1464.0
1357.0
1435.0
1389.0
1352.0
1353.0
1364.0
1364.0
1404.0
1456.0
1358.0
1418.0
1358.0
1309.0
1389.0
1450.0
1339.0
1370.0
1321.0
1313.0
1363.0
1462.0
1369.0
1370.0
1423.0
1412.0
1401.0
1415.0
1293.0
1312.0
1378.0
1321.0
1377.0
1342.0
1355.0
1367.0
1299.0
1371.0
1472.0
1383.0
1395.0
1300.0
1349.0
1376.0
1397.0
1336.0
1369.0
1326.0
1310.0
1332.0
1337.0
1277.0
1398.0
1345.0
1361.0
1314.0
1384.0
1465.0
1417.0
1304.0
1390.0
1394.0
1441.0
1326.0
1381.0
1383.0
1368.0
1389.0
1318.0
1388.0
1425.0
1391.0
1287.0
1327.0
1421.0
1402.0
1423.0
1415.0
1374.0
1370.0
1378.0
;
HBBS bestT : 1245.0
BEST_CONFIGURATIONS : 
0 0 0 0 
0 4 0 0 
0 4 1 26 
0 4 1 26 
0 4 1 26 
0 4 1 26 
0 4 1 26 
0 4 1 5 
0 26 1 5 
0 26 1 5 
0 22 1 5 
0 22 1 5 
0 22 1 5 
0 22 1 26 
4 22 1 26 
4 22 27 26 
4 22 27 26 
4 22 27 5 
4 22 27 5 
4 22 27 5 
4 8 27 5 
4 8 27 5 
4 8 27 5 
4 8 27 26 
22 8 27 26 
22 8 9 26 
22 8 9 26 
22 8 9 0 
26 8 9 0 
26 8 9 0 
4 8 9 0 
4 13 9 0 
4 13 9 0 
4 13 9 0 
4 17 9 0 
4 17 9 0 
4 17 9 0 
26 13 9 0 
26 13 10 0 
26 13 10 0 
26 13 10 1 
26 13 10 1 
5 13 10 1 
5 13 10 1 
5 13 10 27 
5 13 10 27 
22 13 10 27 
22 13 10 27 
22 17 10 27 
22 17 15 27 
22 17 15 27 
22 17 15 27 
22 17 15 27 
22 17 10 27 
26 17 10 27 
26 17 10 9 
5 17 10 9 
5 17 15 9 
5 17 15 9 
5 13 15 9 
4 13 15 9 
4 13 15 10 
4 13 15 10 
4 25 15 10 
4 25 15 10 
4 25 15 10 
26 25 15 10 
26 25 15 10 
26 25 15 24 
26 25 15 24 
5 25 15 24 
5 25 15 24 
5 25 15 24 
5 25 10 24 
22 25 10 24 
22 25 10 24 
22 25 9 24 
22 25 9 24 
8 25 9 24 
8 25 9 6 
8 25 9 6 
8 25 9 6 
8 17 9 6 
8 17 9 21 
8 13 9 21 
8 13 9 7 
13 17 9 7 
13 17 14 7 
13 17 14 21 
13 17 14 21 
13 17 18 21 
13 17 18 21 
13 17 18 6 
17 25 18 6 
17 25 14 6 
17 25 14 6 
13 25 14 6 
13 25 18 6 
13 25 18 24 
13 25 18 24 
13 17 18 24 
13 17 14 24 
8 17 14 24 
8 17 14 24 
8 17 18 24 
8 17 18 10 
8 17 18 10 
8 17 18 15 
8 18 14 15 
8 18 14 15 
8 18 14 10 
22 14 14 10 
22 14 18 10 
22 14 18 9 
22 14 18 9 
26 14 18 9 
26 14 18 9 
26 14 18 27 
26 14 18 27 
5 14 18 27 
5 14 18 27 
5 15 14 27 
5 15 14 1 
4 15 14 1 
4 15 14 1 
4 15 18 1 
4 15 18 1 
4 9 18 1 
4 9 25 1 
0 9 25 1 
0 10 25 1 
0 10 25 27 
0 10 25 27 
0 24 25 27 
0 24 25 27 
0 6 25 27 
0 6 25 27 
0 6 14 27 
0 21 14 27 
0 21 15 27 
1 21 15 27 
1 3 10 27 
1 3 10 27 
1 3 10 27 
1 3 10 27 
1 3 15 27 
27 3 15 9 
27 3 15 9 
27 3 15 9 
27 21 10 9 
1 21 10 24 
1 6 10 24 
1 6 10 24 
1 6 10 24 
1 6 15 24 
5 6 15 24 
5 6 15 11 
5 6 14 11 
5 6 14 11 
26 6 14 11 
26 6 14 11 
4 6 14 11 
22 6 14 11 
22 6 18 11 
22 6 25 11 
22 6 25 11 
5 21 25 11 
5 21 25 11 
5 21 15 11 
5 7 15 11 
5 7 15 11 
1 7 15 11 
1 7 10 11 
1 7 10 11 
27 7 10 11 
27 7 10 11 
27 7 24 11 
27 7 24 11 
9 7 24 11 
9 21 24 11 
9 3 24 11 
9 3 24 11 
6 3 24 11 
6 3 2 11 
6 3 2 11 
6 3 2 21 
6 3 2 21 
6 3 2 21 
6 3 2 7 
6 3 2 7 
6 3 2 7 
21 3 2 7 
21 2 1 7 
3 2 1 12 
3 2 1 12 
3 2 27 12 
3 2 27 16 
3 2 27 23 
3 2 9 23 
3 2 9 20 
3 2 9 20 
3 6 9 20 
21 6 9 20 
21 6 10 20 
21 24 10 20 
7 24 10 20 
7 24 14 20 
7 11 14 20 
12 11 14 20 
12 11 14 20 
12 11 18 20 
16 11 18 20 
16 11 18 20 
16 11 25 20 
23 11 25 20 
23 11 25 20 
23 11 18 20 
23 11 18 19 
23 11 18 19 
23 11 18 19 
20 11 18 19 
20 11 25 19 
20 6 25 19 
19 6 17 19 
19 21 17 19 
19 21 13 19 
19 7 13 19 
19 7 8 19 
19 12 8 19 
19 12 22 19 
19 16 22 19 
19 16 22 23 
19 12 22 16 
19 12 5 16 
20 12 27 16 
20 12 27 12 
20 7 27 12 
23 7 27 12 
23 7 9 12 
23 7 9 12 
23 7 9 12 
23 21 9 12 
23 21 9 16 
23 21 9 16 
23 21 9 12 
16 21 10 12 
16 6 10 12 
16 6 10 12 
16 6 14 16 
23 6 14 16 
23 6 14 16 
23 6 14 12 
16 6 15 12 
16 6 15 12 
16 24 15 12 
16 24 15 12 
23 24 15 12 
23 24 19 12 
16 24 19 7 
16 10 19 7 
23 10 19 7 
23 15 19 7 
23 15 19 7 
23 14 19 7 
23 14 19 2 
23 14 19 2 
20 15 19 2 
20 15 15 2 
20 10 15 2 
20 24 15 2 
19 24 9 2 
19 24 27 2 
19 11 27 2 
19 11 5 2 
19 2 26 2 
24 2 4 2 
24 2 4 2 
24 2 22 2 
2 2 22 0 
2 2 8 0 
2 1 8 0 
0 0 0 0 
;
ROBOT MOVING BEST:
0 0 0 0 
1 1 0 0 
0 0 1 1 
1 0 1 0 
1 0 0 1 
0 1 1 0 
0 1 0 1 
1 0 0 1 
0 1 0 1 
0 0 1 1 
1 1 0 0 
0 1 1 0 
0 1 0 1 
0 1 0 1 
1 1 0 0 
1 0 1 0 
0 0 1 1 
1 0 0 1 
0 1 1 0 
0 0 1 1 
1 1 0 0 
0 1 1 0 
0 1 0 1 
0 1 0 1 
1 1 0 0 
1 0 1 0 
0 1 1 0 
0 1 0 1 
1 0 1 0 
0 0 1 1 
1 0 1 0 
1 1 0 0 
0 1 0 1 
0 1 1 0 
1 1 0 0 
0 1 1 0 
0 1 0 1 
1 1 0 0 
0 1 1 0 
1 0 1 0 
0 0 1 1 
0 1 0 1 
1 1 0 0 
1 0 1 0 
0 1 0 1 
0 0 1 1 
1 1 0 0 
1 0 1 0 
1 1 0 0 
0 1 1 0 
1 0 1 0 
0 1 0 1 
0 0 1 1 
0 1 1 0 
1 1 0 0 
0 0 1 1 
1 1 0 0 
1 0 1 0 
1 0 0 1 
0 1 1 0 
1 0 1 0 
1 0 0 1 
0 0 1 1 
1 1 0 0 
0 1 1 0 
0 1 0 1 
1 1 0 0 
1 0 1 0 
1 0 0 1 
0 1 0 1 
1 1 0 0 
0 0 1 1 
1 0 0 1 
0 0 1 1 
1 1 0 0 
1 0 0 1 
0 1 1 0 
0 0 1 1 
1 1 0 0 
0 1 0 1 
1 0 0 1 
0 0 1 1 
1 1 0 0 
0 0 1 1 
1 1 0 0 
0 0 1 1 
1 1 0 0 
1 0 1 0 
0 0 1 1 
0 1 1 0 
1 0 1 0 
0 1 1 0 
0 0 1 1 
1 1 0 0 
0 1 1 0 
0 0 1 1 
1 1 0 0 
0 1 1 0 
1 0 0 1 
0 0 1 1 
0 1 0 1 
0 0 1 1 
1 0 1 0 
1 0 0 1 
1 0 1 0 
1 0 0 1 
0 0 1 1 
1 0 0 1 
0 1 1 0 
0 1 0 1 
0 0 1 1 
1 1 0 0 
1 0 1 0 
0 1 0 1 
0 0 1 1 
1 1 0 0 
1 0 1 0 
0 1 0 1 
0 0 1 1 
1 1 0 0 
1 0 1 0 
0 1 1 0 
0 1 0 1 
1 0 1 0 
0 0 1 1 
1 0 1 0 
0 0 1 1 
0 1 0 1 
0 0 1 1 
1 0 1 0 
1 1 0 0 
0 0 1 1 
1 0 0 1 
1 1 0 0 
0 1 0 1 
1 1 0 0 
0 1 0 1 
1 0 1 0 
0 1 0 1 
0 1 1 0 
1 1 0 0 
0 1 1 0 
1 0 0 1 
1 1 0 0 
0 1 0 1 
0 1 1 0 
1 0 0 1 
0 1 0 1 
0 0 1 1 
0 1 1 0 
1 0 0 1 
1 1 0 0 
0 1 1 0 
0 1 0 1 
0 1 1 0 
1 1 0 0 
1 0 0 1 
0 0 1 1 
0 1 0 1 
1 1 0 0 
1 0 0 1 
1 1 0 0 
1 1 0 0 
0 0 1 1 
0 0 1 1 
1 0 0 1 
1 1 0 0 
0 1 0 1 
0 0 1 1 
0 1 1 0 
0 1 0 1 
1 0 0 1 
0 0 1 1 
0 1 1 0 
1 1 0 0 
1 0 0 1 
0 1 1 0 
0 0 1 1 
1 0 0 1 
0 1 1 0 
0 1 1 0 
0 1 0 1 
1 1 0 0 
0 1 1 0 
1 0 1 0 
0 1 0 1 
1 0 0 1 
0 0 1 1 
1 0 0 1 
0 1 0 1 
0 0 1 1 
1 0 0 1 
0 1 1 0 
1 0 0 1 
0 1 0 1 
0 1 1 0 
1 0 0 1 
1 0 0 1 
0 1 1 0 
1 0 0 1 
0 0 1 1 
0 1 0 1 
1 0 0 1 
0 0 1 1 
0 1 0 1 
1 0 0 1 
0 0 1 1 
0 1 0 1 
1 1 0 0 
1 0 0 1 
0 0 1 1 
1 1 0 0 
1 0 0 1 
0 0 1 1 
1 1 0 0 
1 0 0 1 
1 0 1 0 
1 0 0 1 
0 0 1 1 
0 1 0 1 
1 0 0 1 
0 0 1 1 
0 1 0 1 
1 0 1 0 
1 1 0 0 
0 0 1 1 
1 1 0 0 
0 0 1 1 
1 1 0 0 
1 0 1 0 
1 1 0 0 
0 1 0 1 
0 1 0 1 
1 0 1 0 
1 0 1 0 
0 0 1 1 
0 1 0 1 
1 1 0 0 
1 0 1 0 
0 0 1 1 
1 0 0 1 
1 1 0 0 
0 1 0 1 
0 0 1 1 
0 1 0 1 
1 0 1 0 
1 1 0 0 
0 0 1 1 
0 0 1 1 
1 0 1 0 
1 1 0 0 
0 1 0 1 
1 0 1 0 
0 0 1 1 
1 1 0 0 
0 1 0 1 
1 1 0 0 
0 1 1 0 
1 0 0 1 
0 1 1 0 
1 1 0 0 
1 1 0 0 
0 1 1 0 
0 1 1 0 
0 1 0 1 
0 0 1 1 
1 1 0 0 
0 0 1 1 
0 1 0 1 
0 1 0 1 
1 0 1 0 
1 0 1 0 
0 1 0 1 
0 0 1 1 
0 1 1 0 
1 0 1 0 
0 1 1 0 
0 1 1 0 
1 0 0 1 
1 0 1 0 
0 1 1 0 
1 1 1 0 
;
TIMETABLE BEST: 
0.0 0.0 0.0 0.0 
14 14 0 0 
14 14 18 18 
18 14 18 18 
18 14 18 18 
18 18 18 18 
18 18 18 18 
27 18 18 27 
27 29 18 29 
27 29 29 29 
40 40 29 29 
40 40 40 29 
40 40 40 40 
40 49 40 49 
54 54 40 49 
55 54 55 49 
55 54 55 55 
64 54 55 64 
64 55 55 64 
64 55 64 64 
67 67 64 64 
67 67 67 64 
67 67 67 67 
67 76 67 76 
79 79 67 76 
82 79 82 76 
82 82 82 76 
82 93 82 93 
93 93 93 93 
93 93 93 93 
104 93 104 93 
106 106 104 93 
106 106 104 106 
106 106 106 106 
117 117 106 106 
117 117 117 106 
117 117 117 117 
128 128 117 117 
128 131 131 117 
131 131 131 117 
131 131 135 135 
131 135 135 135 
140 140 135 135 
140 140 140 135 
140 150 140 150 
140 150 150 150 
152 152 150 150 
152 152 152 150 
163 163 152 150 
163 163 163 150 
163 163 163 150 
163 163 163 163 
163 163 163 163 
163 174 174 163 
174 174 174 163 
174 174 178 178 
183 183 178 178 
189 183 189 178 
189 183 189 189 
189 194 194 189 
203 194 203 189 
203 194 203 203 
203 194 203 203 
207 207 203 203 
207 207 207 203 
207 207 207 207 
218 218 207 207 
218 218 218 207 
220 218 218 220 
220 220 218 220 
229 229 218 220 
229 229 220 220 
229 229 220 229 
229 229 231 231 
241 241 231 231 
241 241 231 241 
241 245 245 241 
241 245 245 245 
253 253 245 245 
253 258 245 258 
258 258 245 258 
258 258 258 258 
270 270 258 258 
270 270 270 270 
281 281 270 270 
281 281 282 282 
294 294 282 282 
298 294 298 282 
298 294 298 298 
298 298 298 298 
309 298 309 298 
309 309 309 298 
309 309 310 310 
321 321 310 310 
321 321 321 310 
321 321 321 321 
332 332 321 321 
332 332 332 321 
334 332 332 334 
334 332 334 334 
334 344 334 344 
334 344 345 345 
347 344 347 345 
347 344 347 347 
358 344 358 347 
360 344 358 360 
360 344 360 360 
371 344 360 371 
371 371 371 371 
371 371 371 371 
371 371 382 382 
383 383 382 382 
393 383 393 382 
393 396 393 396 
393 396 396 396 
404 404 396 396 
404 404 404 396 
404 411 404 411 
404 411 411 411 
413 413 411 411 
413 413 413 411 
413 426 426 411 
413 426 426 426 
427 426 427 426 
427 426 427 427 
438 426 438 427 
438 426 438 438 
438 447 438 447 
438 447 451 451 
452 447 452 451 
461 461 452 451 
461 461 466 466 
466 461 466 466 
474 474 466 466 
474 474 466 474 
487 487 466 474 
487 487 466 487 
487 487 487 487 
487 499 487 499 
487 500 500 499 
505 505 500 499 
505 517 517 499 
505 517 517 505 
517 517 517 505 
517 517 517 517 
517 528 528 517 
532 528 528 532 
532 532 528 532 
532 532 532 532 
532 544 544 532 
547 544 544 547 
556 556 544 547 
556 556 556 547 
556 556 556 556 
556 567 567 556 
574 574 567 556 
574 574 567 574 
574 574 580 580 
574 580 580 580 
583 583 580 580 
583 583 580 583 
594 594 580 583 
606 606 580 583 
606 606 591 591 
606 606 604 604 
606 606 604 606 
618 618 604 606 
618 618 604 618 
618 618 627 627 
618 630 630 627 
618 630 630 630 
636 630 630 636 
636 630 641 641 
636 641 641 641 
651 651 641 641 
651 651 641 651 
651 654 654 651 
651 654 654 654 
666 654 654 666 
666 666 666 666 
666 678 678 666 
666 678 678 678 
694 694 678 678 
694 697 697 678 
697 697 697 678 
697 697 697 697 
697 697 697 697 
697 697 697 697 
709 697 697 709 
709 709 697 709 
709 709 709 709 
721 709 709 721 
721 731 731 721 
739 731 731 739 
739 739 731 739 
739 746 746 739 
750 746 746 750 
761 746 746 761 
761 761 761 761 
771 761 761 771 
771 761 771 771 
771 779 771 779 
783 779 771 783 
783 779 785 785 
783 792 785 792 
795 792 785 795 
795 792 803 803 
795 810 803 810 
813 813 803 810 
813 813 803 813 
813 813 814 814 
824 824 814 814 
824 824 814 824 
824 824 827 827 
835 835 827 827 
835 835 827 835 
840 835 840 835 
848 835 840 848 
848 835 848 848 
848 848 848 848 
858 848 848 858 
858 848 861 861 
858 865 861 865 
873 865 873 865 
877 877 873 865 
877 877 884 884 
889 889 884 884 
889 889 897 897 
907 907 897 897 
909 907 909 897 
918 918 909 897 
918 920 909 920 
918 931 909 931 
921 931 921 931 
942 931 942 931 
942 931 942 942 
942 949 942 949 
952 952 942 949 
957 952 957 949 
957 952 957 957 
957 952 957 957 
964 964 957 957 
964 968 957 968 
964 968 968 968 
964 979 968 979 
982 979 982 979 
991 991 982 979 
991 991 982 982 
991 991 1000 1000 
1002 991 1002 1000 
1002 1002 1002 1000 
1002 1011 1002 1011 
1015 1011 1015 1011 
1015 1011 1015 1015 
1024 1024 1015 1015 
1024 1024 1015 1024 
1035 1035 1015 1024 
1035 1039 1039 1024 
1046 1039 1039 1046 
1046 1052 1052 1046 
1057 1057 1052 1046 
1068 1068 1052 1046 
1068 1068 1068 1046 
1068 1081 1081 1046 
1068 1084 1081 1084 
1068 1084 1084 1084 
1097 1097 1084 1084 
1097 1097 1108 1108 
1097 1108 1108 1108 
1097 1121 1108 1121 
1129 1121 1129 1121 
1144 1121 1144 1121 
1144 1139 1144 1139 
1144 1139 1165 1165 
1144 1174 1174 1165 
1185 1174 1185 1165 
1185 1185 1185 1165 
1185 1197 1197 1165 
1204 1197 1197 1204 
1209 1197 1209 1204 
1209 1217 1217 1204 
1245.0 1235.0 1243.0 1204.0 
;
EXECUTION TIME HBSS: 1272.11560893 seconds 

-------------------------------------------------------------------
