DATFILE : bwopen0_3r_500.dat
ENVIRONMENT : bwopen
ALGORITHM : KUMAR3
RANGE : 500
STARTING_POS : 0
N_ROBOTS : 3
KUMAR3 T / cardinality : 1897.0
CONFIGURATIONS :
0 0 0 
0 4 26 
0 22 5 
4 8 5 
26 8 22 
4 13 22 
26 13 5 
0 8 1 
0 13 27 
4 17 27 
22 25 27 
5 18 27 
26 14 27 
4 14 1 
26 18 1 
5 25 1 
5 14 2 
22 15 2 
26 10 2 
4 24 2 
0 6 2 
1 11 2 
1 24 6 
1 10 21 
1 15 3 
27 10 3 
27 15 21 
9 10 6 
9 15 24 
10 14 24 
15 14 6 
14 9 21 
15 10 7 
9 11 3 
24 11 21 
6 11 7 
21 6 3 
7 24 3 
12 9 7 
16 10 12 
23 15 12 
20 15 16 
20 10 23 
19 24 16 
19 6 12 
20 21 12 
23 21 16 
19 7 20 
18 6 20 
18 24 23 
25 24 20 
13 10 19 
17 15 19 
25 14 19 
18 9 19 
17 10 18 
13 15 18 
8 10 25 
8 24 13 
22 24 17 
4 6 25 
22 11 14 
5 11 15 
26 11 25 
0 9 17 
1 9 13 
27 9 8 
14 18 8 
14 17 13 
2 8 19 
21 5 19 
11 27 19 
12 27 24 
7 27 2 
12 2 3 
7 2 21 
16 3 6 
23 3 6 
20 3 11 
23 7 11 
16 7 11 
12 11 10 
16 9 14 
23 9 14 
20 9 14 
19 22 9 
18 4 9 
25 26 9 
17 5 9 
17 26 24 
25 0 10 
25 4 15 
18 22 10 
17 8 15 
25 13 18 
5 4 10 
5 0 24 
5 26 6 
1 22 6 
27 8 6 
1 27 20 
2 9 19 
1 11 18 
0 11 14 
26 6 15 
0 19 23 
17 25 12 
0 0 0 
;

MOVING ROBOT :
0 0 0 
0 1 1 
0 1 1 
1 1 0 
1 0 1 
1 1 0 
1 0 1 
1 1 1 
0 1 1 
1 1 0 
1 1 0 
1 1 0 
1 1 0 
1 0 1 
1 1 0 
1 1 0 
0 1 1 
1 1 0 
1 1 0 
1 1 0 
1 1 0 
1 1 0 
0 1 1 
0 1 1 
0 1 1 
1 1 0 
0 1 1 
1 1 1 
0 1 1 
1 1 0 
1 0 1 
1 1 1 
1 1 1 
1 1 1 
1 0 1 
1 0 1 
1 1 1 
1 1 0 
1 1 1 
1 1 1 
1 1 0 
1 0 1 
0 1 1 
1 1 1 
0 1 1 
1 1 0 
1 0 1 
1 1 1 
1 1 0 
0 1 1 
1 0 1 
1 1 1 
1 1 0 
1 1 0 
1 1 0 
1 1 1 
1 1 0 
1 1 1 
0 1 1 
1 0 1 
1 1 1 
1 1 1 
1 0 1 
1 0 1 
1 1 1 
1 0 1 
1 0 1 
1 1 0 
0 1 1 
1 1 1 
1 1 0 
1 1 0 
1 0 1 
1 0 1 
1 1 1 
1 0 1 
1 1 1 
1 0 0 
1 0 1 
1 1 0 
1 0 0 
1 1 1 
1 1 1 
1 0 0 
1 0 0 
1 1 1 
1 1 0 
1 1 0 
1 1 0 
0 1 1 
1 1 1 
0 1 1 
1 1 1 
1 1 1 
1 1 1 
1 1 1 
0 1 1 
0 1 1 
1 1 0 
1 1 0 
1 1 1 
1 1 1 
1 1 1 
1 0 1 
1 1 1 
1 1 1 
1 1 1 
1 1 1 
;
MEASURING ROBOT :
0 0 0 
1 1 1 
1 1 1 
1 1 1 
1 1 1 
1 1 1 
1 1 1 
1 1 1 
1 1 1 
1 1 1 
1 1 1 
1 1 1 
1 1 1 
1 1 1 
1 1 1 
1 1 1 
1 1 1 
1 1 1 
1 1 1 
1 1 1 
1 1 1 
1 1 1 
1 1 1 
1 1 1 
1 1 1 
1 1 1 
1 1 1 
1 1 1 
1 1 1 
1 1 1 
1 1 1 
1 1 1 
1 1 1 
1 1 1 
1 1 1 
1 1 1 
1 1 1 
1 1 1 
1 1 1 
1 1 1 
1 1 1 
1 1 1 
1 1 1 
1 1 1 
1 1 1 
1 1 1 
1 1 1 
1 1 1 
1 1 1 
1 1 1 
1 1 1 
1 1 1 
1 1 1 
1 1 1 
1 1 1 
1 1 1 
1 1 1 
1 1 1 
1 1 1 
1 1 1 
1 1 1 
1 1 1 
1 1 1 
1 1 1 
1 1 1 
1 1 1 
1 1 1 
1 1 1 
1 1 1 
1 1 1 
1 1 1 
1 1 1 
1 1 1 
1 1 1 
1 1 1 
1 1 1 
1 1 1 
1 1 1 
1 1 1 
1 1 1 
1 1 1 
1 1 1 
1 1 1 
1 1 1 
1 1 1 
1 1 1 
1 1 1 
1 1 1 
1 1 1 
1 1 1 
1 1 1 
1 1 1 
1 1 1 
1 1 1 
1 1 1 
1 1 1 
1 1 1 
1 1 1 
1 1 1 
1 1 1 
1 1 1 
1 1 0 
0 1 1 
1 0 1 
1 0 1 
0 1 1 
1 1 0 
0 0 0 
;
TIMETABLE : 
0 0 0 
17.0 17.0 17.0 
29.0 29.0 29.0 
43.0 43.0 43.0 
55.0 55.0 55.0 
68.0 68.0 68.0 
80.0 80.0 80.0 
98.0 98.0 98.0 
113.0 113.0 113.0 
127.0 127.0 127.0 
139.0 139.0 139.0 
152.0 152.0 152.0 
163.0 163.0 163.0 
178.0 178.0 178.0 
189.0 189.0 189.0 
202.0 202.0 202.0 
222.0 222.0 222.0 
235.0 235.0 235.0 
246.0 246.0 246.0 
259.0 259.0 259.0 
273.0 273.0 273.0 
291.0 291.0 291.0 
309.0 309.0 309.0 
322.0 322.0 322.0 
334.0 334.0 334.0 
349.0 349.0 349.0 
361.0 361.0 361.0 
376.0 376.0 376.0 
389.0 389.0 389.0 
403.0 403.0 403.0 
416.0 416.0 416.0 
432.0 432.0 432.0 
446.0 446.0 446.0 
467.0 467.0 467.0 
482.0 482.0 482.0 
495.0 495.0 495.0 
512.0 512.0 512.0 
525.0 525.0 525.0 
543.0 543.0 543.0 
561.0 561.0 561.0 
572.0 572.0 572.0 
583.0 583.0 583.0 
594.0 594.0 594.0 
607.0 607.0 607.0 
620.0 620.0 620.0 
633.0 633.0 633.0 
644.0 644.0 644.0 
667.0 667.0 667.0 
687.0 687.0 687.0 
700.0 700.0 700.0 
713.0 713.0 713.0 
726.0 726.0 726.0 
737.0 737.0 737.0 
750.0 750.0 750.0 
766.0 766.0 766.0 
786.0 786.0 786.0 
797.0 797.0 797.0 
810.0 810.0 810.0 
823.0 823.0 823.0 
835.0 835.0 835.0 
848.0 848.0 848.0 
865.0 865.0 865.0 
878.0 878.0 878.0 
901.0 901.0 901.0 
926.0 926.0 926.0 
944.0 944.0 944.0 
959.0 959.0 959.0 
990.0 990.0 990.0 
1007.0 1007.0 1007.0 
1057.0 1057.0 1057.0 
1083.0 1083.0 1083.0 
1104.0 1104.0 1104.0 
1142.0 1142.0 1142.0 
1161.0 1161.0 1161.0 
1183.0 1183.0 1183.0 
1201.0 1201.0 1201.0 
1228.0 1228.0 1228.0 
1239.0 1239.0 1239.0 
1256.0 1256.0 1256.0 
1272.0 1272.0 1272.0 
1283.0 1283.0 1283.0 
1308.0 1308.0 1308.0 
1333.0 1333.0 1333.0 
1344.0 1344.0 1344.0 
1354.0 1354.0 1354.0 
1378.0 1378.0 1378.0 
1398.0 1398.0 1398.0 
1411.0 1411.0 1411.0 
1423.0 1423.0 1423.0 
1438.0 1438.0 1438.0 
1455.0 1455.0 1455.0 
1469.0 1469.0 1469.0 
1482.0 1482.0 1482.0 
1499.0 1499.0 1499.0 
1517.0 1517.0 1517.0 
1553.0 1553.0 1553.0 
1567.0 1567.0 1567.0 
1584.0 1584.0 1584.0 
1602.0 1602.0 1602.0 
1617.0 1617.0 1617.0 
1667.0 1667.0 1667.0 
1687.0 1687.0 1680.0 
1707.0 1712.0 1712.0 
1725.0 1712.0 1725.0 
1742.0 1729.0 1742.0 
1759.0 1783.0 1783.0 
1816.0 1816.0 1805.0 
1866.0 1868.0 1897.0 
;
EXECUTION TIME KUMAR3: 33.0200350285 seconds

-------------------------------------------------------------------
DATFILE : bwopen0_3r_500.dat
ENVIRONMENT : bwopen
ALGORITHM : KUMAR3
RANGE : 500
STARTING_POS : 0
N_ROBOTS : 3
KUMAR3 T / heuristic : 1897.0
CONFIGURATIONS :
0 0 0 
0 4 26 
0 22 5 
4 8 5 
26 8 22 
4 13 22 
26 13 5 
0 8 1 
0 13 27 
4 17 27 
22 25 27 
5 18 27 
26 14 27 
4 14 1 
26 18 1 
5 25 1 
5 14 2 
22 15 2 
26 10 2 
4 24 2 
0 6 2 
1 11 2 
1 24 6 
1 10 21 
1 15 3 
27 10 3 
27 15 21 
9 10 6 
9 15 24 
10 14 24 
15 14 6 
14 9 21 
15 10 7 
9 11 3 
24 11 21 
6 11 7 
21 6 3 
7 24 3 
12 9 7 
16 10 12 
23 15 12 
20 15 16 
20 10 23 
19 24 16 
19 6 12 
20 21 12 
23 21 16 
19 7 20 
18 6 20 
18 24 23 
25 24 20 
13 10 19 
17 15 19 
25 14 19 
18 9 19 
17 10 18 
13 15 18 
8 10 25 
8 24 13 
22 24 17 
4 6 25 
22 11 14 
5 11 15 
26 11 25 
0 9 17 
1 9 13 
27 9 8 
14 18 8 
14 17 13 
2 8 19 
21 5 19 
11 27 19 
12 27 24 
7 27 2 
12 2 3 
7 2 21 
16 3 6 
23 3 6 
20 3 11 
23 7 11 
16 7 11 
12 11 10 
16 9 14 
23 9 14 
20 9 14 
19 22 9 
18 4 9 
25 26 9 
17 5 9 
17 26 24 
25 0 10 
25 4 15 
18 22 10 
17 8 15 
25 13 18 
5 4 10 
5 0 24 
5 26 6 
1 22 6 
27 8 6 
1 27 20 
2 9 19 
1 11 18 
0 11 14 
26 6 15 
0 19 23 
17 25 12 
0 0 0 
;

MOVING ROBOT :
0 0 0 
0 1 1 
0 1 1 
1 1 0 
1 0 1 
1 1 0 
1 0 1 
1 1 1 
0 1 1 
1 1 0 
1 1 0 
1 1 0 
1 1 0 
1 0 1 
1 1 0 
1 1 0 
0 1 1 
1 1 0 
1 1 0 
1 1 0 
1 1 0 
1 1 0 
0 1 1 
0 1 1 
0 1 1 
1 1 0 
0 1 1 
1 1 1 
0 1 1 
1 1 0 
1 0 1 
1 1 1 
1 1 1 
1 1 1 
1 0 1 
1 0 1 
1 1 1 
1 1 0 
1 1 1 
1 1 1 
1 1 0 
1 0 1 
0 1 1 
1 1 1 
0 1 1 
1 1 0 
1 0 1 
1 1 1 
1 1 0 
0 1 1 
1 0 1 
1 1 1 
1 1 0 
1 1 0 
1 1 0 
1 1 1 
1 1 0 
1 1 1 
0 1 1 
1 0 1 
1 1 1 
1 1 1 
1 0 1 
1 0 1 
1 1 1 
1 0 1 
1 0 1 
1 1 0 
0 1 1 
1 1 1 
1 1 0 
1 1 0 
1 0 1 
1 0 1 
1 1 1 
1 0 1 
1 1 1 
1 0 0 
1 0 1 
1 1 0 
1 0 0 
1 1 1 
1 1 1 
1 0 0 
1 0 0 
1 1 1 
1 1 0 
1 1 0 
1 1 0 
0 1 1 
1 1 1 
0 1 1 
1 1 1 
1 1 1 
1 1 1 
1 1 1 
0 1 1 
0 1 1 
1 1 0 
1 1 0 
1 1 1 
1 1 1 
1 1 1 
1 0 1 
1 1 1 
1 1 1 
1 1 1 
1 1 1 
;
MEASURING ROBOT :
0 0 0 
1 1 1 
1 1 1 
1 1 1 
1 1 1 
1 1 1 
1 1 1 
1 1 1 
1 1 1 
1 1 1 
1 1 1 
1 1 1 
1 1 1 
1 1 1 
1 1 1 
1 1 1 
1 1 1 
1 1 1 
1 1 1 
1 1 1 
1 1 1 
1 1 1 
1 1 1 
1 1 1 
1 1 1 
1 1 1 
1 1 1 
1 1 1 
1 1 1 
1 1 1 
1 1 1 
1 1 1 
1 1 1 
1 1 1 
1 1 1 
1 1 1 
1 1 1 
1 1 1 
1 1 1 
1 1 1 
1 1 1 
1 1 1 
1 1 1 
1 1 1 
1 1 1 
1 1 1 
1 1 1 
1 1 1 
1 1 1 
1 1 1 
1 1 1 
1 1 1 
1 1 1 
1 1 1 
1 1 1 
1 1 1 
1 1 1 
1 1 1 
1 1 1 
1 1 1 
1 1 1 
1 1 1 
1 1 1 
1 1 1 
1 1 1 
1 1 1 
1 1 1 
1 1 1 
1 1 1 
1 1 1 
1 1 1 
1 1 1 
1 1 1 
1 1 1 
1 1 1 
1 1 1 
1 1 1 
1 1 1 
1 1 1 
1 1 1 
1 1 1 
1 1 1 
1 1 1 
1 1 1 
1 1 1 
1 1 1 
1 1 1 
1 1 1 
1 1 1 
1 1 1 
1 1 1 
1 1 1 
1 1 1 
1 1 1 
1 1 1 
1 1 1 
1 1 1 
1 1 1 
1 1 1 
1 1 1 
1 1 1 
1 1 0 
0 1 1 
1 0 1 
1 0 1 
0 1 1 
1 1 0 
0 0 0 
;
TIMETABLE : 
0 0 0 
17.0 17.0 17.0 
29.0 29.0 29.0 
43.0 43.0 43.0 
55.0 55.0 55.0 
68.0 68.0 68.0 
80.0 80.0 80.0 
98.0 98.0 98.0 
113.0 113.0 113.0 
127.0 127.0 127.0 
139.0 139.0 139.0 
152.0 152.0 152.0 
163.0 163.0 163.0 
178.0 178.0 178.0 
189.0 189.0 189.0 
202.0 202.0 202.0 
222.0 222.0 222.0 
235.0 235.0 235.0 
246.0 246.0 246.0 
259.0 259.0 259.0 
273.0 273.0 273.0 
291.0 291.0 291.0 
309.0 309.0 309.0 
322.0 322.0 322.0 
334.0 334.0 334.0 
349.0 349.0 349.0 
361.0 361.0 361.0 
376.0 376.0 376.0 
389.0 389.0 389.0 
403.0 403.0 403.0 
416.0 416.0 416.0 
432.0 432.0 432.0 
446.0 446.0 446.0 
467.0 467.0 467.0 
482.0 482.0 482.0 
495.0 495.0 495.0 
512.0 512.0 512.0 
525.0 525.0 525.0 
543.0 543.0 543.0 
561.0 561.0 561.0 
572.0 572.0 572.0 
583.0 583.0 583.0 
594.0 594.0 594.0 
607.0 607.0 607.0 
620.0 620.0 620.0 
633.0 633.0 633.0 
644.0 644.0 644.0 
667.0 667.0 667.0 
687.0 687.0 687.0 
700.0 700.0 700.0 
713.0 713.0 713.0 
726.0 726.0 726.0 
737.0 737.0 737.0 
750.0 750.0 750.0 
766.0 766.0 766.0 
786.0 786.0 786.0 
797.0 797.0 797.0 
810.0 810.0 810.0 
823.0 823.0 823.0 
835.0 835.0 835.0 
848.0 848.0 848.0 
865.0 865.0 865.0 
878.0 878.0 878.0 
901.0 901.0 901.0 
926.0 926.0 926.0 
944.0 944.0 944.0 
959.0 959.0 959.0 
990.0 990.0 990.0 
1007.0 1007.0 1007.0 
1057.0 1057.0 1057.0 
1083.0 1083.0 1083.0 
1104.0 1104.0 1104.0 
1142.0 1142.0 1142.0 
1161.0 1161.0 1161.0 
1183.0 1183.0 1183.0 
1201.0 1201.0 1201.0 
1228.0 1228.0 1228.0 
1239.0 1239.0 1239.0 
1256.0 1256.0 1256.0 
1272.0 1272.0 1272.0 
1283.0 1283.0 1283.0 
1308.0 1308.0 1308.0 
1333.0 1333.0 1333.0 
1344.0 1344.0 1344.0 
1354.0 1354.0 1354.0 
1378.0 1378.0 1378.0 
1398.0 1398.0 1398.0 
1411.0 1411.0 1411.0 
1423.0 1423.0 1423.0 
1438.0 1438.0 1438.0 
1455.0 1455.0 1455.0 
1469.0 1469.0 1469.0 
1482.0 1482.0 1482.0 
1499.0 1499.0 1499.0 
1517.0 1517.0 1517.0 
1553.0 1553.0 1553.0 
1567.0 1567.0 1567.0 
1584.0 1584.0 1584.0 
1602.0 1602.0 1602.0 
1617.0 1617.0 1617.0 
1667.0 1667.0 1667.0 
1687.0 1687.0 1680.0 
1707.0 1712.0 1712.0 
1725.0 1712.0 1725.0 
1742.0 1729.0 1742.0 
1759.0 1783.0 1783.0 
1816.0 1816.0 1805.0 
1866.0 1868.0 1897.0 
;
EXECUTION TIME KUMAR3: 33.4629719257 seconds

-------------------------------------------------------------------
DATFILE : bwopen0_3r_500.dat
ENVIRONMENT : bwopen
ALGORITHM : KUMAR3
RANGE : 500
STARTING_POS : 0
N_ROBOTS : 3
KUMAR3 T / objective : 2333.0
CONFIGURATIONS :
0 0 0 
0 3 4 
0 3 26 
0 3 5 
0 3 22 
0 3 8 
0 3 13 
0 2 13 
0 2 17 
0 2 25 
0 6 25 
0 6 18 
4 6 18 
4 6 14 
26 6 14 
5 6 14 
5 6 18 
5 21 18 
26 21 18 
5 11 18 
26 11 18 
26 11 14 
22 11 14 
22 11 18 
22 6 18 
22 6 25 
22 24 25 
26 24 25 
5 24 25 
5 24 17 
26 24 17 
26 10 17 
5 10 17 
5 10 13 
26 10 13 
26 15 13 
5 15 13 
5 15 17 
22 15 17 
22 10 13 
4 10 13 
4 10 17 
4 15 17 
4 10 25 
4 15 25 
8 15 25 
8 10 25 
8 10 17 
8 10 13 
8 24 13 
13 6 8 
8 6 22 
13 2 22 
13 2 26 
13 2 5 
8 2 5 
8 2 26 
8 27 5 
8 27 26 
22 27 26 
22 27 5 
22 1 5 
22 1 26 
8 1 26 
8 1 4 
22 1 4 
13 5 4 
13 26 4 
13 5 26 
8 1 0 
13 1 0 
25 1 0 
18 1 0 
18 1 8 
14 1 8 
15 1 8 
10 1 4 
10 1 0 
10 27 0 
15 27 0 
15 27 4 
14 27 4 
14 27 0 
14 9 0 
18 9 0 
18 9 4 
25 9 4 
25 9 26 
25 9 5 
17 9 5 
17 9 22 
13 9 22 
13 9 8 
17 9 13 
17 27 8 
13 27 8 
25 27 8 
25 27 13 
25 27 17 
18 1 13 
18 27 13 
18 27 17 
14 1 13 
14 1 17 
14 2 17 
14 2 25 
18 2 25 
18 24 25 
14 24 13 
15 6 8 
10 6 8 
10 21 4 
15 21 0 
15 21 1 
14 21 1 
14 3 1 
15 3 1 
10 3 1 
10 3 27 
24 3 27 
24 21 27 
24 6 27 
6 21 27 
6 21 9 
6 3 9 
21 3 9 
7 3 9 
7 21 9 
7 21 10 
7 6 10 
7 6 15 
7 24 10 
7 24 15 
12 24 15 
12 24 10 
12 6 10 
16 6 10 
23 6 10 
20 6 10 
20 6 15 
20 21 15 
23 21 10 
16 21 10 
16 21 15 
12 21 10 
12 3 10 
12 3 9 
16 3 9 
23 3 9 
20 3 9 
19 3 9 
19 21 9 
19 6 9 
19 6 10 
19 6 15 
19 24 15 
19 6 14 
19 6 18 
19 11 18 
19 11 25 
19 11 17 
19 6 13 
19 2 13 
19 2 8 
19 2 22 
19 27 22 
19 27 5 
20 27 5 
20 27 1 
19 9 1 
18 10 1 
18 10 2 
14 10 2 
14 15 2 
18 15 2 
18 14 1 
14 9 2 
15 9 2 
10 9 2 
15 9 24 
15 9 10 
13 11 15 
13 11 10 
13 11 24 
8 11 6 
4 11 21 
4 11 3 
0 11 7 
1 11 7 
1 11 12 
27 11 12 
27 11 16 
9 11 16 
9 11 23 
24 11 23 
24 6 20 
6 11 20 
2 11 19 
2 6 19 
2 21 10 
2 3 10 
2 3 24 
2 7 6 
2 12 6 
2 12 7 
2 16 7 
24 16 7 
24 16 12 
2 23 12 
2 20 12 
1 20 16 
1 23 16 
0 20 23 
0 19 16 
0 19 12 
0 19 7 
27 19 7 
27 20 7 
1 23 7 
1 16 6 
1 12 24 
27 7 9 
1 16 14 
1 23 14 
0 20 14 
0 20 18 
0 23 18 
0 20 25 
0 23 15 
0 12 24 
4 12 24 
4 3 2 
0 2 1 
0 2 27 
0 20 19 
0 23 19 
0 0 0 
;

MOVING ROBOT :
0 0 0 
0 1 1 
0 0 1 
0 0 1 
0 0 1 
0 0 1 
0 0 1 
0 1 0 
0 0 1 
0 0 1 
0 1 0 
0 0 1 
1 0 0 
0 0 1 
1 0 0 
1 0 0 
0 0 1 
0 1 0 
1 0 0 
1 1 0 
1 0 0 
0 0 1 
1 0 0 
0 0 1 
0 1 0 
0 0 1 
0 1 0 
1 0 0 
1 0 0 
0 0 1 
1 0 0 
0 1 0 
1 0 0 
0 0 1 
1 0 0 
0 1 0 
1 0 0 
0 0 1 
1 0 0 
0 1 1 
1 0 0 
0 0 1 
0 1 0 
0 1 1 
0 1 0 
1 0 0 
0 1 0 
0 0 1 
0 0 1 
0 1 0 
1 1 1 
1 0 1 
1 1 0 
0 0 1 
0 0 1 
1 0 0 
0 0 1 
0 1 1 
0 0 1 
1 0 0 
0 0 1 
0 1 0 
0 0 1 
1 0 0 
0 0 1 
1 0 0 
1 1 0 
0 1 0 
0 1 1 
1 1 1 
1 0 0 
1 0 0 
1 0 0 
0 0 1 
1 0 0 
1 0 0 
1 0 1 
0 0 1 
0 1 0 
1 0 0 
0 0 1 
1 0 0 
0 0 1 
0 1 0 
1 0 0 
0 0 1 
1 0 0 
0 0 1 
0 0 1 
1 0 0 
0 0 1 
1 0 0 
0 0 1 
1 0 1 
0 1 1 
1 0 0 
1 0 0 
0 0 1 
0 0 1 
1 1 1 
0 1 0 
0 0 1 
1 1 1 
0 0 1 
0 1 0 
0 0 1 
1 0 0 
0 1 0 
1 0 1 
1 1 1 
1 0 0 
0 1 1 
1 0 1 
0 0 1 
1 0 0 
0 1 0 
1 0 0 
1 0 0 
0 0 1 
1 0 0 
0 1 0 
0 1 0 
1 1 0 
0 0 1 
0 1 0 
1 0 0 
1 0 0 
0 1 0 
0 0 1 
0 1 0 
0 0 1 
0 1 1 
0 0 1 
1 0 0 
0 0 1 
0 1 0 
1 0 0 
1 0 0 
1 0 0 
0 0 1 
0 1 0 
1 0 1 
1 0 0 
0 0 1 
1 0 1 
0 1 0 
0 0 1 
1 0 0 
1 0 0 
1 0 0 
1 0 0 
0 1 0 
0 1 0 
0 0 1 
0 0 1 
0 1 0 
0 1 1 
0 0 1 
0 1 0 
0 0 1 
0 0 1 
0 1 1 
0 1 0 
0 0 1 
0 0 1 
0 1 0 
0 0 1 
1 0 0 
0 0 1 
1 1 0 
1 1 0 
0 0 1 
1 0 0 
0 1 0 
1 0 0 
0 1 1 
1 1 1 
1 0 0 
1 0 0 
1 0 1 
0 0 1 
1 1 1 
0 0 1 
0 0 1 
1 0 1 
1 0 1 
0 0 1 
1 0 1 
1 0 0 
0 0 1 
1 0 0 
0 0 1 
1 0 0 
0 0 1 
1 0 0 
0 1 1 
1 1 0 
1 0 1 
0 1 0 
0 1 1 
0 1 0 
0 0 1 
0 1 1 
0 1 0 
0 0 1 
0 1 0 
1 0 0 
0 0 1 
1 1 0 
0 1 0 
1 0 1 
0 1 0 
1 1 1 
0 1 1 
0 0 1 
0 0 1 
1 0 0 
0 1 0 
1 1 0 
0 1 1 
0 1 1 
1 1 1 
1 1 1 
0 1 0 
1 1 0 
0 0 1 
0 1 0 
0 1 1 
0 1 1 
0 1 1 
1 0 0 
0 1 1 
1 1 1 
0 0 1 
0 1 1 
0 1 0 
0 1 1 
;
MEASURING ROBOT :
0 0 0 
1 0 1 
1 0 1 
1 0 1 
1 0 1 
1 0 1 
1 0 1 
1 1 0 
1 0 1 
1 0 1 
1 1 1 
0 1 1 
1 1 1 
1 1 1 
1 1 1 
1 1 1 
1 0 1 
1 1 0 
1 0 1 
1 1 1 
1 1 0 
0 1 1 
1 1 1 
1 0 1 
1 1 0 
1 0 1 
1 1 1 
1 1 1 
1 1 1 
1 1 1 
1 0 1 
1 1 1 
1 1 0 
1 1 1 
1 0 1 
1 1 1 
1 1 0 
0 1 1 
1 1 1 
1 1 1 
1 1 1 
1 0 1 
1 1 0 
1 1 1 
0 1 1 
1 1 1 
1 1 0 
1 0 1 
1 0 1 
1 1 1 
0 1 1 
1 0 1 
0 1 1 
0 1 1 
0 1 1 
1 1 1 
1 0 1 
1 1 1 
0 1 1 
1 1 1 
1 0 1 
1 1 1 
0 1 1 
1 1 0 
1 1 1 
1 0 1 
0 1 1 
0 1 1 
0 1 1 
0 1 1 
1 1 0 
1 1 0 
1 1 0 
1 0 1 
1 1 1 
1 1 0 
1 1 0 
1 0 1 
1 1 1 
1 1 0 
0 1 1 
1 1 0 
1 0 1 
1 1 1 
1 1 0 
0 1 1 
1 1 0 
0 1 1 
0 1 1 
1 1 0 
0 1 1 
1 1 0 
0 1 1 
1 0 1 
1 1 0 
1 1 0 
1 1 0 
1 0 1 
1 0 1 
1 0 1 
1 1 0 
1 0 1 
1 0 1 
1 0 1 
1 1 0 
1 0 1 
1 0 1 
1 1 0 
1 1 0 
1 1 0 
1 1 0 
1 1 0 
1 1 0 
0 1 1 
1 1 0 
0 1 1 
1 1 0 
1 1 0 
0 1 1 
1 1 1 
1 1 1 
1 1 1 
1 1 0 
1 1 1 
1 1 1 
1 1 0 
1 1 1 
1 1 0 
1 0 1 
1 1 0 
1 0 1 
1 1 1 
0 1 1 
1 1 1 
1 0 1 
1 1 0 
1 1 1 
1 1 1 
1 1 1 
1 0 1 
1 1 0 
1 1 0 
1 1 0 
1 0 1 
1 1 0 
1 1 0 
1 0 1 
1 1 1 
1 1 1 
1 1 1 
1 0 1 
1 1 0 
1 1 0 
1 0 1 
1 0 1 
1 1 0 
1 0 1 
1 0 1 
1 1 0 
1 1 1 
1 0 1 
1 0 1 
1 1 0 
1 0 1 
1 0 1 
1 1 0 
1 0 1 
1 1 0 
0 1 1 
0 1 1 
1 1 0 
0 1 1 
1 1 0 
1 1 1 
1 1 0 
1 1 0 
0 1 1 
1 1 0 
1 1 0 
0 1 1 
1 0 1 
0 1 1 
0 1 1 
0 1 1 
0 1 1 
0 1 1 
0 1 1 
0 1 1 
1 1 0 
0 1 1 
1 1 1 
0 1 1 
1 1 0 
0 1 1 
1 0 1 
1 0 1 
0 1 1 
1 1 0 
1 1 0 
1 1 0 
1 1 0 
1 0 1 
1 1 0 
1 1 0 
0 1 1 
0 1 1 
1 1 0 
0 1 1 
0 1 1 
0 1 1 
0 1 1 
0 1 1 
0 1 1 
0 1 1 
0 1 1 
0 1 1 
1 0 1 
0 1 1 
0 1 1 
1 0 1 
1 0 1 
1 0 1 
0 1 1 
0 1 1 
0 1 1 
0 1 1 
0 1 1 
0 1 1 
0 1 1 
1 0 1 
1 0 1 
1 0 1 
0 1 1 
0 1 1 
0 1 1 
0 1 1 
0 0 0 
;
TIMETABLE : 
0 0 0 
14.0 58.0 14.0 
25.0 58.0 25.0 
34.0 58.0 34.0 
46.0 58.0 46.0 
58.0 58.0 58.0 
71.0 58.0 71.0 
80.0 80.0 71.0 
82.0 80.0 82.0 
94.0 80.0 94.0 
98.0 98.0 98.0 
98.0 111.0 111.0 
112.0 112.0 112.0 
123.0 123.0 123.0 
134.0 134.0 134.0 
143.0 143.0 143.0 
154.0 143.0 154.0 
155.0 155.0 154.0 
164.0 155.0 164.0 
174.0 174.0 174.0 
183.0 183.0 174.0 
183.0 185.0 185.0 
194.0 194.0 194.0 
205.0 194.0 205.0 
211.0 211.0 205.0 
218.0 211.0 218.0 
224.0 224.0 224.0 
235.0 235.0 235.0 
244.0 244.0 244.0 
256.0 256.0 256.0 
265.0 256.0 265.0 
269.0 269.0 269.0 
278.0 278.0 269.0 
280.0 280.0 280.0 
289.0 280.0 289.0 
291.0 291.0 291.0 
300.0 300.0 291.0 
300.0 302.0 302.0 
312.0 312.0 312.0 
323.0 323.0 323.0 
335.0 335.0 335.0 
346.0 335.0 346.0 
346.0 346.0 346.0 
358.0 358.0 358.0 
358.0 369.0 369.0 
372.0 372.0 372.0 
383.0 383.0 372.0 
384.0 383.0 384.0 
395.0 383.0 395.0 
396.0 396.0 396.0 
409.0 409.0 409.0 
422.0 409.0 422.0 
435.0 427.0 427.0 
435.0 438.0 438.0 
435.0 447.0 447.0 
448.0 448.0 448.0 
457.0 448.0 457.0 
467.0 467.0 467.0 
467.0 476.0 476.0 
479.0 479.0 479.0 
488.0 479.0 488.0 
494.0 494.0 494.0 
494.0 503.0 503.0 
506.0 506.0 503.0 
514.0 514.0 514.0 
526.0 514.0 526.0 
545.0 532.0 532.0 
545.0 541.0 541.0 
545.0 552.0 552.0 
558.0 570.0 570.0 
571.0 571.0 570.0 
584.0 584.0 570.0 
597.0 597.0 570.0 
597.0 597.0 597.0 
608.0 608.0 608.0 
621.0 621.0 608.0 
632.0 632.0 622.0 
636.0 632.0 636.0 
647.0 647.0 647.0 
658.0 658.0 647.0 
658.0 661.0 661.0 
671.0 671.0 661.0 
675.0 671.0 675.0 
686.0 686.0 686.0 
697.0 697.0 686.0 
697.0 700.0 700.0 
710.0 710.0 700.0 
710.0 711.0 711.0 
710.0 720.0 720.0 
722.0 722.0 720.0 
722.0 732.0 732.0 
733.0 733.0 732.0 
733.0 744.0 744.0 
757.0 744.0 757.0 
759.0 759.0 770.0 
770.0 770.0 770.0 
783.0 783.0 770.0 
783.0 783.0 783.0 
794.0 783.0 794.0 
807.0 798.0 807.0 
813.0 813.0 807.0 
818.0 813.0 818.0 
829.0 828.0 829.0 
840.0 828.0 840.0 
848.0 848.0 840.0 
852.0 848.0 852.0 
863.0 848.0 863.0 
867.0 867.0 863.0 
878.0 878.0 876.0 
891.0 891.0 889.0 
902.0 902.0 889.0 
914.0 914.0 903.0 
925.0 925.0 917.0 
925.0 935.0 935.0 
938.0 938.0 935.0 
938.0 950.0 950.0 
951.0 951.0 950.0 
962.0 962.0 950.0 
962.0 965.0 965.0 
975.0 975.0 975.0 
987.0 987.0 987.0 
999.0 999.0 999.0 
1012.0 1012.0 999.0 
1014.0 1014.0 1014.0 
1026.0 1026.0 1026.0 
1038.0 1038.0 1026.0 
1050.0 1050.0 1050.0 
1062.0 1062.0 1050.0 
1064.0 1062.0 1064.0 
1074.0 1074.0 1064.0 
1075.0 1074.0 1075.0 
1087.0 1087.0 1087.0 
1087.0 1098.0 1098.0 
1105.0 1105.0 1105.0 
1116.0 1105.0 1116.0 
1118.0 1118.0 1116.0 
1129.0 1129.0 1129.0 
1140.0 1140.0 1140.0 
1150.0 1150.0 1150.0 
1161.0 1150.0 1161.0 
1162.0 1162.0 1161.0 
1172.0 1172.0 1172.0 
1183.0 1183.0 1172.0 
1183.0 1183.0 1183.0 
1194.0 1194.0 1194.0 
1206.0 1206.0 1194.0 
1208.0 1206.0 1208.0 
1219.0 1219.0 1219.0 
1230.0 1230.0 1230.0 
1240.0 1240.0 1240.0 
1253.0 1240.0 1253.0 
1253.0 1253.0 1253.0 
1265.0 1265.0 1253.0 
1267.0 1265.0 1267.0 
1278.0 1265.0 1278.0 
1278.0 1278.0 1278.0 
1291.0 1291.0 1291.0 
1302.0 1291.0 1302.0 
1308.0 1308.0 1302.0 
1315.0 1315.0 1315.0 
1327.0 1315.0 1327.0 
1338.0 1332.0 1338.0 
1350.0 1350.0 1338.0 
1351.0 1350.0 1351.0 
1363.0 1350.0 1363.0 
1369.0 1369.0 1363.0 
1375.0 1369.0 1375.0 
1388.0 1388.0 1375.0 
1388.0 1393.0 1393.0 
1401.0 1408.0 1408.0 
1422.0 1422.0 1408.0 
1422.0 1428.0 1428.0 
1433.0 1433.0 1428.0 
1444.0 1444.0 1444.0 
1455.0 1455.0 1444.0 
1468.0 1468.0 1464.0 
1479.0 1484.0 1484.0 
1492.0 1492.0 1484.0 
1503.0 1503.0 1484.0 
1514.0 1503.0 1503.0 
1516.0 1503.0 1516.0 
1550.0 1528.0 1528.0 
1550.0 1539.0 1539.0 
1550.0 1552.0 1552.0 
1563.0 1565.0 1565.0 
1577.0 1577.0 1577.0 
1577.0 1589.0 1589.0 
1591.0 1605.0 1605.0 
1609.0 1609.0 1605.0 
1609.0 1623.0 1623.0 
1624.0 1624.0 1624.0 
1624.0 1635.0 1635.0 
1639.0 1639.0 1635.0 
1639.0 1646.0 1646.0 
1654.0 1646.0 1654.0 
1664.0 1663.0 1664.0 
1677.0 1680.0 1680.0 
1695.0 1695.0 1693.0 
1712.0 1712.0 1693.0 
1724.0 1724.0 1724.0 
1736.0 1736.0 1724.0 
1737.0 1736.0 1737.0 
1752.0 1752.0 1750.0 
1770.0 1770.0 1750.0 
1770.0 1770.0 1770.0 
1770.0 1781.0 1781.0 
1789.0 1789.0 1781.0 
1789.0 1799.0 1799.0 
1808.0 1810.0 1810.0 
1808.0 1820.0 1820.0 
1828.0 1831.0 1831.0 
1828.0 1841.0 1841.0 
1846.0 1852.0 1852.0 
1846.0 1865.0 1865.0 
1846.0 1876.0 1876.0 
1846.0 1894.0 1894.0 
1894.0 1894.0 1894.0 
1894.0 1907.0 1907.0 
1909.0 1917.0 1917.0 
1937.0 1928.0 1937.0 
1950.0 1939.0 1950.0 
1965.0 1957.0 1965.0 
1980.0 1984.0 1984.0 
1980.0 1995.0 1995.0 
1998.0 2005.0 2005.0 
1998.0 2016.0 2016.0 
1998.0 2026.0 2026.0 
1998.0 2039.0 2039.0 
1998.0 2062.0 2062.0 
2086.0 2084.0 2086.0 
2100.0 2084.0 2100.0 
2119.0 2118.0 2119.0 
2133.0 2140.0 2140.0 
2133.0 2155.0 2155.0 
2133.0 2217.0 2217.0 
2133.0 2227.0 2227.0 
2133.0 2333.0 2310.0 
;
EXECUTION TIME KUMAR3: 74.1545300484 seconds

-------------------------------------------------------------------
MAP: bwopen0_
DATE: 2017-10-25_12-18-56
