DATFILE : bwopen0_5r_500.dat
ENVIRONMENT : bwopen
ALGORITHM : HBSS - TAU 2
RANGE : 500
STARTING_POS : 0
N_ROBOTS : 5
GREEDY SOLUTION : 977.0
COMPUTATIONS T :
1122.0
1151.0
1138.0
1045.0
1198.0
1104.0
1109.0
1157.0
1114.0
1091.0
1044.0
1136.0
1025.0
1161.0
1123.0
1144.0
1113.0
1071.0
1066.0
1079.0
1183.0
1117.0
1175.0
1054.0
1207.0
1104.0
1104.0
1169.0
1139.0
1154.0
1026.0
1074.0
1089.0
1230.0
1015.0
1032.0
1112.0
1042.0
1113.0
1169.0
1110.0
1062.0
1177.0
1040.0
1204.0
1199.0
1178.0
1113.0
1057.0
1117.0
1143.0
1182.0
1129.0
1104.0
1148.0
1071.0
1112.0
1106.0
1059.0
1207.0
1096.0
1138.0
1119.0
1060.0
1149.0
1098.0
1109.0
1138.0
1103.0
1060.0
1162.0
1102.0
1128.0
1114.0
1153.0
1101.0
1182.0
1062.0
1108.0
1062.0
1129.0
1118.0
1175.0
1104.0
1143.0
1113.0
1103.0
1219.0
1112.0
1086.0
1073.0
1203.0
1085.0
1119.0
1093.0
1179.0
1098.0
1100.0
1188.0
1138.0
1066.0
1114.0
1082.0
1143.0
1161.0
1032.0
1045.0
1089.0
1074.0
1085.0
1177.0
1060.0
1130.0
1109.0
1072.0
1142.0
1147.0
1105.0
1125.0
1136.0
1096.0
1070.0
1057.0
1104.0
1049.0
1103.0
1160.0
1188.0
1075.0
1149.0
1090.0
1106.0
1128.0
1161.0
1141.0
1111.0
1125.0
1112.0
1061.0
1145.0
1024.0
1124.0
1141.0
1052.0
1065.0
1044.0
1240.0
1121.0
1130.0
1042.0
1073.0
1084.0
1116.0
1100.0
1100.0
1179.0
1165.0
1098.0
1083.0
1063.0
1046.0
1106.0
1175.0
1150.0
1079.0
1152.0
1087.0
1050.0
1105.0
1068.0
1177.0
1162.0
1150.0
1091.0
1099.0
1041.0
1096.0
1090.0
987.0
1130.0
1119.0
1058.0
1076.0
1105.0
1145.0
1124.0
1044.0
1029.0
1062.0
1127.0
1084.0
1076.0
1149.0
1063.0
1040.0
1104.0
1113.0
1151.0
1118.0
1073.0
;
HBBS bestT : 987.0
BEST_CONFIGURATIONS : 
0 0 0 0 0 
0 4 0 0 0 
0 4 26 0 0 
0 4 26 0 0 
0 4 26 0 1 
0 4 26 0 1 
0 4 26 0 1 
0 4 26 22 1 
0 4 26 22 1 
0 4 26 22 1 
0 4 5 22 1 
0 4 5 22 1 
0 4 5 22 1 
0 4 5 26 1 
0 4 5 26 2 
0 4 5 26 2 
0 8 4 26 2 
0 8 4 5 2 
0 8 4 26 2 
0 8 4 26 2 
0 8 4 26 2 
0 8 4 26 2 
0 8 4 5 2 
0 8 22 5 2 
0 8 22 5 2 
0 8 22 5 2 
1 8 22 5 2 
1 8 22 5 2 
1 8 22 5 2 
1 8 13 5 2 
1 8 13 5 2 
1 8 13 5 2 
1 8 13 5 6 
1 8 17 5 6 
1 8 17 5 6 
1 8 17 5 6 
1 8 17 5 6 
27 8 17 5 6 
27 8 17 5 6 
27 8 17 22 6 
27 8 17 22 6 
27 8 17 22 6 
27 8 13 26 6 
27 13 13 26 6 
27 13 13 26 6 
27 13 13 26 6 
27 13 13 5 6 
27 17 13 5 24 
27 17 25 5 24 
27 17 25 5 24 
27 17 25 5 24 
27 17 25 5 24 
27 17 25 26 24 
27 17 25 26 24 
27 17 25 26 24 
27 17 18 26 24 
27 17 18 26 24 
27 17 18 4 24 
27 17 18 4 24 
27 17 18 4 24 
27 13 17 4 24 
27 13 17 4 24 
27 13 17 4 24 
27 13 17 4 24 
9 13 17 4 24 
9 13 17 4 24 
9 13 17 4 24 
9 13 17 4 24 
9 13 25 4 24 
9 13 25 22 24 
9 13 25 26 10 
9 22 25 26 10 
9 22 25 26 10 
9 22 25 26 10 
9 22 25 26 10 
9 22 25 5 10 
9 22 25 5 10 
9 22 18 5 10 
9 22 18 5 10 
9 22 18 5 10 
9 22 18 26 10 
9 22 18 26 15 
9 22 18 26 15 
9 22 18 26 15 
9 22 18 26 15 
9 22 18 5 15 
9 8 18 5 15 
9 8 18 5 15 
9 8 18 5 15 
9 8 18 5 15 
9 8 14 5 15 
9 8 14 5 15 
9 8 14 5 10 
9 8 14 4 10 
9 8 14 4 10 
9 8 14 4 10 
9 8 18 4 10 
14 13 18 4 10 
14 13 18 4 15 
14 13 18 4 15 
14 13 18 4 15 
14 13 18 4 15 
14 13 18 4 15 
14 13 18 22 15 
14 13 18 22 15 
14 13 18 22 10 
14 13 25 22 10 
14 13 25 22 10 
14 13 25 22 10 
14 13 25 26 10 
14 13 25 26 10 
14 17 25 26 10 
14 17 25 26 15 
14 17 25 0 15 
14 17 25 0 15 
14 13 25 0 15 
14 13 25 0 15 
14 13 25 0 18 
14 17 25 0 18 
9 17 25 0 18 
9 17 13 0 19 
10 17 13 0 19 
10 17 13 0 19 
10 17 13 0 19 
10 17 8 0 19 
10 17 8 0 19 
24 17 8 0 19 
24 17 8 0 19 
24 17 8 0 19 
24 25 8 0 19 
24 25 8 0 19 
6 25 8 0 19 
24 25 8 1 19 
24 25 22 1 19 
24 17 22 1 19 
24 17 22 1 19 
24 25 22 1 19 
24 25 22 1 20 
24 25 22 1 20 
24 25 5 1 20 
24 25 5 1 23 
24 18 5 1 23 
24 18 5 1 23 
6 18 5 1 23 
6 18 4 1 23 
6 18 4 1 23 
6 18 4 0 23 
6 18 4 0 20 
6 14 4 0 20 
6 14 4 0 20 
6 14 5 0 20 
6 18 5 0 20 
7 18 5 0 20 
7 18 27 0 20 
7 18 27 0 20 
7 18 27 0 20 
7 14 27 0 20 
7 14 27 0 23 
7 14 27 0 23 
7 14 9 0 23 
7 14 9 1 23 
7 14 9 1 23 
7 14 9 1 23 
21 14 9 1 23 
21 14 9 1 23 
21 14 9 1 20 
21 14 9 2 20 
21 14 9 2 20 
21 14 9 2 20 
21 14 9 2 20 
21 14 9 2 23 
21 15 9 2 23 
21 15 15 2 23 
21 15 15 2 23 
21 10 15 2 23 
21 10 15 2 23 
21 10 15 2 23 
21 10 15 2 23 
21 10 9 2 16 
3 10 9 2 16 
3 10 9 2 16 
3 10 9 2 16 
3 10 9 2 16 
21 10 9 2 12 
21 24 9 2 12 
21 24 9 2 12 
21 24 9 2 12 
21 24 10 2 12 
21 24 10 2 12 
21 24 10 2 12 
3 24 10 2 12 
3 24 10 2 12 
3 24 15 2 12 
3 24 15 2 12 
3 24 15 2 12 
3 24 15 6 12 
3 24 15 6 12 
3 24 15 6 12 
3 24 15 6 12 
3 24 15 6 16 
3 24 10 6 16 
3 24 10 6 16 
3 24 10 6 16 
21 24 10 6 16 
21 24 15 6 16 
21 24 15 6 16 
21 11 15 6 16 
21 11 15 6 16 
21 11 10 6 16 
21 11 10 6 12 
3 11 10 6 12 
3 11 10 21 12 
3 11 10 21 7 
3 11 10 21 7 
3 11 9 21 7 
3 11 9 21 7 
3 11 27 21 7 
3 11 27 6 7 
2 11 27 6 7 
2 11 27 6 7 
2 11 27 6 7 
2 11 27 6 3 
2 11 27 21 3 
1 21 27 21 3 
1 21 27 21 3 
1 21 27 21 3 
27 21 9 21 3 
27 6 9 21 3 
27 6 9 12 3 
27 6 9 12 3 
27 24 9 12 7 
27 24 9 16 7 
27 24 10 16 7 
27 24 10 16 7 
27 24 10 12 7 
27 24 15 12 7 
27 11 15 12 7 
1 11 15 12 7 
1 11 15 12 7 
1 11 14 16 7 
1 11 14 16 7 
1 11 14 16 12 
1 11 14 16 16 
1 11 15 16 16 
1 11 15 16 23 
1 11 10 16 23 
1 11 10 16 23 
1 11 10 16 20 
1 11 10 16 20 
1 11 10 16 20 
5 11 10 16 20 
5 11 15 16 20 
5 11 15 23 20 
26 11 15 23 20 
26 11 15 23 19 
26 11 14 23 19 
26 11 14 16 19 
26 11 18 16 19 
22 11 18 16 19 
22 11 18 16 19 
22 11 18 12 19 
5 11 18 12 19 
5 11 25 12 19 
5 11 25 7 19 
9 11 25 7 19 
9 12 25 7 20 
9 12 19 21 20 
9 12 19 21 20 
15 12 19 21 20 
15 12 19 21 23 
15 12 19 21 23 
15 12 19 3 23 
15 12 19 3 20 
27 12 19 3 20 
2 12 19 7 20 
2 12 19 7 20 
2 24 19 7 14 
6 24 25 7 14 
6 24 25 11 14 
6 24 25 21 5 
6 25 25 21 4 
0 0 0 0 0 
;
ROBOT MOVING BEST:
0 0 0 0 0 
1 1 0 0 0 
1 0 1 0 0 
0 1 1 0 0 
1 0 0 0 1 
0 1 0 0 1 
0 0 1 0 1 
1 0 0 1 0 
0 1 0 1 0 
0 0 1 1 0 
1 0 1 0 0 
0 0 0 1 1 
0 1 1 0 0 
0 0 1 1 0 
1 0 0 0 1 
0 1 0 0 1 
0 1 1 0 0 
0 0 0 1 1 
0 0 0 1 1 
0 1 0 1 0 
0 1 0 0 1 
1 1 0 0 0 
0 1 0 1 0 
0 1 1 0 0 
0 0 1 1 0 
0 0 1 0 1 
1 0 0 1 0 
1 1 0 0 0 
1 0 0 0 1 
1 0 1 0 0 
0 1 1 0 0 
0 0 1 1 0 
1 0 0 0 1 
0 1 1 0 0 
0 0 0 1 1 
0 1 0 0 1 
0 0 1 1 0 
1 0 1 0 0 
1 1 0 0 0 
0 0 0 1 1 
1 0 0 1 0 
1 0 0 0 1 
0 0 1 1 0 
1 1 0 0 0 
0 0 0 1 1 
1 0 0 1 0 
1 0 0 1 0 
0 1 0 0 1 
1 0 1 0 0 
1 0 0 0 1 
0 1 1 0 0 
0 0 1 1 0 
0 1 0 1 0 
0 0 1 0 1 
0 0 0 1 1 
1 0 1 0 0 
0 1 1 0 0 
0 1 0 1 0 
0 0 1 0 1 
1 0 0 1 0 
0 1 1 0 0 
0 0 0 1 1 
0 1 0 1 0 
0 1 0 0 1 
1 0 1 0 0 
1 1 0 0 0 
1 0 0 1 0 
1 0 0 0 1 
1 0 1 0 0 
1 0 0 1 0 
0 0 0 1 1 
0 1 1 0 0 
1 0 0 1 0 
1 0 0 0 1 
0 1 0 0 1 
0 0 0 1 1 
1 0 0 1 0 
0 0 1 0 1 
1 0 1 0 0 
0 1 1 0 0 
0 0 1 1 0 
0 0 0 1 1 
1 0 0 0 1 
0 1 0 0 1 
0 0 1 0 1 
0 0 1 1 0 
0 1 1 0 0 
1 1 0 0 0 
0 0 0 1 1 
0 1 0 0 1 
1 0 1 0 0 
0 1 1 0 0 
0 1 0 0 1 
0 0 1 1 0 
0 0 0 1 1 
0 0 1 0 1 
0 0 1 1 0 
1 1 0 0 0 
0 0 0 1 1 
1 0 1 0 0 
1 0 0 0 1 
0 1 1 0 0 
0 1 0 0 1 
1 0 0 1 0 
0 1 0 1 0 
0 1 0 0 1 
1 0 1 0 0 
0 1 1 0 0 
0 0 1 0 1 
0 0 1 1 0 
1 0 0 1 0 
1 1 0 0 0 
0 1 0 0 1 
1 0 0 1 0 
0 0 1 0 1 
0 1 0 1 0 
0 0 1 1 0 
0 0 1 0 1 
0 1 0 1 0 
1 0 0 1 0 
0 0 1 0 1 
1 0 0 0 1 
1 1 0 0 0 
1 0 0 1 0 
0 0 1 0 1 
0 1 0 0 1 
1 0 0 0 1 
1 0 1 0 0 
1 0 0 1 0 
0 1 0 0 1 
0 1 1 0 0 
1 0 0 0 1 
1 0 0 1 0 
0 0 1 0 1 
0 1 1 0 0 
1 0 1 0 0 
0 1 0 1 0 
1 0 0 0 1 
0 1 0 0 1 
1 0 1 0 0 
1 0 0 0 1 
0 1 0 1 0 
0 1 0 0 1 
1 1 0 0 0 
1 0 1 0 0 
1 0 0 0 1 
1 0 0 1 0 
1 0 0 0 1 
1 1 0 0 0 
0 1 0 0 1 
0 1 1 0 0 
0 1 0 0 1 
1 0 0 0 1 
1 0 1 0 0 
0 0 1 1 0 
0 0 1 0 1 
0 1 1 0 0 
0 1 0 0 1 
1 0 0 0 1 
1 0 1 0 0 
0 0 1 1 0 
0 0 1 0 1 
0 1 0 1 0 
1 1 0 0 0 
1 0 1 0 0 
0 0 1 0 1 
0 0 1 1 0 
1 0 0 1 0 
1 0 0 0 1 
0 1 0 1 0 
1 0 0 0 1 
1 1 0 0 0 
0 0 1 0 1 
0 1 0 1 0 
1 1 0 0 0 
0 1 0 0 1 
0 1 1 0 0 
0 1 0 1 0 
0 0 1 0 1 
1 1 0 0 0 
1 0 0 1 0 
1 0 1 0 0 
1 0 0 0 1 
1 0 0 0 1 
0 1 0 1 0 
1 1 0 0 0 
0 1 0 0 1 
0 0 1 0 1 
0 0 0 1 1 
0 1 1 0 0 
1 1 0 0 0 
1 0 0 0 1 
1 0 1 0 0 
0 0 1 0 1 
0 1 1 0 0 
1 0 0 1 0 
0 1 0 1 0 
0 0 1 1 0 
0 0 0 1 1 
0 1 0 0 1 
0 0 1 1 0 
0 0 1 0 1 
0 0 0 1 1 
1 0 0 1 0 
0 0 1 0 1 
1 0 0 0 1 
1 1 0 0 0 
0 1 0 1 0 
0 1 1 0 0 
0 1 0 0 1 
1 1 0 0 0 
1 0 0 1 0 
0 1 0 0 1 
1 0 0 0 1 
0 1 1 0 0 
0 0 0 1 1 
0 1 1 0 0 
0 0 0 1 1 
1 1 0 0 0 
1 0 0 1 0 
1 0 1 0 0 
0 0 1 0 1 
0 0 1 1 0 
1 1 0 0 0 
1 0 1 0 0 
1 0 0 0 1 
1 0 1 0 0 
0 1 1 0 0 
1 0 0 1 0 
0 0 1 1 0 
0 1 0 0 1 
0 0 0 1 1 
1 0 1 0 0 
0 0 1 0 1 
0 0 0 1 1 
1 0 1 0 0 
0 1 1 0 0 
1 1 0 0 0 
0 0 1 0 1 
0 0 1 1 0 
0 1 1 0 0 
0 0 0 1 1 
0 1 0 0 1 
1 0 1 0 0 
0 0 0 1 1 
1 0 1 0 0 
0 1 0 0 1 
0 1 0 0 1 
0 0 1 0 1 
0 0 0 1 1 
1 1 0 0 0 
0 0 1 0 1 
0 0 0 1 1 
1 1 0 0 0 
0 1 0 0 1 
0 0 1 0 1 
0 0 0 1 1 
0 0 1 0 1 
1 1 0 0 0 
0 1 1 0 0 
0 0 0 1 1 
1 0 0 0 1 
0 1 1 0 0 
0 0 0 1 1 
1 0 0 0 1 
0 1 0 0 1 
0 0 1 1 0 
0 0 1 0 1 
1 0 1 0 0 
0 1 0 0 1 
0 0 1 0 1 
0 0 0 1 1 
0 0 0 1 1 
1 0 1 0 0 
1 0 0 1 0 
1 0 1 0 0 
0 1 0 0 1 
1 0 1 0 0 
0 1 0 1 0 
0 0 0 1 1 
0 1 0 0 1 
1 1 1 1 1 
;
TIMETABLE BEST: 
0.0 0.0 0.0 0.0 0.0 
14 14 0 0 0 
17 14 17 0 0 
17 17 17 0 0 
18 17 17 0 18 
18 18 17 0 18 
18 18 18 0 18 
24 18 18 24 18 
24 24 18 24 18 
24 24 24 24 18 
33 24 33 24 18 
33 24 33 24 24 
33 33 33 24 24 
33 33 35 35 24 
44 33 35 35 44 
44 44 35 35 44 
44 58 58 35 44 
44 58 58 44 44 
44 58 58 53 53 
44 58 58 58 53 
44 58 58 58 58 
58 58 58 58 58 
58 67 58 67 58 
58 70 70 67 58 
58 70 70 70 58 
58 70 70 70 70 
76 70 70 76 70 
76 76 70 76 70 
76 76 70 76 76 
89 76 89 76 76 
89 89 89 76 76 
89 89 89 89 76 
94 89 89 89 94 
94 100 100 89 94 
94 100 100 94 94 
94 100 100 94 100 
94 100 100 100 100 
109 100 109 100 100 
109 109 109 100 100 
109 109 109 112 112 
112 109 109 112 112 
112 109 109 112 112 
112 109 123 123 112 
122 122 123 123 112 
122 122 123 123 123 
123 122 123 123 123 
132 122 123 132 123 
132 136 123 132 136 
136 136 136 132 136 
136 136 136 132 136 
136 136 136 132 136 
136 136 136 136 136 
136 145 136 145 136 
136 145 136 145 136 
136 145 136 145 145 
149 145 149 145 145 
149 149 149 145 145 
149 156 149 156 145 
149 156 149 156 149 
156 156 149 156 149 
156 167 167 156 149 
156 167 167 156 156 
156 167 167 167 156 
156 167 167 167 167 
171 167 171 167 167 
171 171 171 167 167 
171 171 171 171 167 
171 171 171 171 171 
183 171 183 171 171 
183 171 183 183 171 
183 171 183 194 194 
183 190 190 194 194 
194 190 190 194 194 
194 190 190 194 194 
194 194 190 194 194 
194 194 190 203 203 
203 194 190 203 203 
203 194 203 203 203 
203 194 203 203 203 
203 203 203 203 203 
203 203 212 212 203 
203 203 212 214 214 
214 203 212 214 214 
214 214 212 214 214 
214 214 214 214 214 
214 214 223 223 214 
214 226 226 223 214 
226 226 226 223 214 
226 226 226 223 223 
226 226 226 223 226 
237 226 237 223 226 
237 237 237 223 226 
237 237 237 223 237 
237 237 237 237 237 
237 237 237 237 237 
237 237 237 237 237 
237 237 248 248 237 
253 253 248 248 237 
253 253 248 248 248 
253 253 253 248 248 
253 253 253 248 253 
253 253 253 248 253 
253 253 253 248 253 
260 253 253 260 253 
260 260 253 260 253 
260 264 253 260 264 
266 264 266 260 264 
266 266 266 260 264 
266 266 266 260 266 
266 266 271 271 266 
271 266 271 271 266 
277 277 271 271 266 
277 277 271 271 277 
288 277 271 288 277 
288 277 277 288 277 
288 288 277 288 277 
288 288 288 288 277 
288 288 295 288 295 
288 299 295 299 295 
304 299 295 304 295 
304 299 315 304 315 
318 299 315 304 318 
318 318 315 304 318 
318 318 315 318 318 
318 318 328 318 328 
318 328 328 318 328 
331 328 328 318 331 
331 328 331 318 331 
331 328 331 331 331 
331 340 331 331 340 
331 340 340 331 340 
344 340 340 331 344 
357 340 340 357 344 
357 340 352 357 352 
357 352 352 357 352 
357 352 357 357 352 
357 364 357 364 352 
365 364 357 364 365 
365 365 357 364 365 
369 365 369 364 365 
375 365 369 364 375 
375 378 369 378 375 
375 378 369 378 378 
388 388 369 378 378 
388 388 388 378 378 
388 388 388 378 388 
396 388 388 396 388 
398 388 388 396 398 
399 399 388 396 398 
399 399 388 396 399 
399 402 402 396 399 
399 413 402 396 413 
419 413 402 396 419 
423 413 423 396 419 
423 413 423 423 419 
423 413 423 423 423 
423 424 424 423 423 
423 433 424 423 433 
433 433 424 423 433 
439 433 439 423 433 
439 433 441 441 433 
439 433 441 441 441 
439 441 441 441 441 
451 451 441 441 441 
451 451 451 441 441 
451 451 451 441 451 
451 451 461 461 451 
461 451 461 461 451 
461 451 461 461 461 
461 461 461 461 461 
471 461 461 461 471 
474 474 461 461 471 
474 474 482 461 482 
474 474 482 474 482 
485 485 482 474 482 
485 485 482 474 485 
485 485 485 474 485 
485 485 485 485 485 
485 485 506 485 506 
497 497 506 485 506 
497 497 506 497 506 
506 497 506 497 506 
506 497 506 497 506 
518 497 506 497 518 
518 510 506 510 518 
518 518 506 510 518 
518 518 506 510 518 
518 518 520 510 520 
518 518 520 520 520 
518 520 520 520 520 
530 530 520 520 520 
530 530 520 520 530 
531 530 531 520 530 
531 530 531 520 531 
531 531 531 520 531 
538 531 531 538 531 
538 538 531 538 531 
538 538 538 538 531 
538 538 538 538 538 
538 549 538 538 549 
538 549 549 549 549 
538 549 549 549 549 
538 549 549 549 549 
550 549 549 550 549 
550 549 560 550 560 
560 549 560 550 560 
567 567 560 550 560 
567 567 560 567 560 
567 571 571 567 560 
567 571 571 567 571 
579 579 571 567 571 
579 579 571 579 571 
579 589 571 579 589 
589 589 571 579 589 
589 589 589 579 589 
589 589 589 589 589 
589 604 604 589 589 
589 604 604 601 601 
611 611 604 601 601 
611 611 604 611 601 
611 611 611 611 601 
611 611 617 611 617 
611 611 623 623 617 
631 631 623 623 617 
631 631 631 623 617 
631 631 631 623 631 
646 631 646 623 631 
646 646 646 623 631 
653 646 646 653 631 
653 646 653 653 631 
653 659 653 653 659 
653 659 653 664 664 
667 659 667 664 664 
667 659 667 664 667 
667 659 667 675 675 
678 659 678 675 675 
678 678 678 675 675 
693 693 678 675 675 
693 693 678 675 678 
693 693 691 691 678 
693 693 693 691 678 
693 693 693 696 696 
693 707 693 696 707 
706 707 706 696 707 
706 707 706 718 718 
717 707 717 718 718 
717 718 717 718 718 
717 728 717 718 728 
717 728 728 718 728 
717 728 728 728 728 
735 735 728 728 728 
735 735 739 728 739 
735 735 739 739 739 
744 744 739 739 739 
744 752 739 739 752 
744 752 752 739 752 
744 752 752 752 752 
744 752 763 752 763 
755 755 763 752 763 
755 763 763 752 763 
755 763 763 763 763 
767 763 763 763 767 
767 776 776 763 767 
767 776 776 781 781 
789 776 776 781 789 
789 803 776 781 803 
789 803 809 809 803 
789 803 809 809 809 
810 803 810 809 809 
810 819 810 809 819 
810 819 819 809 819 
810 819 819 821 821 
810 819 819 831 831 
844 819 844 831 831 
863 819 844 863 831 
863 819 863 863 831 
863 873 863 863 873 
896 873 896 863 873 
896 888 896 888 873 
896 888 896 907 907 
896 935 896 907 935 
950.0 987.0 948.0 969.0 949.0 
;
EXECUTION TIME HBSS: 1853.12798405 seconds 

-------------------------------------------------------------------
