DATFILE : bwopen0_8r_500.dat
ENVIRONMENT : bwopen
ALGORITHM : HBSS - TAU 1
RANGE : 500
STARTING_POS : 0
N_ROBOTS : 8
GREEDY SOLUTION : [ 2124.]
COMPUTATIONS D :
10440
11150
9256
10456
9146
9930
10002
10250
11366
9466
9898
10910
9888
10476
8834
10180
9884
10520
10256
10534
10552
10488
9898
10974
9752
10038
10408
9760
10268
10190
9946
10248
9612
10538
9782
9852
10972
10420
9974
9570
10094
9842
10330
10080
9838
9812
10516
9684
10352
9532
10530
10184
9944
9836
10722
10544
10012
8430
11132
10486
9214
10892
9482
10470
10646
10600
10378
11336
9662
10294
10710
9734
10074
9634
9480
9724
10330
10486
10118
10230
11078
9852
9420
10080
9688
11260
10816
11184
11576
11278
9810
10528
9028
10050
8948
10132
10084
10128
10842
9932
9762
10164
11386
10362
10350
10522
10988
9598
10722
8950
10684
10460
10858
9642
9554
9858
9900
10098
9982
9502
9824
11488
10480
10400
11080
10744
10200
10984
10100
10502
10618
10886
11018
10544
9754
10692
10556
11496
10868
10086
9302
10132
10228
10422
10298
10778
9946
10330
10158
10374
10712
10710
9848
10324
10820
9682
10388
10196
10178
9902
9278
10156
10614
10672
9458
10590
9412
9202
9824
11018
9440
10530
11744
11068
9926
10188
10714
10376
10100
9604
9826
10424
10000
9972
10530
9588
10634
10242
9976
10946
10348
12030
10054
10252
10246
10580
11318
10442
10210
8958
;
HBBS sumD : 8430
BEST_CONFIGURATIONS : 
0 0 0 0 0 0 0 0 
0 4 0 0 0 0 0 0 
0 4 0 0 26 0 0 0 
0 8 0 26 26 0 0 0 
0 8 0 26 26 0 22 0 
0 8 0 26 26 2 22 0 
0 8 0 5 26 2 18 0 
0 8 0 5 26 2 18 1 
0 8 0 5 26 2 18 27 
0 8 0 5 5 2 18 27 
26 8 0 5 5 2 18 27 
5 8 4 5 5 2 18 27 
5 8 26 5 5 2 18 27 
5 8 26 5 5 2 18 27 
5 8 26 5 5 2 18 27 
9 8 26 5 5 2 18 27 
9 8 26 5 5 2 18 27 
9 8 1 5 5 2 18 27 
9 13 1 5 5 2 18 27 
9 13 1 13 5 2 18 0 
9 13 1 13 5 2 18 0 
9 13 1 13 22 2 18 0 
9 22 1 13 22 6 18 0 
15 22 1 13 26 6 18 0 
15 22 1 8 26 6 18 0 
15 22 1 8 22 6 18 0 
15 22 1 8 22 6 18 0 
15 22 1 8 26 6 18 0 
15 22 27 8 26 14 18 0 
15 22 27 8 26 14 18 0 
15 22 27 8 26 14 18 0 
15 4 9 8 26 14 18 0 
15 4 9 8 26 14 18 4 
15 4 10 8 26 14 18 0 
15 4 10 8 26 14 18 0 
15 4 10 8 26 14 10 21 
15 4 10 8 5 14 10 21 
15 22 10 8 5 14 10 21 
15 14 10 8 5 14 10 21 
15 14 10 8 5 14 10 21 
14 14 10 8 5 14 10 21 
14 14 10 22 5 14 10 21 
14 14 10 22 1 14 10 21 
14 14 10 22 1 14 10 21 
9 14 10 22 1 14 10 21 
9 14 10 4 1 14 10 21 
9 14 2 4 1 14 10 21 
9 14 2 26 1 14 10 21 
9 14 2 4 1 22 10 21 
10 14 2 4 1 22 20 21 
2 14 2 4 1 22 20 21 
2 9 2 4 1 22 20 21 
2 10 2 4 1 22 20 21 
2 10 3 4 1 15 20 21 
15 10 3 4 1 15 20 21 
15 9 3 4 5 15 20 21 
15 9 3 0 17 15 20 21 
15 27 3 0 15 15 20 21 
15 27 3 5 15 15 19 21 
15 27 3 5 15 15 19 25 
15 27 12 5 15 15 20 25 
15 27 12 5 15 11 20 25 
15 27 12 24 15 11 20 25 
15 27 12 24 15 11 20 25 
15 27 12 24 15 11 19 25 
15 27 12 24 15 11 19 25 
15 27 12 24 15 11 20 25 
16 27 12 21 15 11 20 25 
16 27 6 21 15 11 20 25 
16 9 6 21 15 11 23 25 
16 9 6 21 14 11 23 25 
16 9 6 21 14 11 20 25 
16 3 6 21 14 11 20 25 
16 3 6 21 14 11 20 25 
16 3 6 21 14 11 20 25 
16 3 6 21 14 11 23 25 
16 3 1 21 14 3 23 25 
16 3 1 21 13 3 23 17 
16 3 1 12 10 3 23 17 
16 3 1 12 10 3 23 17 
16 3 1 12 10 3 23 17 
16 3 1 12 10 3 20 17 
16 3 9 16 10 3 20 17 
16 3 9 16 10 3 19 17 
12 3 9 16 10 3 24 17 
12 3 9 16 10 3 6 17 
16 3 9 16 10 3 6 17 
7 3 9 20 10 3 6 17 
7 3 9 20 10 3 2 17 
7 3 9 20 10 23 15 17 
7 11 9 20 10 23 15 17 
7 11 9 20 10 27 15 17 
7 11 9 20 10 24 15 23 
16 11 9 20 10 24 15 23 
16 7 9 20 10 24 15 23 
16 7 4 20 14 24 15 23 
16 7 4 20 18 24 15 23 
16 6 4 11 18 24 15 23 
16 6 22 11 18 24 15 23 
16 6 22 11 18 24 15 23 
16 6 22 11 14 24 15 16 
16 6 22 11 14 24 15 16 
12 6 22 11 14 24 15 16 
23 6 22 11 20 24 15 16 
23 6 22 21 20 24 15 23 
23 6 25 21 20 24 15 23 
23 2 25 21 20 24 15 23 
23 2 25 21 20 24 15 19 
23 2 25 21 20 24 27 19 
23 2 25 6 20 24 27 19 
23 2 25 6 20 24 13 19 
23 2 16 6 20 24 13 19 
23 2 16 6 20 24 13 19 
14 2 16 6 20 24 13 18 
14 6 16 6 20 24 13 18 
14 6 16 6 16 24 13 18 
14 6 16 2 16 24 11 18 
14 6 16 11 23 24 11 18 
14 7 16 11 23 24 11 18 
14 7 16 11 23 24 11 18 
14 7 16 11 23 24 11 14 
14 16 16 11 19 24 11 14 
14 16 16 11 20 9 11 14 
14 16 16 24 20 9 11 14 
14 16 16 24 20 9 11 15 
14 16 16 24 20 24 11 15 
9 7 16 24 20 24 11 15 
6 7 16 24 20 24 11 15 
6 7 16 24 20 24 11 27 
6 7 16 24 20 6 11 27 
6 7 16 24 20 6 11 14 
6 3 16 10 20 6 11 14 
24 3 16 10 20 6 11 14 
24 3 16 9 20 6 11 14 
9 3 16 9 20 24 11 14 
9 3 16 27 19 24 11 14 
9 3 16 27 19 24 11 14 
9 3 23 27 19 24 11 14 
9 3 23 27 19 24 11 18 
9 12 23 27 19 6 11 18 
9 12 23 27 19 6 11 18 
9 12 23 27 11 6 11 18 
9 12 23 27 11 6 11 18 
9 12 23 9 11 6 11 18 
8 12 19 9 11 6 11 18 
8 12 19 15 11 12 11 18 
8 12 19 15 20 12 11 19 
8 12 19 15 20 12 11 19 
8 12 19 15 20 12 6 19 
8 7 19 15 20 12 6 19 
8 7 14 15 20 12 11 19 
8 7 24 15 20 12 11 19 
8 7 24 15 20 12 11 19 
4 7 24 15 20 12 11 24 
4 7 24 10 20 23 11 24 
4 7 24 10 20 23 11 24 
4 7 24 15 20 23 11 24 
26 7 24 15 20 11 11 24 
26 2 24 15 20 11 9 24 
22 2 24 15 19 11 9 24 
22 2 24 14 19 11 9 24 
22 2 5 14 19 11 9 24 
22 2 5 14 19 11 9 10 
22 2 5 14 17 11 9 10 
1 2 5 21 17 11 9 10 
1 2 25 21 17 11 9 11 
26 6 25 21 17 11 9 11 
27 21 25 21 17 11 9 11 
27 21 25 21 17 11 9 11 
27 21 25 21 25 11 9 11 
27 21 25 21 25 11 9 11 
27 21 25 21 25 11 4 11 
27 11 25 21 25 15 4 11 
27 11 25 21 25 10 4 11 
27 11 25 21 24 10 4 11 
27 11 25 21 24 15 13 11 
14 11 25 21 24 15 13 25 
14 27 25 7 24 15 13 25 
14 9 25 7 24 15 22 25 
14 9 22 7 24 15 22 25 
14 9 8 25 24 15 22 25 
25 9 8 25 24 15 22 25 
25 9 8 25 24 15 22 14 
25 9 8 25 24 14 22 14 
25 9 8 25 24 14 22 14 
25 9 8 25 11 18 22 14 
25 9 8 25 11 18 22 14 
25 9 8 25 11 18 22 5 
25 9 8 25 10 18 22 5 
25 9 13 25 10 18 4 5 
25 9 17 25 10 18 4 5 
25 9 17 25 10 17 4 5 
25 9 17 25 10 13 26 5 
25 9 17 25 9 13 26 5 
25 9 17 25 9 13 26 25 
25 9 17 25 10 13 26 25 
25 5 17 25 10 13 26 25 
25 5 25 25 10 13 26 25 
25 5 25 25 10 13 26 25 
25 22 25 25 10 13 26 25 
17 22 22 25 10 13 26 25 
17 22 22 25 10 17 26 25 
17 22 22 18 10 17 26 25 
25 22 22 18 10 17 1 25 
25 22 22 18 9 17 1 25 
25 8 22 18 9 17 1 25 
25 8 26 18 24 17 1 25 
25 8 26 18 24 17 5 25 
25 8 26 18 24 13 5 25 
25 8 26 18 24 13 5 25 
25 8 26 18 24 13 0 25 
25 26 26 14 24 13 0 25 
25 26 26 18 24 13 0 25 
25 26 26 18 3 13 27 25 
13 26 26 18 3 13 27 14 
9 26 26 18 3 13 27 14 
15 26 26 18 3 17 27 14 
15 26 26 6 3 17 1 14 
15 26 26 6 3 18 1 14 
15 26 4 6 3 18 1 15 
15 8 4 6 3 18 1 15 
15 8 4 21 3 18 1 15 
15 8 27 21 3 13 1 15 
15 8 27 21 2 13 1 15 
15 8 27 21 2 13 1 15 
15 14 27 21 2 13 1 15 
15 14 27 21 2 25 1 15 
15 14 27 21 2 25 1 4 
15 14 27 21 2 18 1 4 
15 14 9 21 2 15 1 4 
15 18 9 21 2 15 1 4 
6 18 5 21 2 15 1 4 
6 18 5 21 24 15 0 4 
1 18 5 21 24 15 0 4 
1 18 5 6 24 15 0 4 
1 18 5 6 10 15 0 4 
1 18 5 6 11 15 0 1 
1 9 5 6 11 15 0 1 
1 9 5 12 11 15 0 2 
1 9 0 12 11 15 0 6 
1 9 0 12 11 14 0 6 
1 8 0 12 11 14 0 6 
1 8 0 12 11 15 22 6 
1 8 9 12 11 15 22 3 
2 8 9 12 11 15 4 3 
2 8 9 12 11 15 4 3 
2 8 9 12 6 10 4 3 
1 13 9 12 6 10 4 3 
1 13 9 12 6 10 5 3 
1 13 9 12 6 9 5 3 
1 13 9 12 6 27 5 3 
1 13 9 12 7 27 5 3 
1 13 9 12 7 27 5 3 
1 8 9 12 7 27 9 3 
1 8 24 12 7 6 9 3 
1 8 24 7 21 6 9 3 
1 8 24 7 24 6 9 3 
1 8 24 7 24 6 9 3 
2 8 24 7 24 6 9 3 
2 8 24 7 24 6 9 3 
2 8 24 7 24 6 9 3 
2 8 24 6 24 6 9 3 
2 17 24 6 24 6 9 3 
2 17 5 6 24 6 9 3 
2 17 5 6 24 11 9 21 
21 17 5 6 24 11 24 21 
21 26 5 6 24 11 2 21 
21 26 5 12 24 11 21 21 
21 26 2 12 24 11 21 21 
21 26 2 12 3 11 21 21 
6 26 2 12 21 11 21 21 
6 26 2 5 21 11 21 21 
6 26 2 5 21 11 21 3 
6 26 2 5 27 25 21 3 
19 26 2 5 13 25 21 3 
4 26 2 5 13 25 21 3 
8 26 2 5 13 25 21 27 
8 26 2 22 13 13 21 27 
8 26 2 22 13 11 7 27 
8 10 2 22 13 11 7 27 
8 10 2 15 13 11 7 16 
0 0 0 0 0 0 0 0 
;
ROBOT MOVING BEST:
0 0 0 0 0 0 0 0 
1 1 0 0 0 0 0 0 
0 0 1 0 1 0 0 0 
0 1 0 1 0 0 0 0 
1 0 0 0 0 0 1 0 
0 0 1 0 0 1 0 0 
0 0 0 1 0 0 1 0 
1 0 0 0 0 0 0 1 
1 0 0 0 0 0 0 1 
0 0 1 0 1 0 0 0 
1 0 0 0 0 0 0 1 
1 0 1 0 0 0 0 0 
0 0 1 0 1 0 0 0 
0 1 0 0 1 0 0 0 
0 0 0 0 1 0 0 1 
1 0 0 0 0 0 0 1 
0 0 0 0 1 1 0 0 
0 0 1 0 0 0 0 1 
0 1 0 1 0 0 0 0 
0 0 0 1 0 0 0 1 
0 0 1 0 1 0 0 0 
0 0 0 0 1 1 0 0 
0 1 0 0 0 1 0 0 
1 0 0 0 1 0 0 0 
0 0 1 1 0 0 0 0 
0 0 0 1 1 0 0 0 
0 1 1 0 0 0 0 0 
0 0 1 0 1 0 0 0 
0 0 1 0 0 1 0 0 
0 1 1 0 0 0 0 0 
0 0 1 0 0 0 1 0 
0 1 1 0 0 0 0 0 
0 0 0 0 0 0 1 1 
0 0 1 0 0 0 0 1 
0 0 0 1 0 0 1 0 
0 0 0 0 0 0 1 1 
1 0 0 0 1 0 0 0 
0 1 0 0 1 0 0 0 
0 1 1 0 0 0 0 0 
0 0 0 1 0 0 1 0 
1 0 0 1 0 0 0 0 
1 0 0 1 0 0 0 0 
1 0 0 0 1 0 0 0 
0 0 1 1 0 0 0 0 
1 0 1 0 0 0 0 0 
0 0 1 1 0 0 0 0 
0 0 1 0 0 0 1 0 
0 0 0 1 0 0 1 0 
0 0 0 1 0 1 0 0 
1 0 0 0 0 0 1 0 
1 0 0 0 1 0 0 0 
0 1 0 0 1 0 0 0 
0 1 0 0 1 0 0 0 
0 0 1 0 0 1 0 0 
1 0 0 0 1 0 0 0 
0 1 0 0 1 0 0 0 
0 0 0 1 1 0 0 0 
0 1 0 0 1 0 0 0 
0 0 0 1 0 0 1 0 
0 0 0 0 0 0 1 1 
0 0 1 0 0 0 1 0 
0 0 0 0 0 1 1 0 
0 0 0 1 0 0 1 0 
1 0 0 0 0 0 1 0 
1 0 0 0 0 0 1 0 
0 0 1 0 0 0 1 0 
0 1 0 0 0 0 1 0 
1 0 0 1 0 0 0 0 
0 0 1 0 0 0 1 0 
0 1 0 0 0 0 1 0 
0 0 0 1 1 0 0 0 
0 0 0 0 0 0 1 1 
0 1 0 1 0 0 0 0 
0 0 0 1 0 0 1 0 
0 0 0 0 1 0 1 0 
1 0 0 0 0 0 1 0 
0 0 1 0 0 1 0 0 
0 0 0 0 1 0 0 1 
0 0 0 1 1 0 0 0 
0 0 0 1 0 0 1 0 
0 0 0 0 0 1 1 0 
0 1 0 0 0 0 1 0 
0 0 1 1 0 0 0 0 
0 0 0 0 0 0 1 1 
1 0 0 0 0 0 1 0 
0 1 0 0 0 0 1 0 
1 1 0 0 0 0 0 0 
1 0 0 1 0 0 0 0 
0 1 0 0 0 0 1 0 
0 0 0 0 0 1 1 0 
0 1 0 0 1 0 0 0 
0 0 0 0 0 1 0 1 
0 0 0 0 0 1 0 1 
1 0 0 0 1 0 0 0 
0 1 0 0 1 0 0 0 
0 0 1 0 1 0 0 0 
0 0 0 1 1 0 0 0 
0 1 0 1 0 0 0 0 
0 0 1 0 1 0 0 0 
0 0 0 0 1 0 0 1 
0 0 0 0 1 0 0 1 
1 0 0 1 0 0 0 0 
1 0 0 0 0 0 0 1 
1 0 0 0 1 0 0 0 
0 0 0 1 0 0 0 1 
0 1 1 0 0 0 0 0 
0 1 0 1 0 0 0 0 
0 0 0 1 0 0 0 1 
0 1 0 0 0 0 1 0 
0 1 0 1 0 0 0 0 
0 0 0 0 0 1 1 0 
0 0 1 0 1 0 0 0 
0 1 0 0 0 0 0 1 
1 0 0 0 0 0 0 1 
0 1 0 0 0 0 0 1 
0 1 0 0 1 0 0 0 
0 0 0 1 0 0 1 0 
0 0 0 1 1 0 0 0 
0 1 1 0 0 0 0 0 
0 0 0 0 0 1 0 1 
0 0 0 0 1 0 0 1 
0 1 0 0 1 0 0 0 
0 0 0 0 1 1 0 0 
0 1 0 1 0 0 0 0 
1 0 0 0 0 0 0 1 
0 0 0 0 0 1 0 1 
1 1 0 0 0 0 0 0 
1 0 0 0 0 0 0 1 
0 0 0 1 0 0 0 1 
0 1 0 0 0 1 0 0 
1 0 0 0 0 0 0 1 
0 1 0 1 0 0 0 0 
1 0 0 1 0 0 0 0 
0 0 0 1 0 1 0 0 
1 0 0 0 0 1 0 0 
0 0 0 1 1 0 0 0 
0 0 0 0 1 1 0 0 
0 0 1 0 1 0 0 0 
0 0 0 0 1 0 0 1 
0 1 0 0 0 1 0 0 
1 0 0 0 1 0 0 0 
0 0 0 1 1 0 0 0 
0 0 1 0 0 1 0 0 
0 0 0 1 0 0 0 1 
1 0 1 0 0 0 0 0 
0 0 0 1 0 1 0 0 
0 0 0 0 1 0 0 1 
0 0 1 0 0 0 1 0 
0 0 1 0 0 0 1 0 
0 1 1 0 0 0 0 0 
0 0 1 0 0 0 1 0 
1 0 1 0 0 0 0 0 
0 1 1 0 0 0 0 0 
1 0 0 0 0 0 0 1 
0 0 0 1 0 1 0 0 
0 1 0 0 0 1 0 0 
0 1 0 1 0 0 0 0 
1 0 0 0 0 1 0 0 
0 1 0 0 0 0 1 0 
1 0 0 0 1 0 0 0 
0 0 0 1 1 0 0 0 
0 0 1 1 0 0 0 0 
0 0 0 0 1 0 0 1 
0 0 0 1 1 0 0 0 
1 0 0 1 0 0 0 0 
0 0 1 0 0 0 0 1 
1 1 0 0 0 0 0 0 
1 1 0 0 0 0 0 0 
0 0 0 0 0 1 1 0 
0 0 0 0 1 0 1 0 
0 1 0 0 0 0 1 0 
0 0 0 0 1 0 1 0 
0 1 0 0 0 1 0 0 
0 0 0 0 1 1 0 0 
0 0 0 0 1 0 0 1 
0 0 0 0 0 1 1 0 
1 0 0 0 0 0 0 1 
0 1 0 1 0 0 0 0 
0 1 0 0 0 0 1 0 
0 0 1 0 0 0 0 1 
0 0 1 1 0 0 0 0 
1 0 0 0 1 0 0 0 
0 1 0 0 0 0 0 1 
0 0 0 0 1 1 0 0 
0 0 0 0 1 0 1 0 
0 0 0 0 1 1 0 0 
0 0 0 0 1 0 1 0 
0 0 0 0 1 0 0 1 
0 0 0 0 1 1 0 0 
0 0 1 0 0 0 1 0 
0 0 1 0 0 0 1 0 
0 0 0 0 1 1 0 0 
0 0 0 0 0 1 1 0 
0 0 0 0 1 0 1 0 
0 0 1 0 0 0 0 1 
0 0 0 0 1 1 0 0 
1 1 0 0 0 0 0 0 
0 0 1 0 0 0 1 0 
1 0 0 0 0 1 0 0 
0 1 0 0 0 0 1 0 
1 0 1 0 0 0 0 0 
0 0 0 0 0 1 1 0 
0 0 0 1 0 1 0 0 
1 0 0 0 0 0 1 0 
0 0 0 0 1 1 0 0 
0 1 0 0 0 1 0 0 
0 0 1 0 1 0 0 0 
0 0 0 0 0 1 1 0 
0 0 0 1 0 1 0 0 
0 1 0 0 0 1 0 0 
0 0 0 0 0 0 1 1 
0 1 0 1 0 0 0 0 
1 0 0 1 0 0 0 0 
0 0 0 0 1 0 1 0 
1 0 0 0 0 0 0 1 
1 0 0 0 0 1 0 0 
1 0 0 0 0 1 0 0 
0 0 0 1 0 0 1 0 
0 0 1 0 0 1 0 0 
0 0 1 0 0 0 0 1 
0 1 1 0 0 0 0 0 
0 0 0 1 0 0 0 1 
0 0 1 0 0 1 0 0 
0 0 0 0 1 0 0 1 
0 1 0 0 0 0 0 1 
0 1 0 0 1 0 0 0 
0 0 0 0 0 1 0 1 
0 0 1 0 0 0 0 1 
0 0 0 0 0 1 1 0 
0 0 1 0 0 1 0 0 
1 1 0 0 0 0 0 0 
1 0 1 0 0 0 0 0 
0 0 0 0 1 0 1 0 
1 0 0 0 0 0 0 1 
0 0 0 1 0 0 0 1 
0 0 0 0 1 1 0 0 
0 0 0 0 1 0 0 1 
0 1 0 0 0 0 1 0 
0 0 0 1 0 0 0 1 
0 0 1 0 0 0 0 1 
0 0 0 0 0 1 1 0 
0 1 0 0 0 0 1 0 
0 0 0 0 0 1 1 0 
0 0 1 0 0 0 0 1 
1 0 0 0 0 0 1 0 
0 0 0 1 1 0 0 0 
0 0 0 0 1 1 0 0 
1 1 0 0 0 0 0 0 
0 0 0 0 0 1 1 0 
0 0 0 1 0 1 0 0 
0 0 0 0 1 1 0 0 
0 0 0 1 1 0 0 0 
0 0 0 1 0 1 0 0 
0 1 0 0 0 0 1 0 
0 0 1 0 0 1 0 0 
0 0 0 1 1 0 0 0 
1 0 0 0 1 0 0 0 
0 0 0 1 0 0 0 1 
1 0 0 1 0 0 0 0 
0 0 0 0 1 0 0 1 
1 1 0 0 0 0 0 0 
0 1 0 1 0 0 0 0 
0 1 1 0 0 0 0 0 
0 0 1 0 1 0 0 0 
0 0 0 0 0 1 0 1 
1 0 0 0 0 0 1 0 
0 1 0 0 0 0 1 0 
0 0 0 1 0 0 1 0 
0 0 1 0 1 0 0 0 
0 0 0 1 1 0 0 0 
1 0 0 0 1 0 0 0 
0 0 0 1 0 0 1 0 
0 0 0 0 0 1 0 1 
0 0 0 0 1 1 0 0 
1 0 0 0 1 0 0 0 
1 1 0 0 0 0 0 0 
1 0 0 0 0 0 0 1 
0 0 0 1 0 1 0 0 
0 0 0 0 0 1 1 0 
0 1 0 0 0 0 0 1 
0 0 0 1 0 0 0 1 
1 1 1 1 1 1 1 1 
;
TIMETABLE BEST: 
0.0 0.0 0.0 0.0 0.0 0.0 0.0 0.0 
0 14 0 0 0 0 0 0 
0 14 0 0 17 0 0 0 
0 28 0 17 17 0 0 0 
0 28 0 17 17 0 24 0 
0 28 0 17 17 36 24 0 
0 28 0 26 17 36 65 0 
0 28 0 26 17 36 65 18 
0 28 0 26 17 36 65 33 
0 28 0 26 26 36 65 33 
17 28 0 26 26 36 65 33 
26 28 14 26 26 36 65 33 
26 28 25 26 26 36 65 33 
26 28 25 26 26 36 65 33 
26 28 25 26 26 36 65 33 
48 28 25 26 26 36 65 33 
48 28 25 26 26 36 65 33 
48 28 44 26 26 36 65 33 
48 41 44 26 26 36 65 33 
48 41 44 57 26 36 65 66 
48 41 44 57 26 36 65 66 
48 41 44 57 38 36 65 66 
48 60 44 57 38 54 65 66 
69 60 44 57 49 54 65 66 
69 60 44 70 49 54 65 66 
69 60 44 70 60 54 65 66 
69 60 44 70 60 54 65 66 
69 60 44 70 71 54 65 66 
69 60 59 70 71 98 65 66 
69 60 59 70 71 98 65 66 
69 60 59 70 71 98 65 66 
69 72 74 70 71 98 65 66 
69 72 74 70 71 98 65 80 
69 72 88 70 71 98 65 94 
69 72 88 70 71 98 65 94 
69 72 88 70 71 98 94 156 
69 72 88 70 80 98 94 156 
69 84 88 70 80 98 94 156 
69 116 88 70 80 98 94 156 
69 116 88 70 80 98 94 156 
82 116 88 70 80 98 94 156 
82 116 88 82 80 98 94 156 
82 116 88 82 98 98 94 156 
82 116 88 82 98 98 94 156 
98 116 88 82 98 98 94 156 
98 116 88 94 98 98 94 156 
98 116 120 94 98 98 94 156 
98 116 120 105 98 98 94 156 
98 116 120 116 98 130 94 156 
112 116 120 116 98 130 130 156 
144 116 120 116 98 130 130 156 
144 132 120 116 98 130 130 156 
144 146 120 116 98 130 130 156 
144 146 142 116 98 175 130 156 
187 146 142 116 98 175 130 156 
187 160 142 116 116 175 130 156 
187 160 142 130 156 175 130 156 
187 175 142 130 191 175 130 156 
187 175 142 154 191 175 143 156 
187 175 142 154 191 175 143 228 
187 175 176 154 191 175 156 228 
187 175 176 154 191 205 156 228 
187 175 176 189 191 205 156 228 
187 175 176 189 191 205 156 228 
187 175 176 189 191 205 169 228 
187 175 176 189 191 205 169 228 
187 175 176 189 191 205 182 228 
231 175 176 214 191 205 182 228 
231 175 214 214 191 205 182 228 
231 190 214 214 191 205 192 228 
231 190 214 214 204 205 192 228 
231 190 214 214 204 205 202 228 
231 242 214 214 204 205 202 228 
231 242 214 214 204 205 202 228 
231 242 214 214 204 205 202 228 
231 242 214 214 204 205 212 228 
231 242 250 214 204 236 212 228 
231 242 250 214 229 236 212 240 
231 242 250 244 266 236 212 240 
231 242 250 244 266 236 212 240 
231 242 250 244 266 236 212 240 
231 242 250 244 266 236 222 240 
231 242 278 255 266 236 222 240 
231 242 278 255 266 236 235 240 
242 242 278 255 266 236 273 240 
242 242 278 255 266 236 286 240 
253 242 278 255 266 236 286 240 
280 242 278 276 266 236 286 240 
280 242 278 276 266 236 304 240 
280 242 278 276 266 288 347 240 
280 273 278 276 266 288 347 240 
280 273 278 276 266 361 347 240 
280 273 278 276 266 387 347 298 
307 273 278 276 266 387 347 298 
307 298 278 276 266 387 347 298 
307 298 314 276 284 387 347 298 
307 298 314 276 295 387 347 298 
307 318 314 311 295 387 347 298 
307 318 326 311 295 387 347 298 
307 318 326 311 295 387 347 298 
307 318 326 311 306 387 347 309 
307 318 326 311 306 387 347 309 
318 318 326 311 306 387 347 309 
340 318 326 311 348 387 347 309 
340 318 326 330 348 387 347 320 
340 318 358 330 348 387 347 320 
340 336 358 330 348 387 347 320 
340 336 358 330 348 387 347 343 
340 336 358 330 348 387 381 343 
340 336 358 342 348 387 381 343 
340 336 358 342 348 387 431 343 
340 336 423 342 348 387 431 343 
340 336 423 342 348 387 431 343 
392 336 423 342 348 387 431 363 
392 354 423 342 348 387 431 363 
392 354 423 342 369 387 431 363 
392 354 423 360 369 387 489 363 
392 354 423 395 380 387 489 363 
392 374 423 395 380 387 489 363 
392 374 423 395 380 387 489 363 
392 374 423 395 380 387 489 374 
392 401 423 395 403 387 489 374 
392 401 423 395 416 402 489 374 
392 401 423 413 416 402 489 374 
392 401 423 413 416 402 489 387 
392 401 423 413 416 417 489 387 
408 428 423 413 416 417 489 387 
436 428 423 413 416 417 489 387 
436 428 423 413 416 417 489 421 
436 428 423 413 416 430 489 421 
436 428 423 413 416 430 489 452 
436 444 423 426 416 430 489 452 
449 444 423 426 416 430 489 452 
449 444 423 440 416 430 489 452 
464 444 423 440 416 443 489 452 
464 444 423 455 429 443 489 452 
464 444 423 455 429 443 489 452 
464 444 434 455 429 443 489 452 
464 444 434 455 429 443 489 463 
464 478 434 455 429 456 489 463 
464 478 434 455 429 456 489 463 
464 478 434 455 459 456 489 463 
464 478 434 455 459 456 489 463 
464 478 434 470 459 456 489 463 
496 478 457 470 459 456 489 463 
496 478 457 491 459 494 489 463 
496 478 457 491 494 494 489 483 
496 478 457 491 494 494 489 483 
496 478 457 491 494 494 506 483 
496 496 457 491 494 494 506 483 
496 496 486 491 494 494 523 483 
496 496 517 491 494 494 523 483 
496 496 517 491 494 494 523 483 
510 496 517 491 494 494 523 521 
510 496 517 502 494 516 523 521 
510 496 517 502 494 516 523 521 
510 496 517 513 494 516 523 521 
521 496 517 513 494 551 523 521 
521 534 517 513 494 551 548 521 
532 534 517 513 507 551 548 521 
532 534 517 526 507 551 548 521 
532 534 552 526 507 551 548 521 
532 534 552 526 507 551 548 534 
532 534 552 526 542 551 548 534 
562 534 552 582 542 551 548 534 
562 534 588 582 542 551 548 555 
581 552 588 582 542 551 548 555 
603 564 588 582 542 551 548 555 
603 564 588 582 542 551 548 555 
603 564 588 582 554 551 548 555 
603 564 588 582 554 551 548 555 
603 564 588 582 554 551 584 555 
603 583 588 582 554 581 584 555 
603 583 588 582 554 592 584 555 
603 583 588 582 601 592 584 555 
603 583 588 582 601 603 611 555 
634 583 588 582 601 603 611 608 
634 621 588 594 601 603 611 608 
634 636 588 594 601 603 630 608 
634 636 620 594 601 603 630 608 
634 636 632 672 601 603 630 608 
650 636 632 672 601 603 630 608 
650 636 632 672 601 603 630 624 
650 636 632 672 601 616 630 624 
650 636 632 672 601 616 630 624 
650 636 632 672 619 627 630 624 
650 636 632 672 619 627 630 624 
650 636 632 672 619 627 630 654 
650 636 632 672 640 627 630 654 
650 636 645 672 640 627 642 654 
650 636 656 672 640 627 642 654 
650 636 656 672 640 644 642 654 
650 636 656 672 640 655 653 654 
650 636 656 672 654 655 653 654 
650 636 656 672 654 655 653 690 
650 636 656 672 668 655 653 690 
650 658 656 672 668 655 653 690 
650 658 668 672 668 655 653 690 
650 658 668 672 668 655 653 690 
650 670 668 672 668 655 653 690 
662 670 700 672 668 655 653 690 
662 670 700 672 668 666 653 690 
662 670 700 685 668 666 653 690 
674 670 700 685 668 666 672 690 
674 670 700 685 682 666 672 690 
674 682 700 685 682 666 672 690 
674 682 711 685 697 666 672 690 
674 682 711 685 697 666 690 690 
674 682 711 685 697 677 690 690 
674 682 711 685 697 677 690 690 
674 682 711 685 697 677 714 690 
674 705 711 696 697 677 714 690 
674 705 711 707 697 677 714 690 
674 705 711 707 734 677 747 690 
687 705 711 707 734 677 747 706 
722 705 711 707 734 677 747 706 
743 705 711 707 734 688 747 706 
743 705 711 762 734 688 762 706 
743 705 711 762 734 705 762 706 
743 705 722 762 734 705 762 719 
743 728 722 762 734 705 762 719 
743 728 722 774 734 705 762 719 
743 728 755 774 734 731 762 719 
743 728 755 774 756 731 762 719 
743 728 755 774 756 731 762 719 
743 758 755 774 756 731 762 719 
743 758 755 774 756 744 762 719 
743 758 755 774 756 744 762 776 
743 758 755 774 756 757 762 776 
743 758 770 774 756 775 762 776 
743 769 770 774 756 775 762 776 
780 769 792 774 756 775 762 776 
780 769 792 774 775 775 780 776 
816 769 792 774 775 775 780 776 
816 769 792 786 775 775 780 776 
816 769 792 786 788 775 780 776 
816 769 792 786 809 775 780 806 
816 796 792 786 809 775 780 806 
816 796 792 824 809 775 780 826 
816 796 816 824 809 775 780 844 
816 796 816 824 809 788 780 844 
816 828 816 824 809 788 780 844 
816 828 816 824 809 801 804 844 
816 828 862 824 809 801 804 868 
836 828 862 824 809 801 816 868 
836 828 862 824 809 801 816 868 
836 828 862 824 826 812 816 868 
856 841 862 824 826 812 816 868 
856 841 862 824 826 812 830 868 
856 841 862 824 826 826 830 868 
856 841 862 824 826 841 830 868 
856 841 862 824 846 841 830 868 
856 841 862 824 846 841 830 868 
856 854 862 824 846 841 852 868 
856 854 877 824 846 876 852 868 
856 854 877 842 858 876 852 868 
856 854 877 842 883 876 852 868 
856 854 877 842 883 876 852 868 
876 854 877 842 883 876 852 868 
876 854 877 842 883 876 852 868 
876 854 877 842 883 876 852 868 
876 854 877 862 883 876 852 868 
876 878 877 862 883 876 852 868 
876 878 912 862 883 876 852 868 
876 878 912 862 883 893 852 880 
902 878 912 862 883 893 867 880 
902 919 912 862 883 893 886 880 
902 919 912 900 883 893 912 880 
902 919 950 900 883 893 912 880 
902 919 950 900 920 893 912 880 
914 919 950 900 932 893 912 880 
914 919 950 974 932 893 912 880 
914 919 950 974 932 893 912 892 
914 919 950 974 975 946 912 892 
959 919 950 974 1025 946 912 892 
1032 919 950 974 1025 946 912 892 
1046 919 950 974 1025 946 912 931 
1046 919 950 986 1025 959 912 931 
1046 919 950 986 1025 1017 924 931 
1046 964 950 986 1025 1017 924 931 
1046 964 950 1031 1025 1017 924 999 
1072.0 1024.0 986.0 1098.0 1064.0 1088.0 998.0 1100.0 
;
EXECUTION TIME HBSS: 5055.92202115 seconds 

-------------------------------------------------------------------
