DATFILE : bwopen0_9r_500.dat
ENVIRONMENT : bwopen
ALGORITHM : HBSS - TAU 9
RANGE : 500
STARTING_POS : 0
N_ROBOTS : 9
GREEDY SOLUTION : 475.0
COMPUTATIONS T :
491.0
491.0
491.0
491.0
491.0
504.0
491.0
491.0
491.0
491.0
491.0
491.0
491.0
491.0
491.0
491.0
491.0
491.0
491.0
491.0
491.0
491.0
491.0
491.0
491.0
491.0
491.0
502.0
491.0
491.0
491.0
491.0
491.0
491.0
491.0
491.0
514.0
491.0
491.0
491.0
491.0
491.0
522.0
491.0
487.0
491.0
491.0
491.0
491.0
491.0
491.0
491.0
491.0
491.0
506.0
491.0
491.0
486.0
491.0
491.0
491.0
491.0
491.0
491.0
491.0
491.0
491.0
491.0
545.0
491.0
491.0
491.0
492.0
491.0
491.0
491.0
491.0
491.0
491.0
491.0
522.0
491.0
491.0
491.0
491.0
491.0
500.0
490.0
491.0
491.0
491.0
491.0
491.0
491.0
491.0
545.0
491.0
491.0
491.0
491.0
491.0
491.0
491.0
491.0
491.0
491.0
491.0
491.0
491.0
491.0
491.0
491.0
491.0
491.0
491.0
491.0
491.0
491.0
491.0
491.0
491.0
491.0
491.0
491.0
509.0
491.0
491.0
491.0
491.0
491.0
491.0
491.0
541.0
524.0
491.0
491.0
491.0
491.0
490.0
491.0
491.0
491.0
502.0
491.0
491.0
491.0
491.0
491.0
491.0
491.0
491.0
491.0
491.0
491.0
491.0
491.0
491.0
491.0
491.0
507.0
491.0
491.0
491.0
491.0
491.0
491.0
491.0
491.0
491.0
491.0
491.0
491.0
491.0
491.0
507.0
491.0
491.0
491.0
491.0
491.0
491.0
491.0
491.0
524.0
491.0
491.0
491.0
491.0
491.0
491.0
491.0
491.0
491.0
491.0
491.0
491.0
491.0
491.0
479.0
491.0
;
HBBS bestT : 479.0
BEST_CONFIGURATIONS : 
0 0 0 0 0 0 0 0 0 
0 4 0 0 0 0 0 0 0 
0 4 26 0 0 0 0 0 0 
0 4 26 0 0 0 0 0 0 
0 4 26 1 0 0 0 0 0 
0 4 26 1 0 0 0 0 0 
0 4 26 1 0 0 0 0 0 
0 4 26 1 5 0 0 0 0 
0 4 26 1 5 22 0 0 0 
0 4 26 1 5 22 0 0 0 
0 4 26 1 5 22 0 0 0 
0 4 26 1 5 22 0 0 0 
0 4 26 1 5 22 0 0 0 
0 4 26 1 5 22 0 0 0 
0 4 26 1 5 22 0 0 0 
0 4 26 1 5 22 0 0 0 
0 4 26 1 5 22 8 0 0 
0 4 26 1 5 22 8 0 0 
0 4 26 1 5 22 8 0 0 
0 4 26 1 5 22 8 0 0 
0 4 26 1 5 22 8 0 0 
0 4 26 1 5 22 8 0 0 
0 4 26 1 5 22 8 27 0 
0 4 26 1 5 22 8 27 0 
0 4 26 1 5 22 8 27 0 
0 4 26 1 5 22 8 27 0 
0 4 26 1 5 22 8 27 0 
0 4 26 1 5 22 8 27 0 
0 4 26 1 5 22 8 27 0 
0 4 26 1 5 22 8 27 2 
0 4 26 1 5 22 8 27 2 
0 4 26 1 5 22 8 27 2 
0 4 26 1 5 22 8 27 2 
0 4 26 1 5 22 8 27 2 
0 4 26 1 5 22 8 27 2 
0 4 26 1 5 22 8 27 2 
0 4 26 1 5 22 8 27 2 
0 4 26 1 5 22 13 27 2 
0 4 26 1 5 22 13 27 2 
0 4 5 1 5 22 13 27 2 
0 4 5 1 5 22 13 27 2 
0 4 5 1 22 22 13 27 2 
0 4 5 1 22 8 13 27 2 
0 4 5 1 22 8 13 27 2 
0 4 5 1 22 8 13 27 6 
0 4 5 1 22 8 13 27 6 
0 4 5 1 22 8 13 27 6 
0 4 5 1 22 8 13 27 6 
0 4 5 1 22 8 13 27 6 
0 4 5 1 22 8 13 27 6 
0 4 5 1 22 8 13 27 6 
0 4 5 1 22 8 17 27 6 
0 4 5 1 22 8 17 27 6 
0 4 5 1 22 8 17 27 6 
0 4 5 1 22 8 17 27 6 
0 4 5 1 22 8 17 27 6 
0 4 5 1 22 8 17 27 6 
0 4 5 1 22 8 17 27 21 
0 4 5 1 22 8 17 27 21 
0 4 5 1 22 8 17 27 21 
0 26 5 1 22 8 13 27 21 
1 26 5 1 22 8 13 27 3 
1 26 5 1 22 8 13 27 3 
1 26 5 1 22 8 17 27 3 
1 26 5 1 13 8 17 27 3 
1 26 5 1 13 25 17 27 3 
1 26 5 1 13 25 17 27 3 
1 26 4 1 13 25 17 27 3 
1 26 4 0 13 25 17 27 3 
1 26 4 0 13 25 17 27 3 
1 26 4 0 13 25 17 27 3 
1 26 4 0 13 25 17 27 3 
1 26 4 0 13 25 17 27 7 
1 5 4 0 13 25 17 27 7 
1 5 22 0 13 25 17 27 7 
1 5 22 0 8 25 17 27 7 
1 5 22 0 8 25 18 27 7 
1 5 22 0 8 25 18 27 7 
1 5 22 0 8 25 18 27 7 
1 5 22 4 8 25 18 27 7 
1 5 22 4 8 25 18 27 7 
1 5 22 4 8 25 18 27 7 
1 5 22 4 8 25 18 27 7 
1 26 22 4 8 25 18 27 7 
1 26 22 4 8 25 18 27 12 
1 26 22 4 8 17 18 27 12 
1 26 22 4 13 17 18 27 12 
2 26 22 4 13 17 18 27 12 
2 26 9 4 13 17 18 27 12 
2 26 9 4 13 17 14 27 12 
2 4 9 4 13 17 14 27 12 
2 4 9 4 13 17 14 27 12 
2 4 9 0 13 17 14 27 12 
2 4 9 0 13 17 14 27 12 
2 4 9 0 13 17 14 27 12 
2 4 9 0 13 17 14 27 12 
2 4 9 0 13 17 14 1 12 
2 4 9 0 13 17 14 1 12 
2 4 9 0 13 17 14 1 12 
2 4 9 0 13 17 14 1 12 
2 4 9 0 13 17 14 1 12 
2 4 9 0 13 17 14 1 12 
2 26 9 0 13 17 14 1 12 
2 26 9 0 13 17 14 1 12 
2 26 9 0 13 17 14 1 16 
2 26 9 0 13 17 14 1 16 
2 26 9 0 13 25 14 1 16 
2 26 9 0 13 25 14 1 16 
2 26 9 0 8 25 14 1 16 
2 26 9 0 8 25 14 1 16 
2 26 9 0 8 25 14 27 16 
2 26 9 0 8 25 14 27 16 
6 26 9 0 8 25 14 27 16 
6 26 9 0 8 25 14 27 16 
6 26 9 0 8 25 14 27 16 
6 26 9 0 8 25 14 27 16 
6 26 9 0 8 25 14 27 16 
6 26 9 5 8 25 14 27 16 
6 26 9 5 8 25 14 27 16 
6 26 9 5 22 25 14 27 16 
6 26 9 5 22 25 14 27 16 
6 26 9 5 22 25 14 27 12 
6 26 9 5 22 18 14 27 12 
6 26 9 5 22 18 14 27 12 
6 26 9 5 22 18 14 27 12 
6 26 9 5 22 18 14 2 12 
6 26 9 5 22 18 15 2 12 
6 1 9 5 22 18 15 2 12 
6 1 9 5 22 18 15 2 12 
6 1 9 4 22 18 15 2 12 
6 1 9 4 5 18 15 2 12 
6 1 9 4 5 14 15 2 12 
6 1 9 4 5 14 15 2 12 
6 1 9 4 5 14 15 2 12 
6 1 9 4 26 14 15 2 12 
6 1 9 4 26 18 15 2 12 
6 1 9 4 26 18 15 2 16 
21 1 9 4 26 18 15 2 16 
21 1 9 4 26 18 15 2 16 
21 1 9 4 26 18 15 2 16 
21 1 9 4 26 18 15 2 16 
21 1 9 22 26 18 15 2 16 
21 27 9 22 26 18 15 2 16 
21 27 9 22 26 14 15 2 16 
21 27 9 22 26 14 15 2 12 
21 27 9 8 26 14 15 2 12 
21 27 10 8 26 14 15 2 12 
21 27 10 8 26 14 15 2 12 
21 27 10 8 26 14 15 2 12 
21 27 10 8 0 14 15 2 12 
21 27 10 8 0 14 15 2 12 
21 27 10 8 0 14 15 2 12 
21 27 10 8 0 14 15 2 12 
21 27 10 8 0 14 15 2 12 
21 27 10 8 0 18 15 2 12 
21 27 10 8 0 18 15 2 16 
3 27 10 8 0 18 15 2 16 
3 27 10 8 0 18 15 2 16 
3 27 10 8 0 18 15 2 16 
3 27 10 8 0 18 15 2 16 
3 27 10 22 0 18 15 2 16 
3 27 10 22 4 18 15 2 16 
3 9 10 22 4 18 15 2 16 
3 9 10 22 4 18 15 2 16 
3 9 10 22 4 18 15 2 12 
3 9 10 26 4 18 15 2 12 
3 9 10 26 4 25 15 2 12 
3 9 10 26 4 25 15 2 12 
3 9 10 26 5 25 15 2 12 
3 24 10 26 5 25 15 2 12 
3 24 10 26 5 25 15 6 12 
3 24 10 26 5 25 15 6 12 
3 24 10 26 5 25 15 6 12 
3 24 10 26 5 25 15 6 12 
3 24 10 26 5 25 15 6 12 
3 24 10 26 5 25 15 6 12 
3 24 10 26 5 25 15 6 12 
3 24 10 26 5 25 15 6 12 
3 24 10 26 5 25 15 6 12 
3 24 10 4 5 25 15 6 12 
3 24 10 4 5 25 15 6 16 
3 24 10 4 5 25 15 21 16 
3 24 10 4 22 25 15 21 16 
3 24 10 4 22 17 15 21 16 
3 24 10 4 22 17 15 21 16 
3 24 10 4 22 17 15 21 16 
3 24 10 4 22 17 15 21 16 
3 24 10 4 22 17 15 21 23 
3 24 10 4 22 17 15 21 23 
3 24 10 4 22 17 15 21 23 
3 24 10 4 22 17 15 21 23 
3 24 10 4 22 17 15 21 23 
3 24 10 4 22 13 15 21 23 
3 24 10 4 22 13 15 21 23 
3 24 10 4 22 13 15 21 23 
3 24 10 4 8 13 15 21 23 
3 24 10 0 8 13 15 21 23 
3 24 10 0 8 13 15 21 20 
3 24 10 0 8 13 15 21 20 
3 24 10 0 8 13 15 21 20 
3 24 10 0 8 13 15 21 20 
3 24 10 0 8 13 15 21 20 
3 24 10 0 8 25 15 21 20 
3 24 10 1 8 25 15 21 20 
3 24 10 1 8 25 15 21 20 
3 24 10 1 8 25 15 7 20 
3 24 10 1 8 25 15 7 20 
3 24 10 1 8 25 15 7 20 
3 24 10 1 8 25 15 7 20 
3 24 10 1 8 25 15 7 20 
3 24 10 1 8 18 15 7 20 
3 24 10 1 8 18 15 7 20 
3 24 10 1 14 18 15 7 20 
3 24 10 1 14 18 15 7 20 
21 24 10 1 14 18 15 7 20 
21 24 9 1 14 18 15 7 20 
21 24 9 27 14 18 15 7 20 
21 24 9 27 14 18 15 7 20 
21 24 9 27 14 18 15 7 20 
21 24 9 27 14 18 15 7 20 
6 24 9 27 14 18 19 7 20 
6 24 9 27 14 18 19 7 20 
6 24 9 27 14 18 19 7 20 
6 24 9 27 14 18 19 7 20 
6 24 9 27 14 18 19 7 20 
6 24 9 27 14 18 19 7 20 
6 24 9 27 14 18 19 7 20 
6 24 9 27 14 15 19 7 20 
6 24 9 27 14 15 19 7 20 
6 24 9 27 14 15 19 7 20 
6 24 9 27 14 15 19 7 23 
6 24 9 27 14 15 19 7 23 
6 24 9 27 14 15 19 7 23 
6 24 9 27 14 15 19 7 23 
6 24 9 27 14 15 19 7 23 
6 24 9 27 14 10 19 7 23 
6 11 9 27 14 10 19 7 23 
6 11 9 27 14 10 19 7 23 
6 11 9 1 14 10 19 7 23 
6 11 9 1 14 10 19 7 23 
6 11 9 1 14 10 19 7 23 
6 11 9 1 14 10 19 7 23 
6 11 9 1 14 10 19 7 23 
6 11 9 1 14 10 19 7 23 
6 11 9 1 14 10 19 7 20 
6 11 9 1 18 10 19 7 20 
6 11 9 1 18 15 19 7 20 
6 11 9 1 18 15 19 7 20 
21 11 9 1 18 15 19 7 20 
21 11 9 1 18 15 19 7 20 
21 11 24 1 18 15 19 7 20 
21 11 24 27 18 15 19 7 20 
21 11 24 27 18 15 19 3 20 
21 11 24 27 18 15 19 3 23 
21 11 24 27 18 15 20 3 23 
21 11 6 27 18 15 20 3 23 
21 11 6 27 25 15 20 3 23 
21 11 6 2 25 15 20 3 23 
21 11 6 2 25 15 20 7 23 
21 11 6 2 25 19 20 7 23 
21 11 6 2 25 19 20 7 23 
21 11 6 2 25 19 20 7 16 
21 11 6 2 25 19 20 7 16 
21 11 6 2 25 19 20 7 16 
21 11 6 2 25 19 20 7 16 
21 11 24 2 25 19 20 7 16 
21 11 24 2 25 19 23 7 16 
21 11 24 2 17 19 23 7 16 
7 11 24 2 17 19 23 12 16 
7 11 24 2 17 19 23 12 16 
7 11 24 2 17 19 23 12 16 
7 11 24 2 17 19 23 12 16 
7 11 24 2 17 19 23 12 16 
7 11 24 2 13 19 23 12 16 
7 11 24 2 13 19 20 12 16 
7 11 24 2 8 19 20 12 16 
7 11 5 2 8 19 20 12 16 
7 11 5 2 8 19 20 12 16 
11 11 5 26 8 19 20 12 16 
11 11 5 26 22 19 20 12 16 
11 11 5 26 22 19 20 12 16 
0 0 0 0 0 0 0 0 0 
;
ROBOT MOVING BEST:
0 0 0 0 0 0 0 0 0 
1 1 0 0 0 0 0 0 0 
1 0 1 0 0 0 0 0 0 
0 1 1 0 0 0 0 0 0 
1 0 0 1 0 0 0 0 0 
0 1 0 1 0 0 0 0 0 
0 0 1 1 0 0 0 0 0 
1 0 0 0 1 0 0 0 0 
1 0 0 0 0 1 0 0 0 
0 1 0 0 1 0 0 0 0 
0 1 0 0 0 1 0 0 0 
0 0 1 0 1 0 0 0 0 
0 0 1 0 0 1 0 0 0 
0 0 0 1 1 0 0 0 0 
0 0 0 1 0 1 0 0 0 
0 0 0 0 1 1 0 0 0 
1 0 0 0 0 0 1 0 0 
0 1 0 0 0 0 1 0 0 
0 0 1 0 0 0 1 0 0 
0 0 0 1 0 0 1 0 0 
0 0 0 0 1 0 1 0 0 
0 0 0 0 0 1 1 0 0 
1 0 0 0 0 0 0 1 0 
0 1 0 0 0 0 0 1 0 
0 0 1 0 0 0 0 1 0 
0 0 0 1 0 0 0 1 0 
0 0 0 0 1 0 0 1 0 
0 0 0 0 0 1 0 1 0 
0 0 0 0 0 0 1 1 0 
1 0 0 0 0 0 0 0 1 
0 1 0 0 0 0 0 0 1 
0 0 1 0 0 0 0 0 1 
0 0 0 1 0 0 0 0 1 
0 0 0 0 1 0 0 0 1 
0 0 0 0 0 1 0 0 1 
0 0 0 0 0 0 1 0 1 
0 0 0 0 0 0 0 1 1 
1 0 0 0 0 0 1 0 0 
0 1 0 0 0 0 1 0 0 
0 0 1 0 0 0 1 0 0 
0 0 0 1 0 0 1 0 0 
0 0 0 0 1 0 1 0 0 
0 0 0 0 0 1 1 0 0 
0 0 0 0 0 0 1 1 0 
1 0 0 0 0 0 0 0 1 
0 1 0 0 0 0 0 0 1 
0 0 1 0 0 0 0 0 1 
0 0 0 1 0 0 0 0 1 
0 0 0 0 1 0 0 0 1 
0 0 0 0 0 1 0 0 1 
0 0 0 0 0 0 0 1 1 
1 0 0 0 0 0 1 0 0 
0 1 0 0 0 0 1 0 0 
0 0 1 0 0 0 1 0 0 
0 0 0 0 1 0 1 0 0 
0 0 0 0 0 1 1 0 0 
0 0 0 0 0 0 1 1 0 
0 0 1 0 0 0 0 0 1 
0 0 0 1 0 0 0 0 1 
0 0 0 0 0 0 0 1 1 
0 1 0 0 0 0 1 0 0 
1 0 0 0 0 0 0 0 1 
0 0 0 0 0 0 0 1 1 
0 1 0 0 0 0 1 0 0 
0 0 0 0 1 0 1 0 0 
1 0 0 0 0 1 0 0 0 
0 1 0 0 0 1 0 0 0 
0 0 1 0 0 1 0 0 0 
0 0 0 1 0 1 0 0 0 
0 0 0 0 1 1 0 0 0 
0 0 0 0 0 1 1 0 0 
0 0 0 0 0 1 0 1 0 
0 0 0 0 0 0 0 1 1 
0 1 0 0 0 1 0 0 0 
0 0 1 0 0 1 0 0 0 
0 0 0 0 1 1 0 0 0 
1 0 0 0 0 0 1 0 0 
0 1 0 0 0 0 1 0 0 
0 0 1 0 0 0 1 0 0 
0 0 0 1 0 0 1 0 0 
0 0 0 0 1 0 1 0 0 
0 0 0 0 0 1 1 0 0 
0 0 0 0 0 0 1 1 0 
0 1 0 0 0 0 1 0 0 
0 0 0 0 0 0 0 1 1 
0 0 0 0 0 1 1 0 0 
0 0 0 0 1 0 1 0 0 
1 0 0 0 0 0 0 0 1 
1 0 1 0 0 0 0 0 0 
1 0 0 0 0 0 1 0 0 
0 1 1 0 0 0 0 0 0 
0 1 0 0 0 0 1 0 0 
0 0 1 1 0 0 0 0 0 
0 0 1 0 1 0 0 0 0 
0 0 1 0 0 1 0 0 0 
0 0 1 0 0 0 1 0 0 
0 0 1 0 0 0 0 1 0 
0 0 1 0 0 0 0 0 1 
0 0 0 1 0 0 1 0 0 
0 0 0 0 1 0 1 0 0 
0 0 0 0 0 1 1 0 0 
0 0 0 0 0 0 1 1 0 
0 1 1 0 0 0 0 0 0 
0 1 0 0 0 0 1 0 0 
0 0 1 0 0 0 0 0 1 
0 0 0 0 0 0 1 0 1 
0 0 1 0 0 1 0 0 0 
0 0 0 0 0 1 1 0 0 
0 0 1 0 1 0 0 0 0 
0 0 0 0 1 0 1 0 0 
0 0 1 0 0 0 0 1 0 
0 0 0 0 0 0 1 1 0 
1 1 0 0 0 0 0 0 0 
1 0 1 0 0 0 0 0 0 
1 0 0 0 0 1 0 0 0 
1 0 0 0 0 0 1 0 0 
1 0 0 0 0 0 0 0 1 
0 0 1 1 0 0 0 0 0 
0 0 0 1 0 0 1 0 0 
0 0 1 0 1 0 0 0 0 
0 0 0 0 1 0 1 0 0 
1 0 0 0 0 0 0 0 1 
1 0 0 0 0 1 0 0 0 
0 0 1 0 0 1 0 0 0 
0 0 0 0 0 1 1 0 0 
1 0 0 0 0 0 0 1 0 
1 0 0 0 0 0 1 0 0 
0 1 0 0 0 0 1 0 0 
0 0 1 0 0 0 1 0 0 
0 0 0 1 0 0 1 0 0 
0 0 0 0 1 0 1 0 0 
0 0 0 0 0 1 1 0 0 
0 0 0 0 0 0 1 1 0 
0 0 0 0 0 0 1 0 1 
0 0 0 0 1 0 1 0 0 
0 0 0 0 0 1 1 0 0 
0 0 0 0 0 0 1 0 1 
1 0 1 0 0 0 0 0 0 
1 0 0 0 0 0 1 0 0 
1 0 0 0 0 0 0 1 0 
1 0 0 0 0 0 0 0 1 
0 0 0 1 0 0 1 0 0 
0 1 0 0 0 0 1 0 0 
1 0 0 0 0 1 0 0 0 
1 0 0 0 0 0 0 0 1 
0 0 0 1 0 0 1 0 0 
1 0 1 0 0 0 0 0 0 
0 1 1 0 0 0 0 0 0 
0 0 1 1 0 0 0 0 0 
0 0 1 0 1 0 0 0 0 
0 0 1 0 0 1 0 0 0 
0 0 1 0 0 0 1 0 0 
0 0 1 0 0 0 0 1 0 
0 0 1 0 0 0 0 0 1 
0 0 1 0 0 1 0 0 0 
0 0 1 0 0 0 0 0 1 
1 0 1 0 0 0 0 0 0 
1 0 0 0 0 0 1 0 0 
1 0 0 0 0 0 0 1 0 
1 0 0 0 0 0 0 0 1 
0 0 1 1 0 0 0 0 0 
0 0 1 0 1 0 0 0 0 
1 1 0 0 0 0 0 0 0 
0 1 1 0 0 0 0 0 0 
1 0 0 0 0 0 0 0 1 
0 0 1 1 0 0 0 0 0 
0 0 1 0 0 1 0 0 0 
0 0 0 0 0 1 1 0 0 
0 0 1 0 1 0 0 0 0 
1 1 0 0 0 0 0 0 0 
1 0 0 0 0 0 0 1 0 
0 1 1 0 0 0 0 0 0 
0 1 0 1 0 0 0 0 0 
0 1 0 0 1 0 0 0 0 
0 1 0 0 0 1 0 0 0 
0 1 0 0 0 0 1 0 0 
0 1 0 0 0 0 0 1 0 
0 1 0 0 0 0 0 0 1 
0 0 1 0 0 0 0 1 0 
0 1 0 1 0 0 0 0 0 
0 1 0 0 0 0 0 0 1 
1 0 0 0 0 0 0 1 0 
0 1 0 0 1 0 0 0 0 
0 1 0 0 0 1 0 0 0 
0 1 0 0 0 0 0 1 0 
0 0 1 0 0 1 0 0 0 
0 0 0 0 0 1 1 0 0 
1 0 0 0 0 0 0 0 1 
0 1 0 0 0 0 0 0 1 
0 0 1 0 0 0 0 0 1 
0 0 0 0 0 0 1 0 1 
0 0 0 0 0 0 0 1 1 
0 1 0 0 0 1 0 0 0 
0 0 1 0 0 1 0 0 0 
0 0 0 0 0 1 1 0 0 
0 1 0 0 1 0 0 0 0 
0 1 0 1 0 0 0 0 0 
1 0 0 0 0 0 0 0 1 
0 1 0 0 0 0 0 0 1 
0 0 1 0 0 0 0 0 1 
0 0 0 0 0 0 1 0 1 
0 0 0 0 0 0 0 1 1 
0 0 0 0 0 1 0 0 1 
0 1 0 1 0 0 0 0 0 
0 0 1 1 0 0 0 0 0 
1 0 0 0 0 0 0 1 0 
0 1 0 0 0 0 0 1 0 
0 0 1 0 0 0 0 1 0 
0 0 0 0 0 0 1 1 0 
0 0 0 0 0 0 0 1 1 
0 1 0 0 0 1 0 0 0 
0 0 0 0 0 1 0 0 1 
0 1 0 0 1 0 0 0 0 
0 0 0 0 1 0 0 0 1 
1 0 0 0 0 0 0 1 0 
0 1 1 0 0 0 0 0 0 
0 1 0 1 0 0 0 0 0 
0 0 1 0 0 0 0 1 0 
0 0 1 0 0 0 0 0 1 
0 0 0 1 0 0 0 0 1 
1 0 0 0 0 0 1 0 0 
1 0 0 0 0 0 0 1 0 
1 0 0 0 0 0 0 0 1 
0 1 0 0 0 0 1 0 0 
0 0 1 0 0 0 1 0 0 
0 0 0 1 0 0 1 0 0 
0 0 0 0 1 0 1 0 0 
0 0 0 0 0 1 1 0 0 
0 0 0 0 0 0 1 1 0 
0 0 0 0 0 0 1 0 1 
1 0 0 0 0 0 0 0 1 
0 0 1 0 0 0 0 0 1 
0 0 0 0 1 0 0 0 1 
0 0 0 0 0 0 1 0 1 
0 0 0 0 0 0 0 1 1 
0 0 0 0 0 1 1 0 0 
0 1 1 0 0 0 0 0 0 
1 1 0 0 0 0 0 0 0 
0 1 0 1 0 0 0 0 0 
0 1 0 0 1 0 0 0 0 
0 1 0 0 0 1 0 0 0 
0 1 0 0 0 0 1 0 0 
0 1 0 0 0 0 0 1 0 
0 1 0 0 0 0 0 0 1 
0 1 0 0 0 0 0 0 1 
0 1 0 0 1 0 0 0 0 
0 1 0 0 0 1 0 0 0 
0 0 0 0 1 0 1 0 0 
1 1 0 0 0 0 0 0 0 
1 0 0 0 0 0 1 0 0 
0 1 1 0 0 0 0 0 0 
0 1 0 1 0 0 0 0 0 
0 1 0 0 0 0 0 1 0 
0 0 0 0 1 0 0 0 1 
0 0 0 0 0 0 1 0 1 
1 0 1 0 0 0 0 0 0 
0 1 0 0 1 0 0 0 0 
0 1 0 1 0 0 0 0 0 
0 0 0 1 0 0 0 1 0 
0 0 0 1 0 1 0 0 0 
0 0 0 0 1 1 0 0 0 
0 1 0 0 0 0 0 0 1 
0 0 0 0 0 1 0 0 1 
0 0 0 0 0 0 1 0 1 
0 0 0 0 0 0 0 1 1 
0 0 1 1 0 0 0 0 0 
0 0 0 0 0 0 1 0 1 
0 0 0 0 1 1 0 0 0 
1 0 0 0 0 0 0 1 0 
0 1 0 0 0 0 0 1 0 
0 0 0 0 0 1 0 1 0 
0 0 0 0 0 0 1 1 0 
0 0 0 0 0 0 0 1 1 
0 0 0 0 1 1 0 0 0 
0 0 0 0 0 0 1 1 0 
0 0 0 0 1 1 0 0 0 
0 1 1 0 0 0 0 0 0 
0 0 1 0 0 1 0 0 0 
1 0 0 1 0 0 0 0 0 
1 0 0 0 1 0 0 0 0 
0 0 0 0 1 1 0 0 0 
1 1 1 1 1 1 1 1 1 
;
TIMETABLE BEST: 
0.0 0.0 0.0 0.0 0.0 0.0 0.0 0.0 0.0 
14 14 0 0 0 0 0 0 0 
17 14 17 0 0 0 0 0 0 
17 17 17 0 0 0 0 0 0 
18 17 17 18 0 0 0 0 0 
18 18 17 18 0 0 0 0 0 
18 18 18 18 0 0 0 0 0 
24 18 18 18 24 0 0 0 0 
24 18 18 18 24 24 0 0 0 
24 24 18 18 24 24 0 0 0 
24 24 18 18 24 24 0 0 0 
24 24 24 18 24 24 0 0 0 
24 24 24 18 24 24 0 0 0 
24 24 24 24 24 24 0 0 0 
24 24 24 24 24 24 0 0 0 
24 24 24 24 24 24 0 0 0 
26 24 24 24 24 24 26 0 0 
26 26 24 24 24 24 26 0 0 
26 26 26 24 24 24 26 0 0 
26 26 26 26 24 24 26 0 0 
26 26 26 26 26 24 26 0 0 
26 26 26 26 26 26 26 0 0 
33 26 26 26 26 26 26 33 0 
33 33 26 26 26 26 26 33 0 
33 33 33 26 26 26 26 33 0 
33 33 33 33 26 26 26 33 0 
33 33 33 33 33 26 26 33 0 
33 33 33 33 33 33 26 33 0 
33 33 33 33 33 33 33 33 0 
36 33 33 33 33 33 33 33 36 
36 36 33 33 33 33 33 33 36 
36 36 36 33 33 33 33 33 36 
36 36 36 36 33 33 33 33 36 
36 36 36 36 36 33 33 33 36 
36 36 36 36 36 36 33 33 36 
36 36 36 36 36 36 36 33 36 
36 36 36 36 36 36 36 36 36 
49 36 36 36 36 36 49 36 36 
49 49 36 36 36 36 49 36 36 
49 49 49 36 36 36 49 36 36 
49 49 49 49 36 36 49 36 36 
49 49 49 49 49 36 49 36 36 
49 49 49 49 49 49 49 36 36 
49 49 49 49 49 49 49 49 36 
54 49 49 49 49 49 49 49 54 
54 54 49 49 49 49 49 49 54 
54 54 54 49 49 49 49 49 54 
54 54 54 54 49 49 49 49 54 
54 54 54 54 54 49 49 49 54 
54 54 54 54 54 54 49 49 54 
54 54 54 54 54 54 49 54 54 
60 54 54 54 54 54 60 54 54 
60 60 54 54 54 54 60 54 54 
60 60 60 54 54 54 60 54 54 
60 60 60 54 60 54 60 54 54 
60 60 60 54 60 60 60 54 54 
60 60 60 54 60 60 60 60 54 
60 60 66 54 60 60 60 60 66 
60 60 66 66 60 60 60 60 66 
60 60 66 66 60 60 60 66 66 
60 71 66 66 60 60 71 66 66 
78 71 66 66 60 60 71 66 78 
78 71 66 66 60 60 71 78 78 
78 82 66 66 60 60 82 78 78 
78 82 66 66 82 60 82 78 78 
86 82 66 66 82 86 82 78 78 
86 86 66 66 82 86 82 78 78 
86 86 86 66 82 86 82 78 78 
86 86 86 86 82 86 82 78 78 
86 86 86 86 86 86 82 78 78 
86 86 86 86 86 86 86 78 78 
86 86 86 86 86 86 86 86 78 
86 86 86 86 86 86 86 94 94 
86 95 86 86 86 95 86 94 94 
86 95 98 86 86 98 86 94 94 
86 95 98 86 99 99 86 94 94 
103 95 98 86 99 99 103 94 94 
103 103 98 86 99 99 103 94 94 
103 103 103 86 99 99 103 94 94 
103 103 103 103 99 99 103 94 94 
103 103 103 103 103 99 103 94 94 
103 103 103 103 103 103 103 94 94 
103 103 103 103 103 103 103 103 94 
103 112 103 103 103 103 112 103 94 
103 112 103 103 103 103 112 112 112 
103 112 103 103 103 115 115 112 112 
103 112 103 103 116 115 116 112 112 
123 112 103 103 116 115 116 112 123 
127 112 127 103 116 115 116 112 123 
127 112 127 103 116 115 127 112 123 
127 127 127 103 116 115 127 112 123 
127 127 127 103 116 115 127 112 123 
127 127 127 127 116 115 127 112 123 
127 127 127 127 127 115 127 112 123 
127 127 127 127 127 127 127 112 123 
127 127 127 127 127 127 127 112 123 
127 127 127 127 127 127 127 127 123 
127 127 127 127 127 127 127 127 127 
127 127 127 127 127 127 127 127 127 
127 127 127 127 127 127 127 127 127 
127 127 127 127 127 127 127 127 127 
127 127 127 127 127 127 127 127 127 
127 138 138 127 127 127 127 127 127 
127 138 138 127 127 127 138 127 127 
127 138 138 127 127 127 138 127 138 
127 138 138 127 127 127 138 127 138 
127 138 139 127 127 139 138 127 138 
127 138 139 127 127 139 139 127 138 
127 138 140 127 140 139 139 127 138 
127 138 140 127 140 139 140 127 138 
127 138 142 127 140 139 140 142 138 
127 138 142 127 140 139 142 142 138 
145 145 142 127 140 139 142 142 138 
145 145 145 127 140 139 142 142 138 
145 145 145 127 140 145 142 142 138 
145 145 145 127 140 145 145 142 138 
145 145 145 127 140 145 145 142 145 
145 145 151 151 140 145 145 142 145 
145 145 151 151 140 145 151 142 145 
145 145 152 151 152 145 151 142 145 
145 145 152 151 152 145 152 142 145 
156 145 152 151 152 145 152 142 156 
158 145 152 151 152 158 152 142 156 
158 145 158 151 152 158 152 142 156 
158 145 158 151 152 158 158 142 156 
161 145 158 151 152 158 158 161 156 
171 145 158 151 152 158 171 161 156 
171 171 158 151 152 158 171 161 156 
171 171 171 151 152 158 171 161 156 
171 171 171 171 152 158 171 161 156 
171 171 171 171 171 158 171 161 156 
171 171 171 171 171 171 171 161 156 
171 171 171 171 171 171 171 171 156 
171 171 171 171 171 171 171 171 171 
171 171 171 171 180 171 180 171 171 
171 171 171 171 180 182 182 171 171 
171 171 171 171 180 182 182 171 182 
183 171 183 171 180 182 182 171 182 
183 171 183 171 180 182 183 171 182 
183 171 183 171 180 182 183 183 182 
183 171 183 171 180 182 183 183 183 
183 171 183 183 180 182 183 183 183 
183 186 183 183 180 182 186 183 183 
193 186 183 183 180 193 186 183 183 
194 186 183 183 180 193 186 183 194 
194 186 183 195 180 193 195 183 194 
197 186 197 195 180 193 195 183 194 
197 197 197 195 180 193 195 183 194 
197 197 197 197 180 193 195 183 194 
197 197 197 197 197 193 195 183 194 
197 197 197 197 197 197 195 183 194 
197 197 197 197 197 197 197 183 194 
197 197 197 197 197 197 197 197 194 
197 197 197 197 197 197 197 197 197 
197 197 208 197 197 208 197 197 197 
197 197 208 197 197 208 197 197 208 
209 197 209 197 197 208 197 197 208 
209 197 209 197 197 208 209 197 208 
209 197 209 197 197 208 209 209 208 
209 197 209 197 197 208 209 209 209 
209 197 209 209 197 208 209 209 209 
209 197 211 209 211 208 209 209 209 
212 212 211 209 211 208 209 209 209 
212 212 212 209 211 208 209 209 209 
220 212 212 209 211 208 209 209 220 
220 212 220 220 211 208 209 209 220 
220 212 221 220 211 221 209 209 220 
220 212 221 220 211 221 221 209 220 
220 212 225 220 225 221 221 209 220 
227 227 225 220 225 221 221 209 220 
227 227 225 220 225 221 221 227 220 
227 227 227 220 225 221 221 227 220 
227 227 227 227 225 221 221 227 220 
227 227 227 227 227 221 221 227 220 
227 227 227 227 227 227 221 227 220 
227 227 227 227 227 227 227 227 220 
227 227 227 227 227 227 227 227 220 
227 227 227 227 227 227 227 227 227 
227 227 227 227 227 227 227 227 227 
227 238 227 238 227 227 227 227 227 
227 238 227 238 227 227 227 227 238 
239 238 227 238 227 227 227 239 238 
239 239 227 238 239 227 227 239 238 
239 239 227 238 239 239 227 239 238 
239 239 227 238 239 239 227 239 238 
239 239 239 238 239 239 227 239 238 
239 239 239 238 239 239 239 239 238 
249 239 239 238 239 239 239 239 249 
249 249 239 238 239 239 239 239 249 
249 249 249 238 239 239 239 239 249 
249 249 249 238 239 239 249 239 249 
249 249 249 238 239 239 249 249 249 
249 250 249 238 239 250 249 249 249 
249 250 250 238 239 250 249 249 249 
249 250 250 238 239 250 250 249 249 
249 251 250 238 251 250 250 249 249 
249 252 250 252 251 250 250 249 249 
259 252 250 252 251 250 250 249 259 
259 259 250 252 251 250 250 249 259 
259 259 259 252 251 250 250 249 259 
259 259 259 252 251 250 259 249 259 
259 259 259 252 251 250 259 259 259 
259 259 259 252 251 263 259 259 263 
259 270 259 270 251 263 259 259 263 
259 270 270 270 251 263 259 259 263 
271 270 270 270 251 263 259 271 263 
271 271 270 270 251 263 259 271 263 
271 271 271 270 251 263 259 271 263 
271 271 271 270 251 263 271 271 263 
271 271 271 270 251 263 271 271 271 
271 276 271 270 251 276 271 271 271 
271 276 271 270 251 276 271 271 276 
271 281 271 270 281 276 271 271 276 
271 281 271 270 281 276 271 271 281 
283 281 271 270 281 276 271 283 281 
283 285 285 270 281 276 271 283 281 
283 285 285 285 281 276 271 283 281 
283 285 285 285 281 276 271 285 281 
283 285 285 285 281 276 271 285 285 
283 285 285 285 281 276 271 285 285 
295 285 285 285 281 276 295 285 285 
295 285 285 285 281 276 295 295 285 
295 285 285 285 281 276 295 295 295 
295 295 285 285 281 276 295 295 295 
295 295 295 285 281 276 295 295 295 
295 295 295 295 281 276 295 295 295 
295 295 295 295 295 276 295 295 295 
295 295 295 295 295 295 295 295 295 
295 295 295 295 295 295 295 295 295 
295 295 295 295 295 295 295 295 295 
305 295 295 295 295 295 295 295 305 
305 295 305 295 295 295 295 295 305 
305 295 305 295 305 295 295 295 305 
305 295 305 295 305 295 305 295 305 
305 295 305 295 305 295 305 305 305 
305 295 305 295 305 306 306 305 305 
305 313 313 295 305 306 306 305 305 
313 313 313 295 305 306 306 305 305 
313 313 313 313 305 306 306 305 305 
313 313 313 313 313 306 306 305 305 
313 313 313 313 313 313 306 305 305 
313 313 313 313 313 313 313 305 305 
313 313 313 313 313 313 313 313 305 
313 313 313 313 313 313 313 313 313 
313 323 313 313 313 313 313 313 323 
313 324 313 313 324 313 313 313 323 
313 324 313 313 324 324 313 313 323 
313 324 313 313 324 324 324 313 323 
325 325 313 313 324 324 324 313 323 
325 325 313 313 324 324 325 313 323 
325 328 328 313 324 324 325 313 323 
325 328 328 328 324 324 325 313 323 
325 329 328 328 324 324 325 329 323 
325 329 328 328 333 324 325 329 333 
325 329 328 328 333 324 338 329 338 
341 329 341 328 333 324 338 329 338 
341 346 341 328 346 324 338 329 338 
341 347 341 347 346 324 338 329 338 
341 347 341 347 346 324 338 347 338 
341 347 341 348 346 348 338 347 338 
341 347 341 348 348 348 338 347 338 
341 349 341 348 348 348 338 347 349 
341 349 341 348 348 349 338 347 349 
341 349 341 348 348 349 349 347 349 
341 349 341 348 348 349 349 349 349 
341 349 354 354 348 349 349 349 349 
341 349 354 354 348 349 359 349 359 
341 349 354 354 360 360 359 349 359 
367 349 354 354 360 360 359 367 359 
367 367 354 354 360 360 359 367 359 
367 367 354 354 360 367 359 367 359 
367 367 354 354 360 367 367 367 359 
367 367 354 354 360 367 367 367 367 
367 367 354 354 371 371 367 367 367 
367 367 354 354 371 371 377 377 367 
367 367 354 354 384 384 377 377 367 
367 389 389 354 384 384 377 377 367 
367 389 389 354 384 389 377 377 367 
393 389 389 393 384 389 377 377 367 
396 389 389 393 396 389 377 377 367 
396 389 389 393 396 396 377 377 367 
467.0 460.0 413.0 410.0 420.0 479.0 473.0 469.0 468.0 
;
EXECUTION TIME HBSS: 7266.94256592 seconds 

-------------------------------------------------------------------
