DATFILE : bwopen0_5r_500.dat
ENVIRONMENT : bwopen
ALGORITHM : HBSS - TAU 4
RANGE : 500
STARTING_POS : 0
N_ROBOTS : 5
GREEDY SOLUTION : 977.0
COMPUTATIONS T :
998.0
1018.0
977.0
967.0
970.0
996.0
1052.0
996.0
943.0
954.0
990.0
1007.0
1024.0
946.0
1042.0
974.0
1031.0
1036.0
960.0
998.0
948.0
1017.0
1001.0
927.0
973.0
1005.0
1059.0
1000.0
963.0
997.0
903.0
993.0
980.0
993.0
948.0
997.0
933.0
1022.0
1002.0
1061.0
1046.0
1028.0
969.0
968.0
958.0
1028.0
958.0
1003.0
949.0
1102.0
1106.0
1008.0
1014.0
1016.0
1030.0
971.0
962.0
1063.0
952.0
1001.0
946.0
1014.0
1024.0
988.0
1035.0
943.0
1017.0
969.0
1034.0
974.0
1019.0
963.0
931.0
1003.0
1016.0
990.0
965.0
1026.0
968.0
983.0
891.0
999.0
985.0
1021.0
946.0
1007.0
1015.0
985.0
1042.0
976.0
1012.0
957.0
1020.0
1027.0
955.0
947.0
972.0
957.0
1026.0
1065.0
1017.0
1005.0
998.0
964.0
1017.0
1001.0
1009.0
1041.0
912.0
1007.0
1040.0
998.0
994.0
976.0
1023.0
985.0
995.0
976.0
1008.0
1037.0
926.0
986.0
1045.0
1011.0
1030.0
991.0
1024.0
963.0
986.0
996.0
955.0
1005.0
1000.0
956.0
958.0
1014.0
977.0
1005.0
957.0
974.0
995.0
1032.0
966.0
994.0
996.0
944.0
1060.0
991.0
995.0
973.0
977.0
1019.0
942.0
973.0
943.0
1022.0
1008.0
983.0
962.0
949.0
997.0
967.0
938.0
975.0
978.0
1056.0
969.0
983.0
976.0
1021.0
1030.0
954.0
972.0
941.0
996.0
970.0
1012.0
980.0
993.0
989.0
952.0
1015.0
975.0
975.0
971.0
1007.0
1029.0
996.0
1000.0
875.0
976.0
911.0
1028.0
985.0
898.0
991.0
1030.0
1013.0
971.0
1066.0
;
HBBS bestT : 875.0
BEST_CONFIGURATIONS : 
0 0 0 0 0 
0 4 0 0 0 
0 4 0 0 26 
0 4 0 0 26 
0 4 0 1 26 
0 4 0 1 26 
0 4 0 1 26 
0 4 0 1 5 
0 4 0 1 5 
0 4 0 1 5 
0 4 26 1 5 
0 22 26 1 5 
0 22 26 1 5 
0 22 26 1 5 
0 22 26 1 5 
0 22 4 1 5 
0 22 4 27 5 
0 22 4 27 5 
0 22 4 27 5 
0 22 4 27 5 
0 22 4 27 26 
0 8 4 27 26 
0 8 22 27 26 
0 8 22 27 26 
0 8 22 27 26 
0 8 22 27 5 
4 8 22 27 5 
4 8 22 9 5 
4 8 22 9 5 
4 8 5 9 5 
4 8 5 9 26 
22 8 5 9 26 
22 13 5 9 26 
22 13 5 9 26 
22 13 5 9 26 
22 13 5 9 26 
22 17 5 9 26 
22 17 5 9 26 
22 17 5 9 26 
22 17 5 9 4 
22 17 26 9 4 
8 17 26 9 4 
8 17 26 10 4 
8 17 26 10 4 
8 17 26 10 0 
8 17 26 10 0 
8 17 26 10 0 
8 17 5 10 0 
8 13 5 10 0 
8 13 5 10 0 
8 13 5 10 0 
8 13 22 10 0 
8 25 22 10 0 
8 25 22 10 0 
8 25 22 10 0 
8 25 22 10 0 
8 25 22 15 0 
8 25 26 15 0 
8 25 26 15 0 
8 25 26 15 0 
8 25 26 15 4 
8 25 26 15 4 
8 25 5 15 4 
8 25 5 15 4 
22 25 5 15 4 
22 17 5 15 4 
8 17 1 15 4 
8 17 1 15 4 
8 17 1 15 13 
8 17 1 15 13 
8 17 1 15 13 
4 13 1 15 13 
4 13 1 10 13 
4 13 1 10 13 
4 13 1 10 25 
4 13 1 10 25 
4 13 1 24 25 
4 13 1 24 25 
4 13 1 24 25 
4 13 1 24 25 
26 13 1 24 25 
26 17 1 24 25 
26 17 1 24 25 
26 17 27 24 25 
26 17 27 24 25 
26 17 27 24 25 
5 17 27 24 25 
5 13 27 24 25 
5 13 27 24 18 
5 13 27 24 18 
5 13 27 24 18 
5 13 27 24 18 
26 13 27 24 18 
26 17 27 24 18 
26 17 27 6 18 
26 17 27 6 18 
5 17 27 6 18 
5 17 27 6 14 
5 13 27 6 14 
5 13 27 6 14 
5 13 27 6 14 
26 13 27 6 14 
26 17 27 6 14 
26 17 27 21 14 
26 17 27 21 14 
5 17 27 21 14 
5 25 27 21 14 
5 25 9 21 14 
5 25 9 21 14 
5 25 9 21 14 
22 25 9 21 14 
22 25 9 6 14 
22 25 9 6 14 
22 25 9 6 14 
22 25 9 6 18 
22 25 9 6 18 
22 25 9 6 18 
22 25 9 6 18 
4 25 9 6 18 
4 25 9 6 14 
4 18 9 6 14 
4 18 9 6 14 
4 18 10 6 14 
4 18 10 6 14 
4 18 10 6 14 
4 14 15 6 14 
4 14 15 6 14 
4 14 15 6 18 
0 14 15 6 18 
0 14 15 6 18 
0 14 15 21 18 
0 9 15 21 18 
0 9 15 21 18 
0 9 15 21 19 
0 9 15 21 19 
0 9 15 21 19 
0 9 10 21 19 
0 9 10 21 19 
0 9 10 21 19 
1 9 10 21 19 
1 9 10 21 19 
1 9 24 21 19 
1 9 24 21 20 
1 9 24 21 20 
1 9 24 21 20 
1 9 24 21 20 
27 9 24 21 20 
27 9 24 21 20 
27 9 24 3 20 
27 9 24 3 20 
27 9 24 3 20 
27 9 24 3 20 
27 9 24 3 23 
27 9 24 3 23 
27 9 24 3 23 
1 9 24 3 23 
1 9 6 3 23 
1 9 6 3 16 
1 9 6 3 16 
1 9 6 3 16 
1 9 6 3 16 
1 9 6 3 12 
1 9 6 3 12 
1 9 6 3 12 
27 9 6 3 12 
27 9 21 3 12 
27 9 21 3 12 
27 10 21 3 12 
27 10 21 3 12 
27 10 21 3 12 
27 10 7 3 12 
27 10 7 3 12 
27 10 7 3 12 
27 10 7 3 12 
27 15 7 3 12 
27 15 7 3 12 
27 15 7 3 16 
27 15 7 3 16 
27 15 7 3 16 
27 10 7 3 16 
27 10 7 21 16 
27 10 7 21 16 
9 10 7 21 16 
9 10 7 21 23 
9 10 7 21 23 
9 10 7 21 23 
24 10 7 21 23 
24 10 7 21 23 
24 10 7 21 20 
24 10 7 21 20 
24 10 7 6 20 
24 10 7 6 23 
24 10 7 6 23 
24 15 7 6 23 
24 15 7 6 23 
24 15 7 6 20 
24 15 21 6 20 
24 15 21 6 20 
10 15 21 6 20 
10 15 6 6 19 
10 15 6 24 19 
24 14 6 24 19 
24 14 6 24 19 
24 18 6 24 19 
6 18 11 24 19 
6 18 11 24 19 
6 18 11 9 19 
6 18 11 9 19 
21 18 11 9 19 
21 14 11 9 19 
21 14 11 9 20 
21 14 11 9 20 
21 14 11 10 20 
21 14 11 10 23 
21 14 11 10 23 
3 14 11 10 23 
3 14 11 15 23 
3 14 11 15 16 
3 14 11 15 16 
7 14 11 15 16 
7 14 11 15 12 
7 14 11 15 12 
7 25 11 15 12 
12 25 11 15 16 
12 25 24 15 16 
12 25 24 15 16 
12 13 24 19 16 
12 13 24 19 16 
12 13 24 19 16 
12 13 24 19 23 
12 17 24 19 23 
12 17 24 19 23 
12 17 2 19 23 
12 17 2 19 23 
12 17 2 19 20 
12 17 2 19 20 
12 25 2 19 20 
16 25 2 19 20 
16 25 2 19 20 
16 25 27 19 20 
16 25 27 19 23 
16 18 27 19 23 
16 18 27 20 23 
16 18 27 20 23 
16 18 1 20 23 
16 14 1 20 23 
11 14 1 20 23 
11 14 1 19 7 
11 14 27 19 7 
11 5 27 19 7 
11 5 27 19 7 
11 26 27 19 7 
11 26 2 19 7 
11 26 2 19 7 
11 26 2 19 6 
11 5 2 19 6 
11 5 2 15 6 
11 5 2 15 21 
24 5 2 15 21 
24 22 2 15 21 
24 22 2 15 21 
24 22 2 10 21 
24 22 2 10 3 
24 8 2 10 3 
24 8 2 10 3 
24 8 2 14 3 
24 8 2 14 3 
24 8 2 14 7 
6 8 2 14 7 
6 8 2 18 7 
11 22 2 18 7 
11 22 24 18 11 
11 22 24 19 11 
11 8 24 19 11 
9 8 2 19 11 
9 4 2 19 11 
27 4 2 19 11 
27 0 2 19 11 
27 0 2 19 24 
1 0 2 19 24 
27 1 2 19 24 
0 0 0 0 0 
;
ROBOT MOVING BEST:
0 0 0 0 0 
1 1 0 0 0 
0 0 1 0 1 
0 1 0 0 1 
1 0 0 1 0 
0 1 0 1 0 
0 0 0 1 1 
1 0 0 0 1 
0 1 0 0 1 
0 0 0 1 1 
0 0 1 0 1 
1 1 0 0 0 
0 1 1 0 0 
0 1 0 1 0 
0 1 0 0 1 
0 1 1 0 0 
1 0 0 1 0 
0 1 0 1 0 
0 0 1 1 0 
0 0 0 1 1 
0 0 0 1 1 
1 1 0 0 0 
0 1 1 0 0 
0 1 0 1 0 
0 1 0 0 1 
0 1 0 0 1 
1 1 0 0 0 
1 0 0 1 0 
0 1 0 1 0 
0 0 1 1 0 
0 0 0 1 1 
1 0 0 1 0 
1 1 0 0 0 
0 1 1 0 0 
0 1 0 1 0 
0 1 0 0 1 
1 1 0 0 0 
0 1 1 0 0 
0 1 0 1 0 
0 1 0 0 1 
0 1 1 0 0 
1 1 0 0 0 
1 0 0 1 0 
0 1 0 1 0 
0 1 0 0 1 
0 0 1 1 0 
0 0 0 1 1 
0 0 1 1 0 
1 1 0 0 0 
0 1 0 1 0 
0 1 0 0 1 
0 0 1 1 0 
1 1 0 0 0 
0 1 1 0 0 
0 1 0 1 0 
0 1 0 0 1 
1 0 0 1 0 
0 1 1 0 0 
0 1 0 1 0 
0 0 1 1 0 
0 1 0 0 1 
0 0 0 1 1 
0 1 1 0 0 
0 0 1 1 0 
1 0 0 1 0 
0 1 0 1 0 
1 0 1 0 0 
0 0 1 1 0 
0 1 0 0 1 
0 0 1 0 1 
0 0 0 1 1 
1 1 0 0 0 
1 0 0 1 0 
0 0 1 1 0 
0 1 0 0 1 
0 0 1 0 1 
1 0 0 1 0 
0 1 0 1 0 
0 0 1 1 0 
0 0 0 1 1 
1 0 0 1 0 
0 1 0 1 0 
0 1 0 0 1 
0 1 1 0 0 
0 0 1 1 0 
0 0 1 0 1 
1 0 0 1 0 
0 1 1 0 0 
1 0 0 0 1 
0 1 0 0 1 
0 0 1 0 1 
0 0 0 1 1 
1 0 0 0 1 
0 1 0 0 1 
1 0 0 1 0 
0 0 1 1 0 
1 0 0 1 0 
1 0 0 0 1 
0 1 0 0 1 
0 0 1 0 1 
0 0 0 1 1 
1 0 0 0 1 
0 1 0 0 1 
0 0 0 1 1 
0 0 1 1 0 
1 0 0 1 0 
0 1 0 0 1 
0 1 1 0 0 
0 0 1 1 0 
0 0 1 0 1 
1 0 0 0 1 
1 0 0 1 0 
0 1 0 1 0 
0 0 1 1 0 
1 0 0 0 1 
0 1 0 0 1 
0 0 1 0 1 
0 0 0 1 1 
1 0 0 1 0 
1 0 0 0 1 
1 1 0 0 0 
0 1 0 0 1 
0 1 1 0 0 
0 0 1 1 0 
0 0 1 0 1 
0 1 1 0 0 
0 0 1 1 0 
0 0 1 0 1 
1 1 0 0 0 
1 0 0 1 0 
0 0 1 1 0 
1 1 0 0 0 
0 1 1 0 0 
0 1 0 0 1 
0 0 1 0 1 
0 0 0 1 1 
0 1 1 0 0 
0 0 1 1 0 
0 0 1 0 1 
1 1 0 0 0 
1 0 0 1 0 
0 1 1 0 0 
0 1 0 0 1 
0 0 1 1 0 
0 0 0 1 1 
0 0 1 0 1 
1 1 0 0 0 
1 0 0 0 1 
1 0 0 1 0 
0 1 0 1 0 
0 0 1 1 0 
0 0 0 1 1 
0 1 0 0 1 
0 0 1 0 1 
0 0 0 1 1 
1 0 0 1 0 
0 0 1 1 0 
0 0 1 0 1 
1 0 1 0 0 
0 1 0 0 1 
0 0 0 1 1 
0 1 0 0 1 
0 0 0 1 1 
0 0 1 0 1 
1 0 0 0 1 
0 0 1 1 0 
0 0 1 0 1 
1 1 0 0 0 
0 1 0 1 0 
0 1 0 0 1 
1 0 1 0 0 
0 1 1 0 0 
0 0 1 1 0 
0 0 1 0 1 
1 1 0 0 0 
0 1 1 0 0 
0 0 1 0 1 
0 1 0 1 0 
0 1 0 0 1 
0 1 0 0 1 
0 0 1 1 0 
0 0 0 1 1 
1 0 1 0 0 
0 1 0 0 1 
0 0 1 0 1 
0 0 0 1 1 
1 0 1 0 0 
1 1 0 0 0 
0 1 0 0 1 
0 0 1 0 1 
1 0 0 1 0 
0 0 0 1 1 
0 0 1 1 0 
1 1 0 0 0 
0 1 0 0 1 
0 1 0 0 1 
0 0 1 1 0 
0 0 0 1 1 
1 1 0 0 0 
0 0 1 0 1 
0 0 0 1 1 
1 1 0 0 0 
0 1 0 0 1 
0 1 0 0 1 
1 0 1 0 0 
0 1 1 0 0 
0 0 1 1 0 
0 0 1 0 1 
1 0 1 0 0 
0 1 1 0 0 
0 1 0 0 1 
0 0 1 0 1 
0 0 1 1 0 
0 1 0 0 1 
0 0 1 0 1 
1 0 1 0 0 
0 0 1 1 0 
0 1 0 0 1 
0 0 1 0 1 
1 0 1 0 0 
0 0 1 0 1 
0 0 0 1 1 
0 1 1 0 0 
1 0 0 0 1 
1 0 1 0 0 
0 0 1 0 1 
0 1 0 1 0 
1 0 0 1 0 
0 0 0 1 1 
1 0 0 0 1 
0 1 0 1 0 
0 0 0 1 1 
0 0 1 1 0 
1 0 1 0 0 
1 0 0 0 1 
0 0 0 1 1 
0 1 0 1 0 
1 0 0 0 1 
0 1 0 0 1 
0 0 1 1 0 
1 0 0 0 1 
0 1 0 0 1 
0 1 0 1 0 
0 0 0 1 1 
0 1 1 0 0 
0 1 1 0 0 
1 0 1 0 0 
0 0 0 1 1 
1 0 1 0 0 
1 1 0 0 0 
0 1 0 1 0 
1 1 0 0 0 
1 0 1 0 0 
0 1 1 0 0 
0 0 1 0 1 
0 1 1 0 0 
0 0 1 1 0 
0 0 1 0 1 
1 0 1 0 0 
1 1 0 0 0 
0 1 1 0 0 
0 0 1 1 0 
0 0 1 0 1 
1 1 0 0 0 
0 1 1 0 0 
0 1 0 1 0 
0 0 1 1 0 
0 0 1 0 1 
1 1 0 0 0 
0 1 0 1 0 
1 1 0 0 0 
0 0 1 0 1 
0 1 0 1 0 
0 1 0 1 0 
1 0 1 0 0 
0 1 1 0 0 
1 0 1 0 0 
0 1 1 0 0 
0 1 0 0 1 
1 0 1 0 0 
1 1 0 0 0 
1 1 1 1 1 
;
TIMETABLE BEST: 
0.0 0.0 0.0 0.0 0.0 
14 14 0 0 0 
14 14 17 0 17 
14 17 17 0 17 
18 17 17 18 17 
18 18 17 18 17 
18 18 17 18 18 
27 18 17 18 27 
27 27 17 18 27 
27 27 17 27 27 
27 27 34 27 34 
39 39 34 27 34 
39 39 39 27 34 
39 39 39 39 34 
39 39 39 39 39 
39 50 50 39 39 
54 50 50 54 39 
54 54 50 54 39 
54 54 54 54 39 
54 54 54 54 54 
54 54 54 63 63 
66 66 54 63 63 
66 66 66 63 63 
66 66 66 66 63 
66 66 66 66 66 
66 75 66 66 75 
80 80 66 66 75 
81 80 66 81 75 
81 81 66 81 75 
81 81 81 81 75 
81 81 81 84 84 
93 81 81 93 84 
94 94 81 93 84 
94 94 94 93 84 
94 94 94 94 84 
94 94 94 94 94 
105 105 94 94 94 
105 105 105 94 94 
105 105 105 105 94 
105 105 105 105 105 
105 114 114 105 105 
117 117 114 105 105 
119 117 114 119 105 
119 119 114 119 105 
119 119 114 119 119 
119 119 119 119 119 
119 119 119 119 119 
119 119 128 128 119 
130 130 128 128 119 
130 130 128 130 119 
130 130 128 130 130 
130 130 140 140 130 
143 143 140 140 130 
143 143 143 140 130 
143 143 143 143 130 
143 143 143 143 143 
154 143 143 154 143 
154 154 154 154 143 
154 154 154 154 143 
154 154 154 154 143 
154 157 154 154 157 
154 157 154 157 157 
154 163 163 157 157 
154 163 163 163 157 
166 163 163 166 157 
166 175 163 175 157 
181 175 181 175 157 
181 175 181 181 157 
181 184 181 181 184 
181 184 184 181 184 
181 184 184 184 184 
195 195 184 184 184 
195 195 184 195 184 
195 195 195 195 184 
195 197 195 195 197 
195 197 197 195 197 
208 197 197 208 197 
208 208 197 208 197 
208 208 208 208 197 
208 208 208 208 208 
219 208 208 219 208 
219 219 208 219 208 
219 219 208 219 219 
219 223 223 219 219 
219 223 223 223 219 
219 223 223 223 223 
228 223 223 228 223 
228 234 234 228 223 
236 234 234 228 236 
236 236 234 228 236 
236 236 236 228 236 
236 236 236 236 236 
245 236 236 236 245 
245 247 236 236 247 
249 247 236 249 247 
249 247 249 249 247 
258 247 249 258 247 
258 247 249 258 258 
258 258 249 258 258 
258 258 258 258 258 
258 258 258 258 258 
267 258 258 258 267 
267 269 258 258 269 
267 269 258 270 270 
267 269 270 270 270 
276 269 270 276 270 
276 281 270 276 281 
276 285 285 276 281 
276 285 285 285 281 
276 285 285 285 285 
288 285 285 285 288 
297 285 285 297 288 
297 297 285 297 288 
297 297 297 297 288 
299 297 297 297 299 
299 299 297 297 299 
299 299 299 297 299 
299 299 299 299 299 
311 299 299 311 299 
311 299 299 311 311 
312 312 299 311 311 
312 312 299 311 312 
312 313 313 311 312 
312 313 313 313 312 
312 313 313 313 313 
312 324 324 313 313 
312 324 324 324 313 
312 324 324 324 324 
326 326 324 324 324 
326 326 324 326 324 
326 326 338 338 324 
342 342 338 338 324 
342 342 342 338 324 
342 344 342 338 344 
342 344 344 338 344 
342 344 344 344 344 
342 355 355 344 344 
342 355 355 355 344 
342 355 355 355 355 
360 360 355 355 355 
360 360 355 360 355 
360 368 368 360 355 
360 368 368 360 368 
360 368 368 368 368 
360 368 368 368 368 
360 368 368 368 368 
375 375 368 368 368 
375 375 368 368 375 
380 375 368 380 375 
380 380 368 380 375 
380 380 380 380 375 
380 380 380 380 380 
380 390 380 380 390 
380 390 390 380 390 
380 390 390 390 390 
395 390 390 395 390 
395 390 403 403 390 
395 390 403 403 403 
403 390 403 403 403 
403 403 403 403 403 
403 403 403 403 403 
403 414 403 403 414 
403 414 403 414 414 
403 414 414 414 414 
418 414 414 414 418 
418 414 426 426 418 
418 414 426 426 426 
428 428 426 426 426 
428 428 426 428 426 
428 428 426 428 428 
438 428 438 428 428 
438 438 438 428 428 
438 438 438 438 428 
438 438 438 438 438 
449 449 438 438 438 
449 449 449 438 438 
449 449 449 438 449 
449 449 449 449 449 
449 449 449 449 449 
449 460 449 449 460 
449 460 461 461 460 
449 460 461 461 461 
464 460 464 461 461 
464 472 464 461 472 
464 472 472 461 472 
464 472 472 472 472 
479 472 479 472 472 
479 479 479 472 472 
479 482 479 472 482 
479 482 482 472 482 
484 482 482 484 482 
484 482 482 492 492 
484 482 492 492 492 
493 493 492 492 492 
493 493 492 492 493 
493 503 492 492 503 
493 503 504 504 503 
493 503 504 504 504 
506 506 504 504 504 
506 506 517 504 517 
506 506 517 517 517 
519 519 517 517 517 
519 519 517 517 519 
519 530 517 517 530 
534 530 534 517 530 
534 534 534 517 530 
534 534 534 534 530 
534 534 534 534 534 
546 534 546 534 534 
546 546 546 534 534 
546 547 546 534 547 
546 547 547 534 547 
546 547 548 548 547 
546 557 548 548 557 
546 557 557 548 557 
558 557 558 548 557 
558 557 559 559 557 
558 568 559 559 568 
558 568 568 559 568 
574 568 574 559 568 
574 568 579 559 579 
574 568 579 579 579 
574 584 584 579 579 
592 584 584 579 592 
602 584 602 579 592 
602 584 602 579 602 
602 603 602 603 602 
603 603 602 603 602 
603 603 602 603 603 
614 603 602 603 614 
614 614 602 614 614 
614 614 602 614 614 
614 614 621 621 614 
621 614 621 621 614 
624 614 621 621 624 
624 614 621 624 624 
624 626 621 626 624 
635 626 621 626 635 
635 635 621 626 635 
635 635 640 640 635 
645 635 640 640 645 
645 648 640 640 648 
645 653 640 653 648 
645 653 640 653 653 
645 655 655 653 653 
645 666 666 653 653 
675 666 675 653 653 
675 666 675 689 689 
690 666 690 689 689 
696 696 690 689 689 
696 696 690 696 689 
705 705 690 696 689 
709 705 709 696 689 
709 709 709 696 689 
709 709 709 696 709 
709 718 718 696 709 
709 718 720 720 709 
709 718 721 720 721 
727 718 727 720 721 
730 730 727 720 721 
730 730 730 720 721 
730 730 731 731 721 
730 730 733 731 733 
742 742 733 731 733 
742 742 742 731 733 
742 749 742 749 733 
742 749 749 749 733 
742 749 749 749 749 
755 755 749 749 749 
755 760 749 760 749 
772 772 749 760 749 
772 772 774 760 774 
772 780 774 780 774 
772 792 774 792 774 
797 792 797 792 774 
797 806 806 792 774 
812 806 812 792 774 
812 820 820 792 774 
812 820 820 792 820 
827 820 827 792 820 
842 842 827 792 820 
875.0 860.0 863.0 875.0 875.0 
;
EXECUTION TIME HBSS: 1912.22864795 seconds 

-------------------------------------------------------------------
